angle,intensity
5.0,20.0
5.01,19.0
5.02,23.0
5.03,21.0
5.04,19.0
5.05,22.0
5.06,17.0
5.07,18.0
5.08,18.0
5.09,17.0
5.1,27.0
5.11,19.0
5.12,26.0
5.13,22.0
5.14,9.0
5.15,19.0
5.16,15.0
5.17,19.0
5.18,25.0
5.19,21.0
5.2,16.0
5.21,20.0
5.22,15.0
5.23,18.0
5.24,20.0
5.25,14.0
5.26,18.0
5.27,21.0
5.28,20.0
5.29,16.0
5.3,15.0
5.31,16.0
5.32,13.0
5.33,22.0
5.34,20.0
5.35,17.0
5.36,18.0
5.37,24.0
5.38,16.0
5.39,19.0
5.4,22.0
5.41,20.0
5.42,23.0
5.43,17.0
5.44,18.0
5.45,17.0
5.46,19.0
5.47,22.0
5.48,18.0
5.49,19.0
5.5,24.0
5.51,23.0
5.52,17.0
5.53,19.0
5.54,20.0
5.55,21.0
5.56,22.0
5.57,15.0
5.58,18.0
5.59,27.0
5.6,17.0
5.61,17.0
5.62,17.0
5.63,17.0
5.64,13.0
5.65,16.0
5.66,17.0
5.67,13.0
5.68,19.0
5.69,14.0
5.7,24.0
5.71,22.0
5.72,20.0
5.73,17.0
5.74,21.0
5.75,13.0
5.76,16.0
5.77,19.0
5.78,12.0
5.79,19.0
5.8,12.0
5.81,20.0
5.82,21.0
5.83,22.0
5.84,21.0
5.85,17.0
5.86,20.0
5.87,18.0
5.88,13.0
5.89,21.0
5.9,17.0
5.91,18.0
5.92,21.0
5.93,13.0
5.94,15.0
5.95,18.0
5.96,17.0
5.97,15.0
5.98,20.0
5.99,18.0
6.0,14.0
6.01,23.0
6.02,24.0
6.03,18.0
6.04,15.0
6.05,15.0
6.06,26.0
6.07,12.0
6.08,16.0
6.09,20.0
6.1,17.0
6.11,20.0
6.12,19.0
6.13,18.0
6.14,14.0
6.15,21.0
6.16,18.0
6.17,17.0
6.18,22.0
6.19,22.0
6.2,16.0
6.21,18.0
6.22,28.0
6.23,20.0
6.24,15.0
6.25,24.0
6.26,18.0
6.27,24.0
6.28,18.0
6.29,18.0
6.3,23.0
6.31,19.0
6.32,22.0
6.33,20.0
6.34,13.0
6.35,18.0
6.36,23.0
6.37,22.0
6.38,18.0
6.39,21.0
6.4,17.0
6.41,19.0
6.42,17.0
6.43,19.0
6.44,13.0
6.45,27.0
6.46,24.0
6.47,17.0
6.48,19.0
6.49,25.0
6.5,30.0
6.51,21.0
6.52,32.0
6.53,22.0
6.54,18.0
6.55,31.0
6.56,23.0
6.57,15.0
6.58,19.0
6.59,23.0
6.6,21.0
6.61,22.0
6.62,23.0
6.63,22.0
6.64,38.0
6.65,27.0
6.66,28.0
6.67,22.0
6.68,33.0
6.69,26.0
6.7,24.0
6.71,30.0
6.72,32.0
6.73,14.0
6.74,21.0
6.75,23.0
6.76,29.0
6.77,27.0
6.78,23.0
6.79,28.0
6.8,24.0
6.81,22.0
6.82,24.0
6.83,19.0
6.84,23.0
6.85,32.0
6.86,27.0
6.87,17.0
6.88,21.0
6.89,28.0
6.9,33.0
6.91,26.0
6.92,29.0
6.93,37.0
6.94,17.0
6.95,36.0
6.96,22.0
6.97,23.0
6.98,17.0
6.99,28.0
7.0,26.0
7.01,26.0
7.02,45.0
7.03,28.0
7.04,31.0
7.05,19.0
7.06,42.0
7.07,30.0
7.08,41.0
7.09,23.0
7.1,31.0
7.11,40.0
7.12,29.0
7.13,28.0
7.14,31.0
7.15,37.0
7.16,28.0
7.17,38.0
7.18,43.0
7.19,32.0
7.2,28.0
7.21,25.0
7.22,37.0
7.23,25.0
7.24,33.0
7.25,30.0
7.26,33.0
7.27,33.0
7.28,35.0
7.29,30.0
7.3,32.0
7.31,34.0
7.32,20.0
7.33,32.0
7.34,28.0
7.35,38.0
7.36,29.0
7.37,38.0
7.38,25.0
7.39,20.0
7.4,31.0
7.41,29.0
7.42,29.0
7.43,26.0
7.44,31.0
7.45,35.0
7.46,38.0
7.47,32.0
7.48,38.0
7.49,36.0
7.5,41.0
7.51,35.0
7.52,35.0
7.53,38.0
7.54,35.0
7.55,31.0
7.56,33.0
7.57,29.0
7.58,32.0
7.59,30.0
7.6,37.0
7.61,32.0
7.62,39.0
7.63,26.0
7.64,37.0
7.65,34.0
7.66,31.0
7.67,38.0
7.68,25.0
7.69,23.0
7.7,39.0
7.71,27.0
7.72,31.0
7.73,39.0
7.74,29.0
7.75,27.0
7.76,30.0
7.77,24.0
7.78,32.0
7.79,31.0
7.8,32.0
7.81,31.0
7.82,40.0
7.83,34.0
7.84,30.0
7.85,32.0
7.86,33.0
7.87,37.0
7.88,35.0
7.89,30.0
7.9,37.0
7.91,22.0
7.92,27.0
7.93,17.0
7.94,30.0
7.95,26.0
7.96,35.0
7.97,33.0
7.98,27.0
7.99,29.0
8.0,27.0
8.01,32.0
8.02,29.0
8.03,31.0
8.04,24.0
8.05,23.0
8.06,35.0
8.07,20.0
8.08,37.0
8.09,29.0
8.1,29.0
8.11,22.0
8.12,33.0
8.13,30.0
8.14,31.0
8.15,29.0
8.16,31.0
8.17,33.0
8.18,29.0
8.19,33.0
8.2,21.0
8.21,24.0
8.22,37.0
8.23,31.0
8.24,24.0
8.25,33.0
8.26,26.0
8.27,24.0
8.28,27.0
8.29,31.0
8.3,40.0
8.31,32.0
8.32,27.0
8.33,21.0
8.34,18.0
8.35,26.0
8.36,29.0
8.37,25.0
8.38,39.0
8.39,27.0
8.4,34.0
8.41,23.0
8.42,18.0
8.43,24.0
8.44,29.0
8.45,30.0
8.46,30.0
8.47,31.0
8.48,24.0
8.49,19.0
8.5,24.0
8.51,20.0
8.52,27.0
8.53,29.0
8.54,27.0
8.55,22.0
8.56,18.0
8.57,18.0
8.58,17.0
8.59,18.0
8.6,22.0
8.61,18.0
8.62,17.0
8.63,22.0
8.64,25.0
8.65,25.0
8.66,26.0
8.67,18.0
8.68,25.0
8.69,23.0
8.7,21.0
8.71,21.0
8.72,14.0
8.73,18.0
8.74,15.0
8.75,20.0
8.76,16.0
8.77,13.0
8.78,18.0
8.79,16.0
8.8,20.0
8.81,24.0
8.82,11.0
8.83,23.0
8.84,16.0
8.85,20.0
8.86,15.0
8.87,24.0
8.88,20.0
8.89,20.0
8.9,14.0
8.91,16.0
8.92,19.0
8.93,15.0
8.94,17.0
8.95,16.0
8.96,13.0
8.97,16.0
8.98,22.0
8.99,17.0
9.0,16.0
9.01,15.0
9.02,17.0
9.03,15.0
9.04,19.0
9.05,27.0
9.06,22.0
9.07,21.0
9.08,15.0
9.09,19.0
9.1,12.0
9.11,24.0
9.12,11.0
9.13,21.0
9.14,26.0
9.15,19.0
9.16,14.0
9.17,18.0
9.18,22.0
9.19,24.0
9.2,21.0
9.21,21.0
9.22,16.0
9.23,16.0
9.24,23.0
9.25,17.0
9.26,25.0
9.27,15.0
9.28,18.0
9.29,18.0
9.3,20.0
9.31,17.0
9.32,13.0
9.33,12.0
9.34,20.0
9.35,12.0
9.36,18.0
9.37,17.0
9.38,16.0
9.39,13.0
9.4,14.0
9.41,15.0
9.42,18.0
9.43,18.0
9.44,11.0
9.45,13.0
9.46,23.0
9.47,20.0
9.48,19.0
9.49,19.0
9.5,19.0
9.51,11.0
9.52,24.0
9.53,20.0
9.54,26.0
9.55,14.0
9.56,12.0
9.57,16.0
9.58,27.0
9.59,20.0
9.6,25.0
9.61,13.0
9.62,24.0
9.63,22.0
9.64,17.0
9.65,18.0
9.66,15.0
9.67,23.0
9.68,29.0
9.69,19.0
9.7,19.0
9.71,20.0
9.72,23.0
9.73,17.0
9.74,26.0
9.75,25.0
9.76,21.0
9.77,30.0
9.78,17.0
9.79,18.0
9.8,23.0
9.81,26.0
9.82,16.0
9.83,16.0
9.84,25.0
9.85,31.0
9.86,20.0
9.87,24.0
9.88,20.0
9.89,23.0
9.9,20.0
9.91,16.0
9.92,14.0
9.93,18.0
9.94,22.0
9.95,22.0
9.96,17.0
9.97,21.0
9.98,19.0
9.99,30.0
10.0,22.0
10.01,10.0
10.02,15.0
10.03,23.0
10.04,14.0
10.05,19.0
10.06,22.0
10.07,17.0
10.08,20.0
10.09,27.0
10.1,18.0
10.11,22.0
10.12,15.0
10.13,15.0
10.14,26.0
10.15,26.0
10.16,22.0
10.17,25.0
10.18,21.0
10.19,25.0
10.2,15.0
10.21,22.0
10.22,19.0
10.23,19.0
10.24,26.0
10.25,23.0
10.26,24.0
10.27,14.0
10.28,23.0
10.29,23.0
10.3,22.0
10.31,17.0
10.32,16.0
10.33,27.0
10.34,14.0
10.35,21.0
10.36,19.0
10.37,20.0
10.38,16.0
10.39,26.0
10.4,24.0
10.41,15.0
10.42,22.0
10.43,26.0
10.44,23.0
10.45,24.0
10.46,17.0
10.47,16.0
10.48,16.0
10.49,15.0
10.5,18.0
10.51,16.0
10.52,25.0
10.53,34.0
10.54,25.0
10.55,28.0
10.56,23.0
10.57,15.0
10.58,16.0
10.59,23.0
10.6,18.0
10.61,13.0
10.62,22.0
10.63,28.0
10.64,17.0
10.65,19.0
10.66,16.0
10.67,24.0
10.68,20.0
10.69,17.0
10.7,19.0
10.71,24.0
10.72,11.0
10.73,24.0
10.74,19.0
10.75,18.0
10.76,16.0
10.77,24.0
10.78,13.0
10.79,19.0
10.8,21.0
10.81,17.0
10.82,26.0
10.83,17.0
10.84,23.0
10.85,14.0
10.86,12.0
10.87,14.0
10.88,19.0
10.89,15.0
10.9,18.0
10.91,19.0
10.92,30.0
10.93,15.0
10.94,21.0
10.95,22.0
10.96,24.0
10.97,18.0
10.98,22.0
10.99,19.0
11.0,20.0
11.01,15.0
11.02,25.0
11.03,19.0
11.04,21.0
11.05,18.0
11.06,22.0
11.07,20.0
11.08,18.0
11.09,14.0
11.1,16.0
11.11,13.0
11.12,15.0
11.13,18.0
11.14,22.0
11.15,12.0
11.16,16.0
11.17,20.0
11.18,14.0
11.19,19.0
11.2,19.0
11.21,21.0
11.22,14.0
11.23,28.0
11.24,23.0
11.25,17.0
11.26,27.0
11.27,21.0
11.28,21.0
11.29,15.0
11.3,15.0
11.31,20.0
11.32,13.0
11.33,13.0
11.34,23.0
11.35,21.0
11.36,17.0
11.37,20.0
11.38,21.0
11.39,24.0
11.4,17.0
11.41,17.0
11.42,12.0
11.43,26.0
11.44,14.0
11.45,25.0
11.46,25.0
11.47,24.0
11.48,17.0
11.49,15.0
11.5,18.0
11.51,23.0
11.52,19.0
11.53,21.0
11.54,21.0
11.55,12.0
11.56,24.0
11.57,25.0
11.58,29.0
11.59,18.0
11.6,18.0
11.61,18.0
11.62,23.0
11.63,21.0
11.64,18.0
11.65,23.0
11.66,12.0
11.67,17.0
11.68,21.0
11.69,14.0
11.7,27.0
11.71,19.0
11.72,18.0
11.73,27.0
11.74,19.0
11.75,24.0
11.76,17.0
11.77,32.0
11.78,19.0
11.79,23.0
11.8,17.0
11.81,22.0
11.82,24.0
11.83,13.0
11.84,21.0
11.85,23.0
11.86,20.0
11.87,17.0
11.88,17.0
11.89,14.0
11.9,17.0
11.91,24.0
11.92,24.0
11.93,28.0
11.94,22.0
11.95,16.0
11.96,16.0
11.97,23.0
11.98,25.0
11.99,18.0
12.0,15.0
12.01,25.0
12.02,21.0
12.03,35.0
12.04,22.0
12.05,23.0
12.06,23.0
12.07,26.0
12.08,22.0
12.09,15.0
12.1,23.0
12.11,15.0
12.12,22.0
12.13,21.0
12.14,20.0
12.15,17.0
12.16,18.0
12.17,20.0
12.18,16.0
12.19,23.0
12.2,22.0
12.21,23.0
12.22,27.0
12.23,27.0
12.24,21.0
12.25,20.0
12.26,16.0
12.27,28.0
12.28,13.0
12.29,27.0
12.3,28.0
12.31,24.0
12.32,25.0
12.33,20.0
12.34,23.0
12.35,16.0
12.36,22.0
12.37,27.0
12.38,20.0
12.39,19.0
12.4,20.0
12.41,30.0
12.42,26.0
12.43,21.0
12.44,25.0
12.45,25.0
12.46,17.0
12.47,18.0
12.48,22.0
12.49,31.0
12.5,28.0
12.51,23.0
12.52,31.0
12.53,24.0
12.54,30.0
12.55,21.0
12.56,25.0
12.57,25.0
12.58,20.0
12.59,21.0
12.6,25.0
12.61,20.0
12.62,26.0
12.63,22.0
12.64,20.0
12.65,23.0
12.66,17.0
12.67,16.0
12.68,19.0
12.69,19.0
12.7,18.0
12.71,24.0
12.72,29.0
12.73,21.0
12.74,19.0
12.75,18.0
12.76,15.0
12.77,19.0
12.78,18.0
12.79,16.0
12.8,17.0
12.81,38.0
12.82,26.0
12.83,16.0
12.84,28.0
12.85,24.0
12.86,25.0
12.87,24.0
12.88,13.0
12.89,23.0
12.9,21.0
12.91,22.0
12.92,20.0
12.93,15.0
12.94,16.0
12.95,12.0
12.96,23.0
12.97,21.0
12.98,24.0
12.99,23.0
13.0,30.0
13.01,34.0
13.02,18.0
13.03,16.0
13.04,24.0
13.05,17.0
13.06,19.0
13.07,19.0
13.08,27.0
13.09,24.0
13.1,22.0
13.11,21.0
13.12,30.0
13.13,17.0
13.14,22.0
13.15,16.0
13.16,23.0
13.17,21.0
13.18,26.0
13.19,22.0
13.2,17.0
13.21,22.0
13.22,23.0
13.23,20.0
13.24,22.0
13.25,16.0
13.26,21.0
13.27,14.0
13.28,20.0
13.29,22.0
13.3,21.0
13.31,29.0
13.32,17.0
13.33,15.0
13.34,20.0
13.35,21.0
13.36,19.0
13.37,25.0
13.38,17.0
13.39,17.0
13.4,20.0
13.41,23.0
13.42,24.0
13.43,21.0
13.44,20.0
13.45,21.0
13.46,19.0
13.47,21.0
13.48,22.0
13.49,20.0
13.5,23.0
13.51,16.0
13.52,15.0
13.53,29.0
13.54,25.0
13.55,23.0
13.56,19.0
13.57,13.0
13.58,19.0
13.59,18.0
13.6,28.0
13.61,18.0
13.62,19.0
13.63,26.0
13.64,32.0
13.65,23.0
13.66,20.0
13.67,22.0
13.68,21.0
13.69,24.0
13.7,23.0
13.71,19.0
13.72,25.0
13.73,20.0
13.74,17.0
13.75,31.0
13.76,26.0
13.77,19.0
13.78,22.0
13.79,25.0
13.8,21.0
13.81,20.0
13.82,18.0
13.83,21.0
13.84,29.0
13.85,24.0
13.86,23.0
13.87,23.0
13.88,27.0
13.89,14.0
13.9,24.0
13.91,12.0
13.92,19.0
13.93,21.0
13.94,15.0
13.95,21.0
13.96,25.0
13.97,16.0
13.98,20.0
13.99,25.0
14.0,25.0
14.01,29.0
14.02,18.0
14.03,16.0
14.04,23.0
14.05,20.0
14.06,15.0
14.07,24.0
14.08,26.0
14.09,15.0
14.1,17.0
14.11,27.0
14.12,14.0
14.13,19.0
14.14,29.0
14.15,23.0
14.16,15.0
14.17,16.0
14.18,25.0
14.19,20.0
14.2,23.0
14.21,22.0
14.22,26.0
14.23,20.0
14.24,19.0
14.25,26.0
14.26,20.0
14.27,25.0
14.28,26.0
14.29,26.0
14.3,24.0
14.31,13.0
14.32,24.0
14.33,24.0
14.34,26.0
14.35,21.0
14.36,20.0
14.37,14.0
14.38,21.0
14.39,20.0
14.4,13.0
14.41,21.0
14.42,26.0
14.43,24.0
14.44,16.0
14.45,20.0
14.46,25.0
14.47,25.0
14.48,22.0
14.49,27.0
14.5,20.0
14.51,19.0
14.52,23.0
14.53,29.0
14.54,26.0
14.55,25.0
14.56,16.0
14.57,20.0
14.58,24.0
14.59,31.0
14.6,20.0
14.61,23.0
14.62,29.0
14.63,22.0
14.64,20.0
14.65,20.0
14.66,17.0
14.67,19.0
14.68,22.0
14.69,16.0
14.7,21.0
14.71,24.0
14.72,22.0
14.73,20.0
14.74,17.0
14.75,18.0
14.76,27.0
14.77,20.0
14.78,16.0
14.79,28.0
14.8,10.0
14.81,23.0
14.82,21.0
14.83,19.0
14.84,19.0
14.85,21.0
14.86,19.0
14.87,14.0
14.88,13.0
14.89,20.0
14.9,21.0
14.91,22.0
14.92,26.0
14.93,23.0
14.94,21.0
14.95,24.0
14.96,27.0
14.97,29.0
14.98,14.0
14.99,20.0
15.0,18.0
15.01,21.0
15.02,22.0
15.03,20.0
15.04,25.0
15.05,21.0
15.06,19.0
15.07,19.0
15.08,19.0
15.09,17.0
15.1,26.0
15.11,15.0
15.12,24.0
15.13,21.0
15.14,15.0
15.15,16.0
15.16,17.0
15.17,21.0
15.18,19.0
15.19,38.0
15.2,23.0
15.21,23.0
15.22,17.0
15.23,21.0
15.24,19.0
15.25,23.0
15.26,18.0
15.27,18.0
15.28,20.0
15.29,20.0
15.3,22.0
15.31,19.0
15.32,22.0
15.33,15.0
15.34,25.0
15.35,21.0
15.36,13.0
15.37,27.0
15.38,17.0
15.39,22.0
15.4,20.0
15.41,20.0
15.42,18.0
15.43,19.0
15.44,10.0
15.45,17.0
15.46,18.0
15.47,14.0
15.48,30.0
15.49,21.0
15.5,17.0
15.51,18.0
15.52,30.0
15.53,27.0
15.54,17.0
15.55,21.0
15.56,14.0
15.57,19.0
15.58,21.0
15.59,16.0
15.6,17.0
15.61,24.0
15.62,16.0
15.63,16.0
15.64,19.0
15.65,22.0
15.66,22.0
15.67,25.0
15.68,12.0
15.69,20.0
15.7,22.0
15.71,13.0
15.72,15.0
15.73,21.0
15.74,22.0
15.75,16.0
15.76,25.0
15.77,17.0
15.78,19.0
15.79,8.0
15.8,29.0
15.81,17.0
15.82,11.0
15.83,26.0
15.84,20.0
15.85,17.0
15.86,21.0
15.87,16.0
15.88,16.0
15.89,19.0
15.9,20.0
15.91,19.0
15.92,14.0
15.93,21.0
15.94,22.0
15.95,16.0
15.96,16.0
15.97,14.0
15.98,17.0
15.99,18.0
16.0,12.0
16.01,13.0
16.02,19.0
16.03,18.0
16.04,22.0
16.05,24.0
16.06,16.0
16.07,24.0
16.08,19.0
16.09,23.0
16.1,24.0
16.11,20.0
16.12,14.0
16.13,24.0
16.14,21.0
16.15,20.0
16.16,13.0
16.17,15.0
16.18,14.0
16.19,19.0
16.2,21.0
16.21,22.0
16.22,18.0
16.23,18.0
16.24,10.0
16.25,10.0
16.26,23.0
16.27,23.0
16.28,14.0
16.29,18.0
16.3,20.0
16.31,18.0
16.32,13.0
16.33,31.0
16.34,15.0
16.35,14.0
16.36,16.0
16.37,19.0
16.38,16.0
16.39,21.0
16.4,14.0
16.41,19.0
16.42,9.0
16.43,20.0
16.44,18.0
16.45,9.0
16.46,16.0
16.47,19.0
16.48,17.0
16.49,20.0
16.5,17.0
16.51,16.0
16.52,18.0
16.53,16.0
16.54,12.0
16.55,16.0
16.56,15.0
16.57,14.0
16.58,28.0
16.59,17.0
16.6,23.0
16.61,17.0
16.62,11.0
16.63,20.0
16.64,18.0
16.65,19.0
16.66,26.0
16.67,20.0
16.68,22.0
16.69,23.0
16.7,15.0
16.71,22.0
16.72,17.0
16.73,16.0
16.74,26.0
16.75,17.0
16.76,28.0
16.77,22.0
16.78,16.0
16.79,17.0
16.8,21.0
16.81,20.0
16.82,20.0
16.83,18.0
16.84,25.0
16.85,14.0
16.86,23.0
16.87,20.0
16.88,11.0
16.89,20.0
16.9,26.0
16.91,17.0
16.92,14.0
16.93,15.0
16.94,22.0
16.95,23.0
16.96,15.0
16.97,21.0
16.98,30.0
16.99,18.0
17.0,21.0
17.01,20.0
17.02,27.0
17.03,21.0
17.04,30.0
17.05,23.0
17.06,16.0
17.07,21.0
17.08,13.0
17.09,16.0
17.1,15.0
17.11,20.0
17.12,18.0
17.13,23.0
17.14,18.0
17.15,13.0
17.16,19.0
17.17,27.0
17.18,13.0
17.19,25.0
17.2,25.0
17.21,30.0
17.22,18.0
17.23,25.0
17.24,19.0
17.25,23.0
17.26,16.0
17.27,21.0
17.28,21.0
17.29,18.0
17.3,26.0
17.31,15.0
17.32,13.0
17.33,13.0
17.34,14.0
17.35,21.0
17.36,10.0
17.37,16.0
17.38,19.0
17.39,14.0
17.4,10.0
17.41,17.0
17.42,29.0
17.43,26.0
17.44,15.0
17.45,25.0
17.46,12.0
17.47,13.0
17.48,22.0
17.49,16.0
17.5,19.0
17.51,16.0
17.52,20.0
17.53,26.0
17.54,16.0
17.55,19.0
17.56,18.0
17.57,19.0
17.58,16.0
17.59,21.0
17.6,13.0
17.61,18.0
17.62,21.0
17.63,25.0
17.64,19.0
17.65,21.0
17.66,15.0
17.67,20.0
17.68,18.0
17.69,17.0
17.7,11.0
17.71,22.0
17.72,27.0
17.73,16.0
17.74,18.0
17.75,11.0
17.76,14.0
17.77,17.0
17.78,17.0
17.79,18.0
17.8,27.0
17.81,22.0
17.82,16.0
17.83,22.0
17.84,22.0
17.85,16.0
17.86,22.0
17.87,19.0
17.88,20.0
17.89,11.0
17.9,8.0
17.91,10.0
17.92,18.0
17.93,20.0
17.94,16.0
17.95,16.0
17.96,21.0
17.97,22.0
17.98,18.0
17.99,23.0
18.0,12.0
18.01,20.0
18.02,23.0
18.03,24.0
18.04,13.0
18.05,19.0
18.06,15.0
18.07,25.0
18.08,20.0
18.09,29.0
18.1,14.0
18.11,24.0
18.12,22.0
18.13,18.0
18.14,22.0
18.15,18.0
18.16,18.0
18.17,17.0
18.18,12.0
18.19,31.0
18.2,27.0
18.21,18.0
18.22,21.0
18.23,22.0
18.24,19.0
18.25,17.0
18.26,20.0
18.27,24.0
18.28,23.0
18.29,12.0
18.3,16.0
18.31,22.0
18.32,20.0
18.33,21.0
18.34,20.0
18.35,25.0
18.36,24.0
18.37,14.0
18.38,22.0
18.39,16.0
18.4,19.0
18.41,16.0
18.42,13.0
18.43,20.0
18.44,22.0
18.45,20.0
18.46,22.0
18.47,13.0
18.48,18.0
18.49,27.0
18.5,17.0
18.51,29.0
18.52,13.0
18.53,18.0
18.54,26.0
18.55,19.0
18.56,29.0
18.57,19.0
18.58,21.0
18.59,25.0
18.6,26.0
18.61,21.0
18.62,25.0
18.63,21.0
18.64,19.0
18.65,19.0
18.66,24.0
18.67,26.0
18.68,25.0
18.69,13.0
18.7,24.0
18.71,27.0
18.72,17.0
18.73,17.0
18.74,19.0
18.75,22.0
18.76,17.0
18.77,16.0
18.78,18.0
18.79,26.0
18.8,21.0
18.81,16.0
18.82,23.0
18.83,16.0
18.84,25.0
18.85,29.0
18.86,10.0
18.87,23.0
18.88,21.0
18.89,19.0
18.9,19.0
18.91,18.0
18.92,15.0
18.93,23.0
18.94,24.0
18.95,17.0
18.96,24.0
18.97,25.0
18.98,23.0
18.99,17.0
19.0,21.0
19.01,24.0
19.02,20.0
19.03,18.0
19.04,27.0
19.05,19.0
19.06,21.0
19.07,17.0
19.08,24.0
19.09,18.0
19.1,23.0
19.11,14.0
19.12,14.0
19.13,31.0
19.14,14.0
19.15,19.0
19.16,28.0
19.17,15.0
19.18,17.0
19.19,25.0
19.2,21.0
19.21,22.0
19.22,34.0
19.23,18.0
19.24,17.0
19.25,20.0
19.26,19.0
19.27,22.0
19.28,20.0
19.29,29.0
19.3,26.0
19.31,19.0
19.32,18.0
19.33,17.0
19.34,17.0
19.35,21.0
19.36,20.0
19.37,19.0
19.38,14.0
19.39,18.0
19.4,25.0
19.41,22.0
19.42,16.0
19.43,25.0
19.44,16.0
19.45,18.0
19.46,10.0
19.47,20.0
19.48,22.0
19.49,17.0
19.5,24.0
19.51,15.0
19.52,17.0
19.53,20.0
19.54,19.0
19.55,15.0
19.56,17.0
19.57,23.0
19.58,18.0
19.59,17.0
19.6,19.0
19.61,16.0
19.62,12.0
19.63,17.0
19.64,18.0
19.65,20.0
19.66,23.0
19.67,19.0
19.68,15.0
19.69,11.0
19.7,14.0
19.71,16.0
19.72,19.0
19.73,24.0
19.74,15.0
19.75,16.0
19.76,15.0
19.77,24.0
19.78,16.0
19.79,19.0
19.8,22.0
19.81,11.0
19.82,14.0
19.83,24.0
19.84,14.0
19.85,14.0
19.86,19.0
19.87,14.0
19.88,23.0
19.89,23.0
19.9,12.0
19.91,20.0
19.92,26.0
19.93,25.0
19.94,17.0
19.95,19.0
19.96,15.0
19.97,19.0
19.98,19.0
19.99,17.0
20.0,13.0
20.01,10.0
20.02,14.0
20.03,19.0
20.04,18.0
20.05,19.0
20.06,25.0
20.07,18.0
20.08,17.0
20.09,15.0
20.1,19.0
20.11,25.0
20.12,20.0
20.13,20.0
20.14,15.0
20.15,17.0
20.16,12.0
20.17,22.0
20.18,20.0
20.19,19.0
20.2,10.0
20.21,24.0
20.22,18.0
20.23,21.0
20.24,23.0
20.25,17.0
20.26,16.0
20.27,27.0
20.28,10.0
20.29,12.0
20.3,12.0
20.31,16.0
20.32,20.0
20.33,16.0
20.34,21.0
20.35,22.0
20.36,14.0
20.37,13.0
20.38,24.0
20.39,30.0
20.4,12.0
20.41,15.0
20.42,14.0
20.43,19.0
20.44,20.0
20.45,21.0
20.46,12.0
20.47,25.0
20.48,16.0
20.49,25.0
20.5,16.0
20.51,11.0
20.52,8.0
20.53,9.0
20.54,21.0
20.55,17.0
20.56,26.0
20.57,19.0
20.58,21.0
20.59,16.0
20.6,14.0
20.61,22.0
20.62,22.0
20.63,25.0
20.64,15.0
20.65,15.0
20.66,26.0
20.67,23.0
20.68,17.0
20.69,21.0
20.7,19.0
20.71,18.0
20.72,12.0
20.73,25.0
20.74,27.0
20.75,15.0
20.76,17.0
20.77,22.0
20.78,21.0
20.79,21.0
20.8,21.0
20.81,16.0
20.82,28.0
20.83,25.0
20.84,18.0
20.85,18.0
20.86,24.0
20.87,21.0
20.88,19.0
20.89,20.0
20.9,20.0
20.91,14.0
20.92,17.0
20.93,20.0
20.94,21.0
20.95,23.0
20.96,18.0
20.97,28.0
20.98,21.0
20.99,10.0
21.0,22.0
21.01,20.0
21.02,12.0
21.03,21.0
21.04,20.0
21.05,19.0
21.06,18.0
21.07,18.0
21.08,9.0
21.09,10.0
21.1,13.0
21.11,23.0
21.12,18.0
21.13,15.0
21.14,18.0
21.15,16.0
21.16,24.0
21.17,16.0
21.18,18.0
21.19,24.0
21.2,9.0
21.21,10.0
21.22,16.0
21.23,20.0
21.24,24.0
21.25,21.0
21.26,13.0
21.27,24.0
21.28,24.0
21.29,18.0
21.3,23.0
21.31,18.0
21.32,17.0
21.33,13.0
21.34,24.0
21.35,21.0
21.36,24.0
21.37,16.0
21.38,16.0
21.39,20.0
21.4,23.0
21.41,19.0
21.42,14.0
21.43,17.0
21.44,13.0
21.45,16.0
21.46,15.0
21.47,18.0
21.48,23.0
21.49,24.0
21.5,18.0
21.51,19.0
21.52,13.0
21.53,23.0
21.54,18.0
21.55,15.0
21.56,18.0
21.57,15.0
21.58,19.0
21.59,15.0
21.6,16.0
21.61,25.0
21.62,12.0
21.63,13.0
21.64,10.0
21.65,19.0
21.66,13.0
21.67,20.0
21.68,22.0
21.69,15.0
21.7,26.0
21.71,19.0
21.72,16.0
21.73,13.0
21.74,11.0
21.75,14.0
21.76,24.0
21.77,21.0
21.78,11.0
21.79,12.0
21.8,9.0
21.81,17.0
21.82,28.0
21.83,13.0
21.84,24.0
21.85,13.0
21.86,10.0
21.87,23.0
21.88,28.0
21.89,16.0
21.9,12.0
21.91,28.0
21.92,17.0
21.93,14.0
21.94,14.0
21.95,22.0
21.96,20.0
21.97,17.0
21.98,21.0
21.99,12.0
22.0,19.0
22.01,18.0
22.02,17.0
22.03,22.0
22.04,19.0
22.05,13.0
22.06,17.0
22.07,18.0
22.08,23.0
22.09,20.0
22.1,16.0
22.11,25.0
22.12,19.0
22.13,17.0
22.14,8.0
22.15,25.0
22.16,19.0
22.17,17.0
22.18,16.0
22.19,19.0
22.2,25.0
22.21,29.0
22.22,21.0
22.23,20.0
22.24,18.0
22.25,27.0
22.26,17.0
22.27,18.0
22.28,20.0
22.29,22.0
22.3,19.0
22.31,20.0
22.32,25.0
22.33,15.0
22.34,20.0
22.35,13.0
22.36,17.0
22.37,17.0
22.38,16.0
22.39,19.0
22.4,23.0
22.41,21.0
22.42,11.0
22.43,20.0
22.44,16.0
22.45,19.0
22.46,18.0
22.47,19.0
22.48,16.0
22.49,19.0
22.5,14.0
22.51,16.0
22.52,19.0
22.53,15.0
22.54,23.0
22.55,19.0
22.56,14.0
22.57,16.0
22.58,21.0
22.59,22.0
22.6,17.0
22.61,23.0
22.62,17.0
22.63,23.0
22.64,22.0
22.65,16.0
22.66,20.0
22.67,16.0
22.68,19.0
22.69,22.0
22.7,17.0
22.71,12.0
22.72,12.0
22.73,20.0
22.74,19.0
22.75,16.0
22.76,23.0
22.77,21.0
22.78,21.0
22.79,15.0
22.8,14.0
22.81,14.0
22.82,23.0
22.83,17.0
22.84,16.0
22.85,17.0
22.86,23.0
22.87,23.0
22.88,20.0
22.89,18.0
22.9,16.0
22.91,12.0
22.92,16.0
22.93,15.0
22.94,18.0
22.95,20.0
22.96,24.0
22.97,22.0
22.98,18.0
22.99,17.0
23.0,22.0
23.01,16.0
23.02,30.0
23.03,23.0
23.04,32.0
23.05,10.0
23.06,14.0
23.07,14.0
23.08,22.0
23.09,19.0
23.1,21.0
23.11,22.0
23.12,14.0
23.13,11.0
23.14,19.0
23.15,19.0
23.16,16.0
23.17,15.0
23.18,12.0
23.19,19.0
23.2,19.0
23.21,18.0
23.22,29.0
23.23,22.0
23.24,27.0
23.25,21.0
23.26,27.0
23.27,15.0
23.28,20.0
23.29,19.0
23.3,13.0
23.31,20.0
23.32,15.0
23.33,14.0
23.34,19.0
23.35,13.0
23.36,18.0
23.37,15.0
23.38,21.0
23.39,16.0
23.4,19.0
23.41,16.0
23.42,15.0
23.43,22.0
23.44,25.0
23.45,14.0
23.46,15.0
23.47,14.0
23.48,23.0
23.49,25.0
23.5,18.0
23.51,18.0
23.52,23.0
23.53,17.0
23.54,17.0
23.55,17.0
23.56,21.0
23.57,22.0
23.58,20.0
23.59,22.0
23.6,20.0
23.61,12.0
23.62,15.0
23.63,20.0
23.64,19.0
23.65,23.0
23.66,22.0
23.67,24.0
23.68,14.0
23.69,15.0
23.7,12.0
23.71,17.0
23.72,18.0
23.73,16.0
23.74,17.0
23.75,21.0
23.76,16.0
23.77,19.0
23.78,12.0
23.79,20.0
23.8,22.0
23.81,25.0
23.82,12.0
23.83,13.0
23.84,25.0
23.85,25.0
23.86,17.0
23.87,26.0
23.88,22.0
23.89,20.0
23.9,12.0
23.91,14.0
23.92,26.0
23.93,16.0
23.94,15.0
23.95,25.0
23.96,21.0
23.97,22.0
23.98,23.0
23.99,17.0
24.0,24.0
24.01,9.0
24.02,10.0
24.03,26.0
24.04,27.0
24.05,15.0
24.06,19.0
24.07,26.0
24.08,22.0
24.09,23.0
24.1,14.0
24.11,16.0
24.12,10.0
24.13,16.0
24.14,20.0
24.15,18.0
24.16,22.0
24.17,15.0
24.18,13.0
24.19,17.0
24.2,18.0
24.21,21.0
24.22,15.0
24.23,19.0
24.24,23.0
24.25,16.0
24.26,21.0
24.27,14.0
24.28,9.0
24.29,20.0
24.3,21.0
24.31,17.0
24.32,15.0
24.33,18.0
24.34,17.0
24.35,22.0
24.36,14.0
24.37,22.0
24.38,19.0
24.39,20.0
24.4,24.0
24.41,21.0
24.42,19.0
24.43,12.0
24.44,14.0
24.45,20.0
24.46,15.0
24.47,23.0
24.48,19.0
24.49,17.0
24.5,15.0
24.51,24.0
24.52,23.0
24.53,17.0
24.54,12.0
24.55,19.0
24.56,22.0
24.57,15.0
24.58,20.0
24.59,17.0
24.6,17.0
24.61,16.0
24.62,19.0
24.63,24.0
24.64,21.0
24.65,17.0
24.66,30.0
24.67,7.0
24.68,19.0
24.69,17.0
24.7,14.0
24.71,20.0
24.72,17.0
24.73,23.0
24.74,20.0
24.75,16.0
24.76,17.0
24.77,22.0
24.78,21.0
24.79,16.0
24.8,17.0
24.81,14.0
24.82,18.0
24.83,25.0
24.84,19.0
24.85,19.0
24.86,17.0
24.87,25.0
24.88,14.0
24.89,21.0
24.9,18.0
24.91,14.0
24.92,13.0
24.93,21.0
24.94,19.0
24.95,26.0
24.96,26.0
24.97,20.0
24.98,13.0
24.99,15.0
25.0,19.0
25.01,22.0
25.02,12.0
25.03,13.0
25.04,22.0
25.05,25.0
25.06,14.0
25.07,19.0
25.08,24.0
25.09,22.0
25.1,20.0
25.11,20.0
25.12,24.0
25.13,18.0
25.14,22.0
25.15,21.0
25.16,25.0
25.17,22.0
25.18,20.0
25.19,14.0
25.2,19.0
25.21,26.0
25.22,19.0
25.23,22.0
25.24,22.0
25.25,19.0
25.26,24.0
25.27,22.0
25.28,13.0
25.29,21.0
25.3,18.0
25.31,19.0
25.32,16.0
25.33,25.0
25.34,16.0
25.35,22.0
25.36,24.0
25.37,16.0
25.38,18.0
25.39,14.0
25.4,28.0
25.41,20.0
25.42,15.0
25.43,19.0
25.44,19.0
25.45,20.0
25.46,23.0
25.47,17.0
25.48,16.0
25.49,17.0
25.5,18.0
25.51,15.0
25.52,26.0
25.53,25.0
25.54,18.0
25.55,23.0
25.56,16.0
25.57,17.0
25.58,13.0
25.59,15.0
25.6,19.0
25.61,17.0
25.62,19.0
25.63,16.0
25.64,22.0
25.65,15.0
25.66,29.0
25.67,20.0
25.68,16.0
25.69,24.0
25.7,19.0
25.71,12.0
25.72,20.0
25.73,22.0
25.74,23.0
25.75,23.0
25.76,22.0
25.77,15.0
25.78,16.0
25.79,19.0
25.8,20.0
25.81,18.0
25.82,32.0
25.83,9.0
25.84,15.0
25.85,17.0
25.86,21.0
25.87,24.0
25.88,20.0
25.89,12.0
25.9,20.0
25.91,21.0
25.92,19.0
25.93,19.0
25.94,15.0
25.95,21.0
25.96,28.0
25.97,26.0
25.98,18.0
25.99,10.0
26.0,25.0
26.01,17.0
26.02,16.0
26.03,18.0
26.04,23.0
26.05,16.0
26.06,14.0
26.07,19.0
26.08,17.0
26.09,15.0
26.1,12.0
26.11,16.0
26.12,19.0
26.13,19.0
26.14,20.0
26.15,10.0
26.16,23.0
26.17,14.0
26.18,12.0
26.19,22.0
26.2,31.0
26.21,20.0
26.22,13.0
26.23,15.0
26.24,25.0
26.25,21.0
26.26,23.0
26.27,21.0
26.28,22.0
26.29,18.0
26.3,14.0
26.31,26.0
26.32,15.0
26.33,18.0
26.34,25.0
26.35,21.0
26.36,23.0
26.37,23.0
26.38,20.0
26.39,24.0
26.4,19.0
26.41,15.0
26.42,13.0
26.43,17.0
26.44,22.0
26.45,14.0
26.46,18.0
26.47,19.0
26.48,23.0
26.49,15.0
26.5,13.0
26.51,24.0
26.52,18.0
26.53,20.0
26.54,12.0
26.55,15.0
26.56,18.0
26.57,23.0
26.58,15.0
26.59,22.0
26.6,19.0
26.61,18.0
26.62,21.0
26.63,18.0
26.64,19.0
26.65,19.0
26.66,13.0
26.67,19.0
26.68,13.0
26.69,10.0
26.7,21.0
26.71,28.0
26.72,18.0
26.73,16.0
26.74,21.0
26.75,14.0
26.76,20.0
26.77,12.0
26.78,16.0
26.79,20.0
26.8,19.0
26.81,20.0
26.82,12.0
26.83,19.0
26.84,18.0
26.85,23.0
26.86,16.0
26.87,20.0
26.88,23.0
26.89,16.0
26.9,17.0
26.91,16.0
26.92,17.0
26.93,25.0
26.94,19.0
26.95,17.0
26.96,15.0
26.97,22.0
26.98,11.0
26.99,13.0
27.0,14.0
27.01,16.0
27.02,27.0
27.03,23.0
27.04,13.0
27.05,20.0
27.06,24.0
27.07,20.0
27.08,15.0
27.09,13.0
27.1,16.0
27.11,19.0
27.12,16.0
27.13,20.0
27.14,21.0
27.15,25.0
27.16,21.0
27.17,19.0
27.18,16.0
27.19,16.0
27.2,15.0
27.21,20.0
27.22,34.0
27.23,23.0
27.24,23.0
27.25,20.0
27.26,18.0
27.27,15.0
27.28,30.0
27.29,19.0
27.3,17.0
27.31,16.0
27.32,14.0
27.33,22.0
27.34,21.0
27.35,20.0
27.36,20.0
27.37,25.0
27.38,17.0
27.39,23.0
27.4,15.0
27.41,17.0
27.42,15.0
27.43,19.0
27.44,17.0
27.45,15.0
27.46,13.0
27.47,14.0
27.48,13.0
27.49,21.0
27.5,12.0
27.51,17.0
27.52,22.0
27.53,15.0
27.54,19.0
27.55,14.0
27.56,30.0
27.57,18.0
27.58,23.0
27.59,22.0
27.6,27.0
27.61,19.0
27.62,22.0
27.63,20.0
27.64,18.0
27.65,16.0
27.66,25.0
27.67,13.0
27.68,23.0
27.69,31.0
27.7,13.0
27.71,17.0
27.72,14.0
27.73,13.0
27.74,22.0
27.75,25.0
27.76,28.0
27.77,19.0
27.78,14.0
27.79,21.0
27.8,23.0
27.81,22.0
27.82,26.0
27.83,17.0
27.84,16.0
27.85,19.0
27.86,30.0
27.87,14.0
27.88,19.0
27.89,22.0
27.9,14.0
27.91,18.0
27.92,22.0
27.93,20.0
27.94,16.0
27.95,18.0
27.96,13.0
27.97,23.0
27.98,22.0
27.99,11.0
28.0,22.0
28.01,23.0
28.02,27.0
28.03,21.0
28.04,27.0
28.05,15.0
28.06,20.0
28.07,23.0
28.08,17.0
28.09,21.0
28.1,16.0
28.11,14.0
28.12,16.0
28.13,18.0
28.14,12.0
28.15,15.0
28.16,12.0
28.17,12.0
28.18,17.0
28.19,14.0
28.2,23.0
28.21,13.0
28.22,18.0
28.23,15.0
28.24,17.0
28.25,22.0
28.26,17.0
28.27,25.0
28.28,21.0
28.29,16.0
28.3,22.0
28.31,15.0
28.32,20.0
28.33,24.0
28.34,24.0
28.35,22.0
28.36,24.0
28.37,16.0
28.38,20.0
28.39,20.0
28.4,20.0
28.41,18.0
28.42,18.0
28.43,15.0
28.44,28.0
28.45,21.0
28.46,19.0
28.47,23.0
28.48,18.0
28.49,25.0
28.5,31.0
28.51,17.0
28.52,24.0
28.53,24.0
28.54,17.0
28.55,21.0
28.56,30.0
28.57,36.0
28.58,24.0
28.59,39.0
28.6,45.0
28.61,49.0
28.62,46.0
28.63,63.0
28.64,52.0
28.65,54.0
28.66,52.0
28.67,47.0
28.68,39.0
28.69,25.0
28.7,33.0
28.71,34.0
28.72,19.0
28.73,19.0
28.74,23.0
28.75,32.0
28.76,24.0
28.77,16.0
28.78,28.0
28.79,28.0
28.8,25.0
28.81,27.0
28.82,25.0
28.83,20.0
28.84,27.0
28.85,17.0
28.86,23.0
28.87,24.0
28.88,13.0
28.89,20.0
28.9,24.0
28.91,22.0
28.92,16.0
28.93,19.0
28.94,21.0
28.95,18.0
28.96,14.0
28.97,21.0
28.98,23.0
28.99,11.0
29.0,19.0
29.01,18.0
29.02,23.0
29.03,15.0
29.04,10.0
29.05,16.0
29.06,26.0
29.07,21.0
29.08,26.0
29.09,22.0
29.1,19.0
29.11,25.0
29.12,22.0
29.13,17.0
29.14,27.0
29.15,22.0
29.16,19.0
29.17,29.0
29.18,18.0
29.19,20.0
29.2,20.0
29.21,21.0
29.22,18.0
29.23,27.0
29.24,17.0
29.25,26.0
29.26,20.0
29.27,18.0
29.28,28.0
29.29,17.0
29.3,18.0
29.31,12.0
29.32,23.0
29.33,23.0
29.34,20.0
29.35,20.0
29.36,17.0
29.37,13.0
29.38,24.0
29.39,20.0
29.4,15.0
29.41,16.0
29.42,21.0
29.43,18.0
29.44,26.0
29.45,11.0
29.46,18.0
29.47,23.0
29.48,32.0
29.49,19.0
29.5,23.0
29.51,19.0
29.52,15.0
29.53,18.0
29.54,18.0
29.55,27.0
29.56,21.0
29.57,19.0
29.58,25.0
29.59,20.0
29.6,23.0
29.61,22.0
29.62,28.0
29.63,13.0
29.64,11.0
29.65,29.0
29.66,14.0
29.67,18.0
29.68,29.0
29.69,14.0
29.7,15.0
29.71,20.0
29.72,20.0
29.73,16.0
29.74,20.0
29.75,22.0
29.76,26.0
29.77,17.0
29.78,16.0
29.79,27.0
29.8,27.0
29.81,24.0
29.82,31.0
29.83,28.0
29.84,25.0
29.85,24.0
29.86,20.0
29.87,25.0
29.88,21.0
29.89,25.0
29.9,27.0
29.91,21.0
29.92,20.0
29.93,16.0
29.94,23.0
29.95,23.0
29.96,27.0
29.97,21.0
29.98,19.0
29.99,26.0
30.0,34.0
30.01,15.0
30.02,18.0
30.03,17.0
30.04,17.0
30.05,24.0
30.06,22.0
30.07,19.0
30.08,18.0
30.09,34.0
30.1,22.0
30.11,24.0
30.12,18.0
30.13,11.0
30.14,33.0
30.15,24.0
30.16,21.0
30.17,21.0
30.18,20.0
30.19,22.0
30.2,18.0
30.21,24.0
30.22,25.0
30.23,23.0
30.24,22.0
30.25,20.0
30.26,27.0
30.27,16.0
30.28,19.0
30.29,13.0
30.3,20.0
30.31,15.0
30.32,27.0
30.33,18.0
30.34,13.0
30.35,19.0
30.36,17.0
30.37,24.0
30.38,24.0
30.39,28.0
30.4,28.0
30.41,29.0
30.42,22.0
30.43,22.0
30.44,25.0
30.45,22.0
30.46,21.0
30.47,24.0
30.48,18.0
30.49,23.0
30.5,32.0
30.51,20.0
30.52,19.0
30.53,17.0
30.54,17.0
30.55,30.0
30.56,26.0
30.57,14.0
30.58,23.0
30.59,17.0
30.6,22.0
30.61,22.0
30.62,24.0
30.63,22.0
30.64,21.0
30.65,26.0
30.66,30.0
30.67,31.0
30.68,26.0
30.69,25.0
30.7,34.0
30.71,35.0
30.72,28.0
30.73,31.0
30.74,27.0
30.75,30.0
30.76,30.0
30.77,39.0
30.78,28.0
30.79,25.0
30.8,31.0
30.81,27.0
30.82,37.0
30.83,36.0
30.84,23.0
30.85,28.0
30.86,19.0
30.87,23.0
30.88,23.0
30.89,22.0
30.9,26.0
30.91,44.0
30.92,29.0
30.93,21.0
30.94,31.0
30.95,28.0
30.96,42.0
30.97,22.0
30.98,44.0
30.99,27.0
31.0,34.0
31.01,45.0
31.02,42.0
31.03,37.0
31.04,46.0
31.05,52.0
31.06,40.0
31.07,26.0
31.08,42.0
31.09,34.0
31.1,41.0
31.11,30.0
31.12,27.0
31.13,34.0
31.14,41.0
31.15,26.0
31.16,44.0
31.17,20.0
31.18,24.0
31.19,43.0
31.2,29.0
31.21,31.0
31.22,42.0
31.23,34.0
31.24,27.0
31.25,31.0
31.26,43.0
31.27,30.0
31.28,26.0
31.29,20.0
31.3,36.0
31.31,47.0
31.32,43.0
31.33,30.0
31.34,47.0
31.35,33.0
31.36,24.0
31.37,41.0
31.38,38.0
31.39,49.0
31.4,53.0
31.41,31.0
31.42,52.0
31.43,52.0
31.44,37.0
31.45,49.0
31.46,56.0
31.47,46.0
31.48,57.0
31.49,51.0
31.5,55.0
31.51,51.0
31.52,66.0
31.53,75.0
31.54,79.0
31.55,57.0
31.56,105.0
31.57,89.0
31.58,106.0
31.59,117.0
31.6,164.0
31.61,146.0
31.62,130.0
31.63,173.0
31.64,206.0
31.65,242.0
31.66,284.0
31.67,312.0
31.68,423.0
31.69,494.0
31.7,687.0
31.71,877.0
31.72,1178.0
31.73,1477.0
31.74,1956.0
31.75,2260.0
31.76,2319.0
31.77,2118.0
31.78,1908.0
31.79,1642.0
31.8,1478.0
31.81,1459.0
31.82,1507.0
31.83,1472.0
31.84,1384.0
31.85,1322.0
31.86,1085.0
31.87,869.0
31.88,704.0
31.89,528.0
31.9,420.0
31.91,359.0
31.92,305.0
31.93,256.0
31.94,227.0
31.95,194.0
31.96,175.0
31.97,126.0
31.98,121.0
31.99,124.0
32.0,111.0
32.01,113.0
32.02,94.0
32.03,65.0
32.04,80.0
32.05,67.0
32.06,80.0
32.07,65.0
32.08,64.0
32.09,48.0
32.1,56.0
32.11,56.0
32.12,40.0
32.13,57.0
32.14,51.0
32.15,49.0
32.16,51.0
32.17,53.0
32.18,45.0
32.19,41.0
32.2,48.0
32.21,40.0
32.22,31.0
32.23,41.0
32.24,37.0
32.25,37.0
32.26,37.0
32.27,47.0
32.28,40.0
32.29,37.0
32.3,23.0
32.31,45.0
32.32,37.0
32.33,30.0
32.34,37.0
32.35,35.0
32.36,35.0
32.37,24.0
32.38,34.0
32.39,26.0
32.4,27.0
32.41,26.0
32.42,29.0
32.43,28.0
32.44,35.0
32.45,23.0
32.46,34.0
32.47,24.0
32.48,42.0
32.49,34.0
32.5,34.0
32.51,40.0
32.52,29.0
32.53,38.0
32.54,36.0
32.55,35.0
32.56,31.0
32.57,39.0
32.58,29.0
32.59,49.0
32.6,42.0
32.61,46.0
32.62,78.0
32.63,55.0
32.64,61.0
32.65,56.0
32.66,52.0
32.67,62.0
32.68,39.0
32.69,41.0
32.7,45.0
32.71,41.0
32.72,30.0
32.73,36.0
32.74,39.0
32.75,32.0
32.76,29.0
32.77,42.0
32.78,26.0
32.79,31.0
32.8,21.0
32.81,29.0
32.82,30.0
32.83,27.0
32.84,26.0
32.85,22.0
32.86,16.0
32.87,33.0
32.88,25.0
32.89,25.0
32.9,23.0
32.91,18.0
32.92,28.0
32.93,28.0
32.94,22.0
32.95,28.0
32.96,21.0
32.97,26.0
32.98,21.0
32.99,29.0
33.0,31.0
33.01,31.0
33.02,23.0
33.03,32.0
33.04,33.0
33.05,24.0
33.06,32.0
33.07,30.0
33.08,28.0
33.09,23.0
33.1,23.0
33.11,25.0
33.12,20.0
33.13,34.0
33.14,29.0
33.15,14.0
33.16,26.0
33.17,26.0
33.18,31.0
33.19,30.0
33.2,33.0
33.21,24.0
33.22,26.0
33.23,27.0
33.24,32.0
33.25,24.0
33.26,26.0
33.27,23.0
33.28,28.0
33.29,23.0
33.3,26.0
33.31,30.0
33.32,31.0
33.33,21.0
33.34,25.0
33.35,20.0
33.36,31.0
33.37,21.0
33.38,25.0
33.39,21.0
33.4,28.0
33.41,35.0
33.42,22.0
33.43,28.0
33.44,38.0
33.45,29.0
33.46,20.0
33.47,27.0
33.48,22.0
33.49,27.0
33.5,23.0
33.51,34.0
33.52,26.0
33.53,27.0
33.54,27.0
33.55,28.0
33.56,33.0
33.57,35.0
33.58,30.0
33.59,25.0
33.6,32.0
33.61,26.0
33.62,25.0
33.63,24.0
33.64,29.0
33.65,18.0
33.66,30.0
33.67,34.0
33.68,34.0
33.69,23.0
33.7,41.0
33.71,20.0
33.72,34.0
33.73,33.0
33.74,25.0
33.75,31.0
33.76,21.0
33.77,37.0
33.78,25.0
33.79,27.0
33.8,28.0
33.81,25.0
33.82,26.0
33.83,33.0
33.84,24.0
33.85,31.0
33.86,32.0
33.87,23.0
33.88,25.0
33.89,28.0
33.9,23.0
33.91,24.0
33.92,24.0
33.93,36.0
33.94,24.0
33.95,25.0
33.96,34.0
33.97,20.0
33.98,31.0
33.99,26.0
34.0,36.0
34.01,26.0
34.02,30.0
34.03,31.0
34.04,36.0
34.05,31.0
34.06,33.0
34.07,36.0
34.08,38.0
34.09,31.0
34.1,36.0
34.11,32.0
34.12,22.0
34.13,28.0
34.14,32.0
34.15,33.0
34.16,29.0
34.17,44.0
34.18,33.0
34.19,44.0
34.2,54.0
34.21,48.0
34.22,51.0
34.23,45.0
34.24,52.0
34.25,50.0
34.26,63.0
34.27,75.0
34.28,69.0
34.29,91.0
34.3,86.0
34.31,101.0
34.32,119.0
34.33,124.0
34.34,167.0
34.35,209.0
34.36,208.0
34.37,297.0
34.38,379.0
34.39,476.0
34.4,614.0
34.41,722.0
34.42,816.0
34.43,779.0
34.44,812.0
34.45,734.0
34.46,667.0
34.47,575.0
34.48,493.0
34.49,475.0
34.5,475.0
34.51,521.0
34.52,495.0
34.53,457.0
34.54,352.0
34.55,333.0
34.56,228.0
34.57,209.0
34.58,166.0
34.59,159.0
34.6,113.0
34.61,86.0
34.62,75.0
34.63,85.0
34.64,88.0
34.65,64.0
34.66,69.0
34.67,60.0
34.68,70.0
34.69,57.0
34.7,69.0
34.71,52.0
34.72,54.0
34.73,42.0
34.74,56.0
34.75,49.0
34.76,51.0
34.77,43.0
34.78,28.0
34.79,43.0
34.8,41.0
34.81,38.0
34.82,39.0
34.83,32.0
34.84,34.0
34.85,23.0
34.86,30.0
34.87,26.0
34.88,37.0
34.89,43.0
34.9,32.0
34.91,35.0
34.92,37.0
34.93,41.0
34.94,32.0
34.95,42.0
34.96,34.0
34.97,39.0
34.98,35.0
34.99,30.0
35.0,36.0
35.01,38.0
35.02,37.0
35.03,40.0
35.04,29.0
35.05,51.0
35.06,49.0
35.07,32.0
35.08,33.0
35.09,43.0
35.1,51.0
35.11,40.0
35.12,31.0
35.13,30.0
35.14,34.0
35.15,32.0
35.16,37.0
35.17,42.0
35.18,32.0
35.19,39.0
35.2,41.0
35.21,37.0
35.22,35.0
35.23,36.0
35.24,36.0
35.25,32.0
35.26,28.0
35.27,44.0
35.28,40.0
35.29,34.0
35.3,34.0
35.31,32.0
35.32,31.0
35.33,30.0
35.34,38.0
35.35,24.0
35.36,39.0
35.37,34.0
35.38,25.0
35.39,37.0
35.4,39.0
35.41,35.0
35.42,36.0
35.43,39.0
35.44,25.0
35.45,33.0
35.46,29.0
35.47,30.0
35.48,36.0
35.49,33.0
35.5,37.0
35.51,16.0
35.52,32.0
35.53,28.0
35.54,39.0
35.55,33.0
35.56,36.0
35.57,42.0
35.58,44.0
35.59,37.0
35.6,42.0
35.61,39.0
35.62,45.0
35.63,33.0
35.64,41.0
35.65,41.0
35.66,38.0
35.67,41.0
35.68,39.0
35.69,34.0
35.7,34.0
35.71,28.0
35.72,41.0
35.73,43.0
35.74,37.0
35.75,44.0
35.76,41.0
35.77,31.0
35.78,44.0
35.79,39.0
35.8,43.0
35.81,38.0
35.82,48.0
35.83,49.0
35.84,30.0
35.85,57.0
35.86,41.0
35.87,38.0
35.88,64.0
35.89,47.0
35.9,53.0
35.91,60.0
35.92,56.0
35.93,64.0
35.94,53.0
35.95,70.0
35.96,68.0
35.97,75.0
35.98,82.0
35.99,89.0
36.0,90.0
36.01,83.0
36.02,85.0
36.03,103.0
36.04,117.0
36.05,113.0
36.06,152.0
36.07,169.0
36.08,152.0
36.09,189.0
36.1,198.0
36.11,209.0
36.12,245.0
36.13,278.0
36.14,337.0
36.15,394.0
36.16,454.0
36.17,569.0
36.18,580.0
36.19,810.0
36.2,941.0
36.21,1182.0
36.22,1424.0
36.23,1728.0
36.24,1948.0
36.25,1797.0
36.26,1553.0
36.27,1338.0
36.28,1253.0
36.29,1119.0
36.3,1103.0
36.31,1086.0
36.32,1139.0
36.33,1246.0
36.34,1053.0
36.35,923.0
36.36,768.0
36.37,628.0
36.38,554.0
36.39,445.0
36.4,355.0
36.41,328.0
36.42,291.0
36.43,282.0
36.44,207.0
36.45,232.0
36.46,152.0
36.47,159.0
36.48,145.0
36.49,132.0
36.5,122.0
36.51,109.0
36.52,105.0
36.53,104.0
36.54,95.0
36.55,92.0
36.56,79.0
36.57,79.0
36.58,67.0
36.59,71.0
36.6,72.0
36.61,56.0
36.62,73.0
36.63,58.0
36.64,54.0
36.65,63.0
36.66,43.0
36.67,62.0
36.68,53.0
36.69,45.0
36.7,51.0
36.71,40.0
36.72,36.0
36.73,35.0
36.74,46.0
36.75,44.0
36.76,42.0
36.77,38.0
36.78,47.0
36.79,58.0
36.8,37.0
36.81,40.0
36.82,45.0
36.83,42.0
36.84,36.0
36.85,36.0
36.86,31.0
36.87,46.0
36.88,38.0
36.89,30.0
36.9,33.0
36.91,39.0
36.92,44.0
36.93,31.0
36.94,36.0
36.95,30.0
36.96,20.0
36.97,31.0
36.98,31.0
36.99,35.0
37.0,31.0
37.01,20.0
37.02,22.0
37.03,45.0
37.04,42.0
37.05,39.0
37.06,29.0
37.07,23.0
37.08,23.0
37.09,23.0
37.1,29.0
37.11,29.0
37.12,18.0
37.13,23.0
37.14,33.0
37.15,25.0
37.16,38.0
37.17,24.0
37.18,24.0
37.19,38.0
37.2,25.0
37.21,27.0
37.22,27.0
37.23,24.0
37.24,35.0
37.25,24.0
37.26,28.0
37.27,24.0
37.28,29.0
37.29,28.0
37.3,26.0
37.31,23.0
37.32,36.0
37.33,27.0
37.34,27.0
37.35,28.0
37.36,14.0
37.37,23.0
37.38,29.0
37.39,27.0
37.4,18.0
37.41,26.0
37.42,46.0
37.43,31.0
37.44,22.0
37.45,26.0
37.46,28.0
37.47,28.0
37.48,29.0
37.49,24.0
37.5,26.0
37.51,34.0
37.52,26.0
37.53,23.0
37.54,33.0
37.55,26.0
37.56,26.0
37.57,28.0
37.58,23.0
37.59,25.0
37.6,22.0
37.61,21.0
37.62,32.0
37.63,29.0
37.64,24.0
37.65,23.0
37.66,31.0
37.67,27.0
37.68,25.0
37.69,24.0
37.7,30.0
37.71,25.0
37.72,26.0
37.73,26.0
37.74,25.0
37.75,27.0
37.76,25.0
37.77,23.0
37.78,21.0
37.79,22.0
37.8,32.0
37.81,23.0
37.82,33.0
37.83,19.0
37.84,24.0
37.85,19.0
37.86,19.0
37.87,28.0
37.88,28.0
37.89,19.0
37.9,29.0
37.91,25.0
37.92,24.0
37.93,27.0
37.94,19.0
37.95,28.0
37.96,24.0
37.97,22.0
37.98,26.0
37.99,19.0
38.0,16.0
38.01,24.0
38.02,24.0
38.03,22.0
38.04,25.0
38.05,26.0
38.06,17.0
38.07,25.0
38.08,34.0
38.09,26.0
38.1,30.0
38.11,31.0
38.12,21.0
38.13,20.0
38.14,26.0
38.15,16.0
38.16,28.0
38.17,37.0
38.18,21.0
38.19,27.0
38.2,23.0
38.21,24.0
38.22,24.0
38.23,31.0
38.24,22.0
38.25,15.0
38.26,19.0
38.27,30.0
38.28,29.0
38.29,24.0
38.3,17.0
38.31,21.0
38.32,25.0
38.33,23.0
38.34,23.0
38.35,21.0
38.36,18.0
38.37,20.0
38.38,18.0
38.39,19.0
38.4,19.0
38.41,24.0
38.42,35.0
38.43,23.0
38.44,19.0
38.45,31.0
38.46,12.0
38.47,23.0
38.48,23.0
38.49,26.0
38.5,24.0
38.51,30.0
38.52,28.0
38.53,23.0
38.54,22.0
38.55,18.0
38.56,21.0
38.57,19.0
38.58,18.0
38.59,15.0
38.6,24.0
38.61,31.0
38.62,25.0
38.63,22.0
38.64,25.0
38.65,29.0
38.66,16.0
38.67,33.0
38.68,20.0
38.69,26.0
38.7,16.0
38.71,24.0
38.72,19.0
38.73,16.0
38.74,23.0
38.75,26.0
38.76,24.0
38.77,18.0
38.78,27.0
38.79,20.0
38.8,33.0
38.81,19.0
38.82,21.0
38.83,26.0
38.84,31.0
38.85,16.0
38.86,23.0
38.87,21.0
38.88,21.0
38.89,17.0
38.9,24.0
38.91,23.0
38.92,32.0
38.93,18.0
38.94,24.0
38.95,26.0
38.96,28.0
38.97,18.0
38.98,19.0
38.99,26.0
39.0,12.0
39.01,23.0
39.02,18.0
39.03,27.0
39.04,27.0
39.05,22.0
39.06,28.0
39.07,18.0
39.08,23.0
39.09,24.0
39.1,24.0
39.11,29.0
39.12,26.0
39.13,31.0
39.14,21.0
39.15,21.0
39.16,25.0
39.17,18.0
39.18,23.0
39.19,23.0
39.2,19.0
39.21,20.0
39.22,20.0
39.23,26.0
39.24,17.0
39.25,17.0
39.26,26.0
39.27,16.0
39.28,29.0
39.29,26.0
39.3,21.0
39.31,32.0
39.32,27.0
39.33,23.0
39.34,22.0
39.35,21.0
39.36,29.0
39.37,23.0
39.38,24.0
39.39,23.0
39.4,31.0
39.41,22.0
39.42,33.0
39.43,23.0
39.44,22.0
39.45,23.0
39.46,25.0
39.47,22.0
39.48,21.0
39.49,18.0
39.5,26.0
39.51,22.0
39.52,24.0
39.53,22.0
39.54,27.0
39.55,26.0
39.56,30.0
39.57,27.0
39.58,20.0
39.59,22.0
39.6,20.0
39.61,21.0
39.62,30.0
39.63,15.0
39.64,31.0
39.65,22.0
39.66,27.0
39.67,27.0
39.68,21.0
39.69,18.0
39.7,22.0
39.71,30.0
39.72,21.0
39.73,20.0
39.74,21.0
39.75,23.0
39.76,24.0
39.77,16.0
39.78,20.0
39.79,35.0
39.8,27.0
39.81,21.0
39.82,24.0
39.83,24.0
39.84,17.0
39.85,24.0
39.86,26.0
39.87,22.0
39.88,29.0
39.89,25.0
39.9,22.0
39.91,23.0
39.92,14.0
39.93,17.0
39.94,20.0
39.95,23.0
39.96,23.0
39.97,17.0
39.98,21.0
39.99,27.0
40.0,21.0
40.01,21.0
40.02,25.0
40.03,21.0
40.04,24.0
40.05,23.0
40.06,18.0
40.07,20.0
40.08,22.0
40.09,17.0
40.1,22.0
40.11,24.0
40.12,18.0
40.13,19.0
40.14,19.0
40.15,14.0
40.16,25.0
40.17,17.0
40.18,18.0
40.19,29.0
40.2,24.0
40.21,25.0
40.22,18.0
40.23,24.0
40.24,28.0
40.25,18.0
40.26,22.0
40.27,26.0
40.28,15.0
40.29,19.0
40.3,16.0
40.31,20.0
40.32,17.0
40.33,30.0
40.34,21.0
40.35,28.0
40.36,16.0
40.37,23.0
40.38,14.0
40.39,20.0
40.4,24.0
40.41,18.0
40.42,23.0
40.43,16.0
40.44,24.0
40.45,24.0
40.46,15.0
40.47,21.0
40.48,24.0
40.49,30.0
40.5,27.0
40.51,24.0
40.52,18.0
40.53,18.0
40.54,23.0
40.55,24.0
40.56,16.0
40.57,15.0
40.58,22.0
40.59,15.0
40.6,29.0
40.61,28.0
40.62,18.0
40.63,20.0
40.64,22.0
40.65,18.0
40.66,20.0
40.67,21.0
40.68,12.0
40.69,20.0
40.7,28.0
40.71,17.0
40.72,26.0
40.73,22.0
40.74,33.0
40.75,29.0
40.76,21.0
40.77,23.0
40.78,24.0
40.79,24.0
40.8,19.0
40.81,23.0
40.82,19.0
40.83,19.0
40.84,22.0
40.85,19.0
40.86,23.0
40.87,21.0
40.88,22.0
40.89,25.0
40.9,24.0
40.91,18.0
40.92,25.0
40.93,29.0
40.94,18.0
40.95,23.0
40.96,26.0
40.97,14.0
40.98,16.0
40.99,16.0
41.0,27.0
41.01,21.0
41.02,12.0
41.03,24.0
41.04,18.0
41.05,16.0
41.06,26.0
41.07,31.0
41.08,13.0
41.09,20.0
41.1,29.0
41.11,34.0
41.12,21.0
41.13,22.0
41.14,22.0
41.15,25.0
41.16,20.0
41.17,19.0
41.18,20.0
41.19,24.0
41.2,23.0
41.21,21.0
41.22,26.0
41.23,25.0
41.24,23.0
41.25,23.0
41.26,22.0
41.27,25.0
41.28,21.0
41.29,26.0
41.3,26.0
41.31,15.0
41.32,21.0
41.33,39.0
41.34,23.0
41.35,24.0
41.36,12.0
41.37,14.0
41.38,27.0
41.39,18.0
41.4,20.0
41.41,17.0
41.42,18.0
41.43,17.0
41.44,19.0
41.45,23.0
41.46,26.0
41.47,15.0
41.48,29.0
41.49,25.0
41.5,25.0
41.51,14.0
41.52,24.0
41.53,17.0
41.54,19.0
41.55,17.0
41.56,16.0
41.57,20.0
41.58,20.0
41.59,16.0
41.6,16.0
41.61,32.0
41.62,17.0
41.63,19.0
41.64,22.0
41.65,23.0
41.66,19.0
41.67,17.0
41.68,16.0
41.69,12.0
41.7,19.0
41.71,22.0
41.72,21.0
41.73,22.0
41.74,23.0
41.75,25.0
41.76,24.0
41.77,15.0
41.78,17.0
41.79,24.0
41.8,19.0
41.81,23.0
41.82,17.0
41.83,20.0
41.84,28.0
41.85,15.0
41.86,16.0
41.87,30.0
41.88,17.0
41.89,19.0
41.9,15.0
41.91,18.0
41.92,19.0
41.93,21.0
41.94,18.0
41.95,15.0
41.96,14.0
41.97,26.0
41.98,19.0
41.99,17.0
42.0,15.0
42.01,27.0
42.02,19.0
42.03,20.0
42.04,23.0
42.05,22.0
42.06,27.0
42.07,21.0
42.08,19.0
42.09,24.0
42.1,17.0
42.11,27.0
42.12,14.0
42.13,27.0
42.14,21.0
42.15,24.0
42.16,25.0
42.17,21.0
42.18,28.0
42.19,29.0
42.2,24.0
42.21,25.0
42.22,22.0
42.23,11.0
42.24,25.0
42.25,25.0
42.26,20.0
42.27,18.0
42.28,15.0
42.29,23.0
42.3,26.0
42.31,24.0
42.32,22.0
42.33,22.0
42.34,22.0
42.35,15.0
42.36,22.0
42.37,21.0
42.38,17.0
42.39,26.0
42.4,22.0
42.41,19.0
42.42,17.0
42.43,22.0
42.44,20.0
42.45,17.0
42.46,22.0
42.47,21.0
42.48,26.0
42.49,21.0
42.5,20.0
42.51,26.0
42.52,26.0
42.53,23.0
42.54,29.0
42.55,23.0
42.56,30.0
42.57,19.0
42.58,22.0
42.59,18.0
42.6,20.0
42.61,21.0
42.62,19.0
42.63,27.0
42.64,27.0
42.65,18.0
42.66,17.0
42.67,33.0
42.68,34.0
42.69,21.0
42.7,28.0
42.71,29.0
42.72,34.0
42.73,21.0
42.74,29.0
42.75,23.0
42.76,24.0
42.77,25.0
42.78,26.0
42.79,26.0
42.8,21.0
42.81,23.0
42.82,30.0
42.83,22.0
42.84,24.0
42.85,26.0
42.86,16.0
42.87,24.0
42.88,25.0
42.89,26.0
42.9,32.0
42.91,15.0
42.92,25.0
42.93,29.0
42.94,19.0
42.95,10.0
42.96,27.0
42.97,18.0
42.98,20.0
42.99,17.0
43.0,23.0
43.01,15.0
43.02,16.0
43.03,23.0
43.04,25.0
43.05,25.0
43.06,24.0
43.07,19.0
43.08,22.0
43.09,28.0
43.1,28.0
43.11,21.0
43.12,20.0
43.13,20.0
43.14,13.0
43.15,28.0
43.16,20.0
43.17,25.0
43.18,20.0
43.19,25.0
43.2,26.0
43.21,23.0
43.22,26.0
43.23,22.0
43.24,21.0
43.25,15.0
43.26,21.0
43.27,27.0
43.28,20.0
43.29,30.0
43.3,23.0
43.31,19.0
43.32,28.0
43.33,23.0
43.34,17.0
43.35,19.0
43.36,25.0
43.37,28.0
43.38,18.0
43.39,21.0
43.4,26.0
43.41,17.0
43.42,16.0
43.43,22.0
43.44,26.0
43.45,27.0
43.46,18.0
43.47,19.0
43.48,16.0
43.49,27.0
43.5,22.0
43.51,22.0
43.52,23.0
43.53,26.0
43.54,21.0
43.55,21.0
43.56,27.0
43.57,15.0
43.58,23.0
43.59,19.0
43.6,31.0
43.61,20.0
43.62,20.0
43.63,18.0
43.64,17.0
43.65,17.0
43.66,30.0
43.67,30.0
43.68,15.0
43.69,25.0
43.7,25.0
43.71,20.0
43.72,21.0
43.73,21.0
43.74,14.0
43.75,25.0
43.76,22.0
43.77,14.0
43.78,27.0
43.79,17.0
43.8,25.0
43.81,21.0
43.82,21.0
43.83,18.0
43.84,14.0
43.85,21.0
43.86,16.0
43.87,11.0
43.88,16.0
43.89,16.0
43.9,25.0
43.91,31.0
43.92,12.0
43.93,18.0
43.94,18.0
43.95,19.0
43.96,22.0
43.97,27.0
43.98,29.0
43.99,21.0
44.0,23.0
44.01,28.0
44.02,20.0
44.03,17.0
44.04,18.0
44.05,28.0
44.06,25.0
44.07,12.0
44.08,20.0
44.09,27.0
44.1,17.0
44.11,22.0
44.12,24.0
44.13,22.0
44.14,19.0
44.15,22.0
44.16,21.0
44.17,15.0
44.18,24.0
44.19,20.0
44.2,20.0
44.21,25.0
44.22,15.0
44.23,25.0
44.24,16.0
44.25,16.0
44.26,21.0
44.27,17.0
44.28,34.0
44.29,16.0
44.3,15.0
44.31,23.0
44.32,30.0
44.33,23.0
44.34,21.0
44.35,27.0
44.36,23.0
44.37,18.0
44.38,28.0
44.39,20.0
44.4,25.0
44.41,10.0
44.42,17.0
44.43,15.0
44.44,20.0
44.45,8.0
44.46,15.0
44.47,20.0
44.48,20.0
44.49,25.0
44.5,25.0
44.51,24.0
44.52,18.0
44.53,16.0
44.54,27.0
44.55,14.0
44.56,19.0
44.57,20.0
44.58,23.0
44.59,23.0
44.6,31.0
44.61,24.0
44.62,15.0
44.63,25.0
44.64,21.0
44.65,15.0
44.66,24.0
44.67,14.0
44.68,25.0
44.69,24.0
44.7,21.0
44.71,18.0
44.72,23.0
44.73,24.0
44.74,14.0
44.75,18.0
44.76,15.0
44.77,11.0
44.78,15.0
44.79,20.0
44.8,24.0
44.81,28.0
44.82,33.0
44.83,11.0
44.84,30.0
44.85,27.0
44.86,27.0
44.87,16.0
44.88,25.0
44.89,21.0
44.9,17.0
44.91,22.0
44.92,15.0
44.93,20.0
44.94,23.0
44.95,32.0
44.96,11.0
44.97,21.0
44.98,20.0
44.99,19.0
45.0,24.0
45.01,16.0
45.02,26.0
45.03,21.0
45.04,20.0
45.05,25.0
45.06,25.0
45.07,20.0
45.08,25.0
45.09,27.0
45.1,18.0
45.11,22.0
45.12,21.0
45.13,21.0
45.14,17.0
45.15,16.0
45.16,17.0
45.17,18.0
45.18,28.0
45.19,15.0
45.2,21.0
45.21,17.0
45.22,16.0
45.23,13.0
45.24,29.0
45.25,20.0
45.26,25.0
45.27,19.0
45.28,19.0
45.29,22.0
45.3,22.0
45.31,23.0
45.32,25.0
45.33,25.0
45.34,20.0
45.35,11.0
45.36,31.0
45.37,13.0
45.38,31.0
45.39,17.0
45.4,19.0
45.41,10.0
45.42,35.0
45.43,24.0
45.44,18.0
45.45,20.0
45.46,15.0
45.47,18.0
45.48,20.0
45.49,23.0
45.5,19.0
45.51,25.0
45.52,15.0
45.53,17.0
45.54,14.0
45.55,25.0
45.56,19.0
45.57,17.0
45.58,27.0
45.59,13.0
45.6,14.0
45.61,24.0
45.62,18.0
45.63,24.0
45.64,21.0
45.65,21.0
45.66,17.0
45.67,16.0
45.68,13.0
45.69,27.0
45.7,23.0
45.71,27.0
45.72,22.0
45.73,32.0
45.74,13.0
45.75,22.0
45.76,23.0
45.77,26.0
45.78,22.0
45.79,15.0
45.8,21.0
45.81,23.0
45.82,18.0
45.83,27.0
45.84,18.0
45.85,24.0
45.86,23.0
45.87,32.0
45.88,18.0
45.89,19.0
45.9,24.0
45.91,24.0
45.92,15.0
45.93,23.0
45.94,14.0
45.95,17.0
45.96,22.0
45.97,20.0
45.98,15.0
45.99,17.0
46.0,22.0
46.01,18.0
46.02,20.0
46.03,31.0
46.04,20.0
46.05,27.0
46.06,26.0
46.07,24.0
46.08,14.0
46.09,27.0
46.1,38.0
46.11,27.0
46.12,17.0
46.13,21.0
46.14,17.0
46.15,12.0
46.16,18.0
46.17,25.0
46.18,26.0
46.19,21.0
46.2,28.0
46.21,27.0
46.22,26.0
46.23,24.0
46.24,15.0
46.25,23.0
46.26,17.0
46.27,22.0
46.28,23.0
46.29,27.0
46.3,18.0
46.31,18.0
46.32,23.0
46.33,21.0
46.34,27.0
46.35,20.0
46.36,15.0
46.37,24.0
46.38,23.0
46.39,20.0
46.4,21.0
46.41,23.0
46.42,24.0
46.43,21.0
46.44,28.0
46.45,24.0
46.46,18.0
46.47,25.0
46.48,28.0
46.49,16.0
46.5,17.0
46.51,26.0
46.52,26.0
46.53,26.0
46.54,16.0
46.55,22.0
46.56,23.0
46.57,25.0
46.58,24.0
46.59,22.0
46.6,23.0
46.61,29.0
46.62,28.0
46.63,20.0
46.64,26.0
46.65,24.0
46.66,20.0
46.67,27.0
46.68,28.0
46.69,19.0
46.7,22.0
46.71,17.0
46.72,21.0
46.73,24.0
46.74,30.0
46.75,34.0
46.76,24.0
46.77,23.0
46.78,20.0
46.79,20.0
46.8,20.0
46.81,21.0
46.82,25.0
46.83,15.0
46.84,22.0
46.85,19.0
46.86,26.0
46.87,19.0
46.88,22.0
46.89,24.0
46.9,22.0
46.91,22.0
46.92,25.0
46.93,19.0
46.94,23.0
46.95,26.0
46.96,26.0
46.97,25.0
46.98,35.0
46.99,27.0
47.0,11.0
47.01,33.0
47.02,25.0
47.03,26.0
47.04,24.0
47.05,39.0
47.06,28.0
47.07,27.0
47.08,28.0
47.09,35.0
47.1,23.0
47.11,27.0
47.12,22.0
47.13,23.0
47.14,23.0
47.15,29.0
47.16,38.0
47.17,29.0
47.18,34.0
47.19,27.0
47.2,28.0
47.21,32.0
47.22,28.0
47.23,29.0
47.24,41.0
47.25,22.0
47.26,33.0
47.27,32.0
47.28,45.0
47.29,36.0
47.3,35.0
47.31,38.0
47.32,48.0
47.33,44.0
47.34,39.0
47.35,55.0
47.36,63.0
47.37,44.0
47.38,60.0
47.39,63.0
47.4,65.0
47.41,74.0
47.42,95.0
47.43,114.0
47.44,107.0
47.45,123.0
47.46,142.0
47.47,142.0
47.48,155.0
47.49,211.0
47.5,205.0
47.51,224.0
47.52,248.0
47.53,191.0
47.54,232.0
47.55,217.0
47.56,192.0
47.57,205.0
47.58,157.0
47.59,180.0
47.6,165.0
47.61,176.0
47.62,153.0
47.63,157.0
47.64,151.0
47.65,167.0
47.66,149.0
47.67,141.0
47.68,108.0
47.69,107.0
47.7,96.0
47.71,81.0
47.72,76.0
47.73,77.0
47.74,73.0
47.75,62.0
47.76,55.0
47.77,51.0
47.78,55.0
47.79,47.0
47.8,32.0
47.81,49.0
47.82,40.0
47.83,32.0
47.84,33.0
47.85,40.0
47.86,30.0
47.87,38.0
47.88,34.0
47.89,28.0
47.9,20.0
47.91,37.0
47.92,31.0
47.93,37.0
47.94,29.0
47.95,31.0
47.96,32.0
47.97,22.0
47.98,27.0
47.99,35.0
48.0,27.0
48.01,27.0
48.02,27.0
48.03,31.0
48.04,26.0
48.05,25.0
48.06,31.0
48.07,23.0
48.08,26.0
48.09,28.0
48.1,33.0
48.11,29.0
48.12,17.0
48.13,26.0
48.14,29.0
48.15,26.0
48.16,21.0
48.17,28.0
48.18,18.0
48.19,24.0
48.2,18.0
48.21,28.0
48.22,23.0
48.23,30.0
48.24,17.0
48.25,11.0
48.26,21.0
48.27,32.0
48.28,26.0
48.29,16.0
48.3,23.0
48.31,20.0
48.32,28.0
48.33,20.0
48.34,27.0
48.35,18.0
48.36,22.0
48.37,28.0
48.38,26.0
48.39,22.0
48.4,32.0
48.41,23.0
48.42,31.0
48.43,18.0
48.44,18.0
48.45,14.0
48.46,20.0
48.47,27.0
48.48,25.0
48.49,24.0
48.5,16.0
48.51,20.0
48.52,36.0
48.53,30.0
48.54,32.0
48.55,27.0
48.56,25.0
48.57,21.0
48.58,24.0
48.59,16.0
48.6,21.0
48.61,19.0
48.62,25.0
48.63,23.0
48.64,21.0
48.65,13.0
48.66,13.0
48.67,19.0
48.68,26.0
48.69,25.0
48.7,16.0
48.71,21.0
48.72,14.0
48.73,21.0
48.74,24.0
48.75,20.0
48.76,24.0
48.77,24.0
48.78,19.0
48.79,20.0
48.8,20.0
48.81,23.0
48.82,18.0
48.83,18.0
48.84,28.0
48.85,24.0
48.86,25.0
48.87,18.0
48.88,25.0
48.89,13.0
48.9,28.0
48.91,26.0
48.92,16.0
48.93,18.0
48.94,22.0
48.95,16.0
48.96,28.0
48.97,23.0
48.98,15.0
48.99,22.0
49.0,19.0
49.01,18.0
49.02,17.0
49.03,20.0
49.04,18.0
49.05,17.0
49.06,16.0
49.07,16.0
49.08,31.0
49.09,25.0
49.1,21.0
49.11,37.0
49.12,24.0
49.13,19.0
49.14,20.0
49.15,22.0
49.16,18.0
49.17,12.0
49.18,19.0
49.19,24.0
49.2,19.0
49.21,20.0
49.22,22.0
49.23,26.0
49.24,22.0
49.25,17.0
49.26,17.0
49.27,20.0
49.28,19.0
49.29,16.0
49.3,29.0
49.31,26.0
49.32,19.0
49.33,19.0
49.34,17.0
49.35,22.0
49.36,17.0
49.37,18.0
49.38,16.0
49.39,20.0
49.4,20.0
49.41,28.0
49.42,24.0
49.43,16.0
49.44,21.0
49.45,20.0
49.46,26.0
49.47,28.0
49.48,19.0
49.49,19.0
49.5,27.0
49.51,27.0
49.52,23.0
49.53,21.0
49.54,28.0
49.55,17.0
49.56,17.0
49.57,23.0
49.58,21.0
49.59,27.0
49.6,23.0
49.61,24.0
49.62,23.0
49.63,15.0
49.64,23.0
49.65,18.0
49.66,32.0
49.67,22.0
49.68,21.0
49.69,15.0
49.7,20.0
49.71,23.0
49.72,20.0
49.73,23.0
49.74,26.0
49.75,21.0
49.76,24.0
49.77,15.0
49.78,23.0
49.79,24.0
49.8,17.0
49.81,19.0
49.82,26.0
49.83,22.0
49.84,21.0
49.85,18.0
49.86,18.0
49.87,20.0
49.88,20.0
49.89,22.0
49.9,25.0
49.91,16.0
49.92,17.0
49.93,25.0
49.94,26.0
49.95,30.0
49.96,21.0
49.97,29.0
49.98,21.0
49.99,21.0
50.0,18.0
50.01,27.0
50.02,13.0
50.03,15.0
50.04,16.0
50.05,18.0
50.06,30.0
50.07,19.0
50.08,25.0
50.09,29.0
50.1,32.0
50.11,23.0
50.12,21.0
50.13,12.0
50.14,20.0
50.15,24.0
50.16,25.0
50.17,27.0
50.18,17.0
50.19,25.0
50.2,23.0
50.21,27.0
50.22,19.0
50.23,15.0
50.24,27.0
50.25,21.0
50.26,17.0
50.27,11.0
50.28,29.0
50.29,27.0
50.3,18.0
50.31,13.0
50.32,21.0
50.33,17.0
50.34,22.0
50.35,22.0
50.36,20.0
50.37,19.0
50.38,21.0
50.39,22.0
50.4,22.0
50.41,31.0
50.42,24.0
50.43,28.0
50.44,23.0
50.45,17.0
50.46,18.0
50.47,23.0
50.48,27.0
50.49,27.0
50.5,20.0
50.51,29.0
50.52,25.0
50.53,29.0
50.54,20.0
50.55,22.0
50.56,18.0
50.57,28.0
50.58,25.0
50.59,22.0
50.6,25.0
50.61,26.0
50.62,34.0
50.63,33.0
50.64,39.0
50.65,37.0
50.66,43.0
50.67,49.0
50.68,53.0
50.69,42.0
50.7,39.0
50.71,42.0
50.72,39.0
50.73,37.0
50.74,28.0
50.75,42.0
50.76,37.0
50.77,38.0
50.78,27.0
50.79,24.0
50.8,25.0
50.81,30.0
50.82,27.0
50.83,19.0
50.84,29.0
50.85,17.0
50.86,27.0
50.87,25.0
50.88,22.0
50.89,26.0
50.9,27.0
50.91,24.0
50.92,23.0
50.93,29.0
50.94,30.0
50.95,19.0
50.96,12.0
50.97,36.0
50.98,19.0
50.99,24.0
51.0,18.0
51.01,18.0
51.02,23.0
51.03,23.0
51.04,29.0
51.05,19.0
51.06,19.0
51.07,18.0
51.08,27.0
51.09,26.0
51.1,26.0
51.11,18.0
51.12,21.0
51.13,24.0
51.14,27.0
51.15,15.0
51.16,29.0
51.17,18.0
51.18,22.0
51.19,17.0
51.2,25.0
51.21,21.0
51.22,16.0
51.23,28.0
51.24,25.0
51.25,21.0
51.26,25.0
51.27,30.0
51.28,23.0
51.29,24.0
51.3,16.0
51.31,13.0
51.32,25.0
51.33,22.0
51.34,13.0
51.35,24.0
51.36,21.0
51.37,23.0
51.38,21.0
51.39,24.0
51.4,27.0
51.41,26.0
51.42,17.0
51.43,22.0
51.44,20.0
51.45,22.0
51.46,22.0
51.47,25.0
51.48,20.0
51.49,27.0
51.5,22.0
51.51,27.0
51.52,19.0
51.53,23.0
51.54,17.0
51.55,16.0
51.56,22.0
51.57,20.0
51.58,23.0
51.59,24.0
51.6,30.0
51.61,23.0
51.62,23.0
51.63,21.0
51.64,11.0
51.65,27.0
51.66,26.0
51.67,22.0
51.68,24.0
51.69,23.0
51.7,18.0
51.71,20.0
51.72,21.0
51.73,23.0
51.74,27.0
51.75,23.0
51.76,18.0
51.77,17.0
51.78,18.0
51.79,25.0
51.8,18.0
51.81,21.0
51.82,24.0
51.83,15.0
51.84,19.0
51.85,20.0
51.86,21.0
51.87,24.0
51.88,16.0
51.89,26.0
51.9,21.0
51.91,27.0
51.92,14.0
51.93,18.0
51.94,24.0
51.95,15.0
51.96,18.0
51.97,20.0
51.98,22.0
51.99,25.0
52.0,22.0
52.01,17.0
52.02,19.0
52.03,23.0
52.04,20.0
52.05,20.0
52.06,18.0
52.07,21.0
52.08,22.0
52.09,17.0
52.1,19.0
52.11,20.0
52.12,26.0
52.13,26.0
52.14,22.0
52.15,19.0
52.16,15.0
52.17,14.0
52.18,24.0
52.19,16.0
52.2,22.0
52.21,14.0
52.22,18.0
52.23,25.0
52.24,13.0
52.25,18.0
52.26,20.0
52.27,16.0
52.28,15.0
52.29,31.0
52.3,19.0
52.31,14.0
52.32,18.0
52.33,23.0
52.34,19.0
52.35,22.0
52.36,24.0
52.37,22.0
52.38,24.0
52.39,23.0
52.4,31.0
52.41,21.0
52.42,25.0
52.43,24.0
52.44,17.0
52.45,21.0
52.46,17.0
52.47,15.0
52.48,14.0
52.49,27.0
52.5,24.0
52.51,25.0
52.52,25.0
52.53,25.0
52.54,16.0
52.55,25.0
52.56,23.0
52.57,26.0
52.58,21.0
52.59,23.0
52.6,25.0
52.61,21.0
52.62,27.0
52.63,22.0
52.64,23.0
52.65,17.0
52.66,24.0
52.67,24.0
52.68,24.0
52.69,15.0
52.7,19.0
52.71,21.0
52.72,27.0
52.73,23.0
52.74,24.0
52.75,19.0
52.76,21.0
52.77,27.0
52.78,18.0
52.79,17.0
52.8,18.0
52.81,26.0
52.82,23.0
52.83,19.0
52.84,20.0
52.85,21.0
52.86,23.0
52.87,23.0
52.88,14.0
52.89,21.0
52.9,19.0
52.91,24.0
52.92,25.0
52.93,17.0
52.94,25.0
52.95,17.0
52.96,21.0
52.97,19.0
52.98,21.0
52.99,18.0
53.0,17.0
53.01,30.0
53.02,18.0
53.03,21.0
53.04,23.0
53.05,26.0
53.06,22.0
53.07,18.0
53.08,14.0
53.09,17.0
53.1,24.0
53.11,17.0
53.12,25.0
53.13,20.0
53.14,20.0
53.15,17.0
53.16,19.0
53.17,17.0
53.18,19.0
53.19,21.0
53.2,24.0
53.21,23.0
53.22,17.0
53.23,16.0
53.24,18.0
53.25,16.0
53.26,13.0
53.27,20.0
53.28,18.0
53.29,26.0
53.3,23.0
53.31,21.0
53.32,26.0
53.33,24.0
53.34,20.0
53.35,19.0
53.36,19.0
53.37,26.0
53.38,19.0
53.39,28.0
53.4,16.0
53.41,22.0
53.42,30.0
53.43,22.0
53.44,33.0
53.45,18.0
53.46,20.0
53.47,13.0
53.48,18.0
53.49,19.0
53.5,22.0
53.51,17.0
53.52,25.0
53.53,17.0
53.54,24.0
53.55,24.0
53.56,24.0
53.57,25.0
53.58,19.0
53.59,22.0
53.6,23.0
53.61,20.0
53.62,26.0
53.63,23.0
53.64,19.0
53.65,17.0
53.66,23.0
53.67,17.0
53.68,22.0
53.69,22.0
53.7,23.0
53.71,19.0
53.72,29.0
53.73,17.0
53.74,16.0
53.75,21.0
53.76,30.0
53.77,26.0
53.78,20.0
53.79,20.0
53.8,18.0
53.81,23.0
53.82,18.0
53.83,24.0
53.84,23.0
53.85,25.0
53.86,22.0
53.87,22.0
53.88,17.0
53.89,26.0
53.9,23.0
53.91,12.0
53.92,10.0
53.93,27.0
53.94,29.0
53.95,17.0
53.96,19.0
53.97,26.0
53.98,25.0
53.99,26.0
54.0,23.0
54.01,18.0
54.02,24.0
54.03,16.0
54.04,20.0
54.05,22.0
54.06,22.0
54.07,20.0
54.08,23.0
54.09,20.0
54.1,17.0
54.11,17.0
54.12,24.0
54.13,19.0
54.14,15.0
54.15,27.0
54.16,29.0
54.17,26.0
54.18,14.0
54.19,16.0
54.2,22.0
54.21,24.0
54.22,20.0
54.23,19.0
54.24,19.0
54.25,26.0
54.26,18.0
54.27,21.0
54.28,15.0
54.29,19.0
54.3,26.0
54.31,21.0
54.32,19.0
54.33,21.0
54.34,19.0
54.35,27.0
54.36,26.0
54.37,19.0
54.38,27.0
54.39,17.0
54.4,19.0
54.41,24.0
54.42,24.0
54.43,16.0
54.44,33.0
54.45,22.0
54.46,25.0
54.47,29.0
54.48,29.0
54.49,18.0
54.5,34.0
54.51,22.0
54.52,21.0
54.53,26.0
54.54,25.0
54.55,17.0
54.56,28.0
54.57,25.0
54.58,24.0
54.59,21.0
54.6,20.0
54.61,18.0
54.62,16.0
54.63,25.0
54.64,22.0
54.65,31.0
54.66,24.0
54.67,20.0
54.68,22.0
54.69,31.0
54.7,37.0
54.71,18.0
54.72,17.0
54.73,22.0
54.74,29.0
54.75,23.0
54.76,24.0
54.77,28.0
54.78,19.0
54.79,28.0
54.8,21.0
54.81,17.0
54.82,19.0
54.83,23.0
54.84,25.0
54.85,23.0
54.86,25.0
54.87,27.0
54.88,22.0
54.89,34.0
54.9,20.0
54.91,27.0
54.92,34.0
54.93,26.0
54.94,28.0
54.95,14.0
54.96,26.0
54.97,26.0
54.98,25.0
54.99,26.0
55.0,29.0
55.01,20.0
55.02,21.0
55.03,16.0
55.04,22.0
55.05,27.0
55.06,25.0
55.07,19.0
55.08,20.0
55.09,18.0
55.1,22.0
55.11,31.0
55.12,22.0
55.13,21.0
55.14,28.0
55.15,23.0
55.16,31.0
55.17,20.0
55.18,22.0
55.19,35.0
55.2,31.0
55.21,20.0
55.22,22.0
55.23,16.0
55.24,29.0
55.25,27.0
55.26,30.0
55.27,25.0
55.28,27.0
55.29,21.0
55.3,30.0
55.31,25.0
55.32,31.0
55.33,18.0
55.34,21.0
55.35,28.0
55.36,29.0
55.37,22.0
55.38,26.0
55.39,24.0
55.4,21.0
55.41,28.0
55.42,27.0
55.43,26.0
55.44,33.0
55.45,29.0
55.46,24.0
55.47,31.0
55.48,32.0
55.49,24.0
55.5,20.0
55.51,33.0
55.52,25.0
55.53,24.0
55.54,24.0
55.55,24.0
55.56,28.0
55.57,20.0
55.58,31.0
55.59,26.0
55.6,20.0
55.61,25.0
55.62,22.0
55.63,24.0
55.64,35.0
55.65,26.0
55.66,31.0
55.67,25.0
55.68,28.0
55.69,26.0
55.7,30.0
55.71,27.0
55.72,25.0
55.73,26.0
55.74,24.0
55.75,30.0
55.76,18.0
55.77,35.0
55.78,24.0
55.79,24.0
55.8,34.0
55.81,33.0
55.82,23.0
55.83,23.0
55.84,29.0
55.85,28.0
55.86,30.0
55.87,23.0
55.88,48.0
55.89,36.0
55.9,26.0
55.91,26.0
55.92,30.0
55.93,35.0
55.94,30.0
55.95,30.0
55.96,28.0
55.97,35.0
55.98,25.0
55.99,29.0
56.0,36.0
56.01,31.0
56.02,33.0
56.03,37.0
56.04,32.0
56.05,32.0
56.06,49.0
56.07,47.0
56.08,33.0
56.09,33.0
56.1,43.0
56.11,44.0
56.12,43.0
56.13,43.0
56.14,50.0
56.15,42.0
56.16,59.0
56.17,70.0
56.18,58.0
56.19,58.0
56.2,61.0
56.21,56.0
56.22,63.0
56.23,72.0
56.24,64.0
56.25,73.0
56.26,62.0
56.27,91.0
56.28,91.0
56.29,83.0
56.3,86.0
56.31,90.0
56.32,99.0
56.33,92.0
56.34,95.0
56.35,114.0
56.36,132.0
56.37,148.0
56.38,132.0
56.39,162.0
56.4,166.0
56.41,201.0
56.42,245.0
56.43,280.0
56.44,315.0
56.45,394.0
56.46,459.0
56.47,569.0
56.48,667.0
56.49,845.0
56.5,1099.0
56.51,1199.0
56.52,1396.0
56.53,1416.0
56.54,1435.0
56.55,1414.0
56.56,1307.0
56.57,1162.0
56.58,968.0
56.59,847.0
56.6,666.0
56.61,614.0
56.62,609.0
56.63,611.0
56.64,629.0
56.65,728.0
56.66,805.0
56.67,865.0
56.68,872.0
56.69,862.0
56.7,845.0
56.71,746.0
56.72,636.0
56.73,555.0
56.74,453.0
56.75,401.0
56.76,310.0
56.77,308.0
56.78,230.0
56.79,209.0
56.8,167.0
56.81,172.0
56.82,128.0
56.83,135.0
56.84,136.0
56.85,132.0
56.86,104.0
56.87,86.0
56.88,103.0
56.89,91.0
56.9,74.0
56.91,67.0
56.92,66.0
56.93,65.0
56.94,55.0
56.95,63.0
56.96,54.0
56.97,64.0
56.98,52.0
56.99,56.0
57.0,69.0
57.01,58.0
57.02,49.0
57.03,46.0
57.04,33.0
57.05,41.0
57.06,35.0
57.07,42.0
57.08,42.0
57.09,35.0
57.1,43.0
57.11,34.0
57.12,40.0
57.13,33.0
57.14,34.0
57.15,33.0
57.16,41.0
57.17,40.0
57.18,35.0
57.19,33.0
57.2,38.0
57.21,32.0
57.22,31.0
57.23,20.0
57.24,32.0
57.25,34.0
57.26,34.0
57.27,42.0
57.28,21.0
57.29,26.0
57.3,31.0
57.31,35.0
57.32,42.0
57.33,26.0
57.34,37.0
57.35,39.0
57.36,37.0
57.37,34.0
57.38,29.0
57.39,28.0
57.4,30.0
57.41,37.0
57.42,32.0
57.43,24.0
57.44,31.0
57.45,27.0
57.46,36.0
57.47,30.0
57.48,24.0
57.49,21.0
57.5,28.0
57.51,23.0
57.52,31.0
57.53,28.0
57.54,26.0
57.55,29.0
57.56,25.0
57.57,23.0
57.58,28.0
57.59,20.0
57.6,24.0
57.61,23.0
57.62,33.0
57.63,26.0
57.64,27.0
57.65,37.0
57.66,31.0
57.67,28.0
57.68,35.0
57.69,40.0
57.7,32.0
57.71,22.0
57.72,29.0
57.73,23.0
57.74,30.0
57.75,15.0
57.76,19.0
57.77,24.0
57.78,24.0
57.79,20.0
57.8,34.0
57.81,23.0
57.82,29.0
57.83,38.0
57.84,23.0
57.85,22.0
57.86,34.0
57.87,24.0
57.88,12.0
57.89,15.0
57.9,19.0
57.91,24.0
57.92,23.0
57.93,29.0
57.94,17.0
57.95,23.0
57.96,23.0
57.97,24.0
57.98,21.0
57.99,22.0
58.0,23.0
58.01,28.0
58.02,31.0
58.03,21.0
58.04,22.0
58.05,31.0
58.06,26.0
58.07,29.0
58.08,19.0
58.09,29.0
58.1,30.0
58.11,21.0
58.12,25.0
58.13,21.0
58.14,26.0
58.15,22.0
58.16,30.0
58.17,28.0
58.18,30.0
58.19,45.0
58.2,20.0
58.21,25.0
58.22,10.0
58.23,26.0
58.24,19.0
58.25,25.0
58.26,15.0
58.27,30.0
58.28,22.0
58.29,30.0
58.3,19.0
58.31,18.0
58.32,17.0
58.33,32.0
58.34,24.0
58.35,25.0
58.36,24.0
58.37,19.0
58.38,27.0
58.39,28.0
58.4,20.0
58.41,19.0
58.42,22.0
58.43,23.0
58.44,22.0
58.45,19.0
58.46,24.0
58.47,26.0
58.48,24.0
58.49,20.0
58.5,27.0
58.51,21.0
58.52,18.0
58.53,25.0
58.54,24.0
58.55,23.0
58.56,24.0
58.57,23.0
58.58,25.0
58.59,24.0
58.6,18.0
58.61,18.0
58.62,24.0
58.63,17.0
58.64,21.0
58.65,22.0
58.66,18.0
58.67,29.0
58.68,21.0
58.69,28.0
58.7,22.0
58.71,20.0
58.72,24.0
58.73,21.0
58.74,27.0
58.75,19.0
58.76,18.0
58.77,28.0
58.78,29.0
58.79,18.0
58.8,21.0
58.81,27.0
58.82,28.0
58.83,17.0
58.84,20.0
58.85,31.0
58.86,22.0
58.87,23.0
58.88,19.0
58.89,28.0
58.9,23.0
58.91,19.0
58.92,21.0
58.93,17.0
58.94,22.0
58.95,14.0
58.96,24.0
58.97,24.0
58.98,21.0
58.99,25.0
59.0,21.0
59.01,24.0
59.02,31.0
59.03,24.0
59.04,31.0
59.05,25.0
59.06,21.0
59.07,26.0
59.08,19.0
59.09,23.0
59.1,16.0
59.11,27.0
59.12,22.0
59.13,16.0
59.14,21.0
59.15,31.0
59.16,31.0
59.17,22.0
59.18,26.0
59.19,29.0
59.2,20.0
59.21,21.0
59.22,22.0
59.23,23.0
59.24,24.0
59.25,21.0
59.26,15.0
59.27,22.0
59.28,30.0
59.29,32.0
59.3,24.0
59.31,19.0
59.32,20.0
59.33,26.0
59.34,36.0
59.35,27.0
59.36,27.0
59.37,19.0
59.38,19.0
59.39,21.0
59.4,28.0
59.41,16.0
59.42,28.0
59.43,26.0
59.44,20.0
59.45,22.0
59.46,24.0
59.47,25.0
59.48,21.0
59.49,22.0
59.5,17.0
59.51,18.0
59.52,31.0
59.53,32.0
59.54,23.0
59.55,23.0
59.56,20.0
59.57,17.0
59.58,26.0
59.59,27.0
59.6,28.0
59.61,27.0
59.62,33.0
59.63,23.0
59.64,21.0
59.65,13.0
59.66,26.0
59.67,21.0
59.68,24.0
59.69,24.0
59.7,23.0
59.71,19.0
59.72,19.0
59.73,17.0
59.74,24.0
59.75,14.0
59.76,28.0
59.77,21.0
59.78,16.0
59.79,30.0
59.8,14.0
59.81,28.0
59.82,19.0
59.83,24.0
59.84,26.0
59.85,24.0
59.86,29.0
59.87,22.0
59.88,19.0
59.89,18.0
59.9,16.0
59.91,23.0
59.92,15.0
59.93,30.0
59.94,31.0
59.95,27.0
59.96,26.0
59.97,35.0
59.98,22.0
59.99,15.0
60.0,22.0
60.01,17.0
60.02,21.0
60.03,27.0
60.04,26.0
60.05,24.0
60.06,21.0
60.07,29.0
60.08,23.0
60.09,29.0
60.1,26.0
60.11,22.0
60.12,21.0
60.13,26.0
60.14,19.0
60.15,28.0
60.16,28.0
60.17,24.0
60.18,20.0
60.19,29.0
60.2,31.0
60.21,29.0
60.22,22.0
60.23,22.0
60.24,21.0
60.25,25.0
60.26,29.0
60.27,14.0
60.28,23.0
60.29,12.0
60.3,24.0
60.31,17.0
60.32,16.0
60.33,26.0
60.34,16.0
60.35,24.0
60.36,19.0
60.37,21.0
60.38,26.0
60.39,25.0
60.4,28.0
60.41,27.0
60.42,30.0
60.43,27.0
60.44,25.0
60.45,17.0
60.46,19.0
60.47,23.0
60.48,22.0
60.49,23.0
60.5,33.0
60.51,33.0
60.52,23.0
60.53,32.0
60.54,23.0
60.55,26.0
60.56,18.0
60.57,37.0
60.58,33.0
60.59,21.0
60.6,35.0
60.61,35.0
60.62,32.0
60.63,21.0
60.64,22.0
60.65,25.0
60.66,25.0
60.67,25.0
60.68,15.0
60.69,19.0
60.7,33.0
60.71,20.0
60.72,28.0
60.73,23.0
60.74,20.0
60.75,25.0
60.76,20.0
60.77,29.0
60.78,29.0
60.79,19.0
60.8,21.0
60.81,26.0
60.82,30.0
60.83,23.0
60.84,33.0
60.85,21.0
60.86,18.0
60.87,28.0
60.88,24.0
60.89,21.0
60.9,25.0
60.91,35.0
60.92,24.0
60.93,31.0
60.94,24.0
60.95,39.0
60.96,35.0
60.97,19.0
60.98,26.0
60.99,21.0
61.0,19.0
61.01,22.0
61.02,22.0
61.03,23.0
61.04,26.0
61.05,24.0
61.06,28.0
61.07,22.0
61.08,23.0
61.09,16.0
61.1,20.0
61.11,21.0
61.12,30.0
61.13,28.0
61.14,27.0
61.15,22.0
61.16,22.0
61.17,17.0
61.18,28.0
61.19,22.0
61.2,21.0
61.21,18.0
61.22,25.0
61.23,23.0
61.24,33.0
61.25,31.0
61.26,21.0
61.27,25.0
61.28,30.0
61.29,21.0
61.3,26.0
61.31,32.0
61.32,27.0
61.33,26.0
61.34,29.0
61.35,25.0
61.36,27.0
61.37,30.0
61.38,22.0
61.39,20.0
61.4,24.0
61.41,22.0
61.42,29.0
61.43,35.0
61.44,26.0
61.45,14.0
61.46,24.0
61.47,36.0
61.48,28.0
61.49,22.0
61.5,31.0
61.51,34.0
61.52,17.0
61.53,30.0
61.54,24.0
61.55,31.0
61.56,24.0
61.57,28.0
61.58,30.0
61.59,27.0
61.6,26.0
61.61,33.0
61.62,22.0
61.63,23.0
61.64,35.0
61.65,28.0
61.66,23.0
61.67,26.0
61.68,21.0
61.69,26.0
61.7,29.0
61.71,29.0
61.72,31.0
61.73,30.0
61.74,28.0
61.75,30.0
61.76,23.0
61.77,27.0
61.78,23.0
61.79,25.0
61.8,23.0
61.81,32.0
61.82,20.0
61.83,29.0
61.84,23.0
61.85,25.0
61.86,14.0
61.87,24.0
61.88,22.0
61.89,26.0
61.9,23.0
61.91,24.0
61.92,33.0
61.93,18.0
61.94,23.0
61.95,30.0
61.96,29.0
61.97,34.0
61.98,23.0
61.99,18.0
62.0,21.0
62.01,31.0
62.02,30.0
62.03,24.0
62.04,32.0
62.05,27.0
62.06,29.0
62.07,33.0
62.08,24.0
62.09,26.0
62.1,19.0
62.11,23.0
62.12,35.0
62.13,31.0
62.14,45.0
62.15,17.0
62.16,26.0
62.17,31.0
62.18,37.0
62.19,28.0
62.2,28.0
62.21,30.0
62.22,19.0
62.23,32.0
62.24,28.0
62.25,15.0
62.26,31.0
62.27,29.0
62.28,28.0
62.29,20.0
62.3,29.0
62.31,29.0
62.32,30.0
62.33,29.0
62.34,41.0
62.35,45.0
62.36,26.0
62.37,32.0
62.38,42.0
62.39,42.0
62.4,37.0
62.41,25.0
62.42,26.0
62.43,26.0
62.44,35.0
62.45,26.0
62.46,40.0
62.47,39.0
62.48,36.0
62.49,56.0
62.5,34.0
62.51,49.0
62.52,51.0
62.53,58.0
62.54,58.0
62.55,46.0
62.56,47.0
62.57,74.0
62.58,64.0
62.59,67.0
62.6,58.0
62.61,74.0
62.62,77.0
62.63,83.0
62.64,87.0
62.65,79.0
62.66,95.0
62.67,79.0
62.68,110.0
62.69,105.0
62.7,135.0
62.71,144.0
62.72,131.0
62.73,171.0
62.74,186.0
62.75,201.0
62.76,247.0
62.77,278.0
62.78,282.0
62.79,357.0
62.8,370.0
62.81,372.0
62.82,388.0
62.83,335.0
62.84,322.0
62.85,311.0
62.86,307.0
62.87,251.0
62.88,249.0
62.89,260.0
62.9,211.0
62.91,177.0
62.92,223.0
62.93,231.0
62.94,216.0
62.95,232.0
62.96,206.0
62.97,226.0
62.98,248.0
62.99,215.0
63.0,188.0
63.01,194.0
63.02,183.0
63.03,163.0
63.04,170.0
63.05,155.0
63.06,121.0
63.07,100.0
63.08,110.0
63.09,87.0
63.1,84.0
63.11,76.0
63.12,71.0
63.13,61.0
63.14,63.0
63.15,63.0
63.16,63.0
63.17,62.0
63.18,63.0
63.19,51.0
63.2,53.0
63.21,56.0
63.22,53.0
63.23,39.0
63.24,38.0
63.25,43.0
63.26,42.0
63.27,43.0
63.28,41.0
63.29,41.0
63.3,43.0
63.31,40.0
63.32,38.0
63.33,30.0
63.34,26.0
63.35,45.0
63.36,29.0
63.37,35.0
63.38,26.0
63.39,24.0
63.4,38.0
63.41,24.0
63.42,27.0
63.43,34.0
63.44,26.0
63.45,31.0
63.46,37.0
63.47,34.0
63.48,28.0
63.49,29.0
63.5,32.0
63.51,28.0
63.52,26.0
63.53,20.0
63.54,25.0
63.55,23.0
63.56,27.0
63.57,28.0
63.58,34.0
63.59,29.0
63.6,27.0
63.61,33.0
63.62,22.0
63.63,20.0
63.64,28.0
63.65,31.0
63.66,22.0
63.67,36.0
63.68,23.0
63.69,30.0
63.7,19.0
63.71,25.0
63.72,22.0
63.73,26.0
63.74,19.0
63.75,20.0
63.76,30.0
63.77,25.0
63.78,28.0
63.79,18.0
63.8,17.0
63.81,23.0
63.82,20.0
63.83,29.0
63.84,33.0
63.85,19.0
63.86,19.0
63.87,14.0
63.88,27.0
63.89,22.0
63.9,21.0
63.91,23.0
63.92,28.0
63.93,25.0
63.94,28.0
63.95,31.0
63.96,25.0
63.97,31.0
63.98,21.0
63.99,27.0
64.0,31.0
64.01,22.0
64.02,36.0
64.03,24.0
64.04,22.0
64.05,41.0
64.06,34.0
64.07,32.0
64.08,26.0
64.09,25.0
64.1,21.0
64.11,31.0
64.12,29.0
64.13,25.0
64.14,20.0
64.15,24.0
64.16,26.0
64.17,25.0
64.18,21.0
64.19,25.0
64.2,19.0
64.21,17.0
64.22,23.0
64.23,30.0
64.24,23.0
64.25,19.0
64.26,31.0
64.27,17.0
64.28,17.0
64.29,20.0
64.3,18.0
64.31,20.0
64.32,22.0
64.33,23.0
64.34,21.0
64.35,17.0
64.36,25.0
64.37,18.0
64.38,27.0
64.39,19.0
64.4,30.0
64.41,24.0
64.42,24.0
64.43,23.0
64.44,25.0
64.45,27.0
64.46,21.0
64.47,22.0
64.48,19.0
64.49,27.0
64.5,20.0
64.51,25.0
64.52,28.0
64.53,26.0
64.54,19.0
64.55,21.0
64.56,16.0
64.57,25.0
64.58,27.0
64.59,24.0
64.6,29.0
64.61,28.0
64.62,28.0
64.63,23.0
64.64,27.0
64.65,27.0
64.66,24.0
64.67,19.0
64.68,24.0
64.69,27.0
64.7,32.0
64.71,24.0
64.72,24.0
64.73,22.0
64.74,14.0
64.75,26.0
64.76,20.0
64.77,21.0
64.78,21.0
64.79,22.0
64.8,18.0
64.81,29.0
64.82,23.0
64.83,22.0
64.84,23.0
64.85,18.0
64.86,25.0
64.87,25.0
64.88,32.0
64.89,27.0
64.9,18.0
64.91,19.0
64.92,27.0
64.93,28.0
64.94,22.0
64.95,17.0
64.96,20.0
64.97,19.0
64.98,21.0
64.99,27.0
65.0,18.0
65.01,24.0
65.02,32.0
65.03,19.0
65.04,22.0
65.05,30.0
65.06,30.0
65.07,29.0
65.08,19.0
65.09,16.0
65.1,26.0
65.11,21.0
65.12,22.0
65.13,22.0
65.14,19.0
65.15,22.0
65.16,22.0
65.17,30.0
65.18,26.0
65.19,28.0
65.2,21.0
65.21,23.0
65.22,22.0
65.23,26.0
65.24,22.0
65.25,16.0
65.26,26.0
65.27,19.0
65.28,17.0
65.29,25.0
65.3,24.0
65.31,24.0
65.32,36.0
65.33,30.0
65.34,32.0
65.35,19.0
65.36,19.0
65.37,23.0
65.38,29.0
65.39,26.0
65.4,31.0
65.41,25.0
65.42,27.0
65.43,20.0
65.44,23.0
65.45,19.0
65.46,26.0
65.47,25.0
65.48,23.0
65.49,17.0
65.5,29.0
65.51,30.0
65.52,30.0
65.53,21.0
65.54,26.0
65.55,23.0
65.56,22.0
65.57,33.0
65.58,23.0
65.59,25.0
65.6,29.0
65.61,25.0
65.62,23.0
65.63,27.0
65.64,24.0
65.65,25.0
65.66,23.0
65.67,26.0
65.68,23.0
65.69,23.0
65.7,23.0
65.71,25.0
65.72,23.0
65.73,26.0
65.74,23.0
65.75,24.0
65.76,35.0
65.77,22.0
65.78,26.0
65.79,26.0
65.8,19.0
65.81,25.0
65.82,18.0
65.83,28.0
65.84,37.0
65.85,20.0
65.86,25.0
65.87,33.0
65.88,32.0
65.89,26.0
65.9,27.0
65.91,30.0
65.92,23.0
65.93,25.0
65.94,31.0
65.95,25.0
65.96,30.0
65.97,24.0
65.98,28.0
65.99,30.0
66.0,32.0
66.01,22.0
66.02,31.0
66.03,26.0
66.04,25.0
66.05,31.0
66.06,31.0
66.07,29.0
66.08,29.0
66.09,45.0
66.1,41.0
66.11,38.0
66.12,42.0
66.13,36.0
66.14,46.0
66.15,29.0
66.16,54.0
66.17,46.0
66.18,47.0
66.19,54.0
66.2,63.0
66.21,47.0
66.22,55.0
66.23,80.0
66.24,92.0
66.25,104.0
66.26,98.0
66.27,134.0
66.28,135.0
66.29,103.0
66.3,118.0
66.31,107.0
66.32,127.0
66.33,100.0
66.34,91.0
66.35,96.0
66.36,95.0
66.37,95.0
66.38,77.0
66.39,74.0
66.4,62.0
66.41,70.0
66.42,69.0
66.43,81.0
66.44,89.0
66.45,73.0
66.46,81.0
66.47,81.0
66.48,85.0
66.49,84.0
66.5,78.0
66.51,76.0
66.52,77.0
66.53,59.0
66.54,50.0
66.55,57.0
66.56,67.0
66.57,38.0
66.58,57.0
66.59,41.0
66.6,37.0
66.61,43.0
66.62,35.0
66.63,30.0
66.64,37.0
66.65,35.0
66.66,31.0
66.67,39.0
66.68,38.0
66.69,28.0
66.7,22.0
66.71,30.0
66.72,21.0
66.73,26.0
66.74,27.0
66.75,25.0
66.76,32.0
66.77,32.0
66.78,21.0
66.79,29.0
66.8,38.0
66.81,31.0
66.82,21.0
66.83,22.0
66.84,27.0
66.85,28.0
66.86,26.0
66.87,17.0
66.88,23.0
66.89,21.0
66.9,22.0
66.91,30.0
66.92,22.0
66.93,28.0
66.94,26.0
66.95,27.0
66.96,25.0
66.97,20.0
66.98,25.0
66.99,23.0
67.0,32.0
67.01,28.0
67.02,27.0
67.03,28.0
67.04,20.0
67.05,25.0
67.06,24.0
67.07,27.0
67.08,21.0
67.09,28.0
67.1,19.0
67.11,30.0
67.12,28.0
67.13,16.0
67.14,22.0
67.15,25.0
67.16,27.0
67.17,26.0
67.18,31.0
67.19,23.0
67.2,21.0
67.21,24.0
67.22,36.0
67.23,35.0
67.24,32.0
67.25,27.0
67.26,30.0
67.27,28.0
67.28,33.0
67.29,28.0
67.3,34.0
67.31,27.0
67.32,24.0
67.33,34.0
67.34,32.0
67.35,27.0
67.36,39.0
67.37,38.0
67.38,33.0
67.39,23.0
67.4,24.0
67.41,36.0
67.42,35.0
67.43,33.0
67.44,42.0
67.45,38.0
67.46,31.0
67.47,36.0
67.48,43.0
67.49,39.0
67.5,29.0
67.51,38.0
67.52,43.0
67.53,44.0
67.54,40.0
67.55,44.0
67.56,40.0
67.57,58.0
67.58,62.0
67.59,49.0
67.6,45.0
67.61,40.0
67.62,54.0
67.63,62.0
67.64,62.0
67.65,68.0
67.66,55.0
67.67,73.0
67.68,84.0
67.69,58.0
67.7,62.0
67.71,80.0
67.72,93.0
67.73,93.0
67.74,111.0
67.75,124.0
67.76,130.0
67.77,152.0
67.78,143.0
67.79,165.0
67.8,212.0
67.81,202.0
67.82,225.0
67.83,264.0
67.84,315.0
67.85,341.0
67.86,378.0
67.87,449.0
67.88,458.0
67.89,470.0
67.9,496.0
67.91,416.0
67.92,412.0
67.93,323.0
67.94,285.0
67.95,277.0
67.96,229.0
67.97,227.0
67.98,208.0
67.99,196.0
68.0,184.0
68.01,218.0
68.02,211.0
68.03,225.0
68.04,230.0
68.05,274.0
68.06,257.0
68.07,264.0
68.08,271.0
68.09,269.0
68.1,271.0
68.11,212.0
68.12,185.0
68.13,175.0
68.14,145.0
68.15,125.0
68.16,114.0
68.17,106.0
68.18,94.0
68.19,79.0
68.2,92.0
68.21,77.0
68.22,78.0
68.23,78.0
68.24,63.0
68.25,72.0
68.26,55.0
68.27,55.0
68.28,68.0
68.29,55.0
68.3,75.0
68.31,63.0
68.32,43.0
68.33,52.0
68.34,38.0
68.35,39.0
68.36,50.0
68.37,50.0
68.38,42.0
68.39,34.0
68.4,41.0
68.41,43.0
68.42,37.0
68.43,29.0
68.44,36.0
68.45,41.0
68.46,49.0
68.47,43.0
68.48,38.0
68.49,37.0
68.5,34.0
68.51,45.0
68.52,36.0
68.53,33.0
68.54,38.0
68.55,42.0
68.56,35.0
68.57,37.0
68.58,28.0
68.59,38.0
68.6,42.0
68.61,39.0
68.62,31.0
68.63,38.0
68.64,41.0
68.65,30.0
68.66,38.0
68.67,31.0
68.68,33.0
68.69,45.0
68.7,38.0
68.71,46.0
68.72,32.0
68.73,40.0
68.74,39.0
68.75,43.0
68.76,40.0
68.77,42.0
68.78,44.0
68.79,59.0
68.8,52.0
68.81,56.0
68.82,59.0
68.83,62.0
68.84,55.0
68.85,68.0
68.86,62.0
68.87,76.0
68.88,82.0
68.89,99.0
68.9,96.0
68.91,117.0
68.92,106.0
68.93,137.0
68.94,143.0
68.95,161.0
68.96,184.0
68.97,204.0
68.98,244.0
68.99,208.0
69.0,214.0
69.01,226.0
69.02,204.0
69.03,225.0
69.04,202.0
69.05,191.0
69.06,195.0
69.07,204.0
69.08,148.0
69.09,141.0
69.1,142.0
69.11,164.0
69.12,130.0
69.13,127.0
69.14,147.0
69.15,123.0
69.16,160.0
69.17,147.0
69.18,126.0
69.19,139.0
69.2,160.0
69.21,125.0
69.22,129.0
69.23,134.0
69.24,96.0
69.25,104.0
69.26,116.0
69.27,85.0
69.28,91.0
69.29,95.0
69.3,74.0
69.31,55.0
69.32,68.0
69.33,71.0
69.34,51.0
69.35,54.0
69.36,45.0
69.37,47.0
69.38,50.0
69.39,47.0
69.4,42.0
69.41,51.0
69.42,49.0
69.43,49.0
69.44,47.0
69.45,35.0
69.46,32.0
69.47,26.0
69.48,42.0
69.49,33.0
69.5,32.0
69.51,21.0
69.52,36.0
69.53,37.0
69.54,45.0
69.55,29.0
69.56,36.0
69.57,30.0
69.58,25.0
69.59,26.0
69.6,26.0
69.61,30.0
69.62,28.0
69.63,21.0
69.64,23.0
69.65,31.0
69.66,31.0
69.67,24.0
69.68,23.0
69.69,24.0
69.7,26.0
69.71,26.0
69.72,30.0
69.73,33.0
69.74,17.0
69.75,29.0
69.76,25.0
69.77,22.0
69.78,23.0
69.79,27.0
69.8,23.0
69.81,25.0
69.82,30.0
69.83,22.0
69.84,31.0
69.85,18.0
69.86,34.0
69.87,34.0
69.88,16.0
69.89,21.0
69.9,24.0
69.91,22.0
69.92,28.0
69.93,19.0
69.94,19.0
69.95,30.0
69.96,21.0
69.97,35.0
69.98,23.0
69.99,18.0
70.0,25.0
70.01,26.0
70.02,25.0
70.03,25.0
70.04,19.0
70.05,21.0
70.06,14.0
70.07,12.0
70.08,23.0
70.09,20.0
70.1,23.0
70.11,26.0
70.12,27.0
70.13,27.0
70.14,29.0
70.15,19.0
70.16,18.0
70.17,29.0
70.18,19.0
70.19,20.0
70.2,22.0
70.21,23.0
70.22,23.0
70.23,21.0
70.24,23.0
70.25,25.0
70.26,20.0
70.27,22.0
70.28,14.0
70.29,25.0
70.3,21.0
70.31,21.0
70.32,18.0
70.33,22.0
70.34,22.0
70.35,25.0
70.36,24.0
70.37,26.0
70.38,25.0
70.39,16.0
70.4,26.0
70.41,27.0
70.42,26.0
70.43,25.0
70.44,26.0
70.45,25.0
70.46,20.0
70.47,19.0
70.48,25.0
70.49,20.0
70.5,25.0
70.51,14.0
70.52,25.0
70.53,27.0
70.54,30.0
70.55,24.0
70.56,24.0
70.57,18.0
70.58,26.0
70.59,26.0
70.6,20.0
70.61,23.0
70.62,23.0
70.63,14.0
70.64,25.0
70.65,21.0
70.66,24.0
70.67,21.0
70.68,25.0
70.69,20.0
70.7,28.0
70.71,27.0
70.72,16.0
70.73,26.0
70.74,23.0
70.75,15.0
70.76,23.0
70.77,16.0
70.78,14.0
70.79,21.0
70.8,21.0
70.81,23.0
70.82,23.0
70.83,24.0
70.84,22.0
70.85,19.0
70.86,25.0
70.87,23.0
70.88,21.0
70.89,28.0
70.9,24.0
70.91,23.0
70.92,17.0
70.93,22.0
70.94,21.0
70.95,16.0
70.96,31.0
70.97,17.0
70.98,28.0
70.99,22.0
71.0,23.0
71.01,25.0
71.02,25.0
71.03,26.0
71.04,19.0
71.05,23.0
71.06,31.0
71.07,17.0
71.08,15.0
71.09,19.0
71.1,19.0
71.11,29.0
71.12,15.0
71.13,24.0
71.14,24.0
71.15,15.0
71.16,28.0
71.17,21.0
71.18,30.0
71.19,20.0
71.2,29.0
71.21,25.0
71.22,17.0
71.23,22.0
71.24,22.0
71.25,25.0
71.26,17.0
71.27,26.0
71.28,22.0
71.29,28.0
71.3,24.0
71.31,19.0
71.32,27.0
71.33,16.0
71.34,20.0
71.35,21.0
71.36,30.0
71.37,25.0
71.38,21.0
71.39,17.0
71.4,14.0
71.41,15.0
71.42,22.0
71.43,24.0
71.44,20.0
71.45,20.0
71.46,26.0
71.47,25.0
71.48,25.0
71.49,21.0
71.5,17.0
71.51,18.0
71.52,19.0
71.53,18.0
71.54,16.0
71.55,33.0
71.56,10.0
71.57,15.0
71.58,21.0
71.59,19.0
71.6,30.0
71.61,34.0
71.62,25.0
71.63,27.0
71.64,19.0
71.65,18.0
71.66,17.0
71.67,29.0
71.68,21.0
71.69,21.0
71.7,24.0
71.71,20.0
71.72,21.0
71.73,21.0
71.74,20.0
71.75,25.0
71.76,23.0
71.77,25.0
71.78,22.0
71.79,20.0
71.8,26.0
71.81,25.0
71.82,26.0
71.83,20.0
71.84,20.0
71.85,21.0
71.86,26.0
71.87,21.0
71.88,17.0
71.89,25.0
71.9,27.0
71.91,26.0
71.92,25.0
71.93,21.0
71.94,18.0
71.95,25.0
71.96,18.0
71.97,25.0
71.98,16.0
71.99,24.0
72.0,21.0
72.01,17.0
72.02,26.0
72.03,24.0
72.04,18.0
72.05,18.0
72.06,20.0
72.07,23.0
72.08,27.0
72.09,29.0
72.1,20.0
72.11,21.0
72.12,26.0
72.13,29.0
72.14,29.0
72.15,28.0
72.16,26.0
72.17,27.0
72.18,19.0
72.19,17.0
72.2,23.0
72.21,28.0
72.22,26.0
72.23,22.0
72.24,22.0
72.25,26.0
72.26,24.0
72.27,29.0
72.28,22.0
72.29,19.0
72.3,21.0
72.31,30.0
72.32,23.0
72.33,27.0
72.34,23.0
72.35,22.0
72.36,24.0
72.37,28.0
72.38,21.0
72.39,29.0
72.4,27.0
72.41,30.0
72.42,26.0
72.43,32.0
72.44,36.0
72.45,20.0
72.46,35.0
72.47,46.0
72.48,44.0
72.49,50.0
72.5,34.0
72.51,36.0
72.52,36.0
72.53,35.0
72.54,48.0
72.55,35.0
72.56,38.0
72.57,41.0
72.58,44.0
72.59,34.0
72.6,33.0
72.61,33.0
72.62,40.0
72.63,18.0
72.64,25.0
72.65,26.0
72.66,30.0
72.67,23.0
72.68,35.0
72.69,36.0
72.7,19.0
72.71,28.0
72.72,26.0
72.73,35.0
72.74,25.0
72.75,41.0
72.76,24.0
72.77,38.0
72.78,31.0
72.79,25.0
72.8,19.0
72.81,30.0
72.82,23.0
72.83,28.0
72.84,19.0
72.85,33.0
72.86,30.0
72.87,25.0
72.88,18.0
72.89,25.0
72.9,25.0
72.91,27.0
72.92,21.0
72.93,29.0
72.94,25.0
72.95,21.0
72.96,26.0
72.97,20.0
72.98,18.0
72.99,19.0
73.0,23.0
73.01,17.0
73.02,21.0
73.03,23.0
73.04,21.0
73.05,24.0
73.06,21.0
73.07,24.0
73.08,19.0
73.09,11.0
73.1,25.0
73.11,21.0
73.12,17.0
73.13,21.0
73.14,25.0
73.15,22.0
73.16,18.0
73.17,21.0
73.18,22.0
73.19,26.0
73.2,31.0
73.21,23.0
73.22,22.0
73.23,14.0
73.24,19.0
73.25,17.0
73.26,19.0
73.27,23.0
73.28,22.0
73.29,25.0
73.3,19.0
73.31,19.0
73.32,21.0
73.33,23.0
73.34,27.0
73.35,23.0
73.36,25.0
73.37,27.0
73.38,16.0
73.39,20.0
73.4,24.0
73.41,33.0
73.42,23.0
73.43,29.0
73.44,23.0
73.45,24.0
73.46,18.0
73.47,21.0
73.48,21.0
73.49,25.0
73.5,29.0
73.51,23.0
73.52,22.0
73.53,18.0
73.54,20.0
73.55,27.0
73.56,23.0
73.57,21.0
73.58,22.0
73.59,21.0
73.6,16.0
73.61,18.0
73.62,21.0
73.63,21.0
73.64,26.0
73.65,17.0
73.66,13.0
73.67,19.0
73.68,29.0
73.69,18.0
73.7,24.0
73.71,20.0
73.72,16.0
73.73,28.0
73.74,18.0
73.75,14.0
73.76,20.0
73.77,23.0
73.78,16.0
73.79,15.0
73.8,26.0
73.81,25.0
73.82,31.0
73.83,23.0
73.84,23.0
73.85,11.0
73.86,21.0
73.87,15.0
73.88,16.0
73.89,17.0
73.9,24.0
73.91,19.0
73.92,18.0
73.93,11.0
73.94,22.0
73.95,22.0
73.96,17.0
73.97,27.0
73.98,16.0
73.99,19.0
74.0,20.0
74.01,24.0
74.02,26.0
74.03,23.0
74.04,23.0
74.05,31.0
74.06,23.0
74.07,21.0
74.08,18.0
74.09,29.0
74.1,26.0
74.11,19.0
74.12,20.0
74.13,13.0
74.14,10.0
74.15,22.0
74.16,18.0
74.17,17.0
74.18,20.0
74.19,19.0
74.2,14.0
74.21,25.0
74.22,11.0
74.23,23.0
74.24,19.0
74.25,19.0
74.26,20.0
74.27,25.0
74.28,18.0
74.29,25.0
74.3,15.0
74.31,23.0
74.32,22.0
74.33,23.0
74.34,15.0
74.35,23.0
74.36,26.0
74.37,27.0
74.38,23.0
74.39,22.0
74.4,25.0
74.41,18.0
74.42,21.0
74.43,15.0
74.44,25.0
74.45,14.0
74.46,22.0
74.47,14.0
74.48,21.0
74.49,21.0
74.5,27.0
74.51,24.0
74.52,22.0
74.53,15.0
74.54,23.0
74.55,14.0
74.56,20.0
74.57,20.0
74.58,14.0
74.59,25.0
74.6,21.0
74.61,19.0
74.62,26.0
74.63,20.0
74.64,21.0
74.65,23.0
74.66,16.0
74.67,20.0
74.68,30.0
74.69,27.0
74.7,16.0
74.71,17.0
74.72,16.0
74.73,19.0
74.74,26.0
74.75,24.0
74.76,26.0
74.77,18.0
74.78,14.0
74.79,25.0
74.8,21.0
74.81,17.0
74.82,25.0
74.83,21.0
74.84,18.0
74.85,24.0
74.86,18.0
74.87,25.0
74.88,23.0
74.89,14.0
74.9,23.0
74.91,15.0
74.92,24.0
74.93,12.0
74.94,28.0
74.95,25.0
74.96,17.0
74.97,18.0
74.98,15.0
74.99,28.0
75.0,23.0
75.01,16.0
75.02,24.0
75.03,30.0
75.04,24.0
75.05,17.0
75.06,13.0
75.07,25.0
75.08,22.0
75.09,17.0
75.1,29.0
75.11,15.0
75.12,24.0
75.13,26.0
75.14,20.0
75.15,22.0
75.16,31.0
75.17,20.0
75.18,16.0
75.19,26.0
75.2,16.0
75.21,25.0
75.22,21.0
75.23,17.0
75.24,12.0
75.25,17.0
75.26,17.0
75.27,30.0
75.28,18.0
75.29,16.0
75.3,18.0
75.31,15.0
75.32,16.0
75.33,15.0
75.34,24.0
75.35,27.0
75.36,12.0
75.37,20.0
75.38,27.0
75.39,20.0
75.4,24.0
75.41,21.0
75.42,16.0
75.43,25.0
75.44,14.0
75.45,28.0
75.46,17.0
75.47,22.0
75.48,28.0
75.49,19.0
75.5,13.0
75.51,25.0
75.52,24.0
75.53,15.0
75.54,22.0
75.55,22.0
75.56,23.0
75.57,16.0
75.58,22.0
75.59,19.0
75.6,19.0
75.61,21.0
75.62,27.0
75.63,17.0
75.64,23.0
75.65,24.0
75.66,26.0
75.67,23.0
75.68,25.0
75.69,18.0
75.7,11.0
75.71,19.0
75.72,16.0
75.73,19.0
75.74,25.0
75.75,21.0
75.76,15.0
75.77,25.0
75.78,31.0
75.79,22.0
75.8,20.0
75.81,21.0
75.82,16.0
75.83,23.0
75.84,26.0
75.85,14.0
75.86,20.0
75.87,23.0
75.88,20.0
75.89,27.0
75.9,18.0
75.91,17.0
75.92,15.0
75.93,23.0
75.94,16.0
75.95,18.0
75.96,23.0
75.97,21.0
75.98,23.0
75.99,23.0
76.0,19.0
76.01,24.0
76.02,25.0
76.03,20.0
76.04,29.0
76.05,15.0
76.06,30.0
76.07,19.0
76.08,19.0
76.09,23.0
76.1,24.0
76.11,18.0
76.12,15.0
76.13,21.0
76.14,21.0
76.15,19.0
76.16,29.0
76.17,24.0
76.18,23.0
76.19,15.0
76.2,19.0
76.21,21.0
76.22,23.0
76.23,26.0
76.24,12.0
76.25,24.0
76.26,19.0
76.27,26.0
76.28,29.0
76.29,25.0
76.3,24.0
76.31,27.0
76.32,18.0
76.33,20.0
76.34,30.0
76.35,16.0
76.36,22.0
76.37,17.0
76.38,22.0
76.39,25.0
76.4,21.0
76.41,21.0
76.42,19.0
76.43,24.0
76.44,26.0
76.45,19.0
76.46,28.0
76.47,22.0
76.48,21.0
76.49,24.0
76.5,15.0
76.51,25.0
76.52,23.0
76.53,20.0
76.54,19.0
76.55,19.0
76.56,19.0
76.57,19.0
76.58,22.0
76.59,23.0
76.6,20.0
76.61,22.0
76.62,32.0
76.63,27.0
76.64,28.0
76.65,31.0
76.66,35.0
76.67,31.0
76.68,36.0
76.69,34.0
76.7,26.0
76.71,39.0
76.72,26.0
76.73,24.0
76.74,30.0
76.75,23.0
76.76,35.0
76.77,38.0
76.78,44.0
76.79,50.0
76.8,47.0
76.81,42.0
76.82,44.0
76.83,54.0
76.84,36.0
76.85,43.0
76.86,37.0
76.87,53.0
76.88,46.0
76.89,46.0
76.9,43.0
76.91,49.0
76.92,43.0
76.93,51.0
76.94,38.0
76.95,43.0
76.96,36.0
76.97,40.0
76.98,32.0
76.99,41.0
77.0,40.0
77.01,31.0
77.02,37.0
77.03,34.0
77.04,51.0
77.05,42.0
77.06,39.0
77.07,38.0
77.08,43.0
77.09,43.0
77.1,44.0
77.11,28.0
77.12,37.0
77.13,33.0
77.14,45.0
77.15,38.0
77.16,32.0
77.17,30.0
77.18,29.0
77.19,26.0
77.2,29.0
77.21,25.0
77.22,24.0
77.23,32.0
77.24,22.0
77.25,24.0
77.26,28.0
77.27,25.0
77.28,19.0
77.29,22.0
77.3,26.0
77.31,22.0
77.32,24.0
77.33,27.0
77.34,22.0
77.35,13.0
77.36,20.0
77.37,19.0
77.38,19.0
77.39,22.0
77.4,19.0
77.41,25.0
77.42,19.0
77.43,22.0
77.44,23.0
77.45,19.0
77.46,25.0
77.47,23.0
77.48,22.0
77.49,18.0
77.5,27.0
77.51,20.0
77.52,13.0
77.53,24.0
77.54,23.0
77.55,29.0
77.56,20.0
77.57,22.0
77.58,19.0
77.59,19.0
77.6,16.0
77.61,22.0
77.62,17.0
77.63,19.0
77.64,15.0
77.65,21.0
77.66,16.0
77.67,20.0
77.68,23.0
77.69,20.0
77.7,21.0
77.71,12.0
77.72,22.0
77.73,22.0
77.74,25.0
77.75,14.0
77.76,20.0
77.77,28.0
77.78,27.0
77.79,23.0
77.8,16.0
77.81,25.0
77.82,27.0
77.83,20.0
77.84,17.0
77.85,23.0
77.86,25.0
77.87,23.0
77.88,11.0
77.89,23.0
77.9,22.0
77.91,22.0
77.92,13.0
77.93,23.0
77.94,18.0
77.95,31.0
77.96,23.0
77.97,20.0
77.98,25.0
77.99,20.0
78.0,20.0
78.01,24.0
78.02,20.0
78.03,19.0
78.04,27.0
78.05,21.0
78.06,21.0
78.07,24.0
78.08,17.0
78.09,32.0
78.1,18.0
78.11,22.0
78.12,18.0
78.13,21.0
78.14,26.0
78.15,18.0
78.16,20.0
78.17,23.0
78.18,17.0
78.19,20.0
78.2,26.0
78.21,19.0
78.22,23.0
78.23,23.0
78.24,19.0
78.25,17.0
78.26,21.0
78.27,25.0
78.28,16.0
78.29,13.0
78.3,20.0
78.31,14.0
78.32,18.0
78.33,16.0
78.34,26.0
78.35,28.0
78.36,17.0
78.37,25.0
78.38,28.0
78.39,18.0
78.4,26.0
78.41,22.0
78.42,21.0
78.43,17.0
78.44,11.0
78.45,24.0
78.46,27.0
78.47,20.0
78.48,16.0
78.49,20.0
78.5,10.0
78.51,23.0
78.52,24.0
78.53,25.0
78.54,20.0
78.55,26.0
78.56,18.0
78.57,28.0
78.58,24.0
78.59,27.0
78.6,25.0
78.61,19.0
78.62,23.0
78.63,23.0
78.64,19.0
78.65,14.0
78.66,32.0
78.67,15.0
78.68,20.0
78.69,27.0
78.7,21.0
78.71,15.0
78.72,26.0
78.73,21.0
78.74,16.0
78.75,23.0
78.76,21.0
78.77,19.0
78.78,23.0
78.79,21.0
78.8,27.0
78.81,25.0
78.82,27.0
78.83,23.0
78.84,20.0
78.85,22.0
78.86,18.0
78.87,20.0
78.88,15.0
78.89,20.0
78.9,16.0
78.91,18.0
78.92,24.0
78.93,23.0
78.94,24.0
78.95,20.0
78.96,18.0
78.97,24.0
78.98,24.0
78.99,21.0
79.0,21.0
79.01,23.0
79.02,18.0
79.03,28.0
79.04,20.0
79.05,25.0
79.06,19.0
79.07,25.0
79.08,21.0
79.09,14.0
79.1,25.0
79.11,25.0
79.12,19.0
79.13,22.0
79.14,16.0
79.15,18.0
79.16,22.0
79.17,19.0
79.18,31.0
79.19,37.0
79.2,21.0
79.21,16.0
79.22,14.0
79.23,16.0
79.24,16.0
79.25,19.0
79.26,20.0
79.27,25.0
79.28,12.0
79.29,25.0
79.3,21.0
79.31,20.0
79.32,24.0
79.33,22.0
79.34,13.0
79.35,25.0
79.36,20.0
79.37,23.0
79.38,18.0
79.39,24.0
79.4,19.0
79.41,19.0
79.42,21.0
79.43,24.0
79.44,15.0
79.45,17.0
79.46,25.0
79.47,20.0
79.48,22.0
79.49,17.0
79.5,19.0
79.51,23.0
79.52,19.0
79.53,19.0
79.54,20.0
79.55,19.0
79.56,21.0
79.57,25.0
79.58,23.0
79.59,16.0
79.6,12.0
79.61,14.0
79.62,22.0
79.63,12.0
79.64,23.0
79.65,20.0
79.66,29.0
79.67,30.0
79.68,20.0
79.69,17.0
79.7,24.0
79.71,23.0
79.72,16.0
79.73,21.0
79.74,21.0
79.75,20.0
79.76,17.0
79.77,20.0
79.78,21.0
79.79,17.0
79.8,20.0
79.81,16.0
79.82,15.0
79.83,20.0
79.84,20.0
79.85,14.0
79.86,18.0
79.87,21.0
79.88,18.0
79.89,24.0
79.9,22.0
79.91,22.0
79.92,17.0
79.93,15.0
79.94,18.0
79.95,26.0
79.96,13.0
79.97,20.0
79.98,20.0
79.99,23.0
80.0,25.0
80.01,22.0
80.02,17.0
80.03,20.0
80.04,15.0
80.05,28.0
80.06,17.0
80.07,17.0
80.08,22.0
80.09,23.0
80.1,28.0
80.11,16.0
80.12,12.0
80.13,16.0
80.14,18.0
80.15,19.0
80.16,22.0
80.17,21.0
80.18,18.0
80.19,20.0
80.2,15.0
80.21,18.0
80.22,19.0
80.23,21.0
80.24,24.0
80.25,14.0
80.26,12.0
80.27,18.0
80.28,17.0
80.29,14.0
80.3,18.0
80.31,22.0
80.32,18.0
80.33,15.0
80.34,23.0
80.35,24.0
80.36,15.0
80.37,16.0
80.38,24.0
80.39,21.0
80.4,19.0
80.41,15.0
80.42,20.0
80.43,24.0
80.44,22.0
80.45,25.0
80.46,17.0
80.47,21.0
80.48,18.0
80.49,25.0
80.5,18.0
80.51,24.0
80.52,17.0
80.53,14.0
80.54,24.0
80.55,14.0
80.56,24.0
80.57,22.0
80.58,14.0
80.59,15.0
80.6,13.0
80.61,22.0
80.62,23.0
80.63,29.0
80.64,17.0
80.65,20.0
80.66,26.0
80.67,15.0
80.68,18.0
80.69,23.0
80.7,24.0
80.71,18.0
80.72,27.0
80.73,22.0
80.74,19.0
80.75,16.0
80.76,22.0
80.77,19.0
80.78,17.0
80.79,20.0
80.8,16.0
80.81,16.0
80.82,13.0
80.83,23.0
80.84,28.0
80.85,13.0
80.86,16.0
80.87,25.0
80.88,18.0
80.89,21.0
80.9,24.0
80.91,22.0
80.92,18.0
80.93,21.0
80.94,29.0
80.95,27.0
80.96,16.0
80.97,16.0
80.98,30.0
80.99,19.0
81.0,19.0
81.01,25.0
81.02,34.0
81.03,20.0
81.04,20.0
81.05,21.0
81.06,27.0
81.07,21.0
81.08,25.0
81.09,21.0
81.1,28.0
81.11,31.0
81.12,22.0
81.13,17.0
81.14,32.0
81.15,30.0
81.16,25.0
81.17,38.0
81.18,34.0
81.19,19.0
81.2,23.0
81.21,23.0
81.22,24.0
81.23,36.0
81.24,30.0
81.25,34.0
81.26,30.0
81.27,28.0
81.28,32.0
81.29,36.0
81.3,21.0
81.31,23.0
81.32,40.0
81.33,26.0
81.34,33.0
81.35,28.0
81.36,29.0
81.37,34.0
81.38,43.0
81.39,34.0
81.4,33.0
81.41,26.0
81.42,29.0
81.43,26.0
81.44,28.0
81.45,30.0
81.46,27.0
81.47,29.0
81.48,33.0
81.49,31.0
81.5,32.0
81.51,23.0
81.52,35.0
81.53,18.0
81.54,20.0
81.55,34.0
81.56,22.0
81.57,29.0
81.58,26.0
81.59,29.0
81.6,24.0
81.61,27.0
81.62,28.0
81.63,20.0
81.64,24.0
81.65,21.0
81.66,22.0
81.67,20.0
81.68,23.0
81.69,24.0
81.7,30.0
81.71,27.0
81.72,27.0
81.73,22.0
81.74,27.0
81.75,20.0
81.76,24.0
81.77,29.0
81.78,23.0
81.79,19.0
81.8,22.0
81.81,17.0
81.82,22.0
81.83,20.0
81.84,22.0
81.85,21.0
81.86,22.0
81.87,24.0
81.88,23.0
81.89,23.0
81.9,20.0
81.91,21.0
81.92,20.0
81.93,21.0
81.94,28.0
81.95,19.0
81.96,13.0
81.97,11.0
81.98,23.0
81.99,23.0
82.0,18.0
82.01,22.0
82.02,23.0
82.03,23.0
82.04,24.0
82.05,14.0
82.06,13.0
82.07,22.0
82.08,30.0
82.09,19.0
82.1,24.0
82.11,20.0
82.12,21.0
82.13,25.0
82.14,22.0
82.15,16.0
82.16,16.0
82.17,27.0
82.18,18.0
82.19,16.0
82.2,23.0
82.21,27.0
82.22,12.0
82.23,21.0
82.24,17.0
82.25,17.0
82.26,21.0
82.27,23.0
82.28,22.0
82.29,27.0
82.3,19.0
82.31,15.0
82.32,25.0
82.33,18.0
82.34,17.0
82.35,22.0
82.36,12.0
82.37,8.0
82.38,18.0
82.39,21.0
82.4,16.0
82.41,24.0
82.42,17.0
82.43,19.0
82.44,25.0
82.45,21.0
82.46,18.0
82.47,19.0
82.48,19.0
82.49,20.0
82.5,19.0
82.51,20.0
82.52,22.0
82.53,22.0
82.54,18.0
82.55,21.0
82.56,22.0
82.57,28.0
82.58,14.0
82.59,29.0
82.6,14.0
82.61,20.0
82.62,21.0
82.63,27.0
82.64,22.0
82.65,17.0
82.66,23.0
82.67,23.0
82.68,22.0
82.69,24.0
82.7,32.0
82.71,24.0
82.72,18.0
82.73,21.0
82.74,20.0
82.75,13.0
82.76,13.0
82.77,24.0
82.78,18.0
82.79,28.0
82.8,12.0
82.81,18.0
82.82,18.0
82.83,21.0
82.84,19.0
82.85,23.0
82.86,26.0
82.87,24.0
82.88,19.0
82.89,31.0
82.9,27.0
82.91,14.0
82.92,26.0
82.93,17.0
82.94,15.0
82.95,18.0
82.96,21.0
82.97,16.0
82.98,25.0
82.99,19.0
83.0,29.0
83.01,26.0
83.02,26.0
83.03,13.0
83.04,27.0
83.05,10.0
83.06,24.0
83.07,23.0
83.08,18.0
83.09,23.0
83.1,15.0
83.11,11.0
83.12,15.0
83.13,20.0
83.14,25.0
83.15,20.0
83.16,22.0
83.17,16.0
83.18,17.0
83.19,28.0
83.2,14.0
83.21,27.0
83.22,13.0
83.23,16.0
83.24,14.0
83.25,22.0
83.26,19.0
83.27,21.0
83.28,25.0
83.29,22.0
83.3,12.0
83.31,17.0
83.32,17.0
83.33,31.0
83.34,16.0
83.35,19.0
83.36,27.0
83.37,19.0
83.38,17.0
83.39,23.0
83.4,27.0
83.41,31.0
83.42,21.0
83.43,19.0
83.44,17.0
83.45,23.0
83.46,16.0
83.47,27.0
83.48,31.0
83.49,25.0
83.5,27.0
83.51,28.0
83.52,24.0
83.53,26.0
83.54,19.0
83.55,21.0
83.56,26.0
83.57,15.0
83.58,14.0
83.59,26.0
83.6,21.0
83.61,22.0
83.62,19.0
83.63,23.0
83.64,19.0
83.65,18.0
83.66,17.0
83.67,27.0
83.68,23.0
83.69,32.0
83.7,24.0
83.71,21.0
83.72,28.0
83.73,21.0
83.74,20.0
83.75,19.0
83.76,24.0
83.77,16.0
83.78,26.0
83.79,24.0
83.8,28.0
83.81,26.0
83.82,29.0
83.83,16.0
83.84,20.0
83.85,22.0
83.86,17.0
83.87,18.0
83.88,17.0
83.89,16.0
83.9,16.0
83.91,19.0
83.92,22.0
83.93,20.0
83.94,10.0
83.95,16.0
83.96,18.0
83.97,23.0
83.98,25.0
83.99,23.0
84.0,18.0
84.01,19.0
84.02,18.0
84.03,21.0
84.04,21.0
84.05,19.0
84.06,23.0
84.07,23.0
84.08,17.0
84.09,19.0
84.1,21.0
84.11,20.0
84.12,12.0
84.13,17.0
84.14,21.0
84.15,24.0
84.16,21.0
84.17,17.0
84.18,19.0
84.19,18.0
84.2,19.0
84.21,19.0
84.22,20.0
84.23,21.0
84.24,14.0
84.25,11.0
84.26,24.0
84.27,22.0
84.28,20.0
84.29,21.0
84.3,18.0
84.31,23.0
84.32,24.0
84.33,24.0
84.34,15.0
84.35,29.0
84.36,27.0
84.37,24.0
84.38,14.0
84.39,18.0
84.4,22.0
84.41,23.0
84.42,22.0
84.43,20.0
84.44,16.0
84.45,16.0
84.46,20.0
84.47,16.0
84.48,17.0
84.49,21.0
84.5,22.0
84.51,24.0
84.52,22.0
84.53,17.0
84.54,23.0
84.55,23.0
84.56,22.0
84.57,16.0
84.58,21.0
84.59,13.0
84.6,28.0
84.61,19.0
84.62,26.0
84.63,18.0
84.64,12.0
84.65,21.0
84.66,24.0
84.67,15.0
84.68,14.0
84.69,20.0
84.7,24.0
84.71,23.0
84.72,15.0
84.73,10.0
84.74,19.0
84.75,20.0
84.76,30.0
84.77,23.0
84.78,19.0
84.79,23.0
84.8,18.0
84.81,19.0
84.82,23.0
84.83,20.0
84.84,26.0
84.85,17.0
84.86,13.0
84.87,17.0
84.88,18.0
84.89,21.0
84.9,16.0
84.91,27.0
84.92,18.0
84.93,16.0
84.94,18.0
84.95,17.0
84.96,23.0
84.97,17.0
84.98,20.0
84.99,19.0
85.0,21.0
85.01,21.0
85.02,20.0
85.03,18.0
85.04,19.0
85.05,19.0
85.06,18.0
85.07,21.0
85.08,27.0
85.09,18.0
85.1,25.0
85.11,23.0
85.12,18.0
85.13,22.0
85.14,27.0
85.15,23.0
85.16,24.0
85.17,27.0
85.18,21.0
85.19,16.0
85.2,24.0
85.21,20.0
85.22,17.0
85.23,16.0
85.24,20.0
85.25,23.0
85.26,18.0
85.27,21.0
85.28,13.0
85.29,19.0
85.3,19.0
85.31,24.0
85.32,19.0
85.33,11.0
85.34,16.0
85.35,15.0
85.36,15.0
85.37,18.0
85.38,16.0
85.39,18.0
85.4,22.0
85.41,25.0
85.42,21.0
85.43,24.0
85.44,27.0
85.45,23.0
85.46,24.0
85.47,21.0
85.48,22.0
85.49,19.0
85.5,15.0
85.51,24.0
85.52,18.0
85.53,24.0
85.54,27.0
85.55,21.0
85.56,22.0
85.57,32.0
85.58,21.0
85.59,13.0
85.6,18.0
85.61,17.0
85.62,17.0
85.63,15.0
85.64,25.0
85.65,17.0
85.66,23.0
85.67,25.0
85.68,18.0
85.69,8.0
85.7,19.0
85.71,24.0
85.72,19.0
85.73,22.0
85.74,25.0
85.75,18.0
85.76,21.0
85.77,23.0
85.78,20.0
85.79,18.0
85.8,22.0
85.81,20.0
85.82,17.0
85.83,27.0
85.84,25.0
85.85,16.0
85.86,18.0
85.87,22.0
85.88,25.0
85.89,23.0
85.9,13.0
85.91,13.0
85.92,16.0
85.93,26.0
85.94,15.0
85.95,23.0
85.96,26.0
85.97,19.0
85.98,15.0
85.99,22.0
86.0,18.0
86.01,19.0
86.02,22.0
86.03,11.0
86.04,32.0
86.05,23.0
86.06,21.0
86.07,26.0
86.08,20.0
86.09,20.0
86.1,15.0
86.11,13.0
86.12,28.0
86.13,17.0
86.14,23.0
86.15,18.0
86.16,26.0
86.17,16.0
86.18,20.0
86.19,27.0
86.2,20.0
86.21,20.0
86.22,17.0
86.23,22.0
86.24,23.0
86.25,19.0
86.26,19.0
86.27,17.0
86.28,24.0
86.29,16.0
86.3,19.0
86.31,12.0
86.32,23.0
86.33,20.0
86.34,23.0
86.35,19.0
86.36,18.0
86.37,17.0
86.38,27.0
86.39,28.0
86.4,17.0
86.41,30.0
86.42,30.0
86.43,19.0
86.44,16.0
86.45,22.0
86.46,20.0
86.47,19.0
86.48,19.0
86.49,21.0
86.5,23.0
86.51,16.0
86.52,22.0
86.53,20.0
86.54,26.0
86.55,25.0
86.56,18.0
86.57,23.0
86.58,17.0
86.59,14.0
86.6,18.0
86.61,24.0
86.62,23.0
86.63,27.0
86.64,16.0
86.65,24.0
86.66,19.0
86.67,19.0
86.68,11.0
86.69,18.0
86.7,33.0
86.71,23.0
86.72,15.0
86.73,16.0
86.74,16.0
86.75,12.0
86.76,30.0
86.77,22.0
86.78,20.0
86.79,17.0
86.8,21.0
86.81,16.0
86.82,18.0
86.83,25.0
86.84,24.0
86.85,17.0
86.86,18.0
86.87,18.0
86.88,18.0
86.89,11.0
86.9,20.0
86.91,17.0
86.92,13.0
86.93,15.0
86.94,17.0
86.95,32.0
86.96,13.0
86.97,21.0
86.98,23.0
86.99,18.0
87.0,22.0
87.01,28.0
87.02,22.0
87.03,28.0
87.04,17.0
87.05,14.0
87.06,15.0
87.07,17.0
87.08,28.0
87.09,32.0
87.1,22.0
87.11,13.0
87.12,30.0
87.13,18.0
87.14,20.0
87.15,22.0
87.16,19.0
87.17,14.0
87.18,14.0
87.19,21.0
87.2,19.0
87.21,16.0
87.22,19.0
87.23,23.0
87.24,21.0
87.25,21.0
87.26,26.0
87.27,18.0
87.28,20.0
87.29,20.0
87.3,21.0
87.31,20.0
87.32,25.0
87.33,15.0
87.34,15.0
87.35,23.0
87.36,20.0
87.37,18.0
87.38,22.0
87.39,25.0
87.4,16.0
87.41,20.0
87.42,32.0
87.43,19.0
87.44,16.0
87.45,18.0
87.46,19.0
87.47,13.0
87.48,31.0
87.49,14.0
87.5,24.0
87.51,23.0
87.52,15.0
87.53,19.0
87.54,10.0
87.55,27.0
87.56,26.0
87.57,20.0
87.58,19.0
87.59,19.0
87.6,20.0
87.61,22.0
87.62,16.0
87.63,21.0
87.64,18.0
87.65,21.0
87.66,26.0
87.67,22.0
87.68,15.0
87.69,26.0
87.7,29.0
87.71,18.0
87.72,21.0
87.73,22.0
87.74,17.0
87.75,23.0
87.76,23.0
87.77,20.0
87.78,19.0
87.79,21.0
87.8,15.0
87.81,19.0
87.82,28.0
87.83,23.0
87.84,21.0
87.85,19.0
87.86,20.0
87.87,36.0
87.88,27.0
87.89,22.0
87.9,21.0
87.91,29.0
87.92,19.0
87.93,19.0
87.94,25.0
87.95,21.0
87.96,22.0
87.97,25.0
87.98,17.0
87.99,23.0
88.0,26.0
88.01,21.0
88.02,21.0
88.03,22.0
88.04,22.0
88.05,22.0
88.06,26.0
88.07,20.0
88.08,19.0
88.09,25.0
88.1,23.0
88.11,12.0
88.12,12.0
88.13,12.0
88.14,14.0
88.15,18.0
88.16,17.0
88.17,19.0
88.18,16.0
88.19,16.0
88.2,22.0
88.21,27.0
88.22,15.0
88.23,8.0
88.24,22.0
88.25,20.0
88.26,17.0
88.27,18.0
88.28,22.0
88.29,14.0
88.3,25.0
88.31,23.0
88.32,23.0
88.33,18.0
88.34,13.0
88.35,21.0
88.36,18.0
88.37,19.0
88.38,21.0
88.39,20.0
88.4,24.0
88.41,21.0
88.42,21.0
88.43,32.0
88.44,22.0
88.45,26.0
88.46,19.0
88.47,19.0
88.48,28.0
88.49,16.0
88.5,21.0
88.51,28.0
88.52,21.0
88.53,22.0
88.54,20.0
88.55,21.0
88.56,23.0
88.57,27.0
88.58,20.0
88.59,21.0
88.6,23.0
88.61,15.0
88.62,19.0
88.63,15.0
88.64,27.0
88.65,24.0
88.66,18.0
88.67,25.0
88.68,25.0
88.69,23.0
88.7,28.0
88.71,23.0
88.72,17.0
88.73,32.0
88.74,20.0
88.75,22.0
88.76,20.0
88.77,20.0
88.78,20.0
88.79,18.0
88.8,26.0
88.81,20.0
88.82,22.0
88.83,23.0
88.84,19.0
88.85,20.0
88.86,17.0
88.87,27.0
88.88,29.0
88.89,25.0
88.9,19.0
88.91,28.0
88.92,31.0
88.93,25.0
88.94,17.0
88.95,26.0
88.96,30.0
88.97,26.0
88.98,33.0
88.99,23.0
89.0,30.0
89.01,22.0
89.02,31.0
89.03,35.0
89.04,28.0
89.05,27.0
89.06,26.0
89.07,25.0
89.08,26.0
89.09,27.0
89.1,28.0
89.11,23.0
89.12,27.0
89.13,23.0
89.14,31.0
89.15,31.0
89.16,39.0
89.17,33.0
89.18,21.0
89.19,38.0
89.2,32.0
89.21,31.0
89.22,27.0
89.23,26.0
89.24,29.0
89.25,21.0
89.26,31.0
89.27,27.0
89.28,35.0
89.29,42.0
89.3,36.0
89.31,34.0
89.32,36.0
89.33,43.0
89.34,44.0
89.35,51.0
89.36,51.0
89.37,45.0
89.38,77.0
89.39,59.0
89.4,68.0
89.41,79.0
89.42,73.0
89.43,78.0
89.44,86.0
89.45,83.0
89.46,86.0
89.47,93.0
89.48,97.0
89.49,103.0
89.5,95.0
89.51,106.0
89.52,94.0
89.53,106.0
89.54,95.0
89.55,103.0
89.56,96.0
89.57,88.0
89.58,78.0
89.59,84.0
89.6,82.0
89.61,74.0
89.62,73.0
89.63,76.0
89.64,62.0
89.65,59.0
89.66,46.0
89.67,63.0
89.68,67.0
89.69,54.0
89.7,66.0
89.71,73.0
89.72,72.0
89.73,60.0
89.74,68.0
89.75,57.0
89.76,67.0
89.77,64.0
89.78,65.0
89.79,73.0
89.8,60.0
89.81,56.0
89.82,51.0
89.83,62.0
89.84,62.0
89.85,51.0
89.86,46.0
89.87,47.0
89.88,52.0
89.89,38.0
89.9,39.0
89.91,42.0
89.92,50.0
89.93,47.0
89.94,38.0
89.95,43.0
89.96,41.0
89.97,38.0
89.98,32.0
89.99,39.0
90.0,24.0
