angle,intensity
1.000000000000000000e+01,2.111617650767987076e-01
1.002000571591883471e+01,1.117539658802653157e+00
1.004001143183766764e+01,3.028256852624062745e-01
1.006001714775650235e+01,9.198954189859085417e-01
1.008002286367533529e+01,1.477834306550815047e+00
1.010002857959417000e+01,6.914809611320823501e-01
1.012003429551300293e+01,1.051170138382741204e+00
1.014004001143183764e+01,8.035370070483011107e-01
1.016004572735067235e+01,1.230998859734898865e+00
1.018005144326950528e+01,7.320926225761110739e-01
1.020005715918833999e+01,1.422958678932175758e+00
1.022006287510717293e+01,1.404661013471358022e-01
1.024006859102600764e+01,1.387015017450793808e+00
1.026007430694484057e+01,9.238459151939919511e-01
1.028008002286367528e+01,1.173724019859955225e+00
1.030008573878250999e+01,7.819908949888981775e-01
1.032009145470134293e+01,1.475279720070413081e+00
1.034009717062017764e+01,1.055658403959480518e+00
1.036010288653901057e+01,1.257731040867072769e+00
1.038010860245784528e+01,1.245681943533021752e+00
1.040011431837667999e+01,1.019232147338119621e+00
1.042012003429551292e+01,8.202455578953733450e-01
1.044012575021434763e+01,1.290695456021516696e+00
1.046013146613318057e+01,1.110088225394546990e+00
1.048013718205201528e+01,5.970873204350732877e-01
1.050014289797084821e+01,5.821744531100238040e-01
1.052014861388968292e+01,1.085601476623570205e+00
1.054015432980851585e+01,1.648852760588951361e+00
1.056016004572735056e+01,5.003228583729798506e-01
1.058016576164618527e+01,1.187249369065909388e+00
1.060017147756501821e+01,1.007933553700520513e+00
1.062017719348385292e+01,1.407681971867476012e+00
1.064018290940268585e+01,1.485084362242171885e+00
1.066018862532152056e+01,1.400667165660349323e+00
1.068019434124035527e+01,1.323931668188536248e+00
1.070020005715918820e+01,1.182543761572641072e+00
1.072020577307802292e+01,1.550066291436680288e+00
1.074021148899685585e+01,1.815759803677424955e+00
1.076021720491569056e+01,1.022713017510485045e+00
1.078022292083452349e+01,8.331156963937043081e-01
1.080022863675335820e+01,1.446005888460866196e+00
1.082023435267219291e+01,4.520996797543955226e-01
1.084024006859102585e+01,4.082097006313961662e-01
1.086024578450986056e+01,6.829644169977280299e-01
1.088025150042869349e+01,1.069808277925429429e+00
1.090025721634752820e+01,1.632713895785989466e+00
1.092026293226636113e+01,1.019555916525442196e+00
1.094026864818519584e+01,1.008758898361725720e+00
1.096027436410403055e+01,5.363963993587890222e-01
1.098028008002286349e+01,1.174662562656657805e+00
1.100028579594169820e+01,1.314354403738855481e+00
1.102029151186053113e+01,1.482411497029106684e+00
1.104029722777936584e+01,7.260757672192962309e-01
1.106030294369819877e+01,7.035144243548133725e-01
1.108030865961703348e+01,1.259282794716373832e+00
1.110031437553586819e+01,1.975278298307188596e+00
1.112032009145470113e+01,1.830695452874382845e+00
1.114032580737353584e+01,1.087392629903668695e+00
1.116033152329236877e+01,1.634490862143338941e+00
1.118033723921120348e+01,1.143978138633940489e+00
1.120034295513003642e+01,9.108506927804566056e-01
1.122034867104887113e+01,1.361090526955213154e+00
1.124035438696770584e+01,8.054498085058392487e-01
1.126036010288653877e+01,1.021394243591549955e+00
1.128036581880537348e+01,1.639066759888382352e+00
1.130037153472420641e+01,9.729011023801966696e-01
1.132037725064304112e+01,1.187032736201911742e+00
1.134038296656187583e+01,1.067613115546376612e+00
1.136038868248070877e+01,1.369130024474482177e+00
1.138039439839954348e+01,1.373225754104329344e+00
1.140040011431837641e+01,1.239872851931007158e+00
1.142040583023721112e+01,1.661653068749461282e+00
1.144041154615604405e+01,7.656931228902433828e-01
1.146041726207487876e+01,1.636490414778253299e+00
1.148042297799371170e+01,1.965160324231377098e+00
1.150042869391254641e+01,7.296673500841825977e-01
1.152043440983138112e+01,1.690108002827879652e+00
1.154044012575021405e+01,1.585696647718220609e+00
1.156044584166904876e+01,1.430943421386613235e+00
1.158045155758788169e+01,8.783977578631637639e-01
1.160045727350671640e+01,1.667803763755858704e+00
1.162046298942555111e+01,1.512653150651244838e+00
1.164046870534438405e+01,1.965741621552673735e+00
1.166047442126321876e+01,2.329316698950562703e+00
1.168048013718205169e+01,1.315916071580931046e+00
1.170048585310088640e+01,1.672933025873243773e+00
1.172049156901971934e+01,1.586984277050110137e+00
1.174049728493855405e+01,1.410391501067677744e+00
1.176050300085738698e+01,1.395898352166335732e+00
1.178050871677622169e+01,2.179314414666945421e+00
1.180051443269505640e+01,7.944038230587786575e-01
1.182052014861388933e+01,2.111828486981240705e+00
1.184052586453272404e+01,1.713840886464145896e+00
1.186053158045155698e+01,2.185493302967575602e+00
1.188053729637039169e+01,1.595629694329171233e+00
1.190054301228922640e+01,1.612516310995301128e+00
1.192054872820805933e+01,1.691812813014792027e+00
1.194055444412689404e+01,2.131019517923760098e+00
1.196056016004572697e+01,1.189316570974388920e+00
1.198056587596456168e+01,1.554256197465614608e+00
1.200057159188339639e+01,9.643618829638787027e-01
1.202057730780222933e+01,1.461013536719412809e+00
1.204058302372106226e+01,1.229478191906514528e+00
1.206058873963989697e+01,1.074732280266197382e+00
1.208059445555873168e+01,1.495754909890141704e+00
1.210060017147756461e+01,1.831425669875622386e+00
1.212060588739639932e+01,1.876469436669070401e+00
1.214061160331523226e+01,1.084560571684230368e+00
1.216061731923406697e+01,1.396349610191577550e+00
1.218062303515290168e+01,1.687985168824933879e+00
1.220062875107173461e+01,2.132775229007472184e+00
1.222063446699056932e+01,2.436426826976640925e+00
1.224064018290940226e+01,8.513511489530353193e-01
1.226064589882823697e+01,1.278990080510549188e+00
1.228065161474707168e+01,1.382587082398643918e+00
1.230065733066590461e+01,1.490100597198816601e+00
1.232066304658473754e+01,1.350152713385059045e+00
1.234066876250357225e+01,1.858227146984310352e+00
1.236067447842240696e+01,1.917093976678745815e+00
1.238068019434123990e+01,1.431076353199045137e+00
1.240068591026007461e+01,1.519418347477128117e+00
1.242069162617890754e+01,1.700380193684592145e+00
1.244069734209774225e+01,1.177954573470578747e+00
1.246070305801657696e+01,1.953975483063282947e+00
1.248070877393540989e+01,1.220918989653281717e+00
1.250071448985424460e+01,1.569025569026859301e+00
1.252072020577307754e+01,1.075651997688355177e+00
1.254072592169191225e+01,2.256497102883049610e+00
1.256073163761074696e+01,1.552562739351019738e+00
1.258073735352957989e+01,1.693694521207588011e+00
1.260074306944841460e+01,1.784354153787613750e+00
1.262074878536724754e+01,2.577482857704111119e+00
1.264075450128608225e+01,2.430919397721995168e+00
1.266076021720491518e+01,1.974900815956196709e+00
1.268076593312374989e+01,2.122495927561636631e+00
1.270077164904258282e+01,2.098775630689273974e+00
1.272077736496141753e+01,2.039716631979548556e+00
1.274078308088025224e+01,1.842070365740998472e+00
1.276078879679908518e+01,1.156160766443389054e+00
1.278079451271791989e+01,2.052402763312792366e+00
1.280080022863675282e+01,2.029055623646597084e+00
1.282080594455558753e+01,2.183269519720902885e+00
1.284081166047442224e+01,2.025895055300301451e+00
1.286081737639325517e+01,2.021452392727558944e+00
1.288082309231208988e+01,2.214092394132130437e+00
1.290082880823092282e+01,1.232827051042600486e+00
1.292083452414975753e+01,1.327292772982833657e+00
1.294084024006859224e+01,1.254606075932439335e+00
1.296084595598742517e+01,1.434863472135180507e+00
1.298085167190625810e+01,2.325427055639317508e+00
1.300085738782509281e+01,2.189678767815897764e+00
1.302086310374392752e+01,1.304281104235460731e+00
1.304086881966276046e+01,2.486043145736265281e+00
1.306087453558159517e+01,1.561639649778169048e+00
1.308088025150042810e+01,2.581915187522460187e+00
1.310088596741926281e+01,1.640559886544905810e+00
1.312089168333809752e+01,2.039770232409505724e+00
1.314089739925693046e+01,1.610302948570981663e+00
1.316090311517576517e+01,1.300891931388358902e+00
1.318090883109459810e+01,1.336432164722423765e+00
1.320091454701343281e+01,1.662471145464504696e+00
1.322092026293226752e+01,2.389402398689677298e+00
1.324092597885110045e+01,2.758717041163390782e+00
1.326093169476993339e+01,2.571531054363156876e+00
1.328093741068876810e+01,1.958117981560176579e+00
1.330094312660760281e+01,1.774291002640463910e+00
1.332094884252643574e+01,1.204537478411521700e+00
1.334095455844527045e+01,2.366772210083185612e+00
1.336096027436410338e+01,2.331939330481045847e+00
1.338096599028293809e+01,1.814960701319937142e+00
1.340097170620177280e+01,1.986890923798964703e+00
1.342097742212060574e+01,2.357761565915584612e+00
1.344098313803944045e+01,1.731660460448277483e+00
1.346098885395827338e+01,1.606603321306179222e+00
1.348099456987710809e+01,1.560612614465046732e+00
1.350100028579594280e+01,2.063540549941420554e+00
1.352100600171477573e+01,1.518817975407172671e+00
1.354101171763361044e+01,2.268098842499690182e+00
1.356101743355244338e+01,1.901345927323853768e+00
1.358102314947127809e+01,1.911784917421363472e+00
1.360102886539011102e+01,2.016828463114224146e+00
1.362103458130894573e+01,2.408470478439323159e+00
1.364104029722777867e+01,1.975996385504686259e+00
1.366104601314661338e+01,2.291523463594164145e+00
1.368105172906544809e+01,2.453930932760536976e+00
1.370105744498428102e+01,2.382686625875722441e+00
1.372106316090311573e+01,2.008348146290064751e+00
1.374106887682194866e+01,1.536271277398449708e+00
1.376107459274078337e+01,2.218051814645296105e+00
1.378108030865961808e+01,1.617448797526614301e+00
1.380108602457845102e+01,1.956725142047023303e+00
1.382109174049728573e+01,1.938905333194738123e+00
1.384109745641611866e+01,1.612641564539289307e+00
1.386110317233495337e+01,1.628553457978896946e+00
1.388110888825378808e+01,2.294812324344706500e+00
1.390111460417262101e+01,2.293893690892015780e+00
1.392112032009145395e+01,2.613292581786756053e+00
1.394112603601028866e+01,2.183117640800755321e+00
1.396113175192912337e+01,2.022109699730097798e+00
1.398113746784795630e+01,2.052498223569476643e+00
1.400114318376679101e+01,1.966679347011628387e+00
1.402114889968562395e+01,3.080912607854978447e+00
1.404115461560445866e+01,1.677217665892353438e+00
1.406116033152329337e+01,2.002089537256684704e+00
1.408116604744212630e+01,2.426571433628996743e+00
1.410117176336095923e+01,2.333852426225116794e+00
1.412117747927979394e+01,1.929793484389660030e+00
1.414118319519862865e+01,2.979332005439007780e+00
1.416118891111746336e+01,1.689787818523815099e+00
1.418119462703629630e+01,1.770095035071270972e+00
1.420120034295512923e+01,3.109819236427871836e+00
1.422120605887396394e+01,2.781281580052679114e+00
1.424121177479279865e+01,1.961777541018917770e+00
1.426121749071163336e+01,2.385896425097559614e+00
1.428122320663046629e+01,2.158330006770773135e+00
1.430122892254929923e+01,2.689537601448281912e+00
1.432123463846813394e+01,1.772180564180281248e+00
1.434124035438696865e+01,2.748423555359199355e+00
1.436124607030580158e+01,2.645751514183977804e+00
1.438125178622463629e+01,2.917989283144137858e+00
1.440125750214346922e+01,2.258559224480248595e+00
1.442126321806230393e+01,2.162312831451079997e+00
1.444126893398113864e+01,2.816298971998819844e+00
1.446127464989997158e+01,1.854885221109628057e+00
1.448128036581880451e+01,2.329399107340446307e+00
1.450128608173763922e+01,2.051488627611631088e+00
1.452129179765647393e+01,2.713787738983841180e+00
1.454129751357530864e+01,1.848686917799286178e+00
1.456130322949414158e+01,2.291657355891731029e+00
1.458130894541297451e+01,2.653449872185849490e+00
1.460131466133180922e+01,2.291881825107602300e+00
1.462132037725064393e+01,2.258683842291400623e+00
1.464132609316947686e+01,2.434238457541568756e+00
1.466133180908831157e+01,2.713585106860528562e+00
1.468133752500714451e+01,2.366793795334674932e+00
1.470134324092597922e+01,1.858759049374655525e+00
1.472134895684481393e+01,1.712069701350948492e+00
1.474135467276364686e+01,2.447189698948740055e+00
1.476136038868247979e+01,2.522522652482967587e+00
1.478136610460131450e+01,1.967580999541763020e+00
1.480137182052014921e+01,1.897889724525364752e+00
1.482137753643898392e+01,1.624998021269373982e+00
1.484138325235781686e+01,2.344618501753951367e+00
1.486138896827664979e+01,2.678655307649225215e+00
1.488139468419548450e+01,2.264989855095257187e+00
1.490140040011431921e+01,2.217037403612786672e+00
1.492140611603315392e+01,2.342565378544011256e+00
1.494141183195198685e+01,2.286300078616506859e+00
1.496141754787081979e+01,3.111110997000011480e+00
1.498142326378965450e+01,2.496719064095497931e+00
1.500142897970848921e+01,2.501399694904632653e+00
1.502143469562732214e+01,2.675822951396547467e+00
1.504144041154615508e+01,2.848352217776445094e+00
1.506144612746498979e+01,2.214965000949094431e+00
1.508145184338382450e+01,2.387153914197745141e+00
1.510145755930265921e+01,1.685490448438903055e+00
1.512146327522149214e+01,2.682769180745141036e+00
1.514146899114032507e+01,2.703237211325268508e+00
1.516147470705915978e+01,2.614931963392017611e+00
1.518148042297799449e+01,2.764672031029029142e+00
1.520148613889682920e+01,2.758657357861475923e+00
1.522149185481566214e+01,2.232749836732075721e+00
1.524149757073449507e+01,2.660373208319822602e+00
1.526150328665332978e+01,2.715093779027571763e+00
1.528150900257216449e+01,3.225530030573638740e+00
1.530151471849099742e+01,2.539158851266961836e+00
1.532152043440983036e+01,2.052506881252309068e+00
1.534152615032866507e+01,3.170934518280839054e+00
1.536153186624749978e+01,2.819159794595303303e+00
1.538153758216633449e+01,2.204805173427851983e+00
1.540154329808516742e+01,2.452736031064559619e+00
1.542154901400400036e+01,2.470649655550005708e+00
1.544155472992283507e+01,3.065126888238689951e+00
1.546156044584166978e+01,2.146051858752468622e+00
1.548156616176050449e+01,2.968658934867177024e+00
1.550157187767933742e+01,2.475446872649279317e+00
1.552157759359817035e+01,3.400616221942540207e+00
1.554158330951700506e+01,2.403841453395859862e+00
1.556158902543583977e+01,1.994105033289001128e+00
1.558159474135467271e+01,3.268697900648380728e+00
1.560160045727350742e+01,2.158577149863726063e+00
1.562160617319234035e+01,2.492120606003306094e+00
1.564161188911117506e+01,3.002807709722913110e+00
1.566161760503000977e+01,2.679131675091289466e+00
1.568162332094884270e+01,2.074046070823071464e+00
1.570162903686767564e+01,2.769295055536789008e+00
1.572163475278651035e+01,2.659966122748231854e+00
1.574164046870534506e+01,2.158510652367901628e+00
1.576164618462417977e+01,2.414471573658112824e+00
1.578165190054301270e+01,2.563062677804436973e+00
1.580165761646184563e+01,2.423475148657276534e+00
1.582166333238068034e+01,2.667352351608716088e+00
1.584166904829951505e+01,1.915854908469717621e+00
1.586167476421834799e+01,2.416747647798304754e+00
1.588168048013718270e+01,2.636747586838875002e+00
1.590168619605601563e+01,2.806352794286437469e+00
1.592169191197485034e+01,2.306034225116701197e+00
1.594169762789368505e+01,2.792321003702456395e+00
1.596170334381251799e+01,2.765547231174714682e+00
1.598170905973135092e+01,2.408355911540621452e+00
1.600171477565018563e+01,2.653285368205767547e+00
1.602172049156902034e+01,2.761328775997804907e+00
1.604172620748785505e+01,3.247762970139073779e+00
1.606173192340668976e+01,2.265260544678788346e+00
1.608173763932552092e+01,2.392193448664804212e+00
1.610174335524435563e+01,2.720771150198454613e+00
1.612174907116319034e+01,3.456947209460282444e+00
1.614175478708202505e+01,2.957286366360761143e+00
1.616176050300085620e+01,2.695581875903460656e+00
1.618176621891969091e+01,2.398384780112474246e+00
1.620177193483852562e+01,2.372818645433536044e+00
1.622177765075736033e+01,2.503596611891895307e+00
1.624178336667619504e+01,3.597917814740827502e+00
1.626178908259502620e+01,2.204520804859750882e+00
1.628179479851386091e+01,3.139993973848001829e+00
1.630180051443269562e+01,2.606432149823818989e+00
1.632180623035153033e+01,2.959159338004085704e+00
1.634181194627036149e+01,3.057335311532646926e+00
1.636181766218919620e+01,2.842065347037952439e+00
1.638182337810803091e+01,2.885584129694492184e+00
1.640182909402686562e+01,3.073768319975925145e+00
1.642183480994570033e+01,3.408547699013032783e+00
1.644184052586453504e+01,2.374960113391162420e+00
1.646184624178336620e+01,3.447497025005003213e+00
1.648185195770220091e+01,2.578094507598148066e+00
1.650185767362103562e+01,2.700584563233483504e+00
1.652186338953986677e+01,2.428347533169983308e+00
1.654186910545870148e+01,3.453076380837936554e+00
1.656187482137753619e+01,3.525783419574637811e+00
1.658188053729637090e+01,2.909733492465781168e+00
1.660188625321520561e+01,3.077873376533450056e+00
1.662189196913404032e+01,2.606575939097014682e+00
1.664189768505287148e+01,3.352649002607407169e+00
1.666190340097170619e+01,3.153855258245158666e+00
1.668190911689054090e+01,2.439022520482426959e+00
1.670191483280937561e+01,2.932940046520604582e+00
1.672192054872820677e+01,3.043603868658143696e+00
1.674192626464704148e+01,2.643614910193342826e+00
1.676193198056587619e+01,2.853103491088140320e+00
1.678193769648471090e+01,3.760904123236695984e+00
1.680194341240354561e+01,3.473042786871207710e+00
1.682194912832238032e+01,2.957682595555926497e+00
1.684195484424121148e+01,2.358008848801586232e+00
1.686196056016004619e+01,3.297517479453337064e+00
1.688196627607888090e+01,2.499978539860538973e+00
1.690197199199771205e+01,3.213117913098102463e+00
1.692197770791654676e+01,3.024893108325494406e+00
1.694198342383538147e+01,2.800694366915560174e+00
1.696198913975421618e+01,3.671235132149431202e+00
1.698199485567305089e+01,3.089705956250968111e+00
1.700200057159188560e+01,3.252784017625994117e+00
1.702200628751071676e+01,2.783968709821173171e+00
1.704201200342955147e+01,3.282509922739095920e+00
1.706201771934838618e+01,2.687859727232136731e+00
1.708202343526722089e+01,2.877932563277900258e+00
1.710202915118605205e+01,2.255581735248253672e+00
1.712203486710488676e+01,2.931269321103068037e+00
1.714204058302372147e+01,2.923033929856153623e+00
1.716204629894255618e+01,3.155206994421061673e+00
1.718205201486139089e+01,3.053159906109528254e+00
1.720205773078022204e+01,3.134923917490594736e+00
1.722206344669905675e+01,3.077044333183716063e+00
1.724206916261789146e+01,3.365028686635461508e+00
1.726207487853672617e+01,3.266251210573014596e+00
1.728208059445555733e+01,2.788382856831466139e+00
1.730208631037439204e+01,3.547722951070586994e+00
1.732209202629322675e+01,3.991929355091893505e+00
1.734209774221206146e+01,3.534633565262257360e+00
1.736210345813089617e+01,3.198778074658625403e+00
1.738210917404973088e+01,2.460404263967979510e+00
1.740211488996856204e+01,3.519760973486472544e+00
1.742212060588739675e+01,2.652420107474221744e+00
1.744212632180623146e+01,2.905190435015028605e+00
1.746213203772506262e+01,3.071684294313139940e+00
1.748213775364389733e+01,3.745491331183351313e+00
1.750214346956273204e+01,3.460767874296833302e+00
1.752214918548156675e+01,3.660005199161747491e+00
1.754215490140040146e+01,3.162784055971857189e+00
1.756216061731923617e+01,3.944827042846366982e+00
1.758216633323806732e+01,3.638531047875577684e+00
1.760217204915690203e+01,3.450363962841668464e+00
1.762217776507573674e+01,3.032470007707485316e+00
1.764218348099457145e+01,3.821689351505259680e+00
1.766218919691340261e+01,4.174287162809012131e+00
1.768219491283223732e+01,3.692643245182086531e+00
1.770220062875107203e+01,3.026571620730565293e+00
1.772220634466990674e+01,3.410434594501146499e+00
1.774221206058874145e+01,3.386858361582356647e+00
1.776221777650757616e+01,3.684679147222412077e+00
1.778222349242640732e+01,3.643364681332392330e+00
1.780222920834524203e+01,3.433687749856709992e+00
1.782223492426407674e+01,3.867541892454337660e+00
1.784224064018290790e+01,4.288692914620821028e+00
1.786224635610174261e+01,3.761774098529444110e+00
1.788225207202057732e+01,3.561070637455380439e+00
1.790225778793941203e+01,3.597477379193730229e+00
1.792226350385824674e+01,3.323180289084981975e+00
1.794226921977708145e+01,3.909314924533833668e+00
1.796227493569591260e+01,3.636462545404752333e+00
1.798228065161474731e+01,4.038701968874439885e+00
1.800228636753358202e+01,3.436382446632506582e+00
1.802229208345241318e+01,3.776680823606806570e+00
1.804229779937124789e+01,2.953288519415949498e+00
1.806230351529008260e+01,3.838513225263830098e+00
1.808230923120891731e+01,3.560122596272170536e+00
1.810231494712775202e+01,3.640142249280716058e+00
1.812232066304658673e+01,3.457976198209833374e+00
1.814232637896542144e+01,3.286772030033899838e+00
1.816233209488425260e+01,3.767537569135096298e+00
1.818233781080308731e+01,3.636489497716163477e+00
1.820234352672191847e+01,3.292571243736504449e+00
1.822234924264075318e+01,3.768990251012976245e+00
1.824235495855958789e+01,3.372855435045271300e+00
1.826236067447842260e+01,4.076732826247621233e+00
1.828236639039725731e+01,2.711555404590106466e+00
1.830237210631609202e+01,3.175867295591599415e+00
1.832237782223492673e+01,2.922054877436488951e+00
1.834238353815375788e+01,2.810595037105453109e+00
1.836238925407259259e+01,3.863292002626664612e+00
1.838239496999142730e+01,3.648373187933671158e+00
1.840240068591025846e+01,3.544841450801341942e+00
1.842240640182909317e+01,3.520269144595705502e+00
1.844241211774792788e+01,3.353366396438425490e+00
1.846241783366676259e+01,3.355038230887558370e+00
1.848242354958559730e+01,3.255499995802925817e+00
1.850242926550443201e+01,3.477244223666455802e+00
1.852243498142326672e+01,3.107831167800053862e+00
1.854244069734209788e+01,3.233900980838370742e+00
1.856244641326093259e+01,3.859618423213541760e+00
1.858245212917976374e+01,3.696817348470310627e+00
1.860245784509859845e+01,4.212820049933457156e+00
1.862246356101743316e+01,3.052890440279067530e+00
1.864246927693626787e+01,3.702926936529822299e+00
1.866247499285510258e+01,3.097757638410763015e+00
1.868248070877393729e+01,2.777760724931371605e+00
1.870248642469277200e+01,2.609091107657341979e+00
1.872249214061160316e+01,3.218208064293087922e+00
1.874249785653043787e+01,3.765533379585038531e+00
1.876250357244927258e+01,3.395065888069641602e+00
1.878250928836810374e+01,2.712629638803749188e+00
1.880251500428693845e+01,3.417645678596026748e+00
1.882252072020577316e+01,3.086034941441387680e+00
1.884252643612460787e+01,3.149056409512620114e+00
1.886253215204344258e+01,3.459905910378135108e+00
1.888253786796227729e+01,2.909891013939893689e+00
1.890254358388111200e+01,3.943967463806511642e+00
1.892254929979994316e+01,2.756109491605679196e+00
1.894255501571877787e+01,3.132034566016280941e+00
1.896256073163760902e+01,4.035553895892296516e+00
1.898256644755644373e+01,3.162463861735656856e+00
1.900257216347527844e+01,2.841089084136522835e+00
1.902257787939411315e+01,3.397202139996959858e+00
1.904258359531294786e+01,4.030701505943755869e+00
1.906258931123178257e+01,3.640843372333286254e+00
1.908259502715061728e+01,2.934307809965543523e+00
1.910260074306944844e+01,3.599246621660707746e+00
1.912260645898828315e+01,2.775405477650775943e+00
1.914261217490711431e+01,3.220576420496194636e+00
1.916261789082594902e+01,3.130023516813682072e+00
1.918262360674478373e+01,2.878322401172529243e+00
1.920262932266361844e+01,2.941113154635321525e+00
1.922263503858245315e+01,3.446578409926225994e+00
1.924264075450128786e+01,3.229778420556850715e+00
1.926264647042012257e+01,3.537177119644266288e+00
1.928265218633895373e+01,2.916449760246460521e+00
1.930265790225778844e+01,3.271427190323244361e+00
1.932266361817662315e+01,2.821198723540703224e+00
1.934266933409545430e+01,3.901102736874889843e+00
1.936267505001428901e+01,3.945265088759459360e+00
1.938268076593312372e+01,3.617029968959161845e+00
1.940268648185195843e+01,3.165792177761284520e+00
1.942269219777079314e+01,3.168261593199564796e+00
1.944269791368962785e+01,3.681948762089093385e+00
1.946270362960846256e+01,2.722933260685870493e+00
1.948270934552729372e+01,3.200774406720180654e+00
1.950271506144612843e+01,2.979690558861257443e+00
1.952272077736495959e+01,3.924264672329367709e+00
1.954272649328379430e+01,2.838270847632857752e+00
1.956273220920262901e+01,3.500166880718764695e+00
1.958273792512146372e+01,3.407798950783527125e+00
1.960274364104029843e+01,3.402203516341937295e+00
1.962274935695913314e+01,3.472511067456195200e+00
1.964275507287796785e+01,3.181336303996126880e+00
1.966276078879679901e+01,3.715078465958485232e+00
1.968276650471563372e+01,3.811684095603326661e+00
1.970277222063446487e+01,3.698726937615944621e+00
1.972277793655329958e+01,3.473902354475891130e+00
1.974278365247213429e+01,3.410644490610120538e+00
1.976278936839096900e+01,3.761784362366325851e+00
1.978279508430980371e+01,2.895298888790745373e+00
1.980280080022863842e+01,3.637773286723224864e+00
1.982280651614747313e+01,4.290339959775508305e+00
1.984281223206630784e+01,3.418734711887732480e+00
1.986281794798513900e+01,3.777591786409999486e+00
1.988282366390397371e+01,3.679454958804726949e+00
1.990282937982280487e+01,3.263708242540181104e+00
1.992283509574163958e+01,3.041506418765795861e+00
1.994284081166047429e+01,3.838603344650517446e+00
1.996284652757930900e+01,3.193731186730609295e+00
1.998285224349814371e+01,4.197482045924975758e+00
2.000285795941697842e+01,3.611587256179929373e+00
2.002286367533581313e+01,3.684219256573515011e+00
2.004286939125464428e+01,3.330096645545175704e+00
2.006287510717347899e+01,3.711337731003641061e+00
2.008288082309231015e+01,3.630793664897293382e+00
2.010288653901114486e+01,3.509726803864437805e+00
2.012289225492997957e+01,3.982296185065893113e+00
2.014289797084881428e+01,4.391150239329663307e+00
2.016290368676764899e+01,3.245476008493232811e+00
2.018290940268648370e+01,3.653796926903320141e+00
2.020291511860531841e+01,3.801786597193040684e+00
2.022292083452414957e+01,3.473879689605698040e+00
2.024292655044298428e+01,3.294717461495841881e+00
2.026293226636181899e+01,3.610282011510710376e+00
2.028293798228065015e+01,2.785155106783469225e+00
2.030294369819948486e+01,3.481642681364376379e+00
2.032294941411831957e+01,4.021389712457724031e+00
2.034295513003715428e+01,3.377218530747757796e+00
2.036296084595598899e+01,3.928244371127993517e+00
2.038296656187482370e+01,3.317139815955147952e+00
2.040297227779365841e+01,3.751755496721690619e+00
2.042297799371248956e+01,3.347116804856614003e+00
2.044298370963132427e+01,3.551117866706244186e+00
2.046298942555015543e+01,3.820677959712194927e+00
2.048299514146899014e+01,4.085960702083718310e+00
2.050300085738782485e+01,3.852415827525722758e+00
2.052300657330665956e+01,4.026689674268256525e+00
2.054301228922549427e+01,3.761054632539960529e+00
2.056301800514432898e+01,4.221172146667822034e+00
2.058302372106316369e+01,3.070207431175026258e+00
2.060302943698199485e+01,4.131444967624893216e+00
2.062303515290082956e+01,3.969471015272098668e+00
2.064304086881966072e+01,4.383135374192837830e+00
2.066304658473849543e+01,3.826875756306280962e+00
2.068305230065733014e+01,3.099230298277007911e+00
2.070305801657616485e+01,3.332457278589036065e+00
2.072306373249499956e+01,3.209643458856277665e+00
2.074306944841383427e+01,3.298115366595061548e+00
2.076307516433266898e+01,3.606508314157783168e+00
2.078308088025150369e+01,3.365506610758079553e+00
2.080308659617033484e+01,3.836852695206251163e+00
2.082309231208916955e+01,3.656628703964722504e+00
2.084309802800800071e+01,2.860953489529147742e+00
2.086310374392683542e+01,3.906873395061628340e+00
2.088310945984567013e+01,3.507763366399957228e+00
2.090311517576450484e+01,3.636344671260645089e+00
2.092312089168333955e+01,3.591261285465419117e+00
2.094312660760217426e+01,3.789252106887996518e+00
2.096313232352100897e+01,3.855472338328350901e+00
2.098313803943984013e+01,3.600719147353195204e+00
2.100314375535867484e+01,3.804636693550155435e+00
2.102314947127750600e+01,4.499521800189670628e+00
2.104315518719634071e+01,3.975553675460793190e+00
2.106316090311517542e+01,3.447044335392313030e+00
2.108316661903401013e+01,3.737744779115496296e+00
2.110317233495284484e+01,4.334338830257239650e+00
2.112317805087167955e+01,3.673639221526746379e+00
2.114318376679051426e+01,3.148089076881229076e+00
2.116318948270934541e+01,4.147190840764296560e+00
2.118319519862818012e+01,4.213357220625971955e+00
2.120320091454701483e+01,3.741964505033330113e+00
2.122320663046584599e+01,3.388848797829914439e+00
2.124321234638468070e+01,3.524356240436570253e+00
2.126321806230351541e+01,4.033994094977067846e+00
2.128322377822235012e+01,3.867835694727857820e+00
2.130322949414118483e+01,4.434727892876809463e+00
2.132323521006001954e+01,3.405467875056286786e+00
2.134324092597885425e+01,3.690389227787955750e+00
2.136324664189768541e+01,3.965320502658756574e+00
2.138325235781652012e+01,3.191247268012188165e+00
2.140325807373535127e+01,3.281724961653893047e+00
2.142326378965418598e+01,3.626632219082663422e+00
2.144326950557302069e+01,3.620177854297895514e+00
2.146327522149185540e+01,3.173907627989016600e+00
2.148328093741069011e+01,4.029373654309647002e+00
2.150328665332952482e+01,3.765584278983262756e+00
2.152329236924835953e+01,4.505770943157285657e+00
2.154329808516719069e+01,3.984369917458942645e+00
2.156330380108602540e+01,3.797888069403316358e+00
2.158330951700485656e+01,3.572700385599585804e+00
2.160331523292369127e+01,3.546230977764662562e+00
2.162332094884252598e+01,3.967950768958688812e+00
2.164332666476136069e+01,3.912365460989753352e+00
2.166333238068019540e+01,4.002474188391158094e+00
2.168333809659903011e+01,4.234811089772609449e+00
2.170334381251786482e+01,3.498297917293685444e+00
2.172334952843669598e+01,3.341010983737942475e+00
2.174335524435553069e+01,4.394737377951108748e+00
2.176336096027436540e+01,3.316545812882023547e+00
2.178336667619319655e+01,4.341268914067830664e+00
2.180337239211203126e+01,3.830093422088909350e+00
2.182337810803086597e+01,4.374328823559675783e+00
2.184338382394970068e+01,3.412558645907537880e+00
2.186338953986853539e+01,3.444180296238754657e+00
2.188339525578737010e+01,3.541106223471317094e+00
2.190340097170620481e+01,3.235659617079933881e+00
2.192340668762503597e+01,4.130184632183139470e+00
2.194341240354387068e+01,4.212181896626672639e+00
2.196341811946270184e+01,3.729761402537703496e+00
2.198342383538153655e+01,3.431139724304434147e+00
2.200342955130037126e+01,4.390201509578141703e+00
2.202343526721920597e+01,4.640186074455442622e+00
2.204344098313804068e+01,3.193862878721144938e+00
2.206344669905687539e+01,4.113854001743856514e+00
2.208345241497571010e+01,4.820160049189805562e+00
2.210345813089454126e+01,4.332190416412534439e+00
2.212346384681337597e+01,5.072683041387101355e+00
2.214346956273221068e+01,3.924158749810688462e+00
2.216347527865104183e+01,4.900127169748450306e+00
2.218348099456987654e+01,3.484210292689195576e+00
2.220348671048871125e+01,4.292817193544884447e+00
2.222349242640754596e+01,5.333035763545469266e+00
2.224349814232638067e+01,3.878340609876957501e+00
2.226350385824521538e+01,4.045164174915877986e+00
2.228350957416405009e+01,3.783019096819006055e+00
2.230351529008288125e+01,4.668212984032631852e+00
2.232352100600171596e+01,4.395972257520928572e+00
2.234352672192054712e+01,4.631490736411377540e+00
2.236353243783938183e+01,5.597731576242214402e+00
2.238353815375821654e+01,5.443187976410972517e+00
2.240354386967705125e+01,4.904014564585684965e+00
2.242354958559588596e+01,5.078563361851022862e+00
2.244355530151472067e+01,5.638413575829011037e+00
2.246356101743355538e+01,4.768343172367290883e+00
2.248356673335238654e+01,5.408943936515575146e+00
2.250357244927122125e+01,5.011636781628572734e+00
2.252357816519005240e+01,5.451078956954077626e+00
2.254358388110888711e+01,6.050199415048033380e+00
2.256358959702772182e+01,5.843884963557194112e+00
2.258359531294655653e+01,6.002958901214713983e+00
2.260360102886539124e+01,5.482377178840764032e+00
2.262360674478422595e+01,6.016428160239584599e+00
2.264361246070306066e+01,5.731154489140914521e+00
2.266361817662189182e+01,7.074623754249412144e+00
2.268362389254072653e+01,5.838890053529435242e+00
2.270362960845956124e+01,6.631191070205030513e+00
2.272363532437839240e+01,6.307014162133778079e+00
2.274364104029722711e+01,6.374602521706672853e+00
2.276364675621606182e+01,7.153401111961143144e+00
2.278365247213489653e+01,7.221393296675056916e+00
2.280365818805373124e+01,6.830244870775041832e+00
2.282366390397256595e+01,7.985591077691800876e+00
2.284366961989140066e+01,7.360864862818429444e+00
2.286367533581023181e+01,7.646098490893775690e+00
2.288368105172906652e+01,8.255894450682745855e+00
2.290368676764789768e+01,8.105426367459891424e+00
2.292369248356673239e+01,9.037567961604628053e+00
2.294369819948556710e+01,8.445556065110292110e+00
2.296370391540440181e+01,9.232928931641989578e+00
2.298370963132323652e+01,9.161863263483152053e+00
2.300371534724207123e+01,9.055182861903345426e+00
2.302372106316090594e+01,9.600311189847339222e+00
2.304372677907973710e+01,9.965644208402014925e+00
2.306373249499857181e+01,1.017658856538899670e+01
2.308373821091740652e+01,1.057152943163683645e+01
2.310374392683623768e+01,1.109699722093736085e+01
2.312374964275507239e+01,1.094794615517185932e+01
2.314375535867390710e+01,1.103981030558383658e+01
2.316376107459274181e+01,1.113807180838669453e+01
2.318376679051157652e+01,1.120752886402927651e+01
2.320377250643041123e+01,1.140833282683497529e+01
2.322377822234924594e+01,1.115311185057002064e+01
2.324378393826807709e+01,1.107504921802847164e+01
2.326378965418691180e+01,1.128863404376132173e+01
2.328379537010574296e+01,1.046695551900688059e+01
2.330380108602457767e+01,1.166767579931636334e+01
2.332380680194341238e+01,1.083531400578005233e+01
2.334381251786224709e+01,1.052395509591908507e+01
2.336381823378108180e+01,9.613306605873365385e+00
2.338382394969991651e+01,9.558310399956873482e+00
2.340382966561875122e+01,9.185460756070263244e+00
2.342383538153758238e+01,8.742922886640219104e+00
2.344384109745641709e+01,8.619931755100914472e+00
2.346384681337524825e+01,7.815746841432194003e+00
2.348385252929408296e+01,7.232348647118405083e+00
2.350385824521291767e+01,6.080544589659597321e+00
2.352386396113175238e+01,6.487935829164110046e+00
2.354386967705058709e+01,5.894982833578278125e+00
2.356387539296942180e+01,5.441120398992556062e+00
2.358388110888825651e+01,5.463738652601147550e+00
2.360388682480708766e+01,5.372421827163941899e+00
2.362389254072592237e+01,5.001069876952247917e+00
2.364389825664475708e+01,4.545431420437175518e+00
2.366390397256358824e+01,4.963338716620733670e+00
2.368390968848242295e+01,4.576116641685239905e+00
2.370391540440125766e+01,4.992921799313750242e+00
2.372392112032009237e+01,5.043568927551403291e+00
2.374392683623892708e+01,4.100224207836911994e+00
2.376393255215776179e+01,4.726561256600620098e+00
2.378393826807659650e+01,4.460122820513362285e+00
2.380394398399542766e+01,3.814839235798343609e+00
2.382394969991426237e+01,5.094898376546420415e+00
2.384395541583309353e+01,3.737369371239727123e+00
2.386396113175192824e+01,4.336580588083661425e+00
2.388396684767076295e+01,4.281711167606157886e+00
2.390397256358959766e+01,3.886300844771851892e+00
2.392397827950843237e+01,4.532087947053208055e+00
2.394398399542726708e+01,3.892121349661945118e+00
2.396398971134610179e+01,5.067114589911373201e+00
2.398399542726493294e+01,4.226991596928897366e+00
2.400400114318376765e+01,4.828356946809910788e+00
2.402400685910260236e+01,4.785559160098502574e+00
2.404401257502143352e+01,4.644131282334261535e+00
2.406401829094026823e+01,4.413176026351026238e+00
2.408402400685910294e+01,4.304398209444739720e+00
2.410402972277793765e+01,4.280048132719556975e+00
2.412403543869677236e+01,4.545075947395563531e+00
2.414404115461560707e+01,4.813580308946717956e+00
2.416404687053444178e+01,4.591822228981966347e+00
2.418405258645327294e+01,4.624535954734191101e+00
2.420405830237210765e+01,4.375699971568337787e+00
2.422406401829093880e+01,4.992338082453084525e+00
2.424406973420977351e+01,5.070707960126044966e+00
2.426407545012860822e+01,4.751535038642081155e+00
2.428408116604744293e+01,5.093430783138264140e+00
2.430408688196627764e+01,3.749001060017195464e+00
2.432409259788511235e+01,3.969115066944666204e+00
2.434409831380394706e+01,4.709396686811972543e+00
2.436410402972277822e+01,4.019227751271758464e+00
2.438410974564161293e+01,4.371181592762974688e+00
2.440411546156044409e+01,4.651219465927004748e+00
2.442412117747927880e+01,4.377644299973516340e+00
2.444412689339811351e+01,3.587406982881393702e+00
2.446413260931694822e+01,4.377065491878042280e+00
2.448413832523578293e+01,4.364750300723072129e+00
2.450414404115461764e+01,3.947340881111823130e+00
2.452414975707345235e+01,4.386759160949396552e+00
2.454415547299228351e+01,4.355283217082259739e+00
2.456416118891111822e+01,4.212597625007655111e+00
2.458416690482995293e+01,3.916600819758120799e+00
2.460417262074878408e+01,4.586366244629975775e+00
2.462417833666761879e+01,5.112710157010925016e+00
2.464418405258645350e+01,4.896300970975746125e+00
2.466418976850528821e+01,4.297891428183085338e+00
2.468419548442412292e+01,4.123715029079659367e+00
2.470420120034295763e+01,4.423034373220909643e+00
2.472420691626179234e+01,4.415240053914258667e+00
2.474421263218062350e+01,4.531541094238241030e+00
2.476421834809945821e+01,3.709332974653876569e+00
2.478422406401828937e+01,4.294566684226225561e+00
2.480422977993712408e+01,4.220871920924480492e+00
2.482423549585595879e+01,4.209274456295554856e+00
2.484424121177479350e+01,4.834168920961680271e+00
2.486424692769362821e+01,4.491393552803170763e+00
2.488425264361246292e+01,4.807794801102099669e+00
2.490425835953129763e+01,4.907128787877486076e+00
2.492426407545012879e+01,4.895720248471569391e+00
2.494426979136896350e+01,4.564281546795419864e+00
2.496427550728779821e+01,4.904643445786493139e+00
2.498428122320662936e+01,4.638218638220628520e+00
2.500428693912546407e+01,3.936056259234111288e+00
2.502429265504429878e+01,4.574580019309698820e+00
2.504429837096313349e+01,4.972861456241034261e+00
2.506430408688196820e+01,4.863180592921922951e+00
2.508430980280080291e+01,4.608549879171884633e+00
2.510431551871963762e+01,5.098141526863001260e+00
2.512432123463846878e+01,4.361539829902784327e+00
2.514432695055730349e+01,4.881860638101320760e+00
2.516433266647613465e+01,4.514889788181445596e+00
2.518433838239496936e+01,4.992934340576412389e+00
2.520434409831380407e+01,4.896147514276639967e+00
2.522434981423263878e+01,4.794098406191404038e+00
2.524435553015147349e+01,4.461492674260097324e+00
2.526436124607030820e+01,5.071041444504526652e+00
2.528436696198914291e+01,5.112357799772361489e+00
2.530437267790797407e+01,6.195301761679775865e+00
2.532437839382680878e+01,5.513481462289107071e+00
2.534438410974563993e+01,5.071115717519830923e+00
2.536438982566447464e+01,6.167434636615342747e+00
2.538439554158330935e+01,5.849496867803659406e+00
2.540440125750214406e+01,5.528508709469019067e+00
2.542440697342097877e+01,5.851863486433572348e+00
2.544441268933981348e+01,5.881758978596247189e+00
2.546441840525864819e+01,5.328120334118715107e+00
2.548442412117747935e+01,5.798282244751781889e+00
2.550442983709631406e+01,6.213476028263283268e+00
2.552443555301514877e+01,5.900078617010017012e+00
2.554444126893397993e+01,6.408248453330789296e+00
2.556444698485281464e+01,6.226387780237077507e+00
2.558445270077164935e+01,6.851733721422789358e+00
2.560445841669048406e+01,6.071131202103250857e+00
2.562446413260931877e+01,7.393821537916113407e+00
2.564446984852815348e+01,7.136259301358595764e+00
2.566447556444698819e+01,7.045965357569828669e+00
2.568448128036581934e+01,6.908188500695821688e+00
2.570448699628465405e+01,6.759538382321046868e+00
2.572449271220348521e+01,6.677966733655743781e+00
2.574449842812231992e+01,6.995491093360156398e+00
2.576450414404115463e+01,6.502212642133740061e+00
2.578450985995998934e+01,7.564603364384385742e+00
2.580451557587882405e+01,6.908751914673818106e+00
2.582452129179765876e+01,7.396170271216846004e+00
2.584452700771649347e+01,7.310030393635721602e+00
2.586453272363532463e+01,6.474352067111494691e+00
2.588453843955415934e+01,6.403979761706105833e+00
2.590454415547299405e+01,5.637267493320722522e+00
2.592454987139182521e+01,5.423819669905748597e+00
2.594455558731065992e+01,6.189029997818791706e+00
2.596456130322949463e+01,5.911302517060364359e+00
2.598456701914832934e+01,6.219796258791721044e+00
2.600457273506716405e+01,5.262371070453573552e+00
2.602457845098599520e+01,5.988942697671722826e+00
2.604458416690482991e+01,5.329964607249587871e+00
2.606458988282366462e+01,5.268010797000005851e+00
2.608459559874249933e+01,5.179354361347796143e+00
2.610460131466133404e+01,5.332746761006409209e+00
2.612460703058016520e+01,5.459630004349337540e+00
2.614461274649899991e+01,5.293783057149713756e+00
2.616461846241783462e+01,4.465492011431060781e+00
2.618462417833666933e+01,4.661488883393104743e+00
2.620462989425550404e+01,4.391718995483937960e+00
2.622463561017433520e+01,4.416002282710884685e+00
2.624464132609316991e+01,4.149190310223201728e+00
2.626464704201200462e+01,4.340567567776070668e+00
2.628465275793083933e+01,5.247766572179845213e+00
2.630465847384967049e+01,4.021591693980054671e+00
2.632466418976850520e+01,4.854607982124431231e+00
2.634466990568733991e+01,4.706100210329486444e+00
2.636467562160617462e+01,5.000489730888552309e+00
2.638468133752500933e+01,4.839458409224271840e+00
2.640468705344384048e+01,5.052315729159936097e+00
2.642469276936267519e+01,4.927675093362458902e+00
2.644469848528150990e+01,3.930670763039812332e+00
2.646470420120034461e+01,4.997628778245484682e+00
2.648470991711917932e+01,4.638832318077097838e+00
2.650471563303801048e+01,4.080749067531364460e+00
2.652472134895684519e+01,4.731241884026720967e+00
2.654472706487567990e+01,4.555909913804907063e+00
2.656473278079451461e+01,4.915268803193725056e+00
2.658473849671334932e+01,5.248814721252655247e+00
2.660474421263218048e+01,4.230424638412859650e+00
2.662474992855101519e+01,4.167128845043460927e+00
2.664475564446984990e+01,4.142788584346220659e+00
2.666476136038868461e+01,4.273238065910071271e+00
2.668476707630751577e+01,4.262855113928486261e+00
2.670477279222635048e+01,4.220189216068702898e+00
2.672477850814518519e+01,4.504287132763669987e+00
2.674478422406401990e+01,4.058709942211646826e+00
2.676478993998285461e+01,3.993955995049364383e+00
2.678479565590168576e+01,3.896502700314726120e+00
2.680480137182052047e+01,4.941765437270472461e+00
2.682480708773935518e+01,5.015711349405716390e+00
2.684481280365818989e+01,4.884863096159909546e+00
2.686481851957702460e+01,4.477247074129216742e+00
2.688482423549585576e+01,4.986100835140876875e+00
2.690482995141469047e+01,4.837357106076128233e+00
2.692483566733352518e+01,4.995302760100604367e+00
2.694484138325235989e+01,4.353421088951278328e+00
2.696484709917119105e+01,4.541060948556010501e+00
2.698485281509002576e+01,4.925581301228357134e+00
2.700485853100886047e+01,3.780152879569514734e+00
2.702486424692769518e+01,4.216118341285218563e+00
2.704486996284652989e+01,4.164511489916757014e+00
2.706487567876536104e+01,4.593983189757607555e+00
2.708488139468419575e+01,4.625183727376902532e+00
2.710488711060303046e+01,4.428607920836069134e+00
2.712489282652186517e+01,4.702729712783883187e+00
2.714489854244069988e+01,4.514281120475459375e+00
2.716490425835953104e+01,4.447314801156633024e+00
2.718490997427836575e+01,4.604158019363229215e+00
2.720491569019720046e+01,4.850484556216542842e+00
2.722492140611603517e+01,4.909373288274196057e+00
2.724492712203486633e+01,4.104226268992960058e+00
2.726493283795370104e+01,4.767434195987110712e+00
2.728493855387253575e+01,4.961261424646671081e+00
2.730494426979137046e+01,4.410885718453432247e+00
2.732494998571020517e+01,4.207270021991723397e+00
2.734495570162903633e+01,4.780602894080280052e+00
2.736496141754787104e+01,4.317160081947962524e+00
2.738496713346670575e+01,4.154472835045747381e+00
2.740497284938554046e+01,5.015821012891050756e+00
2.742497856530437517e+01,4.224014634225836673e+00
2.744498428122320632e+01,4.728091847798870262e+00
2.746498999714204103e+01,4.565086739067957922e+00
2.748499571306087574e+01,3.917284961696720469e+00
2.750500142897971045e+01,4.595217488173664933e+00
2.752500714489854516e+01,5.039446440291282414e+00
2.754501286081737632e+01,4.926068807382364412e+00
2.756501857673621103e+01,4.273313348336008843e+00
2.758502429265504574e+01,4.949478762309678537e+00
2.760503000857388045e+01,4.850177034661284026e+00
2.762503572449271161e+01,4.565459452333374024e+00
2.764504144041154632e+01,5.026658393648881784e+00
2.766504715633038103e+01,4.329640820012985003e+00
2.768505287224921574e+01,4.644330165143160549e+00
2.770505858816805045e+01,3.994590465466735019e+00
2.772506430408688161e+01,4.760478832752891520e+00
2.774507002000571632e+01,4.022689779858367842e+00
2.776507573592455103e+01,4.563526576614854946e+00
2.778508145184338574e+01,4.706288569714723202e+00
2.780508716776222045e+01,4.736452726999520024e+00
2.782509288368105160e+01,4.802645994792335671e+00
2.784509859959988631e+01,4.702526026103990731e+00
2.786510431551872102e+01,4.810193055552277386e+00
2.788511003143755573e+01,4.113766912173861812e+00
2.790511574735638689e+01,4.686076478391323796e+00
2.792512146327522160e+01,4.793544429966495102e+00
2.794512717919405631e+01,5.124303723543957467e+00
2.796513289511289102e+01,4.659874231975416947e+00
2.798513861103172573e+01,4.615642667295309032e+00
2.800514432695055689e+01,4.175842696793486297e+00
2.802515004286939160e+01,4.193048038138442735e+00
2.804515575878822631e+01,4.967563229735821650e+00
2.806516147470706102e+01,4.423836103774693385e+00
2.808516719062589573e+01,4.328507602805718335e+00
2.810517290654472689e+01,3.965706389238961016e+00
2.812517862246356160e+01,4.147278747913365038e+00
2.814518433838239631e+01,4.297741499639986529e+00
2.816519005430123102e+01,4.732197476214193621e+00
2.818519577022006217e+01,5.304068241748285395e+00
2.820520148613889688e+01,4.520885110220310033e+00
2.822520720205773159e+01,5.542237776787306558e+00
2.824521291797656630e+01,4.438958839051601046e+00
2.826521863389540101e+01,4.771226988900045818e+00
2.828522434981423217e+01,4.224040062413612517e+00
2.830523006573306688e+01,5.553858113401323848e+00
2.832523578165190159e+01,5.638760497469905708e+00
2.834524149757073630e+01,4.882562759455137069e+00
2.836524721348957101e+01,4.760456472465952160e+00
2.838525292940840217e+01,5.366815177992354080e+00
2.840525864532723688e+01,4.313795873458704300e+00
2.842526436124607159e+01,4.991747591605633971e+00
2.844527007716490630e+01,4.713295220938119812e+00
2.846527579308374101e+01,5.666108244184999698e+00
2.848528150900257216e+01,5.768133354363901510e+00
2.850528722492140687e+01,4.893544350292104994e+00
2.852529294084024158e+01,5.173814630278760873e+00
2.854529865675907629e+01,4.431762175087303746e+00
2.856530437267790745e+01,5.080711825337798970e+00
2.858531008859674216e+01,5.358526032933104588e+00
2.860531580451557687e+01,5.167378919848570895e+00
2.862532152043441158e+01,4.850521185265797897e+00
2.864532723635324629e+01,5.136387081396346588e+00
2.866533295227207745e+01,5.552708738629950957e+00
2.868533866819091216e+01,5.064439719179508970e+00
2.870534438410974687e+01,5.216075633838045178e+00
2.872535010002858158e+01,5.424972947827423120e+00
2.874535581594741629e+01,5.333234178916582024e+00
2.876536153186624745e+01,5.838930239207911654e+00
2.878536724778508216e+01,5.305184842170804771e+00
2.880537296370391687e+01,5.876242244706737949e+00
2.882537867962275158e+01,5.371997968372095755e+00
2.884538439554158273e+01,5.512281020852123348e+00
2.886539011146041744e+01,5.543834568127532947e+00
2.888539582737925215e+01,6.693383259463632662e+00
2.890540154329808686e+01,6.206810409762343994e+00
2.892540725921692157e+01,5.687672618366261368e+00
2.894541297513575273e+01,6.206985466063102308e+00
2.896541869105458744e+01,6.374946939036146176e+00
2.898542440697342215e+01,6.433571812134347923e+00
2.900543012289225686e+01,7.027706424837290911e+00
2.902543583881109157e+01,5.968291666370017623e+00
2.904544155472992273e+01,6.763015444713166957e+00
2.906544727064875744e+01,5.926164531279900061e+00
2.908545298656759215e+01,5.879848059102896762e+00
2.910545870248642686e+01,6.199939400986171023e+00
2.912546441840525802e+01,5.964166438618249799e+00
2.914547013432409273e+01,5.927419959760581669e+00
2.916547585024292744e+01,6.366042761305958919e+00
2.918548156616176215e+01,6.942129274910683989e+00
2.920548728208059686e+01,6.230857967494169536e+00
2.922549299799942801e+01,6.287897265137765146e+00
2.924549871391826272e+01,5.487611274491342783e+00
2.926550442983709743e+01,5.787882856097350981e+00
2.928551014575593214e+01,6.087880628274506378e+00
2.930551586167476685e+01,6.755070858609350637e+00
2.932552157759359801e+01,6.114908150660811614e+00
2.934552729351243272e+01,5.847657470721662420e+00
2.936553300943126743e+01,6.475091503705574070e+00
2.938553872535010214e+01,5.800828853301842614e+00
2.940554444126893330e+01,5.578747576742431491e+00
2.942555015718776801e+01,6.482137102700695763e+00
2.944555587310660272e+01,5.899682905014652867e+00
2.946556158902543743e+01,5.391442526523771761e+00
2.948556730494427214e+01,5.327203337378819015e+00
2.950557302086310330e+01,5.560342584287201184e+00
2.952557873678193801e+01,5.884163740008721000e+00
2.954558445270077272e+01,6.298649478254130685e+00
2.956559016861960743e+01,6.446535586893236136e+00
2.958559588453844214e+01,5.616045432263627291e+00
2.960560160045727329e+01,5.905840084017956571e+00
2.962560731637610800e+01,5.983129989859313547e+00
2.964561303229494271e+01,6.616134303416155937e+00
2.966561874821377742e+01,6.580306524398785939e+00
2.968562446413261213e+01,5.964791642626714463e+00
2.970563018005144329e+01,6.424545376235483829e+00
2.972563589597027800e+01,6.497434251510854963e+00
2.974564161188911271e+01,5.753371277297434361e+00
2.976564732780794742e+01,5.567554312385326831e+00
2.978565304372677858e+01,5.881646390433922456e+00
2.980565875964561329e+01,5.889754271093366356e+00
2.982566447556444800e+01,6.251888162594152476e+00
2.984567019148328271e+01,5.670806108501612819e+00
2.986567590740211742e+01,5.573400202013869986e+00
2.988568162332094857e+01,5.518151625657213621e+00
2.990568733923978328e+01,5.840508549881227474e+00
2.992569305515861799e+01,5.110685101673076325e+00
2.994569877107745270e+01,5.078502259589940948e+00
2.996570448699628741e+01,5.246298162833642920e+00
2.998571020291511857e+01,5.333311829705850826e+00
3.000571591883395328e+01,5.594182902173518102e+00
3.002572163475278799e+01,4.783022061000449909e+00
3.004572735067162270e+01,4.339230097294265676e+00
3.006573306659045386e+01,4.884402508127008602e+00
3.008573878250928857e+01,5.428525673474413615e+00
3.010574449842812328e+01,4.634755847092176140e+00
3.012575021434695799e+01,5.255567954432146749e+00
3.014575593026579270e+01,5.121557083584762360e+00
3.016576164618462386e+01,4.987943124626688096e+00
3.018576736210345857e+01,4.710131184436482599e+00
3.020577307802229328e+01,4.793956927785365529e+00
3.022577879394112799e+01,5.740659151723813913e+00
3.024578450985996270e+01,4.803972278108154192e+00
3.026579022577879385e+01,4.373255529658223395e+00
3.028579594169762856e+01,4.973289254463026055e+00
3.030580165761646327e+01,5.276536015108833411e+00
3.032580737353529798e+01,4.880915906478673350e+00
3.034581308945412914e+01,4.428032632757771481e+00
3.036581880537296385e+01,4.667475631786050627e+00
3.038582452129179856e+01,5.289585704516124309e+00
3.040583023721063327e+01,5.236170724476661320e+00
3.042583595312946798e+01,4.629800078877485348e+00
3.044584166904829914e+01,5.176696780103970497e+00
3.046584738496713385e+01,4.899701937532318752e+00
3.048585310088596856e+01,5.446818429247561433e+00
3.050585881680480327e+01,5.776525438560661918e+00
3.052586453272363798e+01,5.450418574694507967e+00
3.054587024864246914e+01,5.526406650448333124e+00
3.056587596456130385e+01,4.453219916277904922e+00
3.058588168048013856e+01,5.136507335345843472e+00
3.060588739639897327e+01,4.849900230332642614e+00
3.062589311231780798e+01,4.494723237241900371e+00
3.064589882823663913e+01,5.401320648474429831e+00
3.066590454415547384e+01,5.305412940125677324e+00
3.068591026007430855e+01,4.522470363051939835e+00
3.070591597599314326e+01,4.791172087307071337e+00
3.072592169191197442e+01,5.257599112273782183e+00
3.074592740783080913e+01,5.475251438175011032e+00
3.076593312374964384e+01,5.243709787866955629e+00
3.078593883966847855e+01,4.791519719430656465e+00
3.080594455558731326e+01,5.739358174909327204e+00
3.082595027150614442e+01,5.495407295495306599e+00
3.084595598742497913e+01,5.604554108882981112e+00
3.086596170334381384e+01,5.477078935974745377e+00
3.088596741926264855e+01,4.787162969737567053e+00
3.090597313518148326e+01,4.505971797747733376e+00
3.092597885110031442e+01,5.445376710609182602e+00
3.094598456701914913e+01,5.469610076014308930e+00
3.096599028293798384e+01,4.765813104360930197e+00
3.098599599885681855e+01,4.917745994519786557e+00
3.100600171477564970e+01,4.784834042014475486e+00
3.102600743069448441e+01,5.076609870956152903e+00
3.104601314661331912e+01,5.244589934801572539e+00
3.106601886253215383e+01,5.451687239533784535e+00
3.108602457845098854e+01,4.967592636819460949e+00
3.110603029436981970e+01,5.185549580126494362e+00
3.112603601028865441e+01,4.251424127150963628e+00
3.114604172620748912e+01,4.797773246219277254e+00
3.116604744212632383e+01,4.953896202405635663e+00
3.118605315804515854e+01,4.855260215653952827e+00
3.120605887396398970e+01,4.419561661439415978e+00
3.122606458988282441e+01,5.391055060791536846e+00
3.124607030580165912e+01,4.543265560108634027e+00
3.126607602172049383e+01,5.062445042769311065e+00
3.128608173763932498e+01,5.362641036408858142e+00
3.130608745355815969e+01,5.048831048097435215e+00
3.132609316947699440e+01,5.013546252532764314e+00
3.134609888539582911e+01,5.096016193059678123e+00
3.136610460131466382e+01,5.168987101193995848e+00
3.138611031723349498e+01,5.232190857180276211e+00
3.140611603315232969e+01,4.580099516013913963e+00
3.142612174907116440e+01,5.653460027777375885e+00
3.144612746498999911e+01,5.266023663641532515e+00
3.146613318090883382e+01,5.534091358314051412e+00
3.148613889682766498e+01,5.117534795893821098e+00
3.150614461274649969e+01,5.758152119920941558e+00
3.152615032866533440e+01,5.061034144504880317e+00
3.154615604458416911e+01,5.251272422354827718e+00
3.156616176050300382e+01,5.662947502703792324e+00
3.158616747642183498e+01,5.739060718486731716e+00
3.160617319234066969e+01,4.967185612751743307e+00
3.162617890825950440e+01,4.737301120044454805e+00
3.164618462417833911e+01,5.051897004847683448e+00
3.166619034009717026e+01,5.765266995585903942e+00
3.168619605601600497e+01,5.459903599396089824e+00
3.170620177193483968e+01,5.424906329011305317e+00
3.172620748785367439e+01,5.231234127558676228e+00
3.174621320377250910e+01,4.220249725016518738e+00
3.176621891969134026e+01,4.978651739149379196e+00
3.178622463561017497e+01,5.300564465713677897e+00
3.180623035152900968e+01,5.398378358998300541e+00
3.182623606744784439e+01,4.833810240028252103e+00
3.184624178336667910e+01,5.682541302173495623e+00
3.186624749928551026e+01,4.897349263790950147e+00
3.188625321520434497e+01,5.335921681013704898e+00
3.190625893112317968e+01,4.786762247822162308e+00
3.192626464704201439e+01,5.209414469299391115e+00
3.194627036296084555e+01,4.998313052778400767e+00
3.196627607887968026e+01,5.243291656034601900e+00
3.198628179479851497e+01,5.623160081717369252e+00
3.200628751071734968e+01,5.111498392974691996e+00
3.202629322663618439e+01,5.352849726406198272e+00
3.204629894255501199e+01,5.007039885383653299e+00
3.206630465847385381e+01,4.836717215844538842e+00
3.208631037439268141e+01,4.724170975693922969e+00
3.210631609031152323e+01,5.654880335834549854e+00
3.212632180623035083e+01,5.352681955974372130e+00
3.214632752214918554e+01,5.417903552143989110e+00
3.216633323806802025e+01,4.524333327279480343e+00
3.218633895398685496e+01,4.757093994457299857e+00
3.220634466990568967e+01,5.192181278037265812e+00
3.222635038582451728e+01,5.039947820811855550e+00
3.224635610174335909e+01,4.606844524723296530e+00
3.226636181766218670e+01,4.872844373476498347e+00
3.228636753358102851e+01,5.322231019137436903e+00
3.230637324949985612e+01,4.964136748624186524e+00
3.232637896541869083e+01,4.997116504907172185e+00
3.234638468133752554e+01,5.608732131110781616e+00
3.236639039725636025e+01,5.817951128392265581e+00
3.238639611317519496e+01,5.370220789622051960e+00
3.240640182909402967e+01,5.112144149604391785e+00
3.242640754501286438e+01,4.886735870752112909e+00
3.244641326093169198e+01,5.502726365999865976e+00
3.246641897685053380e+01,5.269444003142194966e+00
3.248642469276936140e+01,5.429908975237300872e+00
3.250643040868819611e+01,4.676338585435455997e+00
3.252643612460703082e+01,5.514661626789816751e+00
3.254644184052586553e+01,5.189694497776355497e+00
3.256644755644470024e+01,5.020460106843400716e+00
3.258645327236353495e+01,5.330668103399291979e+00
3.260645898828236966e+01,4.517334487402147936e+00
3.262646470420119726e+01,4.684381521212277022e+00
3.264647042012003908e+01,5.005971344932409473e+00
3.266647613603886668e+01,5.821096782988268714e+00
3.268648185195770850e+01,5.322408379573496440e+00
3.270648756787653610e+01,5.791768334969200183e+00
3.272649328379537081e+01,5.204517580620494854e+00
3.274649899971420552e+01,4.755040892155335541e+00
3.276650471563304023e+01,4.555072899597639946e+00
3.278651043155187494e+01,5.415687206947126242e+00
3.280651614747070255e+01,5.250031324148128675e+00
3.282652186338954436e+01,4.864099164763192817e+00
3.284652757930837197e+01,5.568902157903099059e+00
3.286653329522721378e+01,5.121368062155781331e+00
3.288653901114604139e+01,5.605981941276244385e+00
3.290654472706487610e+01,5.355631551937669599e+00
3.292655044298371081e+01,5.955000003249081963e+00
3.294655615890254552e+01,4.730295375419025561e+00
3.296656187482138023e+01,4.993068073942970919e+00
3.298656759074020783e+01,4.367489890627959781e+00
3.300657330665904965e+01,5.949509679347848135e+00
3.302657902257787725e+01,5.818344600943623490e+00
3.304658473849671907e+01,5.034587109636035507e+00
3.306659045441554667e+01,5.505319919349750180e+00
3.308659617033438138e+01,5.853888396540823713e+00
3.310660188625321609e+01,4.618311552527364583e+00
3.312660760217205080e+01,4.738885364480594831e+00
3.314661331809088551e+01,5.159454456797112343e+00
3.316661903400971312e+01,5.013447663553268541e+00
3.318662474992855493e+01,5.864196988532032861e+00
3.320663046584738254e+01,5.679702734029158151e+00
3.322663618176622435e+01,5.649646471861316854e+00
3.324664189768505196e+01,5.744851149954912195e+00
3.326664761360388667e+01,5.696542989718256678e+00
3.328665332952272138e+01,5.060845212448334962e+00
3.330665904544155609e+01,5.873675796965846629e+00
3.332666476136039080e+01,5.737382763688548160e+00
3.334667047727922551e+01,5.034211841811637278e+00
3.336667619319806022e+01,5.799300400796956190e+00
3.338668190911688782e+01,5.217212767679084706e+00
3.340668762503572964e+01,4.863551591063560053e+00
3.342669334095455724e+01,5.166477574893690417e+00
3.344669905687339195e+01,5.315594700714125764e+00
3.346670477279222666e+01,5.707169828508771303e+00
3.348671048871106137e+01,5.317473190949055351e+00
3.350671620462989608e+01,5.507758021134315563e+00
3.352672192054873079e+01,5.781370591911365153e+00
3.354672763646756550e+01,5.121014628496125098e+00
3.356673335238639311e+01,5.815130285181803416e+00
3.358673906830523492e+01,6.275417596056943381e+00
3.360674478422406253e+01,5.405699625971767119e+00
3.362675050014290434e+01,5.628305891648429871e+00
3.364675621606173195e+01,6.103870700529421711e+00
3.366676193198056666e+01,6.412685835535344658e+00
3.368676764789940137e+01,6.045905003349531626e+00
3.370677336381823608e+01,6.188046882524819381e+00
3.372677907973707079e+01,6.119262862865729069e+00
3.374678479565589839e+01,6.994567564920992631e+00
3.376679051157474021e+01,7.318516800578651171e+00
3.378679622749356781e+01,6.847264330040793823e+00
3.380680194341240963e+01,7.710856846417291521e+00
3.382680765933123723e+01,7.592094065666508129e+00
3.384681337525007194e+01,7.921190234729635904e+00
3.386681909116890665e+01,7.677533522326640991e+00
3.388682480708774136e+01,8.536404459570050562e+00
3.390683052300657607e+01,8.160413979274757423e+00
3.392683623892540368e+01,9.199219919943526946e+00
3.394684195484424549e+01,9.171751471810386747e+00
3.396684767076307310e+01,9.819164700965092862e+00
3.398685338668191491e+01,1.118241894980671169e+01
3.400685910260074252e+01,1.096177396458778119e+01
3.402686481851957723e+01,1.124866647676766362e+01
3.404687053443841194e+01,1.288933580996377515e+01
3.406687625035724665e+01,1.298555682822842172e+01
3.408688196627608136e+01,1.297637840821485256e+01
3.410688768219490896e+01,1.463123037917768876e+01
3.412689339811375078e+01,1.467143095072120929e+01
3.414689911403257838e+01,1.628819339221297113e+01
3.416690482995142020e+01,1.648389277397265928e+01
3.418691054587024780e+01,1.760809189178804957e+01
3.420691626178908251e+01,1.841080747457963440e+01
3.422692197770791722e+01,1.928110980426260568e+01
3.424692769362675193e+01,2.057332309980825968e+01
3.426693340954558664e+01,2.169007678508199888e+01
3.428693912546442135e+01,2.280094241741942440e+01
3.430694484138325606e+01,2.362854029451545301e+01
3.432695055730208367e+01,2.370637313687786474e+01
3.434695627322092548e+01,2.534393098604547134e+01
3.436696198913975309e+01,2.631385393861816269e+01
3.438696770505858780e+01,2.695439873491972804e+01
3.440697342097742251e+01,2.673936555347346911e+01
3.442697913689625722e+01,2.701274348527036295e+01
3.444698485281509193e+01,2.732234539464685952e+01
3.446699056873392664e+01,2.659010681758180539e+01
3.448699628465276135e+01,2.608435884511868608e+01
3.450700200057158895e+01,2.592975788716464791e+01
3.452700771649043077e+01,2.579109793798689054e+01
3.454701343240925837e+01,2.510283522566784953e+01
3.456701914832810019e+01,2.410670250924088975e+01
3.458702486424692779e+01,2.327212514610107519e+01
3.460703058016576250e+01,2.189947810166223974e+01
3.462703629608459721e+01,2.101254105688050089e+01
3.464704201200343192e+01,2.012209882643798409e+01
3.466704772792226663e+01,1.895610449898869021e+01
3.468705344384109424e+01,1.703341387950849395e+01
3.470705915975993605e+01,1.619947624633993755e+01
3.472706487567876366e+01,1.457494210210007246e+01
3.474707059159760547e+01,1.329304480377803444e+01
3.476707630751643308e+01,1.261189122073655966e+01
3.478708202343526779e+01,1.172266030098014866e+01
3.480708773935410250e+01,1.037978540585275411e+01
3.482709345527293721e+01,1.002567641002679188e+01
3.484709917119177192e+01,9.001044138658226501e+00
3.486710488711059952e+01,7.915021880349442540e+00
3.488711060302944134e+01,8.088517378676726821e+00
3.490711631894826894e+01,7.334454629994109354e+00
3.492712203486711076e+01,6.582807436584375615e+00
3.494712775078593836e+01,6.070885706189434572e+00
3.496713346670477307e+01,6.548392036064521804e+00
3.498713918262360778e+01,6.035634742576879930e+00
3.500714489854244249e+01,5.884589099084132968e+00
3.502715061446127720e+01,5.788695957071222864e+00
3.504715633038010481e+01,6.405456626893220928e+00
3.506716204629894662e+01,6.123404851188208653e+00
3.508716776221777423e+01,5.873702275075012302e+00
3.510717347813661604e+01,6.249778844830014890e+00
3.512717919405544365e+01,6.330146609184406969e+00
3.514718490997427836e+01,6.141320277136351535e+00
3.516719062589311307e+01,5.990779389786480280e+00
3.518719634181194778e+01,5.532000983625529500e+00
3.520720205773078249e+01,5.193375283982515356e+00
3.522720777364961720e+01,5.332779574298772474e+00
3.524721348956845191e+01,5.273899091041868381e+00
3.526721920548727951e+01,6.444351550276268270e+00
3.528722492140612133e+01,5.807491647580828698e+00
3.530723063732494893e+01,4.921554332107071161e+00
3.532723635324378364e+01,5.962742248744050677e+00
3.534724206916261835e+01,6.007103960577120816e+00
3.536724778508145306e+01,5.299051081505586680e+00
3.538725350100028777e+01,5.599613279979854141e+00
3.540725921691912248e+01,5.383104309514649799e+00
3.542726493283795719e+01,5.071198145958641490e+00
3.544727064875678479e+01,5.817302286872536143e+00
3.546727636467562661e+01,5.383937915434469090e+00
3.548728208059445421e+01,5.523971800312247993e+00
3.550728779651329603e+01,5.831253345153211143e+00
3.552729351243212363e+01,5.617653324278966132e+00
3.554729922835095834e+01,5.205078061380312704e+00
3.556730494426979305e+01,6.144111616092658323e+00
3.558731066018862776e+01,5.946206888177966832e+00
3.560731637610746247e+01,5.417833325134576050e+00
3.562732209202629008e+01,5.664452790065743315e+00
3.564732780794513189e+01,5.303906232390209752e+00
3.566733352386395950e+01,5.886589914929311718e+00
3.568733923978280131e+01,5.801910076588166376e+00
3.570734495570162892e+01,5.801605857974474034e+00
3.572735067162046363e+01,5.696857910225657129e+00
3.574735638753929834e+01,5.958985462501733110e+00
3.576736210345813305e+01,5.984085579880201955e+00
3.578736781937696776e+01,6.270638972935737243e+00
3.580737353529579536e+01,5.360178301073951879e+00
3.582737925121463718e+01,5.727410705331037022e+00
3.584738496713346478e+01,6.212539617202882170e+00
3.586739068305230660e+01,6.176714185699035298e+00
3.588739639897113420e+01,6.482255720704278801e+00
3.590740211488996891e+01,6.008214392885131261e+00
3.592740783080880362e+01,5.710263651513874272e+00
3.594741354672763833e+01,6.186745200783162701e+00
3.596741926264647304e+01,6.054662465334075705e+00
3.598742497856530065e+01,6.352957854064293031e+00
3.600743069448414246e+01,6.209977958304789603e+00
3.602743641040297007e+01,5.975303600928024039e+00
3.604744212632181188e+01,6.587971535711362847e+00
3.606744784224063949e+01,6.107099130368199624e+00
3.608745355815947420e+01,7.075657975161032454e+00
3.610745927407830891e+01,6.493531923806052930e+00
3.612746498999714362e+01,6.996088529294510749e+00
3.614747070591597833e+01,6.620833349261249445e+00
3.616747642183481304e+01,7.571517828808845607e+00
3.618748213775364775e+01,7.604950717758897305e+00
3.620748785367247535e+01,8.315788150026254044e+00
3.622749356959131717e+01,8.272943911898176239e+00
3.624749928551014477e+01,9.226101492952222927e+00
3.626750500142897948e+01,9.955125156066769065e+00
3.628751071734781419e+01,1.029683897389047331e+01
3.630751643326664890e+01,1.108551681073313588e+01
3.632752214918548361e+01,1.028779267573020562e+01
3.634752786510431832e+01,1.090899129845186266e+01
3.636753358102315303e+01,1.183802869259360335e+01
3.638753929694198064e+01,1.322356990718038006e+01
3.640754501286082245e+01,1.455776154875186279e+01
3.642755072877965006e+01,1.448039718659437369e+01
3.644755644469849187e+01,1.555370822850902535e+01
3.646756216061731948e+01,1.710478451799216515e+01
3.648756787653615419e+01,1.786162615380376195e+01
3.650757359245498890e+01,1.927584663669162524e+01
3.652757930837382361e+01,2.098686976507872970e+01
3.654758502429265832e+01,2.187425991237419254e+01
3.656759074021148592e+01,2.285833459423051650e+01
3.658759645613032774e+01,2.452435415243456518e+01
3.660760217204915534e+01,2.514614342405419123e+01
3.662760788796799716e+01,2.720783585654263703e+01
3.664761360388682476e+01,2.784320020566839560e+01
3.666761931980565947e+01,2.879928839617878111e+01
3.668762503572449418e+01,3.050063843182374512e+01
3.670763075164332889e+01,3.145760909206044431e+01
3.672763646756216360e+01,3.269298901570802229e+01
3.674764218348099121e+01,3.359655076934105011e+01
3.676764789939983302e+01,3.527824651249915178e+01
3.678765361531866063e+01,3.689221475614986190e+01
3.680765933123750244e+01,3.806001742435709900e+01
3.682766504715633005e+01,3.865207030341709071e+01
3.684767076307516476e+01,4.003115582356613800e+01
3.686767647899399947e+01,4.232468360366973315e+01
3.688768219491283418e+01,4.244026229378576431e+01
3.690768791083166889e+01,4.283568400032205403e+01
3.692769362675049649e+01,4.415044968334520092e+01
3.694769934266933831e+01,4.439612590933444380e+01
3.696770505858816591e+01,4.407757176801025878e+01
3.698771077450700773e+01,4.453756038339244583e+01
3.700771649042583533e+01,4.292826552370839721e+01
3.702772220634467004e+01,4.213001891637906482e+01
3.704772792226350475e+01,4.081512351956655493e+01
3.706773363818233946e+01,3.889618494587355713e+01
3.708773935410117417e+01,3.603198342982985025e+01
3.710774507002000888e+01,3.314891766850189470e+01
3.712775078593884359e+01,3.075142229708897190e+01
3.714775650185767120e+01,2.874658951706587828e+01
3.716776221777651301e+01,2.573811810465499406e+01
3.718776793369534062e+01,2.249486269687258400e+01
3.720777364961417533e+01,1.930555379705567276e+01
3.722777936553301004e+01,1.704915005817758100e+01
3.724778508145184475e+01,1.563201695992981755e+01
3.726779079737067946e+01,1.449961122972731786e+01
3.728779651328951417e+01,1.172816905580727642e+01
3.730780222920834888e+01,1.130874487401588269e+01
3.732780794512717648e+01,1.043108749207324237e+01
3.734781366104601830e+01,9.572836860854273766e+00
3.736781937696484590e+01,8.580623972286904433e+00
3.738782509288368772e+01,8.264258019079452566e+00
3.740783080880251532e+01,7.444490149959342773e+00
3.742783652472135003e+01,7.775413493010276511e+00
3.744784224064018474e+01,7.100905983909065355e+00
3.746784795655901945e+01,7.111646869581324637e+00
3.748785367247785416e+01,7.510405229556138984e+00
3.750785938839668177e+01,6.471493532132650550e+00
3.752786510431552358e+01,5.960142054264185418e+00
3.754787082023435119e+01,6.786113728896504327e+00
3.756787653615319300e+01,6.259586253925234267e+00
3.758788225207202061e+01,5.924652434481695096e+00
3.760788796799085532e+01,5.993596324343586801e+00
3.762789368390969003e+01,6.226357911174066118e+00
3.764789939982852474e+01,6.565530326755920854e+00
3.766790511574735945e+01,5.856727578334256279e+00
3.768791083166618705e+01,6.090903186115305346e+00
3.770791654758502887e+01,6.296603986456560165e+00
3.772792226350385647e+01,6.768577248850100148e+00
3.774792797942269829e+01,6.319857893412891059e+00
3.776793369534152589e+01,5.861476696231594730e+00
3.778793941126036060e+01,5.936898266236851462e+00
3.780794512717919531e+01,5.979218387028613080e+00
3.782795084309803002e+01,5.850665410675661704e+00
3.784795655901686473e+01,5.627636592197167609e+00
3.786796227493569234e+01,5.602126593304127766e+00
3.788796799085453415e+01,5.394393389788374904e+00
3.790797370677336176e+01,5.689622307396772882e+00
3.792797942269220357e+01,6.727777894284971083e+00
3.794798513861103118e+01,5.871786424971423557e+00
3.796799085452986589e+01,5.430621211437223650e+00
3.798799657044870060e+01,6.180429471861387469e+00
3.800800228636753531e+01,6.431352720052227134e+00
3.802800800228637002e+01,5.826157337954740001e+00
3.804801371820520473e+01,6.249029184590513708e+00
3.806801943412403944e+01,5.890807694179244436e+00
3.808802515004286704e+01,5.465615773370581465e+00
3.810803086596170886e+01,5.812680931516530869e+00
3.812803658188053646e+01,6.610227792061992069e+00
3.814804229779937117e+01,6.096565353302946022e+00
3.816804801371820588e+01,6.223298356041642165e+00
3.818805372963704059e+01,6.377514875628901514e+00
3.820805944555587530e+01,6.111799125070302097e+00
3.822806516147471001e+01,6.219981227138710267e+00
3.824807087739354472e+01,6.249007942238185898e+00
3.826807659331237232e+01,6.995889482549291216e+00
3.828808230923121414e+01,7.130438290822608494e+00
3.830808802515004174e+01,6.479772123994524513e+00
3.832809374106888356e+01,5.984957646942898890e+00
3.834809945698771116e+01,6.607527581595265431e+00
3.836810517290654587e+01,6.745497538317005493e+00
3.838811088882538058e+01,6.736856189357775193e+00
3.840811660474421529e+01,6.701587240478563245e+00
3.842812232066305000e+01,7.506515293612821438e+00
3.844812803658187761e+01,6.273517005696123583e+00
3.846813375250071942e+01,7.424094059568468573e+00
3.848813946841954703e+01,6.843667515483596198e+00
3.850814518433838884e+01,7.236385891995142927e+00
3.852815090025721645e+01,7.526834180679236042e+00
3.854815661617605116e+01,7.465066168284664627e+00
3.856816233209488587e+01,8.128994022800862140e+00
3.858816804801372058e+01,8.071264448565294458e+00
3.860817376393255529e+01,8.389134218014572042e+00
3.862817947985138289e+01,8.614766777003817211e+00
3.864818519577022471e+01,8.991352292020312831e+00
3.866819091168905231e+01,9.287739554603076542e+00
3.868819662760789413e+01,1.038626628132059793e+01
3.870820234352672173e+01,1.168218803340941037e+01
3.872820805944555644e+01,1.106355135431073222e+01
3.874821377536439115e+01,1.320739262871131103e+01
3.876821949128322586e+01,1.408649988220926552e+01
3.878822520720206057e+01,1.450534486864177453e+01
3.880823092312088818e+01,1.657316595615408517e+01
3.882823663903972999e+01,1.705500714729266321e+01
3.884824235495855760e+01,1.889030081282899687e+01
3.886824807087739941e+01,2.063479324860585606e+01
3.888825378679622702e+01,2.268240936799712415e+01
3.890825950271506173e+01,2.408627041763956456e+01
3.892826521863389644e+01,2.711177781897953309e+01
3.894827093455273115e+01,3.028508382267244770e+01
3.896827665047156586e+01,3.203527631956211508e+01
3.898828236639040057e+01,3.564173824426045911e+01
3.900828808230923528e+01,3.873148167367792638e+01
3.902829379822806288e+01,4.218572635782064850e+01
3.904829951414690470e+01,4.617177476628798161e+01
3.906830523006573230e+01,4.972589514412162259e+01
3.908831094598456701e+01,5.408224703032104230e+01
3.910831666190340172e+01,5.820226144797094037e+01
3.912832237782223643e+01,6.253111239828731271e+01
3.914832809374107114e+01,6.674358073858675766e+01
3.916833380965990585e+01,7.104898230443774310e+01
3.918833952557874056e+01,7.612595413218856777e+01
3.920834524149756817e+01,8.026778774934714988e+01
3.922835095741640998e+01,8.416409728069399421e+01
3.924835667333523759e+01,8.761448765127836680e+01
3.926836238925407940e+01,9.116487927253152179e+01
3.928836810517290701e+01,9.227536528618377076e+01
3.930837382109174172e+01,9.405370428367942282e+01
3.932837953701057643e+01,9.407640979567997874e+01
3.934838525292941114e+01,9.368164073814799053e+01
3.936839096884824585e+01,9.236492544917561531e+01
3.938839668476707345e+01,8.960222781978151829e+01
3.940840240068591527e+01,8.569513417778841813e+01
3.942840811660474287e+01,8.177647083101004455e+01
3.944841383252358469e+01,7.593365120281919189e+01
3.946841954844241229e+01,7.101127307145118550e+01
3.948842526436124700e+01,6.459862508699401928e+01
3.950843098028008171e+01,5.879807189200117534e+01
3.952843669619891642e+01,5.307969487344304582e+01
3.954844241211775113e+01,4.685782720804914447e+01
3.956844812803657874e+01,4.034268807215789110e+01
3.958845384395542055e+01,3.554557690300779882e+01
3.960845955987424816e+01,3.195053965975893107e+01
3.962846527579308997e+01,2.791677203252618966e+01
3.964847099171191758e+01,2.364415858885519484e+01
3.966847670763075229e+01,1.996899163459070792e+01
3.968848242354958700e+01,1.857547695771608431e+01
3.970848813946842171e+01,1.557896322235331432e+01
3.972849385538725642e+01,1.410452782866243737e+01
3.974849957130608402e+01,1.321256145471992482e+01
3.976850528722492584e+01,1.218426975073695218e+01
3.978851100314375344e+01,1.136054268395756139e+01
3.980851671906259526e+01,1.019534950655966554e+01
3.982852243498142286e+01,9.648421959789626356e+00
3.984852815090025757e+01,9.172441069285579118e+00
3.986853386681909228e+01,9.037199587244751697e+00
3.988853958273792699e+01,8.344913616238544662e+00
3.990854529865676170e+01,7.933999486063974871e+00
3.992855101457559641e+01,7.594873974805817163e+00
3.994855673049443112e+01,8.294920200804639876e+00
3.996856244641325873e+01,8.276538413964622976e+00
3.998856816233210054e+01,6.643338731323659374e+00
4.000857387825092815e+01,7.727376174559475785e+00
4.002857959416976286e+01,7.517275435437424491e+00
4.004858531008859757e+01,7.293992005885442609e+00
4.006859102600743228e+01,7.682679809196332421e+00
4.008859674192626699e+01,7.595271557371516380e+00
4.010860245784510170e+01,6.450942967059170030e+00
4.012860817376393641e+01,6.934157669536224589e+00
4.014861388968276401e+01,6.555565650108961862e+00
4.016861960560160583e+01,6.925086350738877350e+00
4.018862532152043343e+01,6.984648234824467394e+00
4.020863103743927525e+01,7.019748476557472472e+00
4.022863675335810285e+01,6.562769528886599701e+00
4.024864246927693756e+01,6.572214683777156452e+00
4.026864818519577227e+01,6.371127561869860401e+00
4.028865390111460698e+01,6.989158013751600507e+00
4.030865961703344169e+01,7.173923945228828813e+00
4.032866533295226930e+01,6.312164405065743722e+00
4.034867104887111111e+01,6.682758468527298490e+00
4.036867676478993872e+01,6.838400260171898282e+00
4.038868248070878053e+01,6.208252567554613854e+00
4.040868819662760814e+01,6.454165531719429083e+00
4.042869391254644285e+01,6.885311395683165969e+00
4.044869962846527756e+01,6.396409625291055612e+00
4.046870534438411227e+01,6.555516783296475580e+00
4.048871106030294698e+01,6.654490183376577050e+00
4.050871677622177458e+01,6.856092568848827895e+00
4.052872249214061640e+01,7.083721686503606563e+00
4.054872820805944400e+01,6.914917979900177869e+00
4.056873392397828582e+01,6.383931487657318549e+00
4.058873963989711342e+01,6.554185049394016360e+00
4.060874535581594813e+01,6.611317282405891227e+00
4.062875107173478284e+01,7.429843800581478419e+00
4.064875678765361755e+01,7.812199671207690876e+00
4.066876250357245226e+01,7.502693119944952471e+00
4.068876821949127986e+01,8.054890755357890342e+00
4.070877393541012168e+01,7.306208583959381997e+00
4.072877965132894929e+01,8.518283183744227216e+00
4.074878536724779110e+01,8.438023237658217823e+00
4.076879108316661871e+01,9.466528217805336709e+00
4.078879679908545342e+01,1.064850855347585323e+01
4.080880251500428813e+01,1.006441018427506151e+01
4.082880823092312284e+01,1.114941603843147000e+01
4.084881394684195755e+01,1.254576322338145467e+01
4.086881966276079226e+01,1.261899123739307527e+01
4.088882537867962697e+01,1.464683836579975917e+01
4.090883109459845457e+01,1.421966099265614503e+01
4.092883681051729639e+01,1.649945386562342975e+01
4.094884252643612399e+01,1.768003520230150727e+01
4.096884824235495870e+01,1.943537839151386137e+01
4.098885395827379341e+01,2.013187264344760052e+01
4.100885967419262812e+01,2.244107587617273225e+01
4.102886539011146283e+01,2.485820384642611458e+01
4.104887110603029754e+01,2.629073876488302375e+01
4.106887682194913225e+01,2.908073958097092770e+01
4.108888253786795985e+01,3.112851936077668569e+01
4.110888825378680167e+01,3.359472241654123081e+01
4.112889396970562927e+01,3.627725231670692096e+01
4.114889968562447109e+01,3.798977062385699810e+01
4.116890540154329869e+01,4.154091836273565974e+01
4.118891111746213340e+01,4.326529146675889592e+01
4.120891683338096811e+01,4.629560688596587426e+01
4.122892254929980282e+01,4.885772204132820207e+01
4.124892826521863753e+01,5.045044532712432783e+01
4.126893398113746514e+01,5.144993518247618880e+01
4.128893969705630695e+01,5.277175412846679592e+01
4.130894541297513456e+01,5.357014365013965573e+01
4.132895112889397637e+01,5.272941586735464625e+01
4.134895684481280398e+01,5.216680272895420245e+01
4.136896256073163869e+01,4.981651957851637746e+01
4.138896827665047340e+01,4.802611496020615078e+01
4.140897399256930811e+01,4.523896098677285948e+01
4.142897970848814282e+01,4.202025388186277155e+01
4.144898542440697042e+01,3.854394584242871247e+01
4.146899114032581224e+01,3.484483034573761984e+01
4.148899685624463984e+01,3.158653249492093806e+01
4.150900257216348166e+01,2.704847390004343310e+01
4.152900828808230926e+01,2.459906414430560773e+01
4.154901400400114397e+01,2.196039167890251065e+01
4.156901971991997868e+01,1.892378308016102295e+01
4.158902543583881339e+01,1.690496206829136838e+01
4.160903115175764810e+01,1.448679072286081038e+01
4.162903686767647571e+01,1.217706748346970969e+01
4.164904258359531752e+01,1.195505152491195666e+01
4.166904829951414513e+01,1.100087075252617197e+01
4.168905401543298694e+01,9.891835674502399200e+00
4.170905973135181455e+01,9.178757884049943527e+00
4.172906544727064926e+01,8.311591061604362451e+00
4.174907116318948397e+01,7.718393235034701760e+00
4.176907687910831868e+01,7.965746353517435097e+00
4.178908259502715339e+01,7.305702100585129699e+00
4.180908831094598810e+01,7.409296645064850750e+00
4.182909402686482281e+01,6.920732382451143749e+00
4.184909974278365041e+01,6.984322541437940401e+00
4.186910545870249223e+01,7.119923933974428465e+00
4.188911117462131983e+01,6.821235539201839337e+00
4.190911689054015454e+01,6.956973152763314516e+00
4.192912260645898925e+01,6.941596169415487516e+00
4.194912832237782396e+01,6.477994112498025814e+00
4.196913403829665867e+01,6.221784765639633008e+00
4.198913975421549338e+01,6.117747724676846133e+00
4.200914547013432809e+01,6.090557182782787571e+00
4.202915118605316280e+01,6.162592115983658303e+00
4.204915690197199041e+01,5.733402569186877074e+00
4.206916261789082512e+01,6.598376487033533522e+00
4.208916833380965983e+01,6.498641487141329165e+00
4.210917404972849454e+01,6.218720378645226532e+00
4.212917976564732925e+01,6.506403948558879158e+00
4.214918548156616396e+01,6.601316669364049261e+00
4.216919119748499867e+01,6.567412973195169812e+00
4.218919691340383338e+01,5.757454556535247292e+00
4.220920262932266809e+01,6.413262595867231575e+00
4.222920834524150280e+01,5.957552505711936064e+00
4.224921406116033040e+01,6.148937662585288066e+00
4.226921977707916511e+01,6.179379130907724615e+00
4.228922549299799982e+01,5.327636144104790361e+00
4.230923120891683453e+01,5.501656328943509422e+00
4.232923692483566924e+01,5.942930770128426410e+00
4.234924264075450395e+01,6.034725762396417892e+00
4.236924835667333866e+01,5.979042265309056248e+00
4.238925407259217337e+01,5.898064992586150801e+00
4.240925978851100808e+01,5.960079444488544098e+00
4.242926550442983569e+01,5.872945969114685028e+00
4.244927122034867040e+01,5.732488305083281332e+00
4.246927693626750511e+01,5.687703296606619219e+00
4.248928265218633982e+01,5.309698035874336419e+00
4.250928836810517453e+01,5.966184436568097382e+00
4.252929408402400924e+01,5.578887795612692102e+00
4.254929979994284395e+01,5.873531746622462357e+00
4.256930551586167866e+01,5.837684107665396027e+00
4.258931123178051337e+01,5.009581775087821320e+00
4.260931694769934097e+01,5.573847251467570985e+00
4.262932266361817568e+01,6.049956802412573609e+00
4.264932837953701039e+01,5.343874887605680080e+00
4.266933409545584510e+01,4.868333399730648381e+00
4.268933981137467981e+01,5.263312544196748988e+00
4.270934552729351452e+01,5.793131121599037314e+00
4.272935124321234923e+01,6.243012566316664902e+00
4.274935695913118394e+01,6.128619682671547331e+00
4.276936267505001865e+01,5.015155278329137545e+00
4.278936839096885336e+01,5.686179367007982322e+00
4.280937410688768097e+01,6.199668099959135148e+00
4.282937982280651568e+01,6.138174423964269266e+00
4.284938553872535039e+01,6.561963640224507621e+00
4.286939125464418510e+01,6.152666482358071676e+00
4.288939697056301981e+01,5.484170993973117803e+00
4.290940268648185452e+01,5.932210620964571746e+00
4.292940840240068923e+01,4.982110523755536313e+00
4.294941411831952394e+01,6.363279595055464810e+00
4.296941983423835865e+01,5.089690795864200368e+00
4.298942555015718625e+01,6.225646706500731042e+00
4.300943126607602096e+01,6.055382031021109057e+00
4.302943698199485567e+01,6.183191270675520101e+00
4.304944269791369038e+01,5.715184455670058838e+00
4.306944841383252509e+01,6.207980164322297156e+00
4.308945412975135980e+01,5.401392313529871814e+00
4.310945984567019451e+01,4.780682935534771971e+00
4.312946556158902922e+01,4.743288068726327467e+00
4.314947127750786393e+01,5.155454601068932163e+00
4.316947699342669864e+01,5.237355145405063972e+00
4.318948270934552625e+01,6.023686175527395825e+00
4.320948842526436096e+01,5.531341176911237945e+00
4.322949414118319567e+01,5.905713215548386685e+00
4.324949985710203038e+01,5.190338830287043237e+00
4.326950557302086509e+01,6.316069901562226363e+00
4.328951128893969980e+01,6.068548802063681080e+00
4.330951700485853451e+01,5.138402526343016419e+00
4.332952272077736922e+01,5.612522137339167827e+00
4.334952843669620393e+01,5.767840635244450453e+00
4.336953415261503153e+01,6.095412200149928239e+00
4.338953986853386624e+01,5.089111844118213490e+00
4.340954558445270095e+01,5.798186738523687822e+00
4.342955130037153566e+01,5.719530814910259053e+00
4.344955701629037037e+01,5.229779057043772994e+00
4.346956273220920508e+01,6.217780273876423180e+00
4.348956844812803979e+01,5.930657946655118806e+00
4.350957416404687450e+01,6.149029679773703627e+00
4.352957987996570921e+01,5.358316699280122108e+00
4.354958559588453681e+01,5.617788214304376027e+00
4.356959131180337153e+01,5.601268034586791345e+00
4.358959702772220624e+01,6.245237107632163998e+00
4.360960274364104095e+01,5.994268420150859811e+00
4.362960845955987566e+01,6.044254111117171036e+00
4.364961417547871037e+01,5.918489313699454968e+00
4.366961989139754508e+01,5.810782397337170835e+00
4.368962560731637979e+01,6.304351300349120280e+00
4.370963132323521450e+01,5.869207912762909984e+00
4.372963703915404921e+01,5.338894732932829790e+00
4.374964275507287681e+01,5.227581892260383611e+00
4.376964847099171152e+01,5.702081926940257617e+00
4.378965418691054623e+01,6.937048537203101439e+00
4.380965990282938094e+01,6.727530578999969535e+00
4.382966561874821565e+01,6.034923594351015552e+00
4.384967133466705036e+01,5.875643556022431824e+00
4.386967705058588507e+01,6.852378369410502934e+00
4.388968276650471978e+01,7.049394409708661158e+00
4.390968848242355449e+01,6.554061516018631295e+00
4.392969419834238209e+01,7.011494208715849830e+00
4.394969991426121680e+01,7.582518282835858159e+00
4.396970563018005151e+01,7.139087554646984302e+00
4.398971134609888622e+01,6.865438919565634457e+00
4.400971706201772093e+01,7.144739987275880111e+00
4.402972277793655564e+01,7.889520958290948016e+00
4.404972849385539035e+01,7.047798514770533096e+00
4.406973420977422506e+01,7.454213207351410020e+00
4.408973992569305977e+01,6.674992058909396953e+00
4.410974564161189448e+01,7.109955186720741338e+00
4.412975135753072209e+01,6.606886274914249846e+00
4.414975707344955680e+01,7.115788911225957136e+00
4.416976278936839151e+01,6.601696709052888856e+00
4.418976850528722622e+01,7.134846065395613834e+00
4.420977422120606093e+01,7.367074789656342659e+00
4.422977993712489564e+01,6.338840752471438300e+00
4.424978565304373035e+01,6.430182461676851702e+00
4.426979136896256506e+01,7.287050970407767281e+00
4.428979708488139977e+01,5.923837430589186326e+00
4.430980280080022737e+01,6.677287582838022928e+00
4.432980851671906208e+01,6.042329659120735386e+00
4.434981423263789679e+01,6.145771454260227529e+00
4.436981994855673150e+01,5.984034912267245154e+00
4.438982566447556621e+01,6.476073366979466783e+00
4.440983138039440092e+01,6.197829767469469786e+00
4.442983709631323563e+01,6.311857723491385741e+00
4.444984281223207034e+01,6.410055293962559020e+00
4.446984852815090505e+01,6.205339579116655457e+00
4.448985424406973266e+01,6.008577823528438167e+00
4.450985995998856737e+01,5.323058164495815703e+00
4.452986567590740208e+01,6.084094069352523171e+00
4.454987139182623679e+01,6.157808882585467991e+00
4.456987710774507150e+01,5.359274994078377041e+00
4.458988282366390621e+01,5.648709557101442513e+00
4.460988853958274092e+01,5.254869860392092029e+00
4.462989425550157563e+01,5.454399916447897567e+00
4.464989997142041034e+01,5.382107070168276053e+00
4.466990568733924505e+01,5.964384628591126614e+00
4.468991140325807265e+01,6.194682335613687307e+00
4.470991711917690736e+01,5.505990220150351888e+00
4.472992283509574207e+01,5.590406591746301501e+00
4.474992855101457678e+01,5.550177327715562825e+00
4.476993426693341149e+01,6.204453118120413002e+00
4.478993998285224620e+01,6.325470884060576005e+00
4.480994569877108091e+01,6.277248007936912622e+00
4.482995141468991562e+01,5.790244117926246048e+00
4.484995713060875033e+01,5.455455669235507621e+00
4.486996284652757794e+01,5.576975421516045195e+00
4.488996856244641265e+01,5.563155759920901389e+00
4.490997427836524736e+01,5.981239675126523991e+00
4.492997999428408207e+01,6.413447091196900374e+00
4.494998571020291678e+01,5.563986850728202427e+00
4.496999142612175149e+01,5.373458786201142701e+00
4.498999714204058620e+01,5.710219596191071112e+00
4.501000285795942091e+01,4.936593275115496837e+00
4.503000857387825562e+01,5.782560255527405602e+00
4.505001428979709033e+01,5.116092523050966179e+00
4.507002000571591793e+01,5.506773665348690727e+00
4.509002572163475264e+01,5.604237155195632702e+00
4.511003143755358735e+01,5.594858111615035767e+00
4.513003715347242206e+01,6.104358262223829712e+00
4.515004286939125677e+01,5.433465455519350229e+00
4.517004858531009148e+01,6.166572654782254581e+00
4.519005430122892619e+01,6.012553298852157724e+00
4.521006001714776090e+01,4.919385599985421464e+00
4.523006573306659561e+01,5.289035980092508638e+00
4.525007144898542322e+01,5.101939674090138155e+00
4.527007716490425793e+01,5.289836583865564990e+00
4.529008288082309264e+01,5.978442855139618928e+00
4.531008859674192735e+01,6.004237861777854235e+00
4.533009431266076206e+01,4.891200410521301833e+00
4.535010002857959677e+01,5.500245742232561241e+00
4.537010574449843148e+01,6.264575442806214589e+00
4.539011146041726619e+01,5.672011068116498578e+00
4.541011717633610090e+01,5.136090124885363650e+00
4.543012289225492850e+01,5.625563180416685682e+00
4.545012860817376321e+01,4.997270570937232037e+00
4.547013432409259792e+01,5.848978770533842741e+00
4.549014004001143263e+01,5.651758080847013588e+00
4.551014575593026734e+01,5.948178594695880506e+00
4.553015147184910205e+01,6.454671632698924633e+00
4.555015718776793676e+01,5.227370301140365605e+00
4.557016290368677147e+01,5.842595518618747263e+00
4.559016861960560618e+01,5.161903825856063222e+00
4.561017433552444089e+01,5.353658562987606118e+00
4.563018005144326850e+01,5.365917462313944064e+00
4.565018576736210321e+01,5.495481959001437211e+00
4.567019148328093792e+01,5.248622110543618824e+00
4.569019719919977263e+01,5.730855019821250451e+00
4.571020291511860734e+01,6.139944883891521599e+00
4.573020863103744205e+01,5.736849135557910095e+00
4.575021434695627676e+01,5.465486800652604060e+00
4.577022006287511147e+01,6.042875497604002000e+00
4.579022577879394618e+01,4.767903232065199504e+00
4.581023149471277378e+01,5.525447577562252022e+00
4.583023721063160849e+01,5.300181132037684151e+00
4.585024292655044320e+01,5.347090517232962803e+00
4.587024864246927791e+01,5.663848237596846857e+00
4.589025435838811262e+01,5.581230435242903631e+00
4.591026007430694733e+01,5.354176686712153632e+00
4.593026579022578204e+01,4.884486217695078736e+00
4.595027150614461675e+01,5.454797564975887525e+00
4.597027722206345146e+01,6.285250613639863815e+00
4.599028293798228617e+01,5.579672333950876251e+00
4.601028865390111378e+01,5.992138036011311009e+00
4.603029436981994849e+01,5.557110914257529899e+00
4.605030008573878320e+01,5.736311447851926815e+00
4.607030580165761791e+01,6.337049653539300387e+00
4.609031151757645262e+01,6.259309560643273151e+00
4.611031723349528733e+01,5.016559701826148299e+00
4.613032294941412204e+01,6.038740151075490559e+00
4.615032866533295675e+01,5.824595483466217694e+00
4.617033438125179146e+01,5.498886744392974535e+00
4.619034009717061906e+01,4.970043148745205031e+00
4.621034581308945377e+01,5.888254562560017114e+00
4.623035152900828848e+01,5.258187423360006107e+00
4.625035724492712319e+01,5.403603096082870039e+00
4.627036296084595790e+01,5.931039186563062060e+00
4.629036867676479261e+01,5.661493819455760246e+00
4.631037439268362732e+01,5.929615858057509570e+00
4.633038010860246203e+01,5.198379573141380661e+00
4.635038582452129674e+01,5.344620210101103552e+00
4.637039154044012434e+01,5.068184655866338595e+00
4.639039725635895905e+01,5.910054865273405511e+00
4.641040297227779376e+01,5.248928642265436650e+00
4.643040868819662847e+01,5.690980837870392328e+00
4.645041440411546319e+01,5.890313352546270309e+00
4.647042012003429790e+01,5.560545844356386880e+00
4.649042583595313261e+01,5.152605385306200603e+00
4.651043155187196732e+01,5.950754349535497312e+00
4.653043726779080203e+01,6.114206483298803008e+00
4.655044298370963674e+01,5.325502764862100946e+00
4.657044869962846434e+01,5.103939892761696129e+00
4.659045441554729905e+01,6.050607512690102219e+00
4.661046013146613376e+01,5.926471896151950247e+00
4.663046584738496847e+01,5.773464476846186244e+00
4.665047156330380318e+01,5.848424735926789353e+00
4.667047727922263789e+01,5.712911337406643142e+00
4.669048299514147260e+01,5.138281611029944962e+00
4.671048871106030731e+01,5.293985527534815105e+00
4.673049442697914202e+01,5.574337810418422023e+00
4.675050014289796962e+01,5.204162221843983360e+00
4.677050585881680433e+01,4.930831297589295836e+00
4.679051157473563904e+01,5.731357792080013169e+00
4.681051729065447375e+01,5.434835637227550365e+00
4.683052300657330846e+01,6.072332460036875545e+00
4.685052872249214317e+01,5.029469068394471165e+00
4.687053443841097788e+01,5.475466605736791337e+00
4.689054015432981259e+01,4.878742262267582674e+00
4.691054587024864730e+01,5.525746462663093439e+00
4.693055158616748201e+01,5.113505901445967616e+00
4.695055730208630962e+01,5.960930609482687714e+00
4.697056301800514433e+01,5.998759400043699230e+00
4.699056873392397904e+01,5.961937993291436477e+00
4.701057444984281375e+01,5.580632141478102604e+00
4.703058016576164846e+01,6.133562441597993242e+00
4.705058588168048317e+01,5.375065996252494926e+00
4.707059159759931788e+01,6.319080942839445214e+00
4.709059731351815259e+01,5.836386160000245127e+00
4.711060302943698730e+01,5.380793730943326025e+00
4.713060874535581490e+01,5.295563871226114827e+00
4.715061446127464961e+01,5.791264380749749030e+00
4.717062017719348432e+01,5.987639187416572639e+00
4.719062589311231903e+01,5.392590233219070939e+00
4.721063160903115374e+01,5.280196877590995541e+00
4.723063732494998845e+01,5.280631708779996103e+00
4.725064304086882316e+01,6.361593898502926336e+00
4.727064875678765787e+01,5.722452993035501478e+00
4.729065447270649258e+01,5.807859078823626398e+00
4.731066018862532019e+01,5.622437339075265328e+00
4.733066590454415490e+01,5.256997346251525371e+00
4.735067162046298961e+01,6.111669335839963857e+00
4.737067733638182432e+01,6.419423379001012009e+00
4.739068305230065903e+01,5.282582480840011030e+00
4.741068876821949374e+01,5.530251386014871429e+00
4.743069448413832845e+01,6.298356900627423371e+00
4.745070020005716316e+01,6.408450037474513472e+00
4.747070591597599787e+01,5.635938192358580956e+00
4.749071163189483258e+01,7.102691858574684325e+00
4.751071734781366018e+01,5.426917324513436114e+00
4.753072306373249489e+01,7.097080537689304691e+00
4.755072877965132960e+01,6.573468377902017323e+00
4.757073449557016431e+01,6.898363435105952846e+00
4.759074021148899902e+01,6.622684407356032921e+00
4.761074592740783373e+01,6.949146970588012451e+00
4.763075164332666844e+01,6.439157643179935775e+00
4.765075735924550315e+01,6.849743077322351326e+00
4.767076307516433786e+01,5.903869999885603903e+00
4.769076879108316547e+01,6.387756084930108713e+00
4.771077450700200018e+01,6.760559675832562121e+00
4.773078022292083489e+01,6.922332492480712141e+00
4.775078593883966960e+01,6.713151940679326302e+00
4.777079165475850431e+01,6.316344615537220264e+00
4.779079737067733902e+01,6.745475090333613366e+00
4.781080308659617373e+01,6.951369552623535952e+00
4.783080880251500844e+01,7.325091915868285675e+00
4.785081451843384315e+01,6.649345701891826721e+00
4.787082023435267075e+01,6.382530983063626095e+00
4.789082595027150546e+01,6.297678161952877218e+00
4.791083166619034017e+01,7.003916809931728160e+00
4.793083738210917488e+01,6.272745912722268891e+00
4.795084309802800959e+01,6.460773217085479025e+00
4.797084881394684430e+01,6.920959835316443431e+00
4.799085452986567901e+01,6.600096061327175079e+00
4.801086024578451372e+01,6.847693089118808807e+00
4.803086596170334843e+01,6.442182337919474477e+00
4.805087167762218314e+01,6.983587635927594128e+00
4.807087739354101075e+01,5.800735616988792032e+00
4.809088310945984546e+01,6.402801716651297603e+00
4.811088882537868017e+01,6.359435285600104848e+00
4.813089454129751488e+01,6.054125179564706194e+00
4.815090025721634959e+01,7.146286729882679545e+00
4.817090597313518430e+01,6.360980868195691862e+00
4.819091168905401901e+01,7.165155027477837280e+00
4.821091740497285372e+01,6.833534116808123393e+00
4.823092312089168843e+01,6.919322546433830823e+00
4.825092883681051603e+01,6.815822957181080000e+00
4.827093455272935074e+01,7.172045060432046704e+00
4.829094026864818545e+01,6.171468770137218840e+00
4.831094598456702016e+01,6.624572325824036767e+00
4.833095170048585487e+01,7.567827576793398237e+00
4.835095741640468958e+01,6.813109810515578957e+00
4.837096313232352429e+01,7.123223762123733316e+00
4.839096884824235900e+01,6.980402962051263316e+00
4.841097456416119371e+01,7.211096107166916624e+00
4.843098028008002842e+01,6.451770407966213483e+00
4.845098599599885603e+01,6.587490473100453769e+00
4.847099171191769074e+01,6.246270702110315653e+00
4.849099742783652545e+01,6.075962879101115099e+00
4.851100314375536016e+01,5.738391103799363790e+00
4.853100885967419487e+01,6.841159463039847566e+00
4.855101457559302958e+01,6.020020391603320142e+00
4.857102029151186429e+01,6.622858332731937914e+00
4.859102600743069900e+01,6.472329801801511628e+00
4.861103172334953371e+01,5.641344820518540359e+00
4.863103743926836131e+01,6.316738623295027111e+00
4.865104315518719602e+01,6.530293520436959653e+00
4.867104887110603073e+01,5.658857503932328115e+00
4.869105458702486544e+01,5.673188349917198003e+00
4.871106030294370015e+01,5.536798664951470883e+00
4.873106601886253486e+01,5.957251165861159770e+00
4.875107173478136957e+01,5.821881776434564948e+00
4.877107745070020428e+01,5.535209095710399652e+00
4.879108316661903899e+01,5.378747710461320608e+00
4.881108888253786660e+01,5.359884805497477700e+00
4.883109459845670131e+01,5.386146444885914875e+00
4.885110031437553602e+01,5.917455270109325483e+00
4.887110603029437073e+01,5.458400497576906929e+00
4.889111174621320544e+01,5.910022051917160013e+00
4.891111746213204015e+01,6.019935772858298506e+00
4.893112317805087486e+01,5.169818548270013636e+00
4.895112889396970957e+01,5.275614204856459821e+00
4.897113460988854428e+01,5.889210777400000651e+00
4.899114032580737899e+01,4.988495509760209501e+00
4.901114604172620659e+01,5.852777080986438563e+00
4.903115175764504130e+01,6.062101914954963533e+00
4.905115747356387601e+01,5.568723664003822904e+00
4.907116318948271072e+01,5.312584329763446078e+00
4.909116890540154543e+01,5.712875542870444079e+00
4.911117462132038014e+01,5.744786934608915097e+00
4.913118033723921485e+01,5.742247062360162246e+00
4.915118605315804956e+01,5.174672669793435986e+00
4.917119176907688427e+01,6.187194671237833177e+00
4.919119748499571187e+01,5.579044859601275164e+00
4.921120320091454658e+01,6.088786631570170194e+00
4.923120891683338129e+01,5.768252869979971109e+00
4.925121463275221600e+01,5.926007520005453166e+00
4.927122034867105071e+01,5.437468024592503113e+00
4.929122606458988542e+01,4.888438921427932016e+00
4.931123178050872014e+01,4.799342264360409338e+00
4.933123749642755485e+01,6.264245569521136758e+00
4.935124321234638956e+01,5.307858528438234025e+00
4.937124892826522427e+01,6.091069562913309809e+00
4.939125464418405187e+01,5.620176745334449109e+00
4.941126036010288658e+01,5.769147638907949016e+00
4.943126607602172129e+01,6.164210061461893098e+00
4.945127179194055600e+01,6.141138748429193939e+00
4.947127750785939071e+01,5.690103959393056243e+00
4.949128322377822542e+01,5.570266917224803827e+00
4.951128893969706013e+01,6.221584873624976808e+00
4.953129465561589484e+01,5.842184840580927130e+00
4.955130037153472955e+01,4.704960932430276799e+00
4.957130608745355715e+01,5.623799169423074673e+00
4.959131180337239186e+01,5.794304276805756437e+00
4.961131751929122657e+01,6.221561579164784916e+00
4.963132323521006128e+01,5.705103603542651669e+00
4.965132895112889599e+01,5.563605010069557544e+00
4.967133466704773070e+01,5.429813234831679658e+00
4.969134038296656541e+01,6.339512563414356094e+00
4.971134609888540012e+01,5.939659527014116591e+00
4.973135181480423483e+01,4.937421084656715919e+00
4.975135753072306244e+01,6.031064239946545058e+00
4.977136324664189715e+01,5.672550272804634197e+00
4.979136896256073186e+01,6.273836338002251267e+00
4.981137467847956657e+01,5.688005112149648212e+00
4.983138039439840128e+01,5.603909825019234070e+00
4.985138611031723599e+01,5.349513503304230255e+00
4.987139182623607070e+01,5.656173669631542111e+00
4.989139754215490541e+01,6.175774742206317391e+00
4.991140325807374012e+01,5.958307576866200606e+00
4.993140897399257483e+01,5.311306021664718102e+00
4.995141468991140243e+01,5.580532556957566115e+00
4.997142040583023714e+01,6.117349301463502087e+00
4.999142612174907185e+01,5.999049427694602699e+00
5.001143183766790656e+01,5.619885506795645469e+00
5.003143755358674127e+01,6.231611387566092120e+00
5.005144326950557598e+01,5.436796992876796075e+00
5.007144898542441069e+01,6.479828262959872021e+00
5.009145470134324540e+01,5.789762281900157959e+00
5.011146041726208011e+01,5.808807225035662825e+00
5.013146613318090772e+01,5.944969510826892289e+00
5.015147184909974243e+01,5.037257306194128148e+00
5.017147756501857714e+01,5.643746493858845525e+00
5.019148328093741185e+01,5.706158201035789190e+00
5.021148899685624656e+01,5.847598056151599444e+00
5.023149471277508127e+01,5.761081150125265893e+00
5.025150042869391598e+01,5.066743430030959061e+00
5.027150614461275069e+01,5.891082695350416287e+00
5.029151186053158540e+01,5.861883809814376178e+00
5.031151757645042011e+01,5.389197465254402353e+00
5.033152329236924771e+01,6.062585610240455836e+00
5.035152900828808242e+01,6.266304159421792974e+00
5.037153472420691713e+01,6.020793695468304563e+00
5.039154044012575184e+01,5.640323240763008172e+00
5.041154615604458655e+01,5.583623625374539046e+00
5.043155187196342126e+01,5.141297697393985011e+00
5.045155758788225597e+01,6.003768678270835935e+00
5.047156330380109068e+01,5.791806568857914783e+00
5.049156901971992539e+01,6.376474946906325769e+00
5.051157473563875300e+01,5.919280316566736033e+00
5.053158045155758771e+01,6.096015496374315390e+00
5.055158616747642242e+01,5.652178111995506349e+00
5.057159188339525713e+01,5.842081941213734808e+00
5.059159759931409184e+01,5.299511585871583108e+00
5.061160331523292655e+01,6.455838334438154469e+00
5.063160903115176126e+01,5.974598928151307220e+00
5.065161474707059597e+01,5.859179967755298257e+00
5.067162046298943068e+01,5.507938848224335437e+00
5.069162617890825828e+01,5.850528513935490338e+00
5.071163189482709299e+01,5.445958194749598746e+00
5.073163761074592770e+01,5.700262048987259078e+00
5.075164332666476241e+01,6.028219469475262215e+00
5.077164904258359712e+01,5.625265911342718361e+00
5.079165475850243183e+01,5.902408210636188812e+00
5.081166047442126654e+01,6.288820428510721428e+00
5.083166619034010125e+01,5.799089763224367644e+00
5.085167190625893596e+01,5.121351350050703743e+00
5.087167762217777067e+01,5.947433158459093150e+00
5.089168333809659828e+01,5.878896914494422532e+00
5.091168905401543299e+01,6.240257691848835719e+00
5.093169476993426770e+01,6.458453300109877837e+00
5.095170048585310241e+01,6.234576482226367844e+00
5.097170620177193712e+01,6.487175954158509228e+00
5.099171191769077183e+01,6.462368282599110003e+00
5.101171763360960654e+01,6.822132900733786975e+00
5.103172334952844125e+01,6.494482597819233760e+00
5.105172906544727596e+01,6.880727251016634405e+00
5.107173478136610356e+01,7.543447148365517663e+00
5.109174049728493827e+01,7.209956128872095249e+00
5.111174621320377298e+01,7.265464781206855349e+00
5.113175192912260769e+01,7.610890774850268770e+00
5.115175764504144240e+01,8.734283169265319557e+00
5.117176336096027711e+01,8.355106248873028107e+00
5.119176907687911182e+01,9.312100953103538359e+00
5.121177479279794653e+01,9.651738980248424582e+00
5.123178050871678124e+01,1.047804695841067435e+01
5.125178622463561595e+01,1.119595583828324692e+01
5.127179194055444356e+01,1.245676860598592306e+01
5.129179765647327827e+01,1.252356705923449809e+01
5.131180337239211298e+01,1.294532101173876626e+01
5.133180908831094769e+01,1.426341277557006926e+01
5.135181480422978240e+01,1.593728165775196004e+01
5.137182052014861711e+01,1.590800780656609703e+01
5.139182623606745182e+01,1.822430374294344091e+01
5.141183195198628653e+01,1.915635841171038933e+01
5.143183766790512124e+01,1.990574182188909447e+01
5.145184338382394884e+01,2.107813044781946843e+01
5.147184909974278355e+01,2.171447767193095046e+01
5.149185481566161826e+01,2.272215099947727168e+01
5.151186053158045297e+01,2.295474907043846002e+01
5.153186624749928768e+01,2.362781497771319295e+01
5.155187196341812239e+01,2.322161488933814155e+01
5.157187767933695710e+01,2.336193506104170581e+01
5.159188339525579181e+01,2.306755662126698070e+01
5.161188911117462652e+01,2.225802447155991359e+01
5.163189482709345413e+01,2.220030544930112626e+01
5.165190054301228884e+01,2.142912060445404165e+01
5.167190625893112355e+01,1.961171343958834612e+01
5.169191197484995826e+01,1.880174999609612385e+01
5.171191769076879297e+01,1.734020629310131767e+01
5.173192340668762768e+01,1.621788579348854853e+01
5.175192912260646239e+01,1.486403487166991688e+01
5.177193483852529710e+01,1.387828347187756250e+01
5.179194055444413181e+01,1.314233488830399565e+01
5.181194627036296652e+01,1.157873126571942635e+01
5.183195198628179412e+01,1.049063319273205863e+01
5.185195770220062883e+01,9.807224202616881215e+00
5.187196341811946354e+01,9.228160612465615031e+00
5.189196913403829825e+01,9.394204303772099252e+00
5.191197484995713296e+01,8.013876625307025492e+00
5.193198056587596767e+01,7.399498343222633778e+00
5.195198628179480238e+01,7.522169612648441195e+00
5.197199199771363709e+01,7.302769054982522157e+00
5.199199771363247180e+01,7.292474736104381350e+00
5.201200342955129940e+01,7.201711370329720197e+00
5.203200914547013411e+01,7.353476941065338224e+00
5.205201486138896882e+01,6.896674933128029039e+00
5.207202057730780353e+01,6.660363290921934798e+00
5.209202629322663824e+01,6.085542900917998210e+00
5.211203200914547295e+01,6.561643795896049625e+00
5.213203772506430766e+01,6.748693506733310699e+00
5.215204344098314237e+01,6.646147371238096291e+00
5.217204915690197708e+01,5.825640085636435650e+00
5.219205487282081180e+01,5.940492109241017005e+00
5.221206058873963940e+01,6.523786112619992750e+00
5.223206630465847411e+01,6.365296030839084906e+00
5.225207202057730882e+01,6.595760318981533921e+00
5.227207773649614353e+01,6.154943347096828887e+00
5.229208345241497824e+01,6.496268520340595209e+00
5.231208916833381295e+01,6.361822283264948474e+00
5.233209488425264766e+01,6.835717336658653664e+00
5.235210060017148237e+01,5.701807497830099436e+00
5.237210631609031708e+01,5.642493623289437821e+00
5.239211203200914468e+01,6.586050223258359537e+00
5.241211774792797939e+01,6.507584896586837253e+00
5.243212346384681410e+01,5.983239265219096659e+00
5.245212917976564881e+01,5.330039500872561398e+00
5.247213489568448352e+01,5.817000261411243933e+00
5.249214061160331823e+01,6.307504249225917903e+00
5.251214632752215294e+01,5.907666031489289260e+00
5.253215204344098765e+01,5.951611347584928602e+00
5.255215775935982236e+01,5.828875239025009591e+00
5.257216347527864997e+01,5.319386810751030481e+00
5.259216919119748468e+01,6.170291038750250756e+00
5.261217490711631939e+01,6.380610179414075489e+00
5.263218062303515410e+01,5.691662567265145967e+00
5.265218633895398881e+01,6.203568959165071561e+00
5.267219205487282352e+01,6.470693584939890997e+00
5.269219777079165823e+01,6.774948974282833269e+00
5.271220348671049294e+01,6.138576917524865451e+00
5.273220920262932765e+01,6.411360466647757050e+00
5.275221491854816236e+01,5.964751135974785790e+00
5.277222063446698996e+01,7.027980534641111277e+00
5.279222635038582467e+01,6.140799171610822782e+00
5.281223206630465938e+01,7.585787025888071966e+00
5.283223778222349409e+01,7.024991676995653300e+00
5.285224349814232880e+01,7.108178199537376507e+00
5.287224921406116351e+01,7.448617218070104684e+00
5.289225492997999822e+01,7.943602709373892345e+00
5.291226064589883293e+01,8.168131954286046437e+00
5.293226636181766764e+01,8.870076760618069045e+00
5.295227207773649525e+01,9.122854536562016392e+00
5.297227779365532996e+01,9.085518743475512693e+00
5.299228350957416467e+01,9.661041909876768585e+00
5.301228922549299938e+01,1.013497269033966752e+01
5.303229494141183409e+01,1.078181313927370688e+01
5.305230065733066880e+01,1.082232558471697814e+01
5.307230637324950351e+01,1.086658681720907182e+01
5.309231208916833822e+01,1.117189142797072066e+01
5.311231780508717293e+01,1.214751518782452600e+01
5.313232352100600764e+01,1.139311281042716928e+01
5.315232923692483524e+01,1.186969300016014195e+01
5.317233495284366995e+01,1.168207355635667000e+01
5.319234066876250466e+01,1.130572226607010577e+01
5.321234638468133937e+01,1.180951055941241279e+01
5.323235210060017408e+01,1.006211652151996461e+01
5.325235781651900879e+01,1.039163347303441398e+01
5.327236353243784350e+01,1.014486107464057696e+01
5.329236924835667821e+01,9.327805951127020379e+00
5.331237496427551292e+01,9.396097562956782667e+00
5.333238068019434053e+01,8.395839587169522389e+00
5.335238639611317524e+01,7.760399645218416964e+00
5.337239211203200995e+01,6.733085377344004030e+00
5.339239782795084466e+01,7.339666281103960799e+00
5.341240354386967937e+01,7.178361204028937514e+00
5.343240925978851408e+01,7.306647733079897122e+00
5.345241497570734879e+01,5.808301418232746371e+00
5.347242069162618350e+01,6.869180915363428674e+00
5.349242640754501821e+01,5.685680438577200846e+00
5.351243212346384581e+01,6.263605446132118004e+00
5.353243783938268052e+01,6.524457186291716226e+00
5.355244355530151523e+01,5.964543292331466517e+00
5.357244927122034994e+01,6.618185163521987491e+00
5.359245498713918465e+01,5.394871612173034237e+00
5.361246070305801936e+01,5.598903937549993159e+00
5.363246641897685407e+01,6.251378624657365712e+00
5.365247213489568878e+01,5.245055825693686558e+00
5.367247785081452349e+01,5.964697423061680048e+00
5.369248356673335820e+01,5.899375955288908457e+00
5.371248928265218581e+01,5.486207243989561277e+00
5.373249499857102052e+01,5.087206894896355358e+00
5.375250071448985523e+01,5.289968929615406878e+00
5.377250643040868994e+01,6.199378613718096176e+00
5.379251214632752465e+01,5.107782574492370387e+00
5.381251786224635936e+01,5.620276548076262202e+00
5.383252357816519407e+01,5.872731094336147706e+00
5.385252929408402878e+01,6.187990619343954890e+00
5.387253501000286349e+01,5.628841484466066802e+00
5.389254072592169109e+01,5.784555825626435777e+00
5.391254644184052580e+01,5.851072249472366593e+00
5.393255215775936051e+01,5.839148249708242311e+00
5.395255787367819522e+01,6.062782849272309704e+00
5.397256358959702993e+01,5.525847007388158261e+00
5.399256930551586464e+01,6.583849201966376796e+00
5.401257502143469935e+01,5.886030049210917880e+00
5.403258073735353406e+01,5.682732182603399629e+00
5.405258645327236877e+01,5.813823996229880109e+00
5.407259216919120348e+01,5.607919724882995283e+00
5.409259788511003109e+01,5.418144004290928351e+00
5.411260360102886580e+01,5.594706265390703592e+00
5.413260931694770051e+01,6.002642406802241482e+00
5.415261503286653522e+01,5.972112876766096257e+00
5.417262074878536993e+01,5.208353920472681864e+00
5.419262646470420464e+01,5.685552910614508626e+00
5.421263218062303935e+01,5.085570247062594973e+00
5.423263789654187406e+01,5.245323265459297168e+00
5.425264361246070877e+01,5.665050756865513293e+00
5.427264932837953637e+01,5.871134887418742565e+00
5.429265504429837108e+01,5.852013881001001394e+00
5.431266076021720579e+01,6.560958045911185366e+00
5.433266647613604050e+01,5.211535215775050744e+00
5.435267219205487521e+01,4.961842206328167748e+00
5.437267790797370992e+01,5.957234598404946624e+00
5.439268362389254463e+01,5.463589453785316685e+00
5.441268933981137934e+01,5.723456247887861892e+00
5.443269505573021405e+01,6.045233230945134650e+00
5.445270077164904166e+01,5.929697548938963614e+00
5.447270648756787637e+01,5.541736543275094462e+00
5.449271220348671108e+01,5.175626699985445001e+00
5.451271791940554579e+01,6.112795342086128514e+00
5.453272363532438050e+01,5.529028922038651928e+00
5.455272935124321521e+01,5.735731430329712666e+00
5.457273506716204992e+01,6.060703597710227264e+00
5.459274078308088463e+01,5.513318571254064437e+00
5.461274649899971934e+01,5.250075645822745329e+00
5.463275221491855405e+01,4.883545954106352838e+00
5.465275793083738165e+01,5.461524951604285860e+00
5.467276364675621636e+01,6.254351695876856354e+00
5.469276936267505107e+01,6.209316415571374037e+00
5.471277507859388578e+01,5.811043127088566962e+00
5.473278079451272049e+01,6.363478796820234429e+00
5.475278651043155520e+01,5.516250051423591039e+00
5.477279222635038991e+01,5.617974102211908516e+00
5.479279794226922462e+01,5.244826820678778034e+00
5.481280365818805933e+01,5.458686544958282205e+00
5.483280937410688693e+01,5.574529881138557741e+00
5.485281509002572164e+01,5.034994989178279923e+00
5.487282080594455635e+01,5.587238299373961326e+00
5.489282652186339106e+01,5.390469523883012926e+00
5.491283223778222577e+01,4.889728130144549212e+00
5.493283795370106048e+01,5.419035370395841156e+00
5.495284366961989519e+01,6.196915667705470199e+00
5.497284938553872990e+01,5.447017811440619361e+00
5.499285510145756461e+01,5.900351657254361726e+00
5.501286081737639222e+01,5.279290286109715069e+00
5.503286653329522693e+01,5.673885326370303517e+00
5.505287224921406164e+01,6.169272395474731496e+00
5.507287796513289635e+01,6.462255625723191343e+00
5.509288368105173106e+01,6.162250527515922727e+00
5.511288939697056577e+01,5.344483676605658928e+00
5.513289511288940048e+01,5.758090635363179999e+00
5.515290082880823519e+01,5.972391611580514237e+00
5.517290654472706990e+01,5.870155272554528736e+00
5.519291226064590461e+01,6.013382238113811340e+00
5.521291797656473221e+01,6.413058762900536891e+00
5.523292369248356692e+01,6.541961606494146153e+00
5.525292940840240163e+01,7.189639992101341193e+00
5.527293512432123634e+01,6.966223625074158043e+00
5.529294084024007105e+01,6.710434683425101632e+00
5.531294655615890576e+01,6.775884804131191430e+00
5.533295227207774047e+01,7.364526691760261201e+00
5.535295798799657518e+01,7.124770177825750395e+00
5.537296370391540989e+01,6.579508569633762960e+00
5.539296941983423750e+01,7.036722463510421299e+00
5.541297513575307221e+01,7.024352540957110591e+00
5.543298085167190692e+01,6.628282525905525802e+00
5.545298656759074163e+01,7.546295024863299616e+00
5.547299228350957634e+01,6.891676496594413948e+00
5.549299799942841105e+01,6.699141725446013496e+00
5.551300371534724576e+01,6.915850352239772292e+00
5.553300943126608047e+01,6.628251439542439449e+00
5.555301514718491518e+01,6.556293851874203327e+00
5.557302086310374989e+01,6.114758647522363866e+00
5.559302657902257749e+01,6.762239170608248529e+00
5.561303229494141220e+01,5.948917679210756759e+00
5.563303801086024691e+01,6.087342593808508617e+00
5.565304372677908162e+01,5.939377547012364644e+00
5.567304944269791633e+01,5.381303599841086083e+00
5.569305515861675104e+01,6.130044473463257759e+00
5.571306087453558575e+01,5.765986242951798957e+00
5.573306659045442046e+01,5.231984899565176761e+00
5.575307230637325517e+01,6.367221120734054551e+00
5.577307802229208278e+01,5.191506484975915825e+00
5.579308373821091749e+01,5.851208275941102599e+00
5.581308945412975220e+01,5.706417138492620111e+00
5.583309517004858691e+01,5.942479290133040770e+00
5.585310088596742162e+01,5.305464090271272859e+00
5.587310660188625633e+01,5.816301645335548720e+00
5.589311231780509104e+01,5.532237265772957713e+00
5.591311803372392575e+01,5.431254564057919509e+00
5.593312374964276046e+01,6.586454250847005198e+00
5.595312946556158806e+01,5.215530965672217079e+00
5.597313518148042277e+01,5.398838046334699214e+00
5.599314089739925748e+01,5.621406588068609267e+00
5.601314661331809219e+01,5.670177886536452050e+00
5.603315232923692690e+01,5.726059441358064106e+00
5.605315804515576161e+01,5.724108452639645961e+00
5.607316376107459632e+01,6.033780461557730845e+00
5.609316947699343103e+01,5.106836374253555633e+00
5.611317519291226574e+01,5.798722770058414966e+00
5.613318090883110045e+01,5.579616737204368349e+00
5.615318662474992806e+01,5.081779144237652091e+00
5.617319234066876277e+01,6.079360926689791000e+00
5.619319805658759748e+01,5.558525973271304821e+00
5.621320377250643219e+01,6.065776863293952381e+00
5.623320948842526690e+01,5.967888046527665580e+00
5.625321520434410161e+01,5.418334911768310391e+00
5.627322092026293632e+01,5.235159913291886902e+00
5.629322663618177103e+01,5.984575475759505991e+00
5.631323235210060574e+01,6.116146121703373240e+00
5.633323806801943334e+01,6.090892774207579130e+00
5.635324378393826805e+01,5.277774813280608157e+00
5.637324949985710276e+01,5.945870565560720244e+00
5.639325521577593747e+01,5.850173950004039725e+00
5.641326093169477218e+01,6.594905923543098680e+00
5.643326664761360689e+01,6.019835373194707628e+00
5.645327236353244160e+01,5.643840184542220584e+00
5.647327807945127631e+01,6.541594324180135089e+00
5.649328379537011102e+01,5.224838777850026261e+00
5.651328951128894573e+01,5.164043520556852229e+00
5.653329522720777334e+01,5.270338149577031395e+00
5.655330094312660805e+01,5.546975674437087278e+00
5.657330665904544276e+01,5.761955171564900446e+00
5.659331237496427747e+01,6.477680442827386642e+00
5.661331809088311218e+01,6.166690470650065592e+00
5.663332380680194689e+01,6.267813036807920568e+00
5.665332952272078160e+01,5.597060959547371262e+00
5.667333523863961631e+01,5.646573754497687503e+00
5.669334095455845102e+01,5.645186523823337410e+00
5.671334667047727862e+01,6.496355182284359486e+00
5.673335238639611333e+01,6.082875149610917020e+00
5.675335810231494804e+01,5.828293501306066382e+00
5.677336381823378275e+01,6.227455376268951071e+00
5.679336953415261746e+01,5.985673995214408905e+00
5.681337525007145217e+01,5.225798198388036830e+00
5.683338096599028688e+01,5.073885662904411120e+00
5.685338668190912159e+01,5.554626506057058322e+00
5.687339239782795630e+01,5.272638685207758691e+00
5.689339811374678391e+01,5.244252749489783483e+00
5.691340382966561862e+01,6.045438857117774845e+00
5.693340954558445333e+01,5.012778943269186271e+00
5.695341526150328804e+01,5.416916869936621026e+00
5.697342097742212275e+01,5.501793617940719194e+00
5.699342669334095746e+01,5.323399781239464446e+00
5.701343240925979217e+01,5.161291732732096627e+00
5.703343812517862688e+01,5.550432226071523090e+00
5.705344384109746159e+01,6.042138248213490215e+00
5.707344955701629630e+01,6.281279268682103734e+00
5.709345527293512390e+01,5.313720767752872831e+00
5.711346098885395861e+01,6.059966157563843936e+00
5.713346670477279332e+01,5.498164889197578731e+00
5.715347242069162803e+01,6.088549660821794163e+00
5.717347813661046274e+01,5.708630801262938093e+00
5.719348385252929745e+01,5.152457950891310645e+00
5.721348956844813216e+01,5.273605791114581720e+00
5.723349528436696687e+01,6.142730882751274990e+00
5.725350100028580158e+01,5.335698235509660492e+00
5.727350671620462919e+01,5.692956147376866838e+00
5.729351243212346390e+01,5.530398197660874260e+00
5.731351814804229861e+01,5.135369634479962642e+00
5.733352386396113332e+01,5.592735615387962156e+00
5.735352957987996803e+01,6.113736336594827847e+00
5.737353529579880274e+01,5.757985682292972029e+00
5.739354101171763745e+01,5.533443157149386948e+00
5.741354672763647216e+01,5.062458477362916653e+00
5.743355244355530687e+01,5.614928411689534826e+00
5.745355815947414158e+01,5.683004425557322215e+00
5.747356387539296918e+01,5.420817027252624598e+00
5.749356959131180389e+01,6.225154995634238908e+00
5.751357530723063860e+01,5.794249375428853099e+00
5.753358102314947331e+01,5.503622292979123642e+00
5.755358673906830802e+01,6.325054699218828347e+00
5.757359245498714273e+01,6.239674173626204023e+00
5.759359817090597744e+01,5.458423937830938044e+00
5.761360388682481215e+01,5.821117017237769531e+00
5.763360960274364686e+01,5.517736235317196147e+00
5.765361531866247446e+01,6.077443581365632674e+00
5.767362103458130917e+01,6.277835610904186403e+00
5.769362675050014388e+01,5.540810124188388919e+00
5.771363246641897859e+01,5.891474340107825114e+00
5.773363818233781330e+01,5.678603202184705268e+00
5.775364389825664801e+01,5.334236502769997834e+00
5.777364961417548272e+01,5.325575501360528818e+00
5.779365533009431743e+01,5.873450632198548682e+00
5.781366104601315214e+01,5.740065110700259154e+00
5.783366676193197975e+01,5.678399837379444648e+00
5.785367247785081446e+01,5.457477159617599938e+00
5.787367819376964917e+01,5.556021901905046967e+00
5.789368390968848388e+01,5.569480383484762598e+00
5.791368962560731859e+01,5.546459071831218779e+00
5.793369534152615330e+01,6.207074044578371641e+00
5.795370105744498801e+01,5.764363966209076651e+00
5.797370677336382272e+01,5.567743808449253429e+00
5.799371248928265743e+01,5.410305883620663892e+00
5.801371820520149214e+01,5.407547516811224142e+00
5.803372392112031974e+01,6.108135796142739160e+00
5.805372963703915445e+01,5.695882941516606124e+00
5.807373535295798916e+01,5.183923348811385168e+00
5.809374106887682387e+01,5.842437007950198158e+00
5.811374678479565858e+01,6.112985593189476319e+00
5.813375250071449329e+01,5.729875326715545114e+00
5.815375821663332800e+01,5.775320554442235021e+00
5.817376393255216271e+01,5.622862746106065401e+00
5.819376964847099742e+01,6.294276245059574393e+00
5.821377536438982503e+01,6.181027570228330603e+00
5.823378108030865974e+01,5.556707738073452418e+00
5.825378679622749445e+01,6.398470505774626282e+00
5.827379251214632916e+01,5.400778775686615241e+00
5.829379822806516387e+01,5.955809192370184135e+00
5.831380394398399858e+01,5.577756443792559082e+00
5.833380965990283329e+01,5.523445711329575403e+00
5.835381537582166800e+01,5.278703470383536711e+00
5.837382109174050271e+01,5.653765942316979043e+00
5.839382680765933742e+01,4.832149110333663344e+00
5.841383252357816502e+01,6.290339787003933480e+00
5.843383823949699973e+01,5.532851512489484591e+00
5.845384395541583444e+01,5.818803272618364275e+00
5.847384967133466915e+01,5.217611453270384558e+00
5.849385538725350386e+01,5.321722002458031398e+00
5.851386110317233857e+01,5.576193749346266770e+00
5.853386681909117328e+01,5.643364706206543957e+00
5.855387253501000799e+01,5.771607167953549222e+00
5.857387825092884270e+01,6.040531849337117620e+00
5.859388396684767031e+01,5.209525589270232793e+00
5.861388968276650502e+01,5.035046135314333426e+00
5.863389539868533973e+01,5.785708136773573429e+00
5.865390111460417444e+01,6.457862454415214337e+00
5.867390683052300915e+01,5.922208131265954023e+00
5.869391254644184386e+01,5.870414838478172470e+00
5.871391826236067857e+01,5.679052103545182639e+00
5.873392397827951328e+01,6.010189636818667580e+00
5.875392969419834799e+01,6.057215050387019240e+00
5.877393541011717559e+01,5.899363955807867654e+00
5.879394112603601030e+01,5.901859796401074831e+00
5.881394684195484501e+01,5.881595094305422933e+00
5.883395255787367972e+01,6.030237402168316052e+00
5.885395827379251443e+01,5.763268107383264116e+00
5.887396398971134914e+01,5.451045030652121426e+00
5.889396970563018385e+01,5.727933703446892011e+00
5.891397542154901856e+01,6.163164665016566346e+00
5.893398113746785327e+01,5.850164434169578875e+00
5.895398685338668798e+01,6.802844245550577540e+00
5.897399256930551559e+01,6.746454488830152307e+00
5.899399828522435030e+01,6.472871341420955105e+00
5.901400400114318501e+01,6.992717823463537208e+00
5.903400971706201972e+01,6.152324121117727529e+00
5.905401543298085443e+01,6.415198189855528810e+00
5.907402114889968914e+01,6.527787565891447485e+00
5.909402686481852385e+01,6.096477945104804341e+00
5.911403258073735856e+01,6.124170914844572877e+00
5.913403829665619327e+01,6.799004508849670003e+00
5.915404401257502087e+01,6.402611928338189706e+00
5.917404972849385558e+01,5.876451559278589087e+00
5.919405544441269029e+01,6.128931348134074142e+00
5.921406116033152500e+01,6.966248436752468187e+00
5.923406687625035971e+01,5.688634281786614011e+00
5.925407259216919442e+01,6.095341047604094342e+00
5.927407830808802913e+01,6.618688722298674776e+00
5.929408402400686384e+01,5.776234765117638226e+00
5.931408973992569855e+01,6.126958323722339728e+00
5.933409545584453326e+01,5.659401360496705280e+00
5.935410117176336087e+01,6.370551797947515027e+00
5.937410688768219558e+01,5.829873758804556161e+00
5.939411260360103029e+01,6.603517036022406472e+00
5.941411831951986500e+01,6.020826687146124456e+00
5.943412403543869971e+01,5.687809372415030040e+00
5.945412975135753442e+01,5.365004323560290445e+00
5.947413546727636913e+01,5.902254917780432208e+00
5.949414118319520384e+01,6.156542493935150517e+00
5.951414689911403855e+01,5.636494455449582830e+00
5.953415261503286615e+01,6.375937686588590836e+00
5.955415833095170086e+01,6.158134787127991672e+00
5.957416404687053557e+01,5.877138552689181061e+00
5.959416976278937028e+01,5.837276965343239254e+00
5.961417547870820499e+01,5.567744254178622398e+00
5.963418119462703970e+01,5.828706391088356753e+00
5.965418691054587441e+01,6.366478828898141984e+00
5.967419262646470912e+01,5.987271559838335477e+00
5.969419834238354383e+01,5.976712303391797043e+00
5.971420405830237144e+01,6.294861600646463273e+00
5.973420977422120615e+01,5.591028199404045829e+00
5.975421549014004086e+01,5.943153963469178791e+00
5.977422120605887557e+01,5.956718679120196036e+00
5.979422692197771028e+01,5.552365719027778646e+00
5.981423263789654499e+01,6.114284284998754870e+00
5.983423835381537970e+01,5.790419630992171385e+00
5.985424406973421441e+01,6.019473768919178625e+00
5.987424978565304912e+01,5.364257094502205447e+00
5.989425550157188383e+01,5.939359048791265749e+00
5.991426121749071143e+01,5.750470901707707583e+00
5.993426693340954614e+01,5.826172681641041962e+00
5.995427264932838085e+01,5.857084816592828425e+00
5.997427836524721556e+01,6.002540574552195807e+00
5.999428408116605027e+01,5.702653818881231018e+00
6.001428979708488498e+01,5.711392069584574571e+00
6.003429551300371969e+01,7.409392356536440793e+00
6.005430122892255440e+01,7.062657570854650402e+00
6.007430694484138911e+01,6.402564468473300963e+00
6.009431266076021672e+01,6.940254678394167875e+00
6.011431837667905143e+01,7.603567044294564425e+00
6.013432409259788614e+01,7.312910235732254627e+00
6.015432980851672085e+01,8.574158864305092109e+00
6.017433552443555556e+01,9.052080446207074971e+00
6.019434124035439027e+01,9.356357694838933980e+00
6.021434695627322498e+01,8.818848318252534568e+00
6.023435267219205969e+01,9.515344300786818366e+00
6.025435838811089440e+01,9.318388957290547836e+00
6.027436410402972911e+01,1.008941735417446139e+01
6.029436981994855671e+01,1.062264949072982922e+01
6.031437553586739142e+01,1.162364377092744760e+01
6.033438125178622613e+01,1.072379337226644758e+01
6.035438696770506084e+01,1.207603665229866152e+01
6.037439268362389555e+01,1.193240263273612456e+01
6.039439839954273026e+01,1.244507102592615055e+01
6.041440411546156497e+01,1.135069735086209519e+01
6.043440983138039968e+01,1.277840087031833605e+01
6.045441554729923439e+01,1.173426301096278301e+01
6.047442126321806199e+01,1.231259874482772787e+01
6.049442697913689670e+01,1.219391946536986637e+01
6.051443269505573141e+01,1.194289600905462478e+01
6.053443841097456612e+01,1.200754486210504624e+01
6.055444412689340083e+01,1.195214511532902435e+01
6.057444984281223554e+01,1.113844494681784525e+01
6.059445555873107025e+01,1.241226796534760268e+01
6.061446127464990496e+01,1.207558539546238841e+01
6.063446699056873967e+01,1.129819996295694295e+01
6.065447270648756728e+01,1.150340391353258873e+01
6.067447842240640199e+01,1.078759164123914260e+01
6.069448413832523670e+01,1.006986928108756274e+01
6.071448985424407141e+01,1.091099718412219666e+01
6.073449557016290612e+01,9.792354185750486550e+00
6.075450128608174083e+01,1.001611503199257136e+01
6.077450700200057554e+01,9.199791283066915071e+00
6.079451271791941025e+01,8.355266408590756200e+00
6.081451843383824496e+01,8.610011299073178748e+00
6.083452414975707967e+01,7.506490698015219287e+00
6.085452986567590727e+01,6.834768525624618007e+00
6.087453558159474198e+01,7.343921960694453688e+00
6.089454129751357669e+01,6.697297843340130896e+00
6.091454701343241140e+01,5.932823780910648104e+00
6.093455272935124611e+01,5.948670410230398886e+00
6.095455844527008082e+01,6.427150025053723681e+00
6.097456416118891553e+01,5.793656500465473869e+00
6.099456987710775024e+01,6.440819104960265662e+00
6.101457559302658495e+01,6.010379738241075742e+00
6.103458130894541256e+01,6.096007036553337421e+00
6.105458702486424727e+01,6.255166034373914385e+00
6.107459274078308198e+01,6.013271615092028455e+00
6.109459845670191669e+01,5.971777488844367099e+00
6.111460417262075140e+01,5.664579384164302844e+00
6.113460988853958611e+01,5.623257392089116458e+00
6.115461560445842082e+01,5.308525217588529799e+00
6.117462132037725553e+01,5.790540564231326570e+00
6.119462703629609024e+01,5.993223813168926384e+00
6.121463275221492495e+01,6.528379726424454077e+00
6.123463846813375255e+01,5.818614964790555177e+00
6.125464418405258726e+01,6.271524772018383764e+00
6.127464989997142197e+01,6.331990080919358554e+00
6.129465561589025668e+01,5.850979731887331781e+00
6.131466133180909139e+01,5.565583376136128635e+00
6.133466704772792610e+01,5.979241825442427327e+00
6.135467276364676081e+01,5.928923124106192155e+00
6.137467847956559552e+01,5.715562597823758750e+00
6.139468419548443023e+01,6.036819415259641275e+00
6.141468991140325784e+01,5.725309357008200095e+00
6.143469562732209255e+01,5.891268508836266626e+00
6.145470134324092726e+01,6.149207570313341975e+00
6.147470705915976197e+01,5.699928924622079229e+00
6.149471277507859668e+01,5.373467491383648209e+00
6.151471849099743139e+01,5.307555054981076381e+00
6.153472420691626610e+01,5.552137277782030367e+00
6.155472992283510081e+01,5.822208519735159626e+00
6.157473563875393552e+01,6.141248866592281530e+00
6.159474135467276312e+01,5.750640661195677517e+00
6.161474707059159783e+01,6.827537786971506151e+00
6.163475278651043254e+01,6.064545148169969480e+00
6.165475850242926725e+01,5.948224287995191872e+00
6.167476421834810196e+01,6.124132879155457232e+00
6.169476993426693667e+01,6.373646408208017533e+00
6.171477565018577138e+01,6.319646632346277215e+00
6.173478136610460609e+01,6.887449238837707988e+00
6.175478708202344080e+01,6.349306678976788021e+00
6.177479279794227551e+01,6.716952028217246351e+00
6.179479851386110312e+01,6.244861576700095895e+00
6.181480422977993783e+01,6.857353847627182475e+00
6.183480994569877254e+01,7.313132590871958882e+00
6.185481566161760725e+01,6.314141881214602847e+00
6.187482137753644196e+01,7.352716300600556920e+00
6.189482709345527667e+01,6.675168055032324688e+00
6.191483280937411138e+01,6.095722280216453015e+00
6.193483852529294609e+01,6.894826976962988851e+00
6.195484424121178080e+01,6.755577952082976623e+00
6.197484995713060840e+01,6.508843787825590255e+00
6.199485567304944311e+01,6.628108790247201121e+00
6.201486138896827782e+01,7.318335895790838208e+00
6.203486710488711253e+01,6.081898681233820270e+00
6.205487282080594724e+01,6.481299837508307959e+00
6.207487853672478195e+01,6.924076687683165865e+00
6.209488425264361666e+01,6.284470882035321004e+00
6.211488996856245137e+01,6.625677229364614007e+00
6.213489568448128608e+01,6.671677245167314751e+00
6.215490140040011369e+01,6.162529670551407435e+00
6.217490711631894840e+01,6.189488789321521800e+00
6.219491283223778311e+01,6.158710610620598658e+00
6.221491854815661782e+01,5.950900720106448105e+00
6.223492426407545253e+01,7.123205531031467252e+00
6.225492997999428724e+01,7.348305079150891927e+00
6.227493569591312195e+01,7.432324627854749011e+00
6.229494141183195666e+01,6.789249325854513017e+00
6.231494712775079137e+01,6.479867726022050078e+00
6.233495284366962608e+01,6.590258231429311664e+00
6.235495855958845368e+01,7.315647001756531154e+00
6.237496427550728839e+01,6.553218066949330733e+00
6.239496999142612310e+01,6.347695290579030925e+00
6.241497570734495781e+01,6.570117890878869105e+00
6.243498142326379252e+01,6.880665559621334637e+00
6.245498713918262723e+01,7.349302735458394409e+00
6.247499285510146194e+01,7.417233384506853433e+00
6.249499857102029665e+01,6.183579279635134540e+00
6.251500428693913136e+01,6.832800403597030225e+00
6.253501000285795897e+01,6.116938430734103704e+00
6.255501571877679368e+01,7.035681745653286967e+00
6.257502143469562839e+01,6.318051516563999215e+00
6.259502715061446310e+01,6.498086823133846224e+00
6.261503286653329781e+01,6.297979549887274153e+00
6.263503858245213252e+01,6.323219661539949854e+00
6.265504429837096723e+01,6.783552011143603622e+00
6.267505001428980194e+01,6.307704065483139999e+00
6.269505573020863665e+01,6.287667612515710047e+00
6.271506144612747136e+01,6.216435275164064578e+00
6.273506716204629896e+01,5.078959141381452547e+00
6.275507287796513367e+01,5.659934099615521852e+00
6.277507859388396838e+01,5.591265520628759589e+00
6.279508430980280309e+01,5.581098059149780077e+00
6.281509002572163780e+01,5.304637386735069349e+00
6.283509574164047251e+01,5.267114089831661516e+00
6.285510145755930722e+01,5.807299597276906589e+00
6.287510717347814193e+01,6.393595216092586853e+00
6.289511288939697664e+01,6.508467027882065992e+00
6.291511860531580425e+01,5.854647867427466679e+00
6.293512432123463896e+01,5.368791474438081579e+00
6.295513003715347367e+01,6.301918548742349024e+00
6.297513575307230838e+01,5.706788232116482007e+00
6.299514146899114309e+01,5.806537469567183862e+00
6.301514718490997780e+01,6.165043512816684945e+00
6.303515290082881251e+01,5.612634609367562533e+00
6.305515861674764722e+01,5.030684232524652799e+00
6.307516433266648193e+01,5.678159005048054375e+00
6.309517004858530953e+01,6.135228584269431629e+00
6.311517576450414424e+01,5.936077268462636169e+00
6.313518148042297895e+01,5.686328647012422799e+00
6.315518719634181366e+01,5.744620561188312990e+00
6.317519291226064837e+01,6.165355658821688678e+00
6.319519862817948308e+01,5.987217943207665094e+00
6.321520434409831779e+01,5.685394624778417949e+00
6.323521006001715250e+01,5.006689139140227063e+00
6.325521577593598721e+01,5.366639295017115785e+00
6.327522149185482192e+01,5.972113397348094210e+00
6.329522720777364952e+01,5.479083713794878463e+00
6.331523292369248423e+01,5.752163067304813637e+00
6.333523863961131894e+01,5.881485342807579286e+00
6.335524435553015365e+01,5.041045122029826686e+00
6.337525007144898836e+01,5.023962392633501750e+00
6.339525578736782307e+01,5.400819617362522251e+00
6.341526150328665778e+01,5.351026965517077016e+00
6.343526721920549249e+01,6.018589689934634279e+00
6.345527293512432720e+01,5.454429519363676704e+00
6.347527865104315481e+01,5.443668057996447374e+00
6.349528436696198952e+01,5.504122878797039320e+00
6.351529008288082423e+01,5.749152248670304388e+00
6.353529579879965894e+01,6.056290617129233667e+00
6.355530151471849365e+01,6.615756046888524367e+00
6.357530723063732836e+01,5.431071495666492055e+00
6.359531294655616307e+01,5.529027767651762737e+00
6.361531866247499778e+01,5.634391968820144925e+00
6.363532437839383249e+01,6.178065745725310975e+00
6.365533009431266720e+01,5.603704600261472990e+00
6.367533581023149480e+01,5.870900970918421891e+00
6.369534152615032951e+01,5.820778923811863237e+00
6.371534724206916422e+01,5.684518522342331792e+00
6.373535295798799893e+01,6.592975880238304498e+00
6.375535867390683364e+01,5.658446641955704237e+00
6.377536438982566835e+01,6.275808985722658662e+00
6.379537010574450306e+01,5.591550748406703519e+00
6.381537582166333777e+01,5.384435464651955883e+00
6.383538153758217248e+01,5.918835235389387606e+00
6.385538725350100009e+01,5.693446403761034169e+00
6.387539296941983480e+01,5.485711278661883128e+00
6.389539868533866951e+01,6.263290927629399540e+00
6.391540440125750422e+01,5.239762414817359826e+00
6.393541011717633893e+01,5.629307494364981679e+00
6.395541583309517364e+01,5.687860224010830912e+00
6.397542154901400835e+01,6.176176348958482443e+00
6.399542726493284306e+01,5.565665128796776884e+00
6.401543298085167066e+01,6.351920615949184779e+00
6.403543869677051248e+01,5.255569223618792307e+00
6.405544441268934008e+01,6.097156316859624781e+00
6.407545012860816769e+01,5.999746033390172428e+00
6.409545584452700950e+01,6.280698104786837987e+00
6.411546156044585132e+01,5.741370438557197531e+00
6.413546727636467892e+01,6.492455188054465864e+00
6.415547299228350653e+01,6.101236182574689693e+00
6.417547870820234834e+01,6.265914339872052707e+00
6.419548442412119016e+01,5.853747601510642440e+00
6.421549014004001776e+01,5.886398226685388479e+00
6.423549585595884537e+01,6.020063688424844628e+00
6.425550157187768718e+01,6.010784729385895808e+00
6.427550728779651479e+01,6.487496667519318194e+00
6.429551300371534239e+01,6.233551584188496975e+00
6.431551871963418421e+01,6.853658219691817877e+00
6.433552443555302602e+01,6.885808658056705056e+00
6.435553015147185363e+01,6.442815158717394297e+00
6.437553586739068123e+01,7.499844275853572384e+00
6.439554158330952305e+01,7.201506876626235787e+00
6.441554729922835065e+01,7.388501157565802835e+00
6.443555301514717826e+01,7.374791365626954587e+00
6.445555873106602007e+01,7.270690804987220091e+00
6.447556444698486189e+01,7.704943089923045108e+00
6.449557016290368949e+01,9.346977093073183696e+00
6.451557587882251710e+01,8.825919809169128882e+00
6.453558159474135891e+01,9.488521633920148801e+00
6.455558731066020073e+01,1.031532242785617370e+01
6.457559302657902833e+01,1.114307318171812078e+01
6.459559874249785594e+01,1.207461081588445850e+01
6.461560445841669775e+01,1.372862956200134832e+01
6.463561017433552536e+01,1.451363581565623306e+01
6.465561589025435296e+01,1.609235750813314070e+01
6.467562160617319478e+01,1.698361709042835699e+01
6.469562732209203659e+01,1.791840146327643168e+01
6.471563303801086420e+01,1.870265860874124542e+01
6.473563875392969180e+01,1.994971892752924347e+01
6.475564446984853362e+01,2.122934936627406444e+01
6.477565018576737543e+01,2.203543560941498214e+01
6.479565590168618883e+01,2.162306664775999820e+01
6.481566161760503064e+01,2.205540857725858572e+01
6.483566733352387246e+01,2.106329525585775286e+01
6.485567304944270006e+01,2.182956305213189552e+01
6.487567876536152767e+01,2.047230592730463172e+01
6.489568448128036948e+01,1.906782977402111001e+01
6.491569019719921130e+01,1.908519725268472911e+01
6.493569591311803890e+01,1.747634903063356404e+01
6.495570162903686651e+01,1.597691977121233009e+01
6.497570734495570832e+01,1.530383114623005980e+01
6.499571306087453593e+01,1.425930423273654668e+01
6.501571877679336353e+01,1.220506595442645192e+01
6.503572449271220535e+01,1.126546903414730849e+01
6.505573020863104716e+01,1.012722364987504875e+01
6.507573592454987477e+01,9.128745347694771084e+00
6.509574164046870237e+01,9.213788007357116783e+00
6.511574735638754419e+01,8.869543235862050068e+00
6.513575307230638600e+01,7.991868583417678806e+00
6.515575878822521361e+01,7.045247242858646786e+00
6.517576450414404121e+01,7.202033398496128669e+00
6.519577022006288303e+01,7.067205985062562590e+00
6.521577593598171063e+01,6.598790274110609033e+00
6.523578165190053824e+01,6.545941933489431541e+00
6.525578736781938005e+01,5.781196416099640523e+00
6.527579308373822187e+01,5.669009581584425916e+00
6.529579879965704947e+01,6.249770551894650694e+00
6.531580451557587708e+01,6.341294531540137669e+00
6.533581023149471889e+01,5.823811240800246480e+00
6.535581594741354650e+01,5.907444525517699496e+00
6.537582166333237410e+01,6.770984973028283171e+00
6.539582737925121592e+01,6.262053728495625471e+00
6.541583309517005773e+01,6.368997876528303514e+00
6.543583881108888534e+01,5.666006008284111495e+00
6.545584452700771294e+01,6.173578161682104160e+00
6.547585024292655476e+01,6.160373433090800432e+00
6.549585595884539657e+01,6.053242719596713783e+00
6.551586167476422418e+01,6.023353044376337451e+00
6.553586739068305178e+01,5.792946528864218791e+00
6.555587310660189360e+01,5.402633635374831655e+00
6.557587882252072120e+01,6.343967165240067096e+00
6.559588453843954881e+01,6.384061129678627822e+00
6.561589025435839062e+01,5.168469801348303250e+00
6.563589597027723244e+01,5.665917140971188815e+00
6.565590168619606004e+01,6.058522842786382867e+00
6.567590740211488765e+01,6.653209624296058777e+00
6.569591311803372946e+01,5.624590202979961262e+00
6.571591883395257128e+01,6.184504867551353868e+00
6.573592454987138467e+01,6.671633477778991406e+00
6.575593026579022649e+01,5.538372999208091230e+00
6.577593598170906830e+01,6.165994710079618635e+00
6.579594169762789591e+01,5.843348980736134735e+00
6.581594741354672351e+01,5.672325231388472666e+00
6.583595312946556533e+01,5.469531999521906940e+00
6.585595884538440714e+01,5.460077273844623491e+00
6.587596456130323475e+01,5.093812784361714030e+00
6.589597027722206235e+01,6.004327139458169427e+00
6.591597599314090417e+01,5.111545791285448281e+00
6.593598170905973177e+01,5.653658126445447962e+00
6.595598742497855937e+01,5.028420287631620411e+00
6.597599314089740119e+01,6.176133870113341473e+00
6.599599885681624301e+01,5.000227771167132573e+00
6.601600457273507061e+01,5.196912265267378039e+00
6.603601028865389821e+01,6.012280507283385589e+00
6.605601600457274003e+01,5.688589718532053752e+00
6.607602172049158185e+01,6.117136817703480389e+00
6.609602743641040945e+01,5.521056877824045195e+00
6.611603315232923705e+01,5.781624036309736425e+00
6.613603886824807887e+01,5.597678624777904233e+00
6.615604458416690647e+01,5.494210223711663232e+00
6.617605030008573408e+01,5.541688561209577202e+00
6.619605601600457589e+01,5.913330306396087366e+00
6.621606173192341771e+01,5.026882403737058524e+00
6.623606744784224531e+01,5.501717899724420491e+00
6.625607316376107292e+01,6.080877503053551791e+00
6.627607887967991473e+01,5.839753364486945486e+00
6.629608459559874234e+01,5.404908607842276780e+00
6.631609031151756994e+01,5.192567221377117903e+00
6.633609602743641176e+01,5.951651531886733792e+00
6.635610174335525357e+01,5.835902540661427551e+00
6.637610745927408118e+01,5.476020865883893585e+00
6.639611317519290878e+01,5.951719147903985707e+00
6.641611889111175060e+01,5.707156242858719253e+00
6.643612460703059241e+01,5.500814688152275700e+00
6.645613032294942002e+01,5.777737766222270643e+00
6.647613603886824762e+01,5.911842634971401722e+00
6.649614175478708944e+01,5.051198719167276252e+00
6.651614747070591704e+01,5.775408497795403662e+00
6.653615318662474465e+01,5.843539742578039764e+00
6.655615890254358646e+01,5.916181577466872454e+00
6.657616461846242828e+01,5.310635680215023413e+00
6.659617033438125588e+01,5.581540076108918669e+00
6.661617605030008349e+01,5.936055127719042090e+00
6.663618176621892530e+01,6.524410844247691799e+00
6.665618748213776712e+01,5.769159849730881362e+00
6.667619319805658051e+01,6.773297705209195385e+00
6.669619891397542233e+01,6.452490397575235903e+00
6.671620462989426414e+01,5.623463536064829071e+00
6.673621034581309175e+01,5.921416131882356382e+00
6.675621606173191935e+01,6.677123210569304135e+00
6.677622177765076117e+01,5.964114170851878782e+00
6.679622749356960298e+01,5.933018966449046694e+00
6.681623320948843059e+01,6.258218400259939251e+00
6.683623892540725819e+01,5.916391490915281715e+00
6.685624464132610001e+01,6.304861262544823042e+00
6.687625035724492761e+01,5.563453300812718716e+00
6.689625607316375522e+01,5.403952067693996497e+00
6.691626178908259703e+01,6.541385791087169110e+00
6.693626750500143885e+01,6.400168610536502101e+00
6.695627322092026645e+01,6.001928468772621983e+00
6.697627893683909406e+01,6.016645368549993655e+00
6.699628465275793587e+01,5.512776433017542388e+00
6.701629036867677769e+01,6.685147423785664955e+00
6.703629608459560529e+01,6.012632751085348559e+00
6.705630180051443290e+01,6.166656306715088576e+00
6.707630751643327471e+01,5.568152066452486615e+00
6.709631323235210232e+01,6.167540139211224570e+00
6.711631894827092992e+01,6.273961195665298085e+00
6.713632466418977174e+01,6.631292716043524216e+00
6.715633038010861355e+01,6.137925741157681969e+00
6.717633609602744116e+01,6.599815251235612301e+00
6.719634181194626876e+01,5.326548283290296837e+00
6.721634752786511058e+01,5.642712361055713721e+00
6.723635324378393818e+01,6.528966915841570184e+00
6.725635895970276579e+01,5.894991624170632605e+00
6.727636467562160760e+01,5.926139693603555969e+00
6.729637039154044942e+01,6.016853519180838106e+00
6.731637610745927702e+01,6.160944038342385909e+00
6.733638182337810463e+01,5.377521173978523805e+00
6.735638753929694644e+01,5.910866135814071498e+00
6.737639325521578826e+01,6.018150917209877271e+00
6.739639897113461586e+01,5.638125293040503472e+00
6.741640468705344347e+01,5.887043589856427062e+00
6.743641040297228528e+01,5.774794987715834438e+00
6.745641611889111289e+01,6.287936981518045698e+00
6.747642183480994049e+01,5.415279009241420916e+00
6.749642755072878231e+01,5.879931839990403475e+00
6.751643326664762412e+01,6.243609058301847980e+00
6.753643898256645173e+01,5.198309547829088828e+00
6.755644469848527933e+01,5.627203059561070475e+00
6.757645041440412115e+01,6.304753824302258280e+00
6.759645613032296296e+01,6.697082198081860227e+00
6.761646184624177636e+01,5.995080196705494302e+00
6.763646756216061817e+01,5.679887352787963195e+00
6.765647327807945999e+01,6.154383082507063563e+00
6.767647899399828759e+01,6.302670309264704507e+00
6.769648470991711520e+01,6.930323020473680984e+00
6.771649042583595701e+01,6.957413396811405804e+00
6.773649614175479883e+01,6.128646659748502756e+00
6.775650185767362643e+01,5.787725235735496909e+00
6.777650757359245404e+01,6.153796833374100217e+00
6.779651328951129585e+01,6.688637392253623304e+00
6.781651900543012346e+01,6.720857227934988742e+00
6.783652472134895106e+01,5.965082034510180264e+00
6.785653043726779288e+01,6.455907476964602765e+00
6.787653615318663469e+01,6.279631140207136752e+00
6.789654186910546230e+01,6.893255535431613623e+00
6.791654758502428990e+01,7.057921830187789958e+00
6.793655330094313172e+01,6.963264037767517678e+00
6.795655901686197353e+01,7.210219487900481283e+00
6.797656473278080114e+01,7.519003865748665305e+00
6.799657044869962874e+01,7.785386960719929306e+00
6.801657616461847056e+01,8.578927073670254089e+00
6.803658188053729816e+01,9.871570626338151300e+00
6.805658759645612577e+01,9.327238663623671044e+00
6.807659331237496758e+01,1.043322254712944996e+01
6.809659902829380940e+01,1.149010680602173906e+01
6.811660474421263700e+01,1.223137403565681680e+01
6.813661046013146461e+01,1.355003769186742879e+01
6.815661617605030642e+01,1.426850812876831931e+01
6.817662189196913403e+01,1.573220371158864239e+01
6.819662760788796163e+01,1.747713861525514289e+01
6.821663332380680345e+01,1.875267692993049806e+01
6.823663903972564526e+01,1.997902312651103074e+01
6.825664475564447287e+01,2.019765810434268616e+01
6.827665047156330047e+01,2.200189435600180587e+01
6.829665618748214229e+01,2.219899008722373068e+01
6.831666190340098410e+01,2.245151403328054585e+01
6.833666761931981171e+01,2.321992687824701207e+01
6.835667333523863931e+01,2.344704829701959170e+01
6.837667905115748113e+01,2.353944623391655355e+01
6.839668476707630873e+01,2.365280324692556135e+01
6.841669048299513634e+01,2.277389686637604171e+01
6.843669619891397815e+01,2.152255180109419186e+01
6.845670191483281997e+01,2.061563177148616788e+01
6.847670763075164757e+01,2.039094381661334410e+01
6.849671334667047518e+01,1.898428065413159516e+01
6.851671906258931699e+01,1.748547485121060063e+01
6.853672477850815881e+01,1.691275575220242899e+01
6.855673049442697220e+01,1.540830432957560703e+01
6.857673621034581402e+01,1.393764929286538745e+01
6.859674192626465583e+01,1.276291730866658725e+01
6.861674764218348344e+01,1.211122330375013334e+01
6.863675335810231104e+01,1.105461033072180932e+01
6.865675907402115286e+01,1.083152400366665802e+01
6.867676478993999467e+01,9.773029607308952649e+00
6.869677050585882228e+01,9.447219121176152257e+00
6.871677622177764988e+01,8.477411609791412062e+00
6.873678193769649170e+01,7.171076808572649952e+00
6.875678765361531930e+01,7.869431892803403272e+00
6.877679336953414690e+01,7.469450470244230367e+00
6.879679908545298872e+01,7.686788312739448514e+00
6.881680480137183054e+01,6.683986038626105852e+00
6.883681051729065814e+01,6.292474913676453951e+00
6.885681623320948574e+01,6.693841188665586195e+00
6.887682194912832756e+01,6.871136217034154114e+00
6.889682766504716938e+01,5.825537128225551697e+00
6.891683338096599698e+01,6.475778763842347630e+00
6.893683909688482458e+01,6.317657092757298365e+00
6.895684481280366640e+01,6.267745578582264443e+00
6.897685052872249400e+01,6.122843958041119805e+00
6.899685624464132161e+01,6.088467689586398279e+00
6.901686196056016342e+01,5.732125809786484005e+00
6.903686767647900524e+01,6.126346269435954284e+00
6.905687339239783284e+01,5.660816558714511615e+00
6.907687910831666045e+01,6.504727808242636300e+00
6.909688482423550226e+01,5.882424473086221184e+00
6.911689054015432987e+01,6.247645188527062743e+00
6.913689625607315747e+01,6.613267562049131243e+00
6.915690197199199929e+01,6.178935601594487181e+00
6.917690768791084110e+01,6.882595228902228968e+00
6.919691340382966871e+01,5.680207465392930644e+00
6.921691911974849631e+01,7.178375463405544998e+00
6.923692483566733813e+01,7.054693072963056366e+00
6.925693055158617994e+01,6.387040044052987753e+00
6.927693626750500755e+01,6.394864603767333122e+00
6.929694198342383515e+01,6.000304684346425610e+00
6.931694769934267697e+01,6.787861980423230079e+00
6.933695341526150457e+01,7.506106229886832182e+00
6.935695913118033218e+01,7.784366131998746496e+00
6.937696484709917399e+01,7.585097887963794250e+00
6.939697056301801581e+01,8.269096718035527260e+00
6.941697627893684341e+01,9.015453042285539453e+00
6.943698199485567102e+01,8.225155140383167307e+00
6.945698771077451283e+01,9.605712970835604381e+00
6.947699342669335465e+01,9.310773633429260343e+00
6.949699914261216804e+01,1.046937226767257378e+01
6.951700485853100986e+01,1.053365946596952085e+01
6.953701057444985167e+01,1.169496109905534631e+01
6.955701629036867928e+01,1.244679025637832659e+01
6.957702200628750688e+01,1.308198622086128182e+01
6.959702772220634870e+01,1.498528699495200200e+01
6.961703343812519051e+01,1.528274436433504846e+01
6.963703915404401812e+01,1.516476326675466524e+01
6.965704486996284572e+01,1.585008785550559907e+01
6.967705058588168754e+01,1.726275800909666458e+01
6.969705630180051514e+01,1.682201072197881686e+01
6.971706201771934275e+01,1.709207287584807489e+01
6.973706773363818456e+01,1.587787135585772980e+01
6.975707344955702638e+01,1.567183139447729445e+01
6.977707916547585398e+01,1.465000622301669253e+01
6.979708488139468159e+01,1.400880823982030421e+01
6.981709059731352340e+01,1.312977412252189957e+01
6.983709631323236522e+01,1.273878821017698826e+01
6.985710202915119282e+01,1.146761416973560976e+01
6.987710774507002043e+01,9.842090804401696147e+00
6.989711346098886224e+01,9.858965939885091956e+00
6.991711917690768985e+01,9.889677339175133142e+00
6.993712489282651745e+01,8.764046395161663838e+00
6.995713060874535927e+01,7.798864656400589013e+00
6.997713632466420108e+01,7.581565156285821949e+00
6.999714204058302869e+01,7.959668684141306016e+00
7.001714775650185629e+01,6.411122402962318390e+00
7.003715347242069811e+01,6.956749136015492496e+00
7.005715918833952571e+01,7.091439641107804448e+00
7.007716490425835332e+01,6.484242308488869178e+00
7.009717062017719513e+01,6.473446613142943562e+00
7.011717633609603695e+01,5.378193176586979263e+00
7.013718205201486455e+01,6.612075467534963558e+00
7.015718776793369216e+01,6.117036372137246936e+00
7.017719348385253397e+01,6.465685052181422421e+00
7.019719919977137579e+01,6.104405448575267457e+00
7.021720491569020339e+01,6.207265546508390130e+00
7.023721063160903100e+01,6.027678077865801676e+00
7.025721634752787281e+01,5.964233979441219802e+00
7.027722206344670042e+01,6.044203280083279672e+00
7.029722777936552802e+01,6.677514864044266751e+00
7.031723349528436984e+01,6.314758835387441316e+00
7.033723921120321165e+01,6.288180540370165161e+00
7.035724492712203926e+01,5.947255074067018477e+00
7.037725064304086686e+01,6.502049298669426491e+00
7.039725635895970868e+01,6.752935550848443214e+00
7.041726207487855049e+01,6.225258351525519984e+00
7.043726779079736389e+01,5.620135769960389993e+00
7.045727350671620570e+01,6.266023687010285670e+00
7.047727922263504752e+01,5.810118936790091837e+00
7.049728493855387512e+01,5.940044694867314234e+00
7.051729065447270273e+01,5.897639085551426241e+00
7.053729637039154454e+01,6.339000322312651647e+00
7.055730208631038636e+01,5.293349058068318236e+00
7.057730780222921396e+01,5.577481006571827216e+00
7.059731351814804157e+01,6.270854706309697768e+00
7.061731923406688338e+01,5.091741184080891713e+00
7.063732494998571099e+01,5.570884837865110129e+00
7.065733066590453859e+01,6.116938377389406156e+00
7.067733638182338041e+01,4.929045531687233250e+00
7.069734209774222222e+01,5.943798242233268248e+00
7.071734781366104983e+01,5.364110790387057293e+00
7.073735352957987743e+01,6.050748897785395819e+00
7.075735924549871925e+01,5.741064336249166900e+00
7.077736496141756106e+01,6.102091996667338591e+00
7.079737067733638867e+01,5.626400112832085298e+00
7.081737639325521627e+01,5.536245780372857084e+00
7.083738210917405809e+01,5.436768216163049061e+00
7.085738782509288569e+01,6.373036725587898133e+00
7.087739354101171330e+01,5.836293577367872132e+00
7.089739925693055511e+01,5.877643069993098379e+00
7.091740497284939693e+01,6.280823959580324356e+00
7.093741068876822453e+01,5.915722584348980462e+00
7.095741640468705214e+01,5.702596864827368606e+00
7.097742212060589395e+01,6.603065867360285779e+00
7.099742783652472156e+01,6.238020408955883056e+00
7.101743355244354916e+01,5.669190291717675301e+00
7.103743926836239098e+01,6.096261780805940056e+00
7.105744498428123279e+01,5.694700987832051808e+00
7.107745070020006040e+01,6.304067634413847543e+00
7.109745641611888800e+01,5.225778758800617929e+00
7.111746213203772982e+01,5.417256179390689041e+00
7.113746784795657163e+01,5.366872406056993228e+00
7.115747356387539924e+01,5.641043255865485051e+00
7.117747927979422684e+01,5.495373264739654040e+00
7.119748499571306866e+01,5.246229658887516578e+00
7.121749071163189626e+01,5.730819941565059139e+00
7.123749642755072387e+01,5.404431810934518410e+00
7.125750214346956568e+01,6.283935380535941029e+00
7.127750785938840750e+01,5.983403991985664305e+00
7.129751357530723510e+01,5.487488569829504392e+00
7.131751929122606271e+01,5.080537892319261672e+00
7.133752500714490452e+01,4.918884998587488511e+00
7.135753072306374634e+01,6.350235315316764328e+00
7.137753643898255973e+01,6.015505427174829833e+00
7.139754215490140155e+01,6.227445276936803609e+00
7.141754787082024336e+01,5.400856888051403182e+00
7.143755358673907097e+01,6.037431295390012664e+00
7.145755930265789857e+01,5.066627267848752503e+00
7.147756501857674039e+01,6.564506174113784454e+00
7.149757073449558220e+01,5.999374626412278033e+00
7.151757645041440981e+01,5.774848645737034047e+00
7.153758216633323741e+01,5.797331427602470555e+00
7.155758788225207923e+01,5.441404849449009262e+00
7.157759359817090683e+01,5.803770488993613696e+00
7.159759931408973443e+01,5.887291003847526127e+00
7.161760503000857625e+01,5.790190308332062941e+00
7.163761074592741807e+01,6.507794042812562019e+00
7.165761646184624567e+01,6.538005955320551621e+00
7.167762217776507327e+01,5.928638446433001974e+00
7.169762789368391509e+01,6.272237646253215004e+00
7.171763360960275691e+01,6.148612476755090483e+00
7.173763932552158451e+01,6.272986170509263104e+00
7.175764504144041211e+01,6.306147593270431173e+00
7.177765075735925393e+01,6.365953096054683513e+00
7.179765647327808153e+01,6.100527955241728861e+00
7.181766218919690914e+01,5.940113461219545421e+00
7.183766790511575095e+01,5.482855940190983546e+00
7.185767362103459277e+01,6.171548814514813408e+00
7.187767933695342037e+01,5.521847552475199095e+00
7.189768505287224798e+01,5.772672512397852174e+00
7.191769076879108979e+01,6.570481000881516209e+00
7.193769648470991740e+01,5.928971472335666348e+00
7.195770220062874500e+01,6.464950053693669929e+00
7.197770791654758682e+01,5.403179181846731183e+00
7.199771363246642863e+01,6.313969998185795518e+00
7.201771934838525624e+01,6.011777490758637654e+00
7.203772506430408384e+01,5.861702281897843037e+00
7.205773078022292566e+01,6.507767784127132416e+00
7.207773649614176747e+01,5.626491482118021636e+00
7.209774221206059508e+01,5.352978652944583970e+00
7.211774792797942268e+01,5.781311318283744782e+00
7.213775364389826450e+01,5.823259017248404668e+00
7.215775935981709210e+01,6.447672757714553171e+00
7.217776507573591971e+01,5.692975522349630779e+00
7.219777079165476152e+01,5.933340300195381722e+00
7.221777650757360334e+01,5.416091328354541545e+00
7.223778222349243094e+01,6.319021374654473888e+00
7.225778793941125855e+01,5.918284662720523670e+00
7.227779365533010036e+01,5.870711041523579254e+00
7.229779937124894218e+01,5.582673825267676193e+00
7.231780508716775557e+01,5.313490325709389950e+00
7.233781080308659739e+01,6.247299378657781510e+00
7.235781651900543920e+01,6.005498864328818520e+00
7.237782223492426681e+01,6.526761200372771299e+00
7.239782795084309441e+01,5.963825026635703352e+00
7.241783366676193623e+01,5.571021946041785355e+00
7.243783938268077804e+01,5.911705060772495912e+00
7.245784509859960565e+01,5.673991242116787959e+00
7.247785081451843325e+01,6.561781670290239177e+00
7.249785653043727507e+01,6.165115120635149992e+00
7.251786224635610267e+01,6.716703247568141855e+00
7.253786796227493028e+01,6.446310270633855311e+00
7.255787367819377209e+01,6.570099648753104482e+00
7.257787939411261391e+01,6.752864015842159340e+00
7.259788511003144151e+01,6.648928937116132865e+00
7.261789082595026912e+01,7.095087215717944318e+00
7.263789654186911093e+01,6.533248205285131505e+00
7.265790225778795275e+01,7.687896821684968351e+00
7.267790797370678035e+01,7.589837798763429788e+00
7.269791368962560796e+01,8.415112045029710330e+00
7.271791940554444977e+01,7.829931611448646578e+00
7.273792512146327738e+01,8.705302665737091772e+00
7.275793083738210498e+01,9.297753267763260610e+00
7.277793655330094680e+01,1.024126158603772652e+01
7.279794226921978861e+01,1.030242014510164239e+01
7.281794798513861622e+01,1.031689304475573721e+01
7.283795370105744382e+01,1.163499864972902920e+01
7.285795941697628564e+01,1.136993817478670188e+01
7.287796513289511324e+01,1.229241755239230649e+01
7.289797084881394085e+01,1.235918463367703168e+01
7.291797656473278266e+01,1.337778951249165083e+01
7.293798228065162448e+01,1.291536634627732560e+01
7.295798799657045208e+01,1.318009338738259650e+01
7.297799371248927969e+01,1.312231077840917948e+01
7.299799942840812150e+01,1.359959618556949579e+01
7.301800514432696332e+01,1.343734921341485311e+01
7.303801086024579092e+01,1.431155832171918441e+01
7.305801657616461853e+01,1.364600157727452867e+01
7.307802229208346034e+01,1.389413247943858565e+01
7.309802800800228795e+01,1.402243362520148473e+01
7.311803372392111555e+01,1.416365606852321690e+01
7.313803943983995737e+01,1.449242274338486425e+01
7.315804515575879918e+01,1.436719153655506886e+01
7.317805087167762679e+01,1.392805962572743894e+01
7.319805658759645439e+01,1.403041722586347007e+01
7.321806230351529621e+01,1.389265800550208674e+01
7.323806801943413802e+01,1.422213843129798327e+01
7.325807373535295142e+01,1.419293653291090607e+01
7.327807945127179323e+01,1.335044582954526504e+01
7.329808516719063505e+01,1.249892454663213215e+01
7.331809088310946265e+01,1.201428418566084844e+01
7.333809659902829026e+01,1.145598926511621229e+01
7.335810231494713207e+01,1.122554147691766957e+01
7.337810803086597389e+01,1.041102415406968262e+01
7.339811374678480149e+01,1.058888743861663428e+01
7.341811946270362910e+01,1.000552919751973135e+01
7.343812517862247091e+01,9.304651827396982711e+00
7.345813089454129852e+01,7.930577325873310102e+00
7.347813661046012612e+01,8.151369667564837940e+00
7.349814232637896794e+01,7.199393045125926704e+00
7.351814804229780975e+01,7.759595085504993328e+00
7.353815375821663736e+01,6.998388882014925372e+00
7.355815947413546496e+01,7.199557026250247738e+00
7.357816519005430678e+01,6.906405947404627099e+00
7.359817090597314859e+01,6.719707218389527448e+00
7.361817662189197620e+01,6.564861494290899380e+00
7.363818233781080380e+01,6.127198920129137250e+00
7.365818805372964562e+01,6.751876714800577162e+00
7.367819376964847322e+01,6.098110775934037164e+00
7.369819948556730083e+01,6.435560703976313413e+00
7.371820520148614264e+01,5.588373782691423486e+00
7.373821091740498446e+01,6.661485027150565230e+00
7.375821663332381206e+01,5.414213861807526840e+00
7.377822234924263967e+01,5.923362257655448104e+00
7.379822806516148148e+01,5.845331156788375893e+00
7.381823378108030909e+01,5.694846535364907147e+00
7.383823949699913669e+01,5.703401554964003140e+00
7.385824521291797851e+01,5.925646631566892530e+00
7.387825092883682032e+01,6.478809942328513927e+00
7.389825664475564793e+01,6.026267291373487822e+00
7.391826236067447553e+01,5.856917317210290186e+00
7.393826807659331735e+01,5.988066871754790910e+00
7.395827379251215916e+01,5.959297355827800402e+00
7.397827950843098677e+01,5.910012049569807857e+00
7.399828522434981437e+01,6.178419542437349143e+00
7.401829094026865619e+01,6.047496812757435336e+00
7.403829665618748379e+01,5.808779631102455099e+00
7.405830237210632561e+01,5.820233239363868272e+00
7.407830808802515321e+01,5.182932632717673904e+00
7.409831380394398082e+01,5.936022543146179942e+00
7.411831951986282263e+01,5.662262257302119295e+00
7.413832523578165024e+01,4.903875467911875674e+00
7.415833095170049205e+01,6.155875187080072308e+00
7.417833666761931966e+01,6.538962153722845727e+00
7.419834238353816147e+01,6.099455325233869019e+00
7.421834809945698908e+01,5.058572351197417660e+00
7.423835381537583089e+01,6.335180136194900058e+00
7.425835953129465850e+01,6.330291634748043350e+00
7.427836524721348610e+01,5.614112311913793008e+00
7.429837096313232792e+01,5.658838579525266255e+00
7.431837667905115552e+01,5.815577389315652823e+00
7.433838239496999734e+01,5.288637626822119131e+00
7.435838811088882494e+01,5.545430642547975353e+00
7.437839382680766676e+01,6.278117489342495361e+00
7.439839954272649436e+01,5.177314042771018698e+00
7.441840525864533618e+01,6.016576761250314931e+00
7.443841097456416378e+01,5.278097295693108926e+00
7.445841669048300560e+01,5.283492164761258714e+00
7.447842240640183320e+01,6.097966408591670273e+00
7.449842812232066080e+01,5.438198482556808599e+00
7.451843383823950262e+01,6.150018431446953926e+00
7.453843955415833022e+01,5.950374648294586066e+00
7.455844527007717204e+01,5.813819259681107354e+00
7.457845098599599964e+01,5.987402414936486394e+00
7.459845670191484146e+01,6.265326836635751739e+00
7.461846241783366906e+01,5.883499478173499497e+00
7.463846813375251088e+01,5.666810748638717143e+00
7.465847384967133848e+01,4.985721987638688901e+00
7.467847956559016609e+01,6.301045901490619272e+00
7.469848528150900790e+01,6.146590689441334021e+00
7.471849099742783551e+01,5.734439450795914439e+00
7.473849671334667732e+01,5.739968229093924457e+00
7.475850242926550493e+01,5.799868350182411092e+00
7.477850814518434674e+01,5.371443730611826339e+00
7.479851386110317435e+01,6.346094889855020682e+00
7.481851957702201616e+01,6.392226256508814153e+00
7.483852529294084377e+01,5.921414199582581084e+00
7.485853100885967137e+01,6.464780849577164368e+00
7.487853672477851319e+01,5.293129448151994154e+00
7.489854244069734079e+01,6.224554856008163384e+00
7.491854815661618261e+01,5.982295317570692106e+00
7.493855387253501021e+01,5.407824359024250072e+00
7.495855958845385203e+01,5.680366150505393286e+00
7.497856530437267963e+01,5.640459099916643737e+00
7.499857102029152145e+01,6.076244285969647052e+00
7.501857673621034905e+01,6.360678215282229431e+00
7.503858245212917666e+01,5.403350783440670213e+00
7.505858816804801847e+01,6.323851534871783642e+00
7.507859388396684608e+01,5.838718593550890290e+00
7.509859959988568789e+01,5.654712987602442453e+00
7.511860531580451550e+01,5.682586798699743369e+00
7.513861103172335731e+01,6.546156110262616679e+00
7.515861674764218492e+01,6.541472214524804762e+00
7.517862246356102673e+01,5.679408960669418249e+00
7.519862817947985434e+01,5.767264276651147270e+00
7.521863389539868194e+01,5.920865775875345349e+00
7.523863961131752376e+01,5.788737370711475982e+00
7.525864532723635136e+01,6.091056490397910750e+00
7.527865104315519318e+01,6.130378314247179716e+00
7.529865675907402078e+01,5.310620389543977637e+00
7.531866247499286260e+01,6.114550327056614165e+00
7.533866819091169020e+01,6.676012306464950363e+00
7.535867390683053202e+01,6.143262676387411858e+00
7.537867962274935962e+01,5.666600115905078283e+00
7.539868533866820144e+01,6.243127978416245227e+00
7.541869105458702904e+01,5.944723301953668937e+00
7.543869677050585665e+01,6.529151401318137538e+00
7.545870248642469846e+01,7.163441740087616694e+00
7.547870820234352607e+01,7.091020281429002203e+00
7.549871391826236788e+01,7.037039448395942642e+00
7.551871963418119549e+01,6.648017633124149839e+00
7.553872535010003730e+01,7.013559471061292960e+00
7.555873106601886491e+01,7.655923648547563687e+00
7.557873678193770672e+01,7.855373822601262823e+00
7.559874249785653433e+01,8.391871763207813473e+00
7.561874821377536193e+01,9.263573419046624124e+00
7.563875392969420375e+01,8.883904241115331502e+00
7.565875964561303135e+01,9.868566295192648496e+00
7.567876536153187317e+01,1.089385057936229728e+01
7.569877107745070077e+01,1.121668545672721962e+01
7.571877679336954259e+01,1.209848282481371129e+01
7.573878250928837019e+01,1.231629179010445085e+01
7.575878822520721201e+01,1.350849095633789965e+01
7.577879394112603961e+01,1.423829988221220688e+01
7.579879965704486722e+01,1.507065182125731440e+01
7.581880537296370903e+01,1.470098533636755178e+01
7.583881108888253664e+01,1.565650434961822413e+01
7.585881680480137845e+01,1.625165614691734106e+01
7.587882252072020606e+01,1.574452488050944154e+01
7.589882823663904787e+01,1.579492654830925247e+01
7.591883395255787548e+01,1.587107753540639266e+01
7.593883966847671729e+01,1.561804432636693463e+01
7.595884538439554490e+01,1.503156705169620011e+01
7.597885110031437250e+01,1.516434388543245859e+01
7.599885681623321432e+01,1.609282415700119628e+01
7.601886253215204192e+01,1.600356287735599281e+01
7.603886824807088374e+01,1.604966091116477500e+01
7.605887396398971134e+01,1.629915030762916572e+01
7.607887967990855316e+01,1.627304320888834965e+01
7.609888539582738076e+01,1.612220117750879211e+01
7.611889111174622258e+01,1.581870554173974952e+01
7.613889682766505018e+01,1.558919724283881258e+01
7.615890254358387779e+01,1.544021974350596871e+01
7.617890825950271960e+01,1.411065884731837627e+01
7.619891397542154721e+01,1.355225658551653645e+01
7.621891969134038902e+01,1.308292340472804227e+01
7.623892540725921663e+01,1.262758753191625516e+01
7.625893112317805844e+01,1.179456267596717467e+01
7.627893683909688605e+01,1.139796603356303883e+01
7.629894255501572786e+01,1.007996526964060635e+01
7.631894827093455547e+01,9.791215171437020359e+00
7.633895398685339728e+01,8.915439991402870135e+00
7.635895970277222489e+01,8.671896289718123541e+00
7.637896541869105249e+01,7.917803804259724743e+00
7.639897113460989431e+01,7.795715375275356962e+00
7.641897685052872191e+01,6.942144148887209099e+00
7.643898256644756373e+01,7.243097777973413365e+00
7.645898828236639133e+01,6.907176836830497990e+00
7.647899399828523315e+01,6.849268108039057168e+00
7.649899971420406075e+01,6.222300736129962040e+00
7.651900543012290257e+01,6.571865279366019053e+00
7.653901114604173017e+01,6.395496423501654704e+00
7.655901686196055778e+01,7.537123975647225471e+00
7.657902257787939959e+01,6.779735402047825765e+00
7.659902829379822720e+01,6.769490601849454947e+00
7.661903400971706901e+01,7.327239064141727098e+00
7.663903972563589662e+01,6.395152039645920716e+00
7.665904544155473843e+01,7.120683296572918763e+00
7.667905115747356604e+01,7.335367628498786985e+00
7.669905687339240785e+01,7.148755856735687253e+00
7.671906258931123546e+01,8.215135476895753186e+00
7.673906830523006306e+01,8.484175318586917314e+00
7.675907402114890488e+01,8.462344877015468114e+00
7.677907973706773248e+01,8.706967554783240359e+00
7.679908545298657430e+01,9.755159481166185031e+00
7.681909116890540190e+01,9.604412043418921741e+00
7.683909688482424372e+01,1.134606422403242121e+01
7.685910260074307132e+01,1.211941231494622073e+01
7.687910831666191314e+01,1.301446371688543735e+01
7.689911403258074074e+01,1.467336975124493392e+01
7.691911974849956835e+01,1.738287970262709692e+01
7.693912546441841016e+01,1.833710676597416267e+01
7.695913118033723777e+01,1.979420103487949945e+01
7.697913689625607958e+01,2.070366887850725135e+01
7.699914261217490719e+01,2.264530856109108825e+01
7.701914832809374900e+01,2.296622213408847557e+01
7.703915404401257661e+01,2.432668298361206638e+01
7.705915975993141842e+01,2.512771024962588129e+01
7.707916547585024603e+01,2.493718288580465270e+01
7.709917119176907363e+01,2.412578639309823814e+01
7.711917690768791545e+01,2.344119167281384364e+01
7.713918262360674305e+01,2.264341223081086696e+01
7.715918833952558487e+01,2.073770226062803701e+01
7.717919405544441247e+01,2.023760325011873817e+01
7.719919977136325429e+01,1.804167009792604759e+01
7.721920548728208189e+01,1.704067555987433380e+01
7.723921120320092371e+01,1.591911788994480759e+01
7.725921691911975131e+01,1.361436157239376854e+01
7.727922263503859313e+01,1.333813052465627536e+01
7.729922835095742073e+01,1.158149553443030655e+01
7.731923406687624833e+01,1.018417748769656939e+01
7.733923978279509015e+01,9.990167069659769084e+00
7.735924549871391775e+01,8.749513318534070550e+00
7.737925121463275957e+01,9.433942520783109131e+00
7.739925693055158717e+01,8.222494834627127602e+00
7.741926264647042899e+01,8.193576969367338592e+00
7.743926836238925659e+01,7.403771257158934915e+00
7.745927407830809841e+01,8.288154971000096793e+00
7.747927979422692601e+01,7.892333243713766322e+00
7.749928551014575362e+01,8.252662842091634587e+00
7.751929122606459543e+01,7.173295114970845709e+00
7.753929694198342304e+01,7.304111776463917849e+00
7.755930265790226485e+01,6.748314400609663366e+00
7.757930837382109246e+01,6.901136707968043460e+00
7.759931408973993427e+01,7.128862389393102461e+00
7.761931980565876188e+01,6.796998156046741180e+00
7.763932552157760369e+01,6.515605954314892756e+00
7.765933123749643130e+01,6.196902948418530954e+00
7.767933695341525890e+01,6.885140040489090119e+00
7.769934266933410072e+01,6.649123217447730383e+00
7.771934838525292832e+01,7.375677982147054834e+00
7.773935410117177014e+01,6.752093772606218458e+00
7.775935981709059774e+01,6.028918048708209021e+00
7.777936553300943956e+01,7.207048983133438114e+00
7.779937124892826716e+01,6.615377413986168520e+00
7.781937696484710898e+01,6.113442262126941529e+00
7.783938268076593658e+01,6.310184746583500370e+00
7.785938839668476419e+01,6.433803488810657889e+00
7.787939411260360600e+01,6.977803130660384490e+00
7.789939982852243361e+01,6.255911740345086791e+00
7.791940554444127542e+01,5.990446593197237490e+00
7.793941126036010303e+01,6.885366651038330232e+00
7.795941697627894484e+01,6.253390503649283616e+00
7.797942269219777245e+01,6.566647249037460554e+00
7.799942840811661426e+01,7.106585891039056690e+00
7.801943412403544187e+01,6.910859700146739115e+00
7.803943983995426947e+01,7.141881137088345710e+00
7.805944555587311129e+01,6.647096343958800446e+00
7.807945127179193889e+01,7.496217122566789293e+00
7.809945698771078071e+01,7.823646790994072120e+00
7.811946270362960831e+01,7.513280949352931337e+00
7.813946841954845013e+01,8.273735124803408780e+00
7.815947413546727773e+01,7.503090402083176791e+00
7.817947985138611955e+01,7.874831898282550924e+00
7.819948556730494715e+01,7.718102601949576425e+00
7.821949128322378897e+01,7.432678143589273034e+00
7.823949699914261657e+01,6.836408203038734754e+00
7.825950271506144418e+01,7.124111895307388309e+00
7.827950843098028599e+01,6.808928837776196730e+00
7.829951414689911360e+01,7.287075190059340457e+00
7.831951986281795541e+01,7.068016856742094234e+00
7.833952557873678302e+01,7.041514126399107454e+00
7.835953129465562483e+01,6.118240594923225473e+00
7.837953701057445244e+01,6.664220858170245343e+00
7.839954272649329425e+01,6.992627651220595375e+00
7.841954844241212186e+01,6.489190377031759382e+00
7.843955415833094946e+01,6.650778046616848016e+00
7.845955987424979128e+01,5.842974855891260866e+00
7.847956559016861888e+01,5.989650151859386540e+00
7.849957130608746070e+01,6.474743150379500989e+00
7.851957702200628830e+01,6.182654551020146272e+00
7.853958273792513012e+01,5.780968235896017049e+00
7.855958845384395772e+01,6.207227848240792767e+00
7.857959416976279954e+01,5.395973756182921299e+00
7.859959988568162714e+01,7.032012272643283879e+00
7.861960560160045475e+01,6.032023933177196540e+00
7.863961131751929656e+01,6.509631025244532410e+00
7.865961703343812417e+01,7.165210109777955694e+00
7.867962274935696598e+01,6.827111855760501058e+00
7.869962846527579359e+01,6.804731067763007957e+00
7.871963418119463540e+01,7.582583101396794589e+00
7.873963989711346301e+01,7.081580471189029780e+00
7.875964561303230482e+01,7.806419203624104242e+00
7.877965132895113243e+01,7.848838010091716555e+00
7.879965704486996003e+01,8.595935248921326988e+00
7.881966276078880185e+01,8.609225023387011788e+00
7.883966847670762945e+01,8.267034002368776058e+00
7.885967419262647127e+01,8.736022047997280993e+00
7.887967990854529887e+01,1.005988957049262567e+01
7.889968562446414069e+01,9.442045361579904039e+00
7.891969134038296829e+01,9.670785588746005246e+00
7.893969705630181011e+01,1.030245865135778338e+01
7.895970277222063771e+01,1.005317862241997418e+01
7.897970848813946532e+01,9.747196657836605382e+00
7.899971420405830713e+01,1.064816280357302603e+01
7.901971991997713474e+01,9.460573290998588902e+00
7.903972563589597655e+01,9.321629138586601471e+00
7.905973135181480416e+01,9.005566347124936755e+00
7.907973706773364597e+01,9.094874290498754732e+00
7.909974278365247358e+01,8.599307918294460507e+00
7.911974849957131539e+01,8.372133521007080859e+00
7.913975421549014300e+01,7.776738602589983174e+00
7.915975993140898481e+01,7.619923724318996783e+00
7.917976564732781242e+01,7.260497989538734487e+00
7.919977136324664002e+01,7.464242488926062791e+00
7.921977707916548184e+01,6.706097458577380266e+00
7.923978279508430944e+01,5.835931499023519820e+00
7.925978851100315126e+01,7.091880423705453573e+00
7.927979422692197886e+01,6.191794392676231773e+00
7.929979994284082068e+01,6.346401507777831519e+00
7.931980565875964828e+01,6.106657859146447542e+00
7.933981137467849010e+01,5.548081679561039259e+00
7.935981709059731770e+01,6.506264135393463377e+00
7.937982280651614531e+01,5.552042112875811064e+00
7.939982852243498712e+01,6.076983265830689263e+00
7.941983423835381473e+01,5.552130821633889823e+00
7.943983995427265654e+01,5.774850426832180084e+00
7.945984567019148415e+01,5.794359697693012734e+00
7.947985138611032596e+01,5.838884646641121279e+00
7.949985710202915357e+01,5.887017602217815337e+00
7.951986281794799538e+01,6.586147755255389313e+00
7.953986853386682299e+01,5.145745111930112969e+00
7.955987424978565059e+01,5.812595711746094906e+00
7.957987996570449241e+01,5.687028896418226509e+00
7.959988568162332001e+01,5.237534270382808721e+00
7.961989139754216183e+01,6.507317878315030057e+00
7.963989711346098943e+01,5.520774103792966514e+00
7.965990282937983125e+01,5.963296155182398195e+00
7.967990854529865885e+01,5.742620220771238237e+00
7.969991426121750067e+01,6.252820493057097195e+00
7.971991997713632827e+01,6.024860071971492204e+00
7.973992569305515588e+01,5.110580015323228587e+00
7.975993140897399769e+01,5.932229464739344316e+00
7.977993712489282530e+01,6.366872000819895128e+00
7.979994284081166711e+01,5.496118145693838386e+00
7.981994855673049472e+01,6.151707845237589289e+00
7.983995427264933653e+01,6.436694119776283252e+00
7.985995998856816414e+01,6.247436100591544417e+00
7.987996570448700595e+01,5.493550871372085531e+00
7.989997142040583356e+01,5.405175207492744605e+00
7.991997713632466116e+01,5.174792743318000987e+00
7.993998285224350298e+01,6.245865681499790156e+00
7.995998856816233058e+01,5.555525192950815594e+00
7.997999428408117240e+01,6.282946811027652956e+00
8.000000000000000000e+01,5.402432691036816337e+00
