angle,intensity
1.000000000000000000e+01,1.603113690693109916e+01
1.002000571591883471e+01,3.151091526472653115e+01
1.004001143183766764e+01,3.201909187739165930e+01
1.006001714775650235e+01,3.259181584512699459e+01
1.008002286367533529e+01,3.355963578418963777e+01
1.010002857959417000e+01,3.362331380887350463e+01
1.012003429551300293e+01,3.484368538306629404e+01
1.014004001143183764e+01,3.501077989986313810e+01
1.016004572735067235e+01,3.561420412791588319e+01
1.018005144326950528e+01,3.674784692656730556e+01
1.020005715918833999e+01,3.802408633149411799e+01
1.022006287510717293e+01,3.793569781416291420e+01
1.024006859102600764e+01,3.956509584775765376e+01
1.026007430694484057e+01,4.045518055315444883e+01
1.028008002286367528e+01,4.092430975249345693e+01
1.030008573878250999e+01,4.129160148933317487e+01
1.032009145470134293e+01,4.336506546145974994e+01
1.034009717062017764e+01,4.273013977969141308e+01
1.036010288653901057e+01,4.362403275939625757e+01
1.038010860245784528e+01,4.494727284817686552e+01
1.040011431837667999e+01,4.587501523239744472e+01
1.042012003429551292e+01,4.696055374469980137e+01
1.044012575021434763e+01,4.739889447504619113e+01
1.046013146613318057e+01,4.872675473136182234e+01
1.048013718205201528e+01,4.990833118845488059e+01
1.050014289797084821e+01,5.097273252944886224e+01
1.052014861388968292e+01,5.168931658372543581e+01
1.054015432980851585e+01,5.317831442892476446e+01
1.056016004572735056e+01,5.380513936354166304e+01
1.058016576164618527e+01,5.493290715739225050e+01
1.060017147756501821e+01,5.618268568848373690e+01
1.062017719348385292e+01,5.711315319656596756e+01
1.064018290940268585e+01,5.847662185872056995e+01
1.066018862532152056e+01,5.944989901691398870e+01
1.068019434124035527e+01,6.052172998722245723e+01
1.070020005715918820e+01,6.119819638678374929e+01
1.072020577307802292e+01,6.299907412152096242e+01
1.074021148899685585e+01,6.470087838111599865e+01
1.076021720491569056e+01,6.500876615299134187e+01
1.078022292083452349e+01,6.659511684665031339e+01
1.080022863675335820e+01,6.797860474976761225e+01
1.082023435267219291e+01,6.897111778290079087e+01
1.084024006859102585e+01,7.089533795785835935e+01
1.086024578450986056e+01,7.135212947488420809e+01
1.088025150042869349e+01,7.266045407135240453e+01
1.090025721634752820e+01,7.389350362488309543e+01
1.092026293226636113e+01,7.445222480618883765e+01
1.094026864818519584e+01,7.540152332727579676e+01
1.096027436410403055e+01,7.660233402041409079e+01
1.098028008002286349e+01,7.666425772501304436e+01
1.100028579594169820e+01,7.710845702207063823e+01
1.102029151186053113e+01,7.673133984864541901e+01
1.104029722777936584e+01,7.749863592068524554e+01
1.106030294369819877e+01,7.733590035605655544e+01
1.108030865961703348e+01,7.731469215451912191e+01
1.110031437553586819e+01,7.616850139411207010e+01
1.112032009145470113e+01,7.539546733208669593e+01
1.114032580737353584e+01,7.488076969468869493e+01
1.116033152329236877e+01,7.385685975338148523e+01
1.118033723921120348e+01,7.207897424628336580e+01
1.120034295513003642e+01,6.955455519896935357e+01
1.122034867104887113e+01,6.748035344585676398e+01
1.124035438696770584e+01,6.419076946205555600e+01
1.126036010288653877e+01,6.155644068419930903e+01
1.128036581880537348e+01,5.772170740499134212e+01
1.130037153472420641e+01,5.285067507078260718e+01
1.132037725064304112e+01,4.856577828920895001e+01
1.134038296656187583e+01,4.540676102819399063e+01
1.136038868248070877e+01,4.052650900980736282e+01
1.138039439839954348e+01,3.517374013000434729e+01
1.140040011431837641e+01,3.150885706756228188e+01
1.142040583023721112e+01,2.698901149677789491e+01
1.144041154615604405e+01,2.422482501076189720e+01
1.146041726207487876e+01,2.101668059814580758e+01
1.148042297799371170e+01,1.780909038025268032e+01
1.150042869391254641e+01,1.560792508504930609e+01
1.152043440983138112e+01,1.320249946618667636e+01
1.154044012575021405e+01,1.220417472110473867e+01
1.156044584166904876e+01,1.026876932368255879e+01
1.158045155758788169e+01,8.856829537820708254e+00
1.160045727350671640e+01,8.111885733260272957e+00
1.162046298942555111e+01,7.246314994673788590e+00
1.164046870534438405e+01,7.265467765325972493e+00
1.166047442126321876e+01,6.258676478774329865e+00
1.168048013718205169e+01,5.959427562936694400e+00
1.170048585310088640e+01,5.858139018660075692e+00
1.172049156901971934e+01,5.154198215176447384e+00
1.174049728493855405e+01,5.296963411618660800e+00
1.176050300085738698e+01,4.955824378418180132e+00
1.178050871677622169e+01,4.234149888074615120e+00
1.180051443269505640e+01,5.109144861367033386e+00
1.182052014861388933e+01,4.315408391514131026e+00
1.184052586453272404e+01,4.489812719388790896e+00
1.186053158045155698e+01,4.415530490885206660e+00
1.188053729637039169e+01,4.620952588687190499e+00
1.190054301228922640e+01,3.465522872661892073e+00
1.192054872820805933e+01,4.292744923329587792e+00
1.194055444412689404e+01,4.002765642071392627e+00
1.196056016004572697e+01,3.425211422982489484e+00
1.198056587596456168e+01,3.843420851805284588e+00
1.200057159188339639e+01,4.119375279685575819e+00
1.202057730780222933e+01,4.313134154455763536e+00
1.204058302372106226e+01,4.515429047129234874e+00
1.206058873963989697e+01,3.934384539781095036e+00
1.208059445555873168e+01,4.326125038897621344e+00
1.210060017147756461e+01,3.522345194601642859e+00
1.212060588739639932e+01,4.172402175144064529e+00
1.214061160331523226e+01,3.632879902129892091e+00
1.216061731923406697e+01,3.517869072752954018e+00
1.218062303515290168e+01,4.120804113814402925e+00
1.220062875107173461e+01,3.145258775639179660e+00
1.222063446699056932e+01,4.031494486726609594e+00
1.224064018290940226e+01,3.954874219899298105e+00
1.226064589882823697e+01,4.126319804984900586e+00
1.228065161474707168e+01,3.817738823304373419e+00
1.230065733066590461e+01,3.193101613255713733e+00
1.232066304658473754e+01,3.596348370135545203e+00
1.234066876250357225e+01,3.564932783122635840e+00
1.236067447842240696e+01,3.571719470614604486e+00
1.238068019434123990e+01,4.314177892851868812e+00
1.240068591026007461e+01,4.234518288329951474e+00
1.242069162617890754e+01,3.210284386106960319e+00
1.244069734209774225e+01,3.205013077648959818e+00
1.246070305801657696e+01,3.758201683073316701e+00
1.248070877393540989e+01,3.777280509885245330e+00
1.250071448985424460e+01,3.787185500217706391e+00
1.252072020577307754e+01,3.158796678012436132e+00
1.254072592169191225e+01,2.670704442951870483e+00
1.256073163761074696e+01,3.714280841734804106e+00
1.258073735352957989e+01,2.806236974184249000e+00
1.260074306944841460e+01,2.721383230360552741e+00
1.262074878536724754e+01,3.178921632331646485e+00
1.264075450128608225e+01,2.229228416553604042e+00
1.266076021720491518e+01,3.410041058551003257e+00
1.268076593312374989e+01,3.269425328875190218e+00
1.270077164904258282e+01,3.450467405035520407e+00
1.272077736496141753e+01,2.188331170895594369e+00
1.274078308088025224e+01,3.595653978718476473e+00
1.276078879679908518e+01,2.787151498712979070e+00
1.278079451271791989e+01,1.825761186752259624e+00
1.280080022863675282e+01,2.175070095302501283e+00
1.282080594455558753e+01,2.506924937051250524e+00
1.284081166047442224e+01,2.771047653618907702e+00
1.286081737639325517e+01,2.315619596242704858e+00
1.288082309231208988e+01,2.576636729994868702e+00
1.290082880823092282e+01,2.333959464796870442e+00
1.292083452414975753e+01,2.607793910811334825e+00
1.294084024006859224e+01,2.533780386668939677e+00
1.296084595598742517e+01,2.057842457752649956e+00
1.298085167190625810e+01,2.356410695560447799e+00
1.300085738782509281e+01,2.866077631453822328e+00
1.302086310374392752e+01,2.116470116365314347e+00
1.304086881966276046e+01,2.756058120823841051e+00
1.306087453558159517e+01,3.158579744973805781e+00
1.308088025150042810e+01,2.998353382116751398e+00
1.310088596741926281e+01,2.036678353961469234e+00
1.312089168333809752e+01,2.449383965687680131e+00
1.314089739925693046e+01,2.763284880858682513e+00
1.316090311517576517e+01,2.790737801860108114e+00
1.318090883109459810e+01,2.612274309159603902e+00
1.320091454701343281e+01,3.285102221056717564e+00
1.322092026293226752e+01,2.920227792990440996e+00
1.324092597885110045e+01,2.556869914996375392e+00
1.326093169476993339e+01,3.160858799754078241e+00
1.328093741068876810e+01,2.623419508588465732e+00
1.330094312660760281e+01,2.150034863957141607e+00
1.332094884252643574e+01,2.289712873165851370e+00
1.334095455844527045e+01,2.676691124077737349e+00
1.336096027436410338e+01,2.298010615489642916e+00
1.338096599028293809e+01,2.504085795064145525e+00
1.340097170620177280e+01,2.617026358168526023e+00
1.342097742212060574e+01,2.707462835776804688e+00
1.344098313803944045e+01,3.238613646971502114e+00
1.346098885395827338e+01,3.176869754471341789e+00
1.348099456987710809e+01,3.222534160506315803e+00
1.350100028579594280e+01,2.669434351587345766e+00
1.352100600171477573e+01,2.834072201865245333e+00
1.354101171763361044e+01,2.338629781418224418e+00
1.356101743355244338e+01,2.519831615183000917e+00
1.358102314947127809e+01,2.575985383999693568e+00
1.360102886539011102e+01,3.074565760565455275e+00
1.362103458130894573e+01,1.937266000732928095e+00
1.364104029722777867e+01,2.377208164922226530e+00
1.366104601314661338e+01,2.220286880561232579e+00
1.368105172906544809e+01,2.358438764289767509e+00
1.370105744498428102e+01,2.836691198525540081e+00
1.372106316090311573e+01,2.482452947300579194e+00
1.374106887682194866e+01,3.347026531282688566e+00
1.376107459274078337e+01,2.457313992048378637e+00
1.378108030865961808e+01,3.111877538529550513e+00
1.380108602457845102e+01,3.364176396644088740e+00
1.382109174049728573e+01,2.764704156147979930e+00
1.384109745641611866e+01,2.265316013068263690e+00
1.386110317233495337e+01,2.654453288051475290e+00
1.388110888825378808e+01,3.441149183639823583e+00
1.390111460417262101e+01,3.040789801355739286e+00
1.392112032009145395e+01,2.760561400134300847e+00
1.394112603601028866e+01,3.885233676542211523e+00
1.396113175192912337e+01,3.140077497685136443e+00
1.398113746784795630e+01,3.371964813307073427e+00
1.400114318376679101e+01,3.030742669159289804e+00
1.402114889968562395e+01,3.474133001275285793e+00
1.404115461560445866e+01,2.902831323070660829e+00
1.406116033152329337e+01,4.093756698345030642e+00
1.408116604744212630e+01,3.410235276349300904e+00
1.410117176336095923e+01,3.929390753139546888e+00
1.412117747927979394e+01,4.132752155735752275e+00
1.414118319519862865e+01,4.300450812190574901e+00
1.416118891111746336e+01,4.463143654301822139e+00
1.418119462703629630e+01,4.029038525525305836e+00
1.420120034295512923e+01,4.573931661854748754e+00
1.422120605887396394e+01,4.891328184179945637e+00
1.424121177479279865e+01,4.340441989468683204e+00
1.426121749071163336e+01,4.948030523384828072e+00
1.428122320663046629e+01,5.182573265179987843e+00
1.430122892254929923e+01,4.935423121520612355e+00
1.432123463846813394e+01,5.400891448462978417e+00
1.434124035438696865e+01,5.525802989453134195e+00
1.436124607030580158e+01,6.213067974756858014e+00
1.438125178622463629e+01,6.520092483673613160e+00
1.440125750214346922e+01,6.596090132861666788e+00
1.442126321806230393e+01,6.327005379659035533e+00
1.444126893398113864e+01,7.284229774725069717e+00
1.446127464989997158e+01,7.391369587757196769e+00
1.448128036581880451e+01,7.174587304973124802e+00
1.450128608173763922e+01,7.365861942588526112e+00
1.452129179765647393e+01,7.714492335885431373e+00
1.454129751357530864e+01,8.465902655380345365e+00
1.456130322949414158e+01,8.308840839180184901e+00
1.458130894541297451e+01,8.845905349433859755e+00
1.460131466133180922e+01,9.197349776208152861e+00
1.462132037725064393e+01,9.194126681393969491e+00
1.464132609316947686e+01,9.812862597124956565e+00
1.466133180908831157e+01,9.632587784814134579e+00
1.468133752500714451e+01,1.029072464110915597e+01
1.470134324092597922e+01,1.133844204814564094e+01
1.472134895684481393e+01,1.078163623116718384e+01
1.474135467276364686e+01,1.101395667135254186e+01
1.476136038868247979e+01,1.190139787658955228e+01
1.478136610460131450e+01,1.172224493285436964e+01
1.480137182052014921e+01,1.282084914476090454e+01
1.482137753643898392e+01,1.321197770810347905e+01
1.484138325235781686e+01,1.292402880684831779e+01
1.486138896827664979e+01,1.402251742948328328e+01
1.488139468419548450e+01,1.387831346546634315e+01
1.490140040011431921e+01,1.448521258161114744e+01
1.492140611603315392e+01,1.474630707323744971e+01
1.494141183195198685e+01,1.524315209083439626e+01
1.496141754787081979e+01,1.637717498947319683e+01
1.498142326378965450e+01,1.651546063470885173e+01
1.500142897970848921e+01,1.672129117020518763e+01
1.502143469562732214e+01,1.757917283302642986e+01
1.504144041154615508e+01,1.835240157183199017e+01
1.506144612746498979e+01,1.935390092685670638e+01
1.508145184338382450e+01,1.938016999735275903e+01
1.510145755930265921e+01,1.912734184135685211e+01
1.512146327522149214e+01,2.027357907769587797e+01
1.514146899114032507e+01,2.103497501021027105e+01
1.516147470705915978e+01,2.072414194018674749e+01
1.518148042297799449e+01,2.201100383153411144e+01
1.520148613889682920e+01,2.313505055935742050e+01
1.522149185481566214e+01,2.366986088553593603e+01
1.524149757073449507e+01,2.457780653577439978e+01
1.526150328665332978e+01,2.485070454923579319e+01
1.528150900257216449e+01,2.538201015526242799e+01
1.530151471849099742e+01,2.616021690553326806e+01
1.532152043440983036e+01,2.712910738866800742e+01
1.534152615032866507e+01,2.807556826953478435e+01
1.536153186624749978e+01,2.866961458579737609e+01
1.538153758216633449e+01,3.014727515605106234e+01
1.540154329808516742e+01,2.981339870140167392e+01
1.542154901400400036e+01,3.095289519270985323e+01
1.544155472992283507e+01,3.232837025285373045e+01
1.546156044584166978e+01,3.328583035022823822e+01
1.548156616176050449e+01,3.402187433339506129e+01
1.550157187767933742e+01,3.591885633955662627e+01
1.552157759359817035e+01,3.682461275117958621e+01
1.554158330951700506e+01,3.755312962388106257e+01
1.556158902543583977e+01,3.863643482051037381e+01
1.558159474135467271e+01,3.945376748985479054e+01
1.560160045727350742e+01,4.062508252906779660e+01
1.562160617319234035e+01,4.143003825608117552e+01
1.564161188911117506e+01,4.284816710986959265e+01
1.566161760503000977e+01,4.449805591255744730e+01
1.568162332094884270e+01,4.541562579650823750e+01
1.570162903686767564e+01,4.604981097182813699e+01
1.572163475278651035e+01,4.715921825155554359e+01
1.574164046870534506e+01,4.879664735854098012e+01
1.576164618462417977e+01,4.900301623628558900e+01
1.578165190054301270e+01,5.040847900816498139e+01
1.580165761646184563e+01,5.119863942762799525e+01
1.582166333238068034e+01,5.160256309586559098e+01
1.584166904829951505e+01,5.216178866102535494e+01
1.586167476421834799e+01,5.304987669869898070e+01
1.588168048013718270e+01,5.213093977306407112e+01
1.590168619605601563e+01,5.239321796869815273e+01
1.592169191197485034e+01,5.107154937745391976e+01
1.594169762789368505e+01,5.098845125499842368e+01
1.596170334381251799e+01,4.997089730488753645e+01
1.598170905973135092e+01,4.861405307461042469e+01
1.600171477565018563e+01,4.648660997893006197e+01
1.602172049156902034e+01,4.448837208527038456e+01
1.604172620748785505e+01,4.226059135292923941e+01
1.606173192340668976e+01,3.946791704662227573e+01
1.608173763932552092e+01,3.718086977873038990e+01
1.610174335524435563e+01,3.383907020649605357e+01
1.612174907116319034e+01,3.086080777108275086e+01
1.614175478708202505e+01,2.821062982463284996e+01
1.616176050300085620e+01,2.527627969986676959e+01
1.618176621891969091e+01,2.227149293451633127e+01
1.620177193483852562e+01,2.010437503833054507e+01
1.622177765075736033e+01,1.808142913523187190e+01
1.624178336667619504e+01,1.479259396813927907e+01
1.626178908259502620e+01,1.404293012738070701e+01
1.628179479851386091e+01,1.208262651514129615e+01
1.630180051443269562e+01,1.095249225417739680e+01
1.632180623035153033e+01,1.047844362023423592e+01
1.634181194627036149e+01,9.653034263345823263e+00
1.636181766218919620e+01,8.666931858424080204e+00
1.638182337810803091e+01,7.435669520909163666e+00
1.640182909402686562e+01,7.974397950200705409e+00
1.642183480994570033e+01,6.730977429522263300e+00
1.644184052586453504e+01,7.416816687348913639e+00
1.646184624178336620e+01,7.509603016752931737e+00
1.648185195770220091e+01,6.908958084393945320e+00
1.650185767362103562e+01,6.794511390067178525e+00
1.652186338953986677e+01,6.386001417316047757e+00
1.654186910545870148e+01,7.080517391885748246e+00
1.656187482137753619e+01,7.106382689435960742e+00
1.658188053729637090e+01,5.588178338760155128e+00
1.660188625321520561e+01,5.985023151527775198e+00
1.662189196913404032e+01,5.543925839815417866e+00
1.664189768505287148e+01,6.318641129562541536e+00
1.666190340097170619e+01,6.255187078880480200e+00
1.668190911689054090e+01,5.999108428669401860e+00
1.670191483280937561e+01,6.236874344093108036e+00
1.672192054872820677e+01,6.742388323303151410e+00
1.674192626464704148e+01,6.353814242361339737e+00
1.676193198056587619e+01,6.074076306267339298e+00
1.678193769648471090e+01,6.207898747013791407e+00
1.680194341240354561e+01,6.983154326941428458e+00
1.682194912832238032e+01,6.177919656257424563e+00
1.684195484424121148e+01,6.294400913183293866e+00
1.686196056016004619e+01,6.213082858996901159e+00
1.688196627607888090e+01,5.522582167888069549e+00
1.690197199199771205e+01,6.074432996306637023e+00
1.692197770791654676e+01,6.101849023076402645e+00
1.694198342383538147e+01,5.352148760070326361e+00
1.696198913975421618e+01,6.421921472849411394e+00
1.698199485567305089e+01,5.637817155920396672e+00
1.700200057159188560e+01,5.809983836009930513e+00
1.702200628751071676e+01,5.972614861961679011e+00
1.704201200342955147e+01,6.421864502533880525e+00
1.706201771934838618e+01,6.663355443514369369e+00
1.708202343526722089e+01,5.187832156335520750e+00
1.710202915118605205e+01,6.619771908985453202e+00
1.712203486710488676e+01,6.187419016812006234e+00
1.714204058302372147e+01,5.764326031405936135e+00
1.716204629894255618e+01,5.735655586061210620e+00
1.718205201486139089e+01,6.556839266661420140e+00
1.720205773078022204e+01,6.989595395534649924e+00
1.722206344669905675e+01,7.038130994101647886e+00
1.724206916261789146e+01,8.020347335967825231e+00
1.726207487853672617e+01,7.974172931263855624e+00
1.728208059445555733e+01,7.594686484206333077e+00
1.730208631037439204e+01,8.009538391214778841e+00
1.732209202629322675e+01,8.323509875366671196e+00
1.734209774221206146e+01,8.820853407951904757e+00
1.736210345813089617e+01,8.736816188196213417e+00
1.738210917404973088e+01,9.668961840432793053e+00
1.740211488996856204e+01,1.031760410564973185e+01
1.742212060588739675e+01,9.517141530139550554e+00
1.744212632180623146e+01,1.086096620525952972e+01
1.746213203772506262e+01,1.081596372940859752e+01
1.748213775364389733e+01,1.152000143889254957e+01
1.750214346956273204e+01,1.159793201883843139e+01
1.752214918548156675e+01,1.311180014289660889e+01
1.754215490140040146e+01,1.335003183504977642e+01
1.756216061731923617e+01,1.288052661180427982e+01
1.758216633323806732e+01,1.351302547469198601e+01
1.760217204915690203e+01,1.455298695663190855e+01
1.762217776507573674e+01,1.530879831072558162e+01
1.764218348099457145e+01,1.628331273855043193e+01
1.766218919691340261e+01,1.689868865058737768e+01
1.768219491283223732e+01,1.654169542136093440e+01
1.770220062875107203e+01,1.818937475388914038e+01
1.772220634466990674e+01,1.804718074016015805e+01
1.774221206058874145e+01,2.005199369421910660e+01
1.776221777650757616e+01,2.009890998254387995e+01
1.778222349242640732e+01,2.116901296820860878e+01
1.780222920834524203e+01,2.196865385444080943e+01
1.782223492426407674e+01,2.337669617037213499e+01
1.784224064018290790e+01,2.348926695407775966e+01
1.786224635610174261e+01,2.483661355477905630e+01
1.788225207202057732e+01,2.567518222138602724e+01
1.790225778793941203e+01,2.665249326095985793e+01
1.792226350385824674e+01,2.847536614998302795e+01
1.794226921977708145e+01,2.842129414560214684e+01
1.796227493569591260e+01,3.055952022912936172e+01
1.798228065161474731e+01,3.198398946257439945e+01
1.800228636753358202e+01,3.265853360853250820e+01
1.802229208345241318e+01,3.408303977642587057e+01
1.804229779937124789e+01,3.585268853192675209e+01
1.806230351529008260e+01,3.710633492313021975e+01
1.808230923120891731e+01,3.805696611617300817e+01
1.810231494712775202e+01,4.068924875253002682e+01
1.812232066304658673e+01,4.231352139507886534e+01
1.814232637896542144e+01,4.368922226209775062e+01
1.816233209488425260e+01,4.588221378516573878e+01
1.818233781080308731e+01,4.784451743333281115e+01
1.820234352672191847e+01,4.918976326367682361e+01
1.822234924264075318e+01,5.082906399109239004e+01
1.824235495855958789e+01,5.260337874783658663e+01
1.826236067447842260e+01,5.504631564078765393e+01
1.828236639039725731e+01,5.769972592701270742e+01
1.830237210631609202e+01,5.996115463677219282e+01
1.832237782223492673e+01,6.177427450773820539e+01
1.834238353815375788e+01,6.463118739448547956e+01
1.836238925407259259e+01,6.645092226829733306e+01
1.838239496999142730e+01,6.945261764661506731e+01
1.840240068591025846e+01,7.143457532994176518e+01
1.842240640182909317e+01,7.414506642363446076e+01
1.844241211774792788e+01,7.669092634238900530e+01
1.846241783366676259e+01,7.864161959885979059e+01
1.848242354958559730e+01,8.196913817740588115e+01
1.850242926550443201e+01,8.467578945516851263e+01
1.852243498142326672e+01,8.663784539818735198e+01
1.854244069734209788e+01,8.974431655853814505e+01
1.856244641326093259e+01,9.152140075832244293e+01
1.858245212917976374e+01,9.429046566943806340e+01
1.860245784509859845e+01,9.536275846264754819e+01
1.862246356101743316e+01,9.718009957930431142e+01
1.864246927693626787e+01,9.831905692422188281e+01
1.866247499285510258e+01,9.923534599606701079e+01
1.868248070877393729e+01,9.885649796020597080e+01
1.870248642469277200e+01,9.943964741966757970e+01
1.872249214061160316e+01,9.840684029950668332e+01
1.874249785653043787e+01,9.773007492145362107e+01
1.876250357244927258e+01,9.646847576902749211e+01
1.878250928836810374e+01,9.490932247188517579e+01
1.880251500428693845e+01,9.216037845437028864e+01
1.882252072020577316e+01,8.970904200443152376e+01
1.884252643612460787e+01,8.647038080343878619e+01
1.886253215204344258e+01,8.365876621635281651e+01
1.888253786796227729e+01,8.040380993491064032e+01
1.890254358388111200e+01,7.807079035915818110e+01
1.892254929979994316e+01,7.536421201980432727e+01
1.894255501571877787e+01,7.354671069010836959e+01
1.896256073163760902e+01,7.125198204504241062e+01
1.898256644755644373e+01,7.001221173726437996e+01
1.900257216347527844e+01,6.818243199306027691e+01
1.902257787939411315e+01,6.757536720037697364e+01
1.904258359531294786e+01,6.659959477952105544e+01
1.906258931123178257e+01,6.701729189637450190e+01
1.908259502715061728e+01,6.737838967777497601e+01
1.910260074306944844e+01,6.768984749607221829e+01
1.912260645898828315e+01,6.963228264737635698e+01
1.914261217490711431e+01,6.945743271022618615e+01
1.916261789082594902e+01,7.034138564721959597e+01
1.918262360674478373e+01,7.139772471020245348e+01
1.920262932266361844e+01,7.152395873620746158e+01
1.922263503858245315e+01,7.191845962310830487e+01
1.924264075450128786e+01,7.338232972541749177e+01
1.926264647042012257e+01,7.303462129038572925e+01
1.928265218633895373e+01,7.313667213373587117e+01
1.930265790225778844e+01,7.401413463687075023e+01
1.932266361817662315e+01,7.419924375802835925e+01
1.934266933409545430e+01,7.446234070013321116e+01
1.936267505001428901e+01,7.446690792205004072e+01
1.938268076593312372e+01,7.586583924084808928e+01
1.940268648185195843e+01,7.505897158485905152e+01
1.942269219777079314e+01,7.544160417201742064e+01
1.944269791368962785e+01,7.521511569684622600e+01
1.946270362960846256e+01,7.512807825596726730e+01
1.948270934552729372e+01,7.438193374353846821e+01
1.950271506144612843e+01,7.443880157035940215e+01
1.952272077736495959e+01,7.371106003164875631e+01
1.954272649328379430e+01,7.281937707191552533e+01
1.956273220920262901e+01,7.116187896239624422e+01
1.958273792512146372e+01,6.929162690973160466e+01
1.960274364104029843e+01,6.756267326740663748e+01
1.962274935695913314e+01,6.441157396594724105e+01
1.964275507287796785e+01,6.200094660174967487e+01
1.966276078879679901e+01,5.813910671080621029e+01
1.968276650471563372e+01,5.435592571415179464e+01
1.970277222063446487e+01,4.949301329019889550e+01
1.972277793655329958e+01,4.528459518121964322e+01
1.974278365247213429e+01,4.167879391242945530e+01
1.976278936839096900e+01,3.788912895633946221e+01
1.978279508430980371e+01,3.388576160755300748e+01
1.980280080022863842e+01,2.991845432139740524e+01
1.982280651614747313e+01,2.559301289452409378e+01
1.984281223206630784e+01,2.319724844647620188e+01
1.986281794798513900e+01,2.072206934561209835e+01
1.988282366390397371e+01,1.791675094636519816e+01
1.990282937982280487e+01,1.522590978857130750e+01
1.992283509574163958e+01,1.473968262622128478e+01
1.994284081166047429e+01,1.211227971329357445e+01
1.996284652757930900e+01,1.132847507754710747e+01
1.998285224349814371e+01,1.083579416877789114e+01
2.000285795941697842e+01,9.800341437207675810e+00
2.002286367533581313e+01,9.670532349407011452e+00
2.004286939125464428e+01,8.466216386106205860e+00
2.006287510717347899e+01,8.831419494770180734e+00
2.008288082309231015e+01,8.347255771245929878e+00
2.010288653901114486e+01,7.404895734159688381e+00
2.012289225492997957e+01,7.995545549761084558e+00
2.014289797084881428e+01,8.255530997407484861e+00
2.016290368676764899e+01,7.437896580097896226e+00
2.018290940268648370e+01,7.662402425679289308e+00
2.020291511860531841e+01,8.401156600029333177e+00
2.022292083452414957e+01,7.948147522788090669e+00
2.024292655044298428e+01,7.948065203050419747e+00
2.026293226636181899e+01,8.290738469669403088e+00
2.028293798228065015e+01,8.885638370682009679e+00
2.030294369819948486e+01,8.138941640735248839e+00
2.032294941411831957e+01,8.610658130362622842e+00
2.034295513003715428e+01,8.136477025231748428e+00
2.036296084595598899e+01,8.826006205184878439e+00
2.038296656187482370e+01,9.998854359174089268e+00
2.040297227779365841e+01,9.613145440086871218e+00
2.042297799371248956e+01,1.013989600585052209e+01
2.044298370963132427e+01,1.047921361168924648e+01
2.046298942555015543e+01,1.025894256386414227e+01
2.048299514146899014e+01,1.080533019829911012e+01
2.050300085738782485e+01,1.157458541304146848e+01
2.052300657330665956e+01,1.200821215825130039e+01
2.054301228922549427e+01,1.201279557085412186e+01
2.056301800514432898e+01,1.251890549609062830e+01
2.058302372106316369e+01,1.414787139833450880e+01
2.060302943698199485e+01,1.398410346132151183e+01
2.062303515290082956e+01,1.345794268456006648e+01
2.064304086881966072e+01,1.506734883810395864e+01
2.066304658473849543e+01,1.525520016551684499e+01
2.068305230065733014e+01,1.614478033027416970e+01
2.070305801657616485e+01,1.723967585385518930e+01
2.072306373249499956e+01,1.723060574330644812e+01
2.074306944841383427e+01,1.890679186040891580e+01
2.076307516433266898e+01,1.994829192912381188e+01
2.078308088025150369e+01,1.988664024975694034e+01
2.080308659617033484e+01,2.082049296647873149e+01
2.082309231208916955e+01,2.170059359836482926e+01
2.084309802800800071e+01,2.248903632474721803e+01
2.086310374392683542e+01,2.449336849528722837e+01
2.088310945984567013e+01,2.530186382048302818e+01
2.090311517576450484e+01,2.559452919139215155e+01
2.092312089168333955e+01,2.746214867109409141e+01
2.094312660760217426e+01,2.786660190035823348e+01
2.096313232352100897e+01,2.987671667560945821e+01
2.098313803943984013e+01,3.027591759816843364e+01
2.100314375535867484e+01,3.158101269076472306e+01
2.102314947127750600e+01,3.311739494501772185e+01
2.104315518719634071e+01,3.437713692270705224e+01
2.106316090311517542e+01,3.718797321810162515e+01
2.108316661903401013e+01,3.885389535283349005e+01
2.110317233495284484e+01,3.950790383421427521e+01
2.112317805087167955e+01,4.089993258575026402e+01
2.114318376679051426e+01,4.380391982370755954e+01
2.116318948270934541e+01,4.498313489489714101e+01
2.118319519862818012e+01,4.676059927826932494e+01
2.120320091454701483e+01,4.845197582812015469e+01
2.122320663046584599e+01,5.107536462866598725e+01
2.124321234638468070e+01,5.358291947929539845e+01
2.126321806230351541e+01,5.524767931160759815e+01
2.128322377822235012e+01,5.748158893367047995e+01
2.130322949414118483e+01,6.030734925483863407e+01
2.132323521006001954e+01,6.272129958937460259e+01
2.134324092597885425e+01,6.578207807522146311e+01
2.136324664189768541e+01,6.794615726830500080e+01
2.138325235781652012e+01,7.115646062960567519e+01
2.140325807373535127e+01,7.339078578416612686e+01
2.142326378965418598e+01,7.440596794547587933e+01
2.144326950557302069e+01,7.674559541490262404e+01
2.146327522149185540e+01,7.904638152193953715e+01
2.148328093741069011e+01,8.039378016612474198e+01
2.150328665332952482e+01,8.228727161276944457e+01
2.152329236924835953e+01,8.346070795467062453e+01
2.154329808516719069e+01,8.376695787301596852e+01
2.156330380108602540e+01,8.341240081925114680e+01
2.158330951700485656e+01,8.278598070576910573e+01
2.160331523292369127e+01,8.238323789449921719e+01
2.162332094884252598e+01,8.052143384042713592e+01
2.164332666476136069e+01,7.833455700457038517e+01
2.166333238068019540e+01,7.518908758633335765e+01
2.168333809659903011e+01,7.302876715969001964e+01
2.170334381251786482e+01,6.889972308130617762e+01
2.172334952843669598e+01,6.645849726506079946e+01
2.174335524435553069e+01,6.208332277050894277e+01
2.176336096027436540e+01,5.837293994365422378e+01
2.178336667619319655e+01,5.563904511925672125e+01
2.180337239211203126e+01,5.232308583561507476e+01
2.182337810803086597e+01,4.993615719638358996e+01
2.184338382394970068e+01,4.719803566310771714e+01
2.186338953986853539e+01,4.533250843872038871e+01
2.188339525578737010e+01,4.343159346279350075e+01
2.190340097170620481e+01,4.299931209772783802e+01
2.192340668762503597e+01,4.255900433901181401e+01
2.194341240354387068e+01,4.291479862369034493e+01
2.196341811946270184e+01,4.192959124276709559e+01
2.198342383538153655e+01,4.294940202094281290e+01
2.200342955130037126e+01,4.383682664950282515e+01
2.202343526721920597e+01,4.508966327600341373e+01
2.204344098313804068e+01,4.525589265977410491e+01
2.206344669905687539e+01,4.714635026702416098e+01
2.208345241497571010e+01,4.804263325274655472e+01
2.210345813089454126e+01,4.956004954728510370e+01
2.212346384681337597e+01,5.125722022816195533e+01
2.214346956273221068e+01,5.268620780474360998e+01
2.216347527865104183e+01,5.398524535892703113e+01
2.218348099456987654e+01,5.515803188757749353e+01
2.220348671048871125e+01,5.563011909923869780e+01
2.222349242640754596e+01,5.670818045520067585e+01
2.224349814232638067e+01,5.759947760343418111e+01
2.226350385824521538e+01,5.816128126213718019e+01
2.228350957416405009e+01,5.996391720372241707e+01
2.230351529008288125e+01,5.923837690312124948e+01
2.232352100600171596e+01,5.951831139504244561e+01
2.234352672192054712e+01,5.861160094888710148e+01
2.236353243783938183e+01,5.852028180318576744e+01
2.238353815375821654e+01,5.775178371741901628e+01
2.240354386967705125e+01,5.639072342311371955e+01
2.242354958559588596e+01,5.531803101584219462e+01
2.244355530151472067e+01,5.306500834251461640e+01
2.246356101743355538e+01,5.229499228349929751e+01
2.248356673335238654e+01,5.026585751220898146e+01
2.250357244927122125e+01,4.865752012427705608e+01
2.252357816519005240e+01,4.715767852242832703e+01
2.254358388110888711e+01,4.499214184903960501e+01
2.256358959702772182e+01,4.290915639693023564e+01
2.258359531294655653e+01,4.187612868759567419e+01
2.260360102886539124e+01,4.016215309462111804e+01
2.262360674478422595e+01,3.733283418751577187e+01
2.264361246070306066e+01,3.571207016015603841e+01
2.266361817662189182e+01,3.359905965849209508e+01
2.268362389254072653e+01,3.117897841842733442e+01
2.270362960845956124e+01,2.865767637661933520e+01
2.272363532437839240e+01,2.647558747346930375e+01
2.274364104029722711e+01,2.492918392503077740e+01
2.276364675621606182e+01,2.225664219584037795e+01
2.278365247213489653e+01,2.060091097809428362e+01
2.280365818805373124e+01,1.875387369548650440e+01
2.282366390397256595e+01,1.739987315388570011e+01
2.284366961989140066e+01,1.519566637996535974e+01
2.286367533581023181e+01,1.391153413755460910e+01
2.288368105172906652e+01,1.259756067839817106e+01
2.290368676764789768e+01,1.060083753408882323e+01
2.292369248356673239e+01,1.072441442742459117e+01
2.294369819948556710e+01,9.575096995761159135e+00
2.296370391540440181e+01,8.886990045124264270e+00
2.298370963132323652e+01,8.792782209821215389e+00
2.300371534724207123e+01,7.991338822981499668e+00
2.302372106316090594e+01,8.078429508989437124e+00
2.304372677907973710e+01,7.572956715621788959e+00
2.306373249499857181e+01,7.054619975412743216e+00
2.308373821091740652e+01,6.974319163080281214e+00
2.310374392683623768e+01,6.820712700395301198e+00
2.312374964275507239e+01,6.200624622317113754e+00
2.314375535867390710e+01,6.587293012622213340e+00
2.316376107459274181e+01,6.950406166556739151e+00
2.318376679051157652e+01,6.660447541425392082e+00
2.320377250643041123e+01,6.370648740368731744e+00
2.322377822234924594e+01,6.506805310821059507e+00
2.324378393826807709e+01,5.868301296691290858e+00
2.326378965418691180e+01,6.502301474832960615e+00
2.328379537010574296e+01,6.138194739877704365e+00
2.330380108602457767e+01,6.801518418671861355e+00
2.332380680194341238e+01,6.406313124470779385e+00
2.334381251786224709e+01,6.241925130327761195e+00
2.336381823378108180e+01,5.826310136602332435e+00
2.338382394969991651e+01,6.301032853290223557e+00
2.340382966561875122e+01,6.506915183108187506e+00
2.342383538153758238e+01,5.704253945447224083e+00
2.344384109745641709e+01,5.337383999672542956e+00
2.346384681337524825e+01,5.519333260797239404e+00
2.348385252929408296e+01,6.206681040482052936e+00
2.350385824521291767e+01,5.861652814377428022e+00
2.352386396113175238e+01,6.582872115919510492e+00
2.354386967705058709e+01,6.879172231878753152e+00
2.356387539296942180e+01,6.359870891924298775e+00
2.358388110888825651e+01,6.712555663327341549e+00
2.360388682480708766e+01,5.920165534387813011e+00
2.362389254072592237e+01,7.007085457074808232e+00
2.364389825664475708e+01,7.105500062610920153e+00
2.366390397256358824e+01,6.848619938238859284e+00
2.368390968848242295e+01,7.110133404282618308e+00
2.370391540440125766e+01,7.801633735838013450e+00
2.372392112032009237e+01,8.438679561402986806e+00
2.374392683623892708e+01,7.651561425195026800e+00
2.376393255215776179e+01,8.016880366180117790e+00
2.378393826807659650e+01,8.808451732380838450e+00
2.380394398399542766e+01,8.719626566651040633e+00
2.382394969991426237e+01,9.549507137515202970e+00
2.384395541583309353e+01,8.772645380143890392e+00
2.386396113175192824e+01,9.550697339490733739e+00
2.388396684767076295e+01,9.684437321120903164e+00
2.390397256358959766e+01,1.085673810529453753e+01
2.392397827950843237e+01,1.143802819556865025e+01
2.394398399542726708e+01,1.183818451877391098e+01
2.396398971134610179e+01,1.230799630292034408e+01
2.398399542726493294e+01,1.310862132938082425e+01
2.400400114318376765e+01,1.365538924441181834e+01
2.402400685910260236e+01,1.420225813092254796e+01
2.404401257502143352e+01,1.459308575411457731e+01
2.406401829094026823e+01,1.660515898198484663e+01
2.408402400685910294e+01,1.636612023192295595e+01
2.410402972277793765e+01,1.701989140864194994e+01
2.412403543869677236e+01,1.860034219844123982e+01
2.414404115461560707e+01,1.915622455159510906e+01
2.416404687053444178e+01,1.971176674932408801e+01
2.418405258645327294e+01,2.098324486856310855e+01
2.420405830237210765e+01,2.232937840740476076e+01
2.422406401829093880e+01,2.350834064694534931e+01
2.424406973420977351e+01,2.450104549454049518e+01
2.426407545012860822e+01,2.624840796400422960e+01
2.428408116604744293e+01,2.708258690360677434e+01
2.430408688196627764e+01,2.834762134379771936e+01
2.432409259788511235e+01,2.906578765430165845e+01
2.434409831380394706e+01,3.127182523026741023e+01
2.436410402972277822e+01,3.258571178331769858e+01
2.438410974564161293e+01,3.355336377164999817e+01
2.440411546156044409e+01,3.551914289665526070e+01
2.442412117747927880e+01,3.786661036889363174e+01
2.444412689339811351e+01,3.926294083537652568e+01
2.446413260931694822e+01,4.064665941531900728e+01
2.448413832523578293e+01,4.282664798597838995e+01
2.450414404115461764e+01,4.424163359661690009e+01
2.452414975707345235e+01,4.741839432514120745e+01
2.454415547299228351e+01,4.852060497915420001e+01
2.456416118891111822e+01,5.111380539691964486e+01
2.458416690482995293e+01,5.259397617789980472e+01
2.460417262074878408e+01,5.479516007489250740e+01
2.462417833666761879e+01,5.669899032890402424e+01
2.464418405258645350e+01,5.811561238767869497e+01
2.466418976850528821e+01,5.883637070695365878e+01
2.468419548442412292e+01,6.026764872653208727e+01
2.470420120034295763e+01,6.191098705403531710e+01
2.472420691626179234e+01,6.233216985440313351e+01
2.474421263218062350e+01,6.239837358848620141e+01
2.476421834809945821e+01,6.308131331555985355e+01
2.478422406401828937e+01,6.305128398484426100e+01
2.480422977993712408e+01,6.144437557037320374e+01
2.482423549585595879e+01,6.053849969075032789e+01
2.484424121177479350e+01,5.997603381022076974e+01
2.486424692769362821e+01,5.850874861366260404e+01
2.488425264361246292e+01,5.738553057506343436e+01
2.490425835953129763e+01,5.440854754841169694e+01
2.492426407545012879e+01,5.311710055578534195e+01
2.494426979136896350e+01,5.193622451319998845e+01
2.496427550728779821e+01,4.909993412107873212e+01
2.498428122320662936e+01,4.780946932666883242e+01
2.500428693912546407e+01,4.653690337892209072e+01
2.502429265504429878e+01,4.436822546684415158e+01
2.504429837096313349e+01,4.290146452345837247e+01
2.506430408688196820e+01,4.109035726314380099e+01
2.508430980280080291e+01,3.976840117992871626e+01
2.510431551871963762e+01,3.895588033048292687e+01
2.512432123463846878e+01,3.720923694937059167e+01
2.514432695055730349e+01,3.478999116251132051e+01
2.516433266647613465e+01,3.379248100796131382e+01
2.518433838239496936e+01,3.179575519032263387e+01
2.520434409831380407e+01,3.004501775635090155e+01
2.522434981423263878e+01,2.755851155737807190e+01
2.524435553015147349e+01,2.545975533157390913e+01
2.526436124607030820e+01,2.359456245056065171e+01
2.528436696198914291e+01,2.104537094508368611e+01
2.530437267790797407e+01,1.986243082646205238e+01
2.532437839382680878e+01,1.827976718581686200e+01
2.534438410974563993e+01,1.638892336812852335e+01
2.536438982566447464e+01,1.516759319478073564e+01
2.538439554158330935e+01,1.416981831206669362e+01
2.540440125750214406e+01,1.305466255098166428e+01
2.542440697342097877e+01,1.199934715332572566e+01
2.544441268933981348e+01,1.102225572795855868e+01
2.546441840525864819e+01,1.097501190063206522e+01
2.548442412117747935e+01,9.835676674332761493e+00
2.550442983709631406e+01,9.850391351524333317e+00
2.552443555301514877e+01,9.241636237605042936e+00
2.554444126893397993e+01,9.472611272934448934e+00
2.556444698485281464e+01,8.513725199945486821e+00
2.558445270077164935e+01,8.382996531328311463e+00
2.560445841669048406e+01,8.746579795489896725e+00
2.562446413260931877e+01,7.434554312693476774e+00
2.564446984852815348e+01,7.765487345693976806e+00
2.566447556444698819e+01,7.459324896000310900e+00
2.568448128036581934e+01,7.929386521302038915e+00
2.570448699628465405e+01,7.156694431947831170e+00
2.572449271220348521e+01,8.654221457993610755e+00
2.574449842812231992e+01,7.681078111034464584e+00
2.576450414404115463e+01,7.695939399765445721e+00
2.578450985995998934e+01,7.372303338093643355e+00
2.580451557587882405e+01,7.403340844360464246e+00
2.582452129179765876e+01,7.934100875017359833e+00
2.584452700771649347e+01,9.115562165593882327e+00
2.586453272363532463e+01,7.964895406909349163e+00
2.588453843955415934e+01,8.563207847442415144e+00
2.590454415547299405e+01,8.935939027394841361e+00
2.592454987139182521e+01,8.721763832481276069e+00
2.594455558731065992e+01,9.391019162434295353e+00
2.596456130322949463e+01,8.894294676332044958e+00
2.598456701914832934e+01,9.180490206891557037e+00
2.600457273506716405e+01,9.671507544008230539e+00
2.602457845098599520e+01,9.203913144559997761e+00
2.604458416690482991e+01,9.464793519578957870e+00
2.606458988282366462e+01,9.520050164001609971e+00
2.608459559874249933e+01,1.033243498711294173e+01
2.610460131466133404e+01,1.088934537862455443e+01
2.612460703058016520e+01,1.045925983462746700e+01
2.614461274649899991e+01,1.065151809666076588e+01
2.616461846241783462e+01,1.131713703036453644e+01
2.618462417833666933e+01,1.215467945570272867e+01
2.620462989425550404e+01,1.219332844003281302e+01
2.622463561017433520e+01,1.374659674949575461e+01
2.624464132609316991e+01,1.353452443532964367e+01
2.626464704201200462e+01,1.424927132654250705e+01
2.628465275793083933e+01,1.511831194916052468e+01
2.630465847384967049e+01,1.537906286379341836e+01
2.632466418976850520e+01,1.693634261517900441e+01
2.634466990568733991e+01,1.688210737260484962e+01
2.636467562160617462e+01,1.795831878759279832e+01
2.638468133752500933e+01,1.945916388232188154e+01
2.640468705344384048e+01,2.078273721086826953e+01
2.642469276936267519e+01,2.070041469692745295e+01
2.644469848528150990e+01,2.154115885551168219e+01
2.646470420120034461e+01,2.343567566193151563e+01
2.648470991711917932e+01,2.376381069974372906e+01
2.650471563303801048e+01,2.554814887767286535e+01
2.652472134895684519e+01,2.703822344469178063e+01
2.654472706487567990e+01,2.826348510409240333e+01
2.656473278079451461e+01,3.079545279823872761e+01
2.658473849671334932e+01,3.172311298156247616e+01
2.660474421263218048e+01,3.413856649866488624e+01
2.662474992855101519e+01,3.506817463299417170e+01
2.664475564446984990e+01,3.684263022678587163e+01
2.666476136038868461e+01,3.989406502084364803e+01
2.668476707630751577e+01,4.038379884991302760e+01
2.670477279222635048e+01,4.303336783517406161e+01
2.672477850814518519e+01,4.547993078374706499e+01
2.674478422406401990e+01,4.806944838892405869e+01
2.676478993998285461e+01,5.009126140650559478e+01
2.678479565590168576e+01,5.224954113626729679e+01
2.680480137182052047e+01,5.505275423415129410e+01
2.682480708773935518e+01,5.690119588481884705e+01
2.684481280365818989e+01,5.945080635856383822e+01
2.686481851957702460e+01,6.107621608570079275e+01
2.688482423549585576e+01,6.346306481208847572e+01
2.690482995141469047e+01,6.467461191954036792e+01
2.692483566733352518e+01,6.569173581759659442e+01
2.694484138325235989e+01,6.699454042155274180e+01
2.696484709917119105e+01,6.785503565712838281e+01
2.698485281509002576e+01,6.744211448373533813e+01
2.700485853100886047e+01,6.677784600591965614e+01
2.702486424692769518e+01,6.523788143743493606e+01
2.704486996284652989e+01,6.461125954938468396e+01
2.706487567876536104e+01,6.214136789597198174e+01
2.708488139468419575e+01,6.060240094112820231e+01
2.710488711060303046e+01,5.865047556411397522e+01
2.712489282652186517e+01,5.641896214676322785e+01
2.714489854244069988e+01,5.514665176103913069e+01
2.716490425835953104e+01,5.292884569098602299e+01
2.718490997427836575e+01,5.157074536348770266e+01
2.720491569019720046e+01,5.036183541117941331e+01
2.722492140611603517e+01,5.012328618992149387e+01
2.724492712203486633e+01,4.870894588365215583e+01
2.726493283795370104e+01,4.930126131796531297e+01
2.728493855387253575e+01,4.964058397437563031e+01
2.730494426979137046e+01,5.172304540182706489e+01
2.732494998571020517e+01,5.206565604055856511e+01
2.734495570162903633e+01,5.366571680749211737e+01
2.736496141754787104e+01,5.475313108580176902e+01
2.738496713346670575e+01,5.766751141693480065e+01
2.740497284938554046e+01,5.994025422352936516e+01
2.742497856530437517e+01,6.235845080089633541e+01
2.744498428122320632e+01,6.426960507197763661e+01
2.746498999714204103e+01,6.825539370379902948e+01
2.748499571306087574e+01,6.915992072605880026e+01
2.750500142897971045e+01,7.237501802276956653e+01
2.752500714489854516e+01,7.468491607149729816e+01
2.754501286081737632e+01,7.699741075013807290e+01
2.756501857673621103e+01,7.779259617206071198e+01
2.758502429265504574e+01,7.991408243202818085e+01
2.760503000857388045e+01,8.047374302436445248e+01
2.762503572449271161e+01,8.084515004046875220e+01
2.764504144041154632e+01,8.062965365192732747e+01
2.766504715633038103e+01,8.011879929988305094e+01
2.768505287224921574e+01,7.843293912571442661e+01
2.770505858816805045e+01,7.709403042479871715e+01
2.772506430408688161e+01,7.465836545365736754e+01
2.774507002000571632e+01,7.234019124452760252e+01
2.776507573592455103e+01,6.962778207978962541e+01
2.778508145184338574e+01,6.688300914363094307e+01
2.780508716776222045e+01,6.349818681608438453e+01
2.782509288368105160e+01,5.992465626255571465e+01
2.784509859959988631e+01,5.622869622762438269e+01
2.786510431551872102e+01,5.217799548774191720e+01
2.788511003143755573e+01,4.918149114232478780e+01
2.790511574735638689e+01,4.543121112860968935e+01
2.792512146327522160e+01,4.193606754903470346e+01
2.794512717919405631e+01,3.808380377936109085e+01
2.796513289511289102e+01,3.499505565693129938e+01
2.798513861103172573e+01,3.134746386545013053e+01
2.800514432695055689e+01,2.828669690337768827e+01
2.802515004286939160e+01,2.481886264473071435e+01
2.804515575878822631e+01,2.277177083386727219e+01
2.806516147470706102e+01,2.116830503623817705e+01
2.808516719062589573e+01,1.806216213078573674e+01
2.810517290654472689e+01,1.642748671484179113e+01
2.812517862246356160e+01,1.489823579449921809e+01
2.814518433838239631e+01,1.388486484672950994e+01
2.816519005430123102e+01,1.310200417054609190e+01
2.818519577022006217e+01,1.146869831612776380e+01
2.820520148613889688e+01,1.086748458127814487e+01
2.822520720205773159e+01,1.059719431700106185e+01
2.824521291797656630e+01,9.961779460203011638e+00
2.826521863389540101e+01,9.811276609062677068e+00
2.828522434981423217e+01,9.652472046474617429e+00
2.830523006573306688e+01,9.017049973548779462e+00
2.832523578165190159e+01,8.746068671175741827e+00
2.834524149757073630e+01,8.521912701603072904e+00
2.836524721348957101e+01,8.927590797589127547e+00
2.838525292940840217e+01,9.580058837804717342e+00
2.840525864532723688e+01,8.727211078638433150e+00
2.842526436124607159e+01,8.751009776149409447e+00
2.844527007716490630e+01,8.634910617648028364e+00
2.846527579308374101e+01,8.972249835082823921e+00
2.848528150900257216e+01,9.001236173961132181e+00
2.850528722492140687e+01,8.412624366222800631e+00
2.852529294084024158e+01,8.557111178442703192e+00
2.854529865675907629e+01,9.183914692719294948e+00
2.856530437267790745e+01,8.821057749267239956e+00
2.858531008859674216e+01,8.411131568476999831e+00
2.860531580451557687e+01,8.805265987335090472e+00
2.862532152043441158e+01,9.244491631902356232e+00
2.864532723635324629e+01,9.648787759183562684e+00
2.866533295227207745e+01,1.007114533734175055e+01
2.868533866819091216e+01,1.032963089912889387e+01
2.870534438410974687e+01,9.616030907278243944e+00
2.872535010002858158e+01,9.709535785579571865e+00
2.874535581594741629e+01,1.058366689735260735e+01
2.876536153186624745e+01,1.129226709765319114e+01
2.878536724778508216e+01,1.207867878783076065e+01
2.880537296370391687e+01,1.306257011270713164e+01
2.882537867962275158e+01,1.236743281436825370e+01
2.884538439554158273e+01,1.320636463557691442e+01
2.886539011146041744e+01,1.393108051468512443e+01
2.888539582737925215e+01,1.635546037312234802e+01
2.890540154329808686e+01,1.696147310537686792e+01
2.892540725921692157e+01,1.795443281593950857e+01
2.894541297513575273e+01,1.891479107828722306e+01
2.896541869105458744e+01,1.944148060987296134e+01
2.898542440697342215e+01,2.064872342524054716e+01
2.900543012289225686e+01,2.190628552208843161e+01
2.902543583881109157e+01,2.353052638401550212e+01
2.904544155472992273e+01,2.560838107596775259e+01
2.906544727064875744e+01,2.671936399590716249e+01
2.908545298656759215e+01,2.890300254524869672e+01
2.910545870248642686e+01,3.076109491096656967e+01
2.912546441840525802e+01,3.199214429064727128e+01
2.914547013432409273e+01,3.394223788626228355e+01
2.916547585024292744e+01,3.684031558319210831e+01
2.918548156616176215e+01,3.847598055698746577e+01
2.920548728208059686e+01,4.043414829795743515e+01
2.922549299799942801e+01,4.322562483211268614e+01
2.924549871391826272e+01,4.560929329796283582e+01
2.926550442983709743e+01,4.882123479871756899e+01
2.928551014575593214e+01,5.133490865628478161e+01
2.930551586167476685e+01,5.406535900987422849e+01
2.932552157759359801e+01,5.767246461009940361e+01
2.934552729351243272e+01,6.019155821763210668e+01
2.936553300943126743e+01,6.364287840292967502e+01
2.938553872535010214e+01,6.687210374446038941e+01
2.940554444126893330e+01,6.977298402658801990e+01
2.942555015718776801e+01,7.222769464539385353e+01
2.944555587310660272e+01,7.586486859561253482e+01
2.946556158902543743e+01,7.788462251635434086e+01
2.948556730494427214e+01,8.019616954756560290e+01
2.950557302086310330e+01,8.275950593179699410e+01
2.952557873678193801e+01,8.391687705624792670e+01
2.954558445270077272e+01,8.496701413715051387e+01
2.956559016861960743e+01,8.594128327268757062e+01
2.958559588453844214e+01,8.554934106673067618e+01
2.960560160045727329e+01,8.481796474564302457e+01
2.962560731637610800e+01,8.346382731575025105e+01
2.964561303229494271e+01,8.133075900225611576e+01
2.966561874821377742e+01,7.873745841355457742e+01
2.968562446413261213e+01,7.664279644189296903e+01
2.970563018005144329e+01,7.288481996157017306e+01
2.972563589597027800e+01,6.886083624815000803e+01
2.974564161188911271e+01,6.464437695473625922e+01
2.976564732780794742e+01,6.100049268442924699e+01
2.978565304372677858e+01,5.838798730690677985e+01
2.980565875964561329e+01,5.389635207969947572e+01
2.982566447556444800e+01,5.072230314292544762e+01
2.984567019148328271e+01,4.796708568208887868e+01
2.986567590740211742e+01,4.476767613616453900e+01
2.988568162332094857e+01,4.260797673581750189e+01
2.990568733923978328e+01,3.887853683738366328e+01
2.992569305515861799e+01,3.745076349876214294e+01
2.994569877107745270e+01,3.476183589898932524e+01
2.996570448699628741e+01,3.348042933050271586e+01
2.998571020291511857e+01,3.142252963411420552e+01
3.000571591883395328e+01,2.968652062434680516e+01
3.002572163475278799e+01,2.728859085749864377e+01
3.004572735067162270e+01,2.559860073482393261e+01
3.006573306659045386e+01,2.386417500671873881e+01
3.008573878250928857e+01,2.314427305767976151e+01
3.010574449842812328e+01,2.102531893715673306e+01
3.012575021434695799e+01,1.986152964029668766e+01
3.014575593026579270e+01,1.961394804283764870e+01
3.016576164618462386e+01,1.791019543287482918e+01
3.018576736210345857e+01,1.699666502634443077e+01
3.020577307802229328e+01,1.612474019261504665e+01
3.022577879394112799e+01,1.469568232881028891e+01
3.024578450985996270e+01,1.451837974687431299e+01
3.026579022577879385e+01,1.369450855027892366e+01
3.028579594169762856e+01,1.342937131164600117e+01
3.030580165761646327e+01,1.276147959230518580e+01
3.032580737353529798e+01,1.149135784466602495e+01
3.034581308945412914e+01,1.107921700028201784e+01
3.036581880537296385e+01,1.049684089131344678e+01
3.038582452129179856e+01,1.054806549924764525e+01
3.040583023721063327e+01,9.815671432313742173e+00
3.042583595312946798e+01,9.076313678756239511e+00
3.044584166904829914e+01,8.822114566309013028e+00
3.046584738496713385e+01,8.924254753433043419e+00
3.048585310088596856e+01,8.386819850667091458e+00
3.050585881680480327e+01,7.045739925353914579e+00
3.052586453272363798e+01,6.938843170876968003e+00
3.054587024864246914e+01,7.094422146139400809e+00
3.056587596456130385e+01,7.547039721665335321e+00
3.058588168048013856e+01,7.767823496344226974e+00
3.060588739639897327e+01,7.826391479304827925e+00
3.062589311231780798e+01,7.038903374185519368e+00
3.064589882823663913e+01,6.934124976005296759e+00
3.066590454415547384e+01,7.854658476661283473e+00
3.068591026007430855e+01,6.810235997550041276e+00
3.070591597599314326e+01,7.753780991039512571e+00
3.072592169191197442e+01,7.331205240074275764e+00
3.074592740783080913e+01,7.493458003983347382e+00
3.076593312374964384e+01,8.537800923084681415e+00
3.078593883966847855e+01,8.086082119317421046e+00
3.080594455558731326e+01,8.288228813595932110e+00
3.082595027150614442e+01,8.989395603179900718e+00
3.084595598742497913e+01,9.153480199384073757e+00
3.086596170334381384e+01,8.503472482936860644e+00
3.088596741926264855e+01,9.959687944789148872e+00
3.090597313518148326e+01,9.526074459539323414e+00
3.092597885110031442e+01,1.006532595065086966e+01
3.094598456701914913e+01,1.000166008714295529e+01
3.096599028293798384e+01,1.083031028087789593e+01
3.098599599885681855e+01,1.070743659644125145e+01
3.100600171477564970e+01,1.174104177910699320e+01
3.102600743069448441e+01,1.245796445570908517e+01
3.104601314661331912e+01,1.261604163829847813e+01
3.106601886253215383e+01,1.404625506166268067e+01
3.108602457845098854e+01,1.437992741441411937e+01
3.110603029436981970e+01,1.495204073307915316e+01
3.112603601028865441e+01,1.601866519465648864e+01
3.114604172620748912e+01,1.659792267002135802e+01
3.116604744212632383e+01,1.765368203990519191e+01
3.118605315804515854e+01,1.818260088156335286e+01
3.120605887396398970e+01,2.016232752452120991e+01
3.122606458988282441e+01,2.054409244514094368e+01
3.124607030580165912e+01,2.146449230292630972e+01
3.126607602172049383e+01,2.287753706880866744e+01
3.128608173763932498e+01,2.393252169878111602e+01
3.130608745355815969e+01,2.483128584829560381e+01
3.132609316947699440e+01,2.624035788513197787e+01
3.134609888539582911e+01,2.773848483605267035e+01
3.136610460131466382e+01,2.881974957972586537e+01
3.138611031723349498e+01,3.105191577458620600e+01
3.140611603315232969e+01,3.221384778925794024e+01
3.142612174907116440e+01,3.363299233022254953e+01
3.144612746498999911e+01,3.470002525931033688e+01
3.146613318090883382e+01,3.623239921403682473e+01
3.148613889682766498e+01,3.879767096116084701e+01
3.150614461274649969e+01,3.938099909208167304e+01
3.152615032866533440e+01,4.020777803741488299e+01
3.154615604458416911e+01,4.007292801595757936e+01
3.156616176050300382e+01,4.039218336894506933e+01
3.158616747642183498e+01,4.107468536592251951e+01
3.160617319234066969e+01,4.173036846814194689e+01
3.162617890825950440e+01,4.009376968671404029e+01
3.164618462417833911e+01,3.917189975399196555e+01
3.166619034009717026e+01,3.836494173115434592e+01
3.168619605601600497e+01,3.661461128947507149e+01
3.170620177193483968e+01,3.402436430772999643e+01
3.172620748785367439e+01,3.282281104588395237e+01
3.174621320377250910e+01,3.071591238643735267e+01
3.176621891969134026e+01,2.910736072760898452e+01
3.178622463561017497e+01,2.680557915326227203e+01
3.180623035152900968e+01,2.507033640003077579e+01
3.182623606744784439e+01,2.331308481733602633e+01
3.184624178336667910e+01,2.136692780469439867e+01
3.186624749928551026e+01,2.087065440061696719e+01
3.188625321520434497e+01,2.059253182226317591e+01
3.190625893112317968e+01,2.021772808205435012e+01
3.192626464704201439e+01,1.918879708807424578e+01
3.194627036296084555e+01,1.943880464754492010e+01
3.196627607887968026e+01,2.020604462533058410e+01
3.198628179479851497e+01,1.981223205478999461e+01
3.200628751071734968e+01,2.039395900299906828e+01
3.202629322663618439e+01,2.066398176901698491e+01
3.204629894255501199e+01,2.158135775979286564e+01
3.206630465847385381e+01,2.214555635948492807e+01
3.208631037439268141e+01,2.310905898443390782e+01
3.210631609031152323e+01,2.462166599746653972e+01
3.212632180623035083e+01,2.491277162056829297e+01
3.214632752214918554e+01,2.583944564772926000e+01
3.216633323806802025e+01,2.731138308603882336e+01
3.218633895398685496e+01,2.681697433856908930e+01
3.220634466990568967e+01,2.807326602037613839e+01
3.222635038582451728e+01,2.802497585092292809e+01
3.224635610174335909e+01,2.856070350658654178e+01
3.226636181766218670e+01,2.908152285039361118e+01
3.228636753358102851e+01,2.976157426920513416e+01
3.230637324949985612e+01,2.942502076362558228e+01
3.232637896541869083e+01,2.949864695072774623e+01
3.234638468133752554e+01,2.840819363251135599e+01
3.236639039725636025e+01,2.793066851955288143e+01
3.238639611317519496e+01,2.680135980330186385e+01
3.240640182909402967e+01,2.625033915169061416e+01
3.242640754501286438e+01,2.474359229587133768e+01
3.244641326093169198e+01,2.333706148998688690e+01
3.246641897685053380e+01,2.224980137758766219e+01
3.248642469276936140e+01,2.085059659747542682e+01
3.250643040868819611e+01,1.982016683750256902e+01
3.252643612460703082e+01,1.793783667333038778e+01
3.254644184052586553e+01,1.688927110030007483e+01
3.256644755644470024e+01,1.504277544423545976e+01
3.258645327236353495e+01,1.433611197597533149e+01
3.260645898828236966e+01,1.331122339476404548e+01
3.262646470420119726e+01,1.202929509591311863e+01
3.264647042012003908e+01,1.096527928123146900e+01
3.266647613603886668e+01,1.076355416594617864e+01
3.268648185195770850e+01,9.591656065839082146e+00
3.270648756787653610e+01,8.990117013639265409e+00
3.272649328379537081e+01,8.539203358575015557e+00
3.274649899971420552e+01,8.195325818597574141e+00
3.276650471563304023e+01,8.417844702502947030e+00
3.278651043155187494e+01,7.474814623634622457e+00
3.280651614747070255e+01,7.421340783124906082e+00
3.282652186338954436e+01,6.804621383899877252e+00
3.284652757930837197e+01,7.153605032832135890e+00
3.286653329522721378e+01,7.666021143476216437e+00
3.288653901114604139e+01,7.605426652928601428e+00
3.290654472706487610e+01,7.542205549390869734e+00
3.292655044298371081e+01,7.369032555972805376e+00
3.294655615890254552e+01,6.592916411754433881e+00
3.296656187482138023e+01,7.723699595185930633e+00
3.298656759074020783e+01,7.365788627781574505e+00
3.300657330665904965e+01,6.789588144649537860e+00
3.302657902257787725e+01,7.327470422997262034e+00
3.304658473849671907e+01,6.608343664291732367e+00
3.306659045441554667e+01,7.636365361457357004e+00
3.308659617033438138e+01,7.670555382182770110e+00
3.310660188625321609e+01,7.720377782735146965e+00
3.312660760217205080e+01,7.557337419311308757e+00
3.314661331809088551e+01,7.699880882918214375e+00
3.316661903400971312e+01,8.349350826441984452e+00
3.318662474992855493e+01,9.426453709318128205e+00
3.320663046584738254e+01,8.324417720674437859e+00
3.322663618176622435e+01,9.238239752878037336e+00
3.324664189768505196e+01,9.516527089216911151e+00
3.326664761360388667e+01,1.023042409706516764e+01
3.328665332952272138e+01,1.100012578643296912e+01
3.330665904544155609e+01,1.181767919163611502e+01
3.332666476136039080e+01,1.207809917092177088e+01
3.334667047727922551e+01,1.214964255130875870e+01
3.336667619319806022e+01,1.285530163285683436e+01
3.338668190911688782e+01,1.356457583356328200e+01
3.340668762503572964e+01,1.417061866140307202e+01
3.342669334095455724e+01,1.465167771416486886e+01
3.344669905687339195e+01,1.635440672836074683e+01
3.346670477279222666e+01,1.664849241771932853e+01
3.348671048871106137e+01,1.867811044312244206e+01
3.350671620462989608e+01,1.983938131367649049e+01
3.352672192054873079e+01,2.066877176016623707e+01
3.354672763646756550e+01,2.170257767455893116e+01
3.356673335238639311e+01,2.339806790035912698e+01
3.358673906830523492e+01,2.545375886146007360e+01
3.360674478422406253e+01,2.721077873830802929e+01
3.362675050014290434e+01,2.844097327344892889e+01
3.364675621606173195e+01,3.082013497556651060e+01
3.366676193198056666e+01,3.228513727106086151e+01
3.368676764789940137e+01,3.442043514894814393e+01
3.370677336381823608e+01,3.659219764664206309e+01
3.372677907973707079e+01,3.883023898150170083e+01
3.374678479565589839e+01,3.990473982910567941e+01
3.376679051157474021e+01,4.207800423229276987e+01
3.378679622749356781e+01,4.436371415665730922e+01
3.380680194341240963e+01,4.707937971683765710e+01
3.382680765933123723e+01,4.901209278125308089e+01
3.384681337525007194e+01,5.041336427437502721e+01
3.386681909116890665e+01,5.282182735563326048e+01
3.388682480708774136e+01,5.455285983228764479e+01
3.390683052300657607e+01,5.458834748611180032e+01
3.392683623892540368e+01,5.687645216640205348e+01
3.394684195484424549e+01,5.738686158665707637e+01
3.396684767076307310e+01,5.830382843686081173e+01
3.398685338668191491e+01,5.964886525887662572e+01
3.400685910260074252e+01,6.023242742908023217e+01
3.402686481851957723e+01,6.016000866049256501e+01
3.404687053443841194e+01,6.159945311958925629e+01
3.406687625035724665e+01,6.076096724781037040e+01
3.408688196627608136e+01,6.135135242385405263e+01
3.410688768219490896e+01,6.035250056768914106e+01
3.412689339811375078e+01,6.011648048456977023e+01
3.414689911403257838e+01,5.995954231086981423e+01
3.416690482995142020e+01,5.761108098313339809e+01
3.418691054587024780e+01,5.667517969122643962e+01
3.420691626178908251e+01,5.551583736098235988e+01
3.422692197770791722e+01,5.516099957569945644e+01
3.424692769362675193e+01,5.322430366177735550e+01
3.426693340954558664e+01,5.294929714594361769e+01
3.428693912546442135e+01,5.110715199270727283e+01
3.430694484138325606e+01,4.896411820299513806e+01
3.432695055730208367e+01,4.831135333582243163e+01
3.434695627322092548e+01,4.595495706440266304e+01
3.436696198913975309e+01,4.441191937209530494e+01
3.438696770505858780e+01,4.209654455864831135e+01
3.440697342097742251e+01,4.026000154692226118e+01
3.442697913689625722e+01,3.787422907523929183e+01
3.444698485281509193e+01,3.567403301352941014e+01
3.446699056873392664e+01,3.286667412698327695e+01
3.448699628465276135e+01,3.130351449180829349e+01
3.450700200057158895e+01,2.906952285454734408e+01
3.452700771649043077e+01,2.659352469723653201e+01
3.454701343240925837e+01,2.444405421798738232e+01
3.456701914832810019e+01,2.206722278326550324e+01
3.458702486424692779e+01,2.084980952070729643e+01
3.460703058016576250e+01,1.832827465892672336e+01
3.462703629608459721e+01,1.655198532257019650e+01
3.464704201200343192e+01,1.545634938947261006e+01
3.466704772792226663e+01,1.519348173889889075e+01
3.468705344384109424e+01,1.390967326293522888e+01
3.470705915975993605e+01,1.198793844689683930e+01
3.472706487567876366e+01,1.248640565969159510e+01
3.474707059159760547e+01,1.098131997116768765e+01
3.476707630751643308e+01,1.129170663355654369e+01
3.478708202343526779e+01,1.154860273823697270e+01
3.480708773935410250e+01,1.148283028373742098e+01
3.482709345527293721e+01,1.076552014758383891e+01
3.484709917119177192e+01,1.104163620042140082e+01
3.486710488711059952e+01,1.180971901517499489e+01
3.488711060302944134e+01,1.207064310480354763e+01
3.490711631894826894e+01,1.323477008798005272e+01
3.492712203486711076e+01,1.275017221439324189e+01
3.494712775078593836e+01,1.403047512541470354e+01
3.496713346670477307e+01,1.434659670406514920e+01
3.498713918262360778e+01,1.514882501305745777e+01
3.500714489854244249e+01,1.593394800863441496e+01
3.502715061446127720e+01,1.717676540938844454e+01
3.504715633038010481e+01,1.846489153471072697e+01
3.506716204629894662e+01,1.859961041812966087e+01
3.508716776221777423e+01,2.059935447205633707e+01
3.510717347813661604e+01,2.210072051732387166e+01
3.512717919405544365e+01,2.314003764603700475e+01
3.514718490997427836e+01,2.405412185554236260e+01
3.516719062589311307e+01,2.668103747487070621e+01
3.518719634181194778e+01,2.839534755962563395e+01
3.520720205773078249e+01,2.991073521859472706e+01
3.522720777364961720e+01,3.179985689610064270e+01
3.524721348956845191e+01,3.448835984990620318e+01
3.526721920548727951e+01,3.655276222712356571e+01
3.528722492140612133e+01,3.903848528865583489e+01
3.530723063732494893e+01,4.169400016018590804e+01
3.532723635324378364e+01,4.344514179749047855e+01
3.534724206916261835e+01,4.612766789005943480e+01
3.536724778508145306e+01,4.940583301016545192e+01
3.538725350100028777e+01,5.137584268009455002e+01
3.540725921691912248e+01,5.414260653574302040e+01
3.542726493283795719e+01,5.617013619451316941e+01
3.544727064875678479e+01,5.776530569460501141e+01
3.546727636467562661e+01,5.943499343549045477e+01
3.548728208059445421e+01,5.992610035766990961e+01
3.550728779651329603e+01,6.033595374296139369e+01
3.552729351243212363e+01,6.029654701157497243e+01
3.554729922835095834e+01,5.953812758114641213e+01
3.556730494426979305e+01,5.848297088855021286e+01
3.558731066018862776e+01,5.566929759524299470e+01
3.560731637610746247e+01,5.385128672516363935e+01
3.562732209202629008e+01,4.937377827645643436e+01
3.564732780794513189e+01,4.635623057508678357e+01
3.566733352386395950e+01,4.279271594642757748e+01
3.568733923978280131e+01,3.838705095912794718e+01
3.570734495570162892e+01,3.448751236359711925e+01
3.572735067162046363e+01,3.050349213265425519e+01
3.574735638753929834e+01,2.738312256762876729e+01
3.576736210345813305e+01,2.389075249243788690e+01
3.578736781937696776e+01,2.152620694699497861e+01
3.580737353529579536e+01,1.854695438947009833e+01
3.582737925121463718e+01,1.624965640903539565e+01
3.584738496713346478e+01,1.503791547407484863e+01
3.586739068305230660e+01,1.366161022181800355e+01
3.588739639897113420e+01,1.151024633384614582e+01
3.590740211488996891e+01,1.096429728002419779e+01
3.592740783080880362e+01,1.052126457937700899e+01
3.594741354672763833e+01,9.811962379178339688e+00
3.596741926264647304e+01,8.431695765992586189e+00
3.598742497856530065e+01,8.924432156721239906e+00
3.600743069448414246e+01,8.314477182858514226e+00
3.602743641040297007e+01,7.526868532910365062e+00
3.604744212632181188e+01,7.725356811692324577e+00
3.606744784224063949e+01,7.645857424174652195e+00
3.608745355815947420e+01,8.233194807735513265e+00
3.610745927407830891e+01,7.549576452758604006e+00
3.612746498999714362e+01,7.927477335838823080e+00
3.614747070591597833e+01,7.344193027657798467e+00
3.616747642183481304e+01,7.407334419617390253e+00
3.618748213775364775e+01,7.366498869634257041e+00
3.620748785367247535e+01,6.962499288413702025e+00
3.622749356959131717e+01,7.693445728923487437e+00
3.624749928551014477e+01,7.148982164860079536e+00
3.626750500142897948e+01,6.154773211408938849e+00
3.628751071734781419e+01,7.694757942198073408e+00
3.630751643326664890e+01,6.491071119750384533e+00
3.632752214918548361e+01,7.108720489903801010e+00
3.634752786510431832e+01,6.932404158734590816e+00
3.636753358102315303e+01,7.004852399135003793e+00
3.638753929694198064e+01,6.671744140705584414e+00
3.640754501286082245e+01,6.190520362265241161e+00
3.642755072877965006e+01,7.522847895986055633e+00
3.644755644469849187e+01,6.633482490408487919e+00
3.646756216061731948e+01,7.416579928028543378e+00
3.648756787653615419e+01,7.224838194451493223e+00
3.650757359245498890e+01,7.742249103301428015e+00
3.652757930837382361e+01,7.061721887141139575e+00
3.654758502429265832e+01,6.440759581321255922e+00
3.656759074021148592e+01,6.713256729522777633e+00
3.658759645613032774e+01,7.403098289496288231e+00
3.660760217204915534e+01,7.086261073227039020e+00
3.662760788796799716e+01,6.564983770308026045e+00
3.664761360388682476e+01,6.579321358796154762e+00
3.666761931980565947e+01,7.026846556487115869e+00
3.668762503572449418e+01,7.325992422585692943e+00
3.670763075164332889e+01,7.232112366553632654e+00
3.672763646756216360e+01,7.006519836105238319e+00
3.674764218348099121e+01,6.648411353349697350e+00
3.676764789939983302e+01,7.291231877676265682e+00
3.678765361531866063e+01,6.527709277742349769e+00
3.680765933123750244e+01,6.759434220831480822e+00
3.682766504715633005e+01,6.861854610217586803e+00
3.684767076307516476e+01,7.282295088260950067e+00
3.686767647899399947e+01,8.160088613316366590e+00
3.688768219491283418e+01,8.094397398696695944e+00
3.690768791083166889e+01,6.988804906327164446e+00
3.692769362675049649e+01,8.299559134060958243e+00
3.694769934266933831e+01,8.488120072584379727e+00
3.696770505858816591e+01,8.484087690149037186e+00
3.698771077450700773e+01,8.643731535601942184e+00
3.700771649042583533e+01,8.173920664244318957e+00
3.702772220634467004e+01,9.716496682635291648e+00
3.704772792226350475e+01,9.517496755812308251e+00
3.706773363818233946e+01,9.642794082180994764e+00
3.708773935410117417e+01,1.048324386710189415e+01
3.710774507002000888e+01,1.017673503950235769e+01
3.712775078593884359e+01,1.110117882161246072e+01
3.714775650185767120e+01,1.257032444206156541e+01
3.716776221777651301e+01,1.210690455203202376e+01
3.718776793369534062e+01,1.333524464300991141e+01
3.720777364961417533e+01,1.463537579927054999e+01
3.722777936553301004e+01,1.447328351293968574e+01
3.724778508145184475e+01,1.641280790393428290e+01
3.726779079737067946e+01,1.746434566618690809e+01
3.728779651328951417e+01,1.875197186099165947e+01
3.730780222920834888e+01,2.014194351417185658e+01
3.732780794512717648e+01,2.145924008358768020e+01
3.734781366104601830e+01,2.238193575240098454e+01
3.736781937696484590e+01,2.368016446497598082e+01
3.738782509288368772e+01,2.559357873786447612e+01
3.740783080880251532e+01,2.711449563010446440e+01
3.742783652472135003e+01,2.830274496078278190e+01
3.744784224064018474e+01,3.124376361667182067e+01
3.746784795655901945e+01,3.310955412263133724e+01
3.748785367247785416e+01,3.509507205385497031e+01
3.750785938839668177e+01,3.669049858884659443e+01
3.752786510431552358e+01,3.825462610844984113e+01
3.754787082023435119e+01,4.027517333498184371e+01
3.756787653615319300e+01,4.163094985102570433e+01
3.758788225207202061e+01,4.216698511741391542e+01
3.760788796799085532e+01,4.390441165706239701e+01
3.762789368390969003e+01,4.498000572186719381e+01
3.764789939982852474e+01,4.574754740217610305e+01
3.766790511574735945e+01,4.662869173126651390e+01
3.768791083166618705e+01,4.722213832454309568e+01
3.770791654758502887e+01,4.797923691955583081e+01
3.772792226350385647e+01,4.751977346014508896e+01
3.774792797942269829e+01,4.780686660320557735e+01
3.776793369534152589e+01,4.869903825274737130e+01
3.778793941126036060e+01,4.830405564276989594e+01
3.780794512717919531e+01,4.892172337241984792e+01
3.782795084309803002e+01,4.863165139699081863e+01
3.784795655901686473e+01,4.904848584973215964e+01
3.786796227493569234e+01,4.927467287620811476e+01
3.788796799085453415e+01,4.932151735764095690e+01
3.790797370677336176e+01,5.072260905748841253e+01
3.792797942269220357e+01,5.096322971968474747e+01
3.794798513861103118e+01,5.124262690863733383e+01
3.796799085452986589e+01,5.006072996421492149e+01
3.798799657044870060e+01,5.115240191945546400e+01
3.800800228636753531e+01,5.014888901043372016e+01
3.802800800228637002e+01,4.810350886536389226e+01
3.804801371820520473e+01,4.795247316332297771e+01
3.806801943412403944e+01,4.547276239275099385e+01
3.808802515004286704e+01,4.320984421581670176e+01
3.810803086596170886e+01,4.062787800078177014e+01
3.812803658188053646e+01,3.767498443825415677e+01
3.814804229779937117e+01,3.542136754707901503e+01
3.816804801371820588e+01,3.252494967472250664e+01
3.818805372963704059e+01,2.970946410890185163e+01
3.820805944555587530e+01,2.687124878223941948e+01
3.822806516147471001e+01,2.484248100470015785e+01
3.824807087739354472e+01,2.236403188319900437e+01
3.826807659331237232e+01,1.988593962275095350e+01
3.828808230923121414e+01,1.746537753513896973e+01
3.830808802515004174e+01,1.586720597739173044e+01
3.832809374106888356e+01,1.470990624521541434e+01
3.834809945698771116e+01,1.355342518250654216e+01
3.836810517290654587e+01,1.165298400325086448e+01
3.838811088882538058e+01,1.089523225768520831e+01
3.840811660474421529e+01,1.117171613108667216e+01
3.842812232066305000e+01,1.074372673764936081e+01
3.844812803658187761e+01,9.985658464057184602e+00
3.846813375250071942e+01,9.387410398100778153e+00
3.848813946841954703e+01,8.570586544494775083e+00
3.850814518433838884e+01,9.382290961101499960e+00
3.852815090025721645e+01,8.704116434036004435e+00
3.854815661617605116e+01,9.357502427109420040e+00
3.856816233209488587e+01,9.121211374547549156e+00
3.858816804801372058e+01,9.721439192423078524e+00
3.860817376393255529e+01,9.125865955700973586e+00
3.862817947985138289e+01,8.843948821720555742e+00
3.864818519577022471e+01,8.503446457493343047e+00
3.866819091168905231e+01,9.138548070755893704e+00
3.868819662760789413e+01,9.339854342145796906e+00
3.870820234352672173e+01,9.525072480697057031e+00
3.872820805944555644e+01,1.008127660495098432e+01
3.874821377536439115e+01,9.248428620812349621e+00
3.876821949128322586e+01,1.058114280483457037e+01
3.878822520720206057e+01,1.057603742446870676e+01
3.880823092312088818e+01,1.034080855214481431e+01
3.882823663903972999e+01,1.113875829770092452e+01
3.884824235495855760e+01,1.146233560041289934e+01
3.886824807087739941e+01,1.132645166194513919e+01
3.888825378679622702e+01,1.192641290422838374e+01
3.890825950271506173e+01,1.213417484856516637e+01
3.892826521863389644e+01,1.236094985598005991e+01
3.894827093455273115e+01,1.315665319598162064e+01
3.896827665047156586e+01,1.351494346812041414e+01
3.898828236639040057e+01,1.328600777793177556e+01
3.900828808230923528e+01,1.337770850483911644e+01
3.902829379822806288e+01,1.376626738275853867e+01
3.904829951414690470e+01,1.392040496971766572e+01
3.906830523006573230e+01,1.493177418402705925e+01
3.908831094598456701e+01,1.511518761494276397e+01
3.910831666190340172e+01,1.392432525203077631e+01
3.912832237782223643e+01,1.492415265622304688e+01
3.914832809374107114e+01,1.455139530953274374e+01
3.916833380965990585e+01,1.548417759029193874e+01
3.918833952557874056e+01,1.602320816598388120e+01
3.920834524149756817e+01,1.701124471813862371e+01
3.922835095741640998e+01,1.661669114263633418e+01
3.924835667333523759e+01,1.801656917259645496e+01
3.926836238925407940e+01,1.782734546600878289e+01
3.928836810517290701e+01,1.808241523868501233e+01
3.930837382109174172e+01,1.930583212563374218e+01
3.932837953701057643e+01,2.079002662159365400e+01
3.934838525292941114e+01,2.218631903335500510e+01
3.936839096884824585e+01,2.375441361890027281e+01
3.938839668476707345e+01,2.488173476907029169e+01
3.940840240068591527e+01,2.634831159053609184e+01
3.942840811660474287e+01,2.800155286700602986e+01
3.944841383252358469e+01,3.051117045867633948e+01
3.946841954844241229e+01,3.177454965739520532e+01
3.948842526436124700e+01,3.382990420970864420e+01
3.950843098028008171e+01,3.677312239093777180e+01
3.952843669619891642e+01,3.915301144733822980e+01
3.954844241211775113e+01,3.992992350569977589e+01
3.956844812803657874e+01,4.312045828113475920e+01
3.958845384395542055e+01,4.523186749950636454e+01
3.960845955987424816e+01,4.750938640296678273e+01
3.962846527579308997e+01,4.718596850622675731e+01
3.964847099171191758e+01,5.127611414493652831e+01
3.966847670763075229e+01,5.219768963388669647e+01
3.968848242354958700e+01,5.361816661014020724e+01
3.970848813946842171e+01,5.110387097532250067e+01
3.972849385538725642e+01,5.435459317090496967e+01
3.974849957130608402e+01,5.404068262329933248e+01
3.976850528722492584e+01,5.299067901361598842e+01
3.978851100314375344e+01,4.953929392257840902e+01
3.980851671906259526e+01,5.241459525278037290e+01
3.982852243498142286e+01,5.100438404457370467e+01
3.984852815090025757e+01,4.881680768488651267e+01
3.986853386681909228e+01,4.367886429672682169e+01
3.988853958273792699e+01,4.584867435391090851e+01
3.990854529865676170e+01,4.370940674891448907e+01
3.992855101457559641e+01,4.185622111021888259e+01
3.994855673049443112e+01,3.666537338146260083e+01
3.996856244641325873e+01,3.840123578116156011e+01
3.998856816233210054e+01,3.649191369818137787e+01
4.000857387825092815e+01,3.432755712230675726e+01
4.002857959416976286e+01,3.110006676468757192e+01
4.004858531008859757e+01,3.161877939507544255e+01
4.006859102600743228e+01,2.941468284006757372e+01
4.008859674192626699e+01,2.918387207842772924e+01
4.010860245784510170e+01,2.666945748653791171e+01
4.012860817376393641e+01,2.730903288966698383e+01
4.014861388968276401e+01,2.788030468068571111e+01
4.016861960560160583e+01,2.744432343487164161e+01
4.018862532152043343e+01,2.682445439932795495e+01
4.020863103743927525e+01,2.757628387871788789e+01
4.022863675335810285e+01,2.763459872327401712e+01
4.024864246927693756e+01,2.821832881112722902e+01
4.026864818519577227e+01,2.818637088995460971e+01
4.028865390111460698e+01,2.859026369844799120e+01
4.030865961703344169e+01,2.932681280392590395e+01
4.032866533295226930e+01,2.942240489315793894e+01
4.034867104887111111e+01,3.020066963096924439e+01
4.036867676478993872e+01,2.970155584088745826e+01
4.038868248070878053e+01,2.999411477486382438e+01
4.040868819662760814e+01,3.007422339565542302e+01
4.042869391254644285e+01,2.964719961211331167e+01
4.044869962846527756e+01,3.003550493927316722e+01
4.046870534438411227e+01,2.936021075947945036e+01
4.048871106030294698e+01,2.851114879138037850e+01
4.050871677622177458e+01,2.849030602310168803e+01
4.052872249214061640e+01,2.759103648789000829e+01
4.054872820805944400e+01,2.751119461179909464e+01
4.056873392397828582e+01,2.765186428951201236e+01
4.058873963989711342e+01,2.707371149382782960e+01
4.060874535581594813e+01,2.703302006801519397e+01
4.062875107173478284e+01,2.619110546191734556e+01
4.064875678765361755e+01,2.624458248286832074e+01
4.066876250357245226e+01,2.523229046779215423e+01
4.068876821949127986e+01,2.610144514673991267e+01
4.070877393541012168e+01,2.597217788170217290e+01
4.072877965132894929e+01,2.654680658452931397e+01
4.074878536724779110e+01,2.598564727769689142e+01
4.076879108316661871e+01,2.700559701697649473e+01
4.078879679908545342e+01,2.776558069251335326e+01
4.080880251500428813e+01,2.767310574255664335e+01
4.082880823092312284e+01,2.780646273868229201e+01
4.084881394684195755e+01,2.882159829541842910e+01
4.086881966276079226e+01,2.925806204249289877e+01
4.088882537867962697e+01,3.021627479522747350e+01
4.090883109459845457e+01,3.048216451249194847e+01
4.092883681051729639e+01,3.176652200304368989e+01
4.094884252643612399e+01,3.290564976793339724e+01
4.096884824235495870e+01,3.329414799385011037e+01
4.098885395827379341e+01,3.397969646789562148e+01
4.100885967419262812e+01,3.471655802529671320e+01
4.102886539011146283e+01,3.495947517545786809e+01
4.104887110603029754e+01,3.504332459729319993e+01
4.106887682194913225e+01,3.579865511741719786e+01
4.108888253786795985e+01,3.426100071384971102e+01
4.110888825378680167e+01,3.454884073499439978e+01
4.112889396970562927e+01,3.540804912089876666e+01
4.114889968562447109e+01,3.425532277171407713e+01
4.116890540154329869e+01,3.302328022496675430e+01
4.118891111746213340e+01,3.228659417382117880e+01
4.120891683338096811e+01,3.092886345921955638e+01
4.122892254929980282e+01,3.044475839676055529e+01
4.124892826521863753e+01,2.824560426545794201e+01
4.126893398113746514e+01,2.836760929865558012e+01
4.128893969705630695e+01,2.600899754140065312e+01
4.130894541297513456e+01,2.538344281102050104e+01
4.132895112889397637e+01,2.379340558763368918e+01
4.134895684481280398e+01,2.203116342658098858e+01
4.136896256073163869e+01,2.088421776288507203e+01
4.138896827665047340e+01,1.970494826088356177e+01
4.140897399256930811e+01,1.756459379953680155e+01
4.142897970848814282e+01,1.773993690511557730e+01
4.144898542440697042e+01,1.529116740253440732e+01
4.146899114032581224e+01,1.454184384647937733e+01
4.148899685624463984e+01,1.373081983940052098e+01
4.150900257216348166e+01,1.338274537518777407e+01
4.152900828808230926e+01,1.183023628846644826e+01
4.154901400400114397e+01,1.034587199234548649e+01
4.156901971991997868e+01,1.016752383497993861e+01
4.158902543583881339e+01,1.026537423449671493e+01
4.160903115175764810e+01,8.990824217268819751e+00
4.162903686767647571e+01,8.280070614732840895e+00
4.164904258359531752e+01,7.986451512953236076e+00
4.166904829951414513e+01,8.637895357124392604e+00
4.168905401543298694e+01,8.273683322891965730e+00
4.170905973135181455e+01,8.691599361189105366e+00
4.172906544727064926e+01,7.939025334139040879e+00
4.174907116318948397e+01,8.259428277730215484e+00
4.176907687910831868e+01,8.275005623798429966e+00
4.178908259502715339e+01,7.680528442120499122e+00
4.180908831094598810e+01,7.233729057719047617e+00
4.182909402686482281e+01,7.407471361474541993e+00
4.184909974278365041e+01,8.592948541508601323e+00
4.186910545870249223e+01,8.188136826965731530e+00
4.188911117462131983e+01,8.004268606885595716e+00
4.190911689054015454e+01,8.097114068775150386e+00
4.192912260645898925e+01,8.740451593315835765e+00
4.194912832237782396e+01,8.017786164504554947e+00
4.196913403829665867e+01,8.681520452098997254e+00
4.198913975421549338e+01,8.505381268202445000e+00
4.200914547013432809e+01,8.898143492894124762e+00
4.202915118605316280e+01,8.880317209259096956e+00
4.204915690197199041e+01,9.928860374120608512e+00
4.206916261789082512e+01,1.006037958516445840e+01
4.208916833380965983e+01,1.038738010013922164e+01
4.210917404972849454e+01,1.104822535307278386e+01
4.212917976564732925e+01,1.115334278748862928e+01
4.214918548156616396e+01,1.234218532139648516e+01
4.216919119748499867e+01,1.208576422347026202e+01
4.218919691340383338e+01,1.347754066911658910e+01
4.220920262932266809e+01,1.453487254915044957e+01
4.222920834524150280e+01,1.567979917258611877e+01
4.224921406116033040e+01,1.589643825587847914e+01
4.226921977707916511e+01,1.781112895086198833e+01
4.228922549299799982e+01,1.880680724538620296e+01
4.230923120891683453e+01,1.968332297856070312e+01
4.232923692483566924e+01,1.994503944485866498e+01
4.234924264075450395e+01,2.165641914714373328e+01
4.236924835667333866e+01,2.333568972236879802e+01
4.238925407259217337e+01,2.489718499476368763e+01
4.240925978851100808e+01,2.600928488325492793e+01
4.242926550442983569e+01,2.723519754984506491e+01
4.244927122034867040e+01,2.832010611360191987e+01
4.246927693626750511e+01,3.007518891441624476e+01
4.248928265218633982e+01,3.036172363749658132e+01
4.250928836810517453e+01,3.158369127895664263e+01
4.252929408402400924e+01,3.177783854909101890e+01
4.254929979994284395e+01,3.197846002291927903e+01
4.256930551586167866e+01,3.286111330849527690e+01
4.258931123178051337e+01,3.285464212648375337e+01
4.260931694769934097e+01,3.310724438691944727e+01
4.262932266361817568e+01,3.323528766046312910e+01
4.264932837953701039e+01,3.208544566541439735e+01
4.266933409545584510e+01,3.171953591380856352e+01
4.268933981137467981e+01,3.142153823362222198e+01
4.270934552729351452e+01,2.972152782594585574e+01
4.272935124321234923e+01,2.992163241669832985e+01
4.274935695913118394e+01,2.903843059533055637e+01
4.276936267505001865e+01,2.903059235862909304e+01
4.278936839096885336e+01,2.778170607236363310e+01
4.280937410688768097e+01,2.742717296346470590e+01
4.282937982280651568e+01,2.743100783343881943e+01
4.284938553872535039e+01,2.646762475058075381e+01
4.286939125464418510e+01,2.630834620681520875e+01
4.288939697056301981e+01,2.612787304798776944e+01
4.290940268648185452e+01,2.653597157499164894e+01
4.292940840240068923e+01,2.702104671826719340e+01
4.294941411831952394e+01,2.679125539759012398e+01
4.296941983423835865e+01,2.646379110556581793e+01
4.298942555015718625e+01,2.579919848677940308e+01
4.300943126607602096e+01,2.539345641254656627e+01
4.302943698199485567e+01,2.568529845440877324e+01
4.304944269791369038e+01,2.438887271055165229e+01
4.306944841383252509e+01,2.373471991972167672e+01
4.308945412975135980e+01,2.235490739276572469e+01
4.310945984567019451e+01,2.184412245728466218e+01
4.312946556158902922e+01,1.993099381749806298e+01
4.314947127750786393e+01,1.899875521698922398e+01
4.316947699342669864e+01,1.904202071946346919e+01
4.318948270934552625e+01,1.696624130060614277e+01
4.320948842526436096e+01,1.650158190811843895e+01
4.322949414118319567e+01,1.557871502726892743e+01
4.324949985710203038e+01,1.549702436850674836e+01
4.326950557302086509e+01,1.433536799886563529e+01
4.328951128893969980e+01,1.499390117597108585e+01
4.330951700485853451e+01,1.390448660455150964e+01
4.332952272077736922e+01,1.472781156949068304e+01
4.334952843669620393e+01,1.396102786081612379e+01
4.336953415261503153e+01,1.417857033348032303e+01
4.338953986853386624e+01,1.542408784969234503e+01
4.340954558445270095e+01,1.524482627916358801e+01
4.342955130037153566e+01,1.622733966624745250e+01
4.344955701629037037e+01,1.733533339309333599e+01
4.346956273220920508e+01,1.709126457969021828e+01
4.348956844812803979e+01,1.831391857741257567e+01
4.350957416404687450e+01,1.983922901547000350e+01
4.352957987996570921e+01,2.125327240992083944e+01
4.354958559588453681e+01,2.182365081569556509e+01
4.356959131180337153e+01,2.187082238144490987e+01
4.358959702772220624e+01,2.315029134845573822e+01
4.360960274364104095e+01,2.484432971352988773e+01
4.362960845955987566e+01,2.523081840160684308e+01
4.364961417547871037e+01,2.489283691621426797e+01
4.366961989139754508e+01,2.607277168600457884e+01
4.368962560731637979e+01,2.647814416261352832e+01
4.370963132323521450e+01,2.698279989768453646e+01
4.372963703915404921e+01,2.676486281655862598e+01
4.374964275507287681e+01,2.698569620731432295e+01
4.376964847099171152e+01,2.633100500222899143e+01
4.378965418691054623e+01,2.725637599316480220e+01
4.380965990282938094e+01,2.683591278907616839e+01
4.382966561874821565e+01,2.613659740027720346e+01
4.384967133466705036e+01,2.656323923760483297e+01
4.386967705058588507e+01,2.641132222187214040e+01
4.388968276650471978e+01,2.608866803288148617e+01
4.390968848242355449e+01,2.612816676275689431e+01
4.392969419834238209e+01,2.769744347019370423e+01
4.394969991426121680e+01,2.798815371530788809e+01
4.396970563018005151e+01,2.825891036897940012e+01
4.398971134609888622e+01,2.888033373603853704e+01
4.400971706201772093e+01,2.893151494781335487e+01
4.402972277793655564e+01,2.931563433779411554e+01
4.404972849385539035e+01,3.026083807551786009e+01
4.406973420977422506e+01,3.112169791195760382e+01
4.408973992569305977e+01,3.139277342436248119e+01
4.410974564161189448e+01,3.154813192968440561e+01
4.412975135753072209e+01,3.225430000668031028e+01
4.414975707344955680e+01,3.279946820783271022e+01
4.416976278936839151e+01,3.330588376561941288e+01
4.418976850528722622e+01,3.352309369911556303e+01
4.420977422120606093e+01,3.471540717706765378e+01
4.422977993712489564e+01,3.467579339656376192e+01
4.424978565304373035e+01,3.532993077308535135e+01
4.426979136896256506e+01,3.551891558756958034e+01
4.428979708488139977e+01,3.625204059683512270e+01
4.430980280080022737e+01,3.669348476843410367e+01
4.432980851671906208e+01,3.729988262855091818e+01
4.434981423263789679e+01,3.744514044006135123e+01
4.436981994855673150e+01,3.920892898679493044e+01
4.438982566447556621e+01,3.935302422765298758e+01
4.440983138039440092e+01,3.969582540367568413e+01
4.442983709631323563e+01,4.175452828424141671e+01
4.444984281223207034e+01,4.223382951791879947e+01
4.446984852815090505e+01,4.190459468030610424e+01
4.448985424406973266e+01,4.257204278502351258e+01
4.450985995998856737e+01,4.253653363022941392e+01
4.452986567590740208e+01,4.169962859182260928e+01
4.454987139182623679e+01,4.184641800073617190e+01
4.456987710774507150e+01,4.155989141551511068e+01
4.458988282366390621e+01,4.077438922372854790e+01
4.460988853958274092e+01,4.072313662235325893e+01
4.462989425550157563e+01,3.995890594733441503e+01
4.464989997142041034e+01,3.809847418391623819e+01
4.466990568733924505e+01,3.810165933184696030e+01
4.468991140325807265e+01,3.646267439018488687e+01
4.470991711917690736e+01,3.527812306849504864e+01
4.472992283509574207e+01,3.311158626644388647e+01
4.474992855101457678e+01,3.192821264478616072e+01
4.476993426693341149e+01,2.995878859023066809e+01
4.478993998285224620e+01,2.850341075145380643e+01
4.480994569877108091e+01,2.683878829635662910e+01
4.482995141468991562e+01,2.488434422252442602e+01
4.484995713060875033e+01,2.293781646653339834e+01
4.486996284652757794e+01,2.174772533798808638e+01
4.488996856244641265e+01,2.007566310941541587e+01
4.490997427836524736e+01,1.841476418044770114e+01
4.492997999428408207e+01,1.640888357391661856e+01
4.494998571020291678e+01,1.494357705723728102e+01
4.496999142612175149e+01,1.429904745797247756e+01
4.498999714204058620e+01,1.369760930687949951e+01
4.501000285795942091e+01,1.201518297140018987e+01
4.503000857387825562e+01,1.137201746898009169e+01
4.505001428979709033e+01,1.098385182062556176e+01
4.507002000571591793e+01,1.050859891318947348e+01
4.509002572163475264e+01,1.060585125515654425e+01
4.511003143755358735e+01,9.618850951838396668e+00
4.513003715347242206e+01,9.864974911601688490e+00
4.515004286939125677e+01,1.035151362541389730e+01
4.517004858531009148e+01,9.911681386962069240e+00
4.519005430122892619e+01,1.000974207555368167e+01
4.521006001714776090e+01,1.002630763869300168e+01
4.523006573306659561e+01,1.042240125728761591e+01
4.525007144898542322e+01,1.089104438143131404e+01
4.527007716490425793e+01,1.185891921982158692e+01
4.529008288082309264e+01,1.104831517393008333e+01
4.531008859674192735e+01,1.204160157710377455e+01
4.533009431266076206e+01,1.301627656251365650e+01
4.535010002857959677e+01,1.373455632026765727e+01
4.537010574449843148e+01,1.469131436426191861e+01
4.539011146041726619e+01,1.537179715006611502e+01
4.541011717633610090e+01,1.615267181701854682e+01
4.543012289225492850e+01,1.809802963077373761e+01
4.545012860817376321e+01,1.849546077162865032e+01
4.547013432409259792e+01,2.060681568175927580e+01
4.549014004001143263e+01,2.123364101701347550e+01
4.551014575593026734e+01,2.350181967272039429e+01
4.553015147184910205e+01,2.557352174384091725e+01
4.555015718776793676e+01,2.685428612406794358e+01
4.557016290368677147e+01,2.870238602335250278e+01
4.559016861960560618e+01,3.041859005425432017e+01
4.561017433552444089e+01,3.160556730239281720e+01
4.563018005144326850e+01,3.340990317960499567e+01
4.565018576736210321e+01,3.425885420621146693e+01
4.567019148328093792e+01,3.588404218639149690e+01
4.569019719919977263e+01,3.698966262785650372e+01
4.571020291511860734e+01,3.763032151495492883e+01
4.573020863103744205e+01,3.809431786942724329e+01
4.575021434695627676e+01,3.775119047081028612e+01
4.577022006287511147e+01,3.835295827827756909e+01
4.579022577879394618e+01,3.756852165425856072e+01
4.581023149471277378e+01,3.699269247361875301e+01
4.583023721063160849e+01,3.618272440123412537e+01
4.585024292655044320e+01,3.504459180766028936e+01
4.587024864246927791e+01,3.398581883050678698e+01
4.589025435838811262e+01,3.251900916614469139e+01
4.591026007430694733e+01,3.079133883661918958e+01
4.593026579022578204e+01,2.908232216890452904e+01
4.595027150614461675e+01,2.745726448441277867e+01
4.597027722206345146e+01,2.647142443402739076e+01
4.599028293798228617e+01,2.455141415196718668e+01
4.601028865390111378e+01,2.416886655483412483e+01
4.603029436981994849e+01,2.271875262528971717e+01
4.605030008573878320e+01,2.153293338522688316e+01
4.607030580165761791e+01,2.011635726096679377e+01
4.609031151757645262e+01,1.941947813844987891e+01
4.611031723349528733e+01,1.916521853057465563e+01
4.613032294941412204e+01,1.908935406450627426e+01
4.615032866533295675e+01,1.808833049512923452e+01
4.617033438125179146e+01,1.839086895791602672e+01
4.619034009717061906e+01,1.771705199464403790e+01
4.621034581308945377e+01,1.771397244800225224e+01
4.623035152900828848e+01,1.862258794914162152e+01
4.625035724492712319e+01,1.881402052990356566e+01
4.627036296084595790e+01,1.744559249416304425e+01
4.629036867676479261e+01,1.747467219073543276e+01
4.631037439268362732e+01,1.781537622058202430e+01
4.633038010860246203e+01,1.847012906899743001e+01
4.635038582452129674e+01,1.769366862950632324e+01
4.637039154044012434e+01,1.647900956395117333e+01
4.639039725635895905e+01,1.623509318742760499e+01
4.641040297227779376e+01,1.658546555411317058e+01
4.643040868819662847e+01,1.617595951881667560e+01
4.645041440411546319e+01,1.538847432999176057e+01
4.647042012003429790e+01,1.559156225802370521e+01
4.649042583595313261e+01,1.498780509725751564e+01
4.651043155187196732e+01,1.484034743945496082e+01
4.653043726779080203e+01,1.378600889913952621e+01
4.655044298370963674e+01,1.364360706018169189e+01
4.657044869962846434e+01,1.396645648043032040e+01
4.659045441554729905e+01,1.464546544199973965e+01
4.661046013146613376e+01,1.476687601924078663e+01
4.663046584738496847e+01,1.394440345140407445e+01
4.665047156330380318e+01,1.548685080068070263e+01
4.667047727922263789e+01,1.539962594892107894e+01
4.669048299514147260e+01,1.679572491997029715e+01
4.671048871106030731e+01,1.735142078323811887e+01
4.673049442697914202e+01,1.753787776021185252e+01
4.675050014289796962e+01,1.815364434083353018e+01
4.677050585881680433e+01,1.796511766404617561e+01
4.679051157473563904e+01,1.908462023346681491e+01
4.681051729065447375e+01,1.978805128804150826e+01
4.683052300657330846e+01,1.968342172737534668e+01
4.685052872249214317e+01,1.989011621206278591e+01
4.687053443841097788e+01,2.076516391475844969e+01
4.689054015432981259e+01,2.047609150559081925e+01
4.691054587024864730e+01,2.011691340948845408e+01
4.693055158616748201e+01,1.844386604606955871e+01
4.695055730208630962e+01,1.866232960453081802e+01
4.697056301800514433e+01,1.804928335380984095e+01
4.699056873392397904e+01,1.724910085034616358e+01
4.701057444984281375e+01,1.627130757835030295e+01
4.703058016576164846e+01,1.522403192390001081e+01
4.705058588168048317e+01,1.628126442119459227e+01
4.707059159759931788e+01,1.398480344621529703e+01
4.709059731351815259e+01,1.450646850298902990e+01
4.711060302943698730e+01,1.416975125276319503e+01
4.713060874535581490e+01,1.311420441981258733e+01
4.715061446127464961e+01,1.350088875391261212e+01
4.717062017719348432e+01,1.320971125368489751e+01
4.719062589311231903e+01,1.346328784005385693e+01
4.721063160903115374e+01,1.319826771833412238e+01
4.723063732494998845e+01,1.354243509434553161e+01
4.725064304086882316e+01,1.380120075282007441e+01
4.727064875678765787e+01,1.402743097358790259e+01
4.729065447270649258e+01,1.520313551458026424e+01
4.731066018862532019e+01,1.585845109660478869e+01
4.733066590454415490e+01,1.613964788379654181e+01
4.735067162046298961e+01,1.728717644022613342e+01
4.737067733638182432e+01,1.843352960936961438e+01
4.739068305230065903e+01,1.878901855132260224e+01
4.741068876821949374e+01,1.970101677071003365e+01
4.743069448413832845e+01,1.973563866706123093e+01
4.745070020005716316e+01,2.030810928776561752e+01
4.747070591597599787e+01,2.104684983833134382e+01
4.749071163189483258e+01,2.193920740353057752e+01
4.751071734781366018e+01,2.248799665578680163e+01
4.753072306373249489e+01,2.245123296095213306e+01
4.755072877965132960e+01,2.306856049753884719e+01
4.757073449557016431e+01,2.238348736455704469e+01
4.759074021148899902e+01,2.217640447004475490e+01
4.761074592740783373e+01,2.220634588085674466e+01
4.763075164332666844e+01,2.168165120576669835e+01
4.765075735924550315e+01,2.130420298255011602e+01
4.767076307516433786e+01,2.131181683361475265e+01
4.769076879108316547e+01,2.054050545900970093e+01
4.771077450700200018e+01,2.021413630955855467e+01
4.773078022292083489e+01,1.954374249434526689e+01
4.775078593883966960e+01,1.901651198350198513e+01
4.777079165475850431e+01,1.956688530201530440e+01
4.779079737067733902e+01,1.869491081491637630e+01
4.781080308659617373e+01,1.898210352538764312e+01
4.783080880251500844e+01,1.802426059103548184e+01
4.785081451843384315e+01,1.790104993635649322e+01
4.787082023435267075e+01,1.806971437817637849e+01
4.789082595027150546e+01,1.780970480965032010e+01
4.791083166619034017e+01,1.736000124517572374e+01
4.793083738210917488e+01,1.786126728785966122e+01
4.795084309802800959e+01,1.678532082365270739e+01
4.797084881394684430e+01,1.631510830112639354e+01
4.799085452986567901e+01,1.624762136312741490e+01
4.801086024578451372e+01,1.543701724599070246e+01
4.803086596170334843e+01,1.451055730892483808e+01
4.805087167762218314e+01,1.439617654889898013e+01
4.807087739354101075e+01,1.385591679436040735e+01
4.809088310945984546e+01,1.195188515678540320e+01
4.811088882537868017e+01,1.208504770933505412e+01
4.813089454129751488e+01,1.160999602249604301e+01
4.815090025721634959e+01,1.107212889874691797e+01
4.817090597313518430e+01,1.071304236946135013e+01
4.819091168905401901e+01,1.065681314016429226e+01
4.821091740497285372e+01,1.025869818400065370e+01
4.823092312089168843e+01,1.033845898324513257e+01
4.825092883681051603e+01,1.029374935390336532e+01
4.827093455272935074e+01,9.913796159940494235e+00
4.829094026864818545e+01,1.037236258730558625e+01
4.831094598456702016e+01,9.851198203616753801e+00
4.833095170048585487e+01,1.085487236274219924e+01
4.835095741640468958e+01,1.046779423481262228e+01
4.837096313232352429e+01,1.182407930639668514e+01
4.839096884824235900e+01,1.265331116314716731e+01
4.841097456416119371e+01,1.355881514330249260e+01
4.843098028008002842e+01,1.312660005190561918e+01
4.845098599599885603e+01,1.458175603436523993e+01
4.847099171191769074e+01,1.508274345372628389e+01
4.849099742783652545e+01,1.613877537812879481e+01
4.851100314375536016e+01,1.791783227817516888e+01
4.853100885967419487e+01,1.787541734322377351e+01
4.855101457559302958e+01,1.977319296837434592e+01
4.857102029151186429e+01,2.079642584671955774e+01
4.859102600743069900e+01,2.191295795004171509e+01
4.861103172334953371e+01,2.306103017648073461e+01
4.863103743926836131e+01,2.428694340199087875e+01
4.865104315518719602e+01,2.500535236677045958e+01
4.867104887110603073e+01,2.497374064152283779e+01
4.869105458702486544e+01,2.743476691659382283e+01
4.871106030294370015e+01,2.689878962801486040e+01
4.873106601886253486e+01,2.723303961807616957e+01
4.875107173478136957e+01,2.845677377530675400e+01
4.877107745070020428e+01,2.722301572812872195e+01
4.879108316661903899e+01,2.793334094404849566e+01
4.881108888253786660e+01,2.771559198510560051e+01
4.883109459845670131e+01,2.765857576418697761e+01
4.885110031437553602e+01,2.670281510149414572e+01
4.887110603029437073e+01,2.582434671707250828e+01
4.889111174621320544e+01,2.600367308804862532e+01
4.891111746213204015e+01,2.457044544754495519e+01
4.893112317805087486e+01,2.459958379787790506e+01
4.895112889396970957e+01,2.358756752819768820e+01
4.897113460988854428e+01,2.242852234631223851e+01
4.899114032580737899e+01,2.208490632590000047e+01
4.901114604172620659e+01,2.135569689892339085e+01
4.903115175764504130e+01,2.112087234766322297e+01
4.905115747356387601e+01,2.037558252212497223e+01
4.907116318948271072e+01,1.939027302316788592e+01
4.909116890540154543e+01,1.882782793730106619e+01
4.911117462132038014e+01,1.850772542935895615e+01
4.913118033723921485e+01,1.840643179725257284e+01
4.915118605315804956e+01,1.832668287815922525e+01
4.917119176907688427e+01,1.864368483709678515e+01
4.919119748499571187e+01,1.827896260581925247e+01
4.921120320091454658e+01,1.871839943141011631e+01
4.923120891683338129e+01,1.902508050447084642e+01
4.925121463275221600e+01,1.928294759495159383e+01
4.927122034867105071e+01,1.934152813806029059e+01
4.929122606458988542e+01,2.022632138998764617e+01
4.931123178050872014e+01,2.041720507677996110e+01
4.933123749642755485e+01,2.044890386718046216e+01
4.935124321234638956e+01,2.088368942759244362e+01
4.937124892826522427e+01,2.161261217817526159e+01
4.939125464418405187e+01,2.206803846211973053e+01
4.941126036010288658e+01,2.173512759077278034e+01
4.943126607602172129e+01,2.226202775959531976e+01
4.945127179194055600e+01,2.278230067309364415e+01
4.947127750785939071e+01,2.374031933906136871e+01
4.949128322377822542e+01,2.305972959195833027e+01
4.951128893969706013e+01,2.386431531187099608e+01
4.953129465561589484e+01,2.455131449768286700e+01
4.955130037153472955e+01,2.512031588264083837e+01
4.957130608745355715e+01,2.566438372731680317e+01
4.959131180337239186e+01,2.615571457710149517e+01
4.961131751929122657e+01,2.870323255981607957e+01
4.963132323521006128e+01,2.970978502933953536e+01
4.965132895112889599e+01,2.986781602221550358e+01
4.967133466704773070e+01,3.034324140804998748e+01
4.969134038296656541e+01,3.276488855546050161e+01
4.971134609888540012e+01,3.358568415144285524e+01
4.973135181480423483e+01,3.418593825000218089e+01
4.975135753072306244e+01,3.460410304195505660e+01
4.977136324664189715e+01,3.425035500054848825e+01
4.979136896256073186e+01,3.536540183709423246e+01
4.981137467847956657e+01,3.538113488362870385e+01
4.983138039439840128e+01,3.424575021917818418e+01
4.985138611031723599e+01,3.423497976442666868e+01
4.987139182623607070e+01,3.275676309683564114e+01
4.989139754215490541e+01,3.193571445550718124e+01
4.991140325807374012e+01,2.983247914333740169e+01
4.993140897399257483e+01,2.789695567922152719e+01
4.995141468991140243e+01,2.709376095159193909e+01
4.997142040583023714e+01,2.552162555135008404e+01
4.999142612174907185e+01,2.378862560267777226e+01
5.001143183766790656e+01,2.258148298664760745e+01
5.003143755358674127e+01,2.108129980749633248e+01
5.005144326950557598e+01,2.009085196655381367e+01
5.007144898542441069e+01,1.859320396637557593e+01
5.009145470134324540e+01,1.741579580556472351e+01
5.011146041726208011e+01,1.752600432664215546e+01
5.013146613318090772e+01,1.626967482790719188e+01
5.015147184909974243e+01,1.608770745016987291e+01
5.017147756501857714e+01,1.588949900767232037e+01
5.019148328093741185e+01,1.594598603315484731e+01
5.021148899685624656e+01,1.521899680550948375e+01
5.023149471277508127e+01,1.608420794014612554e+01
5.025150042869391598e+01,1.562161297245827996e+01
5.027150614461275069e+01,1.654383297353407301e+01
5.029151186053158540e+01,1.826655815073933908e+01
5.031151757645042011e+01,1.831629703401598164e+01
5.033152329236924771e+01,1.840013678751176229e+01
5.035152900828808242e+01,1.948639712658872725e+01
5.037153472420691713e+01,2.032713964488711156e+01
5.039154044012575184e+01,2.101280542333417145e+01
5.041154615604458655e+01,2.083964070751534337e+01
5.043155187196342126e+01,2.236826498903737459e+01
5.045155758788225597e+01,2.189250795825535789e+01
5.047156330380109068e+01,2.275039423887947265e+01
5.049156901971992539e+01,2.320576712121766860e+01
5.051157473563875300e+01,2.258695074255843593e+01
5.053158045155758771e+01,2.325682545196791295e+01
5.055158616747642242e+01,2.325368217384071912e+01
5.057159188339525713e+01,2.336865730570447397e+01
5.059159759931409184e+01,2.336038646800985674e+01
5.061160331523292655e+01,2.350131950659697111e+01
5.063160903115176126e+01,2.171469475442878405e+01
5.065161474707059597e+01,2.216225706096007286e+01
5.067162046298943068e+01,2.175225252491068062e+01
5.069162617890825828e+01,2.004183082769430158e+01
5.071163189482709299e+01,1.994766233526276267e+01
5.073163761074592770e+01,2.011766412063747822e+01
5.075164332666476241e+01,1.860435562926906528e+01
5.077164904258359712e+01,1.949219648422851492e+01
5.079165475850243183e+01,1.764406044476632829e+01
5.081166047442126654e+01,1.810446196143345077e+01
5.083166619034010125e+01,1.728839195348746216e+01
5.085167190625893596e+01,1.788131443123548792e+01
5.087167762217777067e+01,1.824096743373263863e+01
5.089168333809659828e+01,1.766541965941729231e+01
5.091168905401543299e+01,1.787003591798832858e+01
5.093169476993426770e+01,1.792835401724240540e+01
5.095170048585310241e+01,1.742568140204257787e+01
5.097170620177193712e+01,1.714259275050556397e+01
5.099171191769077183e+01,1.688008137415202725e+01
5.101171763360960654e+01,1.707015515062678190e+01
5.103172334952844125e+01,1.651752655258638924e+01
5.105172906544727596e+01,1.594146218899110146e+01
5.107173478136610356e+01,1.494448757795844074e+01
5.109174049728493827e+01,1.409080022781117592e+01
5.111174621320377298e+01,1.471813117831264606e+01
5.113175192912260769e+01,1.391511187234365465e+01
5.115175764504144240e+01,1.307590362041267618e+01
5.117176336096027711e+01,1.254540284755269752e+01
5.119176907687911182e+01,1.194504594199759850e+01
5.121177479279794653e+01,1.258853997631560517e+01
5.123178050871678124e+01,1.166712872946936130e+01
5.125178622463561595e+01,1.179779610593030093e+01
5.127179194055444356e+01,1.219022507921467025e+01
5.129179765647327827e+01,1.156800118233757857e+01
5.131180337239211298e+01,1.186299430904588448e+01
5.133180908831094769e+01,1.220236302453609056e+01
5.135181480422978240e+01,1.332049784321619867e+01
5.137182052014861711e+01,1.334805456573569238e+01
5.139182623606745182e+01,1.509795449375224763e+01
5.141183195198628653e+01,1.570113194208790475e+01
5.143183766790512124e+01,1.692339578392841304e+01
5.145184338382394884e+01,1.785148695157832321e+01
5.147184909974278355e+01,1.851203177602214112e+01
5.149185481566161826e+01,2.085113363361336525e+01
5.151186053158045297e+01,2.151350829195995118e+01
5.153186624749928768e+01,2.260101932364740662e+01
5.155187196341812239e+01,2.341831462522179663e+01
5.157187767933695710e+01,2.465937575322134023e+01
5.159188339525579181e+01,2.592156005311200317e+01
5.161188911117462652e+01,2.615054839808960807e+01
5.163189482709345413e+01,2.726508092502514558e+01
5.165190054301228884e+01,2.759282714793884139e+01
5.167190625893112355e+01,2.920257482652441894e+01
5.169191197484995826e+01,2.885828945304278648e+01
5.171191769076879297e+01,2.795862504957557348e+01
5.173192340668762768e+01,2.856302854218921539e+01
5.175192912260646239e+01,2.792777724437448938e+01
5.177193483852529710e+01,2.713080373603056117e+01
5.179194055444413181e+01,2.666578859635986021e+01
5.181194627036296652e+01,2.635158432261593120e+01
5.183195198628179412e+01,2.454800968857376020e+01
5.185195770220062883e+01,2.408097699682210902e+01
5.187196341811946354e+01,2.283518413608837960e+01
5.189196913403829825e+01,2.292686281306693274e+01
5.191197484995713296e+01,2.189583335684979915e+01
5.193198056587596767e+01,2.102261956011956201e+01
5.195198628179480238e+01,2.132793127063834504e+01
5.197199199771363709e+01,2.083688122560035794e+01
5.199199771363247180e+01,2.069987348582551334e+01
5.201200342955129940e+01,2.118438831380110088e+01
5.203200914547013411e+01,2.195363976715690768e+01
5.205201486138896882e+01,2.182273888284426278e+01
5.207202057730780353e+01,2.268996187690243005e+01
5.209202629322663824e+01,2.247309839778617047e+01
5.211203200914547295e+01,2.227414029058467193e+01
5.213203772506430766e+01,2.258113226522195305e+01
5.215204344098314237e+01,2.221111701527480520e+01
5.217204915690197708e+01,2.277795685632697342e+01
5.219205487282081180e+01,2.255259404901577369e+01
5.221206058873963940e+01,2.271092087896740708e+01
5.223206630465847411e+01,2.219459514099359154e+01
5.225207202057730882e+01,2.189765235809313282e+01
5.227207773649614353e+01,2.137023391177725529e+01
5.229208345241497824e+01,2.107715320129221226e+01
5.231208916833381295e+01,2.000537214955735976e+01
5.233209488425264766e+01,1.971763839801679552e+01
5.235210060017148237e+01,1.962212764030380896e+01
5.237210631609031708e+01,1.890094622139099201e+01
5.239211203200914468e+01,1.878916253417150273e+01
5.241211774792797939e+01,1.791951935326951428e+01
5.243212346384681410e+01,1.736702083473868896e+01
5.245212917976564881e+01,1.726616983682078654e+01
5.247213489568448352e+01,1.603159616479883454e+01
5.249214061160331823e+01,1.641425615396623883e+01
5.251214632752215294e+01,1.674116540411747422e+01
5.253215204344098765e+01,1.705527870029280280e+01
5.255215775935982236e+01,1.671250737200733028e+01
5.257216347527864997e+01,1.675862854296974547e+01
5.259216919119748468e+01,1.651661090923307285e+01
5.261217490711631939e+01,1.601267640719401442e+01
5.263218062303515410e+01,1.659672365756510004e+01
5.265218633895398881e+01,1.749447103477753984e+01
5.267219205487282352e+01,1.722255510306313653e+01
5.269219777079165823e+01,1.694115826284026483e+01
5.271220348671049294e+01,1.724689119855004193e+01
5.273220920262932765e+01,1.704025252398153611e+01
5.275221491854816236e+01,1.771819351685839194e+01
5.277222063446698996e+01,1.888470628688587283e+01
5.279222635038582467e+01,1.994186132996816951e+01
5.281223206630465938e+01,2.023049823504351252e+01
5.283223778222349409e+01,2.034338439856689362e+01
5.285224349814232880e+01,2.098056685492267448e+01
5.287224921406116351e+01,2.234072098092545389e+01
5.289225492997999822e+01,2.234060746573312883e+01
5.291226064589883293e+01,2.350878922048019604e+01
5.293226636181766764e+01,2.357713222435085498e+01
5.295227207773649525e+01,2.523754522662442668e+01
5.297227779365532996e+01,2.646973918233857148e+01
5.299228350957416467e+01,2.658297442138161770e+01
5.301228922549299938e+01,2.845468419398538273e+01
5.303229494141183409e+01,2.880014905866773489e+01
5.305230065733066880e+01,3.022538599449085694e+01
5.307230637324950351e+01,3.066351973952751564e+01
5.309231208916833822e+01,3.085922328864783282e+01
5.311231780508717293e+01,3.193916410989999122e+01
5.313232352100600764e+01,3.244785122566467805e+01
5.315232923692483524e+01,3.289073140307784371e+01
5.317233495284366995e+01,3.236534282696794662e+01
5.319234066876250466e+01,3.340656089260390615e+01
5.321234638468133937e+01,3.304695778204357737e+01
5.323235210060017408e+01,3.310767233660489239e+01
5.325235781651900879e+01,3.309692158462219425e+01
5.327236353243784350e+01,3.321246840600535677e+01
5.329236924835667821e+01,3.217049972171929539e+01
5.331237496427551292e+01,3.220207628740097050e+01
5.333238068019434053e+01,3.162093847921964596e+01
5.335238639611317524e+01,3.105586667308523374e+01
5.337239211203200995e+01,3.046991193961300226e+01
5.339239782795084466e+01,2.976114112490626340e+01
5.341240354386967937e+01,2.877846501920236122e+01
5.343240925978851408e+01,2.757600272660669560e+01
5.345241497570734879e+01,2.670795174142549655e+01
5.347242069162618350e+01,2.657034365619677629e+01
5.349242640754501821e+01,2.501522828383999553e+01
5.351243212346384581e+01,2.411023665940250993e+01
5.353243783938268052e+01,2.362125736584065194e+01
5.355244355530151523e+01,2.090702873739748213e+01
5.357244927122034994e+01,2.129163854176712078e+01
5.359245498713918465e+01,1.929627250420285733e+01
5.361246070305801936e+01,1.832498775930833190e+01
5.363246641897685407e+01,1.706674646988996358e+01
5.365247213489568878e+01,1.725677141226632472e+01
5.367247785081452349e+01,1.605327838418467223e+01
5.369248356673335820e+01,1.506985950848991607e+01
5.371248928265218581e+01,1.343603445027052068e+01
5.373249499857102052e+01,1.309174672118810889e+01
5.375250071448985523e+01,1.283177176491969362e+01
5.377250643040868994e+01,1.209743380566969506e+01
5.379251214632752465e+01,1.145695411770807759e+01
5.381251786224635936e+01,1.096364297854978709e+01
5.383252357816519407e+01,1.051563586379262638e+01
5.385252929408402878e+01,1.033929869432683901e+01
5.387253501000286349e+01,9.741610114283366428e+00
5.389254072592169109e+01,9.991353864254802986e+00
5.391254644184052580e+01,9.159341571554122652e+00
5.393255215775936051e+01,8.769872350463870703e+00
5.395255787367819522e+01,8.934478449151026069e+00
5.397256358959702993e+01,8.639889813498569993e+00
5.399256930551586464e+01,8.394390780531837848e+00
5.401257502143469935e+01,7.727882878877462502e+00
5.403258073735353406e+01,8.062670074698692346e+00
5.405258645327236877e+01,7.309043712384516667e+00
5.407259216919120348e+01,8.247734538844287755e+00
5.409259788511003109e+01,8.634066856888502173e+00
5.411260360102886580e+01,7.755135189021522102e+00
5.413260931694770051e+01,8.810990994239425333e+00
5.415261503286653522e+01,8.192360079068009782e+00
5.417262074878536993e+01,9.435560926320569308e+00
5.419262646470420464e+01,9.418924072239196477e+00
5.421263218062303935e+01,9.731743544085734499e+00
5.423263789654187406e+01,9.858312319227547249e+00
5.425264361246070877e+01,9.124844282363117287e+00
5.427264932837953637e+01,1.095766643234495774e+01
5.429265504429837108e+01,1.082674214887086706e+01
5.431266076021720579e+01,1.078549675314993905e+01
5.433266647613604050e+01,1.207575268584973927e+01
5.435267219205487521e+01,1.185654059920546111e+01
5.437267790797370992e+01,1.275134595324623810e+01
5.439268362389254463e+01,1.356806625538757061e+01
5.441268933981137934e+01,1.370122316713374744e+01
5.443269505573021405e+01,1.441051556132725864e+01
5.445270077164904166e+01,1.499601610011508335e+01
5.447270648756787637e+01,1.529566394671689267e+01
5.449271220348671108e+01,1.574386283902161132e+01
5.451271791940554579e+01,1.658116878963285501e+01
5.453272363532438050e+01,1.598808485736713081e+01
5.455272935124321521e+01,1.608726571491093793e+01
5.457273506716204992e+01,1.559305991532391467e+01
5.459274078308088463e+01,1.613123903583555219e+01
5.461274649899971934e+01,1.582502296544646647e+01
5.463275221491855405e+01,1.592915868227609977e+01
5.465275793083738165e+01,1.652181712430576610e+01
5.467276364675621636e+01,1.582447770094200656e+01
5.469276936267505107e+01,1.582849764048794583e+01
5.471277507859388578e+01,1.538973379614387405e+01
5.473278079451272049e+01,1.597191997585813539e+01
5.475278651043155520e+01,1.560210196827536144e+01
5.477279222635038991e+01,1.649861810282577324e+01
5.479279794226922462e+01,1.660367147578199365e+01
5.481280365818805933e+01,1.671017897775490724e+01
5.483280937410688693e+01,1.718250828634112892e+01
5.485281509002572164e+01,1.758885571852416518e+01
5.487282080594455635e+01,1.795919358102522523e+01
5.489282652186339106e+01,1.890824953324784730e+01
5.491283223778222577e+01,1.930031629688778594e+01
5.493283795370106048e+01,1.926847991215799283e+01
5.495284366961989519e+01,1.988309690673076346e+01
5.497284938553872990e+01,1.988161252214599273e+01
5.499285510145756461e+01,2.059988306540826741e+01
5.501286081737639222e+01,1.954296966587562423e+01
5.503286653329522693e+01,1.992722588333408140e+01
5.505287224921406164e+01,2.043341379051644680e+01
5.507287796513289635e+01,2.014140051791434871e+01
5.509288368105173106e+01,2.013148168597649956e+01
5.511288939697056577e+01,2.098426821929928110e+01
5.513289511288940048e+01,2.060483377765342183e+01
5.515290082880823519e+01,2.066770693085031851e+01
5.517290654472706990e+01,2.042548049437265334e+01
5.519291226064590461e+01,2.099171910301767241e+01
5.521291797656473221e+01,2.162557923633974255e+01
5.523292369248356692e+01,2.176691532868300527e+01
5.525292940840240163e+01,2.203684594780690986e+01
5.527293512432123634e+01,2.267556798585162880e+01
5.529294084024007105e+01,2.287804525972332215e+01
5.531294655615890576e+01,2.385165397970533263e+01
5.533295227207774047e+01,2.422085232662245602e+01
5.535295798799657518e+01,2.494836724643795733e+01
5.537296370391540989e+01,2.588904605687700666e+01
5.539296941983423750e+01,2.561514608815893368e+01
5.541297513575307221e+01,2.592975663474754100e+01
5.543298085167190692e+01,2.592785620806468927e+01
5.545298656759074163e+01,2.658501397588041826e+01
5.547299228350957634e+01,2.672844867620392506e+01
5.549299799942841105e+01,2.691491334355510290e+01
5.551300371534724576e+01,2.656287263341188876e+01
5.553300943126608047e+01,2.740219398089347536e+01
5.555301514718491518e+01,2.670390016934344857e+01
5.557302086310374989e+01,2.753010478761893864e+01
5.559302657902257749e+01,2.691127352918431725e+01
5.561303229494141220e+01,2.736498329666702034e+01
5.563303801086024691e+01,2.732906241346338305e+01
5.565304372677908162e+01,2.717050879293579868e+01
5.567304944269791633e+01,2.602007988347576628e+01
5.569305515861675104e+01,2.671638306453518652e+01
5.571306087453558575e+01,2.514898379887620194e+01
5.573306659045442046e+01,2.548538352869491419e+01
5.575307230637325517e+01,2.443061681257423956e+01
5.577307802229208278e+01,2.409663691104892536e+01
5.579308373821091749e+01,2.312244328991898001e+01
5.581308945412975220e+01,2.263745049641443075e+01
5.583309517004858691e+01,2.062591252959678201e+01
5.585310088596742162e+01,1.886418291352057253e+01
5.587310660188625633e+01,1.857155007333025765e+01
5.589311231780509104e+01,1.786815356285783096e+01
5.591311803372392575e+01,1.628328991567666151e+01
5.593312374964276046e+01,1.540867177298324364e+01
5.595312946556158806e+01,1.380550865631308177e+01
5.597313518148042277e+01,1.395178601520822426e+01
5.599314089739925748e+01,1.247380119358581929e+01
5.601314661331809219e+01,1.219221047159009075e+01
5.603315232923692690e+01,1.132964964516325423e+01
5.605315804515576161e+01,1.110825369495500503e+01
5.607316376107459632e+01,1.100398280477635282e+01
5.609316947699343103e+01,1.137358430612317761e+01
5.611317519291226574e+01,1.021604290206549415e+01
5.613318090883110045e+01,1.012741881867736637e+01
5.615318662474992806e+01,1.082815977465155299e+01
5.617319234066876277e+01,1.056595929115566967e+01
5.619319805658759748e+01,1.090688236563230795e+01
5.621320377250643219e+01,1.193390242074161733e+01
5.623320948842526690e+01,1.219082018040089821e+01
5.625321520434410161e+01,1.186776498832796456e+01
5.627322092026293632e+01,1.229560497937715269e+01
5.629322663618177103e+01,1.205084876107221703e+01
5.631323235210060574e+01,1.269756417991523634e+01
5.633323806801943334e+01,1.242575515680644926e+01
5.635324378393826805e+01,1.290394031692496313e+01
5.637324949985710276e+01,1.251192315048062120e+01
5.639325521577593747e+01,1.254803094756060489e+01
5.641326093169477218e+01,1.189830263069108796e+01
5.643326664761360689e+01,1.214383064381079436e+01
5.645327236353244160e+01,1.142219381956204494e+01
5.647327807945127631e+01,1.069141702465583066e+01
5.649328379537011102e+01,1.037335882738418391e+01
5.651328951128894573e+01,1.132764042008413696e+01
5.653329522720777334e+01,1.001474260921193604e+01
5.655330094312660805e+01,1.026177020549392260e+01
5.657330665904544276e+01,8.935531077462428584e+00
5.659331237496427747e+01,8.797262149132404119e+00
5.661331809088311218e+01,9.512537090392994443e+00
5.663332380680194689e+01,9.364470347061175204e+00
5.665332952272078160e+01,8.448564558680521586e+00
5.667333523863961631e+01,8.524946851377476875e+00
5.669334095455845102e+01,8.566895169235763774e+00
5.671334667047727862e+01,8.973962112119171053e+00
5.673335238639611333e+01,8.965526318185556676e+00
5.675335810231494804e+01,9.044059614047878171e+00
5.677336381823378275e+01,1.000287414468703417e+01
5.679336953415261746e+01,9.347441304723279387e+00
5.681337525007145217e+01,1.064774657038771721e+01
5.683338096599028688e+01,1.093512233385584764e+01
5.685338668190912159e+01,1.147677882294038909e+01
5.687339239782795630e+01,1.205949756805491546e+01
5.689339811374678391e+01,1.405251430909861199e+01
5.691340382966561862e+01,1.500998228822568592e+01
5.693340954558445333e+01,1.611598206366488739e+01
5.695341526150328804e+01,1.711326291170514224e+01
5.697342097742212275e+01,1.870341546145855460e+01
5.699342669334095746e+01,1.979935126174520832e+01
5.701343240925979217e+01,2.172712319299729700e+01
5.703343812517862688e+01,2.246653309951325994e+01
5.705344384109746159e+01,2.313554329067866178e+01
5.707344955701629630e+01,2.542010792453065449e+01
5.709345527293512390e+01,2.563877405760819528e+01
5.711346098885395861e+01,2.609673426425380072e+01
5.713346670477279332e+01,2.743379690643865843e+01
5.715347242069162803e+01,2.656809149744160692e+01
5.717347813661046274e+01,2.661925791939953712e+01
5.719348385252929745e+01,2.584607248011457870e+01
5.721348956844813216e+01,2.514133934392962288e+01
5.723349528436696687e+01,2.407739940239514453e+01
5.725350100028580158e+01,2.252833575864103821e+01
5.727350671620462919e+01,2.140271109244086745e+01
5.729351243212346390e+01,2.037276186532186273e+01
5.731351814804229861e+01,1.961605302638894699e+01
5.733352386396113332e+01,1.786579075674439210e+01
5.735352957987996803e+01,1.620940992350759302e+01
5.737353529579880274e+01,1.489419812018308598e+01
5.739354101171763745e+01,1.502106091473717342e+01
5.741354672763647216e+01,1.430630690046299591e+01
5.743355244355530687e+01,1.348669328270590917e+01
5.745355815947414158e+01,1.341415877390584654e+01
5.747356387539296918e+01,1.265472624643980559e+01
5.749356959131180389e+01,1.251970044823158901e+01
5.751357530723063860e+01,1.189521492184960216e+01
5.753358102314947331e+01,1.293811532804114961e+01
5.755358673906830802e+01,1.326114737799983700e+01
5.757359245498714273e+01,1.252058921533535951e+01
5.759359817090597744e+01,1.404779915776776811e+01
5.761360388682481215e+01,1.322034504771793095e+01
5.763360960274364686e+01,1.330894625737307635e+01
5.765361531866247446e+01,1.372343987064761883e+01
5.767362103458130917e+01,1.450751558239260675e+01
5.769362675050014388e+01,1.370518511999273414e+01
5.771363246641897859e+01,1.410305433510464468e+01
5.773363818233781330e+01,1.426420660367872273e+01
5.775364389825664801e+01,1.540025462219144359e+01
5.777364961417548272e+01,1.557903227697256909e+01
5.779365533009431743e+01,1.554716356308660785e+01
5.781366104601315214e+01,1.529746637377624729e+01
5.783366676193197975e+01,1.667478086837970608e+01
5.785367247785081446e+01,1.630627572073565190e+01
5.787367819376964917e+01,1.643082456030149530e+01
5.789368390968848388e+01,1.764959047976781648e+01
5.791368962560731859e+01,1.874046702051840185e+01
5.793369534152615330e+01,1.839131616495081900e+01
5.795370105744498801e+01,1.930340919297691471e+01
5.797370677336382272e+01,2.040542632894772268e+01
5.799371248928265743e+01,2.077851240350095807e+01
5.801371820520149214e+01,2.165962977478977436e+01
5.803372392112031974e+01,2.134638527942161446e+01
5.805372963703915445e+01,2.186807897627183195e+01
5.807373535295798916e+01,2.181339543272966353e+01
5.809374106887682387e+01,2.221038592422550195e+01
5.811374678479565858e+01,2.242484101269589658e+01
5.813375250071449329e+01,2.223529170558681400e+01
5.815375821663332800e+01,2.216278079623168651e+01
5.817376393255216271e+01,2.156007424413348161e+01
5.819376964847099742e+01,1.996678516629488342e+01
5.821377536438982503e+01,1.995701595507355108e+01
5.823378108030865974e+01,1.959620468090966483e+01
5.825378679622749445e+01,1.875430053066928338e+01
5.827379251214632916e+01,1.812501849884710481e+01
5.829379822806516387e+01,1.699618178359284570e+01
5.831380394398399858e+01,1.607616857203844773e+01
5.833380965990283329e+01,1.685145036272527719e+01
5.835381537582166800e+01,1.553501308066910269e+01
5.837382109174050271e+01,1.558270393194364978e+01
5.839382680765933742e+01,1.543100176121066802e+01
5.841383252357816502e+01,1.538292559148844063e+01
5.843383823949699973e+01,1.613168100936858096e+01
5.845384395541583444e+01,1.631255918971203656e+01
5.847384967133466915e+01,1.687945796246723518e+01
5.849385538725350386e+01,1.757153105789115699e+01
5.851386110317233857e+01,1.779900857523457347e+01
5.853386681909117328e+01,1.845541968016481604e+01
5.855387253501000799e+01,1.898057173392249197e+01
5.857387825092884270e+01,1.982110119500040923e+01
5.859388396684767031e+01,2.065779834219505062e+01
5.861388968276650502e+01,2.143152730519404514e+01
5.863389539868533973e+01,2.280178147289873891e+01
5.865390111460417444e+01,2.372258039840957622e+01
5.867390683052300915e+01,2.445894536867420754e+01
5.869391254644184386e+01,2.495141712380342724e+01
5.871391826236067857e+01,2.497211725256811121e+01
5.873392397827951328e+01,2.667398648385589155e+01
5.875392969419834799e+01,2.638125857128495966e+01
5.877393541011717559e+01,2.634962829996775113e+01
5.879394112603601030e+01,2.659260757871209080e+01
5.881394684195484501e+01,2.706071699582950885e+01
5.883395255787367972e+01,2.692302188760679371e+01
5.885395827379251443e+01,2.571004862916779032e+01
5.887396398971134914e+01,2.551411454091441300e+01
5.889396970563018385e+01,2.595649866719028154e+01
5.891397542154901856e+01,2.410163074395874361e+01
5.893398113746785327e+01,2.360997947777809713e+01
5.895398685338668798e+01,2.308399077497619345e+01
5.897399256930551559e+01,2.158048085140827510e+01
5.899399828522435030e+01,2.126838850238715395e+01
5.901400400114318501e+01,2.040616939732643687e+01
5.903400971706201972e+01,1.860860188072357602e+01
5.905401543298085443e+01,1.720850347477470521e+01
5.907402114889968914e+01,1.660948706824959586e+01
5.909402686481852385e+01,1.493562851355456544e+01
5.911403258073735856e+01,1.461301535588252420e+01
5.913403829665619327e+01,1.334261776506461850e+01
5.915404401257502087e+01,1.230402901985447883e+01
5.917404972849385558e+01,1.244326103420172736e+01
5.919405544441269029e+01,1.003199728762945497e+01
5.921406116033152500e+01,1.083855376770786449e+01
5.923406687625035971e+01,8.714635763185182071e+00
5.925407259216919442e+01,9.686078811534926558e+00
5.927407830808802913e+01,8.273456358129370969e+00
5.929408402400686384e+01,7.849677317579585534e+00
5.931408973992569855e+01,8.288429889510847914e+00
5.933409545584453326e+01,7.741188694739271625e+00
5.935410117176336087e+01,7.070045638387496112e+00
5.937410688768219558e+01,7.866693222940712715e+00
5.939411260360103029e+01,7.408914609919609262e+00
5.941411831951986500e+01,7.267024344152316573e+00
5.943412403543869971e+01,6.871646534463069500e+00
5.945412975135753442e+01,6.272662595013047238e+00
5.947413546727636913e+01,6.146825710644472807e+00
5.949414118319520384e+01,7.124459091049472725e+00
5.951414689911403855e+01,6.299464829478692351e+00
5.953415261503286615e+01,7.001639004617083550e+00
5.955415833095170086e+01,6.972309646837844710e+00
5.957416404687053557e+01,6.765776747508411404e+00
5.959416976278937028e+01,6.459372876152269072e+00
5.961417547870820499e+01,6.600725720699298193e+00
5.963418119462703970e+01,6.279028468681429942e+00
5.965418691054587441e+01,6.617088056169825094e+00
5.967419262646470912e+01,6.137245788009236591e+00
5.969419834238354383e+01,6.631533182973813112e+00
5.971420405830237144e+01,6.982911717072493474e+00
5.973420977422120615e+01,5.873260162245276028e+00
5.975421549014004086e+01,7.283195746248919633e+00
5.977422120605887557e+01,5.861345464577748743e+00
5.979422692197771028e+01,6.920575248289195791e+00
5.981423263789654499e+01,6.393713079518509090e+00
5.983423835381537970e+01,6.419792172021738352e+00
5.985424406973421441e+01,6.993314300213988588e+00
5.987424978565304912e+01,6.428072758923187635e+00
5.989425550157188383e+01,5.881413923410454103e+00
5.991426121749071143e+01,6.433048834462232080e+00
5.993426693340954614e+01,6.429440557417091640e+00
5.995427264932838085e+01,6.410439964238843658e+00
5.997427836524721556e+01,7.052620902214639997e+00
5.999428408116605027e+01,6.714970140085068095e+00
6.001428979708488498e+01,6.276642899957343147e+00
6.003429551300371969e+01,6.659419849741979647e+00
6.005430122892255440e+01,6.199121279746810487e+00
6.007430694484138911e+01,6.885421031799047853e+00
6.009431266076021672e+01,7.522450126558575256e+00
6.011431837667905143e+01,6.585963294887710262e+00
6.013432409259788614e+01,7.061585644291213271e+00
6.015432980851672085e+01,7.688473066226419128e+00
6.017433552443555556e+01,7.060153451118376111e+00
6.019434124035439027e+01,7.274703057332304823e+00
6.021434695627322498e+01,7.226541627403191725e+00
6.023435267219205969e+01,7.296412894402802607e+00
6.025435838811089440e+01,6.782661949358575804e+00
6.027436410402972911e+01,8.117254801521722740e+00
6.029436981994855671e+01,7.971315166011883946e+00
6.031437553586739142e+01,7.339678379320191404e+00
6.033438125178622613e+01,7.845029404314972865e+00
6.035438696770506084e+01,8.331934551119372756e+00
6.037439268362389555e+01,8.882699125048482358e+00
6.039439839954273026e+01,9.962275344182238257e+00
6.041440411546156497e+01,9.672413543236615396e+00
6.043440983138039968e+01,1.013283966939359892e+01
6.045441554729923439e+01,1.091041106391633342e+01
6.047442126321806199e+01,1.170311606758907885e+01
6.049442697913689670e+01,1.190743066345613244e+01
6.051443269505573141e+01,1.288130718852593048e+01
6.053443841097456612e+01,1.321753334679441494e+01
6.055444412689340083e+01,1.471587278533275267e+01
6.057444984281223554e+01,1.452958594768804446e+01
6.059445555873107025e+01,1.634753036547112615e+01
6.061446127464990496e+01,1.658406689076796781e+01
6.063446699056873967e+01,1.780881638861200500e+01
6.065447270648756728e+01,1.901652591210029897e+01
6.067447842240640199e+01,1.974258303999715025e+01
6.069448413832523670e+01,2.077816107680965985e+01
6.071448985424407141e+01,2.064563009568070129e+01
6.073449557016290612e+01,2.110569561721627707e+01
6.075450128608174083e+01,2.087411021894034491e+01
6.077450700200057554e+01,2.094533704280571840e+01
6.079451271791941025e+01,2.081352101337797222e+01
6.081451843383824496e+01,2.116207314244074311e+01
6.083452414975707967e+01,2.047081373964279294e+01
6.085452986567590727e+01,2.052546267439230832e+01
6.087453558159474198e+01,1.985765298826060032e+01
6.089454129751357669e+01,1.930627408045624804e+01
6.091454701343241140e+01,1.882881077400419301e+01
6.093455272935124611e+01,1.921645989241532604e+01
6.095455844527008082e+01,1.826781837796344377e+01
6.097456416118891553e+01,1.742033800359713780e+01
6.099456987710775024e+01,1.795292394406909153e+01
6.101457559302658495e+01,1.795071117769127156e+01
6.103458130894541256e+01,1.776457620860751874e+01
6.105458702486424727e+01,1.754593048194827176e+01
6.107459274078308198e+01,1.901420153697011983e+01
6.109459845670191669e+01,1.868126674063317694e+01
6.111460417262075140e+01,1.937076657314553785e+01
6.113460988853958611e+01,2.042546639306179657e+01
6.115461560445842082e+01,2.147068947545832529e+01
6.117462132037725553e+01,2.125017154276005016e+01
6.119462703629609024e+01,2.236638565757137087e+01
6.121463275221492495e+01,2.385102285581276149e+01
6.123463846813375255e+01,2.430664370365398952e+01
6.125464418405258726e+01,2.525290446581042403e+01
6.127464989997142197e+01,2.646989935797821403e+01
6.129465561589025668e+01,2.731123667377813291e+01
6.131466133180909139e+01,2.789899088584699172e+01
6.133466704772792610e+01,2.869562604970009900e+01
6.135467276364676081e+01,2.997554418211198168e+01
6.137467847956559552e+01,3.005643476517914436e+01
6.139468419548443023e+01,3.125120442235034091e+01
6.141468991140325784e+01,3.017803661439763374e+01
6.143469562732209255e+01,3.040937827970640228e+01
6.145470134324092726e+01,3.036205164895974917e+01
6.147470705915976197e+01,3.005704459726194244e+01
6.149471277507859668e+01,2.887898990198196714e+01
6.151471849099743139e+01,2.864832511637322909e+01
6.153472420691626610e+01,2.705598733445206250e+01
6.155472992283510081e+01,2.597917135857024107e+01
6.157473563875393552e+01,2.454473814285802291e+01
6.159474135467276312e+01,2.341172323416585499e+01
6.161474707059159783e+01,2.161452520438358249e+01
6.163475278651043254e+01,2.059700505631794343e+01
6.165475850242926725e+01,1.908960484463534968e+01
6.167476421834810196e+01,1.792197084787181183e+01
6.169476993426693667e+01,1.655709769492393946e+01
6.171477565018577138e+01,1.613057192337473822e+01
6.173478136610460609e+01,1.482913842884193301e+01
6.175478708202344080e+01,1.517497519283500296e+01
6.177479279794227551e+01,1.429776085320268564e+01
6.179479851386110312e+01,1.261839173301554418e+01
6.181480422977993783e+01,1.258175879266019059e+01
6.183480994569877254e+01,1.186588990069273564e+01
6.185481566161760725e+01,1.177897781810399280e+01
6.187482137753644196e+01,1.105304652172854318e+01
6.189482709345527667e+01,1.133154691592990027e+01
6.191483280937411138e+01,1.089697545571343795e+01
6.193483852529294609e+01,1.222349772886622787e+01
6.195484424121178080e+01,1.229439004756206089e+01
6.197484995713060840e+01,1.170147517552825889e+01
6.199485567304944311e+01,1.235476415495727665e+01
6.201486138896827782e+01,1.288000481555903320e+01
6.203486710488711253e+01,1.364417601689279635e+01
6.205487282080594724e+01,1.483310844304856424e+01
6.207487853672478195e+01,1.495124164046277571e+01
6.209488425264361666e+01,1.622818319752060034e+01
6.211488996856245137e+01,1.717328223774376994e+01
6.213489568448128608e+01,1.812186241485117932e+01
6.215490140040011369e+01,1.874653732861356303e+01
6.217490711631894840e+01,1.987708943682035923e+01
6.219491283223778311e+01,2.116110958290492405e+01
6.221491854815661782e+01,2.238590836953707708e+01
6.223492426407545253e+01,2.260151930521323749e+01
6.225492997999428724e+01,2.372858847768985058e+01
6.227493569591312195e+01,2.394911182751820178e+01
6.229494141183195666e+01,2.547107523983184763e+01
6.231494712775079137e+01,2.582713639540887840e+01
6.233495284366962608e+01,2.554205261868085586e+01
6.235495855958845368e+01,2.651893182506256608e+01
6.237496427550728839e+01,2.555893265022771743e+01
6.239496999142612310e+01,2.652627180570340926e+01
6.241497570734495781e+01,2.646531832399950446e+01
6.243498142326379252e+01,2.582006973446463860e+01
6.245498713918262723e+01,2.487065242483854632e+01
6.247499285510146194e+01,2.477632999441572537e+01
6.249499857102029665e+01,2.489108156099555202e+01
6.251500428693913136e+01,2.403389382023139831e+01
6.253501000285795897e+01,2.271876364687388161e+01
6.255501571877679368e+01,2.187782903091128617e+01
6.257502143469562839e+01,2.090342819216259329e+01
6.259502715061446310e+01,2.090318785764807785e+01
6.261503286653329781e+01,1.953236374294220212e+01
6.263503858245213252e+01,1.818789299724328146e+01
6.265504429837096723e+01,1.763700864080343322e+01
6.267505001428980194e+01,1.710121280985859116e+01
6.269505573020863665e+01,1.571422244460027073e+01
6.271506144612747136e+01,1.512189313620940112e+01
6.273506716204629896e+01,1.543044955168026888e+01
6.275507287796513367e+01,1.430648661424337575e+01
6.277507859388396838e+01,1.397862591061169724e+01
6.279508430980280309e+01,1.326699649255037983e+01
6.281509002572163780e+01,1.320238106555042101e+01
6.283509574164047251e+01,1.237848746057168370e+01
6.285510145755930722e+01,1.210940292574494670e+01
6.287510717347814193e+01,1.146178792110185896e+01
6.289511288939697664e+01,1.191357250468282380e+01
6.291511860531580425e+01,1.238737101952241559e+01
6.293512432123463896e+01,1.329455357272725458e+01
6.295513003715347367e+01,1.198751356996827155e+01
6.297513575307230838e+01,1.304530540314028997e+01
6.299514146899114309e+01,1.371412100537481393e+01
6.301514718490997780e+01,1.396239023614536734e+01
6.303515290082881251e+01,1.413635960781016010e+01
6.305515861674764722e+01,1.454072142125505707e+01
6.307516433266648193e+01,1.586953266322680989e+01
6.309517004858530953e+01,1.574717035966293288e+01
6.311517576450414424e+01,1.635864505542190983e+01
6.313518148042297895e+01,1.630825684482577742e+01
6.315518719634181366e+01,1.750041190675973013e+01
6.317519291226064837e+01,1.723117712507193033e+01
6.319519862817948308e+01,1.669221857405292297e+01
6.321520434409831779e+01,1.780582807067703754e+01
6.323521006001715250e+01,1.780704305365475903e+01
6.325521577593598721e+01,1.733917861599866583e+01
6.327522149185482192e+01,1.683681093052037170e+01
6.329522720777364952e+01,1.618098104869194032e+01
6.331523292369248423e+01,1.725242845941352954e+01
6.333523863961131894e+01,1.660173666843372331e+01
6.335524435553015365e+01,1.629658977859029889e+01
6.337525007144898836e+01,1.698409376236769219e+01
6.339525578736782307e+01,1.651036833403891535e+01
6.341526150328665778e+01,1.574571923412204555e+01
6.343526721920549249e+01,1.637400228893911702e+01
6.345527293512432720e+01,1.528839528588866870e+01
6.347527865104315481e+01,1.605460225408809194e+01
6.349528436696198952e+01,1.539359770892006551e+01
6.351529008288082423e+01,1.522365620276465847e+01
6.353529579879965894e+01,1.601660273286354652e+01
6.355530151471849365e+01,1.573671088317968980e+01
6.357530723063732836e+01,1.469578563786646086e+01
6.359531294655616307e+01,1.497277671624737927e+01
6.361531866247499778e+01,1.498284181558484818e+01
6.363532437839383249e+01,1.374458157083726206e+01
6.365533009431266720e+01,1.347645887864247172e+01
6.367533581023149480e+01,1.342958076403365020e+01
6.369534152615032951e+01,1.297242124016306164e+01
6.371534724206916422e+01,1.253962888043158230e+01
6.373535295798799893e+01,1.206694485177751730e+01
6.375535867390683364e+01,1.105858827456652804e+01
6.377536438982566835e+01,1.141076897987530891e+01
6.379537010574450306e+01,1.044015068587026462e+01
6.381537582166333777e+01,1.054000960458040126e+01
6.383538153758217248e+01,1.001528439060086129e+01
6.385538725350100009e+01,9.643030530100006104e+00
6.387539296941983480e+01,9.212155673210114415e+00
6.389539868533866951e+01,9.874275266609355839e+00
6.391540440125750422e+01,9.559698233212831298e+00
6.393541011717633893e+01,1.010581538763396026e+01
6.395541583309517364e+01,9.314414486633497248e+00
6.397542154901400835e+01,9.723849286044110585e+00
6.399542726493284306e+01,9.512813931486151731e+00
6.401543298085167066e+01,9.321862184857597100e+00
6.403543869677051248e+01,8.939573598482308370e+00
6.405544441268934008e+01,8.614361855655408462e+00
6.407545012860816769e+01,9.204050608786843668e+00
6.409545584452700950e+01,8.752079343885997176e+00
6.411546156044585132e+01,8.808991613186544001e+00
6.413546727636467892e+01,8.914873583920480016e+00
6.415547299228350653e+01,8.347072465225600979e+00
6.417547870820234834e+01,8.275575936816505163e+00
6.419548442412119016e+01,8.255786122550013317e+00
6.421549014004001776e+01,7.863055495587264687e+00
6.423549585595884537e+01,8.459493517382661310e+00
6.425550157187768718e+01,8.382358342192654632e+00
6.427550728779651479e+01,8.002029185772579822e+00
6.429551300371534239e+01,8.025995759763944193e+00
6.431551871963418421e+01,8.548349567134319926e+00
6.433552443555302602e+01,8.866266548274850834e+00
6.435553015147185363e+01,8.528012211580474400e+00
6.437553586739068123e+01,8.457902109893414178e+00
6.439554158330952305e+01,8.717341404269287608e+00
6.441554729922835065e+01,8.670825253223068074e+00
6.443555301514717826e+01,9.079858885978303817e+00
6.445555873106602007e+01,9.558119784080949088e+00
6.447556444698486189e+01,9.956210120702829514e+00
6.449557016290368949e+01,1.078200792876138792e+01
6.451557587882251710e+01,1.019088859044462758e+01
6.453558159474135891e+01,1.078771769374791489e+01
6.455558731066020073e+01,1.202948677850203474e+01
6.457559302657902833e+01,1.271333912869649829e+01
6.459559874249785594e+01,1.264362931599981366e+01
6.461560445841669775e+01,1.303272514278823202e+01
6.463561017433552536e+01,1.346718991139592525e+01
6.465561589025435296e+01,1.465052386179849009e+01
6.467562160617319478e+01,1.471979220825864942e+01
6.469562732209203659e+01,1.639340720393512996e+01
6.471563303801086420e+01,1.666753623543608498e+01
6.473563875392969180e+01,1.589569663882281425e+01
6.475564446984853362e+01,1.700422408593540169e+01
6.477565018576737543e+01,1.674230908417596453e+01
6.479565590168618883e+01,1.762029881738200743e+01
6.481566161760503064e+01,1.731990467143601720e+01
6.483566733352387246e+01,1.828828568007774180e+01
6.485567304944270006e+01,1.851229517588055984e+01
6.487567876536152767e+01,1.898790879505502005e+01
6.489568448128036948e+01,1.912661004950221511e+01
6.491569019719921130e+01,1.999913111620906747e+01
6.493569591311803890e+01,1.982029280564029960e+01
6.495570162903686651e+01,2.008779539454277341e+01
6.497570734495570832e+01,2.060430982452716364e+01
6.499571306087453593e+01,1.978706599663942711e+01
6.501571877679336353e+01,2.044592268087842513e+01
6.503572449271220535e+01,2.041005674344705412e+01
6.505573020863104716e+01,2.020720393265391124e+01
6.507573592454987477e+01,2.049073841363726345e+01
6.509574164046870237e+01,1.946385526483245343e+01
6.511574735638754419e+01,1.886743118347811787e+01
6.513575307230638600e+01,1.892323942123483249e+01
6.515575878822521361e+01,1.728617182938804220e+01
6.517576450414404121e+01,1.834593109208668338e+01
6.519577022006288303e+01,1.655455870672020069e+01
6.521577593598171063e+01,1.591638399153729466e+01
6.523578165190053824e+01,1.556395601176077648e+01
6.525578736781938005e+01,1.494163197967479206e+01
6.527579308373822187e+01,1.422039809386180842e+01
6.529579879965704947e+01,1.426357168829081523e+01
6.531580451557587708e+01,1.414007204979836274e+01
6.533581023149471889e+01,1.260597018960894644e+01
6.535581594741354650e+01,1.254442057110693831e+01
6.537582166333237410e+01,1.225827341591801378e+01
6.539582737925121592e+01,1.254216305301361700e+01
6.541583309517005773e+01,1.264761019846367063e+01
6.543583881108888534e+01,1.152426678552065376e+01
6.545584452700771294e+01,1.141539133933094519e+01
6.547585024292655476e+01,1.182847394244038952e+01
6.549585595884539657e+01,1.136472551904176598e+01
6.551586167476422418e+01,1.176067537535770491e+01
6.553586739068305178e+01,1.227068831423037309e+01
6.555587310660189360e+01,1.276786960180998776e+01
6.557587882252072120e+01,1.292186673767689165e+01
6.559588453843954881e+01,1.250395515358912135e+01
6.561589025435839062e+01,1.326154594160277078e+01
6.563589597027723244e+01,1.382845981625111165e+01
6.565590168619606004e+01,1.430326735643067515e+01
6.567590740211488765e+01,1.439918863426047757e+01
6.569591311803372946e+01,1.414575140541927567e+01
6.571591883395257128e+01,1.389514499676967318e+01
6.573592454987138467e+01,1.423316419716270786e+01
6.575593026579022649e+01,1.521528733028820568e+01
6.577593598170906830e+01,1.453717169597706516e+01
6.579594169762789591e+01,1.482353193565338145e+01
6.581594741354672351e+01,1.401929184207430623e+01
6.583595312946556533e+01,1.388917725197046593e+01
6.585595884538440714e+01,1.521237252600294987e+01
6.587596456130323475e+01,1.534439584749236474e+01
6.589597027722206235e+01,1.481004069651376476e+01
6.591597599314090417e+01,1.534298460542179399e+01
6.593598170905973177e+01,1.553687025923126797e+01
6.595598742497855937e+01,1.655009451073165039e+01
6.597599314089740119e+01,1.709497078530129954e+01
6.599599885681624301e+01,1.738431451170314190e+01
6.601600457273507061e+01,1.782998461122411271e+01
6.603601028865389821e+01,1.787009975340319912e+01
6.605601600457274003e+01,1.959212624292799632e+01
6.607602172049158185e+01,1.920974969492888818e+01
6.609602743641040945e+01,2.040535782935192088e+01
6.611603315232923705e+01,1.984031600782642357e+01
6.613603886824807887e+01,1.994365292295188397e+01
6.615604458416690647e+01,1.935776811838461242e+01
6.617605030008573408e+01,1.916164860881686849e+01
6.619605601600457589e+01,1.997270337036025012e+01
6.621606173192341771e+01,1.823373053738853145e+01
6.623606744784224531e+01,1.892814190660077855e+01
6.625607316376107292e+01,1.761990605111233776e+01
6.627607887967991473e+01,1.647374001343352745e+01
6.629608459559874234e+01,1.683972490757970064e+01
6.631609031151756994e+01,1.607153285406189980e+01
6.633609602743641176e+01,1.457694144241927958e+01
6.635610174335525357e+01,1.475282428188105932e+01
6.637610745927408118e+01,1.434536348532671113e+01
6.639611317519290878e+01,1.343745176254168250e+01
6.641611889111175060e+01,1.294853851678946022e+01
6.643612460703059241e+01,1.257156978376923817e+01
6.645613032294942002e+01,1.176531798978945709e+01
6.647613603886824762e+01,1.152003735499585169e+01
6.649614175478708944e+01,1.187693588072867890e+01
6.651614747070591704e+01,1.114603372038110507e+01
6.653615318662474465e+01,1.090001398798380983e+01
6.655615890254358646e+01,9.686796060985836121e+00
6.657616461846242828e+01,9.603506806877714297e+00
6.659617033438125588e+01,9.340678928067170261e+00
6.661617605030008349e+01,8.984382242610426061e+00
6.663618176621892530e+01,9.053100077994688633e+00
6.665618748213776712e+01,8.904910087267600360e+00
6.667619319805658051e+01,8.321966734051644110e+00
6.669619891397542233e+01,8.104078533666314144e+00
6.671620462989426414e+01,7.916708780539293500e+00
6.673621034581309175e+01,8.144701804363009501e+00
6.675621606173191935e+01,7.472257807099272675e+00
6.677622177765076117e+01,7.576529174851311055e+00
6.679622749356960298e+01,7.886531092718843894e+00
6.681623320948843059e+01,7.083008186169081455e+00
6.683623892540725819e+01,8.062254724426388464e+00
6.685624464132610001e+01,7.396216143750427463e+00
6.687625035724492761e+01,7.901794511518243525e+00
6.689625607316375522e+01,8.052620303852272343e+00
6.691626178908259703e+01,8.133300278932075855e+00
6.693626750500143885e+01,8.110604768519273478e+00
6.695627322092026645e+01,8.143435310442876940e+00
6.697627893683909406e+01,8.037408769065397252e+00
6.699628465275793587e+01,8.700500911516073188e+00
6.701629036867677769e+01,1.002175067564675714e+01
6.703629608459560529e+01,9.090691767419430747e+00
6.705630180051443290e+01,9.196327644789828781e+00
6.707630751643327471e+01,1.012116596638982813e+01
6.709631323235210232e+01,1.067875281815002175e+01
6.711631894827092992e+01,1.118423365106679412e+01
6.713632466418977174e+01,1.081344000899309954e+01
6.715633038010861355e+01,1.101544563471726335e+01
6.717633609602744116e+01,1.095756922887575335e+01
6.719634181194626876e+01,1.116804872670565985e+01
6.721634752786511058e+01,1.201674872638776215e+01
6.723635324378393818e+01,1.172588644688620008e+01
6.725635895970276579e+01,1.125382376155977937e+01
6.727636467562160760e+01,1.110026224850608756e+01
6.729637039154044942e+01,1.147570482068927333e+01
6.731637610745927702e+01,1.085400981729460845e+01
6.733638182337810463e+01,1.037956551443510556e+01
6.735638753929694644e+01,1.135182262265978537e+01
6.737639325521578826e+01,1.090862120659240020e+01
6.739639897113461586e+01,9.574404848158614811e+00
6.741640468705344347e+01,9.893682591072263222e+00
6.743641040297228528e+01,9.075025792354509235e+00
6.745641611889111289e+01,9.543214056185551186e+00
6.747642183480994049e+01,9.848632108879396441e+00
6.749642755072878231e+01,9.637368616824890211e+00
6.751643326664762412e+01,1.003176292483449572e+01
6.753643898256645173e+01,1.045524342205779789e+01
6.755644469848527933e+01,9.681519877149245445e+00
6.757645041440412115e+01,1.087459591707772333e+01
6.759645613032296296e+01,1.084428864880048238e+01
6.761646184624177636e+01,1.066586112178770662e+01
6.763646756216061817e+01,1.066286510064970017e+01
6.765647327807945999e+01,1.087249698346639448e+01
6.767647899399828759e+01,1.052985271618216423e+01
6.769648470991711520e+01,1.158974940773832429e+01
6.771649042583595701e+01,1.156573499891572965e+01
6.773649614175479883e+01,1.174043148179709206e+01
6.775650185767362643e+01,1.177345277487708941e+01
6.777650757359245404e+01,1.282956440414445964e+01
6.779651328951129585e+01,1.248590490013207166e+01
6.781651900543012346e+01,1.328721031294698562e+01
6.783652472134895106e+01,1.398491060401650188e+01
6.785653043726779288e+01,1.440427409227615740e+01
6.787653615318663469e+01,1.499055066071699471e+01
6.789654186910546230e+01,1.571142337509858322e+01
6.791654758502428990e+01,1.648762971894919360e+01
6.793655330094313172e+01,1.712790996835344615e+01
6.795655901686197353e+01,1.783566823880631347e+01
6.797656473278080114e+01,1.776463695330413017e+01
6.799657044869962874e+01,1.900129455860079020e+01
6.801657616461847056e+01,1.932388536480331354e+01
6.803658188053729816e+01,1.837890499579648562e+01
6.805658759645612577e+01,1.847015216589930020e+01
6.807659331237496758e+01,1.916853452909172972e+01
6.809659902829380940e+01,1.797563592664773324e+01
6.811660474421263700e+01,1.735177360578239814e+01
6.813661046013146461e+01,1.731716731867521730e+01
6.815661617605030642e+01,1.627469356483572227e+01
6.817662189196913403e+01,1.501982472695217297e+01
6.819662760788796163e+01,1.423601708126373921e+01
6.821663332380680345e+01,1.380444722060062013e+01
6.823663903972564526e+01,1.272597003811941541e+01
6.825664475564447287e+01,1.278542120199641374e+01
6.827665047156330047e+01,1.278857057018943344e+01
6.829665618748214229e+01,1.222586854464982764e+01
6.831666190340098410e+01,1.099650792510306019e+01
6.833666761931981171e+01,1.116344977638473068e+01
6.835667333523863931e+01,1.174864672416965483e+01
6.837667905115748113e+01,1.062554908379789964e+01
6.839668476707630873e+01,1.175126018976019360e+01
6.841669048299513634e+01,1.111510207175356868e+01
6.843669619891397815e+01,1.143216820075271301e+01
6.845670191483281997e+01,1.166459933966492812e+01
6.847670763075164757e+01,1.200541293790996633e+01
6.849671334667047518e+01,1.102886665956039636e+01
6.851671906258931699e+01,1.155481660876218797e+01
6.853672477850815881e+01,1.279965566772163399e+01
6.855673049442697220e+01,1.190748254537146877e+01
6.857673621034581402e+01,1.251566051901977161e+01
6.859674192626465583e+01,1.263470524581960319e+01
6.861674764218348344e+01,1.249421346708927061e+01
6.863675335810231104e+01,1.228083685482608090e+01
6.865675907402115286e+01,1.211740823127981415e+01
6.867676478993999467e+01,1.307295363308749181e+01
6.869677050585882228e+01,1.251998242144166795e+01
6.871677622177764988e+01,1.298462931636863793e+01
6.873678193769649170e+01,1.244106151148709571e+01
6.875678765361531930e+01,1.295904019283379327e+01
6.877679336953414690e+01,1.320554744034142303e+01
6.879679908545298872e+01,1.334116373681218981e+01
6.881680480137183054e+01,1.306118982201963696e+01
6.883681051729065814e+01,1.201476590548587708e+01
6.885681623320948574e+01,1.329995671186539852e+01
6.887682194912832756e+01,1.177363818147249752e+01
6.889682766504716938e+01,1.258966928090418946e+01
6.891683338096599698e+01,1.218211596761516802e+01
6.893683909688482458e+01,1.205473414617418193e+01
6.895684481280366640e+01,1.124663502345850752e+01
6.897685052872249400e+01,1.179269863762139181e+01
6.899685624464132161e+01,1.173228672337658196e+01
6.901686196056016342e+01,1.165231996250357227e+01
6.903686767647900524e+01,1.184033693457402947e+01
6.905687339239783284e+01,1.181910116634791486e+01
6.907687910831666045e+01,1.104989650435534720e+01
6.909688482423550226e+01,1.122392271898005234e+01
6.911689054015432987e+01,1.149437483422453710e+01
6.913689625607315747e+01,1.142348829268781429e+01
6.915690197199199929e+01,1.038249226294198735e+01
6.917690768791084110e+01,1.075041102734206433e+01
6.919691340382966871e+01,1.062760509241063644e+01
6.921691911974849631e+01,1.012457817039740249e+01
6.923692483566733813e+01,9.751152497434626198e+00
6.925693055158617994e+01,1.004623882096536747e+01
6.927693626750500755e+01,9.434364338835528940e+00
6.929694198342383515e+01,1.011558669778030861e+01
6.931694769934267697e+01,1.023394748305238267e+01
6.933695341526150457e+01,1.066832820665950798e+01
6.935695913118033218e+01,1.046949859169698627e+01
6.937696484709917399e+01,1.076662605403421580e+01
6.939697056301801581e+01,1.153008663262207278e+01
6.941697627893684341e+01,1.128446306616448780e+01
6.943698199485567102e+01,1.103838488838991694e+01
6.945698771077451283e+01,1.291061913054852894e+01
6.947699342669335465e+01,1.264029861440995539e+01
6.949699914261216804e+01,1.345963696348355398e+01
6.951700485853100986e+01,1.471452591904940022e+01
6.953701057444985167e+01,1.430462799037517030e+01
6.955701629036867928e+01,1.568946839379998792e+01
6.957702200628750688e+01,1.617332679116446670e+01
6.959702772220634870e+01,1.670677467889620260e+01
6.961703343812519051e+01,1.624929041843517297e+01
6.963703915404401812e+01,1.668371400348397771e+01
6.965704486996284572e+01,1.743329169098061016e+01
6.967705058588168754e+01,1.635639178829670826e+01
6.969705630180051514e+01,1.626065429050768785e+01
6.971706201771934275e+01,1.665276249736325909e+01
6.973706773363818456e+01,1.635751734962301640e+01
6.975707344955702638e+01,1.557688467561610324e+01
6.977707916547585398e+01,1.503002807361644955e+01
6.979708488139468159e+01,1.382750064925142297e+01
6.981709059731352340e+01,1.407089803478259071e+01
6.983709631323236522e+01,1.310430128903972502e+01
6.985710202915119282e+01,1.207321023309148345e+01
6.987710774507002043e+01,1.293406894886797431e+01
6.989711346098886224e+01,1.287823728581919269e+01
6.991711917690768985e+01,1.209562397692361557e+01
6.993712489282651745e+01,1.151445187190081043e+01
6.995713060874535927e+01,1.235605075060498237e+01
6.997713632466420108e+01,1.129232052354418769e+01
6.999714204058302869e+01,1.116633165740551092e+01
7.001714775650185629e+01,1.074872172293432193e+01
7.003715347242069811e+01,1.072257997032988897e+01
7.005715918833952571e+01,1.032798713521567535e+01
7.007716490425835332e+01,1.105746771795402594e+01
7.009717062017719513e+01,1.085590213894137079e+01
7.011717633609603695e+01,1.065735628389908918e+01
7.013718205201486455e+01,9.677568933775875237e+00
7.015718776793369216e+01,1.058361605709736608e+01
7.017719348385253397e+01,9.966561480045719179e+00
7.019719919977137579e+01,9.402053286396007792e+00
7.021720491569020339e+01,9.905285343876670368e+00
7.023721063160903100e+01,1.032647273520214526e+01
7.025721634752787281e+01,9.810419378397366330e+00
7.027722206344670042e+01,9.632566686989164850e+00
7.029722777936552802e+01,8.854177218333600052e+00
7.031723349528436984e+01,9.120542533504311322e+00
7.033723921120321165e+01,9.893454858654990858e+00
7.035724492712203926e+01,8.953641916212689011e+00
7.037725064304086686e+01,8.942203171995341648e+00
7.039725635895970868e+01,9.292938944438557058e+00
7.041726207487855049e+01,7.976524339695236776e+00
7.043726779079736389e+01,8.786724875667760060e+00
7.045727350671620570e+01,8.674932334694915426e+00
7.047727922263504752e+01,8.995678763130943167e+00
7.049728493855387512e+01,9.396273577766407925e+00
7.051729065447270273e+01,8.784828880534156781e+00
7.053729637039154454e+01,9.382965492030312049e+00
7.055730208631038636e+01,8.851553087282766796e+00
7.057730780222921396e+01,9.295871676083415025e+00
7.059731351814804157e+01,9.801408832855171838e+00
7.061731923406688338e+01,1.033804932725204218e+01
7.063732494998571099e+01,1.099330938805290359e+01
7.065733066590453859e+01,1.177636273112948118e+01
7.067733638182338041e+01,1.227061202361161740e+01
7.069734209774222222e+01,1.210560718327891649e+01
7.071734781366104983e+01,1.290264680433293520e+01
7.073735352957987743e+01,1.257546712924147947e+01
7.075735924549871925e+01,1.364627825407605144e+01
7.077736496141756106e+01,1.473614570124412815e+01
7.079737067733638867e+01,1.403451187693061009e+01
7.081737639325521627e+01,1.380881847452525335e+01
7.083738210917405809e+01,1.373953831965116734e+01
7.085738782509288569e+01,1.533081294815088214e+01
7.087739354101171330e+01,1.414194813482904678e+01
7.089739925693055511e+01,1.479601026447950218e+01
7.091740497284939693e+01,1.378047965890889159e+01
7.093741068876822453e+01,1.408400215332310523e+01
7.095741640468705214e+01,1.411979987919692192e+01
7.097742212060589395e+01,1.366192250368801631e+01
7.099742783652472156e+01,1.305504101580657306e+01
7.101743355244354916e+01,1.210030092352117492e+01
7.103743926836239098e+01,1.294011573349893496e+01
7.105744498428123279e+01,1.204718616754109206e+01
7.107745070020006040e+01,1.189387170685531103e+01
7.109745641611888800e+01,1.180022387770198833e+01
7.111746213203772982e+01,1.150325457340149882e+01
7.113746784795657163e+01,1.078205415116581989e+01
7.115747356387539924e+01,1.159545163397202039e+01
7.117747927979422684e+01,1.225685862063400933e+01
7.119748499571306866e+01,1.171765262325300583e+01
7.121749071163189626e+01,1.188532208882041630e+01
7.123749642755072387e+01,1.107385452289150152e+01
7.125750214346956568e+01,1.130056822409598283e+01
7.127750785938840750e+01,1.127898540732270938e+01
7.129751357530723510e+01,1.205747228783412339e+01
7.131751929122606271e+01,1.185063609629016312e+01
7.133752500714490452e+01,1.174210073871273785e+01
7.135753072306374634e+01,1.224620588218640549e+01
7.137753643898255973e+01,1.177929784529719726e+01
7.139754215490140155e+01,1.168979765650020930e+01
7.141754787082024336e+01,1.168392419469083876e+01
7.143755358673907097e+01,1.107410193785491259e+01
7.145755930265789857e+01,1.135644209458549980e+01
7.147756501857674039e+01,1.130371096853995994e+01
7.149757073449558220e+01,1.070574213011792963e+01
7.151757645041440981e+01,9.753505577378220437e+00
7.153758216633323741e+01,1.030981284341448401e+01
7.155758788225207923e+01,9.853333300454771404e+00
7.157759359817090683e+01,1.007342830690042845e+01
7.159759931408973443e+01,9.472476717112936484e+00
7.161760503000857625e+01,9.514131087629888128e+00
7.163761074592741807e+01,8.622143460211752597e+00
7.165761646184624567e+01,9.095409281543755498e+00
7.167762217776507327e+01,1.018565793687596610e+01
7.169762789368391509e+01,9.474238842495234181e+00
7.171763360960275691e+01,9.918450674883583673e+00
7.173763932552158451e+01,9.850774724774090885e+00
7.175764504144041211e+01,1.064135151126037471e+01
7.177765075735925393e+01,1.171176733333955866e+01
7.179765647327808153e+01,1.169572672469854702e+01
7.181766218919690914e+01,1.233649826082036149e+01
7.183766790511575095e+01,1.310967917407161210e+01
7.185767362103459277e+01,1.307593118745873007e+01
7.187767933695342037e+01,1.391804667516051452e+01
7.189768505287224798e+01,1.451680696216729416e+01
7.191769076879108979e+01,1.506127472028081016e+01
7.193769648470991740e+01,1.524345301746323678e+01
7.195770220062874500e+01,1.554537218667411480e+01
7.197770791654758682e+01,1.530224080327296576e+01
7.199771363246642863e+01,1.607944453896347881e+01
7.201771934838525624e+01,1.639099950472977696e+01
7.203772506430408384e+01,1.549481906403015330e+01
7.205773078022292566e+01,1.606473772823789758e+01
7.207773649614176747e+01,1.620927132345513400e+01
7.209774221206059508e+01,1.628261076035125399e+01
7.211774792797942268e+01,1.690769570897467133e+01
7.213775364389826450e+01,1.616150469317937421e+01
7.215775935981709210e+01,1.634569298908093060e+01
7.217776507573591971e+01,1.692637665833777305e+01
7.219777079165476152e+01,1.737288478972221384e+01
7.221777650757360334e+01,1.743171033837013795e+01
7.223778222349243094e+01,1.720734053632889982e+01
7.225778793941125855e+01,1.763700763173139308e+01
7.227779365533010036e+01,1.666842316959669645e+01
7.229779937124894218e+01,1.725233395034325667e+01
7.231780508716775557e+01,1.797864307267781214e+01
7.233781080308659739e+01,1.767441375766858158e+01
7.235781651900543920e+01,1.755322408381432453e+01
7.237782223492426681e+01,1.755267548050459681e+01
7.239782795084309441e+01,1.772669845424882595e+01
7.241783366676193623e+01,1.743177539210875082e+01
7.243783938268077804e+01,1.748860143357481789e+01
7.245784509859960565e+01,1.816476240628020378e+01
7.247785081451843325e+01,1.681118357971419641e+01
7.249785653043727507e+01,1.712087501970228942e+01
7.251786224635610267e+01,1.686227973777059219e+01
7.253786796227493028e+01,1.746859064499016512e+01
7.255787367819377209e+01,1.709938430114181429e+01
7.257787939411261391e+01,1.653958152390904957e+01
7.259788511003144151e+01,1.718490161873209487e+01
7.261789082595026912e+01,1.721998848550371264e+01
7.263789654186911093e+01,1.797958417048676694e+01
7.265790225778795275e+01,1.856140267427118573e+01
7.267790797370678035e+01,1.920616782136261236e+01
7.269791368962560796e+01,1.956553966872090911e+01
7.271791940554444977e+01,1.883457840148636109e+01
7.273792512146327738e+01,2.001993233291169005e+01
7.275793083738210498e+01,2.016706909826651639e+01
7.277793655330094680e+01,2.102672517717488532e+01
7.279794226921978861e+01,2.131614596831364850e+01
7.281794798513861622e+01,2.134459437903201007e+01
7.283795370105744382e+01,2.224865346286922829e+01
7.285795941697628564e+01,2.173953441579863366e+01
7.287796513289511324e+01,2.126002632653430169e+01
7.289797084881394085e+01,2.130466124571616859e+01
7.291797656473278266e+01,2.165526247414888061e+01
7.293798228065162448e+01,2.157191118446549893e+01
7.295798799657045208e+01,2.143416540336859555e+01
7.297799371248927969e+01,2.091305548618156607e+01
7.299799942840812150e+01,2.028502739404077460e+01
7.301800514432696332e+01,1.940767038254666232e+01
7.303801086024579092e+01,1.777100393256108646e+01
7.305801657616461853e+01,1.732545843643559635e+01
7.307802229208346034e+01,1.745899686054483624e+01
7.309802800800228795e+01,1.668960632286962209e+01
7.311803372392111555e+01,1.596272318701884174e+01
7.313803943983995737e+01,1.593250416952126614e+01
7.315804515575879918e+01,1.536446155254567714e+01
7.317805087167762679e+01,1.508929329071668235e+01
7.319805658759645439e+01,1.492095399248345267e+01
7.321806230351529621e+01,1.534567598234907138e+01
7.323806801943413802e+01,1.516886915493590671e+01
7.325807373535295142e+01,1.573820858685991908e+01
7.327807945127179323e+01,1.510022543726729083e+01
7.329808516719063505e+01,1.516633639870699035e+01
7.331809088310946265e+01,1.592140875093836172e+01
7.333809659902829026e+01,1.611152150197992938e+01
7.335810231494713207e+01,1.655492801614119003e+01
7.337810803086597389e+01,1.664852636781858308e+01
7.339811374678480149e+01,1.567058562599010507e+01
7.341811946270362910e+01,1.614471744846196088e+01
7.343812517862247091e+01,1.617408716156725745e+01
7.345813089454129852e+01,1.591258039764791299e+01
7.347813661046012612e+01,1.565338602728889938e+01
7.349814232637896794e+01,1.528150719481780584e+01
7.351814804229780975e+01,1.476519587671861089e+01
7.353815375821663736e+01,1.440269252339604833e+01
7.355815947413546496e+01,1.415850881328359812e+01
7.357816519005430678e+01,1.337232445208800513e+01
7.359817090597314859e+01,1.358153247733587321e+01
7.361817662189197620e+01,1.360450743676142871e+01
7.363818233781080380e+01,1.310565915544938065e+01
7.365818805372964562e+01,1.286171059547461226e+01
7.367819376964847322e+01,1.363850154964747752e+01
7.369819948556730083e+01,1.257994785830677387e+01
7.371820520148614264e+01,1.216210666391687845e+01
7.373821091740498446e+01,1.121136806337048597e+01
7.375821663332381206e+01,1.138353143008336410e+01
7.377822234924263967e+01,1.086874616025861329e+01
7.379822806516148148e+01,1.077446671623689411e+01
7.381823378108030909e+01,1.021422615385194455e+01
7.383823949699913669e+01,1.032317254731648148e+01
7.385824521291797851e+01,1.041507231746522066e+01
7.387825092883682032e+01,1.005933961357737516e+01
7.389825664475564793e+01,9.599260636222471277e+00
7.391826236067447553e+01,1.011087755958899237e+01
7.393826807659331735e+01,9.331651895551681619e+00
7.395827379251215916e+01,9.545775029924705279e+00
7.397827950843098677e+01,9.343076114329461390e+00
7.399828522434981437e+01,9.415823459746714974e+00
7.401829094026865619e+01,1.030384905526269534e+01
7.403829665618748379e+01,1.016735156896948311e+01
7.405830237210632561e+01,1.037188769635010921e+01
7.407830808802515321e+01,1.101998306859054821e+01
7.409831380394398082e+01,1.120391940227830219e+01
7.411831951986282263e+01,1.152649355147224597e+01
7.413832523578165024e+01,1.257340816121301685e+01
7.415833095170049205e+01,1.224467211957642654e+01
7.417833666761931966e+01,1.212308212135879515e+01
7.419834238353816147e+01,1.308714828897100091e+01
7.421834809945698908e+01,1.194897942980251671e+01
7.423835381537583089e+01,1.195342142085375414e+01
7.425835953129465850e+01,1.279156362820743809e+01
7.427836524721348610e+01,1.324512500364759759e+01
7.429837096313232792e+01,1.348436565348434435e+01
7.431837667905115552e+01,1.275554299642299227e+01
7.433838239496999734e+01,1.293352249583894675e+01
7.435838811088882494e+01,1.287162548142686269e+01
7.437839382680766676e+01,1.227173164832686147e+01
7.439839954272649436e+01,1.309182253907729176e+01
7.441840525864533618e+01,1.267287989775094204e+01
7.443841097456416378e+01,1.307236742095807536e+01
7.445841669048300560e+01,1.260041084207858120e+01
7.447842240640183320e+01,1.274136647709834236e+01
7.449842812232066080e+01,1.211922646586917196e+01
7.451843383823950262e+01,1.194167574657585895e+01
7.453843955415833022e+01,1.247327697967556759e+01
7.455844527007717204e+01,1.251801788877813415e+01
7.457845098599599964e+01,1.232350197086747912e+01
7.459845670191484146e+01,1.187967287512168291e+01
7.461846241783366906e+01,1.210033455189569729e+01
7.463846813375251088e+01,1.288308830614362144e+01
7.465847384967133848e+01,1.227902699361728267e+01
7.467847956559016609e+01,1.162973567667127384e+01
7.469848528150900790e+01,1.190482115758609005e+01
7.471849099742783551e+01,1.210682077457167694e+01
7.473849671334667732e+01,1.133007618635122071e+01
7.475850242926550493e+01,1.163721739986503323e+01
7.477850814518434674e+01,1.050679623851188893e+01
7.479851386110317435e+01,9.861092051844320139e+00
7.481851957702201616e+01,1.004807977876296299e+01
7.483852529294084377e+01,9.519414952280648379e+00
7.485853100885967137e+01,9.848583915341661665e+00
7.487853672477851319e+01,9.787671189532385796e+00
7.489854244069734079e+01,1.040159113500845933e+01
7.491854815661618261e+01,1.009856765502478737e+01
7.493855387253501021e+01,1.020856485070199504e+01
7.495855958845385203e+01,1.079690941039164898e+01
7.497856530437267963e+01,1.093064024706850645e+01
7.499857102029152145e+01,1.120701500191388078e+01
7.501857673621034905e+01,1.182914119708141953e+01
7.503858245212917666e+01,1.203601805511323519e+01
7.505858816804801847e+01,1.161771680894260683e+01
7.507859388396684608e+01,1.358460889774731939e+01
7.509859959988568789e+01,1.371884373029396542e+01
7.511860531580451550e+01,1.445700096369140297e+01
7.513861103172335731e+01,1.585288062740315951e+01
7.515861674764218492e+01,1.577902755271003699e+01
7.517862246356102673e+01,1.630899503231331948e+01
7.519862817947985434e+01,1.694528292235795419e+01
7.521863389539868194e+01,1.835676551032614867e+01
7.523863961131752376e+01,1.755578302755929343e+01
7.525864532723635136e+01,1.877282460173272582e+01
7.527865104315519318e+01,1.893896115489114962e+01
7.529865675907402078e+01,1.959285170052840641e+01
7.531866247499286260e+01,1.972147630911342731e+01
7.533866819091169020e+01,1.964114751931857938e+01
7.535867390683053202e+01,2.037540058275450860e+01
7.537867962274935962e+01,1.960112767930491628e+01
7.539868533866820144e+01,1.964916298919098026e+01
7.541869105458702904e+01,1.987362377835157545e+01
7.543869677050585665e+01,1.931093651440524184e+01
7.545870248642469846e+01,1.852972714893353867e+01
7.547870820234352607e+01,1.843544589927522281e+01
7.549871391826236788e+01,1.801169589745432376e+01
7.551871963418119549e+01,1.806861886635966385e+01
7.553872535010003730e+01,1.672088327030363075e+01
7.555873106601886491e+01,1.717743976283313145e+01
7.557873678193770672e+01,1.676015083041563258e+01
7.559874249785653433e+01,1.682853271538559525e+01
7.561874821377536193e+01,1.575872534075513798e+01
7.563875392969420375e+01,1.502125399366227754e+01
7.565875964561303135e+01,1.493947904575982832e+01
7.567876536153187317e+01,1.506440322358312756e+01
7.569877107745070077e+01,1.413097559797815350e+01
7.571877679336954259e+01,1.455676148059838937e+01
7.573878250928837019e+01,1.316122665364625810e+01
7.575878822520721201e+01,1.318015514622624806e+01
7.577879394112603961e+01,1.316961653327067339e+01
7.579879965704486722e+01,1.311427671908812442e+01
7.581880537296370903e+01,1.209565762114753795e+01
7.583881108888253664e+01,1.315372438005855216e+01
7.585881680480137845e+01,1.166876875353941045e+01
7.587882252072020606e+01,1.193170875532215902e+01
7.589882823663904787e+01,1.129977629218459612e+01
7.591883395255787548e+01,1.096041681801004586e+01
7.593883966847671729e+01,1.163313734530147769e+01
7.595884538439554490e+01,1.104201091400257440e+01
7.597885110031437250e+01,1.006581574185924310e+01
7.599885681623321432e+01,9.654623592944611588e+00
7.601886253215204192e+01,9.743993411618344425e+00
7.603886824807088374e+01,1.011977785308238076e+01
7.605887396398971134e+01,9.437006658139861059e+00
7.607887967990855316e+01,1.047291387871976376e+01
7.609888539582738076e+01,9.044270945685640939e+00
7.611889111174622258e+01,8.964878655245378525e+00
7.613889682766505018e+01,9.375303937073878657e+00
7.615890254358387779e+01,9.291531182464684235e+00
7.617890825950271960e+01,8.641770685882629977e+00
7.619891397542154721e+01,9.272672331923377698e+00
7.621891969134038902e+01,8.441887495135253161e+00
7.623892540725921663e+01,8.855567353017784527e+00
7.625893112317805844e+01,8.602170383858432245e+00
7.627893683909688605e+01,8.529459096210333158e+00
7.629894255501572786e+01,8.323492082353672217e+00
7.631894827093455547e+01,8.645927551846325443e+00
7.633895398685339728e+01,8.310029293462864786e+00
7.635895970277222489e+01,9.233822473491240856e+00
7.637896541869105249e+01,8.982656152372278768e+00
7.639897113460989431e+01,9.717392675348778042e+00
7.641897685052872191e+01,1.025226847114922890e+01
7.643898256644756373e+01,1.095252290595186295e+01
7.645898828236639133e+01,9.994128732737268095e+00
7.647899399828523315e+01,1.095688991587874206e+01
7.649899971420406075e+01,1.106425699922498751e+01
7.651900543012290257e+01,1.116702009647551108e+01
7.653901114604173017e+01,1.181403070178901871e+01
7.655901686196055778e+01,1.225407995905162295e+01
7.657902257787939959e+01,1.183656922824243907e+01
7.659902829379822720e+01,1.232375583755052162e+01
7.661903400971706901e+01,1.307817206311657365e+01
7.663903972563589662e+01,1.339013860992642080e+01
7.665904544155473843e+01,1.281682628393759416e+01
7.667905115747356604e+01,1.303873950340809174e+01
7.669905687339240785e+01,1.321225448401168023e+01
7.671906258931123546e+01,1.374808997513384767e+01
7.673906830523006306e+01,1.458164136905368480e+01
7.675907402114890488e+01,1.420162068190618854e+01
7.677907973706773248e+01,1.417474627245133156e+01
7.679908545298657430e+01,1.468835886242260003e+01
7.681909116890540190e+01,1.512800973001032112e+01
7.683909688482424372e+01,1.380153290943794531e+01
7.685910260074307132e+01,1.426380270140167461e+01
7.687910831666191314e+01,1.366446001353014950e+01
7.689911403258074074e+01,1.368610394041875367e+01
7.691911974849956835e+01,1.280983767654273464e+01
7.693912546441841016e+01,1.314615427907536471e+01
7.695913118033723777e+01,1.277818569874127164e+01
7.697913689625607958e+01,1.220153453152478562e+01
7.699914261217490719e+01,1.112918056106726183e+01
7.701914832809374900e+01,1.171026257766713385e+01
7.703915404401257661e+01,1.169849807763788263e+01
7.705915975993141842e+01,1.167250527341238886e+01
7.707916547585024603e+01,1.104663309670876004e+01
7.709917119176907363e+01,1.144561581581213972e+01
7.711917690768791545e+01,1.086061873627244978e+01
7.713918262360674305e+01,1.071000712978932867e+01
7.715918833952558487e+01,1.090681928647957122e+01
7.717919405544441247e+01,1.072762621468389810e+01
7.719919977136325429e+01,1.133358829281109514e+01
7.721920548728208189e+01,1.126795081510722341e+01
7.723921120320092371e+01,1.094180008576334373e+01
7.725921691911975131e+01,1.064225007582800231e+01
7.727922263503859313e+01,1.093250125074670365e+01
7.729922835095742073e+01,1.088227542475776843e+01
7.731923406687624833e+01,1.040854875371559451e+01
7.733923978279509015e+01,9.738917401481476332e+00
7.735924549871391775e+01,1.039443224324842419e+01
7.737925121463275957e+01,1.016268534287822156e+01
7.739925693055158717e+01,9.376237902876226826e+00
7.741926264647042899e+01,9.608123337702245692e+00
7.743926836238925659e+01,9.077351628523913973e+00
7.745927407830809841e+01,8.755912417524946534e+00
7.747927979422692601e+01,8.246715899810117989e+00
7.749928551014575362e+01,8.836389257164338318e+00
7.751929122606459543e+01,7.877179552367598703e+00
7.753929694198342304e+01,8.220791102165652120e+00
7.755930265790226485e+01,8.529159665483595276e+00
7.757930837382109246e+01,8.040105079893287154e+00
7.759931408973993427e+01,7.786577274286863748e+00
7.761931980565876188e+01,7.455310833194008779e+00
7.763932552157760369e+01,7.844104378473444328e+00
7.765933123749643130e+01,7.603490882397692552e+00
7.767933695341525890e+01,7.964271687378840170e+00
7.769934266933410072e+01,8.186131028159202572e+00
7.771934838525292832e+01,8.543623956087500915e+00
7.773935410117177014e+01,7.971957948082239120e+00
7.775935981709059774e+01,9.420705415101570779e+00
7.777936553300943956e+01,8.574579214486897527e+00
7.779937124892826716e+01,9.828632561705134663e+00
7.781937696484710898e+01,9.605118731562971135e+00
7.783938268076593658e+01,1.067824225464077870e+01
7.785938839668476419e+01,1.123910626373035804e+01
7.787939411260360600e+01,1.104929140414223809e+01
7.789939982852243361e+01,1.199017378121386912e+01
7.791940554444127542e+01,1.248892080404242932e+01
7.793941126036010303e+01,1.295712945182176767e+01
7.795941697627894484e+01,1.328306604273899261e+01
7.797942269219777245e+01,1.400846935991905262e+01
7.799942840811661426e+01,1.362102249390105868e+01
7.801943412403544187e+01,1.390083531603282196e+01
7.803943983995426947e+01,1.404915775349140539e+01
7.805944555587311129e+01,1.439618329423061738e+01
7.807945127179193889e+01,1.381167801967384889e+01
7.809945698771078071e+01,1.426664483709434705e+01
7.811946270362960831e+01,1.417527457056305451e+01
7.813946841954845013e+01,1.427208436380584189e+01
7.815947413546727773e+01,1.389045433139950170e+01
7.817947985138611955e+01,1.318947155912137603e+01
7.819948556730494715e+01,1.358370877201513949e+01
7.821949128322378897e+01,1.362666962745707977e+01
7.823949699914261657e+01,1.284516391330826757e+01
7.825950271506144418e+01,1.242369850962478139e+01
7.827950843098028599e+01,1.272420837720649622e+01
7.829951414689911360e+01,1.198230874797420142e+01
7.831951986281795541e+01,1.184650641638473800e+01
7.833952557873678302e+01,1.134138964060440813e+01
7.835953129465562483e+01,1.123707922174027551e+01
7.837953701057445244e+01,1.041268785022585419e+01
7.839954272649329425e+01,1.048549402381169138e+01
7.841954844241212186e+01,1.045535440580000142e+01
7.843955415833094946e+01,9.897593738006801090e+00
7.845955987424979128e+01,1.006034638571125228e+01
7.847956559016861888e+01,9.405746214522386239e+00
7.849957130608746070e+01,9.337979281589642966e+00
7.851957702200628830e+01,8.153072908656552542e+00
7.853958273792513012e+01,8.705721535875669659e+00
7.855958845384395772e+01,8.294565542114169077e+00
7.857959416976279954e+01,8.587938867238253948e+00
7.859959988568162714e+01,7.703059157396262790e+00
7.861960560160045475e+01,8.665190748300709345e+00
7.863961131751929656e+01,8.097610874546983695e+00
7.865961703343812417e+01,8.306161865835770541e+00
7.867962274935696598e+01,7.115970797096834666e+00
7.869962846527579359e+01,8.257916422175277660e+00
7.871963418119463540e+01,7.100813595399129596e+00
7.873963989711346301e+01,8.210100499924562811e+00
7.875964561303230482e+01,7.921435360779639723e+00
7.877965132895113243e+01,7.602279313058891930e+00
7.879965704486996003e+01,7.554872629143810414e+00
7.881966276078880185e+01,7.312503121492829550e+00
7.883966847670762945e+01,7.029395254230869305e+00
7.885967419262647127e+01,7.034678462629898377e+00
7.887967990854529887e+01,6.693685609546379922e+00
7.889968562446414069e+01,6.404937906355780086e+00
7.891969134038296829e+01,6.918114843467103370e+00
7.893969705630181011e+01,6.406236025522657584e+00
7.895970277222063771e+01,6.806465949681106409e+00
7.897970848813946532e+01,6.340580547981280013e+00
7.899971420405830713e+01,7.214683899769141817e+00
7.901971991997713474e+01,6.593592472729797649e+00
7.903972563589597655e+01,7.189621858816341415e+00
7.905973135181480416e+01,7.412396745608035076e+00
7.907973706773364597e+01,7.253530674523053001e+00
7.909974278365247358e+01,7.239548128842191232e+00
7.911974849957131539e+01,6.864829945306402337e+00
7.913975421549014300e+01,6.877697790264928557e+00
7.915975993140898481e+01,6.705329072561537984e+00
7.917976564732781242e+01,7.245205792761098884e+00
7.919977136324664002e+01,7.581836779558191353e+00
7.921977707916548184e+01,6.996005099508119329e+00
7.923978279508430944e+01,6.660659358833310506e+00
7.925978851100315126e+01,7.682471050698805648e+00
7.927979422692197886e+01,7.856555032690378582e+00
7.929979994284082068e+01,7.331887104009976674e+00
7.931980565875964828e+01,6.864165428230193378e+00
7.933981137467849010e+01,7.254723502866586848e+00
7.935981709059731770e+01,7.983745932913663523e+00
7.937982280651614531e+01,7.268656813082174040e+00
7.939982852243498712e+01,7.255542574934768396e+00
7.941983423835381473e+01,7.981171864512520031e+00
7.943983995427265654e+01,8.088578241923091383e+00
7.945984567019148415e+01,7.716526279918401343e+00
7.947985138611032596e+01,8.962257846713640674e+00
7.949985710202915357e+01,8.548596441292728443e+00
7.951986281794799538e+01,9.698536781884536495e+00
7.953986853386682299e+01,9.251734643936252667e+00
7.955987424978565059e+01,9.705291313573372491e+00
7.957987996570449241e+01,9.879552310618551658e+00
7.959988568162332001e+01,1.053463255878566684e+01
7.961989139754216183e+01,1.117203622674444929e+01
7.963989711346098943e+01,1.087144499850723633e+01
7.965990282937983125e+01,1.204893742047380911e+01
7.967990854529865885e+01,1.146923143844063375e+01
7.969991426121750067e+01,1.173073938771754499e+01
7.971991997713632827e+01,1.108832837721935149e+01
7.973992569305515588e+01,1.144346290495484553e+01
7.975993140897399769e+01,1.227104231904869280e+01
7.977993712489282530e+01,1.302602088941761593e+01
7.979994284081166711e+01,1.260978184305227856e+01
7.981994855673049472e+01,1.258135849027919306e+01
7.983995427264933653e+01,1.228173573480781577e+01
7.985995998856816414e+01,1.190718931797749214e+01
7.987996570448700595e+01,1.167147102272905101e+01
7.989997142040583356e+01,1.177290486296955585e+01
7.991997713632466116e+01,1.032508918619987170e+01
7.993998285224350298e+01,1.007424539239068295e+01
7.995998856816233058e+01,1.082413245580715788e+01
7.997999428408117240e+01,9.800285374071295408e+00
8.000000000000000000e+01,7.896726753807055132e+00
