angle,intensity
1.000000000000000000e+01,4.251673835354086606e+01
1.002000571591883471e+01,4.273180425143260663e+01
1.004001143183766764e+01,4.408383078875429817e+01
1.006001714775650235e+01,4.335056187889041723e+01
1.008002286367533529e+01,4.363735849591716942e+01
1.010002857959417000e+01,4.344404286545753990e+01
1.012003429551300293e+01,4.354216246731903084e+01
1.014004001143183764e+01,4.352257952359913418e+01
1.016004572735067235e+01,4.347765633111213646e+01
1.018005144326950528e+01,4.300336747092218559e+01
1.020005715918833999e+01,4.301603932971161015e+01
1.022006287510717293e+01,4.198597833989969530e+01
1.024006859102600764e+01,4.139094859315855501e+01
1.026007430694484057e+01,3.978334306634310025e+01
1.028008002286367528e+01,3.903557707626478646e+01
1.030008573878250999e+01,3.732125789612169342e+01
1.032009145470134293e+01,3.574681844872422687e+01
1.034009717062017764e+01,3.376621723035108147e+01
1.036010288653901057e+01,3.154541268529607834e+01
1.038010860245784528e+01,2.947743281629697520e+01
1.040011431837667999e+01,2.681217204934192466e+01
1.042012003429551292e+01,2.526292934303393523e+01
1.044012575021434763e+01,2.215413384912006123e+01
1.046013146613318057e+01,1.973857608506076033e+01
1.048013718205201528e+01,1.757780231341768129e+01
1.050014289797084821e+01,1.526606487423731906e+01
1.052014861388968292e+01,1.374947235116047395e+01
1.054015432980851585e+01,1.172835395921798352e+01
1.056016004572735056e+01,1.164565457278471605e+01
1.058016576164618527e+01,1.020348852778973736e+01
1.060017147756501821e+01,9.588337318904070372e+00
1.062017719348385292e+01,8.070936274723292669e+00
1.064018290940268585e+01,7.287663450500929230e+00
1.066018862532152056e+01,7.319223605809377808e+00
1.068019434124035527e+01,6.888534104266119229e+00
1.070020005715918820e+01,7.459987803967671027e+00
1.072020577307802292e+01,7.123625888544820484e+00
1.074021148899685585e+01,6.107398853269319083e+00
1.076021720491569056e+01,6.366155946967804624e+00
1.078022292083452349e+01,7.102165988003379837e+00
1.080022863675335820e+01,6.437915499862059576e+00
1.082023435267219291e+01,6.678818666712546204e+00
1.084024006859102585e+01,5.989830704009044382e+00
1.086024578450986056e+01,6.671622835246172833e+00
1.088025150042869349e+01,6.256079508360162578e+00
1.090025721634752820e+01,6.454462039392183215e+00
1.092026293226636113e+01,5.639727719507078518e+00
1.094026864818519584e+01,6.118732642039564240e+00
1.096027436410403055e+01,5.869257424964964720e+00
1.098028008002286349e+01,6.228054829442230655e+00
1.100028579594169820e+01,6.437889830917943534e+00
1.102029151186053113e+01,5.850660680689143689e+00
1.104029722777936584e+01,6.211554458411422175e+00
1.106030294369819877e+01,5.643901272652499301e+00
1.108030865961703348e+01,5.645949713559302197e+00
1.110031437553586819e+01,6.196397014122767111e+00
1.112032009145470113e+01,6.682406278903662233e+00
1.114032580737353584e+01,6.642366855543563098e+00
1.116033152329236877e+01,5.986078974706759759e+00
1.118033723921120348e+01,6.417660783415863435e+00
1.120034295513003642e+01,5.982767048968423929e+00
1.122034867104887113e+01,7.122601206627701131e+00
1.124035438696770584e+01,7.176953448526852242e+00
1.126036010288653877e+01,5.909507872375193038e+00
1.128036581880537348e+01,6.011080637000875804e+00
1.130037153472420641e+01,6.011144102300952419e+00
1.132037725064304112e+01,6.423422670240808152e+00
1.134038296656187583e+01,6.273401583395493475e+00
1.136038868248070877e+01,7.278089006726460752e+00
1.138039439839954348e+01,7.541226177410708331e+00
1.140040011431837641e+01,7.359672661272117722e+00
1.142040583023721112e+01,7.763961010638771754e+00
1.144041154615604405e+01,7.566162812275970317e+00
1.146041726207487876e+01,7.963647853936644871e+00
1.148042297799371170e+01,7.793146830040706519e+00
1.150042869391254641e+01,7.620474368813118460e+00
1.152043440983138112e+01,7.864664526192825633e+00
1.154044012575021405e+01,7.981928136162679266e+00
1.156044584166904876e+01,8.142110047256259975e+00
1.158045155758788169e+01,8.929860928692802347e+00
1.160045727350671640e+01,9.269130052066257619e+00
1.162046298942555111e+01,8.562729217786309022e+00
1.164046870534438405e+01,8.306777634729584747e+00
1.166047442126321876e+01,9.453989876125461933e+00
1.168048013718205169e+01,8.931825659854183641e+00
1.170048585310088640e+01,9.467445552612486992e+00
1.172049156901971934e+01,8.882911269748518635e+00
1.174049728493855405e+01,9.691084820032354941e+00
1.176050300085738698e+01,9.181383644250534104e+00
1.178050871677622169e+01,9.495131483218411717e+00
1.180051443269505640e+01,1.096688558729352181e+01
1.182052014861388933e+01,1.086516494168492386e+01
1.184052586453272404e+01,1.076897223611038079e+01
1.186053158045155698e+01,1.080854651632195029e+01
1.188053729637039169e+01,1.086874714295867506e+01
1.190054301228922640e+01,1.095299180796602911e+01
1.192054872820805933e+01,1.142626741587270622e+01
1.194055444412689404e+01,1.194807204526020250e+01
1.196056016004572697e+01,1.187443378746896983e+01
1.198056587596456168e+01,1.221263279243439470e+01
1.200057159188339639e+01,1.238731602805188459e+01
1.202057730780222933e+01,1.322120433243619786e+01
1.204058302372106226e+01,1.336407499245402519e+01
1.206058873963989697e+01,1.297547731098669743e+01
1.208059445555873168e+01,1.366705337320370184e+01
1.210060017147756461e+01,1.326818792554620430e+01
1.212060588739639932e+01,1.432125255735825675e+01
1.214061160331523226e+01,1.424188857926848151e+01
1.216061731923406697e+01,1.455673390421388014e+01
1.218062303515290168e+01,1.496711606524007010e+01
1.220062875107173461e+01,1.532614688800960501e+01
1.222063446699056932e+01,1.461511974992937901e+01
1.224064018290940226e+01,1.563822462745629949e+01
1.226064589882823697e+01,1.542563461133380720e+01
1.228065161474707168e+01,1.603489695893039624e+01
1.230065733066590461e+01,1.659234958114821978e+01
1.232066304658473754e+01,1.703960936123968395e+01
1.234066876250357225e+01,1.766706765557053060e+01
1.236067447842240696e+01,1.731436935578735259e+01
1.238068019434123990e+01,1.796805859705794362e+01
1.240068591026007461e+01,1.929588613525854157e+01
1.242069162617890754e+01,1.898087357079182169e+01
1.244069734209774225e+01,1.939188730494061730e+01
1.246070305801657696e+01,1.961687634901285548e+01
1.248070877393540989e+01,2.090988875127948177e+01
1.250071448985424460e+01,2.144246808279699934e+01
1.252072020577307754e+01,2.078634868360892440e+01
1.254072592169191225e+01,2.208180152323155454e+01
1.256073163761074696e+01,2.159734433492762662e+01
1.258073735352957989e+01,2.232964636508379286e+01
1.260074306944841460e+01,2.393749446503747791e+01
1.262074878536724754e+01,2.362059828865583100e+01
1.264075450128608225e+01,2.445527774493690387e+01
1.266076021720491518e+01,2.475512874119130302e+01
1.268076593312374989e+01,2.519349873802048378e+01
1.270077164904258282e+01,2.564897290350988612e+01
1.272077736496141753e+01,2.593975766851835729e+01
1.274078308088025224e+01,2.683927397664611192e+01
1.276078879679908518e+01,2.741632048341966410e+01
1.278079451271791989e+01,2.772844074408555670e+01
1.280080022863675282e+01,2.897274944846630262e+01
1.282080594455558753e+01,2.934144581723912992e+01
1.284081166047442224e+01,3.014592809126758866e+01
1.286081737639325517e+01,3.056303400743665222e+01
1.288082309231208988e+01,3.115527757298139733e+01
1.290082880823092282e+01,3.118181874131188991e+01
1.292083452414975753e+01,3.112421913873948753e+01
1.294084024006859224e+01,3.189482798608210956e+01
1.296084595598742517e+01,3.321230656929273550e+01
1.298085167190625810e+01,3.319366716976195875e+01
1.300085738782509281e+01,3.262450919639370994e+01
1.302086310374392752e+01,3.395184112539774191e+01
1.304086881966276046e+01,3.296425718468257315e+01
1.306087453558159517e+01,3.320124047425710501e+01
1.308088025150042810e+01,3.315583877629196508e+01
1.310088596741926281e+01,3.348728883659327948e+01
1.312089168333809752e+01,3.280020519524168066e+01
1.314089739925693046e+01,3.280769753587233595e+01
1.316090311517576517e+01,3.121515679794811504e+01
1.318090883109459810e+01,3.133734427351846108e+01
1.320091454701343281e+01,3.019849999083495007e+01
1.322092026293226752e+01,2.892399978601992672e+01
1.324092597885110045e+01,2.807483597286243793e+01
1.326093169476993339e+01,2.791130544149040560e+01
1.328093741068876810e+01,2.741086116558535224e+01
1.330094312660760281e+01,2.584228669023008251e+01
1.332094884252643574e+01,2.496016741228232405e+01
1.334095455844527045e+01,2.401199421835851666e+01
1.336096027436410338e+01,2.328999369084138493e+01
1.338096599028293809e+01,2.177115308551659822e+01
1.340097170620177280e+01,2.142587553871936379e+01
1.342097742212060574e+01,2.087795058087170119e+01
1.344098313803944045e+01,1.998539630390973798e+01
1.346098885395827338e+01,1.946344775955640927e+01
1.348099456987710809e+01,1.969896812595513325e+01
1.350100028579594280e+01,1.975273669619751615e+01
1.352100600171477573e+01,1.881715175178172217e+01
1.354101171763361044e+01,1.928984132075960645e+01
1.356101743355244338e+01,1.916469227932081054e+01
1.358102314947127809e+01,1.952898188747271746e+01
1.360102886539011102e+01,2.080503344070924499e+01
1.362103458130894573e+01,2.050349282901851566e+01
1.364104029722777867e+01,2.087744413421356882e+01
1.366104601314661338e+01,2.166501465258030379e+01
1.368105172906544809e+01,2.198655009956830853e+01
1.370105744498428102e+01,2.207134252582146061e+01
1.372106316090311573e+01,2.298395190560647094e+01
1.374106887682194866e+01,2.352421197498636474e+01
1.376107459274078337e+01,2.395361506506991134e+01
1.378108030865961808e+01,2.460186883722876061e+01
1.380108602457845102e+01,2.571338253494030468e+01
1.382109174049728573e+01,2.619129721620853246e+01
1.384109745641611866e+01,2.628865423090687514e+01
1.386110317233495337e+01,2.745323034028671216e+01
1.388110888825378808e+01,2.753007624793080055e+01
1.390111460417262101e+01,2.771569768862784500e+01
1.392112032009145395e+01,2.942169784931122933e+01
1.394112603601028866e+01,2.997961483060369403e+01
1.396113175192912337e+01,3.066847566340349118e+01
1.398113746784795630e+01,3.117163891367437500e+01
1.400114318376679101e+01,3.282127937845260135e+01
1.402114889968562395e+01,3.344574886746537601e+01
1.404115461560445866e+01,3.394699749369215169e+01
1.406116033152329337e+01,3.590659474103643589e+01
1.408116604744212630e+01,3.686820136273117043e+01
1.410117176336095923e+01,3.749611703025200171e+01
1.412117747927979394e+01,3.809159548334120871e+01
1.414118319519862865e+01,3.996071403129776911e+01
1.416118891111746336e+01,4.065097170751583633e+01
1.418119462703629630e+01,4.193441557230907790e+01
1.420120034295512923e+01,4.331407739601010576e+01
1.422120605887396394e+01,4.372983238790467198e+01
1.424121177479279865e+01,4.494980790950975802e+01
1.426121749071163336e+01,4.627245171786350397e+01
1.428122320663046629e+01,4.811764446543529061e+01
1.430122892254929923e+01,4.876381325199466943e+01
1.432123463846813394e+01,5.024097222355993608e+01
1.434124035438696865e+01,5.213004744850577055e+01
1.436124607030580158e+01,5.228686307341955342e+01
1.438125178622463629e+01,5.388490134571655688e+01
1.440125750214346922e+01,5.509943359424278242e+01
1.442126321806230393e+01,5.629201406990338796e+01
1.444126893398113864e+01,5.692004219430903333e+01
1.446127464989997158e+01,5.870127634604804001e+01
1.448128036581880451e+01,5.941289679567928772e+01
1.450128608173763922e+01,5.905098984126278339e+01
1.452129179765647393e+01,6.080728090121413487e+01
1.454129751357530864e+01,6.019802041679424320e+01
1.456130322949414158e+01,6.143217440232859161e+01
1.458130894541297451e+01,6.187999472011920687e+01
1.460131466133180922e+01,6.105764981903536182e+01
1.462132037725064393e+01,6.196631121851349633e+01
1.464132609316947686e+01,6.133082243227302399e+01
1.466133180908831157e+01,6.188700116300317688e+01
1.468133752500714451e+01,6.081766079245611678e+01
1.470134324092597922e+01,6.031919379148583715e+01
1.472134895684481393e+01,5.913850548411193131e+01
1.474135467276364686e+01,5.891393854206583569e+01
1.476136038868247979e+01,5.871316237436307262e+01
1.478136610460131450e+01,5.686918909831566538e+01
1.480137182052014921e+01,5.606799061867909728e+01
1.482137753643898392e+01,5.556627859176347073e+01
1.484138325235781686e+01,5.422944889978979432e+01
1.486138896827664979e+01,5.310743468333797068e+01
1.488139468419548450e+01,5.211579932052984532e+01
1.490140040011431921e+01,5.067247575912480784e+01
1.492140611603315392e+01,4.989827211967254073e+01
1.494141183195198685e+01,4.768605081920595268e+01
1.496141754787081979e+01,4.566804901835710240e+01
1.498142326378965450e+01,4.294813906447404150e+01
1.500142897970848921e+01,4.137668942881349210e+01
1.502143469562732214e+01,3.942204404283943830e+01
1.504144041154615508e+01,3.719585614921452787e+01
1.506144612746498979e+01,3.525293563320598622e+01
1.508145184338382450e+01,3.416992556070293574e+01
1.510145755930265921e+01,3.158670488824518685e+01
1.512146327522149214e+01,3.056924372370689724e+01
1.514146899114032507e+01,3.067169835187225502e+01
1.516147470705915978e+01,2.868706018373628552e+01
1.518148042297799449e+01,2.891455510537696227e+01
1.520148613889682920e+01,2.795257406408727618e+01
1.522149185481566214e+01,2.833243311515911955e+01
1.524149757073449507e+01,2.769207810391779034e+01
1.526150328665332978e+01,2.814256023846694887e+01
1.528150900257216449e+01,2.810311256901772481e+01
1.530151471849099742e+01,2.829551591941003963e+01
1.532152043440983036e+01,2.921065518531629124e+01
1.534152615032866507e+01,2.941786806543358779e+01
1.536153186624749978e+01,2.996872925456635173e+01
1.538153758216633449e+01,3.044492674785665542e+01
1.540154329808516742e+01,3.095642018365506232e+01
1.542154901400400036e+01,3.144177231131396866e+01
1.544155472992283507e+01,3.281272287164568979e+01
1.546156044584166978e+01,3.224491210323475343e+01
1.548156616176050449e+01,3.406483708783744646e+01
1.550157187767933742e+01,3.500942206340369012e+01
1.552157759359817035e+01,3.472956728356643907e+01
1.554158330951700506e+01,3.648182770215452564e+01
1.556158902543583977e+01,3.697742491032057188e+01
1.558159474135467271e+01,3.677402394314997736e+01
1.560160045727350742e+01,3.808959371247749459e+01
1.562160617319234035e+01,3.896865418454638075e+01
1.564161188911117506e+01,3.859405639053206727e+01
1.566161760503000977e+01,3.988907132964598645e+01
1.568162332094884270e+01,4.041253911244972841e+01
1.570162903686767564e+01,4.138084433630874059e+01
1.572163475278651035e+01,4.132034337046991368e+01
1.574164046870534506e+01,4.154582835816457020e+01
1.576164618462417977e+01,4.293891084274988401e+01
1.578165190054301270e+01,4.294457823025702936e+01
1.580165761646184563e+01,4.268316152191073343e+01
1.582166333238068034e+01,4.387799928698592566e+01
1.584166904829951505e+01,4.297284670742510571e+01
1.586167476421834799e+01,4.358063526401885213e+01
1.588168048013718270e+01,4.330566957032847597e+01
1.590168619605601563e+01,4.300556794801903493e+01
1.592169191197485034e+01,4.295426264730780019e+01
1.594169762789368505e+01,4.264821792044831028e+01
1.596170334381251799e+01,4.045783547099523503e+01
1.598170905973135092e+01,3.894596083087179039e+01
1.600171477565018563e+01,3.813850625760940716e+01
1.602172049156902034e+01,3.705820587820879553e+01
1.604172620748785505e+01,3.572350326746391147e+01
1.606173192340668976e+01,3.416610180913986738e+01
1.608173763932552092e+01,3.268709645596620561e+01
1.610174335524435563e+01,3.049590844578990811e+01
1.612174907116319034e+01,2.884531027907242162e+01
1.614175478708202505e+01,2.805062272294495429e+01
1.616176050300085620e+01,2.644515066772137146e+01
1.618176621891969091e+01,2.519376828288946157e+01
1.620177193483852562e+01,2.461613523104598045e+01
1.622177765075736033e+01,2.387695171880542944e+01
1.624178336667619504e+01,2.252907283791434878e+01
1.626178908259502620e+01,2.268007421038684868e+01
1.628179479851386091e+01,2.280941393807800921e+01
1.630180051443269562e+01,2.236723807598806246e+01
1.632180623035153033e+01,2.229007438748295655e+01
1.634181194627036149e+01,2.213406691051723385e+01
1.636181766218919620e+01,2.254536423086698704e+01
1.638182337810803091e+01,2.324106940769534901e+01
1.640182909402686562e+01,2.236349039912179393e+01
1.642183480994570033e+01,2.283198564329058655e+01
1.644184052586453504e+01,2.458380308550358251e+01
1.646184624178336620e+01,2.515858301491456217e+01
1.648185195770220091e+01,2.582408023735131763e+01
1.650185767362103562e+01,2.596400042834463306e+01
1.652186338953986677e+01,2.704265368876982834e+01
1.654186910545870148e+01,2.765684666236850831e+01
1.656187482137753619e+01,2.895120607896512155e+01
1.658188053729637090e+01,2.958395936106835933e+01
1.660188625321520561e+01,3.041941826874371912e+01
1.662189196913404032e+01,3.093308982806295049e+01
1.664189768505287148e+01,3.251827477521381127e+01
1.666190340097170619e+01,3.459668312045741345e+01
1.668190911689054090e+01,3.436069122115218732e+01
1.670191483280937561e+01,3.549241059525736119e+01
1.672192054872820677e+01,3.731348826350502179e+01
1.674192626464704148e+01,3.781953358605630200e+01
1.676193198056587619e+01,3.996177268452689901e+01
1.678193769648471090e+01,4.125349404751475646e+01
1.680194341240354561e+01,4.277424081427863456e+01
1.682194912832238032e+01,4.346332503614598863e+01
1.684195484424121148e+01,4.500035679489420204e+01
1.686196056016004619e+01,4.638516201481038337e+01
1.688196627607888090e+01,4.811168002798803656e+01
1.690197199199771205e+01,4.933981158524574084e+01
1.692197770791654676e+01,5.044976153462925339e+01
1.694198342383538147e+01,5.185827693085055046e+01
1.696198913975421618e+01,5.251729998473670946e+01
1.698199485567305089e+01,5.450714565117871047e+01
1.700200057159188560e+01,5.532519576654637916e+01
1.702200628751071676e+01,5.638001603043728949e+01
1.704201200342955147e+01,5.725250261828409037e+01
1.706201771934838618e+01,5.777799624915406440e+01
1.708202343526722089e+01,5.780335344448707247e+01
1.710202915118605205e+01,5.816015713627601258e+01
1.712203486710488676e+01,5.746847443297820490e+01
1.714204058302372147e+01,5.751156114456209423e+01
1.716204629894255618e+01,5.586338649643654009e+01
1.718205201486139089e+01,5.555854750354565397e+01
1.720205773078022204e+01,5.423365615241714721e+01
1.722206344669905675e+01,5.318784312483144561e+01
1.724206916261789146e+01,5.184068950893842498e+01
1.726207487853672617e+01,5.043222757159667680e+01
1.728208059445555733e+01,4.912841388882957006e+01
1.730208631037439204e+01,4.703115452662667195e+01
1.732209202629322675e+01,4.698124594154872113e+01
1.734209774221206146e+01,4.539804179637648218e+01
1.736210345813089617e+01,4.409360970332515706e+01
1.738210917404973088e+01,4.366358549802708211e+01
1.740211488996856204e+01,4.481495340276953954e+01
1.742212060588739675e+01,4.445843029506922051e+01
1.744212632180623146e+01,4.514343450621328913e+01
1.746213203772506262e+01,4.608178141020376017e+01
1.748213775364389733e+01,4.592736520104770648e+01
1.750214346956273204e+01,4.740726317535847301e+01
1.752214918548156675e+01,4.794440882022816197e+01
1.754215490140040146e+01,4.924031273850752655e+01
1.756216061731923617e+01,4.942014166661301999e+01
1.758216633323806732e+01,5.037352323649096064e+01
1.760217204915690203e+01,5.140973788829909097e+01
1.762217776507573674e+01,5.367208521587961911e+01
1.764218348099457145e+01,5.341038044835750043e+01
1.766218919691340261e+01,5.505364288940378970e+01
1.768219491283223732e+01,5.541598744058065051e+01
1.770220062875107203e+01,5.656636051878683702e+01
1.772220634466990674e+01,5.682100677600219285e+01
1.774221206058874145e+01,5.725870657062606028e+01
1.776221777650757616e+01,5.724743290339641533e+01
1.778222349242640732e+01,5.730792997831866131e+01
1.780222920834524203e+01,5.711825668817412804e+01
1.782223492426407674e+01,5.569263774779677334e+01
1.784224064018290790e+01,5.497152560305842428e+01
1.786224635610174261e+01,5.280929209005837777e+01
1.788225207202057732e+01,5.096137974556152983e+01
1.790225778793941203e+01,4.760684100753239534e+01
1.792226350385824674e+01,4.601056459894382300e+01
1.794226921977708145e+01,4.177929438218463787e+01
1.796227493569591260e+01,3.955899024736857683e+01
1.798228065161474731e+01,3.559272795158125291e+01
1.800228636753358202e+01,3.294686368141827870e+01
1.802229208345241318e+01,3.026753948931216343e+01
1.804229779937124789e+01,2.693367562720858643e+01
1.806230351529008260e+01,2.520986649193117302e+01
1.808230923120891731e+01,2.209378925133689719e+01
1.810231494712775202e+01,2.051817858233843239e+01
1.812232066304658673e+01,1.855406528536008182e+01
1.814232637896542144e+01,1.686605500060453977e+01
1.816233209488425260e+01,1.658798500055522851e+01
1.818233781080308731e+01,1.543521545936934913e+01
1.820234352672191847e+01,1.552414259326507739e+01
1.822234924264075318e+01,1.501602120803693730e+01
1.824235495855958789e+01,1.490181737342378909e+01
1.826236067447842260e+01,1.437602856301101539e+01
1.828236639039725731e+01,1.405087566146533007e+01
1.830237210631609202e+01,1.382460687387051834e+01
1.832237782223492673e+01,1.381047343322395804e+01
1.834238353815375788e+01,1.432321112146386710e+01
1.836238925407259259e+01,1.395382774352591326e+01
1.838239496999142730e+01,1.380427341015141351e+01
1.840240068591025846e+01,1.438347431434264401e+01
1.842240640182909317e+01,1.465585976867072304e+01
1.844241211774792788e+01,1.373811164720058287e+01
1.846241783366676259e+01,1.367108834094470815e+01
1.848242354958559730e+01,1.421089322490593432e+01
1.850242926550443201e+01,1.289390006543604983e+01
1.852243498142326672e+01,1.284658768917255500e+01
1.854244069734209788e+01,1.170189815083902651e+01
1.856244641326093259e+01,1.161744233338215082e+01
1.858245212917976374e+01,1.162111429862466316e+01
1.860245784509859845e+01,1.154076213940597029e+01
1.862246356101743316e+01,1.067617304522735644e+01
1.864246927693626787e+01,1.037040274181569544e+01
1.866247499285510258e+01,1.003699601425270949e+01
1.868248070877393729e+01,9.617835622485715774e+00
1.870248642469277200e+01,8.813493065090971967e+00
1.872249214061160316e+01,8.777267484838041867e+00
1.874249785653043787e+01,9.266757002555081613e+00
1.876250357244927258e+01,8.578817774876844382e+00
1.878250928836810374e+01,9.296189645893074172e+00
1.880251500428693845e+01,8.896300388306134010e+00
1.882252072020577316e+01,8.632706711785186116e+00
1.884252643612460787e+01,8.433860387465914599e+00
1.886253215204344258e+01,8.750136640826745804e+00
1.888253786796227729e+01,8.876964014621400167e+00
1.890254358388111200e+01,9.281796082936461190e+00
1.892254929979994316e+01,8.699181489196751826e+00
1.894255501571877787e+01,9.077667305390235697e+00
1.896256073163760902e+01,8.863144242701434194e+00
1.898256644755644373e+01,9.261407080723941476e+00
1.900257216347527844e+01,9.199806180103660580e+00
1.902257787939411315e+01,1.029758528779280979e+01
1.904258359531294786e+01,1.026143555281816688e+01
1.906258931123178257e+01,1.063492061525460919e+01
1.908259502715061728e+01,1.002738978649925805e+01
1.910260074306944844e+01,9.741431780460199974e+00
1.912260645898828315e+01,1.025512072717732259e+01
1.914261217490711431e+01,1.050533496251942012e+01
1.916261789082594902e+01,1.011314435705198100e+01
1.918262360674478373e+01,1.023693932328016487e+01
1.920262932266361844e+01,1.140316731171183662e+01
1.922263503858245315e+01,1.035067967473881012e+01
1.924264075450128786e+01,1.032974320792213163e+01
1.926264647042012257e+01,1.100194635787442543e+01
1.928265218633895373e+01,1.071101656017284753e+01
1.930265790225778844e+01,1.093974948544445880e+01
1.932266361817662315e+01,1.059390468766807913e+01
1.934266933409545430e+01,1.029808916056569679e+01
1.936267505001428901e+01,1.100765693306886206e+01
1.938268076593312372e+01,1.080483823043456582e+01
1.940268648185195843e+01,1.139474851312961690e+01
1.942269219777079314e+01,1.090590667090132548e+01
1.944269791368962785e+01,1.194345775505759555e+01
1.946270362960846256e+01,1.221996010920254960e+01
1.948270934552729372e+01,1.225895295442738231e+01
1.950271506144612843e+01,1.169376610248893833e+01
1.952272077736495959e+01,1.235260737190895597e+01
1.954272649328379430e+01,1.331144106621030865e+01
1.956273220920262901e+01,1.301527637506755752e+01
1.958273792512146372e+01,1.404052059591217372e+01
1.960274364104029843e+01,1.379120115669242530e+01
1.962274935695913314e+01,1.504766805983980404e+01
1.964275507287796785e+01,1.502624166574074493e+01
1.966276078879679901e+01,1.593876998448473259e+01
1.968276650471563372e+01,1.726467595517674170e+01
1.970277222063446487e+01,1.663891150884784409e+01
1.972277793655329958e+01,1.793670033149304288e+01
1.974278365247213429e+01,1.905427905374245867e+01
1.976278936839096900e+01,1.881183645161477003e+01
1.978279508430980371e+01,2.021516823747539604e+01
1.980280080022863842e+01,2.017572863474364908e+01
1.982280651614747313e+01,2.207267323904790501e+01
1.984281223206630784e+01,2.113760030010670476e+01
1.986281794798513900e+01,2.236618354631248451e+01
1.988282366390397371e+01,2.292972272709484471e+01
1.990282937982280487e+01,2.443322703384610151e+01
1.992283509574163958e+01,2.501474429164025537e+01
1.994284081166047429e+01,2.524886834008761127e+01
1.996284652757930900e+01,2.679167300131797802e+01
1.998285224349814371e+01,2.778287500105442120e+01
2.000285795941697842e+01,2.832250211318386590e+01
2.002286367533581313e+01,2.888414609758757479e+01
2.004286939125464428e+01,2.909033493693449657e+01
2.006287510717347899e+01,3.009627975561177493e+01
2.008288082309231015e+01,3.016275657867146620e+01
2.010288653901114486e+01,3.113876572797615694e+01
2.012289225492997957e+01,3.195630695079549710e+01
2.014289797084881428e+01,3.260359342593612553e+01
2.016290368676764899e+01,3.386631909833695886e+01
2.018290940268648370e+01,3.500834363550252704e+01
2.020291511860531841e+01,3.453318470010365360e+01
2.022292083452414957e+01,3.496379428788451804e+01
2.024292655044298428e+01,3.554686927291388088e+01
2.026293226636181899e+01,3.547107281214949381e+01
2.028293798228065015e+01,3.569502050041912611e+01
2.030294369819948486e+01,3.615266111975968499e+01
2.032294941411831957e+01,3.536665914413574541e+01
2.034295513003715428e+01,3.534277317518829875e+01
2.036296084595598899e+01,3.532823143897397955e+01
2.038296656187482370e+01,3.436693781949909976e+01
2.040297227779365841e+01,3.381473607898179523e+01
2.042297799371248956e+01,3.344591299437512788e+01
2.044298370963132427e+01,3.189924864928760329e+01
2.046298942555015543e+01,3.116388304103560358e+01
2.048299514146899014e+01,3.032279291782695196e+01
2.050300085738782485e+01,2.910528592317849217e+01
2.052300657330665956e+01,2.868314939067619207e+01
2.054301228922549427e+01,2.857036716882526406e+01
2.056301800514432898e+01,2.758627919135357587e+01
2.058302372106316369e+01,2.588079463663096647e+01
2.060302943698199485e+01,2.611058811089793608e+01
2.062303515290082956e+01,2.585709247029551250e+01
2.064304086881966072e+01,2.468341929870796392e+01
2.066304658473849543e+01,2.428883670663544692e+01
2.068305230065733014e+01,2.394343474094480939e+01
2.070305801657616485e+01,2.346481796577171863e+01
2.072306373249499956e+01,2.274663575406341920e+01
2.074306944841383427e+01,2.178593958657535978e+01
2.076307516433266898e+01,2.062123716102833981e+01
2.078308088025150369e+01,2.039843858692184853e+01
2.080308659617033484e+01,1.908680190776147612e+01
2.082309231208916955e+01,1.865994433391941243e+01
2.084309802800800071e+01,1.684120853899678494e+01
2.086310374392683542e+01,1.621608468660449276e+01
2.088310945984567013e+01,1.509846681545642610e+01
2.090311517576450484e+01,1.474987201758069233e+01
2.092312089168333955e+01,1.353816156858283293e+01
2.094312660760217426e+01,1.259597782895022711e+01
2.096313232352100897e+01,1.197462340080600995e+01
2.098313803943984013e+01,1.122763984781449054e+01
2.100314375535867484e+01,1.151177689267664306e+01
2.102314947127750600e+01,1.113444147911980231e+01
2.104315518719634071e+01,1.070512977822019529e+01
2.106316090311517542e+01,1.100743178463921090e+01
2.108316661903401013e+01,1.087369384745253598e+01
2.110317233495284484e+01,1.063351763543205841e+01
2.112317805087167955e+01,9.830478641289188246e+00
2.114318376679051426e+01,9.395064556883987450e+00
2.116318948270934541e+01,9.739861784163924341e+00
2.118319519862818012e+01,1.055460140794553681e+01
2.120320091454701483e+01,1.061702707937358525e+01
2.122320663046584599e+01,1.115246171561258137e+01
2.124321234638468070e+01,1.120359135540270401e+01
2.126321806230351541e+01,1.125704198310994286e+01
2.128322377822235012e+01,1.125162280054694186e+01
2.130322949414118483e+01,1.157351415767817215e+01
2.132323521006001954e+01,1.192385090719227492e+01
2.134324092597885425e+01,1.241054454963042630e+01
2.136324664189768541e+01,1.266405312839290787e+01
2.138325235781652012e+01,1.311427793371534278e+01
2.140325807373535127e+01,1.285451275505102231e+01
2.142326378965418598e+01,1.392983098920130658e+01
2.144326950557302069e+01,1.371690083545007965e+01
2.146327522149185540e+01,1.482681770618580330e+01
2.148328093741069011e+01,1.528362399805249083e+01
2.150328665332952482e+01,1.522430931167435197e+01
2.152329236924835953e+01,1.618822769454467547e+01
2.154329808516719069e+01,1.649503874456870633e+01
2.156330380108602540e+01,1.683866365120847064e+01
2.158330951700485656e+01,1.834553015627509254e+01
2.160331523292369127e+01,1.865082324166474592e+01
2.162332094884252598e+01,1.945716696076564034e+01
2.164332666476136069e+01,1.963421750378883957e+01
2.166333238068019540e+01,2.066286299449693331e+01
2.168333809659903011e+01,2.139391638101334081e+01
2.170334381251786482e+01,2.186039041536729854e+01
2.172334952843669598e+01,2.314585708153407140e+01
2.174335524435553069e+01,2.316815185887134732e+01
2.176336096027436540e+01,2.442920776219887813e+01
2.178336667619319655e+01,2.460504628992399390e+01
2.180337239211203126e+01,2.647806110017008052e+01
2.182337810803086597e+01,2.586411855970570173e+01
2.184338382394970068e+01,2.786944169165267482e+01
2.186338953986853539e+01,2.872962526166840647e+01
2.188339525578737010e+01,2.919605045609696248e+01
2.190340097170620481e+01,2.973534945525518225e+01
2.192340668762503597e+01,3.065155025326131266e+01
2.194341240354387068e+01,3.214695647865834616e+01
2.196341811946270184e+01,3.241320290728222631e+01
2.198342383538153655e+01,3.340936682804925795e+01
2.200342955130037126e+01,3.468055894268211858e+01
2.202343526721920597e+01,3.615824862309001020e+01
2.204344098313804068e+01,3.721901534693228086e+01
2.206344669905687539e+01,3.815964106665714439e+01
2.208345241497571010e+01,3.905773924553971455e+01
2.210345813089454126e+01,4.009015724750786092e+01
2.212346384681337597e+01,4.113686051821488121e+01
2.214346956273221068e+01,4.136760995943561170e+01
2.216347527865104183e+01,4.219064846046810402e+01
2.218348099456987654e+01,4.333101107571917510e+01
2.220348671048871125e+01,4.478338639212521599e+01
2.222349242640754596e+01,4.415556107946669329e+01
2.224349814232638067e+01,4.485416472082356165e+01
2.226350385824521538e+01,4.518373469807454512e+01
2.228350957416405009e+01,4.419048027423847458e+01
2.230351529008288125e+01,4.458898778432772048e+01
2.232352100600171596e+01,4.322180723612594022e+01
2.234352672192054712e+01,4.358823172478223285e+01
2.236353243783938183e+01,4.245683322389946568e+01
2.238353815375821654e+01,4.174094130499760524e+01
2.240354386967705125e+01,4.022420424161929020e+01
2.242354958559588596e+01,3.881368394312232084e+01
2.244355530151472067e+01,3.786604004204669849e+01
2.246356101743355538e+01,3.740257032675663140e+01
2.248356673335238654e+01,3.697889717880408966e+01
2.250357244927122125e+01,3.575487411160574425e+01
2.252357816519005240e+01,3.509608718460984988e+01
2.254358388110888711e+01,3.402617384580553050e+01
2.256358959702772182e+01,3.252406320444826093e+01
2.258359531294655653e+01,3.194392221124603992e+01
2.260360102886539124e+01,3.119601674697517524e+01
2.262360674478422595e+01,3.040649769465138164e+01
2.264361246070306066e+01,2.934840880234568061e+01
2.266361817662189182e+01,2.737834356347235598e+01
2.268362389254072653e+01,2.658126046090582051e+01
2.270362960845956124e+01,2.558440297382354345e+01
2.272363532437839240e+01,2.508782763730111043e+01
2.274364104029722711e+01,2.387218948975089461e+01
2.276364675621606182e+01,2.410185293762258141e+01
2.278365247213489653e+01,2.233751863228259538e+01
2.280365818805373124e+01,2.225459720319295442e+01
2.282366390397256595e+01,2.222020756294303112e+01
2.284366961989140066e+01,2.220006291461614012e+01
2.286367533581023181e+01,2.253661100010772955e+01
2.288368105172906652e+01,2.286329481299731370e+01
2.290368676764789768e+01,2.264618175388207177e+01
2.292369248356673239e+01,2.324868815756017426e+01
2.294369819948556710e+01,2.378929825098626694e+01
2.296370391540440181e+01,2.434213425018792165e+01
2.298370963132323652e+01,2.428002545769330567e+01
2.300371534724207123e+01,2.462552625219113978e+01
2.302372106316090594e+01,2.588162314414683962e+01
2.304372677907973710e+01,2.605203157441511053e+01
2.306373249499857181e+01,2.716015510751774542e+01
2.308373821091740652e+01,2.742447814045200971e+01
2.310374392683623768e+01,2.897193510641914926e+01
2.312374964275507239e+01,2.924873290680850957e+01
2.314375535867390710e+01,2.999384128439576713e+01
2.316376107459274181e+01,3.020788825764932284e+01
2.318376679051157652e+01,3.005103491741304111e+01
2.320377250643041123e+01,3.039563644567981271e+01
2.322377822234924594e+01,3.088797580432133216e+01
2.324378393826807709e+01,3.120700340892962288e+01
2.326378965418691180e+01,3.003996782533539545e+01
2.328379537010574296e+01,3.062520269250745031e+01
2.330380108602457767e+01,3.003960513365717588e+01
2.332380680194341238e+01,2.986054334656083853e+01
2.334381251786224709e+01,2.947195092219125812e+01
2.336381823378108180e+01,2.783148861997408119e+01
2.338382394969991651e+01,2.720386262248505460e+01
2.340382966561875122e+01,2.694170392967523853e+01
2.342383538153758238e+01,2.669294037088280191e+01
2.344384109745641709e+01,2.534410424805447093e+01
2.346384681337524825e+01,2.411811414778057383e+01
2.348385252929408296e+01,2.325295046865809923e+01
2.350385824521291767e+01,2.338740511438292913e+01
2.352386396113175238e+01,2.323187281140668503e+01
2.354386967705058709e+01,2.215502528334008403e+01
2.356387539296942180e+01,2.197952225725462938e+01
2.358388110888825651e+01,2.210828246685415621e+01
2.360388682480708766e+01,2.178892802301535880e+01
2.362389254072592237e+01,2.109924106354839779e+01
2.364389825664475708e+01,2.096901607880141682e+01
2.366390397256358824e+01,2.156566059961589588e+01
2.368390968848242295e+01,2.179868452352047825e+01
2.370391540440125766e+01,2.093568856643615561e+01
2.372392112032009237e+01,2.195979276886588494e+01
2.374392683623892708e+01,2.082226448433371502e+01
2.376393255215776179e+01,2.202334832420448762e+01
2.378393826807659650e+01,2.165911491559950264e+01
2.380394398399542766e+01,2.181851028429484174e+01
2.382394969991426237e+01,2.223910044075049797e+01
2.384395541583309353e+01,2.227016034567604663e+01
2.386396113175192824e+01,2.297983224344357467e+01
2.388396684767076295e+01,2.305391502864369713e+01
2.390397256358959766e+01,2.322928979238519176e+01
2.392397827950843237e+01,2.363122668091403256e+01
2.394398399542726708e+01,2.307502352951321711e+01
2.396398971134610179e+01,2.328940089178614770e+01
2.398399542726493294e+01,2.365802215916328421e+01
2.400400114318376765e+01,2.341244543319649196e+01
2.402400685910260236e+01,2.284178161807139773e+01
2.404401257502143352e+01,2.299923663659184214e+01
2.406401829094026823e+01,2.231413176829231304e+01
2.408402400685910294e+01,2.136993988098612718e+01
2.410402972277793765e+01,2.054854987158976343e+01
2.412403543869677236e+01,2.112346425294984442e+01
2.414404115461560707e+01,2.035474018056170564e+01
2.416404687053444178e+01,1.886569907216500752e+01
2.418405258645327294e+01,1.889071176359378512e+01
2.420405830237210765e+01,1.785398914019382843e+01
2.422406401829093880e+01,1.716811169415678151e+01
2.424406973420977351e+01,1.551377160835168922e+01
2.426407545012860822e+01,1.458952599586896959e+01
2.428408116604744293e+01,1.469940304140506981e+01
2.430408688196627764e+01,1.332844847805203514e+01
2.432409259788511235e+01,1.287655241869414624e+01
2.434409831380394706e+01,1.284836920240606339e+01
2.436410402972277822e+01,1.172829269438483735e+01
2.438410974564161293e+01,1.103182060854271995e+01
2.440411546156044409e+01,1.059175294597788941e+01
2.442412117747927880e+01,1.113734612836506876e+01
2.444412689339811351e+01,1.128563202441323554e+01
2.446413260931694822e+01,1.011050723874071977e+01
2.448413832523578293e+01,1.106217544084199567e+01
2.450414404115461764e+01,1.002609438605697889e+01
2.452414975707345235e+01,9.753784342025204168e+00
2.454415547299228351e+01,1.025896984931074485e+01
2.456416118891111822e+01,1.056026452057244569e+01
2.458416690482995293e+01,1.098559951983052230e+01
2.460417262074878408e+01,1.095713956989418847e+01
2.462417833666761879e+01,1.096686262418847591e+01
2.464418405258645350e+01,1.116869872736384650e+01
2.466418976850528821e+01,1.104700010287209366e+01
2.468419548442412292e+01,1.221152046439396521e+01
2.470420120034295763e+01,1.082596034244279437e+01
2.472420691626179234e+01,1.175000400091434294e+01
2.474421263218062350e+01,1.217530104622352205e+01
2.476421834809945821e+01,1.238645022845751598e+01
2.478422406401828937e+01,1.193739581164811980e+01
2.480422977993712408e+01,1.288064176476050804e+01
2.482423549585595879e+01,1.184960890158415125e+01
2.484424121177479350e+01,1.302963879843168371e+01
2.486424692769362821e+01,1.332536275874824305e+01
2.488425264361246292e+01,1.280345329372379837e+01
2.490425835953129763e+01,1.308026486000959210e+01
2.492426407545012879e+01,1.370006999741448084e+01
2.494426979136896350e+01,1.420021584187911401e+01
2.496427550728779821e+01,1.439034933823310425e+01
2.498428122320662936e+01,1.380560457889840720e+01
2.500428693912546407e+01,1.411949934813738139e+01
2.502429265504429878e+01,1.507177781709031450e+01
2.504429837096313349e+01,1.643190137798566397e+01
2.506430408688196820e+01,1.643682951235006584e+01
2.508430980280080291e+01,1.721197052235685376e+01
2.510431551871963762e+01,1.714730433612290028e+01
2.512432123463846878e+01,1.789306827176303827e+01
2.514432695055730349e+01,1.880596786584230529e+01
2.516433266647613465e+01,1.943721959382822817e+01
2.518433838239496936e+01,2.081293155578688570e+01
2.520434409831380407e+01,2.052700389011704729e+01
2.522434981423263878e+01,2.133224311409326646e+01
2.524435553015147349e+01,2.150415975437017835e+01
2.526436124607030820e+01,2.366891946579088213e+01
2.528436696198914291e+01,2.402313525218734469e+01
2.530437267790797407e+01,2.419827752972138413e+01
2.532437839382680878e+01,2.438632665275467915e+01
2.534438410974563993e+01,2.474632074994734054e+01
2.536438982566447464e+01,2.544271278123712676e+01
2.538439554158330935e+01,2.535981587940382198e+01
2.540440125750214406e+01,2.507116128339582772e+01
2.542440697342097877e+01,2.407983310358701345e+01
2.544441268933981348e+01,2.364098408294782061e+01
2.546441840525864819e+01,2.250740740264781792e+01
2.548442412117747935e+01,2.124322167154473817e+01
2.550442983709631406e+01,1.994193621710527964e+01
2.552443555301514877e+01,1.875588752033720752e+01
2.554444126893397993e+01,1.799136025643561254e+01
2.556444698485281464e+01,1.618396567430771071e+01
2.558445270077164935e+01,1.435585289502586193e+01
2.560445841669048406e+01,1.307188908190131293e+01
2.562446413260931877e+01,1.229751528943628891e+01
2.564446984852815348e+01,1.132913606064209588e+01
2.566447556444698819e+01,1.000697312419580776e+01
2.568448128036581934e+01,9.793049703569934650e+00
2.570448699628465405e+01,9.156562930113414822e+00
2.572449271220348521e+01,9.041096029417676760e+00
2.574449842812231992e+01,8.042598326744894166e+00
2.576450414404115463e+01,8.751413933045951055e+00
2.578450985995998934e+01,8.446864366706433813e+00
2.580451557587882405e+01,8.749548066361537479e+00
2.582452129179765876e+01,7.987709063548807720e+00
2.584452700771649347e+01,9.240961112120132270e+00
2.586453272363532463e+01,9.284075811894556551e+00
2.588453843955415934e+01,9.592949465361378714e+00
2.590454415547299405e+01,9.317469706090149018e+00
2.592454987139182521e+01,9.925816910964108786e+00
2.594455558731065992e+01,9.638583861372980621e+00
2.596456130322949463e+01,1.101947062591674076e+01
2.598456701914832934e+01,1.027184234428760412e+01
2.600457273506716405e+01,1.176819257521639273e+01
2.602457845098599520e+01,1.198583165179187660e+01
2.604458416690482991e+01,1.223583622559725015e+01
2.606458988282366462e+01,1.248138931691012132e+01
2.608459559874249933e+01,1.287828582186075366e+01
2.610460131466133404e+01,1.447152729697006990e+01
2.612460703058016520e+01,1.503421393136389383e+01
2.614461274649899991e+01,1.566163835778793612e+01
2.616461846241783462e+01,1.639469918483031918e+01
2.618462417833666933e+01,1.669010195754627901e+01
2.620462989425550404e+01,1.832004360435779233e+01
2.622463561017433520e+01,1.891609813897462189e+01
2.624464132609316991e+01,2.013851848657211718e+01
2.626464704201200462e+01,2.125445010595000284e+01
2.628465275793083933e+01,2.170351308994931117e+01
2.630465847384967049e+01,2.318597401410917058e+01
2.632466418976850520e+01,2.375080997637959612e+01
2.634466990568733991e+01,2.518234947413552050e+01
2.636467562160617462e+01,2.639773281379754977e+01
2.638468133752500933e+01,2.695282093324366812e+01
2.640468705344384048e+01,2.894546172237767223e+01
2.642469276936267519e+01,2.957452511734797085e+01
2.644469848528150990e+01,3.095622539850901944e+01
2.646470420120034461e+01,3.243558081368053081e+01
2.648470991711917932e+01,3.422648675022931286e+01
2.650471563303801048e+01,3.409364061129809187e+01
2.652472134895684519e+01,3.590033569541694192e+01
2.654472706487567990e+01,3.762814489250010297e+01
2.656473278079451461e+01,3.803221242456483253e+01
2.658473849671334932e+01,3.967005289890254716e+01
2.660474421263218048e+01,4.035740885838869474e+01
2.662474992855101519e+01,4.191718115601175043e+01
2.664475564446984990e+01,4.318703634896513677e+01
2.666476136038868461e+01,4.418841878358949771e+01
2.668476707630751577e+01,4.503849452546961629e+01
2.670477279222635048e+01,4.706694186479386133e+01
2.672477850814518519e+01,4.845249511327156711e+01
2.674478422406401990e+01,4.926848508845049679e+01
2.676478993998285461e+01,5.014984745174244551e+01
2.678479565590168576e+01,5.128607561938081005e+01
2.680480137182052047e+01,5.216222183237243826e+01
2.682480708773935518e+01,5.331081739711960665e+01
2.684481280365818989e+01,5.374059360146249986e+01
2.686481851957702460e+01,5.446665090468854942e+01
2.688482423549585576e+01,5.584372270979731923e+01
2.690482995141469047e+01,5.634236407195310647e+01
2.692483566733352518e+01,5.532229224351845431e+01
2.694484138325235989e+01,5.615147690350199383e+01
2.696484709917119105e+01,5.489964254962279000e+01
2.698485281509002576e+01,5.354879353436548683e+01
2.700485853100886047e+01,5.313893430921454097e+01
2.702486424692769518e+01,5.152066736906248678e+01
2.704486996284652989e+01,5.000417328142255968e+01
2.706487567876536104e+01,4.697399227873439997e+01
2.708488139468419575e+01,4.485736484731130247e+01
2.710488711060303046e+01,4.251163722482360896e+01
2.712489282652186517e+01,4.020305342852989838e+01
2.714489854244069988e+01,3.668147098129012562e+01
2.716490425835953104e+01,3.380356020885369617e+01
2.718490997427836575e+01,3.133177491957341942e+01
2.720491569019720046e+01,2.951674912129493933e+01
2.722492140611603517e+01,2.585163251434281761e+01
2.724492712203486633e+01,2.472298295112585365e+01
2.726493283795370104e+01,2.294843082681573776e+01
2.728493855387253575e+01,2.233628550825303094e+01
2.730494426979137046e+01,2.017824187464115937e+01
2.732494998571020517e+01,1.947586051889263103e+01
2.734495570162903633e+01,1.842384076549316063e+01
2.736496141754787104e+01,1.851622372791926452e+01
2.738496713346670575e+01,1.813259287399257857e+01
2.740497284938554046e+01,1.781717174769553225e+01
2.742497856530437517e+01,1.822323327199811871e+01
2.744498428122320632e+01,1.823912028889110459e+01
2.746498999714204103e+01,1.954378527350735339e+01
2.748499571306087574e+01,1.970095712252264164e+01
2.750500142897971045e+01,2.039125453687553247e+01
2.752500714489854516e+01,2.024309811665271042e+01
2.754501286081737632e+01,2.180900107263613918e+01
2.756501857673621103e+01,2.188916936289007964e+01
2.758502429265504574e+01,2.206233586563515559e+01
2.760503000857388045e+01,2.266504534091064471e+01
2.762503572449271161e+01,2.486516274093439094e+01
2.764504144041154632e+01,2.539354158413647156e+01
2.766504715633038103e+01,2.678394080411339928e+01
2.768505287224921574e+01,2.737314837752008145e+01
2.770505858816805045e+01,2.820781274062478516e+01
2.772506430408688161e+01,2.954519120756767236e+01
2.774507002000571632e+01,3.073159887617953601e+01
2.776507573592455103e+01,3.052753479559672556e+01
2.778508145184338574e+01,3.145559710362807238e+01
2.780508716776222045e+01,3.379062785775356303e+01
2.782509288368105160e+01,3.478210882859607267e+01
2.784509859959988631e+01,3.469069779924556229e+01
2.786510431551872102e+01,3.661323483587651850e+01
2.788511003143755573e+01,3.834808736719385536e+01
2.790511574735638689e+01,3.871394426649373344e+01
2.792512146327522160e+01,3.975937005487568854e+01
2.794512717919405631e+01,4.017416112473237177e+01
2.796513289511289102e+01,4.163504288175712276e+01
2.798513861103172573e+01,4.200801280755423761e+01
2.800514432695055689e+01,4.265101917962803668e+01
2.802515004286939160e+01,4.340958986294153732e+01
2.804515575878822631e+01,4.395523724549207856e+01
2.806516147470706102e+01,4.473690164904699174e+01
2.808516719062589573e+01,4.524753363982556209e+01
2.810517290654472689e+01,4.515332541974186142e+01
2.812517862246356160e+01,4.584162561921812085e+01
2.814518433838239631e+01,4.679151503686622959e+01
2.816519005430123102e+01,4.587702073755954046e+01
2.818519577022006217e+01,4.683715712334748105e+01
2.820520148613889688e+01,4.613463340119866984e+01
2.822520720205773159e+01,4.720148124629213982e+01
2.824521291797656630e+01,4.674730469215594297e+01
2.826521863389540101e+01,4.614068607097559749e+01
2.828522434981423217e+01,4.549357528609834134e+01
2.830523006573306688e+01,4.461518317330880734e+01
2.832523578165190159e+01,4.400461387912419298e+01
2.834524149757073630e+01,4.335800142331448370e+01
2.836524721348957101e+01,4.248214597257520353e+01
2.838525292940840217e+01,3.979093285954466097e+01
2.840525864532723688e+01,3.886341488683082446e+01
2.842526436124607159e+01,3.772684827127553575e+01
2.844527007716490630e+01,3.638475903975930237e+01
2.846527579308374101e+01,3.448647791413587527e+01
2.848528150900257216e+01,3.321135444735781306e+01
2.850528722492140687e+01,3.169367309047909487e+01
2.852529294084024158e+01,2.958242018251210581e+01
2.854529865675907629e+01,2.909887075843946036e+01
2.856530437267790745e+01,2.763534653130331975e+01
2.858531008859674216e+01,2.546598219270898511e+01
2.860531580451557687e+01,2.489863568391682236e+01
2.862532152043441158e+01,2.417577315943838556e+01
2.864532723635324629e+01,2.279091055368754581e+01
2.866533295227207745e+01,2.235929306423178176e+01
2.868533866819091216e+01,2.064106040661876662e+01
2.870534438410974687e+01,2.017280242918255695e+01
2.872535010002858158e+01,1.944804209470077794e+01
2.874535581594741629e+01,1.745962016634931757e+01
2.876536153186624745e+01,1.772159719925515731e+01
2.878536724778508216e+01,1.568911165440754907e+01
2.880537296370391687e+01,1.640330116453943532e+01
2.882537867962275158e+01,1.480738809242555654e+01
2.884538439554158273e+01,1.428173002812523684e+01
2.886539011146041744e+01,1.358921353685951594e+01
2.888539582737925215e+01,1.327150469958864676e+01
2.890540154329808686e+01,1.343763140479244278e+01
2.892540725921692157e+01,1.348538305005186899e+01
2.894541297513575273e+01,1.175976022260401344e+01
2.896541869105458744e+01,1.257834533653672437e+01
2.898542440697342215e+01,1.229809236987598808e+01
2.900543012289225686e+01,1.214034256429594727e+01
2.902543583881109157e+01,1.227631336790250671e+01
2.904544155472992273e+01,1.212376839905957127e+01
2.906544727064875744e+01,1.196602106272917432e+01
2.908545298656759215e+01,1.127593064749338403e+01
2.910545870248642686e+01,1.179737325544346582e+01
2.912546441840525802e+01,1.239270781580463954e+01
2.914547013432409273e+01,1.246871382857386124e+01
2.916547585024292744e+01,1.206762071914338108e+01
2.918548156616176215e+01,1.339765225713906460e+01
2.920548728208059686e+01,1.384785787232139143e+01
2.922549299799942801e+01,1.441168051640833170e+01
2.924549871391826272e+01,1.357610749992231369e+01
2.926550442983709743e+01,1.485205314301700952e+01
2.928551014575593214e+01,1.472024218397172390e+01
2.930551586167476685e+01,1.606264457793667333e+01
2.932552157759359801e+01,1.656318035963398216e+01
2.934552729351243272e+01,1.637796623763591697e+01
2.936553300943126743e+01,1.639958396506954585e+01
2.938553872535010214e+01,1.820634712798158006e+01
2.940554444126893330e+01,1.763797374188334999e+01
2.942555015718776801e+01,1.840399281217123217e+01
2.944555587310660272e+01,1.897385794722032415e+01
2.946556158902543743e+01,1.813633683602360591e+01
2.948556730494427214e+01,1.910777129288049991e+01
2.950557302086310330e+01,1.913913203986460587e+01
2.952557873678193801e+01,1.945272470183308400e+01
2.954558445270077272e+01,1.956740359263535112e+01
2.956559016861960743e+01,1.992547176838026601e+01
2.958559588453844214e+01,1.916045465214612165e+01
2.960560160045727329e+01,1.964830327095953777e+01
2.962560731637610800e+01,2.061661392350495703e+01
2.964561303229494271e+01,2.119187547378346892e+01
2.966561874821377742e+01,2.139700557771232070e+01
2.968562446413261213e+01,2.270830876747703186e+01
2.970563018005144329e+01,2.221792714208553932e+01
2.972563589597027800e+01,2.377036484068481315e+01
2.974564161188911271e+01,2.577001528916327899e+01
2.976564732780794742e+01,2.582645629379193153e+01
2.978565304372677858e+01,2.801684585629648438e+01
2.980565875964561329e+01,2.880766379968173396e+01
2.982566447556444800e+01,3.006131592511286499e+01
2.984567019148328271e+01,3.181743505338322109e+01
2.986567590740211742e+01,3.328978268433385779e+01
2.988568162332094857e+01,3.485043574295899305e+01
2.990568733923978328e+01,3.530227010869634796e+01
2.992569305515861799e+01,3.775282941850894503e+01
2.994569877107745270e+01,3.818641380185486156e+01
2.996570448699628741e+01,3.945301980353096383e+01
2.998571020291511857e+01,4.123027651851631248e+01
3.000571591883395328e+01,4.179947556519255158e+01
3.002572163475278799e+01,4.257749641088307158e+01
3.004572735067162270e+01,4.193962396397652981e+01
3.006573306659045386e+01,4.151498005979907902e+01
3.008573878250928857e+01,4.234324843035597752e+01
3.010574449842812328e+01,4.119921996255593655e+01
3.012575021434695799e+01,4.114826775415993865e+01
3.014575593026579270e+01,3.976313853652126085e+01
3.016576164618462386e+01,3.853256355823575063e+01
3.018576736210345857e+01,3.623970683508135693e+01
3.020577307802229328e+01,3.538119847434299459e+01
3.022577879394112799e+01,3.428782540056097616e+01
3.024578450985996270e+01,3.331705574154668881e+01
3.026579022577879385e+01,3.086865725173323582e+01
3.028579594169762856e+01,3.017790584276635713e+01
3.030580165761646327e+01,2.828014251552095715e+01
3.032580737353529798e+01,2.685669027022400002e+01
3.034581308945412914e+01,2.499784848953497729e+01
3.036581880537296385e+01,2.454494029947577971e+01
3.038582452129179856e+01,2.376653056979492362e+01
3.040583023721063327e+01,2.206947042922887192e+01
3.042583595312946798e+01,2.124964580315240426e+01
3.044584166904829914e+01,2.038730766504041014e+01
3.046584738496713385e+01,1.915866935217957945e+01
3.048585310088596856e+01,1.903449741523212424e+01
3.050585881680480327e+01,1.769871374271217945e+01
3.052586453272363798e+01,1.708595107850976902e+01
3.054587024864246914e+01,1.627752920085385213e+01
3.056587596456130385e+01,1.603227021637318472e+01
3.058588168048013856e+01,1.621023181861657037e+01
3.060588739639897327e+01,1.654929803207713945e+01
3.062589311231780798e+01,1.672259982828624558e+01
3.064589882823663913e+01,1.647160295877879932e+01
3.066590454415547384e+01,1.678822291383609411e+01
3.068591026007430855e+01,1.709285669326855839e+01
3.070591597599314326e+01,1.797088826155836827e+01
3.072592169191197442e+01,1.925202479001388411e+01
3.074592740783080913e+01,1.949720394680921132e+01
3.076593312374964384e+01,2.135369879642936652e+01
3.078593883966847855e+01,2.165100694056194897e+01
3.080594455558731326e+01,2.302395959205833620e+01
3.082595027150614442e+01,2.396640375610953200e+01
3.084595598742497913e+01,2.524020313557278783e+01
3.086596170334381384e+01,2.646668219067498029e+01
3.088596741926264855e+01,2.843058442666582408e+01
3.090597313518148326e+01,2.968736320017861630e+01
3.092597885110031442e+01,3.142294082240010056e+01
3.094598456701914913e+01,3.206078428126322422e+01
3.096599028293798384e+01,3.530626242942661008e+01
3.098599599885681855e+01,3.586221610380840019e+01
3.100600171477564970e+01,3.727864455922001952e+01
3.102600743069448441e+01,3.904404782778268412e+01
3.104601314661331912e+01,4.120206472738306047e+01
3.106601886253215383e+01,4.325704654400608007e+01
3.108602457845098854e+01,4.369788914183064321e+01
3.110603029436981970e+01,4.582489490865501125e+01
3.112603601028865441e+01,4.579423825522535196e+01
3.114604172620748912e+01,4.707311509669476379e+01
3.116604744212632383e+01,4.749466972112297469e+01
3.118605315804515854e+01,4.775619076323134493e+01
3.120605887396398970e+01,4.728791340119946085e+01
3.122606458988282441e+01,4.751804082562976106e+01
3.124607030580165912e+01,4.635520342335598798e+01
3.126607602172049383e+01,4.528321727132285446e+01
3.128608173763932498e+01,4.469520645282526061e+01
3.130608745355815969e+01,4.365509202275308809e+01
3.132609316947699440e+01,4.280048155166092272e+01
3.134609888539582911e+01,4.094801836281011731e+01
3.136610460131466382e+01,3.898339383553266657e+01
3.138611031723349498e+01,3.767107389874723822e+01
3.140611603315232969e+01,3.658502101165605325e+01
3.142612174907116440e+01,3.515668654096641887e+01
3.144612746498999911e+01,3.417083015086136299e+01
3.146613318090883382e+01,3.369463484004281639e+01
3.148613889682766498e+01,3.315562791058938785e+01
3.150614461274649969e+01,3.314290163394409205e+01
3.152615032866533440e+01,3.168273176042769279e+01
3.154615604458416911e+01,3.215737791252583833e+01
3.156616176050300382e+01,3.245691982850886603e+01
3.158616747642183498e+01,3.152500534223530337e+01
3.160617319234066969e+01,3.184702722810513364e+01
3.162617890825950440e+01,3.200369197316001646e+01
3.164618462417833911e+01,3.202135338414849031e+01
3.166619034009717026e+01,3.118217129752756023e+01
3.168619605601600497e+01,3.074558614539019530e+01
3.170620177193483968e+01,3.109642547691535697e+01
3.172620748785367439e+01,2.952510381605853595e+01
3.174621320377250910e+01,2.921628847279182395e+01
3.176621891969134026e+01,2.730765039073949652e+01
3.178622463561017497e+01,2.636481820284976152e+01
3.180623035152900968e+01,2.538142063626956002e+01
3.182623606744784439e+01,2.404484521902361749e+01
3.184624178336667910e+01,2.272061025248707011e+01
3.186624749928551026e+01,2.194711633115806393e+01
3.188625321520434497e+01,2.050379229117935864e+01
3.190625893112317968e+01,2.133568305114264518e+01
3.192626464704201439e+01,2.008170020095450425e+01
3.194627036296084555e+01,1.970641077144748010e+01
3.196627607887968026e+01,2.053752694586277983e+01
3.198628179479851497e+01,2.007171800265891903e+01
3.200628751071734968e+01,2.022542334404916176e+01
3.202629322663618439e+01,2.027387481684934656e+01
3.204629894255501199e+01,2.154658194103603464e+01
3.206630465847385381e+01,2.101595169115491046e+01
3.208631037439268141e+01,2.220384317361387261e+01
3.210631609031152323e+01,2.311402558953696484e+01
3.212632180623035083e+01,2.417654009110443525e+01
3.214632752214918554e+01,2.380699579416207712e+01
3.216633323806802025e+01,2.446629039051515520e+01
3.218633895398685496e+01,2.388108613986830875e+01
3.220634466990568967e+01,2.431264962089305470e+01
3.222635038582451728e+01,2.482678766177356167e+01
3.224635610174335909e+01,2.431872209563568532e+01
3.226636181766218670e+01,2.340950840830599589e+01
3.228636753358102851e+01,2.335570375546923927e+01
3.230637324949985612e+01,2.315439709458524220e+01
3.232637896541869083e+01,2.229669697365546455e+01
3.234638468133752554e+01,2.202755738607106650e+01
3.236639039725636025e+01,2.086303385949130984e+01
3.238639611317519496e+01,1.954700930440141704e+01
3.240640182909402967e+01,1.933494620656362883e+01
3.242640754501286438e+01,1.871052864659785797e+01
3.244641326093169198e+01,1.949384956095879318e+01
3.246641897685053380e+01,1.778993360694638781e+01
3.248642469276936140e+01,1.786713308645009590e+01
3.250643040868819611e+01,1.852076838912447698e+01
3.252643612460703082e+01,1.829633926618081219e+01
3.254644184052586553e+01,1.865638392856342165e+01
3.256644755644470024e+01,1.916681588091893573e+01
3.258645327236353495e+01,1.830244371744168674e+01
3.260645898828236966e+01,1.868234508468937349e+01
3.262646470420119726e+01,1.846694372842778620e+01
3.264647042012003908e+01,1.840357132035675747e+01
3.266647613603886668e+01,1.820780366573537634e+01
3.268648185195770850e+01,1.764055556283566517e+01
3.270648756787653610e+01,1.795249455150523943e+01
3.272649328379537081e+01,1.811087737346895921e+01
3.274649899971420552e+01,1.745618122340900058e+01
3.276650471563304023e+01,1.711988417631301829e+01
3.278651043155187494e+01,1.618465349049093760e+01
3.280651614747070255e+01,1.543198016802187311e+01
3.282652186338954436e+01,1.441803168949712877e+01
3.284652757930837197e+01,1.346518553814604857e+01
3.286653329522721378e+01,1.340802737380792031e+01
3.288653901114604139e+01,1.296168997581748172e+01
3.290654472706487610e+01,1.214372310350357154e+01
3.292655044298371081e+01,1.213684125263803892e+01
3.294655615890254552e+01,1.092376274348431586e+01
3.296656187482138023e+01,1.201944009959131598e+01
3.298656759074020783e+01,1.161582337383085672e+01
3.300657330665904965e+01,1.058741519098461481e+01
3.302657902257787725e+01,1.075977927767874220e+01
3.304658473849671907e+01,1.161888138517305435e+01
3.306659045441554667e+01,1.107203724217752949e+01
3.308659617033438138e+01,1.029216176989538845e+01
3.310660188625321609e+01,1.101548923529520785e+01
3.312660760217205080e+01,1.101758666869530501e+01
3.314661331809088551e+01,1.042938430686051632e+01
3.316661903400971312e+01,1.049086199478074732e+01
3.318662474992855493e+01,1.120305590009715679e+01
3.320663046584738254e+01,1.153136604006432719e+01
3.322663618176622435e+01,1.168992041785513436e+01
3.324664189768505196e+01,1.179713094754001901e+01
3.326664761360388667e+01,1.258893429949829823e+01
3.328665332952272138e+01,1.208836113620909103e+01
3.330665904544155609e+01,1.199336048818638290e+01
3.332666476136039080e+01,1.279457588270106605e+01
3.334667047727922551e+01,1.263609888393850156e+01
3.336667619319806022e+01,1.319387736006405909e+01
3.338668190911688782e+01,1.476706760494362847e+01
3.340668762503572964e+01,1.557901800699002060e+01
3.342669334095455724e+01,1.583775460395381884e+01
3.344669905687339195e+01,1.624548493505359303e+01
3.346670477279222666e+01,1.683794886390859347e+01
3.348671048871106137e+01,1.844412909101966846e+01
3.350671620462989608e+01,1.897578177590446913e+01
3.352672192054873079e+01,2.049783935459601025e+01
3.354672763646756550e+01,2.139572349666246964e+01
3.356673335238639311e+01,2.265225145370835946e+01
3.358673906830523492e+01,2.478970189970525695e+01
3.360674478422406253e+01,2.649451420088720255e+01
3.362675050014290434e+01,2.808647657922437446e+01
3.364675621606173195e+01,3.068921825899953149e+01
3.366676193198056666e+01,3.151655749934485584e+01
3.368676764789940137e+01,3.390318248402000023e+01
3.370677336381823608e+01,3.523967782440811902e+01
3.372677907973707079e+01,3.737588500564038441e+01
3.374678479565589839e+01,3.888611206156427613e+01
3.376679051157474021e+01,4.085969924033850020e+01
3.378679622749356781e+01,4.219721652557123548e+01
3.380680194341240963e+01,4.484278309105413030e+01
3.382680765933123723e+01,4.569491396567712371e+01
3.384681337525007194e+01,4.724125020880580905e+01
3.386681909116890665e+01,4.831439955332639613e+01
3.388682480708774136e+01,4.901850220812418968e+01
3.390683052300657607e+01,4.922939047615174246e+01
3.392683623892540368e+01,4.981134085430032599e+01
3.394684195484424549e+01,4.992857149247745951e+01
3.396684767076307310e+01,4.926307066618413444e+01
3.398685338668191491e+01,4.896857049841307941e+01
3.400685910260074252e+01,4.839244745978622575e+01
3.402686481851957723e+01,4.946944311520991278e+01
3.404687053443841194e+01,4.901830192527475560e+01
3.406687625035724665e+01,4.870713505687108125e+01
3.408688196627608136e+01,4.809135881178711713e+01
3.410688768219490896e+01,4.881694049363613885e+01
3.412689339811375078e+01,4.896095190646085626e+01
3.414689911403257838e+01,4.917722496075322169e+01
3.416690482995142020e+01,4.982075386231147718e+01
3.418691054587024780e+01,4.979250650405930401e+01
3.420691626178908251e+01,4.980725760683822756e+01
3.422692197770791722e+01,4.914988624171260767e+01
3.424692769362675193e+01,4.773297637588332520e+01
3.426693340954558664e+01,4.715216831292840993e+01
3.428693912546442135e+01,4.473906226948368925e+01
3.430694484138325606e+01,4.425530513485381334e+01
3.432695055730208367e+01,4.163012069273985105e+01
3.434695627322092548e+01,4.039947061505196046e+01
3.436696198913975309e+01,3.813037522686018121e+01
3.438696770505858780e+01,3.508056607784622827e+01
3.440697342097742251e+01,3.332493176927255973e+01
3.442697913689625722e+01,3.004928731072786618e+01
3.444698485281509193e+01,2.942042018201337328e+01
3.446699056873392664e+01,2.629223393657998997e+01
3.448699628465276135e+01,2.553351998624564345e+01
3.450700200057158895e+01,2.336023999043027644e+01
3.452700771649043077e+01,2.256198537023479389e+01
3.454701343240925837e+01,2.152717706270445319e+01
3.456701914832810019e+01,2.110256441881839606e+01
3.458702486424692779e+01,2.132675077754262816e+01
3.460703058016576250e+01,2.091737212836097370e+01
3.462703629608459721e+01,2.025975297426314370e+01
3.464704201200343192e+01,1.987900450467707714e+01
3.466704772792226663e+01,1.991905525756757456e+01
3.468705344384109424e+01,2.040797539639440572e+01
3.470705915975993605e+01,1.940865584620168249e+01
3.472706487567876366e+01,1.891030594438683465e+01
3.474707059159760547e+01,1.804603807600287269e+01
3.476707630751643308e+01,1.851899927439180260e+01
3.478708202343526779e+01,1.788449798079007991e+01
3.480708773935410250e+01,1.756038803581916596e+01
3.482709345527293721e+01,1.618392318546208131e+01
3.484709917119177192e+01,1.593296137420795233e+01
3.486710488711059952e+01,1.492296999112062039e+01
3.488711060302944134e+01,1.432540081863649206e+01
3.490711631894826894e+01,1.530056588143057894e+01
3.492712203486711076e+01,1.484622759010494519e+01
3.494712775078593836e+01,1.461926681565749142e+01
3.496713346670477307e+01,1.437730533480062256e+01
3.498713918262360778e+01,1.441162333046362853e+01
3.500714489854244249e+01,1.487467018775932459e+01
3.502715061446127720e+01,1.540239778312354346e+01
3.504715633038010481e+01,1.587620596108250304e+01
3.506716204629894662e+01,1.636019478469735233e+01
3.508716776221777423e+01,1.727547392956767780e+01
3.510717347813661604e+01,1.832528053679067170e+01
3.512717919405544365e+01,1.948181052322773255e+01
3.514718490997427836e+01,2.042279255124295645e+01
3.516719062589311307e+01,2.040726966941438292e+01
3.518719634181194778e+01,2.262620478110924438e+01
3.520720205773078249e+01,2.276483934206676452e+01
3.522720777364961720e+01,2.442820020165390105e+01
3.524721348956845191e+01,2.576593531620308397e+01
3.526721920548727951e+01,2.641830625710479197e+01
3.528722492140612133e+01,2.697474810070074014e+01
3.530723063732494893e+01,2.858768497039546475e+01
3.532723635324378364e+01,2.903824244303962487e+01
3.534724206916261835e+01,3.096843647595773064e+01
3.536724778508145306e+01,3.077922154774113750e+01
3.538725350100028777e+01,3.057291569979284773e+01
3.540725921691912248e+01,3.156995610854528067e+01
3.542726493283795719e+01,3.189786298520218821e+01
3.544727064875678479e+01,3.180687586947813017e+01
3.546727636467562661e+01,3.130680896949274228e+01
3.548728208059445421e+01,3.032224008609863830e+01
3.550728779651329603e+01,2.991710467593080480e+01
3.552729351243212363e+01,2.957199237227850119e+01
3.554729922835095834e+01,2.849879059264396020e+01
3.556730494426979305e+01,2.780701059072467274e+01
3.558731066018862776e+01,2.725817597188458663e+01
3.560731637610746247e+01,2.669430898360821658e+01
3.562732209202629008e+01,2.657369838617064062e+01
3.564732780794513189e+01,2.569568919104101212e+01
3.566733352386395950e+01,2.681067893968884874e+01
3.568733923978280131e+01,2.735344889783362987e+01
3.570734495570162892e+01,2.744889050953526777e+01
3.572735067162046363e+01,2.818644991405462719e+01
3.574735638753929834e+01,2.855136443195285878e+01
3.576736210345813305e+01,3.088994135893449666e+01
3.578736781937696776e+01,3.193755269697146559e+01
3.580737353529579536e+01,3.359887343911481139e+01
3.582737925121463718e+01,3.594004884257904564e+01
3.584738496713346478e+01,3.671794237943905870e+01
3.586739068305230660e+01,3.919770199233133212e+01
3.588739639897113420e+01,4.084010571965104930e+01
3.590740211488996891e+01,4.308837898084384932e+01
3.592740783080880362e+01,4.463678125292828724e+01
3.594741354672763833e+01,4.591548331407949490e+01
3.596741926264647304e+01,4.692820092557511202e+01
3.598742497856530065e+01,4.806698102456243049e+01
3.600743069448414246e+01,5.024199075087096844e+01
3.602743641040297007e+01,5.057553876858442976e+01
3.604744212632181188e+01,5.101969262748853851e+01
3.606744784224063949e+01,5.188075845526005736e+01
3.608745355815947420e+01,5.177336215527209617e+01
3.610745927407830891e+01,5.231188947875239137e+01
3.612746498999714362e+01,5.118029387168382982e+01
3.614747070591597833e+01,5.023651589892889291e+01
3.616747642183481304e+01,4.932685563875485002e+01
3.618748213775364775e+01,4.797053307905248687e+01
3.620748785367247535e+01,4.571943956615535853e+01
3.622749356959131717e+01,4.444509005331179452e+01
3.624749928551014477e+01,4.221652952436797790e+01
3.626750500142897948e+01,3.990876476180911681e+01
3.628751071734781419e+01,3.901841242875128302e+01
3.630751643326664890e+01,3.699227200202384580e+01
3.632752214918548361e+01,3.478731746829311078e+01
3.634752786510431832e+01,3.211665463034154300e+01
3.636753358102315303e+01,3.122691506882892654e+01
3.638753929694198064e+01,2.970105788514157297e+01
3.640754501286082245e+01,2.790012553043647614e+01
3.642755072877965006e+01,2.789835607573091281e+01
3.644755644469849187e+01,2.680062361470442767e+01
3.646756216061731948e+01,2.586525969291720628e+01
3.648756787653615419e+01,2.543845146014436764e+01
3.650757359245498890e+01,2.543612415452635389e+01
3.652757930837382361e+01,2.488356575549927641e+01
3.654758502429265832e+01,2.558834192693471721e+01
3.656759074021148592e+01,2.521517226050755767e+01
3.658759645613032774e+01,2.542067282819141028e+01
3.660760217204915534e+01,2.466084763302331595e+01
3.662760788796799716e+01,2.444357023510729121e+01
3.664761360388682476e+01,2.420717344885291666e+01
3.666761931980565947e+01,2.462327657742290654e+01
3.668762503572449418e+01,2.412696855219412129e+01
3.670763075164332889e+01,2.288711536326500351e+01
3.672763646756216360e+01,2.268559991381054175e+01
3.674764218348099121e+01,2.275355498257117759e+01
3.676764789939983302e+01,2.230217802404256133e+01
3.678765361531866063e+01,2.155938349079738003e+01
3.680765933123750244e+01,2.173634139078513172e+01
3.682766504715633005e+01,2.169127409682618435e+01
3.684767076307516476e+01,2.163961888361433950e+01
3.686767647899399947e+01,2.270821688310331155e+01
3.688768219491283418e+01,2.310743122851319953e+01
3.690768791083166889e+01,2.375866158080656021e+01
3.692769362675049649e+01,2.569400928256934691e+01
3.694769934266933831e+01,2.629845071314126415e+01
3.696770505858816591e+01,2.811759113315296332e+01
3.698771077450700773e+01,2.844506170507143139e+01
3.700771649042583533e+01,3.115389243002624298e+01
3.702772220634467004e+01,3.212703419766735635e+01
3.704772792226350475e+01,3.317441170266977224e+01
3.706773363818233946e+01,3.464358161939879466e+01
3.708773935410117417e+01,3.551235979749817773e+01
3.710774507002000888e+01,3.762429420230512278e+01
3.712775078593884359e+01,3.761947875750058756e+01
3.714775650185767120e+01,3.784351525924633819e+01
3.716776221777651301e+01,3.814619839451903971e+01
3.718776793369534062e+01,3.858347711043865047e+01
3.720777364961417533e+01,3.926073286753361913e+01
3.722777936553301004e+01,3.966841080565103539e+01
3.724778508145184475e+01,3.983805776732501158e+01
3.726779079737067946e+01,4.076746808687225609e+01
3.728779651328951417e+01,4.048197716640621024e+01
3.730780222920834888e+01,4.150473920013034501e+01
3.732780794512717648e+01,4.256368063757320641e+01
3.734781366104601830e+01,4.326746506876985165e+01
3.736781937696484590e+01,4.340120373443843960e+01
3.738782509288368772e+01,4.497702926314996574e+01
3.740783080880251532e+01,4.472903465043093973e+01
3.742783652472135003e+01,4.504464572164062730e+01
3.744784224064018474e+01,4.522022105330051289e+01
3.746784795655901945e+01,4.447538841145225064e+01
3.748785367247785416e+01,4.316869025964647477e+01
3.750785938839668177e+01,4.153789559486245508e+01
3.752786510431552358e+01,3.955069232399521439e+01
3.754787082023435119e+01,3.699629626400184179e+01
3.756787653615319300e+01,3.436466808146442986e+01
3.758788225207202061e+01,3.249457106598472933e+01
3.760788796799085532e+01,2.943261810512504439e+01
3.762789368390969003e+01,2.670986079875050834e+01
3.764789939982852474e+01,2.397812967069313572e+01
3.766790511574735945e+01,2.123092629628830608e+01
3.768791083166618705e+01,1.913663489126046358e+01
3.770791654758502887e+01,1.708065782910007258e+01
3.772792226350385647e+01,1.616423441223697210e+01
3.774792797942269829e+01,1.436454232140781073e+01
3.776793369534152589e+01,1.370551302448359010e+01
3.778793941126036060e+01,1.297910962554692915e+01
3.780794512717919531e+01,1.191727925559806778e+01
3.782795084309803002e+01,1.267809149496527787e+01
3.784795655901686473e+01,1.250306573981687386e+01
3.786796227493569234e+01,1.278855678698970877e+01
3.788796799085453415e+01,1.231406783092532464e+01
3.790797370677336176e+01,1.286019387380176582e+01
3.792797942269220357e+01,1.243209802816954479e+01
3.794798513861103118e+01,1.351842019954149521e+01
3.796799085452986589e+01,1.387551433059465822e+01
3.798799657044870060e+01,1.459592272993548079e+01
3.800800228636753531e+01,1.586232070785012738e+01
3.802800800228637002e+01,1.648481662625055222e+01
3.804801371820520473e+01,1.658834059719317366e+01
3.806801943412403944e+01,1.681594382621531025e+01
3.808802515004286704e+01,1.722756724813696749e+01
3.810803086596170886e+01,1.784628617882596657e+01
3.812803658188053646e+01,1.830861935919440597e+01
3.814804229779937117e+01,1.945458155055516514e+01
3.816804801371820588e+01,1.858834767217818040e+01
3.818805372963704059e+01,2.047393643274542541e+01
3.820805944555587530e+01,2.004048755007507765e+01
3.822806516147471001e+01,2.081404657325503038e+01
3.824807087739354472e+01,2.131858746117301706e+01
3.826807659331237232e+01,2.144178616893265144e+01
3.828808230923121414e+01,2.203503558857783062e+01
3.830808802515004174e+01,2.223398707648322414e+01
3.832809374106888356e+01,2.229901837964530387e+01
3.834809945698771116e+01,2.345415789517089067e+01
3.836810517290654587e+01,2.359736451359248832e+01
3.838811088882538058e+01,2.481891447677818263e+01
3.840811660474421529e+01,2.443213268428633356e+01
3.842812232066305000e+01,2.501632994847634706e+01
3.844812803658187761e+01,2.619030946471769639e+01
3.846813375250071942e+01,2.685662270521380179e+01
3.848813946841954703e+01,2.679843608391848520e+01
3.850814518433838884e+01,2.636559551533211021e+01
3.852815090025721645e+01,2.758668184819503466e+01
3.854815661617605116e+01,2.784738988364548362e+01
3.856816233209488587e+01,2.795513807932155714e+01
3.858816804801372058e+01,2.862074739487711028e+01
3.860817376393255529e+01,2.807022410624653475e+01
3.862817947985138289e+01,2.710728003071431758e+01
3.864818519577022471e+01,2.672184953497470872e+01
3.866819091168905231e+01,2.572259461822584115e+01
3.868819662760789413e+01,2.614006682774024171e+01
3.870820234352672173e+01,2.472612788474643963e+01
3.872820805944555644e+01,2.456192041743332055e+01
3.874821377536439115e+01,2.316259585577142133e+01
3.876821949128322586e+01,2.297493976703040630e+01
3.878822520720206057e+01,2.256421149290846273e+01
3.880823092312088818e+01,2.194286052841570012e+01
3.882823663903972999e+01,2.141696067079048404e+01
3.884824235495855760e+01,2.067053690720687342e+01
3.886824807087739941e+01,2.080609686273767167e+01
3.888825378679622702e+01,2.052811195134870914e+01
3.890825950271506173e+01,2.001025249807993944e+01
3.892826521863389644e+01,1.975388132182858669e+01
3.894827093455273115e+01,1.933044441244294731e+01
3.896827665047156586e+01,1.856487942266932478e+01
3.898828236639040057e+01,1.886640512874529918e+01
3.900828808230923528e+01,1.875717283451726658e+01
3.902829379822806288e+01,1.804426771151820219e+01
3.904829951414690470e+01,1.664515418491268761e+01
3.906830523006573230e+01,1.672333345504668500e+01
3.908831094598456701e+01,1.651489862391984076e+01
3.910831666190340172e+01,1.531032765910270044e+01
3.912832237782223643e+01,1.536677670551083175e+01
3.914832809374107114e+01,1.600603940376428724e+01
3.916833380965990585e+01,1.522393133700497536e+01
3.918833952557874056e+01,1.570016875424932934e+01
3.920834524149756817e+01,1.567248702833954610e+01
3.922835095741640998e+01,1.551185274045114149e+01
3.924835667333523759e+01,1.580886887384380479e+01
3.926836238925407940e+01,1.692222281776160386e+01
3.928836810517290701e+01,1.723816328030788725e+01
3.930837382109174172e+01,1.786132832664363690e+01
3.932837953701057643e+01,1.908055156807680675e+01
3.934838525292941114e+01,1.972748736803173841e+01
3.936839096884824585e+01,2.030391265358985819e+01
3.938839668476707345e+01,2.101914555278638730e+01
3.940840240068591527e+01,2.193884494163502552e+01
3.942840811660474287e+01,2.209497828926803464e+01
3.944841383252358469e+01,2.166864708594647126e+01
3.946841954844241229e+01,2.291046084357869006e+01
3.948842526436124700e+01,2.339851448033211767e+01
3.950843098028008171e+01,2.370502071468692051e+01
3.952843669619891642e+01,2.109446656164068656e+01
3.954844241211775113e+01,2.309402711788165874e+01
3.956844812803657874e+01,2.256322694789432859e+01
3.958845384395542055e+01,2.211557871910205364e+01
3.960845955987424816e+01,1.848087315563493505e+01
3.962846527579308997e+01,2.050388162447559282e+01
3.964847099171191758e+01,2.030651889902492258e+01
3.966847670763075229e+01,1.996018209815579780e+01
3.968848242354958700e+01,1.503650575974448067e+01
3.970848813946842171e+01,1.726269668718792616e+01
3.972849385538725642e+01,1.790896786154424802e+01
3.974849957130608402e+01,1.722214316312337345e+01
3.976850528722492584e+01,1.071014426661798247e+01
3.978851100314375344e+01,1.677198377593843759e+01
3.980851671906259526e+01,1.783302708880695420e+01
3.982852243498142286e+01,1.881224578053376462e+01
3.984852815090025757e+01,1.027081484445983861e+01
3.986853386681909228e+01,1.946079191937151975e+01
3.988853958273792699e+01,2.181325691501739783e+01
3.990854529865676170e+01,2.273944193534249436e+01
3.992855101457559641e+01,9.801203710511003919e+00
3.994855673049443112e+01,2.429744528455805508e+01
3.996856244641325873e+01,2.548490681406880753e+01
3.998856816233210054e+01,2.787237475229844819e+01
4.000857387825092815e+01,1.254419775734021059e+01
4.002857959416976286e+01,2.844964324138177858e+01
4.004858531008859757e+01,2.919971555900360372e+01
4.006859102600743228e+01,2.950671408959453856e+01
4.008859674192626699e+01,1.374213379738916530e+01
4.010860245784510170e+01,3.047781085804487233e+01
4.012860817376393641e+01,2.978819947818033143e+01
4.014861388968276401e+01,2.921995953227191123e+01
4.016861960560160583e+01,1.640452347257051713e+01
4.018862532152043343e+01,3.012104633698306344e+01
4.020863103743927525e+01,2.746846610318551996e+01
4.022863675335810285e+01,2.742206690626932186e+01
4.024864246927693756e+01,1.866931194706128849e+01
4.026864818519577227e+01,2.665614033379986836e+01
4.028865390111460698e+01,2.597079070302471848e+01
4.030865961703344169e+01,2.441350843833385298e+01
4.032866533295226930e+01,2.030116857331935876e+01
4.034867104887111111e+01,2.500440786776719904e+01
4.036867676478993872e+01,2.308542140039256907e+01
4.038868248070878053e+01,2.312144601331682736e+01
4.040868819662760814e+01,2.200477154978098326e+01
4.042869391254644285e+01,2.375107016245196689e+01
4.044869962846527756e+01,2.277458912914191558e+01
4.046870534438411227e+01,2.303348162066512117e+01
4.048871106030294698e+01,2.140718001280639271e+01
4.050871677622177458e+01,2.189615095279211232e+01
4.052872249214061640e+01,2.259329259912626497e+01
4.054872820805944400e+01,2.303251090049469951e+01
4.056873392397828582e+01,2.292616569127129367e+01
4.058873963989711342e+01,2.258950803671473295e+01
4.060874535581594813e+01,2.294375361725396800e+01
4.062875107173478284e+01,2.266057171467350884e+01
4.064875678765361755e+01,2.342390604335488646e+01
4.066876250357245226e+01,2.298064984965471780e+01
4.068876821949127986e+01,2.367123845752788469e+01
4.070877393541012168e+01,2.409123131455203648e+01
4.072877965132894929e+01,2.433046576808291661e+01
4.074878536724779110e+01,2.436929379900220738e+01
4.076879108316661871e+01,2.541337133275867188e+01
4.078879679908545342e+01,2.563047309341394708e+01
4.080880251500428813e+01,2.694542222513360485e+01
4.082880823092312284e+01,2.749804400137578853e+01
4.084881394684195755e+01,2.858886947404079493e+01
4.086881966276079226e+01,2.860167358601625764e+01
4.088882537867962697e+01,2.971241438692515047e+01
4.090883109459845457e+01,3.020613230407258243e+01
4.092883681051729639e+01,3.126087137688030282e+01
4.094884252643612399e+01,3.154807831107294191e+01
4.096884824235495870e+01,3.141467573733100593e+01
4.098885395827379341e+01,3.155166784928832513e+01
4.100885967419262812e+01,3.068779727484563224e+01
4.102886539011146283e+01,3.030693947391849008e+01
4.104887110603029754e+01,3.001073901346756045e+01
4.106887682194913225e+01,2.858823541815694824e+01
4.108888253786795985e+01,2.750153445890411064e+01
4.110888825378680167e+01,2.623885056854986431e+01
4.112889396970562927e+01,2.560162247270233138e+01
4.114889968562447109e+01,2.414654660978072798e+01
4.116890540154329869e+01,2.309114535509306876e+01
4.118891111746213340e+01,2.179910466338281694e+01
4.120891683338096811e+01,2.050771188549226309e+01
4.122892254929980282e+01,1.979461639503802317e+01
4.124892826521863753e+01,1.996279808281301982e+01
4.126893398113746514e+01,1.895096074671211639e+01
4.128893969705630695e+01,1.952339938838992239e+01
4.130894541297513456e+01,1.985485183730074255e+01
4.132895112889397637e+01,1.919671647337333553e+01
4.134895684481280398e+01,1.934454061819410242e+01
4.136896256073163869e+01,1.953613753457501900e+01
4.138896827665047340e+01,1.941251325412581252e+01
4.140897399256930811e+01,2.117276964340465284e+01
4.142897970848814282e+01,2.086309021682803078e+01
4.144898542440697042e+01,2.061022777424790675e+01
4.146899114032581224e+01,2.086423419896496512e+01
4.148899685624463984e+01,1.971762319881498726e+01
4.150900257216348166e+01,2.090737019996944213e+01
4.152900828808230926e+01,2.035152615427014666e+01
4.154901400400114397e+01,2.085702173585581676e+01
4.156901971991997868e+01,2.085615818944053501e+01
4.158902543583881339e+01,2.044280261420118805e+01
4.160903115175764810e+01,2.070749118841633418e+01
4.162903686767647571e+01,1.967300555145263274e+01
4.164904258359531752e+01,2.046064569902440766e+01
4.166904829951414513e+01,2.095180741760478682e+01
4.168905401543298694e+01,2.151811862271523879e+01
4.170905973135181455e+01,2.150768380974821170e+01
4.172906544727064926e+01,2.201169452821199712e+01
4.174907116318948397e+01,2.317917674140874240e+01
4.176907687910831868e+01,2.220274557779765701e+01
4.178908259502715339e+01,2.302691776451567662e+01
4.180908831094598810e+01,2.327111900673496336e+01
4.182909402686482281e+01,2.352884693923192572e+01
4.184909974278365041e+01,2.233022774919551878e+01
4.186910545870249223e+01,2.155909045893322329e+01
4.188911117462131983e+01,2.156631397864080668e+01
4.190911689054015454e+01,2.035184956346173024e+01
4.192912260645898925e+01,1.953642553382768554e+01
4.194912832237782396e+01,1.884122286105682775e+01
4.196913403829665867e+01,1.712982241026319841e+01
4.198913975421549338e+01,1.661225298299527608e+01
4.200914547013432809e+01,1.508103092412613933e+01
4.202915118605316280e+01,1.562691244652987343e+01
4.204915690197199041e+01,1.478948101844184393e+01
4.206916261789082512e+01,1.481320512833932668e+01
4.208916833380965983e+01,1.400065964311901112e+01
4.210917404972849454e+01,1.383771914146746340e+01
4.212917976564732925e+01,1.443461333417739745e+01
4.214918548156616396e+01,1.448535802330696498e+01
4.216919119748499867e+01,1.425730061702715545e+01
4.218919691340383338e+01,1.441177603414713460e+01
4.220920262932266809e+01,1.429393227467947725e+01
4.222920834524150280e+01,1.448575526426291837e+01
4.224921406116033040e+01,1.505327057875117447e+01
4.226921977707916511e+01,1.525073633003565376e+01
4.228922549299799982e+01,1.488530801447308960e+01
4.230923120891683453e+01,1.578596577548993984e+01
4.232923692483566924e+01,1.655503621442802142e+01
4.234924264075450395e+01,1.658831229791709205e+01
4.236924835667333866e+01,1.668736099267234607e+01
4.238925407259217337e+01,1.835346328760018508e+01
4.240925978851100808e+01,1.936038109761945947e+01
4.242926550442983569e+01,1.987075833118081647e+01
4.244927122034867040e+01,2.015347707357210894e+01
4.246927693626750511e+01,2.171265180986164012e+01
4.248928265218633982e+01,2.302888454042908961e+01
4.250928836810517453e+01,2.418599603072360793e+01
4.252929408402400924e+01,2.584091425679250520e+01
4.254929979994284395e+01,2.646483255326820938e+01
4.256930551586167866e+01,2.773589141940661307e+01
4.258931123178051337e+01,2.838065614534549752e+01
4.260931694769934097e+01,2.974809420340637089e+01
4.262932266361817568e+01,3.108613169236656404e+01
4.264932837953701039e+01,3.165846631715307424e+01
4.266933409545584510e+01,3.227804918828037728e+01
4.268933981137467981e+01,3.348212607408758146e+01
4.270934552729351452e+01,3.425450629218831722e+01
4.272935124321234923e+01,3.355502350507322262e+01
4.274935695913118394e+01,3.521866885386529589e+01
4.276936267505001865e+01,3.491080802483362078e+01
4.278936839096885336e+01,3.508426053906039499e+01
4.280937410688768097e+01,3.562051122252741209e+01
4.282937982280651568e+01,3.585485636947788635e+01
4.284938553872535039e+01,3.548629226979120688e+01
4.286939125464418510e+01,3.620580597945393464e+01
4.288939697056301981e+01,3.601833408151568250e+01
4.290940268648185452e+01,3.561253169809722152e+01
4.292940840240068923e+01,3.439580290792590489e+01
4.294941411831952394e+01,3.357468128951665420e+01
4.296941983423835865e+01,3.275193814046785690e+01
4.298942555015718625e+01,3.052468487148225407e+01
4.300943126607602096e+01,2.902216716434158528e+01
4.302943698199485567e+01,2.824982872587635896e+01
4.304944269791369038e+01,2.643231079578374221e+01
4.306944841383252509e+01,2.434032796422002320e+01
4.308945412975135980e+01,2.259253451337465179e+01
4.310945984567019451e+01,2.163148365919469285e+01
4.312946556158902922e+01,2.001877643921946159e+01
4.314947127750786393e+01,1.889099085490867580e+01
4.316947699342669864e+01,1.737761920890878287e+01
4.318948270934552625e+01,1.643597451050174030e+01
4.320948842526436096e+01,1.625305194271800957e+01
4.322949414118319567e+01,1.552459328167973496e+01
4.324949985710203038e+01,1.481743422002486099e+01
4.326950557302086509e+01,1.450496365417258104e+01
4.328951128893969980e+01,1.338348562497519900e+01
4.330951700485853451e+01,1.371826541908127339e+01
4.332952272077736922e+01,1.403953850410743520e+01
4.334952843669620393e+01,1.298357966645395400e+01
4.336953415261503153e+01,1.338020692664368028e+01
4.338953986853386624e+01,1.279265535044050850e+01
4.340954558445270095e+01,1.403872844216370552e+01
4.342955130037153566e+01,1.383162101744920314e+01
4.344955701629037037e+01,1.446400222598395402e+01
4.346956273220920508e+01,1.469041599170141410e+01
4.348956844812803979e+01,1.465735388264638317e+01
4.350957416404687450e+01,1.533083769483350167e+01
4.352957987996570921e+01,1.509278734534211353e+01
4.354958559588453681e+01,1.532576124814044505e+01
4.356959131180337153e+01,1.557137359709262370e+01
4.358959702772220624e+01,1.565935143762174420e+01
4.360960274364104095e+01,1.574374538659463951e+01
4.362960845955987566e+01,1.615745096715635398e+01
4.364961417547871037e+01,1.582323534467662185e+01
4.366961989139754508e+01,1.583977718657298084e+01
4.368962560731637979e+01,1.639108100543370128e+01
4.370963132323521450e+01,1.600175739338000014e+01
4.372963703915404921e+01,1.531584667435420855e+01
4.374964275507287681e+01,1.639177655772152775e+01
4.376964847099171152e+01,1.484426115657463718e+01
4.378965418691054623e+01,1.593626672664372279e+01
4.380965990282938094e+01,1.498332845796099377e+01
4.382966561874821565e+01,1.560979554595597918e+01
4.384967133466705036e+01,1.525812553924669679e+01
4.386967705058588507e+01,1.465823093313563064e+01
4.388968276650471978e+01,1.514720222101113123e+01
4.390968848242355449e+01,1.405357614233483332e+01
4.392969419834238209e+01,1.431953683232007535e+01
4.394969991426121680e+01,1.287370002709820582e+01
4.396970563018005151e+01,1.244052414655246253e+01
4.398971134609888622e+01,1.170407312154418022e+01
4.400971706201772093e+01,1.161156399170374698e+01
4.402972277793655564e+01,1.160333403284434439e+01
4.404972849385539035e+01,1.010621988578671093e+01
4.406973420977422506e+01,9.127518280992767075e+00
4.408973992569305977e+01,8.944175440096433505e+00
4.410974564161189448e+01,8.749984639069573689e+00
4.412975135753072209e+01,8.705364649768803531e+00
4.414975707344955680e+01,8.385126103312382284e+00
4.416976278936839151e+01,7.964831456757256234e+00
4.418976850528722622e+01,7.856502130984759802e+00
4.420977422120606093e+01,9.059054406621918076e+00
4.422977993712489564e+01,8.920034738897012261e+00
4.424978565304373035e+01,8.878456561688446769e+00
4.426979136896256506e+01,8.438459957692895586e+00
4.428979708488139977e+01,9.013535156863021314e+00
4.430980280080022737e+01,9.423994235719121093e+00
4.432980851671906208e+01,9.173507274572580528e+00
4.434981423263789679e+01,9.993963215764983588e+00
4.436981994855673150e+01,1.165724919935788506e+01
4.438982566447556621e+01,1.151511701515708275e+01
4.440983138039440092e+01,1.296181518986314529e+01
4.442983709631323563e+01,1.272192471237083211e+01
4.444984281223207034e+01,1.342988427721464539e+01
4.446984852815090505e+01,1.420726864232874931e+01
4.448985424406973266e+01,1.407243025887104437e+01
4.450985995998856737e+01,1.502130575532609846e+01
4.452986567590740208e+01,1.438395244069836210e+01
4.454987139182623679e+01,1.544536704720757569e+01
4.456987710774507150e+01,1.594226603337694570e+01
4.458988282366390621e+01,1.581666197196540580e+01
4.460988853958274092e+01,1.553572812062548891e+01
4.462989425550157563e+01,1.546334962419983050e+01
4.464989997142041034e+01,1.437811755643657463e+01
4.466990568733924505e+01,1.478074663401462985e+01
4.468991140325807265e+01,1.371407194729791001e+01
4.470991711917690736e+01,1.371572050792014963e+01
4.472992283509574207e+01,1.399117121677160114e+01
4.474992855101457678e+01,1.331229369528165662e+01
4.476993426693341149e+01,1.383905417857380726e+01
4.478993998285224620e+01,1.364474556003225914e+01
4.480994569877108091e+01,1.292256206469593494e+01
4.482995141468991562e+01,1.252444046497536689e+01
4.484995713060875033e+01,1.274104123561089352e+01
4.486996284652757794e+01,1.215967023474094688e+01
4.488996856244641265e+01,1.254016493338458282e+01
4.490997427836524736e+01,1.229254878858600897e+01
4.492997999428408207e+01,1.183620217614773829e+01
4.494998571020291678e+01,1.203177656613675239e+01
4.496999142612175149e+01,1.181133739973904362e+01
4.498999714204058620e+01,1.160274645139039862e+01
4.501000285795942091e+01,1.052564343341261655e+01
4.503000857387825562e+01,1.051715601739740791e+01
4.505001428979709033e+01,9.650505573286059402e+00
4.507002000571591793e+01,8.948383893621222995e+00
4.509002572163475264e+01,9.616749741146009001e+00
4.511003143755358735e+01,9.297541167049658384e+00
4.513003715347242206e+01,8.709457375649453326e+00
4.515004286939125677e+01,8.310768358246274801e+00
4.517004858531009148e+01,8.571617884445942082e+00
4.519005430122892619e+01,8.654369317183862265e+00
4.521006001714776090e+01,8.587918600911320866e+00
4.523006573306659561e+01,9.337674476273139845e+00
4.525007144898542322e+01,1.016471549036883459e+01
4.527007716490425793e+01,1.056743789015082946e+01
4.529008288082309264e+01,1.131058945642516456e+01
4.531008859674192735e+01,1.191500972741338771e+01
4.533009431266076206e+01,1.218094184877301167e+01
4.535010002857959677e+01,1.245922536028966832e+01
4.537010574449843148e+01,1.395270098797106506e+01
4.539011146041726619e+01,1.487176505798920623e+01
4.541011717633610090e+01,1.626174959216653093e+01
4.543012289225492850e+01,1.727594195572562796e+01
4.545012860817376321e+01,1.858387508988447934e+01
4.547013432409259792e+01,2.083566499705460728e+01
4.549014004001143263e+01,2.243048935654395137e+01
4.551014575593026734e+01,2.342299627443721022e+01
4.553015147184910205e+01,2.527652510924727380e+01
4.555015718776793676e+01,2.585320981439215515e+01
4.557016290368677147e+01,2.764779247953506669e+01
4.559016861960560618e+01,2.973543463654571894e+01
4.561017433552444089e+01,3.163135057372285530e+01
4.563018005144326850e+01,3.340130710977419426e+01
4.565018576736210321e+01,3.614425794137783043e+01
4.567019148328093792e+01,3.789195277743382917e+01
4.569019719919977263e+01,3.963181599889924911e+01
4.571020291511860734e+01,4.159146545171589082e+01
4.573020863103744205e+01,4.395665529618571554e+01
4.575021434695627676e+01,4.510569999805044006e+01
4.577022006287511147e+01,4.633327622514417499e+01
4.579022577879394618e+01,4.674576602125348046e+01
4.581023149471277378e+01,4.787032919181471868e+01
4.583023721063160849e+01,4.735428196628858188e+01
4.585024292655044320e+01,4.701474629820322093e+01
4.587024864246927791e+01,4.506582981640491425e+01
4.589025435838811262e+01,4.414494473708427336e+01
4.591026007430694733e+01,4.113204989404130174e+01
4.593026579022578204e+01,3.893544621462736899e+01
4.595027150614461675e+01,3.674690423383690785e+01
4.597027722206345146e+01,3.397001798795221816e+01
4.599028293798228617e+01,3.150563843047816448e+01
4.601028865390111378e+01,2.827508687567510748e+01
4.603029436981994849e+01,2.603589289064175105e+01
4.605030008573878320e+01,2.425506379647623589e+01
4.607030580165761791e+01,2.274893253931369941e+01
4.609031151757645262e+01,2.005976545375066067e+01
4.611031723349528733e+01,1.928423578661216808e+01
4.613032294941412204e+01,1.817524023208994066e+01
4.615032866533295675e+01,1.690511789778013707e+01
4.617033438125179146e+01,1.538590629725851855e+01
4.619034009717061906e+01,1.499966969615131163e+01
4.621034581308945377e+01,1.407274623310052419e+01
4.623035152900828848e+01,1.362663065486514569e+01
4.625035724492712319e+01,1.240365327836484610e+01
4.627036296084595790e+01,1.267266356025807639e+01
4.629036867676479261e+01,1.121591751715053675e+01
4.631037439268362732e+01,1.159302813071942850e+01
4.633038010860246203e+01,1.045821437841565782e+01
4.635038582452129674e+01,1.138598370573349428e+01
4.637039154044012434e+01,1.150630203440618438e+01
4.639039725635895905e+01,1.103762117421921474e+01
4.641040297227779376e+01,1.149403622022578730e+01
4.643040868819662847e+01,1.208669033562417461e+01
4.645041440411546319e+01,1.186440755424543170e+01
4.647042012003429790e+01,1.186551799996221845e+01
4.649042583595313261e+01,1.211988026589060397e+01
4.651043155187196732e+01,1.316004158165409521e+01
4.653043726779080203e+01,1.323116291231887232e+01
4.655044298370963674e+01,1.272338594646804744e+01
4.657044869962846434e+01,1.317530942311670117e+01
4.659045441554729905e+01,1.344741681479781192e+01
4.661046013146613376e+01,1.349840993225182117e+01
4.663046584738496847e+01,1.299850743222155813e+01
4.665047156330380318e+01,1.372806683503831948e+01
4.667047727922263789e+01,1.270299333383028539e+01
4.669048299514147260e+01,1.407114412221893041e+01
4.671048871106030731e+01,1.395318470150119339e+01
4.673049442697914202e+01,1.451752806592832457e+01
4.675050014289796962e+01,1.384749552474104917e+01
4.677050585881680433e+01,1.391843238050859810e+01
4.679051157473563904e+01,1.466631998315870078e+01
4.681051729065447375e+01,1.407228555239180601e+01
4.683052300657330846e+01,1.457828594352000806e+01
4.685052872249214317e+01,1.458195581618000780e+01
4.687053443841097788e+01,1.487614497830348625e+01
4.689054015432981259e+01,1.546854801963989345e+01
4.691054587024864730e+01,1.495075879630874738e+01
4.693055158616748201e+01,1.553416644282971149e+01
4.695055730208630962e+01,1.478422137123679647e+01
4.697056301800514433e+01,1.510935977838192557e+01
4.699056873392397904e+01,1.509069201135538840e+01
4.701057444984281375e+01,1.390018664185953590e+01
4.703058016576164846e+01,1.437223873119475570e+01
4.705058588168048317e+01,1.416763715206572982e+01
4.707059159759931788e+01,1.399965039601269012e+01
4.709059731351815259e+01,1.418677822319765269e+01
4.711060302943698730e+01,1.329754756456838649e+01
4.713060874535581490e+01,1.331561851356067905e+01
4.715061446127464961e+01,1.247590261916199594e+01
4.717062017719348432e+01,1.184396345937074813e+01
4.719062589311231903e+01,1.120787601092589370e+01
4.721063160903115374e+01,1.177688173655861625e+01
4.723063732494998845e+01,1.228427864720175933e+01
4.725064304086882316e+01,1.179176422822771642e+01
4.727064875678765787e+01,1.207365458080991161e+01
4.729065447270649258e+01,1.253876507601282242e+01
4.731066018862532019e+01,1.279303720649012632e+01
4.733066590454415490e+01,1.314486691108305294e+01
4.735067162046298961e+01,1.329346741156779999e+01
4.737067733638182432e+01,1.386756051592185912e+01
4.739068305230065903e+01,1.588601625344264434e+01
4.741068876821949374e+01,1.605251459954595461e+01
4.743069448413832845e+01,1.752806363394327249e+01
4.745070020005716316e+01,1.780942575524107241e+01
4.747070591597599787e+01,1.914170205096634092e+01
4.749071163189483258e+01,2.066593388528813691e+01
4.751071734781366018e+01,2.011589389709112652e+01
4.753072306373249489e+01,2.091342106634786902e+01
4.755072877965132960e+01,2.246430689133043757e+01
4.757073449557016431e+01,2.325218030510395550e+01
4.759074021148899902e+01,2.372909174909209185e+01
4.761074592740783373e+01,2.418464327105519729e+01
4.763075164332666844e+01,2.465409295070655560e+01
4.765075735924550315e+01,2.553468296836659945e+01
4.767076307516433786e+01,2.576344042562174153e+01
4.769076879108316547e+01,2.590274819150513252e+01
4.771077450700200018e+01,2.618309059503421210e+01
4.773078022292083489e+01,2.732550375974698298e+01
4.775078593883966960e+01,2.685648800121905921e+01
4.777079165475850431e+01,2.680164612168278637e+01
4.779079737067733902e+01,2.684641818437810556e+01
4.781080308659617373e+01,2.681944576242176481e+01
4.783080880251500844e+01,2.774476394548569402e+01
4.785081451843384315e+01,2.625256418795430591e+01
4.787082023435267075e+01,2.661806859483800380e+01
4.789082595027150546e+01,2.685712878293167094e+01
4.791083166619034017e+01,2.663166979465119510e+01
4.793083738210917488e+01,2.592830501566291446e+01
4.795084309802800959e+01,2.553917010748682515e+01
4.797084881394684430e+01,2.499231543040073689e+01
4.799085452986567901e+01,2.471845011280828430e+01
4.801086024578451372e+01,2.400611692595435898e+01
4.803086596170334843e+01,2.366019161171098162e+01
4.805087167762218314e+01,2.391754011913490530e+01
4.807087739354101075e+01,2.399773530083590600e+01
4.809088310945984546e+01,2.309013389600633204e+01
4.811088882537868017e+01,2.270400016001802612e+01
4.813089454129751488e+01,2.308172315414366693e+01
4.815090025721634959e+01,2.156459872541454459e+01
4.817090597313518430e+01,2.145204966825687620e+01
4.819091168905401901e+01,2.079891220355370507e+01
4.821091740497285372e+01,1.976963783338277736e+01
4.823092312089168843e+01,2.043080691143835281e+01
4.825092883681051603e+01,1.969872735020407717e+01
4.827093455272935074e+01,1.858195196988076603e+01
4.829094026864818545e+01,1.926712807452900478e+01
4.831094598456702016e+01,1.875420345801514088e+01
4.833095170048585487e+01,1.927727477109022658e+01
4.835095741640468958e+01,1.924033439892947683e+01
4.837096313232352429e+01,1.925163240217037952e+01
4.839096884824235900e+01,1.907987256219107763e+01
4.841097456416119371e+01,1.915805959170276651e+01
4.843098028008002842e+01,2.013745195508085573e+01
4.845098599599885603e+01,1.887324505853482037e+01
4.847099171191769074e+01,1.846741178997628197e+01
4.849099742783652545e+01,1.782976475699543073e+01
4.851100314375536016e+01,1.701078371773937548e+01
4.853100885967419487e+01,1.631172426809227005e+01
4.855101457559302958e+01,1.657143445302742890e+01
4.857102029151186429e+01,1.484877925009199728e+01
4.859102600743069900e+01,1.368525288352083358e+01
4.861103172334953371e+01,1.341492814702515979e+01
4.863103743926836131e+01,1.148489441593766003e+01
4.865104315518719602e+01,1.096309166530012291e+01
4.867104887110603073e+01,1.100710913228443388e+01
4.869105458702486544e+01,9.696711676305049821e+00
4.871106030294370015e+01,9.348463213081162237e+00
4.873106601886253486e+01,9.196503738981316900e+00
4.875107173478136957e+01,8.115091498398532721e+00
4.877107745070020428e+01,7.439671206175569651e+00
4.879108316661903899e+01,7.984393147085119935e+00
4.881108888253786660e+01,7.483415065037519298e+00
4.883109459845670131e+01,8.050791997869865213e+00
4.885110031437553602e+01,8.239570922430107913e+00
4.887110603029437073e+01,7.982137758658277349e+00
4.889111174621320544e+01,8.281695857844159292e+00
4.891111746213204015e+01,8.846303518003555411e+00
4.893112317805087486e+01,9.693392414227115950e+00
4.895112889396970957e+01,9.410984660001977531e+00
4.897113460988854428e+01,9.622430616771854517e+00
4.899114032580737899e+01,9.428959873643176337e+00
4.901114604172620659e+01,9.794939962202370509e+00
4.903115175764504130e+01,1.077451190693268579e+01
4.905115747356387601e+01,1.085913129313620828e+01
4.907116318948271072e+01,1.093636532469885125e+01
4.909116890540154543e+01,1.192247185114033314e+01
4.911117462132038014e+01,1.108235273842502977e+01
4.913118033723921485e+01,1.252546924108519377e+01
4.915118605315804956e+01,1.310318666051547964e+01
4.917119176907688427e+01,1.384308271125313894e+01
4.919119748499571187e+01,1.374577965991736761e+01
4.921120320091454658e+01,1.457628815154716406e+01
4.923120891683338129e+01,1.566630284339040458e+01
4.925121463275221600e+01,1.525008889847116755e+01
4.927122034867105071e+01,1.743860904590098926e+01
4.929122606458988542e+01,1.800630434322259532e+01
4.931123178050872014e+01,1.803900591231987605e+01
4.933123749642755485e+01,1.890469122014928516e+01
4.935124321234638956e+01,1.975273422150762315e+01
4.937124892826522427e+01,2.076448405292732957e+01
4.939125464418405187e+01,2.213514451800286054e+01
4.941126036010288658e+01,2.205761151699948996e+01
4.943126607602172129e+01,2.279115728790144146e+01
4.945127179194055600e+01,2.452969045743022036e+01
4.947127750785939071e+01,2.504449027928696836e+01
4.949128322377822542e+01,2.548125872943102976e+01
4.951128893969706013e+01,2.665257910026379662e+01
4.953129465561589484e+01,2.791801773931492647e+01
4.955130037153472955e+01,2.853018025401715363e+01
4.957130608745355715e+01,2.875967708028699832e+01
4.959131180337239186e+01,2.921670961027559343e+01
4.961131751929122657e+01,2.988049417760067428e+01
4.963132323521006128e+01,2.892077578502606272e+01
4.965132895112889599e+01,2.857177500633216027e+01
4.967133466704773070e+01,2.771487570957741653e+01
4.969134038296656541e+01,2.747042782579979914e+01
4.971134609888540012e+01,2.675637178158623186e+01
4.973135181480423483e+01,2.517317854185973403e+01
4.975135753072306244e+01,2.364421815686306161e+01
4.977136324664189715e+01,2.283058957387537191e+01
4.979136896256073186e+01,2.172175678869881921e+01
4.981137467847956657e+01,2.028277455584832012e+01
4.983138039439840128e+01,1.868722288327557735e+01
4.985138611031723599e+01,1.825091280578289954e+01
4.987139182623607070e+01,1.793489525627649073e+01
4.989139754215490541e+01,1.693933974719954705e+01
4.991140325807374012e+01,1.646158177149892410e+01
4.993140897399257483e+01,1.635994608305302833e+01
4.995141468991140243e+01,1.515590872144409573e+01
4.997142040583023714e+01,1.585467357043991754e+01
4.999142612174907185e+01,1.446313926209671763e+01
5.001143183766790656e+01,1.533180179136720866e+01
5.003143755358674127e+01,1.528753303038901024e+01
5.005144326950557598e+01,1.498873615133229897e+01
5.007144898542441069e+01,1.546038309532222854e+01
5.009145470134324540e+01,1.473718096112389020e+01
5.011146041726208011e+01,1.536147934475200216e+01
5.013146613318090772e+01,1.559754809065311676e+01
5.015147184909974243e+01,1.535299993583233658e+01
5.017147756501857714e+01,1.617798392949747210e+01
5.019148328093741185e+01,1.706729248633067897e+01
5.021148899685624656e+01,1.723797971039859078e+01
5.023149471277508127e+01,1.711961396090636711e+01
5.025150042869391598e+01,1.869553941845928335e+01
5.027150614461275069e+01,1.805330483528759444e+01
5.029151186053158540e+01,1.840849455092890707e+01
5.031151757645042011e+01,1.921321608606736575e+01
5.033152329236924771e+01,1.956273481932668901e+01
5.035152900828808242e+01,1.976400789339833608e+01
5.037153472420691713e+01,1.980607849619011773e+01
5.039154044012575184e+01,2.010042099228129331e+01
5.041154615604458655e+01,2.046915474813178548e+01
5.043155187196342126e+01,2.033152392686326593e+01
5.045155758788225597e+01,2.095227401361031738e+01
5.047156330380109068e+01,2.137331997672642814e+01
5.049156901971992539e+01,2.169208501015655344e+01
5.051157473563875300e+01,2.140756112589507154e+01
5.053158045155758771e+01,2.151053867422318433e+01
5.055158616747642242e+01,2.173863102037548245e+01
5.057159188339525713e+01,2.199166220305995267e+01
5.059159759931409184e+01,2.095337481682722824e+01
5.061160331523292655e+01,2.106666430703859660e+01
5.063160903115176126e+01,2.074757932029643825e+01
5.065161474707059597e+01,1.973127336777817931e+01
5.067162046298943068e+01,1.964432064365381692e+01
5.069162617890825828e+01,1.873256302465760115e+01
5.071163189482709299e+01,1.840796923902932747e+01
5.073163761074592770e+01,1.690563077988594998e+01
5.075164332666476241e+01,1.581003433194586627e+01
5.077164904258359712e+01,1.578765767073823412e+01
5.079165475850243183e+01,1.425883230500943810e+01
5.081166047442126654e+01,1.482526377058186817e+01
5.083166619034010125e+01,1.376418364411380679e+01
5.085167190625893596e+01,1.319324653244697032e+01
5.087167762217777067e+01,1.228039630449643482e+01
5.089168333809659828e+01,1.225874982096014598e+01
5.091168905401543299e+01,1.191315145103480511e+01
5.093169476993426770e+01,1.166594352636579579e+01
5.095170048585310241e+01,1.115735577049461114e+01
5.097170620177193712e+01,1.078703514239198391e+01
5.099171191769077183e+01,9.831451111251306330e+00
5.101171763360960654e+01,9.835256148499734508e+00
5.103172334952844125e+01,9.433723048968886360e+00
5.105172906544727596e+01,8.684124300899743076e+00
5.107173478136610356e+01,9.289194343278989408e+00
5.109174049728493827e+01,8.709383028838793450e+00
5.111174621320377298e+01,8.332137771053350406e+00
5.113175192912260769e+01,7.773490978441397914e+00
5.115175764504144240e+01,8.631652677006771412e+00
5.117176336096027711e+01,7.714979803842287431e+00
5.119176907687911182e+01,7.593550428615511549e+00
5.121177479279794653e+01,7.397442775630469924e+00
5.123178050871678124e+01,6.729104045770611719e+00
5.125178622463561595e+01,6.747320157039571775e+00
5.127179194055444356e+01,7.537105133182446792e+00
5.129179765647327827e+01,6.646017406657049875e+00
5.131180337239211298e+01,7.531541758371778528e+00
5.133180908831094769e+01,5.973553804266694911e+00
5.135181480422978240e+01,6.858301541619113983e+00
5.137182052014861711e+01,7.073976702912677439e+00
5.139182623606745182e+01,6.690321591188940431e+00
5.141183195198628653e+01,6.299713918071434549e+00
5.143183766790512124e+01,6.329613789112478628e+00
5.145184338382394884e+01,6.387419400404583669e+00
5.147184909974278355e+01,6.015810418415223459e+00
5.149185481566161826e+01,5.946565703116169388e+00
5.151186053158045297e+01,5.520667819889133909e+00
5.153186624749928768e+01,4.904590945119513989e+00
5.155187196341812239e+01,5.388660132734505837e+00
5.157187767933695710e+01,4.893697220096031586e+00
5.159188339525579181e+01,4.342630412784402871e+00
5.161188911117462652e+01,5.052449396743414312e+00
5.163189482709345413e+01,5.258866598857766306e+00
5.165190054301228884e+01,5.203823251173689712e+00
5.167190625893112355e+01,5.037051770320375432e+00
5.169191197484995826e+01,5.601390474745860715e+00
5.171191769076879297e+01,4.820310469171197099e+00
5.173192340668762768e+01,5.475895921755713935e+00
5.175192912260646239e+01,4.992462153285620374e+00
5.177193483852529710e+01,5.438126002642895251e+00
5.179194055444413181e+01,5.177859371996681226e+00
5.181194627036296652e+01,5.208060127557226693e+00
5.183195198628179412e+01,4.448920166516854735e+00
5.185195770220062883e+01,4.667530244174066922e+00
5.187196341811946354e+01,4.692445147092720426e+00
5.189196913403829825e+01,5.235990203091621886e+00
5.191197484995713296e+01,5.374725319079222352e+00
5.193198056587596767e+01,5.150468648910218938e+00
5.195198628179480238e+01,5.869116311273580244e+00
5.197199199771363709e+01,5.159922812683796600e+00
5.199199771363247180e+01,5.933087414748541732e+00
5.201200342955129940e+01,5.265346140461650393e+00
5.203200914547013411e+01,5.171273050895020873e+00
5.205201486138896882e+01,5.401176548806574829e+00
5.207202057730780353e+01,5.512262851491275484e+00
5.209202629322663824e+01,6.566552812297064889e+00
5.211203200914547295e+01,6.929128793897329608e+00
5.213203772506430766e+01,6.856559609574224723e+00
5.215204344098314237e+01,7.180072135861279570e+00
5.217204915690197708e+01,7.488270523448921523e+00
5.219205487282081180e+01,7.792265658385342242e+00
5.221206058873963940e+01,8.343675670610124939e+00
5.223206630465847411e+01,8.162261826852978075e+00
5.225207202057730882e+01,9.460594678671064628e+00
5.227207773649614353e+01,9.136925852144063498e+00
5.229208345241497824e+01,8.743949418626430159e+00
5.231208916833381295e+01,1.038001199327293556e+01
5.233209488425264766e+01,9.733161596646519698e+00
5.235210060017148237e+01,9.945645238536037880e+00
5.237210631609031708e+01,9.770989830740965942e+00
5.239211203200914468e+01,9.053974807409515435e+00
5.241211774792797939e+01,9.421754447187318249e+00
5.243212346384681410e+01,8.837406010644057730e+00
5.245212917976564881e+01,8.855245789418709990e+00
5.247213489568448352e+01,9.848207922288858995e+00
5.249214061160331823e+01,9.614420801396553529e+00
5.251214632752215294e+01,8.410789959984597886e+00
5.253215204344098765e+01,8.572096309089008770e+00
5.255215775935982236e+01,9.018951965562290951e+00
5.257216347527864997e+01,8.781656396947772336e+00
5.259216919119748468e+01,9.790651704203881422e+00
5.261217490711631939e+01,1.010805966493113672e+01
5.263218062303515410e+01,9.731211624068224708e+00
5.265218633895398881e+01,1.114333059396030379e+01
5.267219205487282352e+01,1.149670861652727538e+01
5.269219777079165823e+01,1.324823924718572243e+01
5.271220348671049294e+01,1.311988768149898199e+01
5.273220920262932765e+01,1.370106712292023055e+01
5.275221491854816236e+01,1.455938248063946894e+01
5.277222063446698996e+01,1.539548008431402870e+01
5.279222635038582467e+01,1.699616904929082750e+01
5.281223206630465938e+01,1.773183909910846268e+01
5.283223778222349409e+01,1.851816336698333032e+01
5.285224349814232880e+01,2.034869210920860993e+01
5.287224921406116351e+01,2.064640834938484915e+01
5.289225492997999822e+01,2.198308983445777187e+01
5.291226064589883293e+01,2.260165442333202890e+01
5.293226636181766764e+01,2.266113647223924588e+01
5.295227207773649525e+01,2.390980833013035678e+01
5.297227779365532996e+01,2.513013762553234187e+01
5.299228350957416467e+01,2.497708395207067866e+01
5.301228922549299938e+01,2.404704109096165610e+01
5.303229494141183409e+01,2.542005791524231739e+01
5.305230065733066880e+01,2.597752838430308486e+01
5.307230637324950351e+01,2.446682784542880285e+01
5.309231208916833822e+01,2.534924364400164976e+01
5.311231780508717293e+01,2.517162574495829830e+01
5.313232352100600764e+01,2.474407972531202660e+01
5.315232923692483524e+01,2.462538365557198006e+01
5.317233495284366995e+01,2.365542015400440334e+01
5.319234066876250466e+01,2.344930392961521193e+01
5.321234638468133937e+01,2.213933236480831823e+01
5.323235210060017408e+01,2.291247032539985184e+01
5.325235781651900879e+01,2.199287717410336995e+01
5.327236353243784350e+01,2.094021219528518785e+01
5.329236924835667821e+01,1.932228152970567336e+01
5.331237496427551292e+01,1.907133542122227610e+01
5.333238068019434053e+01,1.804562156535964590e+01
5.335238639611317524e+01,1.703662521398501539e+01
5.337239211203200995e+01,1.705267261028260606e+01
5.339239782795084466e+01,1.578987000434739763e+01
5.341240354386967937e+01,1.602555036943657996e+01
5.343240925978851408e+01,1.501225092912753567e+01
5.345241497570734879e+01,1.519372886720479698e+01
5.347242069162618350e+01,1.493511360799457499e+01
5.349242640754501821e+01,1.527013578554473128e+01
5.351243212346384581e+01,1.490072204257645438e+01
5.353243783938268052e+01,1.556816757029123721e+01
5.355244355530151523e+01,1.478867442499840124e+01
5.357244927122034994e+01,1.490275368948671897e+01
5.359245498713918465e+01,1.508075008504751580e+01
5.361246070305801936e+01,1.563622885984316824e+01
5.363246641897685407e+01,1.685990279298790995e+01
5.365247213489568878e+01,1.658888208243922335e+01
5.367247785081452349e+01,1.662812440134665692e+01
5.369248356673335820e+01,1.704810732752371294e+01
5.371248928265218581e+01,1.730720808408893063e+01
5.373249499857102052e+01,1.792735285786946875e+01
5.375250071448985523e+01,1.841120370585279886e+01
5.377250643040868994e+01,1.835170892562361189e+01
5.379251214632752465e+01,1.826777439927855795e+01
5.381251786224635936e+01,1.902699483626614096e+01
5.383252357816519407e+01,1.897511660336707706e+01
5.385252929408402878e+01,1.944594980239942572e+01
5.387253501000286349e+01,2.007835035041433969e+01
5.389254072592169109e+01,1.971720072920550137e+01
5.391254644184052580e+01,2.004267988186939320e+01
5.393255215775936051e+01,1.940244233646434679e+01
5.395255787367819522e+01,1.875094104243586202e+01
5.397256358959702993e+01,1.774617339496804291e+01
5.399256930551586464e+01,1.830484424501776530e+01
5.401257502143469935e+01,1.778909904132802922e+01
5.403258073735353406e+01,1.767680382905400194e+01
5.405258645327236877e+01,1.626608269755772795e+01
5.407259216919120348e+01,1.647578549852119778e+01
5.409259788511003109e+01,1.615211966272283206e+01
5.411260360102886580e+01,1.547175420277427804e+01
5.413260931694770051e+01,1.472384373124075196e+01
5.415261503286653522e+01,1.443249311291908299e+01
5.417262074878536993e+01,1.477828288066232432e+01
5.419262646470420464e+01,1.395718643687276206e+01
5.421263218062303935e+01,1.339372051701317190e+01
5.423263789654187406e+01,1.226877803055376503e+01
5.425264361246070877e+01,1.273871886337979653e+01
5.427264932837953637e+01,1.309101131971684673e+01
5.429265504429837108e+01,1.253035939549925359e+01
5.431266076021720579e+01,1.129590410127255495e+01
5.433266647613604050e+01,1.189975380004941741e+01
5.435267219205487521e+01,1.202633142323799120e+01
5.437267790797370992e+01,1.127050069633125240e+01
5.439268362389254463e+01,1.148447403660455102e+01
5.441268933981137934e+01,1.070197713683470653e+01
5.443269505573021405e+01,1.006340367999818497e+01
5.445270077164904166e+01,9.905227996344176944e+00
5.447270648756787637e+01,1.037322760323947435e+01
5.449271220348671108e+01,9.701873996492334840e+00
5.451271791940554579e+01,9.606483750742071948e+00
5.453272363532438050e+01,9.563485184295116071e+00
5.455272935124321521e+01,9.738032906468047756e+00
5.457273506716204992e+01,9.009814034596065113e+00
5.459274078308088463e+01,9.660699307553425541e+00
5.461274649899971934e+01,1.027335066467202829e+01
5.463275221491855405e+01,1.060913986034980994e+01
5.465275793083738165e+01,1.091231636211628242e+01
5.467276364675621636e+01,1.110704777996747339e+01
5.469276936267505107e+01,1.165645248145887081e+01
5.471277507859388578e+01,1.141876661761649459e+01
5.473278079451272049e+01,1.216661692362012914e+01
5.475278651043155520e+01,1.270659868589016739e+01
5.477279222635038991e+01,1.328961898747917303e+01
5.479279794226922462e+01,1.352411223718678812e+01
5.481280365818805933e+01,1.374668340729502347e+01
5.483280937410688693e+01,1.404888735914846443e+01
5.485281509002572164e+01,1.357848961511486152e+01
5.487282080594455635e+01,1.396963231945003869e+01
5.489282652186339106e+01,1.430860215752353071e+01
5.491283223778222577e+01,1.402449398063197350e+01
5.493283795370106048e+01,1.463825476249271773e+01
5.495284366961989519e+01,1.394511223767864649e+01
5.497284938553872990e+01,1.339812362705573712e+01
5.499285510145756461e+01,1.392941924229748452e+01
5.501286081737639222e+01,1.301473015456993210e+01
5.503286653329522693e+01,1.422256051532918164e+01
5.505287224921406164e+01,1.438503176532798733e+01
5.507287796513289635e+01,1.426296640591014153e+01
5.509288368105173106e+01,1.535851769116558785e+01
5.511288939697056577e+01,1.532815035539960746e+01
5.513289511288940048e+01,1.624057660767597966e+01
5.515290082880823519e+01,1.690040942993108430e+01
5.517290654472706990e+01,1.808995269939326178e+01
5.519291226064590461e+01,1.811952860792192865e+01
5.521291797656473221e+01,1.899087787605113320e+01
5.523292369248356692e+01,1.909653024912172015e+01
5.525292940840240163e+01,1.983228933297579744e+01
5.527293512432123634e+01,2.067422074154751144e+01
5.529294084024007105e+01,2.170226875653417764e+01
5.531294655615890576e+01,2.150679524158440969e+01
5.533295227207774047e+01,2.153077320722713850e+01
5.535295798799657518e+01,2.241210027818721784e+01
5.537296370391540989e+01,2.307208361488173409e+01
5.539296941983423750e+01,2.200487335809697242e+01
5.541297513575307221e+01,2.271619896364289204e+01
5.543298085167190692e+01,2.261563089972619878e+01
5.545298656759074163e+01,2.218267571540094707e+01
5.547299228350957634e+01,2.245064920789101848e+01
5.549299799942841105e+01,2.225603198917561443e+01
5.551300371534724576e+01,2.272461006818306828e+01
5.553300943126608047e+01,2.266937159283845205e+01
5.555301514718491518e+01,2.236070402158121340e+01
5.557302086310374989e+01,2.301847565095211934e+01
5.559302657902257749e+01,2.238736195049529698e+01
5.561303229494141220e+01,2.291629082459492395e+01
5.563303801086024691e+01,2.331796877583936478e+01
5.565304372677908162e+01,2.373294298142795355e+01
5.567304944269791633e+01,2.392478925844947568e+01
5.569305515861675104e+01,2.434742231259170353e+01
5.571306087453558575e+01,2.426918654569966094e+01
5.573306659045442046e+01,2.544400735540147451e+01
5.575307230637325517e+01,2.566848019526589653e+01
5.577307802229208278e+01,2.657111597476892939e+01
5.579308373821091749e+01,2.611277156636734276e+01
5.581308945412975220e+01,2.639651805835184106e+01
5.583309517004858691e+01,2.602896054570411977e+01
5.585310088596742162e+01,2.586588235623074539e+01
5.587310660188625633e+01,2.476573528746309094e+01
5.589311231780509104e+01,2.480216746875640865e+01
5.591311803372392575e+01,2.291772181484963511e+01
5.593312374964276046e+01,2.189781076176790364e+01
5.595312946556158806e+01,2.056241895358024507e+01
5.597313518148042277e+01,2.045671400218781599e+01
5.599314089739925748e+01,1.825958814585139933e+01
5.601314661331809219e+01,1.681650572988952419e+01
5.603315232923692690e+01,1.630004152681000562e+01
5.605315804515576161e+01,1.526697803696528410e+01
5.607316376107459632e+01,1.461891206454454561e+01
5.609316947699343103e+01,1.333717856295640658e+01
5.611317519291226574e+01,1.215434658306442728e+01
5.613318090883110045e+01,1.071875031518503008e+01
5.615318662474992806e+01,1.128943730751457153e+01
5.617319234066876277e+01,9.373166275802631731e+00
5.619319805658759748e+01,9.565080117729920062e+00
5.621320377250643219e+01,9.275775423093286065e+00
5.623320948842526690e+01,8.980606434945896055e+00
5.625321520434410161e+01,9.135852878011659683e+00
5.627322092026293632e+01,8.537067183081022748e+00
5.629322663618177103e+01,8.887352485398555046e+00
5.631323235210060574e+01,8.081082117919763164e+00
5.633323806801943334e+01,9.137098539008613685e+00
5.635324378393826805e+01,9.556952317916461936e+00
5.637324949985710276e+01,9.879305272666480064e+00
5.639325521577593747e+01,9.597565899412240142e+00
5.641326093169477218e+01,9.893431105850790885e+00
5.643326664761360689e+01,1.116937636705553771e+01
5.645327236353244160e+01,1.105651830096042332e+01
5.647327807945127631e+01,1.257679422591278851e+01
5.649328379537011102e+01,1.261400949414512240e+01
5.651328951128894573e+01,1.386478985447527634e+01
5.653329522720777334e+01,1.455390940240215158e+01
5.655330094312660805e+01,1.569304480246887046e+01
5.657330665904544276e+01,1.548388612822019539e+01
5.659331237496427747e+01,1.600419132615271423e+01
5.661331809088311218e+01,1.672579933115652651e+01
5.663332380680194689e+01,1.734127745726925696e+01
5.665332952272078160e+01,1.844853518622456434e+01
5.667333523863961631e+01,1.794640238265318288e+01
5.669334095455845102e+01,1.827458186908483029e+01
5.671334667047727862e+01,1.875794273334101447e+01
5.673335238639611333e+01,1.850661551100117208e+01
5.675335810231494804e+01,1.815166736780602719e+01
5.677336381823378275e+01,1.880457485218278180e+01
5.679336953415261746e+01,1.753864586207532028e+01
5.681337525007145217e+01,1.759313726092192809e+01
5.683338096599028688e+01,1.811362278483780841e+01
5.685338668190912159e+01,1.686824591762606218e+01
5.687339239782795630e+01,1.671216384865221016e+01
5.689339811374678391e+01,1.585025146871463164e+01
5.691340382966561862e+01,1.609404625034133574e+01
5.693340954558445333e+01,1.586760689172628602e+01
5.695341526150328804e+01,1.444354866400836634e+01
5.697342097742212275e+01,1.457306554496154405e+01
5.699342669334095746e+01,1.391858240264889446e+01
5.701343240925979217e+01,1.362477624331644321e+01
5.703343812517862688e+01,1.387322540115324898e+01
5.705344384109746159e+01,1.461023910331805098e+01
5.707344955701629630e+01,1.384201823296709577e+01
5.709345527293512390e+01,1.398693936500239055e+01
5.711346098885395861e+01,1.460354507753888242e+01
5.713346670477279332e+01,1.425552842600596115e+01
5.715347242069162803e+01,1.517735285391375122e+01
5.717347813661046274e+01,1.514146065506958649e+01
5.719348385252929745e+01,1.608772720562088310e+01
5.721348956844813216e+01,1.544894000992187877e+01
5.723349528436696687e+01,1.639675595732089874e+01
5.725350100028580158e+01,1.664515142629392130e+01
5.727350671620462919e+01,1.681054254018668459e+01
5.729351243212346390e+01,1.736781856644871525e+01
5.731351814804229861e+01,1.709752938350387907e+01
5.733352386396113332e+01,1.781594785372908518e+01
5.735352957987996803e+01,1.726218055771298054e+01
5.737353529579880274e+01,1.861453829138154603e+01
5.739354101171763745e+01,1.921585107266424686e+01
5.741354672763647216e+01,1.895267716536798019e+01
5.743355244355530687e+01,1.901327996890544370e+01
5.745355815947414158e+01,1.911235374709774959e+01
5.747356387539296918e+01,1.961936675987280410e+01
5.749356959131180389e+01,1.964455725081789694e+01
5.751357530723063860e+01,1.938468315263215658e+01
5.753358102314947331e+01,1.935054047638407582e+01
5.755358673906830802e+01,1.957313824040489081e+01
5.757359245498714273e+01,1.894934734587433667e+01
5.759359817090597744e+01,1.936928341165370071e+01
5.761360388682481215e+01,1.878361448926528610e+01
5.763360960274364686e+01,1.944933262394582130e+01
5.765361531866247446e+01,1.806807657240295129e+01
5.767362103458130917e+01,1.823837973447540861e+01
5.769362675050014388e+01,1.823862891846093248e+01
5.771363246641897859e+01,1.720441442305008195e+01
5.773363818233781330e+01,1.713584548362138804e+01
5.775364389825664801e+01,1.581321298703651834e+01
5.777364961417548272e+01,1.582316461521232220e+01
5.779365533009431743e+01,1.474156963133627940e+01
5.781366104601315214e+01,1.487055891815137620e+01
5.783366676193197975e+01,1.343960869625963461e+01
5.785367247785081446e+01,1.304662983839159907e+01
5.787367819376964917e+01,1.273663675299091480e+01
5.789368390968848388e+01,1.109194331201738493e+01
5.791368962560731859e+01,1.107731918851692043e+01
5.793369534152615330e+01,1.146745407385721194e+01
5.795370105744498801e+01,1.141411896187115360e+01
5.797370677336382272e+01,1.156800578370388699e+01
5.799371248928265743e+01,1.148217185857961731e+01
5.801371820520149214e+01,1.120168708289650894e+01
5.803372392112031974e+01,1.103622713619030904e+01
5.805372963703915445e+01,1.046580473383656162e+01
5.807373535295798916e+01,1.147052070490931541e+01
5.809374106887682387e+01,1.166789612605919046e+01
5.811374678479565858e+01,1.226292200817078637e+01
5.813375250071449329e+01,1.227143765830688871e+01
5.815375821663332800e+01,1.226473452864799008e+01
5.817376393255216271e+01,1.288882862385484174e+01
5.819376964847099742e+01,1.285047010923619837e+01
5.821377536438982503e+01,1.313828108350007895e+01
5.823378108030865974e+01,1.266463564794585039e+01
5.825378679622749445e+01,1.305441598504430978e+01
5.827379251214632916e+01,1.362504692193082789e+01
5.829379822806516387e+01,1.302150160290819869e+01
5.831380394398399858e+01,1.288021807031455701e+01
5.833380965990283329e+01,1.242389512840064114e+01
5.835381537582166800e+01,1.258736851684084712e+01
5.837382109174050271e+01,1.276867372024677927e+01
5.839382680765933742e+01,1.232144197218543979e+01
5.841383252357816502e+01,1.328374551993529984e+01
5.843383823949699973e+01,1.304642291758430872e+01
5.845384395541583444e+01,1.269384164006857318e+01
5.847384967133466915e+01,1.335513835227525803e+01
5.849385538725350386e+01,1.284912307804094489e+01
5.851386110317233857e+01,1.323115613275521341e+01
5.853386681909117328e+01,1.319720183136741376e+01
5.855387253501000799e+01,1.358969194238433076e+01
5.857387825092884270e+01,1.373356524774064802e+01
5.859388396684767031e+01,1.318328247472761738e+01
5.861388968276650502e+01,1.323806533603031355e+01
5.863389539868533973e+01,1.306515697951525645e+01
5.865390111460417444e+01,1.294792737478864808e+01
5.867390683052300915e+01,1.385357910357280176e+01
5.869391254644184386e+01,1.400974851838284962e+01
5.871391826236067857e+01,1.431515550532803971e+01
5.873392397827951328e+01,1.384446034556135174e+01
5.875392969419834799e+01,1.420851286132010038e+01
5.877393541011717559e+01,1.343663214704671383e+01
5.879394112603601030e+01,1.265799581401611995e+01
5.881394684195484501e+01,1.288081501822139430e+01
5.883395255787367972e+01,1.235523813282709504e+01
5.885395827379251443e+01,1.205166775126767220e+01
5.887396398971134914e+01,1.101642393646028850e+01
5.889396970563018385e+01,1.096346348109851121e+01
5.891397542154901856e+01,9.843375695948477500e+00
5.893398113746785327e+01,9.396394744617257544e+00
5.895398685338668798e+01,9.188502620854396952e+00
5.897399256930551559e+01,8.297008352366024297e+00
5.899399828522435030e+01,7.907182365933353552e+00
5.901400400114318501e+01,7.890758872565397652e+00
5.903400971706201972e+01,7.164635118959551185e+00
5.905401543298085443e+01,6.774454767969411151e+00
5.907402114889968914e+01,6.698546397552041398e+00
5.909402686481852385e+01,6.817442262393154095e+00
5.911403258073735856e+01,6.924178089640900424e+00
5.913403829665619327e+01,6.827164356370452936e+00
5.915404401257502087e+01,6.763064139834005672e+00
5.917404972849385558e+01,6.552764035743957827e+00
5.919405544441269029e+01,6.134547323770748406e+00
5.921406116033152500e+01,7.341196182929609293e+00
5.923406687625035971e+01,6.979302036964242006e+00
5.925407259216919442e+01,6.275328453008383711e+00
5.927407830808802913e+01,7.300944766388679952e+00
5.929408402400686384e+01,7.543907670140939992e+00
5.931408973992569855e+01,7.044637321700758292e+00
5.933409545584453326e+01,7.392022755655375477e+00
5.935410117176336087e+01,7.330818538603930179e+00
5.937410688768219558e+01,7.494089167569264909e+00
5.939411260360103029e+01,7.861528779279163714e+00
5.941411831951986500e+01,7.438417094840000132e+00
5.943412403543869971e+01,8.196184053478269504e+00
5.945412975135753442e+01,8.632123578686183407e+00
5.947413546727636913e+01,8.535209609708820366e+00
5.949414118319520384e+01,8.449873861238785366e+00
5.951414689911403855e+01,9.152382524678838394e+00
5.953415261503286615e+01,8.538439140522562809e+00
5.955415833095170086e+01,9.019085261206395643e+00
5.957416404687053557e+01,9.106881462828587459e+00
5.959416976278937028e+01,9.873095431939045596e+00
5.961417547870820499e+01,1.029228828801416284e+01
5.963418119462703970e+01,1.054234112033435800e+01
5.965418691054587441e+01,1.105664280832846558e+01
5.967419262646470912e+01,1.261228295194660021e+01
5.969419834238354383e+01,1.231754655041360813e+01
5.971420405830237144e+01,1.291742196479455096e+01
5.973420977422120615e+01,1.264373915018684613e+01
5.975421549014004086e+01,1.300436295947052479e+01
5.977422120605887557e+01,1.324523067819038680e+01
5.979422692197771028e+01,1.336510960190125630e+01
5.981423263789654499e+01,1.280984019457037881e+01
5.983423835381537970e+01,1.338234938438591826e+01
5.985424406973421441e+01,1.364972146272545572e+01
5.987424978565304912e+01,1.255899598455974697e+01
5.989425550157188383e+01,1.225755163615960086e+01
5.991426121749071143e+01,1.240596369497076523e+01
5.993426693340954614e+01,1.140677444230927762e+01
5.995427264932838085e+01,1.239321691476988185e+01
5.997427836524721556e+01,1.125494420642553806e+01
5.999428408116605027e+01,1.038612587908750662e+01
6.001428979708488498e+01,1.060240752424519073e+01
6.003429551300371969e+01,1.074901172625474643e+01
6.005430122892255440e+01,1.078570815209611133e+01
6.007430694484138911e+01,1.029448645535815743e+01
6.009431266076021672e+01,9.863963107270945940e+00
6.011431837667905143e+01,1.012112498688800244e+01
6.013432409259788614e+01,1.006390006873735743e+01
6.015432980851672085e+01,9.611403701323713022e+00
6.017433552443555556e+01,1.021081022250645276e+01
6.019434124035439027e+01,1.032742066945371917e+01
6.021434695627322498e+01,9.434164594488049005e+00
6.023435267219205969e+01,1.048711506097184554e+01
6.025435838811089440e+01,9.887145248899587457e+00
6.027436410402972911e+01,1.039143247087098487e+01
6.029436981994855671e+01,1.072324912702949007e+01
6.031437553586739142e+01,1.076898248798456947e+01
6.033438125178622613e+01,1.045788926992200629e+01
6.035438696770506084e+01,1.080003588866479092e+01
6.037439268362389555e+01,1.069646388370901491e+01
6.039439839954273026e+01,1.050837773210013637e+01
6.041440411546156497e+01,1.121381364108718515e+01
6.043440983138039968e+01,1.083346790193534659e+01
6.045441554729923439e+01,1.041874364734410463e+01
6.047442126321806199e+01,1.079543038801819677e+01
6.049442697913689670e+01,1.046504788632306848e+01
6.051443269505573141e+01,1.002804523511700197e+01
6.053443841097456612e+01,1.012806532386958835e+01
6.055444412689340083e+01,1.037323228735906255e+01
6.057444984281223554e+01,9.838308253769124434e+00
6.059445555873107025e+01,9.681291137107551847e+00
6.061446127464990496e+01,1.070035810279350663e+01
6.063446699056873967e+01,9.946976868480433609e+00
6.065447270648756728e+01,9.990750510838289244e+00
6.067447842240640199e+01,1.102816549640398591e+01
6.069448413832523670e+01,1.123592274723346662e+01
6.071448985424407141e+01,1.216509988698941136e+01
6.073449557016290612e+01,1.204710923326350880e+01
6.075450128608174083e+01,1.227782721049804948e+01
6.077450700200057554e+01,1.340839727748469556e+01
6.079451271791941025e+01,1.369696717891752868e+01
6.081451843383824496e+01,1.410277998157625490e+01
6.083452414975707967e+01,1.499957979435267319e+01
6.085452986567590727e+01,1.578779398434721415e+01
6.087453558159474198e+01,1.607540186650912517e+01
6.089454129751357669e+01,1.639248592186778097e+01
6.091454701343241140e+01,1.657742253109594088e+01
6.093455272935124611e+01,1.766042625765943797e+01
6.095455844527008082e+01,1.719034844331991607e+01
6.097456416118891553e+01,1.773865582605178659e+01
6.099456987710775024e+01,1.747054847518795384e+01
6.101457559302658495e+01,1.817671382970494420e+01
6.103458130894541256e+01,1.830835963153090518e+01
6.105458702486424727e+01,1.818258104073775172e+01
6.107459274078308198e+01,1.812258754829409568e+01
6.109459845670191669e+01,1.740778967851113634e+01
6.111460417262075140e+01,1.737471219965523872e+01
6.113460988853958611e+01,1.751123383713975201e+01
6.115461560445842082e+01,1.671042300763925681e+01
6.117462132037725553e+01,1.733245169637920924e+01
6.119462703629609024e+01,1.657728010755878856e+01
6.121463275221492495e+01,1.669695750015803526e+01
6.123463846813375255e+01,1.632716652653865097e+01
6.125464418405258726e+01,1.630104540158583859e+01
6.127464989997142197e+01,1.629287361845497273e+01
6.129465561589025668e+01,1.567184537476641637e+01
6.131466133180909139e+01,1.488602735573211255e+01
6.133466704772792610e+01,1.546044124290500221e+01
6.135467276364676081e+01,1.464610866608900253e+01
6.137467847956559552e+01,1.395500983140631490e+01
6.139468419548443023e+01,1.361788210472940719e+01
6.141468991140325784e+01,1.325705973792257097e+01
6.143469562732209255e+01,1.343938510810015075e+01
6.145470134324092726e+01,1.271837337162612513e+01
6.147470705915976197e+01,1.248679959913788373e+01
6.149471277507859668e+01,1.243221933350209341e+01
6.151471849099743139e+01,1.240367984256183931e+01
6.153472420691626610e+01,1.135118190727853893e+01
6.155472992283510081e+01,1.237809096749577975e+01
6.157473563875393552e+01,1.280944741377147977e+01
6.159474135467276312e+01,1.254998868417631996e+01
6.161474707059159783e+01,1.176893854268579531e+01
6.163475278651043254e+01,1.192407838697210209e+01
6.165475850242926725e+01,1.184713770270701261e+01
6.167476421834810196e+01,1.157928462264342429e+01
6.169476993426693667e+01,1.183942283120325634e+01
6.171477565018577138e+01,1.180226363507296305e+01
6.173478136610460609e+01,1.156636725080531036e+01
6.175478708202344080e+01,1.197470167479928449e+01
6.177479279794227551e+01,1.171520561585349540e+01
6.179479851386110312e+01,1.221387302267724451e+01
6.181480422977993783e+01,1.258015468803010606e+01
6.183480994569877254e+01,1.363992214812175519e+01
6.185481566161760725e+01,1.384296007713941634e+01
6.187482137753644196e+01,1.423493532963593644e+01
6.189482709345527667e+01,1.457850004512614106e+01
6.191483280937411138e+01,1.534418353369209953e+01
6.193483852529294609e+01,1.494987403451641939e+01
6.195484424121178080e+01,1.652165432698056335e+01
6.197484995713060840e+01,1.550749140338631449e+01
6.199485567304944311e+01,1.571708899454436548e+01
6.201486138896827782e+01,1.673302381328407051e+01
6.203486710488711253e+01,1.735485133884303721e+01
6.205487282080594724e+01,1.773001857719745900e+01
6.207487853672478195e+01,1.726884974052546795e+01
6.209488425264361666e+01,1.749596612754599079e+01
6.211488996856245137e+01,1.794826460735702156e+01
6.213489568448128608e+01,1.816200478014513209e+01
6.215490140040011369e+01,1.781353542241432564e+01
6.217490711631894840e+01,1.836223434416689670e+01
6.219491283223778311e+01,1.827348719348421469e+01
6.221491854815661782e+01,2.005434704145620728e+01
6.223492426407545253e+01,1.962010266954752424e+01
6.225492997999428724e+01,2.029273531362085237e+01
6.227493569591312195e+01,1.913292867458735813e+01
6.229494141183195666e+01,1.923474127690891322e+01
6.231494712775079137e+01,1.936143758168666551e+01
6.233495284366962608e+01,1.966352168877228124e+01
6.235495855958845368e+01,1.882628118241770565e+01
6.237496427550728839e+01,1.823961788340250578e+01
6.239496999142612310e+01,1.807951945519815951e+01
6.241497570734495781e+01,1.761367668857324276e+01
6.243498142326379252e+01,1.729158786122765434e+01
6.245498713918262723e+01,1.675457786992598486e+01
6.247499285510146194e+01,1.621147757326679084e+01
6.249499857102029665e+01,1.636145500101493866e+01
6.251500428693913136e+01,1.631326543898382297e+01
6.253501000285795897e+01,1.576062130892073654e+01
6.255501571877679368e+01,1.581595507354550634e+01
6.257502143469562839e+01,1.694077368452771282e+01
6.259502715061446310e+01,1.597283039229065338e+01
6.261503286653329781e+01,1.635284756994106203e+01
6.263503858245213252e+01,1.591275145288934567e+01
6.265504429837096723e+01,1.550684284905912591e+01
6.267505001428980194e+01,1.645882408634345495e+01
6.269505573020863665e+01,1.595316465165450914e+01
6.271506144612747136e+01,1.603927328040587597e+01
6.273506716204629896e+01,1.669926578153563668e+01
6.275507287796513367e+01,1.661070259891274858e+01
6.277507859388396838e+01,1.629059283182684581e+01
6.279508430980280309e+01,1.551552433112687801e+01
6.281509002572163780e+01,1.484366340428067232e+01
6.283509574164047251e+01,1.483847415440293815e+01
6.285510145755930722e+01,1.446899423735061418e+01
6.287510717347814193e+01,1.428672067095323328e+01
6.289511288939697664e+01,1.458161251465370967e+01
6.291511860531580425e+01,1.404406485991023068e+01
6.293512432123463896e+01,1.390933826347869662e+01
6.295513003715347367e+01,1.423583581994847336e+01
6.297513575307230838e+01,1.434114284466871680e+01
6.299514146899114309e+01,1.426482724839861760e+01
6.301514718490997780e+01,1.480867201664263710e+01
6.303515290082881251e+01,1.505210604354162029e+01
6.305515861674764722e+01,1.501388729645366382e+01
6.307516433266648193e+01,1.619503539632559708e+01
6.309517004858530953e+01,1.627735781082788691e+01
6.311517576450414424e+01,1.678633672781570851e+01
6.313518148042297895e+01,1.700277215922516660e+01
6.315518719634181366e+01,1.707521042127681454e+01
6.317519291226064837e+01,1.658151412275634939e+01
6.319519862817948308e+01,1.734756114570797081e+01
6.321520434409831779e+01,1.687944323588787299e+01
6.323521006001715250e+01,1.665522999400192816e+01
6.325521577593598721e+01,1.640844097167105886e+01
6.327522149185482192e+01,1.674794324997030870e+01
6.329522720777364952e+01,1.597924366332774682e+01
6.331523292369248423e+01,1.566507431137397788e+01
6.333523863961131894e+01,1.584274178250668541e+01
6.335524435553015365e+01,1.425159391419143873e+01
6.337525007144898836e+01,1.428451023499764361e+01
6.339525578736782307e+01,1.283670411283280544e+01
6.341526150328665778e+01,1.205099421465167531e+01
6.343526721920549249e+01,1.270028566082650201e+01
6.345527293512432720e+01,1.186812907718865162e+01
6.347527865104315481e+01,1.087963255878486635e+01
6.349528436696198952e+01,1.051366504377769395e+01
6.351529008288082423e+01,1.007908764352859876e+01
6.353529579879965894e+01,1.000805226434787265e+01
6.355530151471849365e+01,1.070680588098367458e+01
6.357530723063732836e+01,1.154044090341429296e+01
6.359531294655616307e+01,1.053508224514706804e+01
6.361531866247499778e+01,1.147179448657789003e+01
6.363532437839383249e+01,1.257767133386412262e+01
6.365533009431266720e+01,1.309520425232702934e+01
6.367533581023149480e+01,1.404749977363197111e+01
6.369534152615032951e+01,1.460403055802197514e+01
6.371534724206916422e+01,1.612366842942383371e+01
6.373535295798799893e+01,1.734192407720850326e+01
6.375535867390683364e+01,1.744931019278361717e+01
6.377536438982566835e+01,1.964017971116804517e+01
6.379537010574450306e+01,1.951995998944828159e+01
6.381537582166333777e+01,2.072534017136169382e+01
6.383538153758217248e+01,2.044423988255632807e+01
6.385538725350100009e+01,2.052150959336098879e+01
6.387539296941983480e+01,2.158754921510337965e+01
6.389539868533866951e+01,2.004896465401827399e+01
6.391540440125750422e+01,1.994199180525890824e+01
6.393541011717633893e+01,1.937132517415585298e+01
6.395541583309517364e+01,1.927711530421910524e+01
6.397542154901400835e+01,1.851463394668908435e+01
6.399542726493284306e+01,1.787921665153935891e+01
6.401543298085167066e+01,1.726616470101733825e+01
6.403543869677051248e+01,1.715912512449953198e+01
6.405544441268934008e+01,1.719771226086077576e+01
6.407545012860816769e+01,1.597464308684801892e+01
6.409545584452700950e+01,1.597972468020055459e+01
6.411546156044585132e+01,1.514706680434816732e+01
6.413546727636467892e+01,1.576678993011079477e+01
6.415547299228350653e+01,1.454199454562511384e+01
6.417547870820234834e+01,1.555467746812868057e+01
6.419548442412119016e+01,1.444194788527364537e+01
6.421549014004001776e+01,1.354950546737192951e+01
6.423549585595884537e+01,1.385315472338621845e+01
6.425550157187768718e+01,1.278094989195674103e+01
6.427550728779651479e+01,1.192579312054113139e+01
6.429551300371534239e+01,1.260554447079408114e+01
6.431551871963418421e+01,1.123346830390391560e+01
6.433552443555302602e+01,1.145924821634153901e+01
6.435553015147185363e+01,1.107634179673141261e+01
6.437553586739068123e+01,1.128736266799838717e+01
6.439554158330952305e+01,1.190080868922759194e+01
6.441554729922835065e+01,1.117592790398872715e+01
6.443555301514717826e+01,1.202003967927088190e+01
6.445555873106602007e+01,1.081853034630084309e+01
6.447556444698486189e+01,1.142468552722177400e+01
6.449557016290368949e+01,1.119878158088405939e+01
6.451557587882251710e+01,1.136636459452726911e+01
6.453558159474135891e+01,1.145556392125588729e+01
6.455558731066020073e+01,1.114490474719396573e+01
6.457559302657902833e+01,1.147809729215721575e+01
6.459559874249785594e+01,1.098694994911766187e+01
6.461560445841669775e+01,1.122602092920334016e+01
6.463561017433552536e+01,1.043386187912194529e+01
6.465561589025435296e+01,1.127921747769751981e+01
6.467562160617319478e+01,1.044799986658375346e+01
6.469562732209203659e+01,1.074029786427117550e+01
6.471563303801086420e+01,9.543928578813257957e+00
6.473563875392969180e+01,1.014694414099049524e+01
6.475564446984853362e+01,9.754023057388291562e+00
6.477565018576737543e+01,1.001917140199269696e+01
6.479565590168618883e+01,9.790291186613103491e+00
6.481566161760503064e+01,9.744777148240196141e+00
6.483566733352387246e+01,9.537264747146476651e+00
6.485567304944270006e+01,1.080016558618007494e+01
6.487567876536152767e+01,1.073699922686407859e+01
6.489568448128036948e+01,1.204207968080567071e+01
6.491569019719921130e+01,1.133049277658677312e+01
6.493569591311803890e+01,1.218870963060073009e+01
6.495570162903686651e+01,1.242433738542660038e+01
6.497570734495570832e+01,1.246745582555136522e+01
6.499571306087453593e+01,1.290792522568033718e+01
6.501571877679336353e+01,1.315187649989345609e+01
6.503572449271220535e+01,1.338157810641601486e+01
6.505573020863104716e+01,1.268445527376169935e+01
6.507573592454987477e+01,1.340897758154236641e+01
6.509574164046870237e+01,1.348053399259933194e+01
6.511574735638754419e+01,1.363953830247887566e+01
6.513575307230638600e+01,1.315843901131823301e+01
6.515575878822521361e+01,1.318978171981525094e+01
6.517576450414404121e+01,1.234784631514137132e+01
6.519577022006288303e+01,1.225243693508082821e+01
6.521577593598171063e+01,1.285245116833286616e+01
6.523578165190053824e+01,1.342467614093756012e+01
6.525578736781938005e+01,1.373741984762260060e+01
6.527579308373822187e+01,1.395763332008331403e+01
6.529579879965704947e+01,1.448104818291400520e+01
6.531580451557587708e+01,1.398839747866653838e+01
6.533581023149471889e+01,1.477040656108855998e+01
6.535581594741354650e+01,1.461525381230324960e+01
6.537582166333237410e+01,1.451681960495164603e+01
6.539582737925121592e+01,1.489953875318564691e+01
6.541583309517005773e+01,1.489075214737610331e+01
6.543583881108888534e+01,1.470333962729668187e+01
6.545584452700771294e+01,1.380127322094153186e+01
6.547585024292655476e+01,1.372236660759946147e+01
6.549585595884539657e+01,1.237613830863599773e+01
6.551586167476422418e+01,1.223085852278056862e+01
6.553586739068305178e+01,1.226549988395640511e+01
6.555587310660189360e+01,1.124954656715989643e+01
6.557587882252072120e+01,1.008077958462397739e+01
6.559588453843954881e+01,1.021045250529415327e+01
6.561589025435839062e+01,9.306918934510640895e+00
6.563589597027723244e+01,9.260090869194286256e+00
6.565590168619606004e+01,8.805758853873847158e+00
6.567590740211488765e+01,9.277425745268308432e+00
6.569591311803372946e+01,1.006181829451696430e+01
6.571591883395257128e+01,9.269599560952450190e+00
6.573592454987138467e+01,1.020639599100848116e+01
6.575593026579022649e+01,1.006678861619332643e+01
6.577593598170906830e+01,9.927772701304064640e+00
6.579594169762789591e+01,1.111915809727607929e+01
6.581594741354672351e+01,1.083843978837150424e+01
6.583595312946556533e+01,1.175376919998173975e+01
6.585595884538440714e+01,1.170844415342368983e+01
6.587596456130323475e+01,1.196129813929767849e+01
6.589597027722206235e+01,1.308037804902180667e+01
6.591597599314090417e+01,1.277125362842562950e+01
6.593598170905973177e+01,1.353727219916507174e+01
6.595598742497855937e+01,1.432600173307793590e+01
6.597599314089740119e+01,1.425444156789528982e+01
6.599599885681624301e+01,1.423323630485443303e+01
6.601600457273507061e+01,1.476496245785999406e+01
6.603601028865389821e+01,1.568035664531934970e+01
6.605601600457274003e+01,1.660680292296821037e+01
6.607602172049158185e+01,1.743581456164665866e+01
6.609602743641040945e+01,1.792487286219131448e+01
6.611603315232923705e+01,1.828809004335188604e+01
6.613603886824807887e+01,1.893634841862306217e+01
6.615604458416690647e+01,2.014579983941818497e+01
6.617605030008573408e+01,1.989298672129585555e+01
6.619605601600457589e+01,1.961196088781234792e+01
6.621606173192341771e+01,1.958740906283866678e+01
6.623606744784224531e+01,1.913624527306328105e+01
6.625607316376107292e+01,1.870246313761337120e+01
6.627607887967991473e+01,1.767691665131956213e+01
6.629608459559874234e+01,1.673155235217738834e+01
6.631609031151756994e+01,1.603001566805339095e+01
6.633609602743641176e+01,1.468307769153415876e+01
6.635610174335525357e+01,1.334812127421074024e+01
6.637610745927408118e+01,1.247342621662702022e+01
6.639611317519290878e+01,1.155475614664046446e+01
6.641611889111175060e+01,1.091781812840708454e+01
6.643612460703059241e+01,9.865084567700211693e+00
6.645613032294942002e+01,8.839018913278600564e+00
6.647613603886824762e+01,8.642147715165739541e+00
6.649614175478708944e+01,8.312342699774191601e+00
6.651614747070591704e+01,7.174021155577929854e+00
6.653615318662474465e+01,6.745409880215159859e+00
6.655615890254358646e+01,6.833639678843794307e+00
6.657616461846242828e+01,5.988620860940075730e+00
6.659617033438125588e+01,7.072809997187983200e+00
6.661617605030008349e+01,7.007626445287280070e+00
6.663618176621892530e+01,5.816088805204108425e+00
6.665618748213776712e+01,5.914029192963191406e+00
6.667619319805658051e+01,6.815546126119021331e+00
6.669619891397542233e+01,5.855896014191078081e+00
6.671620462989426414e+01,6.359897107700716035e+00
6.673621034581309175e+01,5.712059430946676564e+00
6.675621606173191935e+01,6.373140319432346601e+00
6.677622177765076117e+01,6.880213630328815277e+00
6.679622749356960298e+01,5.422423662038404757e+00
6.681623320948843059e+01,6.314134818299169893e+00
6.683623892540725819e+01,5.638032875058324400e+00
6.685624464132610001e+01,6.594656631828343052e+00
6.687625035724492761e+01,6.860019097616248729e+00
6.689625607316375522e+01,7.091670222999375106e+00
6.691626178908259703e+01,6.577264328707897789e+00
6.693626750500143885e+01,6.595950412949132868e+00
6.695627322092026645e+01,7.031712415817365169e+00
6.697627893683909406e+01,7.685143818096400459e+00
6.699628465275793587e+01,7.549039143198490009e+00
6.701629036867677769e+01,7.689790637249327432e+00
6.703629608459560529e+01,8.096699439243302265e+00
6.705630180051443290e+01,8.834032873985698586e+00
6.707630751643327471e+01,9.207373004302978003e+00
6.709631323235210232e+01,9.650305790934602612e+00
6.711631894827092992e+01,9.143750374526113944e+00
6.713632466418977174e+01,9.706129199496546178e+00
6.715633038010861355e+01,9.559407321488547993e+00
6.717633609602744116e+01,9.683692715203758183e+00
6.719634181194626876e+01,9.860751092429277165e+00
6.721634752786511058e+01,1.026773839401172772e+01
6.723635324378393818e+01,9.923946738979138260e+00
6.725635895970276579e+01,9.529662264067319200e+00
6.727636467562160760e+01,9.471979345857032939e+00
6.729637039154044942e+01,9.824373123332211577e+00
6.731637610745927702e+01,1.066437436833470898e+01
6.733638182337810463e+01,9.636254343762765018e+00
6.735638753929694644e+01,9.343544291337146035e+00
6.737639325521578826e+01,1.029127166901580281e+01
6.739639897113461586e+01,9.920325709851354645e+00
6.741640468705344347e+01,9.823828337992651427e+00
6.743641040297228528e+01,9.891989789502755315e+00
6.745641611889111289e+01,9.795016423230674008e+00
6.747642183480994049e+01,9.727001815125944972e+00
6.749642755072878231e+01,9.239243967545409220e+00
6.751643326664762412e+01,9.426038092060357698e+00
6.753643898256645173e+01,8.383507233769124767e+00
6.755644469848527933e+01,8.986625867071646567e+00
6.757645041440412115e+01,8.256461888687763206e+00
6.759645613032296296e+01,8.640801996674971619e+00
6.761646184624177636e+01,7.475246761374824800e+00
6.763646756216061817e+01,7.869077092704779730e+00
6.765647327807945999e+01,7.950769510481308089e+00
6.767647899399828759e+01,7.151311582393504729e+00
6.769648470991711520e+01,6.596583875943064612e+00
6.771649042583595701e+01,6.955679484244889466e+00
6.773649614175479883e+01,7.074270835449428141e+00
6.775650185767362643e+01,7.198342931513186826e+00
6.777650757359245404e+01,6.932986965443333816e+00
6.779651328951129585e+01,6.419166007743323910e+00
6.781651900543012346e+01,6.584297424141324129e+00
6.783652472134895106e+01,5.761949270544764801e+00
6.785653043726779288e+01,6.658158145613374934e+00
6.787653615318663469e+01,5.934698601075743873e+00
6.789654186910546230e+01,6.509970355841819156e+00
6.791654758502428990e+01,6.899644551189615171e+00
6.793655330094313172e+01,6.226851822685200766e+00
6.795655901686197353e+01,7.211203105192602436e+00
6.797656473278080114e+01,7.045480849292713899e+00
6.799657044869962874e+01,6.367557585334010284e+00
6.801657616461847056e+01,7.563426250490714153e+00
6.803658188053729816e+01,7.247790177013017754e+00
6.805658759645612577e+01,7.125947558839866858e+00
6.807659331237496758e+01,7.253150020707000323e+00
6.809659902829380940e+01,7.432103713932669109e+00
6.811660474421263700e+01,8.016678182421044241e+00
6.813661046013146461e+01,7.877851520908475180e+00
6.815661617605030642e+01,6.655713270397058068e+00
6.817662189196913403e+01,7.072697689716234137e+00
6.819662760788796163e+01,7.523492196174028201e+00
6.821663332380680345e+01,7.350364126897396488e+00
6.823663903972564526e+01,7.138013601838005151e+00
6.825664475564447287e+01,6.611104123461036153e+00
6.827665047156330047e+01,6.287424641536350833e+00
6.829665618748214229e+01,7.267500797816321523e+00
6.831666190340098410e+01,7.183714375201949665e+00
6.833666761931981171e+01,6.816061992167605332e+00
6.835667333523863931e+01,6.855715719466141778e+00
6.837667905115748113e+01,7.076954214423921030e+00
6.839668476707630873e+01,7.491943588001136689e+00
6.841669048299513634e+01,6.862168745463090858e+00
6.843669619891397815e+01,7.413880007570870845e+00
6.845670191483281997e+01,7.314036202386365204e+00
6.847670763075164757e+01,8.169932003812586885e+00
6.849671334667047518e+01,7.604141108587574749e+00
6.851671906258931699e+01,7.862174113145797172e+00
6.853672477850815881e+01,8.695546818831269675e+00
6.855673049442697220e+01,8.329382844229854754e+00
6.857673621034581402e+01,8.619183678104977986e+00
6.859674192626465583e+01,9.239077170790235272e+00
6.861674764218348344e+01,8.547041284237270276e+00
6.863675335810231104e+01,9.390347322964549548e+00
6.865675907402115286e+01,9.213858871242724291e+00
6.867676478993999467e+01,9.764010670404658754e+00
6.869677050585882228e+01,9.787789844784917648e+00
6.871677622177764988e+01,9.454708945211308446e+00
6.873678193769649170e+01,9.111708380539276675e+00
6.875678765361531930e+01,9.237731451699197294e+00
6.877679336953414690e+01,9.535262600926879273e+00
6.879679908545298872e+01,8.683585608035111036e+00
6.881680480137183054e+01,9.021545753995837913e+00
6.883681051729065814e+01,8.755155463925991199e+00
6.885681623320948574e+01,8.968007750972429193e+00
6.887682194912832756e+01,9.156847033351402487e+00
6.889682766504716938e+01,8.881214499044334687e+00
6.891683338096599698e+01,8.936085934894528293e+00
6.893683909688482458e+01,9.347324108754872185e+00
6.895684481280366640e+01,1.024782744880370622e+01
6.897685052872249400e+01,9.421712469906491805e+00
6.899685624464132161e+01,1.009969828781599688e+01
6.901686196056016342e+01,1.016738541218362002e+01
6.903686767647900524e+01,1.006312761118832988e+01
6.905687339239783284e+01,1.016937553488899937e+01
6.907687910831666045e+01,1.011117008163754782e+01
6.909688482423550226e+01,1.072901028871730666e+01
6.911689054015432987e+01,1.052818215584294848e+01
6.913689625607315747e+01,1.117104787729576998e+01
6.915690197199199929e+01,1.132137354912262239e+01
6.917690768791084110e+01,1.143419153787669629e+01
6.919691340382966871e+01,1.260640235715192503e+01
6.921691911974849631e+01,1.212452797787935488e+01
6.923692483566733813e+01,1.309992887432640352e+01
6.925693055158617994e+01,1.281001637443038277e+01
6.927693626750500755e+01,1.258110643992475630e+01
6.929694198342383515e+01,1.368180540169179693e+01
6.931694769934267697e+01,1.402040212410572551e+01
6.933695341526150457e+01,1.469118183335512029e+01
6.935695913118033218e+01,1.508067328225049764e+01
6.937696484709917399e+01,1.531208612119047352e+01
6.939697056301801581e+01,1.528896851768874399e+01
6.941697627893684341e+01,1.607989856391289152e+01
6.943698199485567102e+01,1.610361509943361114e+01
6.945698771077451283e+01,1.715481595994100061e+01
6.947699342669335465e+01,1.657060204094179312e+01
6.949699914261216804e+01,1.706348525921667658e+01
6.951700485853100986e+01,1.704623626170221939e+01
6.953701057444985167e+01,1.728952059789479989e+01
6.955701629036867928e+01,1.795819425314408591e+01
6.957702200628750688e+01,1.773909086029693327e+01
6.959702772220634870e+01,1.728351206452111910e+01
6.961703343812519051e+01,1.664747289595584689e+01
6.963703915404401812e+01,1.666436805639758489e+01
6.965704486996284572e+01,1.566564935065037645e+01
6.967705058588168754e+01,1.403814521555049666e+01
6.969705630180051514e+01,1.435499582132789698e+01
6.971706201771934275e+01,1.418665909014465143e+01
6.973706773363818456e+01,1.387105975269481384e+01
6.975707344955702638e+01,1.363392427664257056e+01
6.977707916547585398e+01,1.360104074634848459e+01
6.979708488139468159e+01,1.328089371065778224e+01
6.981709059731352340e+01,1.424472023261272824e+01
6.983709631323236522e+01,1.436722080283252900e+01
6.985710202915119282e+01,1.390714454618622398e+01
6.987710774507002043e+01,1.568595392344164807e+01
6.989711346098886224e+01,1.665415387399071534e+01
6.991711917690768985e+01,1.697852922393750674e+01
6.993712489282651745e+01,1.646326116402114437e+01
6.995713060874535927e+01,1.665488212410517477e+01
6.997713632466420108e+01,1.702077085421335667e+01
6.999714204058302869e+01,1.734019726409539430e+01
7.001714775650185629e+01,1.748002492628911497e+01
7.003715347242069811e+01,1.712733392977515479e+01
7.005715918833952571e+01,1.637428876841409675e+01
7.007716490425835332e+01,1.685510021467726105e+01
7.009717062017719513e+01,1.567682077670035312e+01
7.011717633609603695e+01,1.604198753081789519e+01
7.013718205201486455e+01,1.496446849473679563e+01
7.015718776793369216e+01,1.349767955421506116e+01
7.017719348385253397e+01,1.460459403327935846e+01
7.019719919977137579e+01,1.300055628267918273e+01
7.021720491569020339e+01,1.326376108536470255e+01
7.023721063160903100e+01,1.259564667004243255e+01
7.025721634752787281e+01,1.302689163093815061e+01
7.027722206344670042e+01,1.197797042661112421e+01
7.029722777936552802e+01,1.267213174092706041e+01
7.031723349528436984e+01,1.166138923425083362e+01
7.033723921120321165e+01,1.173440735625776199e+01
7.035724492712203926e+01,1.078390657142301379e+01
7.037725064304086686e+01,1.134495535465487492e+01
7.039725635895970868e+01,1.076997587318711069e+01
7.041726207487855049e+01,9.844774627013915591e+00
7.043726779079736389e+01,1.001503456276334347e+01
7.045727350671620570e+01,9.686009135561700845e+00
7.047727922263504752e+01,1.015126526800032813e+01
7.049728493855387512e+01,8.253515861319074887e+00
7.051729065447270273e+01,8.511703058664213728e+00
7.053729637039154454e+01,8.732449557624015313e+00
7.055730208631038636e+01,7.802372296448335298e+00
7.057730780222921396e+01,7.673286793061411259e+00
7.059731351814804157e+01,7.239956414220518610e+00
7.061731923406688338e+01,6.775374793823337072e+00
7.063732494998571099e+01,6.723122009363152962e+00
7.065733066590453859e+01,6.142412152081035082e+00
7.067733638182338041e+01,6.509566863837195072e+00
7.069734209774222222e+01,6.245434509164401682e+00
7.071734781366104983e+01,6.633952285718033082e+00
7.073735352957987743e+01,7.208792417900806271e+00
7.075735924549871925e+01,6.966383098442827659e+00
7.077736496141756106e+01,6.302035440493112262e+00
7.079737067733638867e+01,7.083599511123722436e+00
7.081737639325521627e+01,7.134787252190600171e+00
7.083738210917405809e+01,8.300553072485291395e+00
7.085738782509288569e+01,7.728774035696451605e+00
7.087739354101171330e+01,8.520234439103216317e+00
7.089739925693055511e+01,9.957960063285717922e+00
7.091740497284939693e+01,1.044199130589375812e+01
7.093741068876822453e+01,1.046826049221047761e+01
7.095741640468705214e+01,1.195447653202978699e+01
7.097742212060589395e+01,1.212851177296882454e+01
7.099742783652472156e+01,1.260614073206813579e+01
7.101743355244354916e+01,1.291952806781202412e+01
7.103743926836239098e+01,1.385084195957297482e+01
7.105744498428123279e+01,1.501835147768122880e+01
7.107745070020006040e+01,1.513140926395887575e+01
7.109745641611888800e+01,1.553784321012669700e+01
7.111746213203772982e+01,1.531325434827405552e+01
7.113746784795657163e+01,1.561765647195734452e+01
7.115747356387539924e+01,1.597024354637980714e+01
7.117747927979422684e+01,1.595410461133882762e+01
7.119748499571306866e+01,1.617869223978920346e+01
7.121749071163189626e+01,1.640628221589450675e+01
7.123749642755072387e+01,1.567974634384336596e+01
7.125750214346956568e+01,1.557438127406442518e+01
7.127750785938840750e+01,1.518475077506182203e+01
7.129751357530723510e+01,1.510389822074314203e+01
7.131751929122606271e+01,1.529750314292202518e+01
7.133752500714490452e+01,1.548474779691274250e+01
7.135753072306374634e+01,1.536460632151438865e+01
7.137753643898255973e+01,1.491610177555786443e+01
7.139754215490140155e+01,1.517706442960190216e+01
7.141754787082024336e+01,1.533514899074661386e+01
7.143755358673907097e+01,1.611596976050080698e+01
7.145755930265789857e+01,1.553456164547466045e+01
7.147756501857674039e+01,1.477684374703865444e+01
7.149757073449558220e+01,1.554650355703760312e+01
7.151757645041440981e+01,1.448735776157318256e+01
7.153758216633323741e+01,1.460363393891971029e+01
7.155758788225207923e+01,1.486733694206708378e+01
7.157759359817090683e+01,1.448039033084320693e+01
7.159759931408973443e+01,1.394998866704594320e+01
7.161760503000857625e+01,1.388286095094808203e+01
7.163761074592741807e+01,1.274343820503697877e+01
7.165761646184624567e+01,1.267401367758741060e+01
7.167762217776507327e+01,1.255559723052515508e+01
7.169762789368391509e+01,1.163936336177934550e+01
7.171763360960275691e+01,1.214714684366397535e+01
7.173763932552158451e+01,1.186443311994980476e+01
7.175764504144041211e+01,1.202557569996268505e+01
7.177765075735925393e+01,1.138304739846839908e+01
7.179765647327808153e+01,1.253805775237151465e+01
7.181766218919690914e+01,1.195630248746745572e+01
7.183766790511575095e+01,1.237638793238035362e+01
7.185767362103459277e+01,1.325853847934521568e+01
7.187767933695342037e+01,1.398581519440676146e+01
7.189768505287224798e+01,1.411044802473466575e+01
7.191769076879108979e+01,1.491769024084004158e+01
7.193769648470991740e+01,1.603722392147528453e+01
7.195770220062874500e+01,1.604730620782601136e+01
7.197770791654758682e+01,1.710852773485169465e+01
7.199771363246642863e+01,1.768201979271920621e+01
7.201771934838525624e+01,1.856546118025455172e+01
7.203772506430408384e+01,1.937306363631421391e+01
7.205773078022292566e+01,1.918498112982085146e+01
7.207773649614176747e+01,1.958410013713267972e+01
7.209774221206059508e+01,2.008886673023623004e+01
7.211774792797942268e+01,1.996350336843233819e+01
7.213775364389826450e+01,2.147915330290099334e+01
7.215775935981709210e+01,2.087995696240095356e+01
7.217776507573591971e+01,2.009923831304369912e+01
7.219777079165476152e+01,2.018116241326691807e+01
7.221777650757360334e+01,2.017557896962801678e+01
7.223778222349243094e+01,1.948381695305752359e+01
7.225778793941125855e+01,1.904239730352391291e+01
7.227779365533010036e+01,1.796804082256045731e+01
7.229779937124894218e+01,1.687144696005083944e+01
7.231780508716775557e+01,1.663519715491571915e+01
7.233781080308659739e+01,1.552623237427207670e+01
7.235781651900543920e+01,1.502739829534086979e+01
7.237782223492426681e+01,1.410138507066959690e+01
7.239782795084309441e+01,1.333248859467043346e+01
7.241783366676193623e+01,1.264766110369511409e+01
7.243783938268077804e+01,1.219974998018462742e+01
7.245784509859960565e+01,1.225483477791853915e+01
7.247785081451843325e+01,1.141093813779714949e+01
7.249785653043727507e+01,1.108041009474983341e+01
7.251786224635610267e+01,1.101783746573125100e+01
7.253786796227493028e+01,9.656927581740008648e+00
7.255787367819377209e+01,1.021802637491415844e+01
7.257787939411261391e+01,9.468083910289296412e+00
7.259788511003144151e+01,9.105363532330887466e+00
7.261789082595026912e+01,9.219037272184667842e+00
7.263789654186911093e+01,8.530591642122354656e+00
7.265790225778795275e+01,7.884872887311990652e+00
7.267790797370678035e+01,7.804783995475534475e+00
7.269791368962560796e+01,7.744998590679965211e+00
7.271791940554444977e+01,6.686350744187730122e+00
7.273792512146327738e+01,7.161776540662225798e+00
7.275793083738210498e+01,7.599808387412274158e+00
7.277793655330094680e+01,6.518793792213003258e+00
7.279794226921978861e+01,7.370323427002512418e+00
7.281794798513861622e+01,6.832266419415264025e+00
7.283795370105744382e+01,7.363707473036166462e+00
7.285795941697628564e+01,7.309322938076527443e+00
7.287796513289511324e+01,6.739516277792152898e+00
7.289797084881394085e+01,7.238375565613630158e+00
7.291797656473278266e+01,6.976393413188771042e+00
7.293798228065162448e+01,7.433128084893699139e+00
7.295798799657045208e+01,6.787786597638628017e+00
7.297799371248927969e+01,7.901296444666924934e+00
7.299799942840812150e+01,8.228371389848096129e+00
7.301800514432696332e+01,8.596709500619585498e+00
7.303801086024579092e+01,9.553206346715839459e+00
7.305801657616461853e+01,1.033632688228523122e+01
7.307802229208346034e+01,1.039683517002965552e+01
7.309802800800228795e+01,1.053686605905033247e+01
7.311803372392111555e+01,1.116570280630564582e+01
7.313803943983995737e+01,1.160889721399878916e+01
7.315804515575879918e+01,1.252070417910942446e+01
7.317805087167762679e+01,1.256562423937973705e+01
7.319805658759645439e+01,1.169339935115144513e+01
7.321806230351529621e+01,1.221613762886504162e+01
7.323806801943413802e+01,1.157269558808614107e+01
7.325807373535295142e+01,1.205211752876959075e+01
7.327807945127179323e+01,1.165743729716347765e+01
7.329808516719063505e+01,1.068506871590678209e+01
7.331809088310946265e+01,1.100006801701297121e+01
7.333809659902829026e+01,1.051262068678003381e+01
7.335810231494713207e+01,9.963829491958732021e+00
7.337810803086597389e+01,1.038190363052623866e+01
7.339811374678480149e+01,8.922976014351359453e+00
7.341811946270362910e+01,8.574347404149492036e+00
7.343812517862247091e+01,7.852968448855836670e+00
7.345813089454129852e+01,7.331581456546825137e+00
7.347813661046012612e+01,7.494392442559469458e+00
7.349814232637896794e+01,7.153085585730242002e+00
7.351814804229780975e+01,7.232026267239137773e+00
7.353815375821663736e+01,6.470705043364990416e+00
7.355815947413546496e+01,6.712870509273328956e+00
7.357816519005430678e+01,6.817641458839117874e+00
7.359817090597314859e+01,5.723888218267830119e+00
7.361817662189197620e+01,5.917943627019381481e+00
7.363818233781080380e+01,6.596363521566733112e+00
7.365818805372964562e+01,5.299448350327603308e+00
7.367819376964847322e+01,5.905950453654890353e+00
7.369819948556730083e+01,6.253451802259320402e+00
7.371820520148614264e+01,5.925538436873198478e+00
7.373821091740498446e+01,6.193647205319174454e+00
7.375821663332381206e+01,6.609378737955271532e+00
7.377822234924263967e+01,6.697772744712223059e+00
7.379822806516148148e+01,7.027077424208439282e+00
7.381823378108030909e+01,7.684071613373559373e+00
7.383823949699913669e+01,8.388417312841657036e+00
7.385824521291797851e+01,8.861267059724770689e+00
7.387825092883682032e+01,8.940677510383148174e+00
7.389825664475564793e+01,9.824259402285887788e+00
7.391826236067447553e+01,1.033982644468847312e+01
7.393826807659331735e+01,1.048757601089910807e+01
7.395827379251215916e+01,1.131962426251606857e+01
7.397827950843098677e+01,1.212042500645437570e+01
7.399828522434981437e+01,1.289507364364549957e+01
7.401829094026865619e+01,1.262395467055422849e+01
7.403829665618748379e+01,1.294320405028621046e+01
7.405830237210632561e+01,1.391413755535824848e+01
7.407830808802515321e+01,1.355107988741389669e+01
7.409831380394398082e+01,1.414421546817856523e+01
7.411831951986282263e+01,1.510129015775290640e+01
7.413832523578165024e+01,1.472998340047589672e+01
7.415833095170049205e+01,1.468811906030342129e+01
7.417833666761931966e+01,1.504109287503138503e+01
7.419834238353816147e+01,1.515630973172793006e+01
7.421834809945698908e+01,1.560985015564348721e+01
7.423835381537583089e+01,1.457404971426965901e+01
7.425835953129465850e+01,1.540481433052785931e+01
7.427836524721348610e+01,1.519042732619076475e+01
7.429837096313232792e+01,1.493906460859931684e+01
7.431837667905115552e+01,1.411609302413029710e+01
7.433838239496999734e+01,1.439029661476422817e+01
7.435838811088882494e+01,1.398822452335253708e+01
7.437839382680766676e+01,1.362181402201039404e+01
7.439839954272649436e+01,1.342366527475313909e+01
7.441840525864533618e+01,1.345131543463157087e+01
7.443841097456416378e+01,1.252925707743649753e+01
7.445841669048300560e+01,1.176193663701744185e+01
7.447842240640183320e+01,1.094538843882650347e+01
7.449842812232066080e+01,1.066774514837287668e+01
7.451843383823950262e+01,1.049374902589418213e+01
7.453843955415833022e+01,9.868696505412881237e+00
7.455844527007717204e+01,9.414272119054064802e+00
7.457845098599599964e+01,9.497872725677250827e+00
7.459845670191484146e+01,7.923298260452707353e+00
7.461846241783366906e+01,8.672130790610109941e+00
7.463846813375251088e+01,7.782523951553697472e+00
7.465847384967133848e+01,7.935089779392532350e+00
7.467847956559016609e+01,7.133599287976283065e+00
7.469848528150900790e+01,6.690372189758965860e+00
7.471849099742783551e+01,7.872030234783892411e+00
7.473849671334667732e+01,6.721891771200759536e+00
7.475850242926550493e+01,7.310969568480036429e+00
7.477850814518434674e+01,7.551798806141636788e+00
7.479851386110317435e+01,7.905241509334054228e+00
7.481851957702201616e+01,8.177582819673547831e+00
7.483852529294084377e+01,8.484827844144696485e+00
7.485853100885967137e+01,8.378171546269729930e+00
7.487853672477851319e+01,8.968730645616560082e+00
7.489854244069734079e+01,1.008714087280169736e+01
7.491854815661618261e+01,1.033368639217076002e+01
7.493855387253501021e+01,1.129127806570041415e+01
7.495855958845385203e+01,1.175582287129070380e+01
7.497856530437267963e+01,1.323105788359743862e+01
7.499857102029152145e+01,1.283640998586239412e+01
7.501857673621034905e+01,1.477747573859183916e+01
7.503858245212917666e+01,1.477114247636549216e+01
7.505858816804801847e+01,1.589681079816879183e+01
7.507859388396684608e+01,1.566257920596300579e+01
7.509859959988568789e+01,1.638458003545144237e+01
7.511860531580451550e+01,1.548727686387163871e+01
7.513861103172335731e+01,1.592224161248323533e+01
7.515861674764218492e+01,1.580155483539746442e+01
7.517862246356102673e+01,1.552650818869781268e+01
7.519862817947985434e+01,1.394007265266604279e+01
7.521863389539868194e+01,1.314207159957368276e+01
7.523863961131752376e+01,1.284337716351841863e+01
7.525864532723635136e+01,1.294536388105109914e+01
7.527865104315519318e+01,1.181895061209532471e+01
7.529865675907402078e+01,1.140654277592530796e+01
7.531866247499286260e+01,1.056049883842125681e+01
7.533866819091169020e+01,1.066928681429191705e+01
7.535867390683053202e+01,8.936554013142126607e+00
7.537867962274935962e+01,9.514400955854384279e+00
7.539868533866820144e+01,7.878591785524212021e+00
7.541869105458702904e+01,8.323513225166053076e+00
7.543869677050585665e+01,8.135727609806863825e+00
7.545870248642469846e+01,6.569217921724201048e+00
7.547870820234352607e+01,7.005181316173612061e+00
7.549871391826236788e+01,6.904600001874015902e+00
7.551871963418119549e+01,7.091273820086616553e+00
7.553872535010003730e+01,6.106203579683864291e+00
7.555873106601886491e+01,6.173975190980194760e+00
7.557873678193770672e+01,6.945235853396389381e+00
7.559874249785653433e+01,7.413509815058391794e+00
7.561874821377536193e+01,7.382060799658219707e+00
7.563875392969420375e+01,7.503718353348203252e+00
7.565875964561303135e+01,7.861189970378623215e+00
7.567876536153187317e+01,7.089106582447581850e+00
7.569877107745070077e+01,7.767753492463261189e+00
7.571877679336954259e+01,8.825315477839907885e+00
7.573878250928837019e+01,9.240638347143644182e+00
7.575878822520721201e+01,9.489259430260036154e+00
7.577879394112603961e+01,1.006382546649931875e+01
7.579879965704486722e+01,9.938443157566982933e+00
7.581880537296370903e+01,1.040523980946321103e+01
7.583881108888253664e+01,1.089678004854301996e+01
7.585881680480137845e+01,1.135967366333145989e+01
7.587882252072020606e+01,1.076276201041012115e+01
7.589882823663904787e+01,1.105021753424636266e+01
7.591883395255787548e+01,1.115401867864494534e+01
7.593883966847671729e+01,1.146483806154971319e+01
7.595884538439554490e+01,1.123525547259002266e+01
7.597885110031437250e+01,1.133247474111794872e+01
7.599885681623321432e+01,1.146250540157393338e+01
7.601886253215204192e+01,9.939694260989766050e+00
7.603886824807088374e+01,1.072008484591534483e+01
7.605887396398971134e+01,1.017357590690487079e+01
7.607887967990855316e+01,1.013458828621290841e+01
7.609888539582738076e+01,9.478935907683478490e+00
7.611889111174622258e+01,8.835396543309929740e+00
7.613889682766505018e+01,8.873732991490742350e+00
7.615890254358387779e+01,7.984708773962974959e+00
7.617890825950271960e+01,8.524185978458344692e+00
7.619891397542154721e+01,8.378948621273426767e+00
7.621891969134038902e+01,7.797848041060575497e+00
7.623892540725921663e+01,7.088910134597730561e+00
7.625893112317805844e+01,7.259913342948689063e+00
7.627893683909688605e+01,6.848345877502906909e+00
7.629894255501572786e+01,6.703895613532050213e+00
7.631894827093455547e+01,6.841392278412013361e+00
7.633895398685339728e+01,6.724290649448211532e+00
7.635895970277222489e+01,6.717049073814541416e+00
7.637896541869105249e+01,7.152672798224713802e+00
7.639897113460989431e+01,6.197656805781333489e+00
7.641897685052872191e+01,5.840180953177737777e+00
7.643898256644756373e+01,6.227899793736289880e+00
7.645898828236639133e+01,6.649296773768993418e+00
7.647899399828523315e+01,6.605661909352123828e+00
7.649899971420406075e+01,6.358265879448278923e+00
7.651900543012290257e+01,5.999247833214049308e+00
7.653901114604173017e+01,6.072601071682536045e+00
7.655901686196055778e+01,6.386507080046178508e+00
7.657902257787939959e+01,7.125497213262780960e+00
7.659902829379822720e+01,7.539693773533288734e+00
7.661903400971706901e+01,6.755000131498649196e+00
7.663903972563589662e+01,7.348839445574358642e+00
7.665904544155473843e+01,7.704321711414491070e+00
7.667905115747356604e+01,8.575401941413161921e+00
7.669905687339240785e+01,8.552625560127795623e+00
7.671906258931123546e+01,8.360435847057487990e+00
7.673906830523006306e+01,8.859113688624027816e+00
7.675907402114890488e+01,9.268861687541209093e+00
7.677907973706773248e+01,9.268965442960912071e+00
7.679908545298657430e+01,8.936589062962919883e+00
7.681909116890540190e+01,9.500949189357708491e+00
7.683909688482424372e+01,9.614806371164096532e+00
7.685910260074307132e+01,9.428566622243133466e+00
7.687910831666191314e+01,1.022949935013529910e+01
7.689911403258074074e+01,9.726938692112524265e+00
7.691911974849956835e+01,1.082174160375498673e+01
7.693912546441841016e+01,9.800449727945064637e+00
7.695913118033723777e+01,1.092798370856354317e+01
7.697913689625607958e+01,1.089705807853193953e+01
7.699914261217490719e+01,1.082647520014228348e+01
7.701914832809374900e+01,1.084994197266169280e+01
7.703915404401257661e+01,1.015124795834714888e+01
7.705915975993141842e+01,1.087651431599876872e+01
7.707916547585024603e+01,1.020583058625554251e+01
7.709917119176907363e+01,1.097668599082694563e+01
7.711917690768791545e+01,1.056249932461850527e+01
7.713918262360674305e+01,1.041987368678125314e+01
7.715918833952558487e+01,1.012152711040508812e+01
7.717919405544441247e+01,1.129286966640817624e+01
7.719919977136325429e+01,1.050901757844579620e+01
7.721920548728208189e+01,1.169273755848668372e+01
7.723921120320092371e+01,1.163510454239721348e+01
7.725921691911975131e+01,1.116921697595080332e+01
7.727922263503859313e+01,1.125452016665693833e+01
7.729922835095742073e+01,1.074781102612144323e+01
7.731923406687624833e+01,1.124259777362895996e+01
7.733923978279509015e+01,1.104672494887876155e+01
7.735924549871391775e+01,1.061012307649376929e+01
7.737925121463275957e+01,1.107106796306210228e+01
7.739925693055158717e+01,1.087802238207768113e+01
7.741926264647042899e+01,9.618085123717538210e+00
7.743926836238925659e+01,1.042784391669844979e+01
7.745927407830809841e+01,1.044304966865870554e+01
7.747927979422692601e+01,1.005072609792806304e+01
7.749928551014575362e+01,9.190520303510513855e+00
7.751929122606459543e+01,9.509392094915927629e+00
7.753929694198342304e+01,9.804694547419966710e+00
7.755930265790226485e+01,9.655825783178368482e+00
7.757930837382109246e+01,9.228253382225020118e+00
7.759931408973993427e+01,8.991216854101818257e+00
7.761931980565876188e+01,8.879299289446619170e+00
7.763932552157760369e+01,8.398236457063960714e+00
7.765933123749643130e+01,9.553982505626295918e+00
7.767933695341525890e+01,9.017902859918294212e+00
7.769934266933410072e+01,8.569460705035938375e+00
7.771934838525292832e+01,8.953281509137354988e+00
7.773935410117177014e+01,9.576558313967563407e+00
7.775935981709059774e+01,8.940531038352281357e+00
7.777936553300943956e+01,9.223133403206624337e+00
7.779937124892826716e+01,9.607411704869852187e+00
7.781937696484710898e+01,8.785439263040776936e+00
7.783938268076593658e+01,9.158170321805179981e+00
7.785938839668476419e+01,9.273708587388465929e+00
7.787939411260360600e+01,1.000262177544411202e+01
7.789939982852243361e+01,9.188426024737193387e+00
7.791940554444127542e+01,9.529261797043563575e+00
7.793941126036010303e+01,1.020009783971160999e+01
7.795941697627894484e+01,1.009339380309370604e+01
7.797942269219777245e+01,1.021630414883270355e+01
7.799942840811661426e+01,1.072097062477281959e+01
7.801943412403544187e+01,1.054353494232196553e+01
7.803943983995426947e+01,1.122479174059724016e+01
7.805944555587311129e+01,1.133079746823545975e+01
7.807945127179193889e+01,1.183520391465421184e+01
7.809945698771078071e+01,1.179892048726521736e+01
7.811946270362960831e+01,1.196975434288744822e+01
7.813946841954845013e+01,1.209031862202518326e+01
7.815947413546727773e+01,1.147165148157633396e+01
7.817947985138611955e+01,1.285661829453760419e+01
7.819948556730494715e+01,1.209204656354504337e+01
7.821949128322378897e+01,1.309501698770421285e+01
7.823949699914261657e+01,1.237028597834459376e+01
7.825950271506144418e+01,1.261334032226873347e+01
7.827950843098028599e+01,1.170848570369497921e+01
7.829951414689911360e+01,1.175406889166529467e+01
7.831951986281795541e+01,1.168725615372380489e+01
7.833952557873678302e+01,1.121594193514162896e+01
7.835953129465562483e+01,1.113896901247565552e+01
7.837953701057445244e+01,1.033289821380953377e+01
7.839954272649329425e+01,1.009339553157802172e+01
7.841954844241212186e+01,1.025734520381766757e+01
7.843955415833094946e+01,9.884792046902067142e+00
7.845955987424979128e+01,8.408390467583284789e+00
7.847956559016861888e+01,8.943042781768967942e+00
7.849957130608746070e+01,9.045191774216085889e+00
7.851957702200628830e+01,8.733162671802951138e+00
7.853958273792513012e+01,8.776957613699517324e+00
7.855958845384395772e+01,7.903256786406190670e+00
7.857959416976279954e+01,6.873053073152416204e+00
7.859959988568162714e+01,7.845144555091522420e+00
7.861960560160045475e+01,6.336555038169720433e+00
7.863961131751929656e+01,7.154678675446380254e+00
7.865961703343812417e+01,7.783987053306350212e+00
7.867962274935696598e+01,7.606425077750849084e+00
7.869962846527579359e+01,7.875815647712518519e+00
7.871963418119463540e+01,7.029827401353855976e+00
7.873963989711346301e+01,7.780383123117017519e+00
7.875964561303230482e+01,7.951107953703956177e+00
7.877965132895113243e+01,7.830572366994219990e+00
7.879965704486996003e+01,8.262653915919964120e+00
7.881966276078880185e+01,8.483403436005120923e+00
7.883966847670762945e+01,9.431535040981369633e+00
7.885967419262647127e+01,9.568753683251603803e+00
7.887967990854529887e+01,9.747186218476645791e+00
7.889968562446414069e+01,1.058588439123855274e+01
7.891969134038296829e+01,1.157806187235111572e+01
7.893969705630181011e+01,1.137295213907519020e+01
7.895970277222063771e+01,1.093813543155718193e+01
7.897970848813946532e+01,1.084236241091529962e+01
7.899971420405830713e+01,1.081873711753131317e+01
7.901971991997713474e+01,1.071905970141837194e+01
7.903972563589597655e+01,1.052489675818884507e+01
7.905973135181480416e+01,1.092546993162954116e+01
7.907973706773364597e+01,1.004770643535364805e+01
7.909974278365247358e+01,1.110085237080035014e+01
7.911974849957131539e+01,9.939269176729940369e+00
7.913975421549014300e+01,1.024492237657305971e+01
7.915975993140898481e+01,1.060485733319180568e+01
7.917976564732781242e+01,9.695147349927937697e+00
7.919977136324664002e+01,9.530872885844315689e+00
7.921977707916548184e+01,1.058465765003927572e+01
7.923978279508430944e+01,9.694485050576378882e+00
7.925978851100315126e+01,9.945703536474340467e+00
7.927979422692197886e+01,9.713100977837541450e+00
7.929979994284082068e+01,9.155143827690723768e+00
7.931980565875964828e+01,9.756946992968011045e+00
7.933981137467849010e+01,8.910497218714352741e+00
7.935981709059731770e+01,8.960330218731218821e+00
7.937982280651614531e+01,8.759744445065413387e+00
7.939982852243498712e+01,9.722616272779028179e+00
7.941983423835381473e+01,8.468949312618823555e+00
7.943983995427265654e+01,8.782260165008130670e+00
7.945984567019148415e+01,9.158925100190533186e+00
7.947985138611032596e+01,9.098372770182479030e+00
7.949985710202915357e+01,9.773185415542837262e+00
7.951986281794799538e+01,9.580026801561338345e+00
7.953986853386682299e+01,9.236165357149562993e+00
7.955987424978565059e+01,9.734243749797409251e+00
7.957987996570449241e+01,1.001496333903270575e+01
7.959988568162332001e+01,9.815107263692169681e+00
7.961989139754216183e+01,9.421235097746132325e+00
7.963989711346098943e+01,9.642783507996561809e+00
7.965990282937983125e+01,1.001702743832548670e+01
7.967990854529865885e+01,9.120689407024190842e+00
7.969991426121750067e+01,9.695992210160790492e+00
7.971991997713632827e+01,1.037965055129888370e+01
7.973992569305515588e+01,9.911061803356210120e+00
7.975993140897399769e+01,8.658013448524453537e+00
7.977993712489282530e+01,8.921226694252020195e+00
7.979994284081166711e+01,9.697395211604462162e+00
7.981994855673049472e+01,8.612235914912496071e+00
7.983995427264933653e+01,9.574222790401211824e+00
7.985995998856816414e+01,8.917158905761732868e+00
7.987996570448700595e+01,8.854993269879601669e+00
7.989997142040583356e+01,8.378214153589924607e+00
7.991997713632466116e+01,7.964675584724378865e+00
7.993998285224350298e+01,7.694361520877324168e+00
7.995998856816233058e+01,6.944984394716767540e+00
7.997999428408117240e+01,7.506435743831591623e+00
8.000000000000000000e+01,5.934559095361647607e+00
