angle,intensity
1.000000000000000000e+01,4.016409763022606327e+00
1.002000571591883471e+01,3.451933261264580111e+00
1.004001143183766764e+01,2.712377740054544351e+00
1.006001714775650235e+01,2.976510362608928428e+00
1.008002286367533529e+01,3.869335977370853552e+00
1.010002857959417000e+01,3.967828126241798259e+00
1.012003429551300293e+01,3.487747714562893897e+00
1.014004001143183764e+01,3.345638654886420316e+00
1.016004572735067235e+01,3.611644937761439689e+00
1.018005144326950528e+01,3.573074526204714552e+00
1.020005715918833999e+01,3.626554339132078031e+00
1.022006287510717293e+01,3.404735863482533986e+00
1.024006859102600764e+01,3.232501264120789308e+00
1.026007430694484057e+01,2.955310348938625875e+00
1.028008002286367528e+01,3.341917912344646968e+00
1.030008573878250999e+01,3.100540220549184323e+00
1.032009145470134293e+01,2.806218287231077912e+00
1.034009717062017764e+01,2.774154027193810990e+00
1.036010288653901057e+01,3.438275148321638941e+00
1.038010860245784528e+01,3.129154302693279988e+00
1.040011431837667999e+01,3.180782402791793917e+00
1.042012003429551292e+01,3.604964735439249779e+00
1.044012575021434763e+01,2.984131052210357904e+00
1.046013146613318057e+01,3.619286941258322177e+00
1.048013718205201528e+01,3.137743568380214398e+00
1.050014289797084821e+01,2.616668062452711219e+00
1.052014861388968292e+01,3.234969203490525747e+00
1.054015432980851585e+01,3.236589576513354771e+00
1.056016004572735056e+01,2.891253802645691096e+00
1.058016576164618527e+01,3.708230895741659428e+00
1.060017147756501821e+01,3.391945424336864523e+00
1.062017719348385292e+01,3.628156994311882322e+00
1.064018290940268585e+01,3.098657713462340535e+00
1.066018862532152056e+01,3.748430027090402739e+00
1.068019434124035527e+01,3.535413264516470644e+00
1.070020005715918820e+01,3.905023904877575003e+00
1.072020577307802292e+01,3.900316631306369963e+00
1.074021148899685585e+01,3.010579499209874221e+00
1.076021720491569056e+01,3.808599955766625911e+00
1.078022292083452349e+01,4.202002449802719752e+00
1.080022863675335820e+01,3.481462940803843775e+00
1.082023435267219291e+01,4.154065234544502161e+00
1.084024006859102585e+01,3.290169215408612846e+00
1.086024578450986056e+01,3.813495103311524304e+00
1.088025150042869349e+01,2.850782997217460313e+00
1.090025721634752820e+01,3.279687833964523236e+00
1.092026293226636113e+01,3.184562949516600128e+00
1.094026864818519584e+01,3.335619208398159508e+00
1.096027436410403055e+01,3.562072035874075393e+00
1.098028008002286349e+01,3.794617292079592641e+00
1.100028579594169820e+01,2.732859862570722775e+00
1.102029151186053113e+01,2.665105619477860621e+00
1.104029722777936584e+01,3.223016779187036107e+00
1.106030294369819877e+01,3.824441659712934261e+00
1.108030865961703348e+01,2.741463701276262377e+00
1.110031437553586819e+01,3.397399500860210253e+00
1.112032009145470113e+01,2.911891863558969451e+00
1.114032580737353584e+01,3.378913619420195857e+00
1.116033152329236877e+01,3.017096582285804462e+00
1.118033723921120348e+01,3.337184820238686456e+00
1.120034295513003642e+01,3.561329518169384034e+00
1.122034867104887113e+01,3.170927267109802550e+00
1.124035438696770584e+01,4.230794277497378353e+00
1.126036010288653877e+01,3.837186414117205402e+00
1.128036581880537348e+01,3.247929810692542052e+00
1.130037153472420641e+01,3.431542435229636645e+00
1.132037725064304112e+01,4.022838681673853500e+00
1.134038296656187583e+01,3.786379540151445511e+00
1.136038868248070877e+01,4.222713493553854391e+00
1.138039439839954348e+01,3.102123830058402199e+00
1.140040011431837641e+01,3.850215671043447418e+00
1.142040583023721112e+01,3.921411872146070898e+00
1.144041154615604405e+01,3.389255980991990214e+00
1.146041726207487876e+01,3.387523610044304689e+00
1.148042297799371170e+01,3.621383718702190890e+00
1.150042869391254641e+01,3.254433548672476029e+00
1.152043440983138112e+01,3.699626007309486209e+00
1.154044012575021405e+01,3.675866642182724409e+00
1.156044584166904876e+01,2.573519847790556980e+00
1.158045155758788169e+01,3.990097904253296690e+00
1.160045727350671640e+01,3.521486755966547477e+00
1.162046298942555111e+01,3.352510011102380005e+00
1.164046870534438405e+01,2.628034630181201869e+00
1.166047442126321876e+01,2.922913665649161885e+00
1.168048013718205169e+01,3.942212871445470057e+00
1.170048585310088640e+01,3.883321224200344535e+00
1.172049156901971934e+01,2.901057243849612277e+00
1.174049728493855405e+01,3.236155499867155783e+00
1.176050300085738698e+01,3.367167156907699077e+00
1.178050871677622169e+01,3.664250448112427616e+00
1.180051443269505640e+01,3.688160048400157098e+00
1.182052014861388933e+01,3.126407988991350972e+00
1.184052586453272404e+01,3.164469948373269226e+00
1.186053158045155698e+01,4.326277520707149549e+00
1.188053729637039169e+01,4.038066290597212671e+00
1.190054301228922640e+01,3.646177434966467956e+00
1.192054872820805933e+01,3.578459560799569950e+00
1.194055444412689404e+01,3.518147940295298870e+00
1.196056016004572697e+01,3.176013008421892714e+00
1.198056587596456168e+01,3.680605842311821974e+00
1.200057159188339639e+01,3.774090555863207186e+00
1.202057730780222933e+01,3.599377822531081961e+00
1.204058302372106226e+01,3.074200037377996519e+00
1.206058873963989697e+01,3.154274529303763508e+00
1.208059445555873168e+01,3.531001976720070878e+00
1.210060017147756461e+01,2.980307739434795877e+00
1.212060588739639932e+01,3.660408999090754900e+00
1.214061160331523226e+01,2.657731854139469441e+00
1.216061731923406697e+01,3.545927403404986578e+00
1.218062303515290168e+01,2.752101839510792125e+00
1.220062875107173461e+01,3.119166004594438490e+00
1.222063446699056932e+01,3.909831969502949534e+00
1.224064018290940226e+01,3.222406636234951272e+00
1.226064589882823697e+01,3.844072574046231594e+00
1.228065161474707168e+01,4.040845583504324878e+00
1.230065733066590461e+01,3.570291289556860814e+00
1.232066304658473754e+01,3.348965256147183212e+00
1.234066876250357225e+01,3.395478990193170787e+00
1.236067447842240696e+01,2.774191746842085582e+00
1.238068019434123990e+01,3.955199695547004346e+00
1.240068591026007461e+01,3.547902816994918052e+00
1.242069162617890754e+01,3.965623850869678613e+00
1.244069734209774225e+01,4.182425268446170463e+00
1.246070305801657696e+01,3.887508514235966217e+00
1.248070877393540989e+01,3.340825418811731673e+00
1.250071448985424460e+01,2.948870578110220464e+00
1.252072020577307754e+01,3.009558617346294707e+00
1.254072592169191225e+01,4.116788652756627087e+00
1.256073163761074696e+01,3.725839515946988811e+00
1.258073735352957989e+01,2.711277276611452791e+00
1.260074306944841460e+01,3.056848217247591926e+00
1.262074878536724754e+01,4.010977172391315904e+00
1.264075450128608225e+01,3.409236286756395451e+00
1.266076021720491518e+01,3.220297849856651240e+00
1.268076593312374989e+01,2.799645717419305235e+00
1.270077164904258282e+01,3.404194029085867879e+00
1.272077736496141753e+01,3.285349616386558758e+00
1.274078308088025224e+01,3.124929452236739458e+00
1.276078879679908518e+01,3.246550104029422013e+00
1.278079451271791989e+01,3.886431364673877731e+00
1.280080022863675282e+01,3.381908494126770748e+00
1.282080594455558753e+01,3.736396499483130018e+00
1.284081166047442224e+01,3.853044316718076789e+00
1.286081737639325517e+01,3.264767716923676399e+00
1.288082309231208988e+01,2.741293729312099359e+00
1.290082880823092282e+01,3.382462421392907537e+00
1.292083452414975753e+01,3.714204343768685579e+00
1.294084024006859224e+01,3.434319673087874669e+00
1.296084595598742517e+01,3.552054159605905426e+00
1.298085167190625810e+01,3.631863450752547351e+00
1.300085738782509281e+01,3.424248709785568057e+00
1.302086310374392752e+01,3.523514803119174310e+00
1.304086881966276046e+01,3.967615590749811183e+00
1.306087453558159517e+01,3.219962345480618104e+00
1.308088025150042810e+01,4.067995004208794008e+00
1.310088596741926281e+01,3.223120679206818551e+00
1.312089168333809752e+01,3.045201507583387368e+00
1.314089739925693046e+01,3.731263389280496057e+00
1.316090311517576517e+01,2.820171835599682986e+00
1.318090883109459810e+01,3.009402580270471361e+00
1.320091454701343281e+01,3.279223512323739875e+00
1.322092026293226752e+01,3.413036209611751914e+00
1.324092597885110045e+01,2.589978379280725385e+00
1.326093169476993339e+01,3.599219618554690747e+00
1.328093741068876810e+01,4.033854074767357467e+00
1.330094312660760281e+01,3.600797656572423122e+00
1.332094884252643574e+01,2.822369263904867864e+00
1.334095455844527045e+01,3.776945096940151902e+00
1.336096027436410338e+01,2.634788036345950601e+00
1.338096599028293809e+01,2.810787442368377853e+00
1.340097170620177280e+01,3.445071864799256200e+00
1.342097742212060574e+01,4.168103804495707720e+00
1.344098313803944045e+01,3.419376999794263128e+00
1.346098885395827338e+01,3.455121385944021295e+00
1.348099456987710809e+01,3.662021448355065267e+00
1.350100028579594280e+01,3.196068072157562945e+00
1.352100600171477573e+01,3.200792737087836404e+00
1.354101171763361044e+01,3.417402634862368060e+00
1.356101743355244338e+01,4.039021763943245524e+00
1.358102314947127809e+01,3.678606665885364002e+00
1.360102886539011102e+01,3.571343524208740572e+00
1.362103458130894573e+01,3.864766729810201973e+00
1.364104029722777867e+01,2.717910618946928647e+00
1.366104601314661338e+01,3.773342041414103676e+00
1.368105172906544809e+01,2.637290628869226605e+00
1.370105744498428102e+01,2.760433331267126533e+00
1.372106316090311573e+01,3.468955926273751711e+00
1.374106887682194866e+01,3.506726339050305619e+00
1.376107459274078337e+01,3.940392627153265437e+00
1.378108030865961808e+01,3.297120344434888217e+00
1.380108602457845102e+01,3.091575972364528635e+00
1.382109174049728573e+01,4.189398681424550297e+00
1.384109745641611866e+01,4.020027547665534051e+00
1.386110317233495337e+01,3.797428144506280745e+00
1.388110888825378808e+01,3.750164321450505156e+00
1.390111460417262101e+01,3.157449891288012456e+00
1.392112032009145395e+01,3.889969880886432918e+00
1.394112603601028866e+01,3.758228478479951118e+00
1.396113175192912337e+01,3.008648730670735016e+00
1.398113746784795630e+01,3.321770425699164697e+00
1.400114318376679101e+01,3.228085974237843825e+00
1.402114889968562395e+01,3.971214239066627627e+00
1.404115461560445866e+01,3.768883902074766645e+00
1.406116033152329337e+01,3.569467873421461324e+00
1.408116604744212630e+01,3.290663148652145154e+00
1.410117176336095923e+01,3.768414903825074713e+00
1.412117747927979394e+01,3.153420270770613154e+00
1.414118319519862865e+01,3.583016622537658513e+00
1.416118891111746336e+01,3.813263125251853403e+00
1.418119462703629630e+01,2.924216617723045530e+00
1.420120034295512923e+01,3.868262096870639599e+00
1.422120605887396394e+01,3.182387968464096772e+00
1.424121177479279865e+01,2.842527688666813379e+00
1.426121749071163336e+01,3.226660968072465607e+00
1.428122320663046629e+01,3.281602447827300484e+00
1.430122892254929923e+01,3.554987688329579676e+00
1.432123463846813394e+01,3.534041254334399973e+00
1.434124035438696865e+01,3.936079361238684626e+00
1.436124607030580158e+01,3.014967117405166874e+00
1.438125178622463629e+01,3.512625077786247996e+00
1.440125750214346922e+01,3.035635739743190342e+00
1.442126321806230393e+01,3.638485006287997425e+00
1.444126893398113864e+01,3.250897987032996816e+00
1.446127464989997158e+01,3.079585209839629023e+00
1.448128036581880451e+01,3.135758368878226676e+00
1.450128608173763922e+01,3.767705315290988288e+00
1.452129179765647393e+01,2.689624189524081110e+00
1.454129751357530864e+01,3.618038137096077911e+00
1.456130322949414158e+01,2.802881248838720030e+00
1.458130894541297451e+01,3.632038078588715635e+00
1.460131466133180922e+01,4.235671996720532739e+00
1.462132037725064393e+01,3.531799262557588914e+00
1.464132609316947686e+01,3.044749917440592313e+00
1.466133180908831157e+01,3.132710183626016942e+00
1.468133752500714451e+01,3.146763244196515874e+00
1.470134324092597922e+01,2.986004596690945867e+00
1.472134895684481393e+01,2.936928554156780002e+00
1.474135467276364686e+01,3.703869364619689186e+00
1.476136038868247979e+01,3.891183722305499693e+00
1.478136610460131450e+01,3.840205419145685362e+00
1.480137182052014921e+01,3.518302357318798812e+00
1.482137753643898392e+01,3.735758447944387051e+00
1.484138325235781686e+01,3.328500089581433841e+00
1.486138896827664979e+01,3.789487866816338091e+00
1.488139468419548450e+01,3.742675352439969849e+00
1.490140040011431921e+01,3.119152986223104218e+00
1.492140611603315392e+01,3.639357620256220116e+00
1.494141183195198685e+01,3.102923400256589748e+00
1.496141754787081979e+01,4.332577274527303679e+00
1.498142326378965450e+01,3.210196255663960052e+00
1.500142897970848921e+01,3.436734587303713173e+00
1.502143469562732214e+01,2.961585570929381017e+00
1.504144041154615508e+01,4.030919518317798378e+00
1.506144612746498979e+01,3.885889618689681413e+00
1.508145184338382450e+01,2.975947022796282759e+00
1.510145755930265921e+01,3.326463351679448621e+00
1.512146327522149214e+01,3.448410433955880094e+00
1.514146899114032507e+01,3.630307000616716628e+00
1.516147470705915978e+01,3.055665876551316273e+00
1.518148042297799449e+01,2.724719986116125536e+00
1.520148613889682920e+01,3.417371307444360351e+00
1.522149185481566214e+01,3.567118455236412800e+00
1.524149757073449507e+01,3.349005057029576626e+00
1.526150328665332978e+01,3.756379687162645364e+00
1.528150900257216449e+01,3.376235384248311266e+00
1.530151471849099742e+01,3.435593282695058370e+00
1.532152043440983036e+01,3.551560993260398646e+00
1.534152615032866507e+01,3.523030847317039971e+00
1.536153186624749978e+01,4.028412203866448493e+00
1.538153758216633449e+01,3.268748253417079308e+00
1.540154329808516742e+01,2.734163654897421303e+00
1.542154901400400036e+01,3.204922716690868256e+00
1.544155472992283507e+01,2.638695433802425327e+00
1.546156044584166978e+01,3.076164804849067735e+00
1.548156616176050449e+01,2.698783216249796890e+00
1.550157187767933742e+01,3.810620148578872879e+00
1.552157759359817035e+01,3.545953892500688376e+00
1.554158330951700506e+01,4.015042897823898116e+00
1.556158902543583977e+01,2.528951555443187615e+00
1.558159474135467271e+01,3.349879921952266137e+00
1.560160045727350742e+01,3.805303745764388346e+00
1.562160617319234035e+01,3.757060512064473112e+00
1.564161188911117506e+01,2.667381762053181227e+00
1.566161760503000977e+01,3.514865811943215235e+00
1.568162332094884270e+01,3.087412079066862436e+00
1.570162903686767564e+01,4.003950767996520277e+00
1.572163475278651035e+01,3.603050821403913417e+00
1.574164046870534506e+01,2.807686667948602999e+00
1.576164618462417977e+01,3.562532511836666416e+00
1.578165190054301270e+01,3.272296397856994332e+00
1.580165761646184563e+01,2.873484226329760194e+00
1.582166333238068034e+01,3.265267268560345215e+00
1.584166904829951505e+01,3.578405986269363126e+00
1.586167476421834799e+01,3.933719203201998305e+00
1.588168048013718270e+01,3.572827071999213899e+00
1.590168619605601563e+01,3.365977552080085644e+00
1.592169191197485034e+01,3.906583107613055716e+00
1.594169762789368505e+01,3.262772568717741350e+00
1.596170334381251799e+01,2.560258973191251286e+00
1.598170905973135092e+01,3.274767286805202460e+00
1.600171477565018563e+01,2.834160706790100903e+00
1.602172049156902034e+01,3.323723570755870771e+00
1.604172620748785505e+01,3.670090214950563201e+00
1.606173192340668976e+01,2.933274661144988027e+00
1.608173763932552092e+01,3.337234812542871687e+00
1.610174335524435563e+01,3.983430047565979404e+00
1.612174907116319034e+01,3.462261811557177715e+00
1.614175478708202505e+01,3.630886447797093908e+00
1.616176050300085620e+01,3.441296292206686758e+00
1.618176621891969091e+01,3.757670607645355432e+00
1.620177193483852562e+01,3.823998253750483300e+00
1.622177765075736033e+01,3.810344418630519314e+00
1.624178336667619504e+01,3.216487973638100684e+00
1.626178908259502620e+01,3.314045864204734571e+00
1.628179479851386091e+01,3.308738987330854808e+00
1.630180051443269562e+01,3.682471197946028951e+00
1.632180623035153033e+01,4.245881351618957744e+00
1.634181194627036149e+01,3.315607117831135930e+00
1.636181766218919620e+01,2.903130222434094687e+00
1.638182337810803091e+01,3.478359895326396334e+00
1.640182909402686562e+01,3.611296008042796046e+00
1.642183480994570033e+01,3.180608068181827619e+00
1.644184052586453504e+01,3.223617585785178541e+00
1.646184624178336620e+01,3.245806133430100715e+00
1.648185195770220091e+01,3.324640705571797028e+00
1.650185767362103562e+01,3.856752383753645930e+00
1.652186338953986677e+01,2.898753794668687434e+00
1.654186910545870148e+01,3.118790340118711590e+00
1.656187482137753619e+01,3.337532371173508317e+00
1.658188053729637090e+01,3.232728149171121501e+00
1.660188625321520561e+01,3.593411145323588407e+00
1.662189196913404032e+01,2.509605892358822921e+00
1.664189768505287148e+01,2.578034565470907591e+00
1.666190340097170619e+01,3.622772695359761208e+00
1.668190911689054090e+01,2.704607204033405043e+00
1.670191483280937561e+01,3.487894550319964537e+00
1.672192054872820677e+01,3.687458575073069067e+00
1.674192626464704148e+01,3.397438792708039834e+00
1.676193198056587619e+01,3.795417155399079867e+00
1.678193769648471090e+01,2.910901057392921931e+00
1.680194341240354561e+01,3.323346162884381449e+00
1.682194912832238032e+01,4.001739844482261610e+00
1.684195484424121148e+01,3.748592454848805211e+00
1.686196056016004619e+01,4.119942644260019549e+00
1.688196627607888090e+01,3.174595419488031922e+00
1.690197199199771205e+01,4.154550674234603669e+00
1.692197770791654676e+01,3.601570892161947146e+00
1.694198342383538147e+01,3.047383903167905750e+00
1.696198913975421618e+01,3.477671692235741574e+00
1.698199485567305089e+01,4.021214069427744953e+00
1.700200057159188560e+01,3.211713815002229744e+00
1.702200628751071676e+01,3.018796519956734592e+00
1.704201200342955147e+01,2.841702266093394602e+00
1.706201771934838618e+01,3.159191246598826552e+00
1.708202343526722089e+01,3.290013533261261891e+00
1.710202915118605205e+01,2.682477126875413287e+00
1.712203486710488676e+01,3.653533466446850397e+00
1.714204058302372147e+01,3.388982376896641391e+00
1.716204629894255618e+01,3.631970100772605292e+00
1.718205201486139089e+01,3.348370758803695502e+00
1.720205773078022204e+01,3.118533597903166310e+00
1.722206344669905675e+01,4.233813107205445903e+00
1.724206916261789146e+01,3.390840139960373811e+00
1.726207487853672617e+01,3.341291148862033822e+00
1.728208059445555733e+01,3.018019242905835675e+00
1.730208631037439204e+01,3.434279460494126912e+00
1.732209202629322675e+01,3.491443530558460129e+00
1.734209774221206146e+01,3.034999900801179429e+00
1.736210345813089617e+01,3.142706736722114425e+00
1.738210917404973088e+01,3.438725017498101444e+00
1.740211488996856204e+01,3.839411599692298616e+00
1.742212060588739675e+01,3.550020125969629348e+00
1.744212632180623146e+01,2.559810398974051715e+00
1.746213203772506262e+01,3.621951173241459987e+00
1.748213775364389733e+01,3.741813936088262960e+00
1.750214346956273204e+01,3.230340749724493143e+00
1.752214918548156675e+01,3.666166906201196785e+00
1.754215490140040146e+01,3.598895445683804262e+00
1.756216061731923617e+01,3.520258598638967840e+00
1.758216633323806732e+01,3.322793242521046242e+00
1.760217204915690203e+01,2.881740504292725547e+00
1.762217776507573674e+01,4.033538945066655224e+00
1.764218348099457145e+01,3.946038337282175679e+00
1.766218919691340261e+01,3.427313583071768477e+00
1.768219491283223732e+01,3.440996816834822170e+00
1.770220062875107203e+01,3.321415761560928104e+00
1.772220634466990674e+01,3.064197813484153876e+00
1.774221206058874145e+01,3.217554396894535262e+00
1.776221777650757616e+01,3.403160694485777515e+00
1.778222349242640732e+01,2.758684030325038616e+00
1.780222920834524203e+01,3.307038790075333523e+00
1.782223492426407674e+01,4.011553493495839895e+00
1.784224064018290790e+01,3.330682783432731942e+00
1.786224635610174261e+01,4.088826606308499478e+00
1.788225207202057732e+01,3.136832430355628532e+00
1.790225778793941203e+01,3.413357509884514585e+00
1.792226350385824674e+01,3.896868749416105615e+00
1.794226921977708145e+01,3.624622824984284009e+00
1.796227493569591260e+01,3.660668865088647195e+00
1.798228065161474731e+01,2.683419074847045227e+00
1.800228636753358202e+01,3.289322853327463214e+00
1.802229208345241318e+01,3.765713411271359945e+00
1.804229779937124789e+01,3.124793477256796681e+00
1.806230351529008260e+01,4.144628300929960929e+00
1.808230923120891731e+01,3.819011062037462878e+00
1.810231494712775202e+01,2.878102941820991578e+00
1.812232066304658673e+01,3.628609661466613900e+00
1.814232637896542144e+01,3.073144297943161796e+00
1.816233209488425260e+01,3.537497439390003606e+00
1.818233781080308731e+01,3.141780997028437383e+00
1.820234352672191847e+01,4.004878970706663210e+00
1.822234924264075318e+01,3.184579612754246725e+00
1.824235495855958789e+01,2.832310005721403456e+00
1.826236067447842260e+01,3.618256062337679602e+00
1.828236639039725731e+01,2.984161789993504676e+00
1.830237210631609202e+01,3.608454385520850405e+00
1.832237782223492673e+01,3.723795137103140362e+00
1.834238353815375788e+01,3.418030636134475664e+00
1.836238925407259259e+01,3.545347470061360973e+00
1.838239496999142730e+01,3.329768604009562871e+00
1.840240068591025846e+01,3.911637375429458885e+00
1.842240640182909317e+01,3.051789978002776405e+00
1.844241211774792788e+01,3.522373863347745715e+00
1.846241783366676259e+01,3.892146047240386153e+00
1.848242354958559730e+01,4.052143007450734302e+00
1.850242926550443201e+01,3.939569809968418213e+00
1.852243498142326672e+01,3.339146977518696602e+00
1.854244069734209788e+01,3.290179997913625698e+00
1.856244641326093259e+01,4.170600553613909689e+00
1.858245212917976374e+01,3.268514188489886063e+00
1.860245784509859845e+01,4.117497492339212251e+00
1.862246356101743316e+01,2.934922784222945058e+00
1.864246927693626787e+01,3.159794777082862716e+00
1.866247499285510258e+01,3.729910357690060074e+00
1.868248070877393729e+01,4.249120255097264653e+00
1.870248642469277200e+01,2.826718073985416524e+00
1.872249214061160316e+01,3.856651659371050478e+00
1.874249785653043787e+01,3.790983857869671070e+00
1.876250357244927258e+01,3.646861328931941593e+00
1.878250928836810374e+01,3.515402752635145234e+00
1.880251500428693845e+01,3.292656651180228877e+00
1.882252072020577316e+01,3.796199683975505224e+00
1.884252643612460787e+01,3.116740697859258447e+00
1.886253215204344258e+01,3.105096797483073878e+00
1.888253786796227729e+01,3.510800504758283758e+00
1.890254358388111200e+01,3.616646791078180101e+00
1.892254929979994316e+01,2.993976271592833971e+00
1.894255501571877787e+01,3.251530422982127355e+00
1.896256073163760902e+01,3.505798102184915610e+00
1.898256644755644373e+01,2.555013849666987191e+00
1.900257216347527844e+01,3.647387654880682284e+00
1.902257787939411315e+01,3.700936905221019479e+00
1.904258359531294786e+01,3.200521818152850528e+00
1.906258931123178257e+01,3.712089369322313814e+00
1.908259502715061728e+01,3.630255619204886042e+00
1.910260074306944844e+01,3.822075434599740973e+00
1.912260645898828315e+01,3.115757407371318344e+00
1.914261217490711431e+01,4.119941616078280688e+00
1.916261789082594902e+01,3.537452868929411132e+00
1.918262360674478373e+01,3.499053101251037301e+00
1.920262932266361844e+01,3.464633046555317009e+00
1.922263503858245315e+01,3.279979293608696445e+00
1.924264075450128786e+01,3.043515195634045600e+00
1.926264647042012257e+01,3.423625359883798236e+00
1.928265218633895373e+01,3.609630134442958216e+00
1.930265790225778844e+01,3.113918869509426646e+00
1.932266361817662315e+01,3.578033862493549933e+00
1.934266933409545430e+01,3.342027145667973098e+00
1.936267505001428901e+01,3.007258639655085997e+00
1.938268076593312372e+01,3.431297422006899467e+00
1.940268648185195843e+01,3.495553915660075894e+00
1.942269219777079314e+01,2.689058597385855620e+00
1.944269791368962785e+01,2.934437621217735881e+00
1.946270362960846256e+01,2.738328263197942203e+00
1.948270934552729372e+01,4.291027074587582035e+00
1.950271506144612843e+01,3.300623218507142020e+00
1.952272077736495959e+01,3.574255431143554596e+00
1.954272649328379430e+01,3.537390847750304879e+00
1.956273220920262901e+01,3.083621555773882417e+00
1.958273792512146372e+01,3.811914824895274112e+00
1.960274364104029843e+01,2.526203346895264268e+00
1.962274935695913314e+01,3.521203025579711099e+00
1.964275507287796785e+01,2.702885243951028471e+00
1.966276078879679901e+01,3.761139102546711577e+00
1.968276650471563372e+01,2.769252593225536963e+00
1.970277222063446487e+01,3.834820139426991403e+00
1.972277793655329958e+01,2.893017812950767098e+00
1.974278365247213429e+01,3.706416545851979549e+00
1.976278936839096900e+01,3.281904869420880111e+00
1.978279508430980371e+01,3.762905220731898925e+00
1.980280080022863842e+01,3.501279512415263362e+00
1.982280651614747313e+01,2.847367205258137801e+00
1.984281223206630784e+01,3.256127717273596289e+00
1.986281794798513900e+01,3.373383774840716054e+00
1.988282366390397371e+01,3.009178617926894450e+00
1.990282937982280487e+01,2.792845560157057427e+00
1.992283509574163958e+01,3.856481572244896849e+00
1.994284081166047429e+01,3.161111805490976590e+00
1.996284652757930900e+01,3.666990423135480182e+00
1.998285224349814371e+01,3.891742355867454428e+00
2.000285795941697842e+01,3.474988342325047164e+00
2.002286367533581313e+01,3.782331065452664731e+00
2.004286939125464428e+01,2.905719323411823929e+00
2.006287510717347899e+01,3.379683811715477049e+00
2.008288082309231015e+01,4.011168518612979739e+00
2.010288653901114486e+01,3.007547107912217577e+00
2.012289225492997957e+01,3.893700312791009033e+00
2.014289797084881428e+01,4.061719581271695745e+00
2.016290368676764899e+01,4.187708028135100236e+00
2.018290940268648370e+01,3.975214695516630314e+00
2.020291511860531841e+01,3.450517742096597118e+00
2.022292083452414957e+01,4.225598408014359819e+00
2.024292655044298428e+01,3.466400982844461076e+00
2.026293226636181899e+01,3.098084436575935463e+00
2.028293798228065015e+01,3.769126137501633167e+00
2.030294369819948486e+01,3.255077161522219598e+00
2.032294941411831957e+01,4.469268758241753403e+00
2.034295513003715428e+01,2.965859666281850604e+00
2.036296084595598899e+01,3.966612846014852423e+00
2.038296656187482370e+01,3.823808529575606130e+00
2.040297227779365841e+01,3.960944683090619201e+00
2.042297799371248956e+01,4.282355253270392126e+00
2.044298370963132427e+01,3.681862040639888534e+00
2.046298942555015543e+01,4.113270943004708968e+00
2.048299514146899014e+01,4.543033849805558688e+00
2.050300085738782485e+01,4.123079816694757760e+00
2.052300657330665956e+01,4.212690908467693340e+00
2.054301228922549427e+01,4.076066272442769645e+00
2.056301800514432898e+01,4.585101375625514564e+00
2.058302372106316369e+01,4.404287617854578230e+00
2.060302943698199485e+01,5.075250641897166126e+00
2.062303515290082956e+01,4.716074319981014007e+00
2.064304086881966072e+01,5.017667936039993393e+00
2.066304658473849543e+01,3.994894649832660072e+00
2.068305230065733014e+01,4.567426582949041247e+00
2.070305801657616485e+01,5.266876822886689347e+00
2.072306373249499956e+01,5.583713227710372706e+00
2.074306944841383427e+01,5.146145368953986221e+00
2.076307516433266898e+01,5.911637571824846837e+00
2.078308088025150369e+01,5.364613069482590646e+00
2.080308659617033484e+01,5.522009381076248502e+00
2.082309231208916955e+01,5.569062508897738795e+00
2.084309802800800071e+01,5.356706615942048444e+00
2.086310374392683542e+01,5.379212654559622386e+00
2.088310945984567013e+01,5.290200483529987174e+00
2.090311517576450484e+01,6.019363209905677081e+00
2.092312089168333955e+01,5.677229418564098573e+00
2.094312660760217426e+01,6.664668532504374632e+00
2.096313232352100897e+01,6.642031219745434534e+00
2.098313803943984013e+01,6.265362393546664244e+00
2.100314375535867484e+01,6.388218410857421148e+00
2.102314947127750600e+01,6.586812031165134584e+00
2.104315518719634071e+01,6.992836076603921924e+00
2.106316090311517542e+01,6.816232596498900342e+00
2.108316661903401013e+01,7.181441532274261519e+00
2.110317233495284484e+01,6.835870037112865560e+00
2.112317805087167955e+01,7.190504814040028059e+00
2.114318376679051426e+01,7.026346620280634170e+00
2.116318948270934541e+01,8.624279772242202213e+00
2.118319519862818012e+01,7.422500025124197265e+00
2.120320091454701483e+01,8.793817759005667867e+00
2.122320663046584599e+01,8.266689948230769858e+00
2.124321234638468070e+01,8.896299170598101824e+00
2.126321806230351541e+01,8.223740089851361290e+00
2.128322377822235012e+01,8.863516130030062001e+00
2.130322949414118483e+01,9.465199874388767753e+00
2.132323521006001954e+01,9.212896762957038632e+00
2.134324092597885425e+01,9.798948621225855860e+00
2.136324664189768541e+01,9.610091615029531908e+00
2.138325235781652012e+01,1.009576838981497637e+01
2.140325807373535127e+01,9.657179838671357430e+00
2.142326378965418598e+01,1.027911141173449927e+01
2.144326950557302069e+01,1.064174193523515299e+01
2.146327522149185540e+01,1.071090225712511135e+01
2.148328093741069011e+01,1.019179461833625844e+01
2.150328665332952482e+01,1.108183304827294968e+01
2.152329236924835953e+01,1.039146168083684429e+01
2.154329808516719069e+01,1.018920357358431872e+01
2.156330380108602540e+01,9.905146806472515664e+00
2.158330951700485656e+01,1.002639721036327636e+01
2.160331523292369127e+01,1.055725004432782477e+01
2.162332094884252598e+01,9.410935138216476759e+00
2.164332666476136069e+01,9.663582619482049552e+00
2.166333238068019540e+01,1.044854091459465373e+01
2.168333809659903011e+01,9.783785828887484826e+00
2.170334381251786482e+01,9.062655076989070579e+00
2.172334952843669598e+01,8.116129796655446427e+00
2.174335524435553069e+01,8.536462711957062410e+00
2.176336096027436540e+01,8.421080973782105517e+00
2.178336667619319655e+01,8.043451485703162263e+00
2.180337239211203126e+01,8.985880789324816931e+00
2.182337810803086597e+01,8.052284709493402914e+00
2.184338382394970068e+01,8.790057106106910823e+00
2.186338953986853539e+01,7.774849229445749188e+00
2.188339525578737010e+01,8.134412042748554228e+00
2.190340097170620481e+01,7.772230969575723236e+00
2.192340668762503597e+01,7.749843206502230686e+00
2.194341240354387068e+01,8.599779917065687229e+00
2.196341811946270184e+01,8.293120125779724461e+00
2.198342383538153655e+01,8.812827236522270624e+00
2.200342955130037126e+01,9.029753637983269243e+00
2.202343526721920597e+01,8.843635755866099402e+00
2.204344098313804068e+01,9.263186540815926406e+00
2.206344669905687539e+01,9.458728603939166035e+00
2.208345241497571010e+01,1.035574135685235220e+01
2.210345813089454126e+01,9.686800419673119222e+00
2.212346384681337597e+01,1.082738401771529979e+01
2.214346956273221068e+01,1.016602887653145437e+01
2.216347527865104183e+01,9.663023894391232105e+00
2.218348099456987654e+01,9.978455245865658796e+00
2.220348671048871125e+01,1.125547826765328097e+01
2.222349242640754596e+01,1.059715031918130634e+01
2.224349814232638067e+01,1.069845408870907555e+01
2.226350385824521538e+01,1.080456231536073730e+01
2.228350957416405009e+01,1.150928915209306780e+01
2.230351529008288125e+01,1.086903161507390081e+01
2.232352100600171596e+01,1.104939252754208390e+01
2.234352672192054712e+01,1.180283948240469272e+01
2.236353243783938183e+01,1.115140943891779557e+01
2.238353815375821654e+01,1.094594971398678851e+01
2.240354386967705125e+01,1.082902132722866995e+01
2.242354958559588596e+01,1.123200660036476961e+01
2.244355530151472067e+01,1.088676447768489908e+01
2.246356101743355538e+01,1.101090629893301731e+01
2.248356673335238654e+01,1.128768502443212007e+01
2.250357244927122125e+01,1.041747102958306392e+01
2.252357816519005240e+01,1.082888596791074853e+01
2.254358388110888711e+01,1.029757076111872749e+01
2.256358959702772182e+01,1.059807634988870717e+01
2.258359531294655653e+01,9.841530146821517278e+00
2.260360102886539124e+01,9.487939334325817597e+00
2.262360674478422595e+01,1.030756045484702454e+01
2.264361246070306066e+01,9.275977794849779912e+00
2.266361817662189182e+01,1.003816156127810366e+01
2.268362389254072653e+01,9.187721682659930167e+00
2.270362960845956124e+01,8.448585382641875086e+00
2.272363532437839240e+01,8.989758903702876225e+00
2.274364104029722711e+01,7.763533703161694888e+00
2.276364675621606182e+01,8.055355889708767592e+00
2.278365247213489653e+01,8.092493071839363949e+00
2.280365818805373124e+01,7.899573882100304090e+00
2.282366390397256595e+01,7.849177921837377170e+00
2.284366961989140066e+01,6.525544034372652291e+00
2.286367533581023181e+01,6.406682113537973677e+00
2.288368105172906652e+01,6.801878075660754419e+00
2.290368676764789768e+01,6.291611852928678417e+00
2.292369248356673239e+01,5.803691249672665364e+00
2.294369819948556710e+01,5.522209541137897304e+00
2.296370391540440181e+01,5.069475853713060864e+00
2.298370963132323652e+01,4.604281332301857432e+00
2.300371534724207123e+01,5.182467669906905883e+00
2.302372106316090594e+01,4.163197401505922102e+00
2.304372677907973710e+01,4.649317311956485455e+00
2.306373249499857181e+01,4.323586825624046170e+00
2.308373821091740652e+01,4.383084228450495168e+00
2.310374392683623768e+01,4.828959530932879218e+00
2.312374964275507239e+01,3.981485320081714185e+00
2.314375535867390710e+01,3.946417100167123770e+00
2.316376107459274181e+01,3.757376969639958819e+00
2.318376679051157652e+01,4.680065015867635125e+00
2.320377250643041123e+01,3.774371814172893913e+00
2.322377822234924594e+01,4.157733083204289137e+00
2.324378393826807709e+01,4.244482391001147548e+00
2.326378965418691180e+01,3.770890579592833802e+00
2.328379537010574296e+01,3.524646782026662706e+00
2.330380108602457767e+01,3.813503796691881220e+00
2.332380680194341238e+01,3.745455613010403972e+00
2.334381251786224709e+01,3.458944618429271145e+00
2.336381823378108180e+01,4.486185481075123604e+00
2.338382394969991651e+01,3.565772196303238939e+00
2.340382966561875122e+01,4.079142978651018936e+00
2.342383538153758238e+01,4.157697147663041548e+00
2.344384109745641709e+01,3.192519760988957067e+00
2.346384681337524825e+01,3.717677787556251001e+00
2.348385252929408296e+01,3.368042817356322161e+00
2.350385824521291767e+01,3.673462743202533076e+00
2.352386396113175238e+01,2.819700993567985314e+00
2.354386967705058709e+01,3.978269732289998029e+00
2.356387539296942180e+01,3.872468268320090168e+00
2.358388110888825651e+01,2.937609424618528919e+00
2.360388682480708766e+01,3.806596535705997653e+00
2.362389254072592237e+01,4.398837278070317325e+00
2.364389825664475708e+01,4.110967898638539175e+00
2.366390397256358824e+01,3.216598467788458482e+00
2.368390968848242295e+01,3.636707869130743287e+00
2.370391540440125766e+01,3.393532999095126179e+00
2.372392112032009237e+01,3.363974091961078550e+00
2.374392683623892708e+01,3.779906949441378394e+00
2.376393255215776179e+01,3.997291461890415398e+00
2.378393826807659650e+01,3.796364811445859466e+00
2.380394398399542766e+01,3.384022151627701369e+00
2.382394969991426237e+01,2.713039939210977636e+00
2.384395541583309353e+01,3.827568128085351074e+00
2.386396113175192824e+01,3.108101371734855345e+00
2.388396684767076295e+01,3.336614651916812946e+00
2.390397256358959766e+01,3.071580667729387315e+00
2.392397827950843237e+01,4.043493789638834102e+00
2.394398399542726708e+01,3.940021703925029151e+00
2.396398971134610179e+01,3.505243381096823541e+00
2.398399542726493294e+01,3.418297319383573285e+00
2.400400114318376765e+01,3.443783055277774174e+00
2.402400685910260236e+01,3.510294383623521419e+00
2.404401257502143352e+01,3.043829079989583963e+00
2.406401829094026823e+01,2.841548777385050517e+00
2.408402400685910294e+01,4.322728328423652400e+00
2.410402972277793765e+01,2.959111738421825066e+00
2.412403543869677236e+01,3.130939703931569618e+00
2.414404115461560707e+01,3.393090776042754442e+00
2.416404687053444178e+01,3.538469847153839165e+00
2.418405258645327294e+01,2.668147439703800750e+00
2.420405830237210765e+01,3.426431863584793014e+00
2.422406401829093880e+01,3.565164094116482385e+00
2.424406973420977351e+01,3.301396858405936996e+00
2.426407545012860822e+01,3.717553864070074710e+00
2.428408116604744293e+01,3.941076579538608904e+00
2.430408688196627764e+01,4.205797399996358266e+00
2.432409259788511235e+01,3.785549428511366887e+00
2.434409831380394706e+01,3.520059132824703063e+00
2.436410402972277822e+01,3.141527665435114081e+00
2.438410974564161293e+01,3.887643075517700275e+00
2.440411546156044409e+01,3.699852679057880955e+00
2.442412117747927880e+01,3.275067744649164059e+00
2.444412689339811351e+01,3.322362817358140319e+00
2.446413260931694822e+01,3.029281762209327322e+00
2.448413832523578293e+01,4.241769161035234603e+00
2.450414404115461764e+01,4.038265652758216362e+00
2.452414975707345235e+01,3.273479736796272910e+00
2.454415547299228351e+01,3.027805608502346146e+00
2.456416118891111822e+01,3.626191070792470050e+00
2.458416690482995293e+01,3.240594012158180881e+00
2.460417262074878408e+01,3.097889133241962689e+00
2.462417833666761879e+01,3.277850683607544280e+00
2.464418405258645350e+01,3.559841694650890176e+00
2.466418976850528821e+01,3.503756328658704788e+00
2.468419548442412292e+01,3.639646495301149365e+00
2.470420120034295763e+01,3.598003085470485640e+00
2.472420691626179234e+01,3.509043040040432881e+00
2.474421263218062350e+01,3.991613107487975487e+00
2.476421834809945821e+01,3.564023501257146620e+00
2.478422406401828937e+01,4.022571419469015197e+00
2.480422977993712408e+01,3.445854272108923588e+00
2.482423549585595879e+01,3.746285645298866651e+00
2.484424121177479350e+01,3.095386590924053660e+00
2.486424692769362821e+01,3.095790776221963636e+00
2.488425264361246292e+01,4.285588404191556400e+00
2.490425835953129763e+01,4.336737182247078159e+00
2.492426407545012879e+01,3.932699660538858222e+00
2.494426979136896350e+01,3.801554787499708432e+00
2.496427550728779821e+01,2.971497374624186616e+00
2.498428122320662936e+01,3.463507932903205244e+00
2.500428693912546407e+01,3.212289046042359431e+00
2.502429265504429878e+01,3.230897822526459073e+00
2.504429837096313349e+01,3.655153739771176191e+00
2.506430408688196820e+01,3.779483040977721142e+00
2.508430980280080291e+01,3.905978881788699564e+00
2.510431551871963762e+01,3.491379915375947718e+00
2.512432123463846878e+01,3.845128915866859565e+00
2.514432695055730349e+01,3.149013500551349765e+00
2.516433266647613465e+01,3.756544540354060935e+00
2.518433838239496936e+01,3.418229418303269540e+00
2.520434409831380407e+01,3.388858165889720997e+00
2.522434981423263878e+01,2.787520050816514328e+00
2.524435553015147349e+01,4.202249126645618560e+00
2.526436124607030820e+01,3.115981317833070641e+00
2.528436696198914291e+01,3.867814722855265508e+00
2.530437267790797407e+01,4.048801336081806923e+00
2.532437839382680878e+01,3.190548114702708382e+00
2.534438410974563993e+01,3.503359103683638232e+00
2.536438982566447464e+01,3.969464518413770904e+00
2.538439554158330935e+01,3.761354853269531340e+00
2.540440125750214406e+01,3.757232938266930944e+00
2.542440697342097877e+01,3.758858591350411782e+00
2.544441268933981348e+01,3.354355804889776138e+00
2.546441840525864819e+01,2.951144878538202398e+00
2.548442412117747935e+01,3.775945383088264773e+00
2.550442983709631406e+01,2.997395364542204454e+00
2.552443555301514877e+01,3.222329707147543409e+00
2.554444126893397993e+01,3.469174032663602247e+00
2.556444698485281464e+01,4.327388103310926049e+00
2.558445270077164935e+01,4.004733408346270451e+00
2.560445841669048406e+01,3.816758557983418676e+00
2.562446413260931877e+01,3.987679908438329868e+00
2.564446984852815348e+01,3.328016024022297348e+00
2.566447556444698819e+01,3.518851593026537827e+00
2.568448128036581934e+01,3.202778442226581923e+00
2.570448699628465405e+01,4.071418213011451570e+00
2.572449271220348521e+01,3.629076218855215252e+00
2.574449842812231992e+01,3.670670961731063109e+00
2.576450414404115463e+01,2.782638021496919745e+00
2.578450985995998934e+01,2.969643648121468971e+00
2.580451557587882405e+01,2.874285676466310058e+00
2.582452129179765876e+01,3.678024913647309990e+00
2.584452700771649347e+01,2.585651375048740430e+00
2.586453272363532463e+01,3.382129830849482932e+00
2.588453843955415934e+01,4.061296796009127519e+00
2.590454415547299405e+01,2.981155339577727492e+00
2.592454987139182521e+01,3.737517028764576033e+00
2.594455558731065992e+01,3.342496894907870164e+00
2.596456130322949463e+01,3.771961460701863444e+00
2.598456701914832934e+01,3.616089073498774287e+00
2.600457273506716405e+01,3.414818303518397435e+00
2.602457845098599520e+01,2.891712540977424695e+00
2.604458416690482991e+01,3.800299642645176945e+00
2.606458988282366462e+01,3.590421976257525571e+00
2.608459559874249933e+01,3.653276279550273564e+00
2.610460131466133404e+01,3.765159592915517273e+00
2.612460703058016520e+01,4.211428469593395008e+00
2.614461274649899991e+01,4.334951264647694202e+00
2.616461846241783462e+01,3.812573108479309081e+00
2.618462417833666933e+01,4.139138027535901543e+00
2.620462989425550404e+01,4.110481851892835437e+00
2.622463561017433520e+01,4.188969637524690981e+00
2.624464132609316991e+01,3.515153026027181937e+00
2.626464704201200462e+01,2.766464040840328487e+00
2.628465275793083933e+01,3.200519257744846691e+00
2.630465847384967049e+01,3.781129223027308583e+00
2.632466418976850520e+01,3.096128905719802482e+00
2.634466990568733991e+01,3.075515272907288988e+00
2.636467562160617462e+01,3.725769165029088725e+00
2.638468133752500933e+01,3.570185672040159464e+00
2.640468705344384048e+01,3.431411714825693071e+00
2.642469276936267519e+01,3.874269715563458227e+00
2.644469848528150990e+01,3.740001832250786862e+00
2.646470420120034461e+01,3.957401554214794892e+00
2.648470991711917932e+01,4.255698759263813358e+00
2.650471563303801048e+01,2.763097060603235455e+00
2.652472134895684519e+01,3.996371755806455983e+00
2.654472706487567990e+01,3.261073608719113892e+00
2.656473278079451461e+01,3.630726151131947077e+00
2.658473849671334932e+01,3.027036108685071891e+00
2.660474421263218048e+01,3.555388811409610383e+00
2.662474992855101519e+01,3.392693781265639252e+00
2.664475564446984990e+01,3.887460685688421069e+00
2.666476136038868461e+01,3.381847378265415927e+00
2.668476707630751577e+01,2.955116084880003324e+00
2.670477279222635048e+01,3.127016545690847860e+00
2.672477850814518519e+01,3.793661056259374664e+00
2.674478422406401990e+01,3.201514434475652315e+00
2.676478993998285461e+01,3.902658462585585131e+00
2.678479565590168576e+01,4.304292407006733434e+00
2.680480137182052047e+01,3.322029020478075800e+00
2.682480708773935518e+01,3.280816465784301528e+00
2.684481280365818989e+01,3.500348052559031586e+00
2.686481851957702460e+01,3.615020417422004417e+00
2.688482423549585576e+01,2.995113216672724565e+00
2.690482995141469047e+01,3.486062608981958633e+00
2.692483566733352518e+01,3.481665512049483269e+00
2.694484138325235989e+01,3.096790773720893064e+00
2.696484709917119105e+01,3.990755393187119360e+00
2.698485281509002576e+01,3.723473373175905987e+00
2.700485853100886047e+01,4.280404355720795806e+00
2.702486424692769518e+01,3.041162641262718402e+00
2.704486996284652989e+01,4.370517442957076781e+00
2.706487567876536104e+01,4.071248699148243944e+00
2.708488139468419575e+01,4.004628412645560687e+00
2.710488711060303046e+01,3.659381549380245069e+00
2.712489282652186517e+01,4.126914077542844339e+00
2.714489854244069988e+01,3.889494835404764927e+00
2.716490425835953104e+01,4.035527295959958849e+00
2.718490997427836575e+01,3.292445655977079610e+00
2.720491569019720046e+01,3.372980345348127074e+00
2.722492140611603517e+01,3.241668641723921773e+00
2.724492712203486633e+01,3.367939847722254854e+00
2.726493283795370104e+01,3.243947458461573063e+00
2.728493855387253575e+01,3.049412570266530231e+00
2.730494426979137046e+01,4.243574561095880604e+00
2.732494998571020517e+01,4.161224994601832705e+00
2.734495570162903633e+01,4.338157857879304302e+00
2.736496141754787104e+01,3.491424861202613084e+00
2.738496713346670575e+01,3.205000153043704891e+00
2.740497284938554046e+01,4.046706455411396952e+00
2.742497856530437517e+01,3.920319168636114071e+00
2.744498428122320632e+01,3.563141407049727594e+00
2.746498999714204103e+01,4.217383111179872301e+00
2.748499571306087574e+01,3.437804198076317874e+00
2.750500142897971045e+01,3.830091102386737667e+00
2.752500714489854516e+01,3.698641159840939885e+00
2.754501286081737632e+01,4.150741607366223107e+00
2.756501857673621103e+01,3.690760779407732173e+00
2.758502429265504574e+01,3.436174570236261161e+00
2.760503000857388045e+01,2.723443872574187630e+00
2.762503572449271161e+01,3.016761128118035540e+00
2.764504144041154632e+01,4.006357915007352943e+00
2.766504715633038103e+01,3.535087657325341581e+00
2.768505287224921574e+01,4.246525091083567460e+00
2.770505858816805045e+01,4.170582413691485968e+00
2.772506430408688161e+01,4.242251250638862992e+00
2.774507002000571632e+01,4.030168457272324645e+00
2.776507573592455103e+01,3.492757512819299581e+00
2.778508145184338574e+01,3.081796445729627631e+00
2.780508716776222045e+01,3.803606708763599631e+00
2.782509288368105160e+01,4.011432484430308421e+00
2.784509859959988631e+01,3.181135330432152131e+00
2.786510431551872102e+01,4.172068669303219401e+00
2.788511003143755573e+01,3.290696605889277926e+00
2.790511574735638689e+01,3.148488584826891312e+00
2.792512146327522160e+01,3.835979903693668813e+00
2.794512717919405631e+01,4.081745154750758608e+00
2.796513289511289102e+01,3.734196768046664783e+00
2.798513861103172573e+01,3.479883611708935565e+00
2.800514432695055689e+01,3.693196175313692819e+00
2.802515004286939160e+01,3.212417361407482908e+00
2.804515575878822631e+01,3.567018922706836737e+00
2.806516147470706102e+01,4.041304461688762117e+00
2.808516719062589573e+01,3.356594664934362982e+00
2.810517290654472689e+01,2.880833929597300447e+00
2.812517862246356160e+01,4.054646624442868941e+00
2.814518433838239631e+01,3.510630792818917989e+00
2.816519005430123102e+01,3.751545219431194234e+00
2.818519577022006217e+01,3.485496679086092620e+00
2.820520148613889688e+01,3.078795596046073335e+00
2.822520720205773159e+01,3.719629609962237904e+00
2.824521291797656630e+01,3.342266992432286088e+00
2.826521863389540101e+01,3.233528572042926541e+00
2.828522434981423217e+01,3.553775564780960128e+00
2.830523006573306688e+01,3.591438537452102508e+00
2.832523578165190159e+01,3.256881573098806104e+00
2.834524149757073630e+01,3.624616872767874920e+00
2.836524721348957101e+01,3.461002721775809476e+00
2.838525292940840217e+01,3.706399809174928617e+00
2.840525864532723688e+01,2.932026991123036552e+00
2.842526436124607159e+01,3.791024271485297525e+00
2.844527007716490630e+01,3.158133202044751009e+00
2.846527579308374101e+01,4.107694172237899011e+00
2.848528150900257216e+01,3.034977705831157113e+00
2.850528722492140687e+01,4.227838154419215400e+00
2.852529294084024158e+01,3.062267904114143846e+00
2.854529865675907629e+01,2.835471000708868150e+00
2.856530437267790745e+01,3.511884787901244032e+00
2.858531008859674216e+01,3.842129518022120216e+00
2.860531580451557687e+01,3.566870277384388999e+00
2.862532152043441158e+01,4.163809354055376666e+00
2.864532723635324629e+01,3.870840841271401267e+00
2.866533295227207745e+01,3.144976419038587157e+00
2.868533866819091216e+01,3.562921042118297965e+00
2.870534438410974687e+01,3.924669526576353817e+00
2.872535010002858158e+01,3.048903678079410540e+00
2.874535581594741629e+01,3.723629477283351363e+00
2.876536153186624745e+01,2.772760080269552674e+00
2.878536724778508216e+01,3.697714808066116188e+00
2.880537296370391687e+01,3.477663762137736647e+00
2.882537867962275158e+01,3.752444108910399478e+00
2.884538439554158273e+01,4.521515484466600121e+00
2.886539011146041744e+01,4.229530128874003481e+00
2.888539582737925215e+01,3.546956552138286867e+00
2.890540154329808686e+01,3.851912560333466296e+00
2.892540725921692157e+01,3.932482676758615181e+00
2.894541297513575273e+01,4.008701209744147675e+00
2.896541869105458744e+01,3.982942545377229138e+00
2.898542440697342215e+01,4.089621060280903109e+00
2.900543012289225686e+01,4.191042924259845925e+00
2.902543583881109157e+01,3.748687303025087125e+00
2.904544155472992273e+01,3.545494773325189808e+00
2.906544727064875744e+01,3.574347661577571333e+00
2.908545298656759215e+01,3.244996524234604607e+00
2.910545870248642686e+01,3.825584698021507357e+00
2.912546441840525802e+01,3.779398114783547147e+00
2.914547013432409273e+01,4.152013764280432895e+00
2.916547585024292744e+01,3.552529448325431272e+00
2.918548156616176215e+01,4.630835052600933643e+00
2.920548728208059686e+01,4.094718962395658579e+00
2.922549299799942801e+01,4.177018984525610712e+00
2.924549871391826272e+01,4.114248908919681647e+00
2.926550442983709743e+01,3.928255358525983620e+00
2.928551014575593214e+01,4.196537379120660383e+00
2.930551586167476685e+01,3.852340089942094092e+00
2.932552157759359801e+01,3.827088547786268169e+00
2.934552729351243272e+01,3.878387768459570673e+00
2.936553300943126743e+01,4.270448282373827453e+00
2.938553872535010214e+01,3.606244320375630252e+00
2.940554444126893330e+01,4.029501033806617727e+00
2.942555015718776801e+01,4.214502185114016086e+00
2.944555587310660272e+01,4.215448411801616224e+00
2.946556158902543743e+01,3.681808225547797520e+00
2.948556730494427214e+01,3.949213103644455991e+00
2.950557302086310330e+01,4.392778295582088433e+00
2.952557873678193801e+01,4.162135911336025451e+00
2.954558445270077272e+01,4.342824749717729027e+00
2.956559016861960743e+01,4.562691187589602571e+00
2.958559588453844214e+01,4.019297829880008166e+00
2.960560160045727329e+01,4.816274033976932323e+00
2.962560731637610800e+01,4.980371635355195004e+00
2.964561303229494271e+01,4.182005635570566149e+00
2.966561874821377742e+01,4.193944464860898336e+00
2.968562446413261213e+01,4.608185321427099801e+00
2.970563018005144329e+01,5.148170473443419937e+00
2.972563589597027800e+01,5.286324686209191270e+00
2.974564161188911271e+01,4.287066070680761065e+00
2.976564732780794742e+01,4.781839668023514456e+00
2.978565304372677858e+01,5.152409761830446300e+00
2.980565875964561329e+01,4.838608418117932075e+00
2.982566447556444800e+01,5.742199822959657141e+00
2.984567019148328271e+01,5.626012280080889383e+00
2.986567590740211742e+01,5.849465739855776114e+00
2.988568162332094857e+01,6.213126141653740220e+00
2.990568733923978328e+01,5.975100391368698638e+00
2.992569305515861799e+01,5.903314060105641303e+00
2.994569877107745270e+01,6.925287449848060106e+00
2.996570448699628741e+01,6.777402304963361601e+00
2.998571020291511857e+01,7.049418173565156209e+00
3.000571591883395328e+01,7.996293810770348287e+00
3.002572163475278799e+01,8.144570876292975825e+00
3.004572735067162270e+01,8.487528516141285451e+00
3.006573306659045386e+01,9.382284072006603637e+00
3.008573878250928857e+01,9.288821594245151303e+00
3.010574449842812328e+01,1.031379037297152657e+01
3.012575021434695799e+01,1.054652583743688332e+01
3.014575593026579270e+01,1.109427069659359866e+01
3.016576164618462386e+01,1.182211190159103431e+01
3.018576736210345857e+01,1.247253472974318278e+01
3.020577307802229328e+01,1.171767568670881587e+01
3.022577879394112799e+01,1.334226721303093832e+01
3.024578450985996270e+01,1.468438765636708609e+01
3.026579022577879385e+01,1.509262920073038394e+01
3.028579594169762856e+01,1.548615742166522224e+01
3.030580165761646327e+01,1.572107151128558833e+01
3.032580737353529798e+01,1.657987565804927144e+01
3.034581308945412914e+01,1.843568565968099193e+01
3.036581880537296385e+01,1.888249439167486088e+01
3.038582452129179856e+01,1.972822013305385624e+01
3.040583023721063327e+01,2.084026464454160887e+01
3.042583595312946798e+01,2.161030995798264343e+01
3.044584166904829914e+01,2.284190976880262625e+01
3.046584738496713385e+01,2.327684976429525321e+01
3.048585310088596856e+01,2.392440636990950509e+01
3.050585881680480327e+01,2.539777003709816228e+01
3.052586453272363798e+01,2.585871131674469936e+01
3.054587024864246914e+01,2.699899031519120385e+01
3.056587596456130385e+01,2.709440480832260434e+01
3.058588168048013856e+01,2.872289970966311046e+01
3.060588739639897327e+01,2.923238529906467420e+01
3.062589311231780798e+01,2.937175956184868042e+01
3.064589882823663913e+01,2.956638852380123694e+01
3.066590454415547384e+01,3.025132268674535396e+01
3.068591026007430855e+01,3.153777769921171981e+01
3.070591597599314326e+01,3.229609322685838890e+01
3.072592169191197442e+01,3.256053857714589128e+01
3.074592740783080913e+01,3.380006007216604047e+01
3.076593312374964384e+01,3.397544615582927463e+01
3.078593883966847855e+01,3.505715029818721007e+01
3.080594455558731326e+01,3.669393387952644758e+01
3.082595027150614442e+01,3.717554837853342775e+01
3.084595598742497913e+01,3.795131698366317607e+01
3.086596170334381384e+01,4.018307740597666822e+01
3.088596741926264855e+01,4.029032473786521962e+01
3.090597313518148326e+01,4.102517440559960704e+01
3.092597885110031442e+01,4.160915971454470963e+01
3.094598456701914913e+01,4.242224460303958722e+01
3.096599028293798384e+01,4.415449836780450710e+01
3.098599599885681855e+01,4.456851780107580652e+01
3.100600171477564970e+01,4.626730228224205632e+01
3.102600743069448441e+01,4.660481870952839500e+01
3.104601314661331912e+01,4.825382497131539594e+01
3.106601886253215383e+01,4.830085768847767014e+01
3.108602457845098854e+01,4.916680197934773844e+01
3.110603029436981970e+01,5.074763951191791023e+01
3.112603601028865441e+01,5.100819731085334041e+01
3.114604172620748912e+01,5.080480808107515145e+01
3.116604744212632383e+01,5.239726978362860166e+01
3.118605315804515854e+01,5.182533401078357826e+01
3.120605887396398970e+01,5.173742273132951652e+01
3.122606458988282441e+01,5.070485332881840890e+01
3.124607030580165912e+01,4.936562445842598379e+01
3.126607602172049383e+01,4.810818296591703103e+01
3.128608173763932498e+01,4.712252559993761736e+01
3.130608745355815969e+01,4.463582810165510750e+01
3.132609316947699440e+01,4.283173937483089588e+01
3.134609888539582911e+01,4.055008667110826792e+01
3.136610460131466382e+01,3.741936652471294877e+01
3.138611031723349498e+01,3.452293563578193414e+01
3.140611603315232969e+01,3.243758681212963069e+01
3.142612174907116440e+01,2.978037485728376410e+01
3.144612746498999911e+01,2.740024279219515435e+01
3.146613318090883382e+01,2.493998693905982478e+01
3.148613889682766498e+01,2.387578843368915216e+01
3.150614461274649969e+01,2.115370506600696388e+01
3.152615032866533440e+01,2.061606719084759831e+01
3.154615604458416911e+01,1.931399174162395838e+01
3.156616176050300382e+01,1.804020812988871469e+01
3.158616747642183498e+01,1.733036350029995276e+01
3.160617319234066969e+01,1.758012594834857367e+01
3.162617890825950440e+01,1.629318985198593595e+01
3.164618462417833911e+01,1.676089503181261975e+01
3.166619034009717026e+01,1.660616304693576950e+01
3.168619605601600497e+01,1.699920417056754829e+01
3.170620177193483968e+01,1.885735606994379054e+01
3.172620748785367439e+01,1.882373743531010035e+01
3.174621320377250910e+01,1.981046186071195336e+01
3.176621891969134026e+01,2.062161448452880919e+01
3.178622463561017497e+01,2.041533316880450855e+01
3.180623035152900968e+01,2.164479202841776839e+01
3.182623606744784439e+01,2.385218557346070511e+01
3.184624178336667910e+01,2.454178955645990357e+01
3.186624749928551026e+01,2.607047731585576855e+01
3.188625321520434497e+01,2.700898716721599868e+01
3.190625893112317968e+01,2.915045531364571474e+01
3.192626464704201439e+01,3.001175629247419607e+01
3.194627036296084555e+01,3.186833692551773822e+01
3.196627607887968026e+01,3.311672042839002472e+01
3.198628179479851497e+01,3.532238671300027733e+01
3.200628751071734968e+01,3.675488974859562319e+01
3.202629322663618439e+01,3.907646142244112752e+01
3.204629894255501199e+01,4.133479702224904173e+01
3.206630465847385381e+01,4.258897415299544065e+01
3.208631037439268141e+01,4.459431700980022839e+01
3.210631609031152323e+01,4.608312138773182198e+01
3.212632180623035083e+01,4.737423282195716467e+01
3.214632752214918554e+01,4.934582594691934787e+01
3.216633323806802025e+01,5.012851907036549903e+01
3.218633895398685496e+01,5.179099180578515416e+01
3.220634466990568967e+01,5.190456719448965828e+01
3.222635038582451728e+01,5.353581105962315689e+01
3.224635610174335909e+01,5.304959401427738186e+01
3.226636181766218670e+01,5.351890462999597275e+01
3.228636753358102851e+01,5.289913631011673800e+01
3.230637324949985612e+01,5.176343250900712434e+01
3.232637896541869083e+01,5.159534852142664363e+01
3.234638468133752554e+01,4.949930106228835314e+01
3.236639039725636025e+01,4.760549158058641694e+01
3.238639611317519496e+01,4.587494755114251177e+01
3.240640182909402967e+01,4.308845541394505574e+01
3.242640754501286438e+01,4.077228791544111175e+01
3.244641326093169198e+01,3.738586308157657356e+01
3.246641897685053380e+01,3.504663249620429610e+01
3.248642469276936140e+01,3.178247406395761487e+01
3.250643040868819611e+01,3.018891308472266033e+01
3.252643612460703082e+01,2.690060797282740879e+01
3.254644184052586553e+01,2.407533270526316471e+01
3.256644755644470024e+01,2.210503434149734048e+01
3.258645327236353495e+01,1.963023884025971810e+01
3.260645898828236966e+01,1.765959656438769798e+01
3.262646470420119726e+01,1.574042566832865297e+01
3.264647042012003908e+01,1.455688744192755024e+01
3.266647613603886668e+01,1.364215708658184312e+01
3.268648185195770850e+01,1.229838384947903762e+01
3.270648756787653610e+01,1.081689703034663808e+01
3.272649328379537081e+01,1.026845542818293922e+01
3.274649899971420552e+01,9.665711229187690989e+00
3.276650471563304023e+01,9.272276384067010824e+00
3.278651043155187494e+01,8.390153395410784753e+00
3.280651614747070255e+01,7.761354317547729309e+00
3.282652186338954436e+01,7.220344182241467124e+00
3.284652757930837197e+01,6.956452660264572430e+00
3.286653329522721378e+01,6.655503166788064640e+00
3.288653901114604139e+01,6.078371996752298223e+00
3.290654472706487610e+01,6.426730157746705530e+00
3.292655044298371081e+01,6.337712394851598319e+00
3.294655615890254552e+01,5.918033413644876894e+00
3.296656187482138023e+01,6.054888006636952369e+00
3.298656759074020783e+01,6.082613610554401973e+00
3.300657330665904965e+01,5.461624305136377089e+00
3.302657902257787725e+01,5.860544856155222249e+00
3.304658473849671907e+01,5.434027002994880284e+00
3.306659045441554667e+01,5.289401883931112103e+00
3.308659617033438138e+01,4.708791932930459723e+00
3.310660188625321609e+01,5.142176100594337385e+00
3.312660760217205080e+01,5.095364332900356175e+00
3.314661331809088551e+01,5.568848903340863465e+00
3.316661903400971312e+01,4.968966289842187578e+00
3.318662474992855493e+01,4.334606462528438620e+00
3.320663046584738254e+01,5.000843997699385923e+00
3.322663618176622435e+01,4.861104807203338041e+00
3.324664189768505196e+01,4.461217107596485931e+00
3.326664761360388667e+01,4.679278188321905674e+00
3.328665332952272138e+01,4.268145734662118329e+00
3.330665904544155609e+01,4.254274950708907710e+00
3.332666476136039080e+01,4.509408153849221002e+00
3.334667047727922551e+01,4.829943903286376461e+00
3.336667619319806022e+01,4.300549929899585955e+00
3.338668190911688782e+01,4.481373438112361995e+00
3.340668762503572964e+01,4.051703980417530992e+00
3.342669334095455724e+01,4.121658592560221379e+00
3.344669905687339195e+01,3.943689750840423613e+00
3.346670477279222666e+01,4.710482021675625575e+00
3.348671048871106137e+01,3.363732975174712259e+00
3.350671620462989608e+01,3.989928537694031885e+00
3.352672192054873079e+01,3.801228525466143093e+00
3.354672763646756550e+01,4.517326842091646810e+00
3.356673335238639311e+01,3.823736779541913045e+00
3.358673906830523492e+01,3.944250873693686543e+00
3.360674478422406253e+01,4.722946360190992010e+00
3.362675050014290434e+01,4.622821321633978187e+00
3.364675621606173195e+01,3.788365992145525052e+00
3.366676193198056666e+01,3.479392737209178410e+00
3.368676764789940137e+01,3.273417585332756730e+00
3.370677336381823608e+01,4.097244995963156278e+00
3.372677907973707079e+01,4.800393291008242969e+00
3.374678479565589839e+01,4.353672364060558131e+00
3.376679051157474021e+01,4.146526964740870014e+00
3.378679622749356781e+01,4.321007953593725581e+00
3.380680194341240963e+01,4.193044736318229937e+00
3.382680765933123723e+01,4.127314627549988124e+00
3.384681337525007194e+01,3.871068465976531314e+00
3.386681909116890665e+01,3.608804489260603710e+00
3.388682480708774136e+01,4.175230701776888154e+00
3.390683052300657607e+01,3.898327161071730718e+00
3.392683623892540368e+01,3.722376350088707930e+00
3.394684195484424549e+01,4.132440955516167413e+00
3.396684767076307310e+01,4.248121215841875298e+00
3.398685338668191491e+01,3.534075415191654024e+00
3.400685910260074252e+01,4.269976608468118329e+00
3.402686481851957723e+01,3.815652287096312545e+00
3.404687053443841194e+01,4.240646517422784534e+00
3.406687625035724665e+01,3.774926522134617546e+00
3.408688196627608136e+01,4.466100031889957300e+00
3.410688768219490896e+01,4.652675648441480405e+00
3.412689339811375078e+01,3.681392897433545031e+00
3.414689911403257838e+01,4.621885381234646317e+00
3.416690482995142020e+01,4.213650778948466957e+00
3.418691054587024780e+01,4.130221812107587986e+00
3.420691626178908251e+01,3.557709327787073939e+00
3.422692197770791722e+01,4.558974658350896547e+00
3.424692769362675193e+01,3.699546220375625083e+00
3.426693340954558664e+01,4.505448409495203421e+00
3.428693912546442135e+01,4.686111552227072430e+00
3.430694484138325606e+01,4.629923378598924444e+00
3.432695055730208367e+01,4.852956534801109001e+00
3.434695627322092548e+01,3.705570576582059239e+00
3.436696198913975309e+01,4.099321822277731897e+00
3.438696770505858780e+01,4.891245525948045625e+00
3.440697342097742251e+01,3.647904543494470797e+00
3.442697913689625722e+01,4.901323747245141860e+00
3.444698485281509193e+01,4.299763349948485747e+00
3.446699056873392664e+01,4.636190318107425767e+00
3.448699628465276135e+01,4.255152783976924979e+00
3.450700200057158895e+01,4.605534224895891704e+00
3.452700771649043077e+01,4.548687377628912287e+00
3.454701343240925837e+01,4.647253321924903702e+00
3.456701914832810019e+01,4.910082091729124798e+00
3.458702486424692779e+01,3.809351653047308162e+00
3.460703058016576250e+01,4.907763529982299033e+00
3.462703629608459721e+01,4.518240578269915986e+00
3.464704201200343192e+01,4.428840530123676622e+00
3.466704772792226663e+01,3.755966008517837906e+00
3.468705344384109424e+01,4.073442987205472932e+00
3.470705915975993605e+01,4.138873886467393071e+00
3.472706487567876366e+01,4.814137191412990902e+00
3.474707059159760547e+01,4.078947592404945865e+00
3.476707630751643308e+01,3.588768656367758325e+00
3.478708202343526779e+01,3.399086160683848057e+00
3.480708773935410250e+01,4.653415241851798001e+00
3.482709345527293721e+01,3.956615850915891741e+00
3.484709917119177192e+01,3.933330254845903706e+00
3.486710488711059952e+01,4.349282713888044327e+00
3.488711060302944134e+01,3.693516000952793199e+00
3.490711631894826894e+01,4.567533878287227900e+00
3.492712203486711076e+01,3.308025302509152166e+00
3.494712775078593836e+01,3.640174222496352030e+00
3.496713346670477307e+01,3.411797874419621124e+00
3.498713918262360778e+01,3.424847156717183427e+00
3.500714489854244249e+01,4.299204350682523490e+00
3.502715061446127720e+01,3.541624587303125793e+00
3.504715633038010481e+01,3.616723712053998341e+00
3.506716204629894662e+01,3.519198254906389600e+00
3.508716776221777423e+01,2.774742319459754469e+00
3.510717347813661604e+01,3.833523229235599850e+00
3.512717919405544365e+01,2.793975469180813853e+00
3.514718490997427836e+01,3.861116785196654355e+00
3.516719062589311307e+01,3.874410019114024273e+00
3.518719634181194778e+01,2.936477811676028615e+00
3.520720205773078249e+01,3.215769418242690580e+00
3.522720777364961720e+01,3.758595828898332769e+00
3.524721348956845191e+01,3.861623851970252819e+00
3.526721920548727951e+01,4.349758912141381550e+00
3.528722492140612133e+01,4.014095134992043512e+00
3.530723063732494893e+01,3.677014306584700520e+00
3.532723635324378364e+01,3.288271493454654415e+00
3.534724206916261835e+01,3.576041563095683884e+00
3.536724778508145306e+01,3.956294397695230280e+00
3.538725350100028777e+01,3.504974149965597086e+00
3.540725921691912248e+01,2.846236167960118024e+00
3.542726493283795719e+01,2.802687958674717095e+00
3.544727064875678479e+01,3.013937626256607771e+00
3.546727636467562661e+01,2.994014258477832424e+00
3.548728208059445421e+01,3.766222597181593468e+00
3.550728779651329603e+01,3.072288384588961918e+00
3.552729351243212363e+01,3.376600084382460398e+00
3.554729922835095834e+01,4.175230119527232553e+00
3.556730494426979305e+01,3.163572823032882120e+00
3.558731066018862776e+01,3.596551928808341181e+00
3.560731637610746247e+01,3.582745529061315715e+00
3.562732209202629008e+01,3.548703343149107958e+00
3.564732780794513189e+01,3.415396045017707216e+00
3.566733352386395950e+01,2.609131099811327292e+00
3.568733923978280131e+01,3.532229093207282844e+00
3.570734495570162892e+01,2.607794489032696728e+00
3.572735067162046363e+01,3.393591059235744556e+00
3.574735638753929834e+01,3.318802622797657254e+00
3.576736210345813305e+01,3.733788918712326321e+00
3.578736781937696776e+01,3.536073543926928853e+00
3.580737353529579536e+01,3.586821308976212208e+00
3.582737925121463718e+01,3.755300938222013940e+00
3.584738496713346478e+01,4.128004116349824670e+00
3.586739068305230660e+01,3.829929242640373488e+00
3.588739639897113420e+01,3.206461607871752495e+00
3.590740211488996891e+01,3.339689632327914826e+00
3.592740783080880362e+01,2.702868690710174437e+00
3.594741354672763833e+01,2.892915857494048115e+00
3.596741926264647304e+01,3.496647580595404037e+00
3.598742497856530065e+01,4.110488351549551389e+00
3.600743069448414246e+01,4.060565416260344840e+00
3.602743641040297007e+01,3.259682692217253042e+00
3.604744212632181188e+01,4.046088472937797498e+00
3.606744784224063949e+01,3.703602338650664905e+00
3.608745355815947420e+01,3.255752765034606533e+00
3.610745927407830891e+01,3.586628565077249586e+00
3.612746498999714362e+01,3.633230873702203656e+00
3.614747070591597833e+01,3.297651144525110212e+00
3.616747642183481304e+01,3.502622878509907167e+00
3.618748213775364775e+01,3.529846435933062132e+00
3.620748785367247535e+01,3.989705755035102719e+00
3.622749356959131717e+01,3.278690959049866294e+00
3.624749928551014477e+01,3.676517948835218430e+00
3.626750500142897948e+01,3.444145378280684344e+00
3.628751071734781419e+01,3.783325218437007642e+00
3.630751643326664890e+01,2.849613245742670387e+00
3.632752214918548361e+01,3.068265014941884861e+00
3.634752786510431832e+01,3.374764739341860942e+00
3.636753358102315303e+01,3.791841856287261336e+00
3.638753929694198064e+01,3.902315088045061664e+00
3.640754501286082245e+01,4.046597200046389453e+00
3.642755072877965006e+01,4.291234637688527087e+00
3.644755644469849187e+01,3.159025055902636048e+00
3.646756216061731948e+01,4.151605878430133068e+00
3.648756787653615419e+01,3.081328278344696692e+00
3.650757359245498890e+01,2.967698499066506734e+00
3.652757930837382361e+01,3.635380849996682429e+00
3.654758502429265832e+01,2.511139800574131442e+00
3.656759074021148592e+01,3.617289340510361217e+00
3.658759645613032774e+01,3.157644226786634256e+00
3.660760217204915534e+01,3.456286406260706379e+00
3.662760788796799716e+01,3.875340369956092879e+00
3.664761360388682476e+01,3.031151415747750377e+00
3.666761931980565947e+01,3.180617424322361053e+00
3.668762503572449418e+01,3.340336106031427832e+00
3.670763075164332889e+01,2.927417548160359040e+00
3.672763646756216360e+01,3.451294643195794709e+00
3.674764218348099121e+01,3.208357852600834725e+00
3.676764789939983302e+01,3.638108066459598611e+00
3.678765361531866063e+01,2.645170969535463712e+00
3.680765933123750244e+01,3.667015830452433178e+00
3.682766504715633005e+01,2.835348789095674338e+00
3.684767076307516476e+01,3.721859578012381320e+00
3.686767647899399947e+01,4.213296152326707400e+00
3.688768219491283418e+01,2.961499448309373950e+00
3.690768791083166889e+01,2.837307040473791009e+00
3.692769362675049649e+01,3.441653325714661094e+00
3.694769934266933831e+01,2.766468076325962588e+00
3.696770505858816591e+01,3.286014939762539999e+00
3.698771077450700773e+01,3.354816025197300267e+00
3.700771649042583533e+01,3.910625952879844824e+00
3.702772220634467004e+01,3.732085226601544736e+00
3.704772792226350475e+01,3.201124880047041543e+00
3.706773363818233946e+01,3.681973688049217319e+00
3.708773935410117417e+01,3.320498260688905301e+00
3.710774507002000888e+01,3.144663277975511040e+00
3.712775078593884359e+01,3.329016369280834553e+00
3.714775650185767120e+01,3.795106029162072403e+00
3.716776221777651301e+01,3.353400338145436699e+00
3.718776793369534062e+01,4.129804558964660366e+00
3.720777364961417533e+01,3.206033053645702680e+00
3.722777936553301004e+01,2.835357123190481055e+00
3.724778508145184475e+01,3.073308412113530341e+00
3.726779079737067946e+01,3.836288377467891308e+00
3.728779651328951417e+01,2.955791430885003734e+00
3.730780222920834888e+01,3.797146734125277590e+00
3.732780794512717648e+01,3.360979194670687953e+00
3.734781366104601830e+01,4.033856657365806342e+00
3.736781937696484590e+01,3.306925990995638553e+00
3.738782509288368772e+01,4.155041552812427597e+00
3.740783080880251532e+01,3.303345468530719309e+00
3.742783652472135003e+01,3.523988360571833844e+00
3.744784224064018474e+01,3.157254347142465445e+00
3.746784795655901945e+01,3.252800348039136313e+00
3.748785367247785416e+01,3.105144513764108272e+00
3.750785938839668177e+01,3.403240515010133471e+00
3.752786510431552358e+01,3.866876535867849629e+00
3.754787082023435119e+01,3.651291244198629826e+00
3.756787653615319300e+01,3.551098925017726948e+00
3.758788225207202061e+01,2.966561205207447482e+00
3.760788796799085532e+01,3.334223048220055219e+00
3.762789368390969003e+01,3.308198193962825329e+00
3.764789939982852474e+01,3.687108154022888939e+00
3.766790511574735945e+01,3.431308855942087011e+00
3.768791083166618705e+01,3.396619182629694311e+00
3.770791654758502887e+01,3.628735619051665751e+00
3.772792226350385647e+01,3.657691468573738280e+00
3.774792797942269829e+01,2.888682826032900497e+00
3.776793369534152589e+01,4.028809901926721615e+00
3.778793941126036060e+01,4.606592531399611445e+00
3.780794512717919531e+01,4.277567626338480089e+00
3.782795084309803002e+01,3.687941017800389965e+00
3.784795655901686473e+01,4.326522804490039675e+00
3.786796227493569234e+01,3.367014289438231334e+00
3.788796799085453415e+01,3.533683559101115534e+00
3.790797370677336176e+01,3.193187378571810342e+00
3.792797942269220357e+01,3.779565939576706946e+00
3.794798513861103118e+01,4.301790076462996382e+00
3.796799085452986589e+01,4.392970640276687710e+00
3.798799657044870060e+01,4.003230196830852350e+00
3.800800228636753531e+01,3.390021985714366082e+00
3.802800800228637002e+01,3.734573326717144148e+00
3.804801371820520473e+01,4.211541359058118772e+00
3.806801943412403944e+01,3.868806985651246588e+00
3.808802515004286704e+01,3.925630692815657685e+00
3.810803086596170886e+01,4.223376383046931082e+00
3.812803658188053646e+01,4.462648102535178296e+00
3.814804229779937117e+01,4.235666681025109348e+00
3.816804801371820588e+01,4.407072837363274154e+00
3.818805372963704059e+01,4.082599422972545966e+00
3.820805944555587530e+01,4.121477191080955116e+00
3.822806516147471001e+01,4.305904258587651690e+00
3.824807087739354472e+01,4.503209596172740525e+00
3.826807659331237232e+01,4.172954773042959253e+00
3.828808230923121414e+01,4.358122720044248055e+00
3.830808802515004174e+01,4.354327015122777311e+00
3.832809374106888356e+01,4.112243379235916763e+00
3.834809945698771116e+01,4.665612480943417850e+00
3.836810517290654587e+01,4.546681003909887053e+00
3.838811088882538058e+01,4.560341288865130238e+00
3.840811660474421529e+01,4.728996430489909031e+00
3.842812232066305000e+01,3.918057441217363213e+00
3.844812803658187761e+01,4.262730492712162977e+00
3.846813375250071942e+01,3.762666802567856905e+00
3.848813946841954703e+01,3.161430332414792765e+00
3.850814518433838884e+01,4.007338068727600344e+00
3.852815090025721645e+01,3.521832112709036178e+00
3.854815661617605116e+01,4.153714402684823170e+00
3.856816233209488587e+01,3.880608257474862377e+00
3.858816804801372058e+01,2.957596296650598866e+00
3.860817376393255529e+01,3.520872316002129576e+00
3.862817947985138289e+01,4.626031754860666645e+00
3.864818519577022471e+01,4.292525205182897707e+00
3.866819091168905231e+01,3.151728743123170418e+00
3.868819662760789413e+01,3.955940695815970187e+00
3.870820234352672173e+01,4.189278068684165746e+00
3.872820805944555644e+01,3.741595068480696895e+00
3.874821377536439115e+01,3.277216254179367461e+00
3.876821949128322586e+01,3.586808356477738435e+00
3.878822520720206057e+01,3.688836518215853566e+00
3.880823092312088818e+01,4.163803115062188809e+00
3.882823663903972999e+01,2.730765116250366553e+00
3.884824235495855760e+01,3.297250761875645253e+00
3.886824807087739941e+01,3.871452912886888420e+00
3.888825378679622702e+01,3.166947845322611421e+00
3.890825950271506173e+01,3.536581022255642193e+00
3.892826521863389644e+01,3.775773911296526286e+00
3.894827093455273115e+01,3.570253461992012767e+00
3.896827665047156586e+01,4.177030979192129401e+00
3.898828236639040057e+01,3.399848696899700595e+00
3.900828808230923528e+01,3.896050382536528467e+00
3.902829379822806288e+01,4.005966665440340968e+00
3.904829951414690470e+01,4.075961762163274216e+00
3.906830523006573230e+01,3.495257768213597682e+00
3.908831094598456701e+01,4.814458965330591589e+00
3.910831666190340172e+01,4.277056396070124222e+00
3.912832237782223643e+01,4.322725100943169529e+00
3.914832809374107114e+01,3.396493327386762129e+00
3.916833380965990585e+01,3.658164977836697584e+00
3.918833952557874056e+01,4.670534103262363956e+00
3.920834524149756817e+01,3.898526351070040086e+00
3.922835095741640998e+01,2.980506679710034579e+00
3.924835667333523759e+01,4.665317368165688094e+00
3.926836238925407940e+01,5.171365184148907446e+00
3.928836810517290701e+01,5.700950641448067735e+00
3.930837382109174172e+01,3.766697919111195336e+00
3.932837953701057643e+01,6.383189683582715546e+00
3.934838525292941114e+01,6.644654799510544052e+00
3.936839096884824585e+01,6.336571122790066291e+00
3.938839668476707345e+01,3.117369267345683870e+00
3.940840240068591527e+01,7.212639255194590149e+00
3.942840811660474287e+01,7.091289854425292916e+00
3.944841383252358469e+01,7.553927732515147042e+00
3.946841954844241229e+01,3.222771828507024594e+00
3.948842526436124700e+01,8.813180234416780223e+00
3.950843098028008171e+01,9.454592680999255094e+00
3.952843669619891642e+01,8.726761250907218326e+00
3.954844241211775113e+01,3.097117123296912133e+00
3.956844812803657874e+01,1.024508492696933537e+01
3.958845384395542055e+01,1.074167799667566925e+01
3.960845955987424816e+01,1.223332390555551008e+01
3.962846527579308997e+01,3.578736087763451756e+00
3.964847099171191758e+01,1.362769634448221723e+01
3.966847670763075229e+01,1.359839326863386511e+01
3.968848242354958700e+01,1.423663072228524840e+01
3.970848813946842171e+01,3.041152015096334704e+00
3.972849385538725642e+01,1.424966502504843646e+01
3.974849957130608402e+01,1.486251778336929164e+01
3.976850528722492584e+01,1.512375905876279703e+01
3.978851100314375344e+01,4.096648777069235692e+00
3.980851671906259526e+01,1.626503335219011603e+01
3.982852243498142286e+01,1.501771766490679383e+01
3.984852815090025757e+01,1.538875555369923021e+01
3.986853386681909228e+01,3.877837503686840659e+00
3.988853958273792699e+01,1.447346609630223035e+01
3.990854529865676170e+01,1.356636324881247546e+01
3.992855101457559641e+01,1.354766169260504860e+01
3.994855673049443112e+01,3.180794621538862277e+00
3.996856244641325873e+01,1.302699314037612410e+01
3.998856816233210054e+01,1.143375749179793743e+01
4.000857387825092815e+01,1.101137062489072349e+01
4.002857959416976286e+01,3.033803935144927078e+00
4.004858531008859757e+01,8.741925586653925606e+00
4.006859102600743228e+01,8.532505519393042803e+00
4.008859674192626699e+01,8.572648793694378710e+00
4.010860245784510170e+01,2.781033963537697051e+00
4.012860817376393641e+01,6.506078640847393402e+00
4.014861388968276401e+01,5.962423972374756964e+00
4.016861960560160583e+01,5.514828682079307320e+00
4.018862532152043343e+01,3.420816729496917397e+00
4.020863103743927525e+01,4.977666617333062149e+00
4.022863675335810285e+01,4.852850700752310509e+00
4.024864246927693756e+01,5.689713090113851734e+00
4.026864818519577227e+01,3.831712411695137099e+00
4.028865390111460698e+01,4.513631164167863474e+00
4.030865961703344169e+01,4.428808891312757012e+00
4.032866533295226930e+01,4.751625078174535943e+00
4.034867104887111111e+01,3.249021479722466577e+00
4.036867676478993872e+01,4.838262721501832786e+00
4.038868248070878053e+01,3.373769512716720431e+00
4.040868819662760814e+01,4.057699855164591085e+00
4.042869391254644285e+01,3.646229919077366599e+00
4.044869962846527756e+01,3.839027378712489558e+00
4.046870534438411227e+01,4.415404704003906389e+00
4.048871106030294698e+01,3.171949122426982015e+00
4.050871677622177458e+01,3.157378077237199321e+00
4.052872249214061640e+01,4.432974425067711444e+00
4.054872820805944400e+01,4.410495943243192940e+00
4.056873392397828582e+01,3.768773808494539246e+00
4.058873963989711342e+01,3.626349755268984509e+00
4.060874535581594813e+01,3.985913432458443317e+00
4.062875107173478284e+01,3.325770467296016886e+00
4.064875678765361755e+01,3.032021070797688900e+00
4.066876250357245226e+01,3.885803473161943078e+00
4.068876821949127986e+01,3.597954841590848218e+00
4.070877393541012168e+01,3.720076620407351875e+00
4.072877965132894929e+01,3.732899291837821210e+00
4.074878536724779110e+01,3.306587649007332264e+00
4.076879108316661871e+01,3.803040726930811744e+00
4.078879679908545342e+01,3.711126044506366739e+00
4.080880251500428813e+01,4.360026561023127911e+00
4.082880823092312284e+01,2.936991827833707713e+00
4.084881394684195755e+01,3.407792700154897769e+00
4.086881966276079226e+01,3.049677941247233015e+00
4.088882537867962697e+01,3.574561131381415624e+00
4.090883109459845457e+01,3.460764259152607547e+00
4.092883681051729639e+01,3.776778270535408488e+00
4.094884252643612399e+01,4.178661368995152614e+00
4.096884824235495870e+01,3.713559682745541934e+00
4.098885395827379341e+01,4.309279665203240128e+00
4.100885967419262812e+01,3.040470631825859193e+00
4.102886539011146283e+01,4.191319752186884351e+00
4.104887110603029754e+01,3.526852737099853918e+00
4.106887682194913225e+01,3.405479475845035076e+00
4.108888253786795985e+01,3.543621196769287884e+00
4.110888825378680167e+01,3.692288412290427146e+00
4.112889396970562927e+01,3.570154444823990580e+00
4.114889968562447109e+01,4.200209218838598879e+00
4.116890540154329869e+01,3.587553595139131524e+00
4.118891111746213340e+01,3.617963317977703319e+00
4.120891683338096811e+01,3.773508904490181504e+00
4.122892254929980282e+01,3.933854655306454173e+00
4.124892826521863753e+01,3.946019303918994137e+00
4.126893398113746514e+01,3.797262625225735544e+00
4.128893969705630695e+01,3.564214606952496922e+00
4.130894541297513456e+01,4.049355543961310033e+00
4.132895112889397637e+01,3.139723675214121990e+00
4.134895684481280398e+01,4.118566692922116523e+00
4.136896256073163869e+01,4.595684716723133612e+00
4.138896827665047340e+01,3.240914413468507504e+00
4.140897399256930811e+01,3.281578489800756948e+00
4.142897970848814282e+01,3.784118743672347129e+00
4.144898542440697042e+01,4.382593289317807006e+00
4.146899114032581224e+01,4.238807188209736232e+00
4.148899685624463984e+01,4.212229399281305575e+00
4.150900257216348166e+01,4.336425931752380336e+00
4.152900828808230926e+01,3.924380824889535546e+00
4.154901400400114397e+01,3.796955578428216072e+00
4.156901971991997868e+01,3.930505878560165200e+00
4.158902543583881339e+01,3.424940234239965520e+00
4.160903115175764810e+01,3.985008006813953951e+00
4.162903686767647571e+01,2.962671174743812141e+00
4.164904258359531752e+01,4.148692178616168569e+00
4.166904829951414513e+01,4.389001121928568949e+00
4.168905401543298694e+01,3.911663935894373445e+00
4.170905973135181455e+01,3.088392854227893114e+00
4.172906544727064926e+01,4.067205759999862558e+00
4.174907116318948397e+01,3.249244126789027298e+00
4.176907687910831868e+01,4.254337108896566022e+00
4.178908259502715339e+01,3.597508067662058107e+00
4.180908831094598810e+01,3.097297179546928181e+00
4.182909402686482281e+01,2.961448117316978657e+00
4.184909974278365041e+01,2.754372386991669419e+00
4.186910545870249223e+01,3.442813419278118126e+00
4.188911117462131983e+01,4.020055151535259164e+00
4.190911689054015454e+01,3.961396762320952725e+00
4.192912260645898925e+01,3.376507836076948266e+00
4.194912832237782396e+01,3.689096276033336785e+00
4.196913403829665867e+01,3.213650019808658609e+00
4.198913975421549338e+01,3.060483758699565016e+00
4.200914547013432809e+01,3.449792892373541697e+00
4.202915118605316280e+01,3.658220540661869080e+00
4.204915690197199041e+01,3.445942954512262624e+00
4.206916261789082512e+01,3.733664173169273681e+00
4.208916833380965983e+01,4.223651536660751660e+00
4.210917404972849454e+01,2.878836740666176564e+00
4.212917976564732925e+01,3.825564821851012542e+00
4.214918548156616396e+01,3.192011807860587691e+00
4.216919119748499867e+01,3.214146505006704846e+00
4.218919691340383338e+01,4.071771843315686645e+00
4.220920262932266809e+01,2.964297872242827925e+00
4.222920834524150280e+01,4.356878277145742828e+00
4.224921406116033040e+01,3.301885543368433318e+00
4.226921977707916511e+01,3.265303212121323018e+00
4.228922549299799982e+01,2.862703717498240152e+00
4.230923120891683453e+01,3.827525518677882488e+00
4.232923692483566924e+01,3.991821787744522787e+00
4.234924264075450395e+01,3.646880937086454555e+00
4.236924835667333866e+01,3.607831878477275378e+00
4.238925407259217337e+01,2.922938713523546728e+00
4.240925978851100808e+01,3.483149232787617677e+00
4.242926550442983569e+01,3.426429133450098696e+00
4.244927122034867040e+01,3.677108753277818831e+00
4.246927693626750511e+01,3.165068453380155855e+00
4.248928265218633982e+01,3.593488260356844322e+00
4.250928836810517453e+01,2.696616457180688986e+00
4.252929408402400924e+01,3.684905255621718556e+00
4.254929979994284395e+01,3.724707770416647357e+00
4.256930551586167866e+01,3.401936194299941540e+00
4.258931123178051337e+01,2.700021513447195431e+00
4.260931694769934097e+01,3.759533863237840556e+00
4.262932266361817568e+01,3.391951450626111253e+00
4.264932837953701039e+01,3.030989387340365493e+00
4.266933409545584510e+01,2.995656051438883694e+00
4.268933981137467981e+01,3.435646538373017478e+00
4.270934552729351452e+01,3.425710786964208943e+00
4.272935124321234923e+01,3.458323477222307485e+00
4.274935695913118394e+01,2.939850399222598831e+00
4.276936267505001865e+01,3.432724657482334685e+00
4.278936839096885336e+01,4.418897127780349265e+00
4.280937410688768097e+01,3.258469660090040243e+00
4.282937982280651568e+01,3.477825954117017115e+00
4.284938553872535039e+01,3.707994473101964061e+00
4.286939125464418510e+01,3.691472293682290129e+00
4.288939697056301981e+01,3.418747794539005458e+00
4.290940268648185452e+01,3.448683413138629472e+00
4.292940840240068923e+01,3.301463942577888666e+00
4.294941411831952394e+01,3.558244926329551028e+00
4.296941983423835865e+01,3.314201019988308516e+00
4.298942555015718625e+01,3.740126631215568764e+00
4.300943126607602096e+01,3.734033393052379246e+00
4.302943698199485567e+01,3.657242113736729028e+00
4.304944269791369038e+01,3.673548972009772040e+00
4.306944841383252509e+01,3.909926964789277370e+00
4.308945412975135980e+01,4.048891918714451421e+00
4.310945984567019451e+01,3.877400673687375843e+00
4.312946556158902922e+01,4.302902221156684526e+00
4.314947127750786393e+01,3.151278408381147145e+00
4.316947699342669864e+01,3.949294276459855091e+00
4.318948270934552625e+01,3.443948391645183182e+00
4.320948842526436096e+01,3.867620797616197148e+00
4.322949414118319567e+01,3.793540760865879324e+00
4.324949985710203038e+01,3.720941945391641248e+00
4.326950557302086509e+01,4.150847643771197859e+00
4.328951128893969980e+01,3.809997569171233334e+00
4.330951700485853451e+01,4.302441013147639381e+00
4.332952272077736922e+01,3.757503626251522455e+00
4.334952843669620393e+01,4.126929504796691184e+00
4.336953415261503153e+01,3.758292338513586905e+00
4.338953986853386624e+01,4.448074580809374901e+00
4.340954558445270095e+01,3.914845351136482687e+00
4.342955130037153566e+01,3.742087220254279867e+00
4.344955701629037037e+01,4.064548468891039157e+00
4.346956273220920508e+01,4.740773163447070893e+00
4.348956844812803979e+01,4.436247111880178728e+00
4.350957416404687450e+01,5.017612450854259443e+00
4.352957987996570921e+01,5.125811989348360243e+00
4.354958559588453681e+01,5.210441022927286170e+00
4.356959131180337153e+01,5.443231064068897673e+00
4.358959702772220624e+01,5.449640319437993874e+00
4.360960274364104095e+01,6.276356658548906786e+00
4.362960845955987566e+01,6.194327186551863207e+00
4.364961417547871037e+01,7.174220156859173692e+00
4.366961989139754508e+01,8.154013018959950898e+00
4.368962560731637979e+01,7.349809043688664723e+00
4.370963132323521450e+01,7.889822447685546081e+00
4.372963703915404921e+01,8.557341709279953079e+00
4.374964275507287681e+01,9.376362486931846263e+00
4.376964847099171152e+01,1.051592046096805610e+01
4.378965418691054623e+01,1.046252312396105211e+01
4.380965990282938094e+01,1.185572819302512393e+01
4.382966561874821565e+01,1.157397703017438673e+01
4.384967133466705036e+01,1.243400727566419661e+01
4.386967705058588507e+01,1.320840305195743447e+01
4.388968276650471978e+01,1.353704197102653772e+01
4.390968848242355449e+01,1.439783189921495499e+01
4.392969419834238209e+01,1.448686010018614034e+01
4.394969991426121680e+01,1.562342520070128060e+01
4.396970563018005151e+01,1.561840239966817023e+01
4.398971134609888622e+01,1.601395104754449505e+01
4.400971706201772093e+01,1.549577161126655866e+01
4.402972277793655564e+01,1.484703629414034332e+01
4.404972849385539035e+01,1.497969041248118316e+01
4.406973420977422506e+01,1.475354466117986085e+01
4.408973992569305977e+01,1.447329555654087940e+01
4.410974564161189448e+01,1.327677577603181902e+01
4.412975135753072209e+01,1.261861930676148980e+01
4.414975707344955680e+01,1.225653600053821890e+01
4.416976278936839151e+01,1.067907501013075766e+01
4.418976850528722622e+01,1.068136562026862890e+01
4.420977422120606093e+01,9.746866227873274724e+00
4.422977993712489564e+01,8.028387072233568844e+00
4.424978565304373035e+01,7.767189588360628782e+00
4.426979136896256506e+01,6.927877437175501640e+00
4.428979708488139977e+01,6.826069155967512181e+00
4.430980280080022737e+01,6.293234695321795691e+00
4.432980851671906208e+01,5.759608010151281654e+00
4.434981423263789679e+01,5.701989231301577199e+00
4.436981994855673150e+01,5.510757777317751405e+00
4.438982566447556621e+01,5.583554597319785984e+00
4.440983138039440092e+01,5.307478573073016292e+00
4.442983709631323563e+01,4.157261143861962438e+00
4.444984281223207034e+01,4.252732914002002929e+00
4.446984852815090505e+01,4.115051662225070572e+00
4.448985424406973266e+01,4.054959118897476067e+00
4.450985995998856737e+01,4.707002749024969290e+00
4.452986567590740208e+01,4.112860768550808288e+00
4.454987139182623679e+01,4.850490617142438232e+00
4.456987710774507150e+01,3.782682168878843676e+00
4.458988282366390621e+01,4.097677153443963327e+00
4.460988853958274092e+01,4.734943477938404754e+00
4.462989425550157563e+01,4.172073508436166200e+00
4.464989997142041034e+01,4.035790594977464174e+00
4.466990568733924505e+01,3.972084422744739385e+00
4.468991140325807265e+01,4.267904209395167570e+00
4.470991711917690736e+01,3.986340873638090976e+00
4.472992283509574207e+01,3.998582871844934772e+00
4.474992855101457678e+01,3.541534319784251039e+00
4.476993426693341149e+01,3.726674804771491711e+00
4.478993998285224620e+01,3.432754197882304403e+00
4.480994569877108091e+01,3.814608477334294978e+00
4.482995141468991562e+01,3.786491696179251853e+00
4.484995713060875033e+01,4.152138335655481960e+00
4.486996284652757794e+01,4.433870430386864570e+00
4.488996856244641265e+01,4.168802264170955674e+00
4.490997427836524736e+01,3.755884866861025184e+00
4.492997999428408207e+01,4.649388631384294257e+00
4.494998571020291678e+01,3.290717009917909497e+00
4.496999142612175149e+01,3.407484178339233782e+00
4.498999714204058620e+01,3.704841207488740906e+00
4.501000285795942091e+01,4.280583334105338089e+00
4.503000857387825562e+01,4.423081804868101763e+00
4.505001428979709033e+01,4.194080165542271033e+00
4.507002000571591793e+01,3.882282220910503678e+00
4.509002572163475264e+01,4.284367392262194763e+00
4.511003143755358735e+01,4.917382123876516076e+00
4.513003715347242206e+01,5.374010285546701127e+00
4.515004286939125677e+01,5.013568018544543925e+00
4.517004858531009148e+01,5.073065823454640189e+00
4.519005430122892619e+01,5.181409689306644140e+00
4.521006001714776090e+01,5.158767837654874455e+00
4.523006573306659561e+01,4.998843340181429618e+00
4.525007144898542322e+01,5.961626606302522724e+00
4.527007716490425793e+01,6.277817216776059972e+00
4.529008288082309264e+01,7.021357354569396136e+00
4.531008859674192735e+01,6.362862847223603957e+00
4.533009431266076206e+01,7.426152534882044520e+00
4.535010002857959677e+01,7.624230973494039887e+00
4.537010574449843148e+01,7.139442906572988967e+00
4.539011146041726619e+01,7.779391644539757955e+00
4.541011717633610090e+01,8.390881330294643448e+00
4.543012289225492850e+01,8.554457878669277093e+00
4.545012860817376321e+01,8.560292028918144780e+00
4.547013432409259792e+01,8.785661434768497813e+00
4.549014004001143263e+01,8.509509086380216303e+00
4.551014575593026734e+01,9.353789426958570630e+00
4.553015147184910205e+01,9.779832132455734239e+00
4.555015718776793676e+01,9.753907504147443674e+00
4.557016290368677147e+01,9.772997519027370572e+00
4.559016861960560618e+01,9.305746801924760447e+00
4.561017433552444089e+01,9.388691045288140913e+00
4.563018005144326850e+01,9.629549613091331395e+00
4.565018576736210321e+01,9.159197812056573795e+00
4.567019148328093792e+01,8.571292766297240462e+00
4.569019719919977263e+01,8.035116683619268230e+00
4.571020291511860734e+01,8.391680957494664028e+00
4.573020863103744205e+01,7.933347990265611216e+00
4.575021434695627676e+01,7.892356135635408165e+00
4.577022006287511147e+01,7.107338016527796398e+00
4.579022577879394618e+01,7.455683101417807990e+00
4.581023149471277378e+01,6.922311128504352595e+00
4.583023721063160849e+01,7.747629785236314959e+00
4.585024292655044320e+01,7.513786439601006784e+00
4.587024864246927791e+01,7.875416613473944949e+00
4.589025435838811262e+01,7.576095525432576139e+00
4.591026007430694733e+01,8.378699417100669677e+00
4.593026579022578204e+01,8.798014942267350591e+00
4.595027150614461675e+01,9.742863837715901809e+00
4.597027722206345146e+01,9.940097422554394768e+00
4.599028293798228617e+01,1.039128776741343074e+01
4.601028865390111378e+01,1.095200531527227916e+01
4.603029436981994849e+01,1.187854380830810541e+01
4.605030008573878320e+01,1.204731980367842858e+01
4.607030580165761791e+01,1.339792996279556547e+01
4.609031151757645262e+01,1.368779120357062595e+01
4.611031723349528733e+01,1.478950994168496003e+01
4.613032294941412204e+01,1.567465123847670583e+01
4.615032866533295675e+01,1.597785148651017906e+01
4.617033438125179146e+01,1.697547858474406723e+01
4.619034009717061906e+01,1.745653890971063049e+01
4.621034581308945377e+01,1.813324979198564790e+01
4.623035152900828848e+01,1.844972709199130634e+01
4.625035724492712319e+01,1.858861434343766561e+01
4.627036296084595790e+01,1.952467014493404562e+01
4.629036867676479261e+01,1.966096961326270787e+01
4.631037439268362732e+01,1.884956941545838660e+01
4.633038010860246203e+01,1.916641668324052716e+01
4.635038582452129674e+01,1.857370045453800600e+01
4.637039154044012434e+01,1.896871301523032471e+01
4.639039725635895905e+01,1.865526903143075543e+01
4.641040297227779376e+01,1.794155539917751696e+01
4.643040868819662847e+01,1.721248942858769126e+01
4.645041440411546319e+01,1.689241897069741327e+01
4.647042012003429790e+01,1.633394630004202241e+01
4.649042583595313261e+01,1.508251973461559459e+01
4.651043155187196732e+01,1.559098091995904234e+01
4.653043726779080203e+01,1.464449428065827696e+01
4.655044298370963674e+01,1.392720538875809666e+01
4.657044869962846434e+01,1.349528763863256131e+01
4.659045441554729905e+01,1.284320913125889163e+01
4.661046013146613376e+01,1.266815696190881724e+01
4.663046584738496847e+01,1.149256920653456504e+01
4.665047156330380318e+01,1.179754410948228838e+01
4.667047727922263789e+01,1.130342506669684255e+01
4.669048299514147260e+01,9.664003855462169668e+00
4.671048871106030731e+01,8.969257960906066529e+00
4.673049442697914202e+01,8.614662914654864778e+00
4.675050014289796962e+01,8.104175898286694490e+00
4.677050585881680433e+01,7.916134869281917119e+00
4.679051157473563904e+01,7.545783968184897716e+00
4.681051729065447375e+01,6.947767390903992535e+00
4.683052300657330846e+01,6.844591762921027112e+00
4.685052872249214317e+01,5.783655231001691988e+00
4.687053443841097788e+01,5.765853330996149495e+00
4.689054015432981259e+01,5.475339475005233325e+00
4.691054587024864730e+01,6.159456378451064751e+00
4.693055158616748201e+01,5.177406797512045245e+00
4.695055730208630962e+01,4.921599657872997469e+00
4.697056301800514433e+01,4.816950507940747528e+00
4.699056873392397904e+01,4.762217625990022185e+00
4.701057444984281375e+01,4.380659668133649376e+00
4.703058016576164846e+01,4.850397246691040110e+00
4.705058588168048317e+01,4.692755656406134790e+00
4.707059159759931788e+01,3.602938227183638986e+00
4.709059731351815259e+01,3.624539839000542329e+00
4.711060302943698730e+01,4.131154032595334868e+00
4.713060874535581490e+01,4.527734195664336880e+00
4.715061446127464961e+01,4.655926895722405590e+00
4.717062017719348432e+01,3.357896460613030598e+00
4.719062589311231903e+01,3.900430911706738613e+00
4.721063160903115374e+01,4.046990434897748123e+00
4.723063732494998845e+01,4.767126211682677805e+00
4.725064304086882316e+01,3.684733896494618133e+00
4.727064875678765787e+01,3.165345277977605676e+00
4.729065447270649258e+01,4.180360628082819829e+00
4.731066018862532019e+01,3.804695387541269902e+00
4.733066590454415490e+01,3.983884673845103030e+00
4.735067162046298961e+01,3.673533063517300690e+00
4.737067733638182432e+01,3.715870816624752937e+00
4.739068305230065903e+01,4.258353084896360663e+00
4.741068876821949374e+01,3.943896142574374153e+00
4.743069448413832845e+01,4.026424158426289424e+00
4.745070020005716316e+01,4.515452250042546467e+00
4.747070591597599787e+01,3.791838832879940391e+00
4.749071163189483258e+01,3.333363562617167375e+00
4.751071734781366018e+01,3.050687618070682117e+00
4.753072306373249489e+01,3.312566652282832980e+00
4.755072877965132960e+01,3.137226691930436573e+00
4.757073449557016431e+01,3.556790699622645491e+00
4.759074021148899902e+01,3.356864421757636663e+00
4.761074592740783373e+01,3.756102188714446122e+00
4.763075164332666844e+01,3.447137415205124178e+00
4.765075735924550315e+01,4.233634372034512872e+00
4.767076307516433786e+01,3.722022793481143843e+00
4.769076879108316547e+01,3.225612741730132349e+00
4.771077450700200018e+01,3.755084963572578260e+00
4.773078022292083489e+01,3.354389932214907333e+00
4.775078593883966960e+01,3.550871329140167454e+00
4.777079165475850431e+01,3.049173927699714071e+00
4.779079737067733902e+01,3.564150700738315081e+00
4.781080308659617373e+01,3.421789720540438839e+00
4.783080880251500844e+01,3.360990670169564432e+00
4.785081451843384315e+01,3.268951017814678117e+00
4.787082023435267075e+01,3.056661603250890202e+00
4.789082595027150546e+01,3.198918913900422822e+00
4.791083166619034017e+01,3.730639970425726037e+00
4.793083738210917488e+01,3.939141810618984163e+00
4.795084309802800959e+01,3.670864594882000453e+00
4.797084881394684430e+01,3.779490836549432853e+00
4.799085452986567901e+01,4.203690842409965711e+00
4.801086024578451372e+01,3.185115300796074855e+00
4.803086596170334843e+01,3.157672441937358077e+00
4.805087167762218314e+01,3.535809478495038682e+00
4.807087739354101075e+01,3.987698168304017354e+00
4.809088310945984546e+01,3.560754786006143924e+00
4.811088882537868017e+01,3.586303414388952504e+00
4.813089454129751488e+01,3.693304728325712105e+00
4.815090025721634959e+01,3.200868092307342483e+00
4.817090597313518430e+01,3.607366066681684913e+00
4.819091168905401901e+01,3.379152793340899130e+00
4.821091740497285372e+01,3.957410838657814178e+00
4.823092312089168843e+01,3.245852140476968017e+00
4.825092883681051603e+01,3.142392867814864488e+00
4.827093455272935074e+01,3.970949681942251175e+00
4.829094026864818545e+01,4.244456072332683405e+00
4.831094598456702016e+01,4.008983823485672282e+00
4.833095170048585487e+01,3.262336484685377069e+00
4.835095741640468958e+01,3.511916348692211365e+00
4.837096313232352429e+01,3.408769599780908877e+00
4.839096884824235900e+01,3.756256161291608997e+00
4.841097456416119371e+01,3.275542162706329474e+00
4.843098028008002842e+01,4.216355532624866953e+00
4.845098599599885603e+01,2.972913753979427920e+00
4.847099171191769074e+01,3.670781727307057984e+00
4.849099742783652545e+01,3.851541840153461127e+00
4.851100314375536016e+01,3.589057149370052713e+00
4.853100885967419487e+01,3.656246072739555597e+00
4.855101457559302958e+01,3.844063503595177345e+00
4.857102029151186429e+01,3.578792600968137894e+00
4.859102600743069900e+01,3.185727890024947939e+00
4.861103172334953371e+01,3.579642084308732652e+00
4.863103743926836131e+01,3.217800445009230792e+00
4.865104315518719602e+01,3.451540409983725688e+00
4.867104887110603073e+01,4.113640814105901988e+00
4.869105458702486544e+01,3.505243764373000559e+00
4.871106030294370015e+01,3.765987835709525111e+00
4.873106601886253486e+01,3.346740009513825775e+00
4.875107173478136957e+01,3.745438078924936853e+00
4.877107745070020428e+01,3.975867875106067650e+00
4.879108316661903899e+01,4.053939158283657029e+00
4.881108888253786660e+01,3.124513528164825971e+00
4.883109459845670131e+01,3.792640379638027692e+00
4.885110031437553602e+01,4.537063718615481633e+00
4.887110603029437073e+01,2.970612953647252308e+00
4.889111174621320544e+01,3.329305874790677411e+00
4.891111746213204015e+01,3.967904407044495763e+00
4.893112317805087486e+01,3.913934843853525525e+00
4.895112889396970957e+01,4.080647061898280192e+00
4.897113460988854428e+01,4.377381062389268607e+00
4.899114032580737899e+01,4.557534408411287430e+00
4.901114604172620659e+01,4.255671765504724036e+00
4.903115175764504130e+01,4.060745461509827514e+00
4.905115747356387601e+01,3.981158082846006696e+00
4.907116318948271072e+01,4.354961654763053858e+00
4.909116890540154543e+01,3.731694952978854563e+00
4.911117462132038014e+01,3.451460943474192522e+00
4.913118033723921485e+01,3.961996216905819601e+00
4.915118605315804956e+01,4.018933790492958735e+00
4.917119176907688427e+01,4.548691925802172520e+00
4.919119748499571187e+01,4.956785075597295531e+00
4.921120320091454658e+01,5.013420815152633381e+00
4.923120891683338129e+01,3.902150706965022753e+00
4.925121463275221600e+01,4.794019934633207747e+00
4.927122034867105071e+01,4.809229418431843150e+00
4.929122606458988542e+01,5.043876681979708287e+00
4.931123178050872014e+01,4.189767254618389281e+00
4.933123749642755485e+01,4.280648465630378041e+00
4.935124321234638956e+01,4.787300879063287162e+00
4.937124892826522427e+01,4.522306293905197450e+00
4.939125464418405187e+01,5.169418072108499018e+00
4.941126036010288658e+01,4.446780461572093834e+00
4.943126607602172129e+01,5.217484459006289654e+00
4.945127179194055600e+01,4.970209887647578206e+00
4.947127750785939071e+01,4.289447007110888777e+00
4.949128322377822542e+01,4.821840829230507275e+00
4.951128893969706013e+01,4.863177610447997345e+00
4.953129465561589484e+01,5.056762411057407647e+00
4.955130037153472955e+01,5.157982001849406473e+00
4.957130608745355715e+01,5.799795825345450240e+00
4.959131180337239186e+01,5.241000685602764442e+00
4.961131751929122657e+01,5.200609777824762858e+00
4.963132323521006128e+01,5.415558295855075421e+00
4.965132895112889599e+01,6.341172980974286055e+00
4.967133466704773070e+01,6.119140334499228118e+00
4.969134038296656541e+01,6.035932500480519103e+00
4.971134609888540012e+01,6.555613492574313028e+00
4.973135181480423483e+01,6.263638045343379979e+00
4.975135753072306244e+01,6.276374020810548515e+00
4.977136324664189715e+01,5.986680255071284762e+00
4.979136896256073186e+01,6.957252654457352747e+00
4.981137467847956657e+01,6.631186730416164465e+00
4.983138039439840128e+01,6.487193133560641201e+00
4.985138611031723599e+01,6.507536474275922522e+00
4.987139182623607070e+01,6.086225059647955682e+00
4.989139754215490541e+01,5.918039884775498471e+00
4.991140325807374012e+01,5.972959632585630452e+00
4.993140897399257483e+01,6.692301133427990933e+00
4.995141468991140243e+01,6.285969042180202138e+00
4.997142040583023714e+01,5.965012532586158045e+00
4.999142612174907185e+01,5.536486897027282694e+00
5.001143183766790656e+01,5.617700702546432723e+00
5.003143755358674127e+01,5.958255434174934528e+00
5.005144326950557598e+01,5.374937906984449398e+00
5.007144898542441069e+01,5.610372803359309657e+00
5.009145470134324540e+01,4.240136359636653474e+00
5.011146041726208011e+01,4.923240811523603710e+00
5.013146613318090772e+01,5.109108860068770852e+00
5.015147184909974243e+01,4.190900375948522161e+00
5.017147756501857714e+01,4.470374022729313168e+00
5.019148328093741185e+01,3.592622949414151279e+00
5.021148899685624656e+01,4.480148355272966398e+00
5.023149471277508127e+01,4.118386525159285050e+00
5.025150042869391598e+01,3.873070755845600122e+00
5.027150614461275069e+01,4.033019632005293786e+00
5.029151186053158540e+01,4.741899574567474573e+00
5.031151757645042011e+01,3.701750364125245163e+00
5.033152329236924771e+01,3.712330677037360971e+00
5.035152900828808242e+01,3.378611123353028489e+00
5.037153472420691713e+01,4.120658693936302797e+00
5.039154044012575184e+01,3.510295330934644742e+00
5.041154615604458655e+01,4.123575103335488379e+00
5.043155187196342126e+01,3.561254209631123935e+00
5.045155758788225597e+01,4.543650325185470962e+00
5.047156330380109068e+01,3.700193973692470717e+00
5.049156901971992539e+01,3.586999312010379359e+00
5.051157473563875300e+01,4.046580236803046127e+00
5.053158045155758771e+01,2.916980723693050948e+00
5.055158616747642242e+01,3.914672637122746934e+00
5.057159188339525713e+01,4.364133629625682076e+00
5.059159759931409184e+01,4.262537715846494102e+00
5.061160331523292655e+01,4.153764270110658963e+00
5.063160903115176126e+01,3.701775495385197789e+00
5.065161474707059597e+01,3.895023989593979330e+00
5.067162046298943068e+01,3.640081192102504914e+00
5.069162617890825828e+01,4.393493305629415424e+00
5.071163189482709299e+01,4.726663072048171266e+00
5.073163761074592770e+01,5.054810838147026253e+00
5.075164332666476241e+01,4.188658605158578574e+00
5.077164904258359712e+01,3.991525684510568883e+00
5.079165475850243183e+01,4.242144740324468088e+00
5.081166047442126654e+01,5.160490709753065453e+00
5.083166619034010125e+01,5.279849515203284938e+00
5.085167190625893596e+01,4.367869492451260882e+00
5.087167762217777067e+01,5.747164198415645409e+00
5.089168333809659828e+01,5.321047374899460891e+00
5.091168905401543299e+01,5.600163082786125734e+00
5.093169476993426770e+01,5.414672208899942163e+00
5.095170048585310241e+01,5.084654559441871058e+00
5.097170620177193712e+01,5.700626405866711544e+00
5.099171191769077183e+01,5.714639403115702621e+00
5.101171763360960654e+01,5.756742761734853886e+00
5.103172334952844125e+01,4.770731027433483540e+00
5.105172906544727596e+01,5.509740118171535528e+00
5.107173478136610356e+01,4.415447517413482181e+00
5.109174049728493827e+01,5.204764240773815942e+00
5.111174621320377298e+01,4.457992919301765333e+00
5.113175192912260769e+01,4.078203112201681080e+00
5.115175764504144240e+01,5.037412177518392653e+00
5.117176336096027711e+01,4.346030981385907488e+00
5.119176907687911182e+01,4.191587663646001438e+00
5.121177479279794653e+01,4.918584360635696484e+00
5.123178050871678124e+01,3.796419539848898683e+00
5.125178622463561595e+01,3.937129803164077124e+00
5.127179194055444356e+01,4.697231297538064787e+00
5.129179765647327827e+01,3.440541069288251208e+00
5.131180337239211298e+01,3.752937196772719641e+00
5.133180908831094769e+01,3.941359812860334877e+00
5.135181480422978240e+01,3.880948633708428019e+00
5.137182052014861711e+01,3.362496274490025971e+00
5.139182623606745182e+01,3.403918336610820994e+00
5.141183195198628653e+01,3.865350931142080171e+00
5.143183766790512124e+01,3.225141565978909775e+00
5.145184338382394884e+01,4.122278950259619101e+00
5.147184909974278355e+01,3.312667578154648407e+00
5.149185481566161826e+01,3.864720185984868550e+00
5.151186053158045297e+01,3.800119995389733774e+00
5.153186624749928768e+01,3.681572386003889807e+00
5.155187196341812239e+01,3.606142970901400346e+00
5.157187767933695710e+01,4.373675004362233665e+00
5.159188339525579181e+01,4.236260513754608326e+00
5.161188911117462652e+01,4.678502894116847166e+00
5.163189482709345413e+01,4.547160663613232678e+00
5.165190054301228884e+01,4.611536324128353570e+00
5.167190625893112355e+01,4.020591128002578785e+00
5.169191197484995826e+01,3.757638957826488824e+00
5.171191769076879297e+01,4.590928601998832015e+00
5.173192340668762768e+01,4.685549239936390720e+00
5.175192912260646239e+01,5.099191894123415558e+00
5.177193483852529710e+01,3.555890310439803859e+00
5.179194055444413181e+01,5.335439567958056628e+00
5.181194627036296652e+01,5.080568637879818716e+00
5.183195198628179412e+01,4.888713630590465264e+00
5.185195770220062883e+01,4.547134069578579130e+00
5.187196341811946354e+01,5.241117346079798622e+00
5.189196913403829825e+01,5.533584550907946209e+00
5.191197484995713296e+01,5.271111402123260348e+00
5.193198056587596767e+01,5.488207924974407348e+00
5.195198628179480238e+01,6.243165724515495008e+00
5.197199199771363709e+01,6.588094686941484923e+00
5.199199771363247180e+01,6.332594076077849188e+00
5.201200342955129940e+01,6.596286917766891023e+00
5.203200914547013411e+01,6.854504854645126599e+00
5.205201486138896882e+01,6.998509838958216989e+00
5.207202057730780353e+01,7.821991656514640567e+00
5.209202629322663824e+01,7.340175369101673120e+00
5.211203200914547295e+01,7.841835416310486195e+00
5.213203772506430766e+01,7.997599152740351158e+00
5.215204344098314237e+01,7.837986369797198094e+00
5.217204915690197708e+01,8.064428520540500855e+00
5.219205487282081180e+01,8.145448142881768661e+00
5.221206058873963940e+01,8.597673275341950472e+00
5.223206630465847411e+01,8.202545913637816710e+00
5.225207202057730882e+01,8.319314247328907896e+00
5.227207773649614353e+01,8.072910955426346291e+00
5.229208345241497824e+01,7.818301448965771172e+00
5.231208916833381295e+01,7.426770060264560769e+00
5.233209488425264766e+01,7.559848799531296848e+00
5.235210060017148237e+01,7.260376457506315440e+00
5.237210631609031708e+01,7.414394973850534143e+00
5.239211203200914468e+01,6.549309288987545941e+00
5.241211774792797939e+01,6.377804628065002035e+00
5.243212346384681410e+01,6.501000522355512068e+00
5.245212917976564881e+01,6.034154936236553191e+00
5.247213489568448352e+01,5.803842578061706448e+00
5.249214061160331823e+01,6.332176427079421188e+00
5.251214632752215294e+01,5.867279618560864662e+00
5.253215204344098765e+01,6.329990562855757119e+00
5.255215775935982236e+01,4.809146619965614100e+00
5.257216347527864997e+01,5.261784310887207994e+00
5.259216919119748468e+01,4.700326665248537594e+00
5.261217490711631939e+01,4.833156241683437493e+00
5.263218062303515410e+01,4.964862594726186629e+00
5.265218633895398881e+01,5.464567155204568039e+00
5.267219205487282352e+01,4.824870871618170298e+00
5.269219777079165823e+01,4.688589093997753032e+00
5.271220348671049294e+01,4.610561305054620362e+00
5.273220920262932765e+01,4.935628539867008335e+00
5.275221491854816236e+01,4.317844420342551004e+00
5.277222063446698996e+01,4.488553219241679493e+00
5.279222635038582467e+01,4.648322656207478865e+00
5.281223206630465938e+01,4.321094500805031657e+00
5.283223778222349409e+01,3.996659455739100864e+00
5.285224349814232880e+01,4.435254902238042085e+00
5.287224921406116351e+01,4.206894254252278920e+00
5.289225492997999822e+01,4.747025809129858054e+00
5.291226064589883293e+01,3.437346940655177097e+00
5.293226636181766764e+01,4.826191354847877868e+00
5.295227207773649525e+01,4.509694131006337869e+00
5.297227779365532996e+01,3.312168616287500811e+00
5.299228350957416467e+01,3.341654187115438823e+00
5.301228922549299938e+01,3.464107794866609247e+00
5.303229494141183409e+01,3.612580848129107292e+00
5.305230065733066880e+01,3.463177739920153986e+00
5.307230637324950351e+01,3.939431715909424092e+00
5.309231208916833822e+01,3.939887812722895788e+00
5.311231780508717293e+01,3.452331407954800646e+00
5.313232352100600764e+01,3.757237878524422037e+00
5.315232923692483524e+01,3.932467152234953467e+00
5.317233495284366995e+01,3.100361462201180363e+00
5.319234066876250466e+01,2.895188952740588295e+00
5.321234638468133937e+01,3.007350218972210776e+00
5.323235210060017408e+01,3.895860757081878845e+00
5.325235781651900879e+01,4.330920549671326114e+00
5.327236353243784350e+01,3.216437606295597273e+00
5.329236924835667821e+01,4.303249590562178817e+00
5.331237496427551292e+01,4.233059014656652685e+00
5.333238068019434053e+01,3.586328073421257923e+00
5.335238639611317524e+01,4.342036595476980843e+00
5.337239211203200995e+01,4.053140270832796155e+00
5.339239782795084466e+01,3.490597303674702445e+00
5.341240354386967937e+01,2.961061195330393581e+00
5.343240925978851408e+01,3.619382366238116155e+00
5.345241497570734879e+01,3.849428692955289222e+00
5.347242069162618350e+01,4.367388651065924776e+00
5.349242640754501821e+01,3.554382395143267370e+00
5.351243212346384581e+01,4.041619553975788648e+00
5.353243783938268052e+01,3.131355670092504706e+00
5.355244355530151523e+01,3.549196900237574503e+00
5.357244927122034994e+01,4.057934056615813745e+00
5.359245498713918465e+01,3.331224921423472374e+00
5.361246070305801936e+01,3.761824727918869904e+00
5.363246641897685407e+01,3.481462482870266939e+00
5.365247213489568878e+01,4.015426288809153199e+00
5.367247785081452349e+01,3.314995116357985605e+00
5.369248356673335820e+01,3.723169812511947008e+00
5.371248928265218581e+01,3.723532834666928970e+00
5.373249499857102052e+01,3.300017445661399762e+00
5.375250071448985523e+01,4.159045185209645723e+00
5.377250643040868994e+01,4.462293752371977007e+00
5.379251214632752465e+01,3.735768440377521760e+00
5.381251786224635936e+01,3.175143223127776970e+00
5.383252357816519407e+01,2.921961907894125243e+00
5.385252929408402878e+01,3.090549036409775852e+00
5.387253501000286349e+01,3.438504970050934251e+00
5.389254072592169109e+01,2.849802909392971095e+00
5.391254644184052580e+01,3.211403844199161028e+00
5.393255215775936051e+01,3.676279370858701157e+00
5.395255787367819522e+01,3.734201729363185951e+00
5.397256358959702993e+01,3.829546580472786843e+00
5.399256930551586464e+01,3.866094908061891822e+00
5.401257502143469935e+01,3.210671443407350001e+00
5.403258073735353406e+01,3.932249681417497644e+00
5.405258645327236877e+01,3.269933409607401309e+00
5.407259216919120348e+01,3.793838921562026734e+00
5.409259788511003109e+01,3.895160857803255272e+00
5.411260360102886580e+01,3.635711820088164181e+00
5.413260931694770051e+01,3.526499684906615695e+00
5.415261503286653522e+01,4.110189087740155678e+00
5.417262074878536993e+01,4.429653613222257036e+00
5.419262646470420464e+01,4.209992041428348486e+00
5.421263218062303935e+01,4.273228205096627264e+00
5.423263789654187406e+01,3.556145070893032667e+00
5.425264361246070877e+01,4.402904606747515714e+00
5.427264932837953637e+01,4.132260446705289247e+00
5.429265504429837108e+01,3.973997794850177456e+00
5.431266076021720579e+01,4.462035403315403492e+00
5.433266647613604050e+01,4.668741857212070023e+00
5.435267219205487521e+01,4.528246507278036681e+00
5.437267790797370992e+01,5.273219862907687627e+00
5.439268362389254463e+01,4.860975300822373057e+00
5.441268933981137934e+01,4.840939045091885440e+00
5.443269505573021405e+01,4.829986111329503728e+00
5.445270077164904166e+01,5.967219108069543587e+00
5.447270648756787637e+01,6.212899586300680177e+00
5.449271220348671108e+01,6.352922403529967177e+00
5.451271791940554579e+01,6.822776449986620584e+00
5.453272363532438050e+01,8.241698639595096409e+00
5.455272935124321521e+01,7.395694957828115257e+00
5.457273506716204992e+01,8.782174335662762843e+00
5.459274078308088463e+01,9.690433662812592885e+00
5.461274649899971934e+01,9.425576933460952489e+00
5.463275221491855405e+01,1.094217975529165621e+01
5.465275793083738165e+01,1.140932935120556913e+01
5.467276364675621636e+01,1.266322181108998990e+01
5.469276936267505107e+01,1.324511356173722554e+01
5.471277507859388578e+01,1.443816353738366232e+01
5.473278079451272049e+01,1.450119411034818562e+01
5.475278651043155520e+01,1.560812568718594662e+01
5.477279222635038991e+01,1.522325162106788810e+01
5.479279794226922462e+01,1.547050672274289518e+01
5.481280365818805933e+01,1.602901854226233169e+01
5.483280937410688693e+01,1.672330877481073585e+01
5.485281509002572164e+01,1.657992795324997104e+01
5.487282080594455635e+01,1.667807016682063193e+01
5.489282652186339106e+01,1.624555587936183798e+01
5.491283223778222577e+01,1.621524867984644658e+01
5.493283795370106048e+01,1.576292151803019514e+01
5.495284366961989519e+01,1.521369732467811531e+01
5.497284938553872990e+01,1.588773732789481841e+01
5.499285510145756461e+01,1.547182984054833454e+01
5.501286081737639222e+01,1.524606859688515570e+01
5.503286653329522693e+01,1.516498128894626163e+01
5.505287224921406164e+01,1.510664389905073612e+01
5.507287796513289635e+01,1.646222387268504050e+01
5.509288368105173106e+01,1.645803353419770687e+01
5.511288939697056577e+01,1.647506226865075973e+01
5.513289511288940048e+01,1.610037216804182592e+01
5.515290082880823519e+01,1.677708654800687782e+01
5.517290654472706990e+01,1.751238553702404843e+01
5.519291226064590461e+01,1.723136449110836921e+01
5.521291797656473221e+01,1.728777711425172825e+01
5.523292369248356692e+01,1.683294398030277605e+01
5.525292940840240163e+01,1.563490170938167445e+01
5.527293512432123634e+01,1.591219614720432496e+01
5.529294084024007105e+01,1.451454975557729377e+01
5.531294655615890576e+01,1.399848331635778287e+01
5.533295227207774047e+01,1.308066367620522463e+01
5.535295798799657518e+01,1.254408565364699868e+01
5.537296370391540989e+01,1.185066767507137442e+01
5.539296941983423750e+01,1.154765754970779668e+01
5.541297513575307221e+01,1.009776758090842108e+01
5.543298085167190692e+01,9.896718907465775317e+00
5.545298656759074163e+01,1.015231483344744134e+01
5.547299228350957634e+01,9.474221628590774102e+00
5.549299799942841105e+01,8.596313752758195648e+00
5.551300371534724576e+01,7.865201249508046999e+00
5.553300943126608047e+01,8.570596894325207771e+00
5.555301514718491518e+01,7.590550043911732381e+00
5.557302086310374989e+01,8.624571493543118805e+00
5.559302657902257749e+01,8.589622707588258521e+00
5.561303229494141220e+01,8.320064143493002717e+00
5.563303801086024691e+01,8.969573913367380413e+00
5.565304372677908162e+01,9.588808843773740875e+00
5.567304944269791633e+01,9.322451305533093091e+00
5.569305515861675104e+01,1.012438677722010283e+01
5.571306087453558575e+01,1.027629639374302073e+01
5.573306659045442046e+01,1.063232168340511485e+01
5.575307230637325517e+01,1.145477637344910349e+01
5.577307802229208278e+01,1.157404838408255188e+01
5.579308373821091749e+01,1.185847868751115897e+01
5.581308945412975220e+01,1.099037391217087567e+01
5.583309517004858691e+01,1.087423282494703258e+01
5.585310088596742162e+01,1.200319092067317150e+01
5.587310660188625633e+01,1.133419642774836156e+01
5.589311231780509104e+01,1.101570646661497399e+01
5.591311803372392575e+01,1.064273443261646079e+01
5.593312374964276046e+01,1.069211992436510528e+01
5.595312946556158806e+01,1.094142858205938573e+01
5.597313518148042277e+01,1.082423638633240337e+01
5.599314089739925748e+01,1.076240376930701359e+01
5.601314661331809219e+01,9.962895280891338246e+00
5.603315232923692690e+01,1.019275232069603199e+01
5.605315804515576161e+01,1.001039606200736110e+01
5.607316376107459632e+01,9.308294098213494294e+00
5.609316947699343103e+01,9.684181887093069818e+00
5.611317519291226574e+01,8.924674058424358236e+00
5.613318090883110045e+01,8.455063232189118594e+00
5.615318662474992806e+01,7.712126630403620453e+00
5.617319234066876277e+01,8.108832336772209715e+00
5.619319805658759748e+01,8.250313749056838120e+00
5.621320377250643219e+01,7.577699716010075193e+00
5.623320948842526690e+01,7.237808778645964836e+00
5.625321520434410161e+01,6.851780622360634787e+00
5.627322092026293632e+01,6.556801382075642337e+00
5.629322663618177103e+01,6.200561523294938482e+00
5.631323235210060574e+01,6.207029059709285868e+00
5.633323806801943334e+01,5.916833043285366855e+00
5.635324378393826805e+01,4.852607339624342764e+00
5.637324949985710276e+01,5.384416994048849325e+00
5.639325521577593747e+01,4.768331137446892853e+00
5.641326093169477218e+01,4.381420456043297662e+00
5.643326664761360689e+01,4.781785031604864677e+00
5.645327236353244160e+01,5.091054655072723811e+00
5.647327807945127631e+01,4.492062558380671256e+00
5.649328379537011102e+01,4.835327905267741144e+00
5.651328951128894573e+01,4.404635551813129268e+00
5.653329522720777334e+01,5.027077484034349730e+00
5.655330094312660805e+01,4.011324476507743597e+00
5.657330665904544276e+01,4.430550159436380753e+00
5.659331237496427747e+01,4.370339218564862627e+00
5.661331809088311218e+01,4.437287498441402356e+00
5.663332380680194689e+01,3.857050689017056833e+00
5.665332952272078160e+01,4.789441167227710849e+00
5.667333523863961631e+01,4.276263994740714836e+00
5.669334095455845102e+01,4.106378299279237254e+00
5.671334667047727862e+01,4.256197151096682951e+00
5.673335238639611333e+01,4.666455017479250067e+00
5.675335810231494804e+01,4.764633132871367138e+00
5.677336381823378275e+01,4.520664566882863333e+00
5.679336953415261746e+01,4.244782781890878987e+00
5.681337525007145217e+01,4.421961385707356307e+00
5.683338096599028688e+01,4.647999529493731075e+00
5.685338668190912159e+01,3.656627416038977785e+00
5.687339239782795630e+01,5.218554632566707596e+00
5.689339811374678391e+01,4.260697125370770166e+00
5.691340382966561862e+01,5.291971857263329859e+00
5.693340954558445333e+01,4.902743988976750344e+00
5.695341526150328804e+01,5.544009458251462519e+00
5.697342097742212275e+01,4.940910487474610591e+00
5.699342669334095746e+01,4.921792143836889011e+00
5.701343240925979217e+01,5.232953995090464439e+00
5.703343812517862688e+01,4.346181619716021238e+00
5.705344384109746159e+01,5.684824354555945369e+00
5.707344955701629630e+01,5.304493852846226432e+00
5.709345527293512390e+01,6.060320788040439055e+00
5.711346098885395861e+01,6.237703273438588880e+00
5.713346670477279332e+01,6.108669909283869437e+00
5.715347242069162803e+01,5.904617352726347690e+00
5.717347813661046274e+01,6.342998007899522506e+00
5.719348385252929745e+01,7.575250956655157353e+00
5.721348956844813216e+01,7.372988832867026332e+00
5.723349528436696687e+01,8.188666014596613252e+00
5.725350100028580158e+01,8.222147747807554197e+00
5.727350671620462919e+01,8.717213417525851327e+00
5.729351243212346390e+01,9.518412044868849620e+00
5.731351814804229861e+01,9.913352791504447481e+00
5.733352386396113332e+01,1.113868938064914005e+01
5.735352957987996803e+01,1.178347507213214840e+01
5.737353529579880274e+01,1.388681803618443311e+01
5.739354101171763745e+01,1.345127923599894082e+01
5.741354672763647216e+01,1.608867153044714726e+01
5.743355244355530687e+01,1.671318991674932519e+01
5.745355815947414158e+01,1.779893724459875770e+01
5.747356387539296918e+01,1.909100151637057508e+01
5.749356959131180389e+01,1.944430570145591730e+01
5.751357530723063860e+01,2.024764930449130773e+01
5.753358102314947331e+01,2.211701413827971407e+01
5.755358673906830802e+01,2.215592662648520061e+01
5.757359245498714273e+01,2.270551354271387012e+01
5.759359817090597744e+01,2.385939812291329787e+01
5.761360388682481215e+01,2.400650302698769067e+01
5.763360960274364686e+01,2.404216045060955409e+01
5.765361531866247446e+01,2.482965556308944244e+01
5.767362103458130917e+01,2.426667501459661480e+01
5.769362675050014388e+01,2.404213858447512564e+01
5.771363246641897859e+01,2.250520514237148362e+01
5.773363818233781330e+01,2.279707593903982854e+01
5.775364389825664801e+01,2.214718411757392857e+01
5.777364961417548272e+01,2.080984847013397854e+01
5.779365533009431743e+01,2.011223425660104169e+01
5.781366104601315214e+01,1.921076172139661864e+01
5.783366676193197975e+01,1.820968381011501691e+01
5.785367247785081446e+01,1.719008167150501265e+01
5.787367819376964917e+01,1.602014839188767681e+01
5.789368390968848388e+01,1.491958282089375665e+01
5.791368962560731859e+01,1.442238220376082047e+01
5.793369534152615330e+01,1.330646670396051334e+01
5.795370105744498801e+01,1.222849780237568496e+01
5.797370677336382272e+01,1.064984368062839160e+01
5.799371248928265743e+01,1.079850102487817232e+01
5.801371820520149214e+01,9.394668581709012756e+00
5.803372392112031974e+01,8.919968580988427931e+00
5.805372963703915445e+01,8.479464106863908057e+00
5.807373535295798916e+01,7.678010008285841792e+00
5.809374106887682387e+01,7.142271670047279031e+00
5.811374678479565858e+01,7.490712574358248332e+00
5.813375250071449329e+01,6.650765089086539739e+00
5.815375821663332800e+01,6.026958149654172203e+00
5.817376393255216271e+01,5.367080625214917688e+00
5.819376964847099742e+01,5.357896915321363807e+00
5.821377536438982503e+01,6.202459781565693220e+00
5.823378108030865974e+01,4.812123996840362850e+00
5.825378679622749445e+01,5.209760506821107029e+00
5.827379251214632916e+01,4.942066435019925486e+00
5.829379822806516387e+01,4.864428597694914203e+00
5.831380394398399858e+01,4.854917684878776285e+00
5.833380965990283329e+01,5.494120979618301703e+00
5.835381537582166800e+01,5.252171555975071904e+00
5.837382109174050271e+01,4.529539637863193136e+00
5.839382680765933742e+01,3.829890873421217812e+00
5.841383252357816502e+01,5.087469651653016456e+00
5.843383823949699973e+01,4.484497957964366677e+00
5.845384395541583444e+01,4.776892223921148428e+00
5.847384967133466915e+01,4.123662314315239996e+00
5.849385538725350386e+01,3.551302031446589513e+00
5.851386110317233857e+01,3.652923213458384222e+00
5.853386681909117328e+01,4.152711487197525031e+00
5.855387253501000799e+01,4.552742545006412733e+00
5.857387825092884270e+01,4.141629257369090489e+00
5.859388396684767031e+01,4.212205691617004533e+00
5.861388968276650502e+01,4.740408126220311047e+00
5.863389539868533973e+01,4.800838819551660919e+00
5.865390111460417444e+01,3.498649914096300328e+00
5.867390683052300915e+01,4.170916294586014317e+00
5.869391254644184386e+01,4.797636939382354804e+00
5.871391826236067857e+01,3.835416688403392893e+00
5.873392397827951328e+01,3.506349917587586518e+00
5.875392969419834799e+01,3.447125893565130550e+00
5.877393541011717559e+01,3.354881515038943718e+00
5.879394112603601030e+01,3.791328224089606458e+00
5.881394684195484501e+01,3.049033472004594625e+00
5.883395255787367972e+01,3.494409824306189627e+00
5.885395827379251443e+01,4.497117167706847773e+00
5.887396398971134914e+01,3.430217975352690907e+00
5.889396970563018385e+01,3.843752249320640857e+00
5.891397542154901856e+01,4.121478177471849413e+00
5.893398113746785327e+01,4.034740321927397844e+00
5.895398685338668798e+01,3.745173264458462103e+00
5.897399256930551559e+01,3.937412852472807145e+00
5.899399828522435030e+01,3.876530845819544879e+00
5.901400400114318501e+01,3.374225617414828182e+00
5.903400971706201972e+01,3.195443924919991741e+00
5.905401543298085443e+01,4.088690024622622765e+00
5.907402114889968914e+01,3.859627070630003320e+00
5.909402686481852385e+01,3.073719717807299912e+00
5.911403258073735856e+01,3.217588343512845839e+00
5.913403829665619327e+01,4.170942282950044877e+00
5.915404401257502087e+01,2.890692923090745658e+00
5.917404972849385558e+01,3.262270619464915367e+00
5.919405544441269029e+01,3.945499154159984201e+00
5.921406116033152500e+01,3.298637191120453505e+00
5.923406687625035971e+01,3.926321004663078096e+00
5.925407259216919442e+01,3.782932654794889160e+00
5.927407830808802913e+01,3.713680771131956604e+00
5.929408402400686384e+01,3.201166840782935452e+00
5.931408973992569855e+01,3.200317435779576059e+00
5.933409545584453326e+01,3.501945080847437275e+00
5.935410117176336087e+01,3.389769506385576392e+00
5.937410688768219558e+01,3.138343091197420165e+00
5.939411260360103029e+01,3.741521842773005257e+00
5.941411831951986500e+01,3.353019363872221437e+00
5.943412403543869971e+01,3.483382198950725872e+00
5.945412975135753442e+01,3.456880229816540862e+00
5.947413546727636913e+01,3.509141592528616904e+00
5.949414118319520384e+01,3.951177506614648838e+00
5.951414689911403855e+01,3.231040460199480879e+00
5.953415261503286615e+01,3.138495294919023237e+00
5.955415833095170086e+01,3.078614870891383415e+00
5.957416404687053557e+01,3.608895094882768273e+00
5.959416976278937028e+01,3.366926473308640588e+00
5.961417547870820499e+01,3.356166151194722502e+00
5.963418119462703970e+01,3.264901579386447761e+00
5.965418691054587441e+01,3.945868137379947793e+00
5.967419262646470912e+01,3.407214870603761270e+00
5.969419834238354383e+01,3.498202755457074709e+00
5.971420405830237144e+01,2.616667178922887249e+00
5.973420977422120615e+01,3.156050888725197900e+00
5.975421549014004086e+01,3.012288613503371515e+00
5.977422120605887557e+01,3.960035013994765318e+00
5.979422692197771028e+01,4.259321531520299686e+00
5.981423263789654499e+01,3.120897805771446709e+00
5.983423835381537970e+01,3.304583914020103652e+00
5.985424406973421441e+01,3.787415299847940897e+00
5.987424978565304912e+01,4.041437599382138757e+00
5.989425550157188383e+01,2.606812648385568920e+00
5.991426121749071143e+01,3.135172834507929274e+00
5.993426693340954614e+01,2.759865161846411397e+00
5.995427264932838085e+01,3.310755187507599562e+00
5.997427836524721556e+01,3.478208309772362838e+00
5.999428408116605027e+01,3.491032534231222062e+00
6.001428979708488498e+01,3.571510795566763541e+00
6.003429551300371969e+01,3.543522110672454595e+00
6.005430122892255440e+01,3.540120052115890203e+00
6.007430694484138911e+01,3.137520381867821673e+00
6.009431266076021672e+01,2.935081398260344088e+00
6.011431837667905143e+01,3.485464706780762700e+00
6.013432409259788614e+01,4.097869876319919946e+00
6.015432980851672085e+01,3.016063348590651394e+00
6.017433552443555556e+01,3.361191691749828347e+00
6.019434124035439027e+01,4.203419346241879850e+00
6.021434695627322498e+01,2.945161136323998008e+00
6.023435267219205969e+01,3.543983643843477083e+00
6.025435838811089440e+01,3.443329951373055309e+00
6.027436410402972911e+01,4.061377241159754625e+00
6.029436981994855671e+01,3.311316480284007824e+00
6.031437553586739142e+01,3.828137424524360455e+00
6.033438125178622613e+01,3.038776543962582011e+00
6.035438696770506084e+01,2.502448522423984301e+00
6.037439268362389555e+01,3.017651564141033749e+00
6.039439839954273026e+01,3.029649616408326640e+00
6.041440411546156497e+01,3.901796418399159361e+00
6.043440983138039968e+01,3.671154066297342755e+00
6.045441554729923439e+01,3.447701251796399191e+00
6.047442126321806199e+01,3.359930730493224438e+00
6.049442697913689670e+01,3.464402633852500912e+00
6.051443269505573141e+01,3.679707165952562420e+00
6.053443841097456612e+01,3.954749178705999846e+00
6.055444412689340083e+01,3.442315533678674377e+00
6.057444984281223554e+01,4.312053566514464364e+00
6.059445555873107025e+01,3.312276970163937850e+00
6.061446127464990496e+01,3.358511527199594227e+00
6.063446699056873967e+01,3.126816569956475167e+00
6.065447270648756728e+01,2.915335937827073565e+00
6.067447842240640199e+01,3.341744064737107500e+00
6.069448413832523670e+01,3.241267744621406877e+00
6.071448985424407141e+01,3.162465066604666752e+00
6.073449557016290612e+01,3.483705314462285596e+00
6.075450128608174083e+01,2.868825477415003267e+00
6.077450700200057554e+01,2.917795026478617437e+00
6.079451271791941025e+01,3.677625158888920165e+00
6.081451843383824496e+01,2.687209229247181863e+00
6.083452414975707967e+01,4.264973005558878150e+00
6.085452986567590727e+01,3.427856037008139900e+00
6.087453558159474198e+01,3.685457004673601045e+00
6.089454129751357669e+01,3.205233302801635986e+00
6.091454701343241140e+01,3.985786393058738497e+00
6.093455272935124611e+01,4.007885727335933623e+00
6.095455844527008082e+01,3.599563772048502308e+00
6.097456416118891553e+01,3.481955244519116199e+00
6.099456987710775024e+01,2.719857313723340386e+00
6.101457559302658495e+01,2.857749658626187905e+00
6.103458130894541256e+01,3.380275778664652453e+00
6.105458702486424727e+01,3.648124334823480641e+00
6.107459274078308198e+01,3.624523327026795805e+00
6.109459845670191669e+01,2.813286268992943207e+00
6.111460417262075140e+01,3.278271724461432335e+00
6.113460988853958611e+01,3.558924658203382663e+00
6.115461560445842082e+01,3.498388180911745415e+00
6.117462132037725553e+01,2.752780187893256514e+00
6.119462703629609024e+01,2.731090068684535410e+00
6.121463275221492495e+01,3.459948255341906975e+00
6.123463846813375255e+01,2.862649841048308996e+00
6.125464418405258726e+01,3.127193613054528143e+00
6.127464989997142197e+01,3.827522984334277290e+00
6.129465561589025668e+01,3.437552737532999281e+00
6.131466133180909139e+01,3.317660850889329716e+00
6.133466704772792610e+01,3.242144454704198431e+00
6.135467276364676081e+01,2.581097520141147683e+00
6.137467847956559552e+01,4.257682383279473015e+00
6.139468419548443023e+01,2.775481877091536376e+00
6.141468991140325784e+01,3.082095632957244646e+00
6.143469562732209255e+01,3.796150734396967152e+00
6.145470134324092726e+01,3.831757801765058868e+00
6.147470705915976197e+01,2.714329153171846087e+00
6.149471277507859668e+01,3.894795783347634099e+00
6.151471849099743139e+01,3.279805074914700747e+00
6.153472420691626610e+01,2.884462504355654211e+00
6.155472992283510081e+01,4.101009031328053389e+00
6.157473563875393552e+01,3.432425508377448864e+00
6.159474135467276312e+01,3.424149789417072931e+00
6.161474707059159783e+01,3.129225896144335106e+00
6.163475278651043254e+01,3.477477772894460806e+00
6.165475850242926725e+01,3.703901689235325367e+00
6.167476421834810196e+01,3.272597368686173347e+00
6.169476993426693667e+01,4.017763807136768506e+00
6.171477565018577138e+01,4.326142749543438804e+00
6.173478136610460609e+01,2.659322544941334687e+00
6.175478708202344080e+01,3.734955938081424343e+00
6.177479279794227551e+01,3.947756496922214975e+00
6.179479851386110312e+01,3.365714054906709496e+00
6.181480422977993783e+01,3.634130666006260668e+00
6.183480994569877254e+01,2.670055583535579480e+00
6.185481566161760725e+01,3.977855743674809208e+00
6.187482137753644196e+01,3.948596281684454645e+00
6.189482709345527667e+01,3.809446803626173050e+00
6.191483280937411138e+01,3.870246688558922177e+00
6.193483852529294609e+01,3.418759306455099178e+00
6.195484424121178080e+01,4.165389186128495957e+00
6.197484995713060840e+01,3.373609424031402959e+00
6.199485567304944311e+01,3.121004054716020271e+00
6.201486138896827782e+01,4.272407928866102544e+00
6.203486710488711253e+01,4.153155173194075012e+00
6.205487282080594724e+01,4.581763470296080776e+00
6.207487853672478195e+01,3.315485559769861368e+00
6.209488425264361666e+01,3.905506085752417533e+00
6.211488996856245137e+01,4.481756399529907675e+00
6.213489568448128608e+01,3.755014042832082399e+00
6.215490140040011369e+01,3.939754294379429922e+00
6.217490711631894840e+01,4.558516183903533303e+00
6.219491283223778311e+01,4.433352299853918765e+00
6.221491854815661782e+01,4.220765759723762223e+00
6.223492426407545253e+01,3.792849637634423399e+00
6.225492997999428724e+01,4.601006949980456895e+00
6.227493569591312195e+01,3.892745941243556107e+00
6.229494141183195666e+01,3.647637837565677277e+00
6.231494712775079137e+01,4.413665184188517721e+00
6.233495284366962608e+01,3.757425430359065732e+00
6.235495855958845368e+01,4.052169775299366172e+00
6.237496427550728839e+01,4.474768878494325364e+00
6.239496999142612310e+01,3.566093165276137178e+00
6.241497570734495781e+01,3.057682979787855970e+00
6.243498142326379252e+01,3.917611921362580407e+00
6.245498713918262723e+01,3.510187574377974240e+00
6.247499285510146194e+01,4.058678117204705948e+00
6.249499857102029665e+01,4.166153054038081116e+00
6.251500428693913136e+01,4.083527244817923396e+00
6.253501000285795897e+01,3.097727774820822511e+00
6.255501571877679368e+01,3.478823261813305479e+00
6.257502143469562839e+01,3.123863067367310009e+00
6.259502715061446310e+01,4.259860854574600175e+00
6.261503286653329781e+01,3.220031727706046620e+00
6.263503858245213252e+01,4.035812604428472561e+00
6.265504429837096723e+01,4.302819099737746456e+00
6.267505001428980194e+01,3.809175974035898804e+00
6.269505573020863665e+01,3.639589279210707851e+00
6.271506144612747136e+01,3.585152606723418955e+00
6.273506716204629896e+01,3.636951742583152125e+00
6.275507287796513367e+01,3.669589691437384005e+00
6.277507859388396838e+01,3.436690468614150173e+00
6.279508430980280309e+01,3.327289485441257799e+00
6.281509002572163780e+01,3.406289818157754556e+00
6.283509574164047251e+01,3.938966162730394682e+00
6.285510145755930722e+01,3.585459078478812955e+00
6.287510717347814193e+01,4.205842213427435361e+00
6.289511288939697664e+01,3.530696536745996816e+00
6.291511860531580425e+01,3.044893921395520842e+00
6.293512432123463896e+01,3.152652605563934340e+00
6.295513003715347367e+01,3.358804189840837395e+00
6.297513575307230838e+01,3.968712003955058076e+00
6.299514146899114309e+01,2.924207377331531799e+00
6.301514718490997780e+01,3.944561856682482492e+00
6.303515290082881251e+01,3.987737076869175112e+00
6.305515861674764722e+01,3.750882742225718491e+00
6.307516433266648193e+01,3.564175867276369924e+00
6.309517004858530953e+01,3.530388958659397503e+00
6.311517576450414424e+01,3.296335336149735173e+00
6.313518148042297895e+01,4.086981378275413412e+00
6.315518719634181366e+01,3.971431362451155245e+00
6.317519291226064837e+01,3.893145379725487576e+00
6.319519862817948308e+01,3.708929925245049386e+00
6.321520434409831779e+01,4.096295751419394726e+00
6.323521006001715250e+01,3.420458158833001416e+00
6.325521577593598721e+01,3.570597683828036661e+00
6.327522149185482192e+01,3.582026102616264307e+00
6.329522720777364952e+01,3.434433421094299277e+00
6.331523292369248423e+01,3.907539185477994614e+00
6.333523863961131894e+01,4.551573014379814097e+00
6.335524435553015365e+01,4.057758111919634203e+00
6.337525007144898836e+01,4.297416788284223799e+00
6.339525578736782307e+01,3.871483070766980283e+00
6.341526150328665778e+01,5.186411995238123573e+00
6.343526721920549249e+01,4.208645825450746614e+00
6.345527293512432720e+01,4.844288475219815204e+00
6.347527865104315481e+01,5.307902132748067991e+00
6.349528436696198952e+01,5.714031247309137029e+00
6.351529008288082423e+01,5.487045563102900481e+00
6.353529579879965894e+01,6.182143917622990870e+00
6.355530151471849365e+01,5.817398156601701231e+00
6.357530723063732836e+01,6.396938648291801144e+00
6.359531294655616307e+01,6.024173375889968263e+00
6.361531866247499778e+01,5.759769579528250638e+00
6.363532437839383249e+01,6.289273316378697132e+00
6.365533009431266720e+01,6.104234849302470955e+00
6.367533581023149480e+01,6.563531908769606460e+00
6.369534152615032951e+01,6.192130265838336811e+00
6.371534724206916422e+01,6.110696860801736463e+00
6.373535295798799893e+01,6.423876701979491344e+00
6.375535867390683364e+01,5.891331674714069599e+00
6.377536438982566835e+01,5.559351370991032937e+00
6.379537010574450306e+01,4.998838832200601878e+00
6.381537582166333777e+01,5.282412571748764663e+00
6.383538153758217248e+01,4.302468859843938453e+00
6.385538725350100009e+01,3.916636253589336647e+00
6.387539296941983480e+01,4.859754880107721497e+00
6.389539868533866951e+01,4.212939348371727455e+00
6.391540440125750422e+01,4.506010008566236458e+00
6.393541011717633893e+01,4.131787933929163437e+00
6.395541583309517364e+01,3.850933855984751908e+00
6.397542154901400835e+01,4.484850191856168067e+00
6.399542726493284306e+01,3.842555874556799811e+00
6.401543298085167066e+01,4.318625717154695565e+00
6.403543869677051248e+01,3.975017163873260095e+00
6.405544441268934008e+01,4.066978681373813131e+00
6.407545012860816769e+01,4.404604296529129215e+00
6.409545584452700950e+01,3.861074550879041389e+00
6.411546156044585132e+01,4.586768238218771110e+00
6.413546727636467892e+01,3.643070748714051899e+00
6.415547299228350653e+01,3.539271932733956572e+00
6.417547870820234834e+01,4.065887836670737165e+00
6.419548442412119016e+01,4.739806835136203489e+00
6.421549014004001776e+01,4.520731909606296561e+00
6.423549585595884537e+01,4.308598083349307828e+00
6.425550157187768718e+01,4.254172698782115347e+00
6.427550728779651479e+01,5.097821571949871178e+00
6.429551300371534239e+01,4.973914589487566040e+00
6.431551871963418421e+01,4.955399480073835683e+00
6.433552443555302602e+01,5.095763705113183661e+00
6.435553015147185363e+01,5.150434937382344813e+00
6.437553586739068123e+01,5.775113146375029594e+00
6.439554158330952305e+01,5.235485550945865540e+00
6.441554729922835065e+01,5.532134830054408425e+00
6.443555301514717826e+01,5.259873412978895324e+00
6.445555873106602007e+01,5.251271406862720426e+00
6.447556444698486189e+01,5.777488224537167483e+00
6.449557016290368949e+01,5.957955922985369135e+00
6.451557587882251710e+01,5.464591095222086636e+00
6.453558159474135891e+01,5.329811009807851718e+00
6.455558731066020073e+01,5.420277861169362055e+00
6.457559302657902833e+01,4.899078488268646225e+00
6.459559874249785594e+01,5.139794810794467317e+00
6.461560445841669775e+01,5.743683308958280165e+00
6.463561017433552536e+01,5.391673795976628547e+00
6.465561589025435296e+01,5.074662676755004043e+00
6.467562160617319478e+01,4.251946931747023761e+00
6.469562732209203659e+01,4.265068377744808181e+00
6.471563303801086420e+01,5.144685764744666656e+00
6.473563875392969180e+01,4.640326449796491559e+00
6.475564446984853362e+01,4.417848898383299527e+00
6.477565018576737543e+01,4.559083035902565584e+00
6.479565590168618883e+01,5.243328023010342065e+00
6.481566161760503064e+01,4.152888986320554920e+00
6.483566733352387246e+01,4.474139614835987544e+00
6.485567304944270006e+01,4.554963258693735639e+00
6.487567876536152767e+01,4.976482479193673925e+00
6.489568448128036948e+01,5.193686540576021748e+00
6.491569019719921130e+01,4.794269107297631116e+00
6.493569591311803890e+01,6.348020454452181660e+00
6.495570162903686651e+01,5.804086759271807061e+00
6.497570734495570832e+01,6.947578846234898187e+00
6.499571306087453593e+01,6.941929188877641543e+00
6.501571877679336353e+01,7.691307455111418889e+00
6.503572449271220535e+01,8.531721260404836471e+00
6.505573020863104716e+01,8.602727187869069425e+00
6.507573592454987477e+01,9.007330957133566685e+00
6.509574164046870237e+01,9.141954535700101303e+00
6.511574735638754419e+01,9.886820795897724778e+00
6.513575307230638600e+01,1.030938454990497632e+01
6.515575878822521361e+01,1.132283369010008300e+01
6.517576450414404121e+01,1.112075255121712658e+01
6.519577022006288303e+01,1.144700257675900446e+01
6.521577593598171063e+01,1.176524360910335787e+01
6.523578165190053824e+01,1.185167431797147763e+01
6.525578736781938005e+01,1.206230737337346426e+01
6.527579308373822187e+01,1.191454730517397564e+01
6.529579879965704947e+01,1.093529255191786120e+01
6.531580451557587708e+01,1.033342648830584132e+01
6.533581023149471889e+01,9.881200493722838374e+00
6.535581594741354650e+01,1.008981196926922763e+01
6.537582166333237410e+01,9.075335799710094520e+00
6.539582737925121592e+01,7.896882585471309390e+00
6.541583309517005773e+01,7.616753682153161620e+00
6.543583881108888534e+01,6.629928313451791233e+00
6.545584452700771294e+01,6.469015214899596522e+00
6.547585024292655476e+01,6.234245666342946635e+00
6.549585595884539657e+01,5.606117204401960485e+00
6.551586167476422418e+01,5.791249934285348289e+00
6.553586739068305178e+01,5.282073116078928265e+00
6.555587310660189360e+01,5.416120011985580796e+00
6.557587882252072120e+01,4.562549371013247423e+00
6.559588453843954881e+01,4.012561073663695410e+00
6.561589025435839062e+01,4.324387024844380534e+00
6.563589597027723244e+01,4.551412508437681304e+00
6.565590168619606004e+01,4.296260073488248565e+00
6.567590740211488765e+01,4.082489260595856706e+00
6.569591311803372946e+01,4.513608518351741594e+00
6.571591883395257128e+01,4.025803261113670928e+00
6.573592454987138467e+01,4.724438886670558446e+00
6.575593026579022649e+01,4.185754213429838444e+00
6.577593598170906830e+01,3.267281769945692638e+00
6.579594169762789591e+01,3.348189648631805237e+00
6.581594741354672351e+01,3.259096041015794309e+00
6.583595312946556533e+01,3.638595050192833469e+00
6.585595884538440714e+01,3.573107337759485080e+00
6.587596456130323475e+01,3.303645106397070652e+00
6.589597027722206235e+01,4.009831017430656175e+00
6.591597599314090417e+01,3.708381317594033000e+00
6.593598170905973177e+01,4.478332384191716642e+00
6.595598742497855937e+01,3.274944018585378203e+00
6.597599314089740119e+01,3.653767339962689320e+00
6.599599885681624301e+01,3.431383142670537900e+00
6.601600457273507061e+01,3.596864206546463549e+00
6.603601028865389821e+01,4.227068015870281137e+00
6.605601600457274003e+01,3.888566676056737226e+00
6.607602172049158185e+01,4.257442113311287635e+00
6.609602743641040945e+01,3.493832612545830330e+00
6.611603315232923705e+01,3.818950506194171535e+00
6.613603886824807887e+01,3.914369993343306930e+00
6.615604458416690647e+01,3.456867331502998297e+00
6.617605030008573408e+01,3.692482857043567712e+00
6.619605601600457589e+01,4.248019304118980877e+00
6.621606173192341771e+01,3.749281868639242177e+00
6.623606744784224531e+01,3.708437058393279528e+00
6.625607316376107292e+01,3.854691769179733551e+00
6.627607887967991473e+01,3.151044669226420236e+00
6.629608459559874234e+01,4.074734031749881247e+00
6.631609031151756994e+01,4.104460750711908190e+00
6.633609602743641176e+01,3.676986625612941317e+00
6.635610174335525357e+01,3.758961822616607495e+00
6.637610745927408118e+01,4.076237922279068115e+00
6.639611317519290878e+01,3.204964992950947167e+00
6.641611889111175060e+01,3.680632733723259609e+00
6.643612460703059241e+01,4.104808088719759773e+00
6.645613032294942002e+01,3.947643862189175845e+00
6.647613603886824762e+01,4.390455559675555008e+00
6.649614175478708944e+01,3.891733310123579148e+00
6.651614747070591704e+01,3.686447057399518279e+00
6.653615318662474465e+01,4.345763525434861663e+00
6.655615890254358646e+01,3.195298300655387003e+00
6.657616461846242828e+01,4.022761746010949935e+00
6.659617033438125588e+01,4.286472367774645242e+00
6.661617605030008349e+01,3.992322584350091574e+00
6.663618176621892530e+01,4.088591273947573157e+00
6.665618748213776712e+01,4.197700976335069001e+00
6.667619319805658051e+01,4.065327402099271126e+00
6.669619891397542233e+01,4.488160041587380356e+00
6.671620462989426414e+01,4.443673612708999521e+00
6.673621034581309175e+01,3.579753038044486857e+00
6.675621606173191935e+01,4.637792928716732987e+00
6.677622177765076117e+01,4.429800690103161465e+00
6.679622749356960298e+01,3.830745900274341587e+00
6.681623320948843059e+01,4.343536020533365516e+00
6.683623892540725819e+01,4.442757156783605055e+00
6.685624464132610001e+01,4.271190405655092448e+00
6.687625035724492761e+01,4.547345654183896357e+00
6.689625607316375522e+01,3.991007173702867838e+00
6.691626178908259703e+01,3.774502288594623778e+00
6.693626750500143885e+01,3.332078286166000769e+00
6.695627322092026645e+01,4.481343813837008305e+00
6.697627893683909406e+01,3.870815321105641083e+00
6.699628465275793587e+01,3.683501193761593129e+00
6.701629036867677769e+01,3.970017623497310133e+00
6.703629608459560529e+01,4.329956334614907476e+00
6.705630180051443290e+01,4.728487979587113976e+00
6.707630751643327471e+01,4.621229547392045056e+00
6.709631323235210232e+01,5.065374388838232989e+00
6.711631894827092992e+01,4.524691184810567535e+00
6.713632466418977174e+01,4.421616916590743074e+00
6.715633038010861355e+01,4.915066484242544220e+00
6.717633609602744116e+01,4.247208053854412135e+00
6.719634181194626876e+01,4.337935937743367276e+00
6.721634752786511058e+01,5.844738553301334960e+00
6.723635324378393818e+01,5.592420353169453406e+00
6.725635895970276579e+01,6.800515060177934501e+00
6.727636467562160760e+01,6.285138965311739767e+00
6.729637039154044942e+01,6.748900382282139176e+00
6.731637610745927702e+01,6.152121337948958768e+00
6.733638182337810463e+01,7.444218444126382117e+00
6.735638753929694644e+01,7.701261416178106778e+00
6.737639325521578826e+01,7.631279784812146971e+00
6.739639897113461586e+01,8.527526277831837476e+00
6.741640468705344347e+01,9.390107294004486960e+00
6.743641040297228528e+01,9.821377162983166542e+00
6.745641611889111289e+01,1.018486472503729878e+01
6.747642183480994049e+01,1.030548400331514358e+01
6.749642755072878231e+01,1.063113792150115344e+01
6.751643326664762412e+01,1.089546310090797299e+01
6.753643898256645173e+01,1.115007382994557616e+01
6.755644469848527933e+01,1.233232913238094675e+01
6.757645041440412115e+01,1.253336629015689141e+01
6.759645613032296296e+01,1.245546878842332994e+01
6.761646184624177636e+01,1.150539571713291664e+01
6.763646756216061817e+01,1.199591464803636676e+01
6.765647327807945999e+01,1.270269251998416848e+01
6.767647899399828759e+01,1.302538038343586280e+01
6.769648470991711520e+01,1.247555394129351214e+01
6.771649042583595701e+01,1.264707875073079180e+01
6.773649614175479883e+01,1.304977141553892039e+01
6.775650185767362643e+01,1.233229804046796474e+01
6.777650757359245404e+01,1.193128648226780086e+01
6.779651328951129585e+01,1.133410005922749164e+01
6.781651900543012346e+01,1.189752584078029152e+01
6.783652472134895106e+01,1.130037377746363347e+01
6.785653043726779288e+01,1.114142330534909853e+01
6.787653615318663469e+01,1.111812246947071792e+01
6.789654186910546230e+01,1.106799587996547984e+01
6.791654758502428990e+01,9.871118517080086363e+00
6.793655330094313172e+01,9.115943879215784307e+00
6.795655901686197353e+01,8.946431855182472859e+00
6.797656473278080114e+01,8.137322176663706941e+00
6.799657044869962874e+01,7.648759921830015074e+00
6.801657616461847056e+01,7.792733846133295117e+00
6.803658188053729816e+01,6.915894516652832280e+00
6.805658759645612577e+01,6.763858092542673894e+00
6.807659331237496758e+01,6.169969539682549353e+00
6.809659902829380940e+01,5.654021453908741002e+00
6.811660474421263700e+01,5.212056387362696164e+00
6.813661046013146461e+01,5.512293714238792219e+00
6.815661617605030642e+01,5.155312055122586834e+00
6.817662189196913403e+01,4.505999588051526672e+00
6.819662760788796163e+01,4.759826273529831120e+00
6.821663332380680345e+01,5.423880678255375898e+00
6.823663903972564526e+01,3.971924165453321720e+00
6.825664475564447287e+01,4.822159841929680724e+00
6.827665047156330047e+01,4.067652308707852882e+00
6.829665618748214229e+01,4.671614729371403207e+00
6.831666190340098410e+01,4.620253924727773409e+00
6.833666761931981171e+01,4.657660892204983583e+00
6.835667333523863931e+01,4.540718432615686417e+00
6.837667905115748113e+01,4.697159118922321852e+00
6.839668476707630873e+01,4.039009270592834433e+00
6.841669048299513634e+01,4.523389538432670776e+00
6.843669619891397815e+01,4.523393475894325277e+00
6.845670191483281997e+01,4.416663691568606609e+00
6.847670763075164757e+01,4.692150214185873303e+00
6.849671334667047518e+01,4.408326291371926331e+00
6.851671906258931699e+01,4.554680251649306122e+00
6.853672477850815881e+01,3.697734066049345625e+00
6.855673049442697220e+01,4.301132942211234322e+00
6.857673621034581402e+01,4.114051370790676287e+00
6.859674192626465583e+01,3.623966234652693075e+00
6.861674764218348344e+01,3.351261651515978102e+00
6.863675335810231104e+01,4.488220588566584013e+00
6.865675907402115286e+01,4.017710570318454799e+00
6.867676478993999467e+01,3.132043644984165098e+00
6.869677050585882228e+01,4.595957871868971978e+00
6.871677622177764988e+01,3.787517314474060370e+00
6.873678193769649170e+01,3.924029024052719805e+00
6.875678765361531930e+01,4.503663941059818931e+00
6.877679336953414690e+01,4.035008196539759062e+00
6.879679908545298872e+01,3.517255413562287103e+00
6.881680480137183054e+01,4.599537895664533416e+00
6.883681051729065814e+01,3.838363873690253669e+00
6.885681623320948574e+01,3.691558087773258556e+00
6.887682194912832756e+01,3.968710208678429385e+00
6.889682766504716938e+01,4.319368319937225031e+00
6.891683338096599698e+01,3.448121775516887588e+00
6.893683909688482458e+01,4.116079997828448356e+00
6.895684481280366640e+01,3.508768013098516825e+00
6.897685052872249400e+01,3.299108507077125996e+00
6.899685624464132161e+01,4.089313456320723184e+00
6.901686196056016342e+01,3.878580404506253743e+00
6.903686767647900524e+01,4.004732709147732272e+00
6.905687339239783284e+01,3.948190437300416633e+00
6.907687910831666045e+01,3.746352036044518830e+00
6.909688482423550226e+01,4.602198694478836671e+00
6.911689054015432987e+01,4.198703122409072286e+00
6.913689625607315747e+01,4.280038702639529902e+00
6.915690197199199929e+01,4.105079197397079049e+00
6.917690768791084110e+01,4.722095059225575042e+00
6.919691340382966871e+01,4.144345529264759520e+00
6.921691911974849631e+01,4.049501455254439719e+00
6.923692483566733813e+01,4.265980154557762027e+00
6.925693055158617994e+01,4.519953970225952133e+00
6.927693626750500755e+01,4.064411081689903504e+00
6.929694198342383515e+01,5.172156608955609691e+00
6.931694769934267697e+01,4.694299513004160040e+00
6.933695341526150457e+01,5.068732855470565291e+00
6.935695913118033218e+01,5.016878250812314199e+00
6.937696484709917399e+01,4.122691832089153685e+00
6.939697056301801581e+01,4.866660322143229855e+00
6.941697627893684341e+01,5.253817254149865335e+00
6.943698199485567102e+01,5.402376854230816150e+00
6.945698771077451283e+01,4.675733251164649218e+00
6.947699342669335465e+01,4.810396867886070460e+00
6.949699914261216804e+01,5.505341869859686099e+00
6.951700485853100986e+01,5.074998670136722012e+00
6.953701057444985167e+01,4.030105424510846746e+00
6.955701629036867928e+01,5.115079876038547191e+00
6.957702200628750688e+01,4.891683467713232147e+00
6.959702772220634870e+01,5.149907001839343579e+00
6.961703343812519051e+01,3.869056459827723948e+00
6.963703915404401812e+01,4.562149083190075949e+00
6.965704486996284572e+01,3.989038811860263767e+00
6.967705058588168754e+01,4.170876830024095483e+00
6.969705630180051514e+01,4.635226515983009499e+00
6.971706201771934275e+01,5.010728864966032425e+00
6.973706773363818456e+01,4.317199861746430223e+00
6.975707344955702638e+01,4.249301853456897149e+00
6.977707916547585398e+01,4.142436534696795292e+00
6.979708488139468159e+01,4.131929768981095208e+00
6.981709059731352340e+01,3.844635182414831043e+00
6.983709631323236522e+01,4.046353520351770428e+00
6.985710202915119282e+01,4.097746984795646696e+00
6.987710774507002043e+01,3.810130771665696692e+00
6.989711346098886224e+01,4.244577329786135778e+00
6.991711917690768985e+01,5.001107368377680551e+00
6.993712489282651745e+01,4.037655968634525472e+00
6.995713060874535927e+01,4.648068984338793008e+00
6.997713632466420108e+01,3.522740227338564178e+00
6.999714204058302869e+01,3.997610683450466773e+00
7.001714775650185629e+01,4.223332273660338032e+00
7.003715347242069811e+01,4.555328663259787803e+00
7.005715918833952571e+01,3.274263837229964391e+00
7.007716490425835332e+01,3.096449840202262660e+00
7.009717062017719513e+01,3.943542755003532019e+00
7.011717633609603695e+01,3.718950764167516798e+00
7.013718205201486455e+01,4.047871479641992565e+00
7.015718776793369216e+01,3.721211277082037583e+00
7.017719348385253397e+01,3.554706133856865957e+00
7.019719919977137579e+01,3.345048213167112205e+00
7.021720491569020339e+01,4.091568789889387325e+00
7.023721063160903100e+01,3.438885030717994784e+00
7.025721634752787281e+01,3.327244152961404744e+00
7.027722206344670042e+01,3.059268510760165594e+00
7.029722777936552802e+01,3.656113579898125909e+00
7.031723349528436984e+01,3.351893345999558349e+00
7.033723921120321165e+01,3.255777540153132588e+00
7.035724492712203926e+01,3.770473017946164074e+00
7.037725064304086686e+01,3.545326442690734492e+00
7.039725635895970868e+01,4.022056794223700216e+00
7.041726207487855049e+01,3.220031276851141211e+00
7.043726779079736389e+01,3.642199230305979363e+00
7.045727350671620570e+01,3.392162339734345888e+00
7.047727922263504752e+01,3.632433055142657352e+00
7.049728493855387512e+01,3.693860100321088691e+00
7.051729065447270273e+01,3.238806670927906417e+00
7.053729637039154454e+01,3.359740741186916679e+00
7.055730208631038636e+01,3.858044589267313640e+00
7.057730780222921396e+01,3.993677485806767180e+00
7.059731351814804157e+01,3.487632853288584300e+00
7.061731923406688338e+01,4.216283593470961932e+00
7.063732494998571099e+01,3.352633939352982484e+00
7.065733066590453859e+01,3.653066517455247020e+00
7.067733638182338041e+01,3.228022649666115740e+00
7.069734209774222222e+01,4.328587248672500998e+00
7.071734781366104983e+01,3.459328216664297351e+00
7.073735352957987743e+01,3.606204342898016613e+00
7.075735924549871925e+01,3.346310106414938534e+00
7.077736496141756106e+01,3.425915956978984767e+00
7.079737067733638867e+01,3.261757483017963644e+00
7.081737639325521627e+01,3.785403938611560548e+00
7.083738210917405809e+01,3.714714149493792306e+00
7.085738782509288569e+01,3.218564572240757204e+00
7.087739354101171330e+01,3.958128808107852947e+00
7.089739925693055511e+01,3.864732832899098636e+00
7.091740497284939693e+01,3.883609826999369741e+00
7.093741068876822453e+01,3.254101235056440000e+00
7.095741640468705214e+01,4.580055808172821763e+00
7.097742212060589395e+01,3.936448994117926148e+00
7.099742783652472156e+01,3.219362388540709219e+00
7.101743355244354916e+01,3.454426037703191010e+00
7.103743926836239098e+01,3.773955989571528669e+00
7.105744498428123279e+01,3.224543875972764706e+00
7.107745070020006040e+01,3.385312392193073450e+00
7.109745641611888800e+01,3.370356856974773496e+00
7.111746213203772982e+01,3.812690276975875037e+00
7.113746784795657163e+01,3.999262872324344631e+00
7.115747356387539924e+01,3.323498231269933267e+00
7.117747927979422684e+01,3.399620369096743921e+00
7.119748499571306866e+01,3.940574119778784912e+00
7.121749071163189626e+01,3.952801482838747216e+00
7.123749642755072387e+01,3.754718872608361124e+00
7.125750214346956568e+01,3.290600896970864664e+00
7.127750785938840750e+01,4.321411261049796337e+00
7.129751357530723510e+01,4.352888205813814082e+00
7.131751929122606271e+01,3.258173961076908931e+00
7.133752500714490452e+01,3.497600366390342330e+00
7.135753072306374634e+01,3.487281756828109813e+00
7.137753643898255973e+01,3.552514432942594613e+00
7.139754215490140155e+01,3.354143844047182466e+00
7.141754787082024336e+01,3.408602549160135720e+00
7.143755358673907097e+01,4.257226314349008334e+00
7.145755930265789857e+01,3.334837814728488947e+00
7.147756501857674039e+01,4.026995958455709790e+00
7.149757073449558220e+01,3.688851066245269816e+00
7.151757645041440981e+01,3.500155373653651480e+00
7.153758216633323741e+01,3.771593925245564805e+00
7.155758788225207923e+01,3.896449320630949398e+00
7.157759359817090683e+01,2.809244368542967329e+00
7.159759931408973443e+01,3.721032485139818213e+00
7.161760503000857625e+01,4.091432686441430100e+00
7.163761074592741807e+01,3.169141152789341831e+00
7.165761646184624567e+01,4.157000519967881225e+00
7.167762217776507327e+01,3.020782167857257949e+00
7.169762789368391509e+01,3.094951257498369301e+00
7.171763360960275691e+01,3.813601066564757058e+00
7.173763932552158451e+01,3.574077160048031665e+00
7.175764504144041211e+01,3.707892691137331553e+00
7.177765075735925393e+01,3.814837170054968141e+00
7.179765647327808153e+01,4.088458147401654585e+00
7.181766218919690914e+01,3.882593514459653505e+00
7.183766790511575095e+01,3.290114746705896653e+00
7.185767362103459277e+01,3.985984066562752393e+00
7.187767933695342037e+01,3.452291721970079053e+00
7.189768505287224798e+01,4.061311673854053339e+00
7.191769076879108979e+01,3.956471529984640245e+00
7.193769648470991740e+01,3.736721633997720282e+00
7.195770220062874500e+01,4.481398767102815484e+00
7.197770791654758682e+01,4.738264944333359097e+00
7.199771363246642863e+01,3.869681909649075990e+00
7.201771934838525624e+01,4.739440415960981312e+00
7.203772506430408384e+01,4.781514198405710125e+00
7.205773078022292566e+01,4.676830841631770319e+00
7.207773649614176747e+01,4.123719963140088929e+00
7.209774221206059508e+01,4.583248413558153267e+00
7.211774792797942268e+01,4.390473892086601992e+00
7.213775364389826450e+01,5.088525951944931514e+00
7.215775935981709210e+01,4.953272465955315340e+00
7.217776507573591971e+01,4.648790133129661051e+00
7.219777079165476152e+01,4.637720975932509759e+00
7.221777650757360334e+01,5.853911278500776305e+00
7.223778222349243094e+01,5.550349397468857582e+00
7.225778793941125855e+01,6.032686814191462688e+00
7.227779365533010036e+01,5.761033641182661036e+00
7.229779937124894218e+01,6.321903291268906599e+00
7.231780508716775557e+01,6.120773344794577575e+00
7.233781080308659739e+01,6.344033173252066504e+00
7.235781651900543920e+01,7.072268153226214160e+00
7.237782223492426681e+01,7.159384460735221722e+00
7.239782795084309441e+01,7.615557566747138019e+00
7.241783366676193623e+01,8.047139046996283795e+00
7.243783938268077804e+01,7.907184635982343224e+00
7.245784509859960565e+01,8.506060537496923146e+00
7.247785081451843325e+01,8.234066006676680871e+00
7.249785653043727507e+01,8.409635013889484867e+00
7.251786224635610267e+01,7.601211261134528385e+00
7.253786796227493028e+01,7.405335174735540704e+00
7.255787367819377209e+01,7.628555510705735898e+00
7.257787939411261391e+01,7.691476650216761968e+00
7.259788511003144151e+01,8.082294176339868130e+00
7.261789082595026912e+01,8.027675560379545772e+00
7.263789654186911093e+01,7.198364535106459350e+00
7.265790225778795275e+01,6.879523655156714490e+00
7.267790797370678035e+01,7.172355753337741113e+00
7.269791368962560796e+01,7.023063146043445393e+00
7.271791940554444977e+01,6.818384337859102473e+00
7.273792512146327738e+01,7.101428309035116015e+00
7.275793083738210498e+01,6.105637978416644351e+00
7.277793655330094680e+01,6.642548248577722525e+00
7.279794226921978861e+01,7.002874941377037032e+00
7.281794798513861622e+01,7.209048692404568470e+00
7.283795370105744382e+01,7.358262975280924323e+00
7.285795941697628564e+01,7.664688652231727239e+00
7.287796513289511324e+01,7.341957707447031467e+00
7.289797084881394085e+01,8.246067096235032423e+00
7.291797656473278266e+01,8.044870778925986343e+00
7.293798228065162448e+01,8.343396170951352886e+00
7.295798799657045208e+01,8.959241249597315715e+00
7.297799371248927969e+01,8.923838442009403238e+00
7.299799942840812150e+01,9.010592277603299394e+00
7.301800514432696332e+01,9.487459685368646589e+00
7.303801086024579092e+01,9.476896191741246867e+00
7.305801657616461853e+01,9.842169110440504909e+00
7.307802229208346034e+01,9.583689125187850877e+00
7.309802800800228795e+01,9.592791784655972265e+00
7.311803372392111555e+01,9.216165712661149811e+00
7.313803943983995737e+01,8.645086511599981094e+00
7.315804515575879918e+01,8.548334026622029569e+00
7.317805087167762679e+01,8.815940725254668209e+00
7.319805658759645439e+01,7.711905698766724271e+00
7.321806230351529621e+01,7.621535716596999244e+00
7.323806801943413802e+01,6.095965287498724017e+00
7.325807373535295142e+01,6.317223097876259352e+00
7.327807945127179323e+01,5.993004403632471444e+00
7.329808516719063505e+01,5.735277611110943141e+00
7.331809088310946265e+01,5.132076246089771310e+00
7.333809659902829026e+01,5.642964070976338675e+00
7.335810231494713207e+01,4.754567629905586124e+00
7.337810803086597389e+01,4.678693374003736416e+00
7.339811374678480149e+01,4.422510204303576664e+00
7.341811946270362910e+01,4.118238399484365431e+00
7.343812517862247091e+01,4.295777100036448637e+00
7.345813089454129852e+01,3.916669015854524094e+00
7.347813661046012612e+01,3.992046423736241856e+00
7.349814232637896794e+01,3.750371910070536607e+00
7.351814804229780975e+01,4.021585002663240260e+00
7.353815375821663736e+01,3.257653758187513127e+00
7.355815947413546496e+01,3.780201774728900510e+00
7.357816519005430678e+01,4.364842434170388863e+00
7.359817090597314859e+01,4.213643337265084554e+00
7.361817662189197620e+01,4.534846091102236798e+00
7.363818233781080380e+01,3.305458716867454072e+00
7.365818805372964562e+01,3.506141758449387247e+00
7.367819376964847322e+01,3.623893733429883746e+00
7.369819948556730083e+01,3.559111159131214119e+00
7.371820520148614264e+01,3.425928794803539734e+00
7.373821091740498446e+01,4.526189412977263515e+00
7.375821663332381206e+01,3.434177221258369883e+00
7.377822234924263967e+01,3.305401953861025977e+00
7.379822806516148148e+01,3.723565382134128576e+00
7.381823378108030909e+01,3.018674258525955167e+00
7.383823949699913669e+01,3.427776270477923326e+00
7.385824521291797851e+01,2.894995272675446873e+00
7.387825092883682032e+01,3.157935636054856943e+00
7.389825664475564793e+01,4.011167560358345874e+00
7.391826236067447553e+01,3.629896478511907887e+00
7.393826807659331735e+01,3.271923771730389952e+00
7.395827379251215916e+01,3.992978700507459067e+00
7.397827950843098677e+01,3.291116730361689502e+00
7.399828522434981437e+01,3.483653033161433044e+00
7.401829094026865619e+01,3.143911442168059622e+00
7.403829665618748379e+01,3.183982837830799273e+00
7.405830237210632561e+01,2.912422583899048512e+00
7.407830808802515321e+01,3.456528695500465265e+00
7.409831380394398082e+01,3.263671485408139006e+00
7.411831951986282263e+01,3.061233797951301572e+00
7.413832523578165024e+01,3.708365153895902822e+00
7.415833095170049205e+01,3.571799369163297655e+00
7.417833666761931966e+01,4.150139026539210185e+00
7.419834238353816147e+01,4.136258255393325811e+00
7.421834809945698908e+01,2.841937602207884606e+00
7.423835381537583089e+01,2.630953243621121818e+00
7.425835953129465850e+01,3.560551842811935597e+00
7.427836524721348610e+01,2.942806156812286300e+00
7.429837096313232792e+01,3.249702992529243328e+00
7.431837667905115552e+01,3.583407961610399539e+00
7.433838239496999734e+01,3.705123710697477257e+00
7.435838811088882494e+01,3.019380253101060507e+00
7.437839382680766676e+01,3.524848717954494948e+00
7.439839954272649436e+01,3.906526319126194746e+00
7.441840525864533618e+01,2.909384228894318802e+00
7.443841097456416378e+01,3.803758808417620596e+00
7.445841669048300560e+01,3.846783061597578879e+00
7.447842240640183320e+01,3.364224313054266169e+00
7.449842812232066080e+01,3.276674087555075943e+00
7.451843383823950262e+01,4.113557829381254471e+00
7.453843955415833022e+01,3.442007632877844614e+00
7.455844527007717204e+01,3.243842178015972966e+00
7.457845098599599964e+01,3.188400693560327959e+00
7.459845670191484146e+01,3.277275755000286672e+00
7.461846241783366906e+01,3.369772091587367679e+00
7.463846813375251088e+01,2.960972710914364647e+00
7.465847384967133848e+01,4.432541006568889941e+00
7.467847956559016609e+01,4.267186077183723114e+00
7.469848528150900790e+01,4.114471177301357585e+00
7.471849099742783551e+01,3.032292371420153732e+00
7.473849671334667732e+01,3.787902059056282855e+00
7.475850242926550493e+01,3.363913977039777681e+00
7.477850814518434674e+01,3.223511980908344565e+00
7.479851386110317435e+01,2.846009488814435606e+00
7.481851957702201616e+01,3.065293245411627510e+00
7.483852529294084377e+01,3.187436687918971501e+00
7.485853100885967137e+01,3.670286107195352532e+00
7.487853672477851319e+01,4.253515922957996409e+00
7.489854244069734079e+01,4.509366365136253663e+00
7.491854815661618261e+01,3.531301871844399809e+00
7.493855387253501021e+01,4.468427009706187114e+00
7.495855958845385203e+01,3.822973661173166171e+00
7.497856530437267963e+01,3.934688836916427679e+00
7.499857102029152145e+01,4.067401092751105729e+00
7.501857673621034905e+01,4.804573518532900600e+00
7.503858245212917666e+01,4.466283656856320228e+00
7.505858816804801847e+01,4.734202148252960818e+00
7.507859388396684608e+01,6.238566771930386778e+00
7.509859959988568789e+01,5.820987208187750284e+00
7.511860531580451550e+01,5.336987206273958506e+00
7.513861103172335731e+01,6.467734786822621373e+00
7.515861674764218492e+01,7.031292289894489400e+00
7.517862246356102673e+01,6.918766140284220434e+00
7.519862817947985434e+01,7.591375299116377207e+00
7.521863389539868194e+01,8.031149455910037815e+00
7.523863961131752376e+01,8.315329078511862093e+00
7.525864532723635136e+01,8.302879020632106588e+00
7.527865104315519318e+01,8.756100911390502617e+00
7.529865675907402078e+01,8.884396500175274269e+00
7.531866247499286260e+01,8.548942286303757854e+00
7.533866819091169020e+01,8.514857383681956549e+00
7.535867390683053202e+01,9.014091317673750936e+00
7.537867962274935962e+01,8.218727625658527103e+00
7.539868533866820144e+01,7.699634161414642186e+00
7.541869105458702904e+01,6.875687434071816817e+00
7.543869677050585665e+01,7.948142019392803626e+00
7.545870248642469846e+01,6.681067668355853861e+00
7.547870820234352607e+01,6.084663876450255415e+00
7.549871391826236788e+01,5.850594355227019427e+00
7.551871963418119549e+01,5.860982910043873062e+00
7.553872535010003730e+01,5.233750099226692321e+00
7.555873106601886491e+01,4.949342586203348660e+00
7.557873678193770672e+01,4.999898289399630436e+00
7.559874249785653433e+01,5.542534997933950436e+00
7.561874821377536193e+01,4.585476847773764852e+00
7.563875392969420375e+01,4.431151908980714538e+00
7.565875964561303135e+01,4.115778748565003475e+00
7.567876536153187317e+01,4.070056425437964975e+00
7.569877107745070077e+01,3.819711227101501017e+00
7.571877679336954259e+01,4.177007582393722274e+00
7.573878250928837019e+01,4.877816328028059090e+00
7.575878822520721201e+01,4.215394448495247026e+00
7.577879394112603961e+01,4.706453174607339029e+00
7.579879965704486722e+01,3.878836304977339555e+00
7.581880537296370903e+01,4.019176864472892241e+00
7.583881108888253664e+01,4.311866791476450800e+00
7.585881680480137845e+01,4.582732330679538002e+00
7.587882252072020606e+01,3.320830075818355542e+00
7.589882823663904787e+01,3.711346491406622761e+00
7.591883395255787548e+01,3.022153611227123893e+00
7.593883966847671729e+01,3.890138558031359661e+00
7.595884538439554490e+01,3.569444988371067495e+00
7.597885110031437250e+01,3.104861575555699638e+00
7.599885681623321432e+01,3.730645419698023435e+00
7.601886253215204192e+01,4.423423403187748626e+00
7.603886824807088374e+01,3.443074575800964432e+00
7.605887396398971134e+01,3.940542466781621123e+00
7.607887967990855316e+01,3.844838843693993091e+00
7.609888539582738076e+01,3.904053884145697317e+00
7.611889111174622258e+01,4.324454636050083955e+00
7.613889682766505018e+01,3.154577034927375845e+00
7.615890254358387779e+01,4.350312221339311947e+00
7.617890825950271960e+01,3.901085207339111349e+00
7.619891397542154721e+01,4.479671890132381762e+00
7.621891969134038902e+01,3.107306790908338279e+00
7.623892540725921663e+01,3.680323044793401444e+00
7.625893112317805844e+01,3.279891851992515317e+00
7.627893683909688605e+01,4.525956419398800001e+00
7.629894255501572786e+01,3.643130116696013499e+00
7.631894827093455547e+01,3.811566597426225833e+00
7.633895398685339728e+01,4.457230498577230193e+00
7.635895970277222489e+01,4.157119483012868599e+00
7.637896541869105249e+01,3.631585578600904807e+00
7.639897113460989431e+01,4.593963860349074224e+00
7.641897685052872191e+01,4.214897152028147964e+00
7.643898256644756373e+01,4.178329361157151034e+00
7.645898828236639133e+01,4.887143206900227632e+00
7.647899399828523315e+01,4.535830364216136168e+00
7.649899971420406075e+01,4.944713487158860943e+00
7.651900543012290257e+01,4.304902010480677887e+00
7.653901114604173017e+01,4.510931571376070259e+00
7.655901686196055778e+01,5.250780174521351817e+00
7.657902257787939959e+01,4.780057741910921365e+00
7.659902829379822720e+01,5.797973071358408781e+00
7.661903400971706901e+01,6.053470206422805866e+00
7.663903972563589662e+01,6.074125971248490075e+00
7.665904544155473843e+01,6.493383288792423436e+00
7.667905115747356604e+01,6.496963249262186046e+00
7.669905687339240785e+01,7.429995974334949516e+00
7.671906258931123546e+01,7.415989538156041228e+00
7.673906830523006306e+01,8.430031153398271471e+00
7.675907402114890488e+01,8.728480447499135764e+00
7.677907973706773248e+01,8.591807015467320952e+00
7.679908545298657430e+01,9.289899485079750718e+00
7.681909116890540190e+01,9.397075066287017719e+00
7.683909688482424372e+01,1.016645560362814038e+01
7.685910260074307132e+01,9.639413798850640092e+00
7.687910831666191314e+01,1.004800681230369896e+01
7.689911403258074074e+01,9.914743931081092754e+00
7.691911974849956835e+01,9.357851889077286600e+00
7.693912546441841016e+01,1.074768732557770434e+01
7.695913118033723777e+01,9.831519990127951303e+00
7.697913689625607958e+01,9.671357295264790821e+00
7.699914261217490719e+01,1.022268909986913954e+01
7.701914832809374900e+01,9.829617645194474562e+00
7.703915404401257661e+01,9.148595495758435447e+00
7.705915975993141842e+01,8.849138578912704389e+00
7.707916547585024603e+01,9.055950158249970627e+00
7.709917119176907363e+01,8.357648127529195392e+00
7.711917690768791545e+01,8.452894122945380673e+00
7.713918262360674305e+01,8.596377442373352551e+00
7.715918833952558487e+01,7.838674761003385782e+00
7.717919405544441247e+01,8.021775984335569376e+00
7.719919977136325429e+01,7.489338478650793718e+00
7.721920548728208189e+01,6.753792951750197560e+00
7.723921120320092371e+01,6.626366912360909467e+00
7.725921691911975131e+01,7.568458877481601732e+00
7.727922263503859313e+01,7.171626272536034463e+00
7.729922835095742073e+01,7.935759561654755601e+00
7.731923406687624833e+01,7.179421171923440426e+00
7.733923978279509015e+01,7.423066128143581466e+00
7.735924549871391775e+01,7.431313935208933685e+00
7.737925121463275957e+01,6.475838007142344033e+00
7.739925693055158717e+01,6.970411694644384148e+00
7.741926264647042899e+01,6.802127140856610410e+00
7.743926836238925659e+01,7.196383625441666432e+00
7.745927407830809841e+01,7.031580483727003283e+00
7.747927979422692601e+01,6.687004259964288266e+00
7.749928551014575362e+01,6.729179269335021196e+00
7.751929122606459543e+01,5.841349558966296485e+00
7.753929694198342304e+01,6.559614019663506213e+00
7.755930265790226485e+01,5.290481135340122876e+00
7.757930837382109246e+01,6.089573187936780485e+00
7.759931408973993427e+01,4.595141195487447483e+00
7.761931980565876188e+01,5.260311331370372656e+00
7.763932552157760369e+01,4.939808298961276378e+00
7.765933123749643130e+01,4.669030576545969424e+00
7.767933695341525890e+01,4.555381820287434991e+00
7.769934266933410072e+01,4.419544900683375133e+00
7.771934838525292832e+01,3.546760074992686640e+00
7.773935410117177014e+01,4.488658389270071325e+00
7.775935981709059774e+01,3.981994435137338417e+00
7.777936553300943956e+01,3.219806427561925588e+00
7.779937124892826716e+01,3.793194811129434019e+00
7.781937696484710898e+01,3.936160903210634388e+00
7.783938268076593658e+01,3.619581023473993575e+00
7.785938839668476419e+01,4.728233311170023434e+00
7.787939411260360600e+01,3.625740472365611922e+00
7.789939982852243361e+01,3.288211457659151016e+00
7.791940554444127542e+01,4.008557998424393531e+00
7.793941126036010303e+01,3.501263599899348211e+00
7.795941697627894484e+01,4.092007542003713638e+00
7.797942269219777245e+01,4.273902053619649699e+00
7.799942840811661426e+01,3.643804164839986814e+00
7.801943412403544187e+01,3.619350612409159673e+00
7.803943983995426947e+01,2.873160535143548966e+00
7.805944555587311129e+01,3.557987246544263904e+00
7.807945127179193889e+01,3.595552501551668723e+00
7.809945698771078071e+01,3.515231453157998232e+00
7.811946270362960831e+01,4.106292118378109812e+00
7.813946841954845013e+01,3.864412578378879637e+00
7.815947413546727773e+01,3.761325276451761734e+00
7.817947985138611955e+01,4.363462048722073661e+00
7.819948556730494715e+01,3.498691227643424551e+00
7.821949128322378897e+01,3.302609595683095645e+00
7.823949699914261657e+01,3.779309060369785644e+00
7.825950271506144418e+01,3.580670143460423560e+00
7.827950843098028599e+01,3.269026748733765420e+00
7.829951414689911360e+01,4.095253512211868063e+00
7.831951986281795541e+01,3.179152868817654909e+00
7.833952557873678302e+01,3.395762929715531175e+00
7.835953129465562483e+01,2.922860890987339033e+00
7.837953701057445244e+01,2.980264928856198203e+00
7.839954272649329425e+01,3.185723392101468932e+00
7.841954844241212186e+01,2.851260717976143777e+00
7.843955415833094946e+01,3.898898235696400594e+00
7.845955987424979128e+01,2.990408104444099990e+00
7.847956559016861888e+01,3.511093075652611528e+00
7.849957130608746070e+01,2.831134431823955300e+00
7.851957702200628830e+01,2.757892216749512571e+00
7.853958273792513012e+01,4.016951347752492296e+00
7.855958845384395772e+01,2.988119221537789194e+00
7.857959416976279954e+01,3.663020102098845321e+00
7.859959988568162714e+01,3.603214498291940071e+00
7.861960560160045475e+01,3.312889039881888653e+00
7.863961131751929656e+01,3.883256805174743143e+00
7.865961703343812417e+01,3.256157215253358661e+00
7.867962274935696598e+01,3.609132293258754398e+00
7.869962846527579359e+01,2.618220110842512049e+00
7.871963418119463540e+01,3.177393596216616878e+00
7.873963989711346301e+01,3.687900908703501734e+00
7.875964561303230482e+01,3.908889922729153366e+00
7.877965132895113243e+01,3.663091016953039514e+00
7.879965704486996003e+01,2.699296204007781697e+00
7.881966276078880185e+01,3.340846786302668736e+00
7.883966847670762945e+01,3.154480818375950513e+00
7.885967419262647127e+01,3.502721191121539679e+00
7.887967990854529887e+01,3.601431868132498604e+00
7.889968562446414069e+01,3.673561792535676496e+00
7.891969134038296829e+01,3.061687329033317972e+00
7.893969705630181011e+01,3.678536520177787317e+00
7.895970277222063771e+01,3.227848029464633672e+00
7.897970848813946532e+01,3.130034030721763560e+00
7.899971420405830713e+01,2.687337662438760599e+00
7.901971991997713474e+01,3.719575730667734170e+00
7.903972563589597655e+01,2.775283759722420029e+00
7.905973135181480416e+01,3.369290928728870593e+00
7.907973706773364597e+01,3.466344290180116694e+00
7.909974278365247358e+01,3.545880373928429030e+00
7.911974849957131539e+01,3.304781018312608509e+00
7.913975421549014300e+01,3.348722262390318338e+00
7.915975993140898481e+01,2.871090941609979907e+00
7.917976564732781242e+01,3.899575429175246910e+00
7.919977136324664002e+01,3.441625025706105401e+00
7.921977707916548184e+01,4.138863990834220630e+00
7.923978279508430944e+01,3.561663076651815807e+00
7.925978851100315126e+01,3.806581050649062270e+00
7.927979422692197886e+01,3.006775634464275537e+00
7.929979994284082068e+01,3.974567617255913454e+00
7.931980565875964828e+01,4.197361062324011627e+00
7.933981137467849010e+01,3.109882030858551527e+00
7.935981709059731770e+01,3.618330554076028882e+00
7.937982280651614531e+01,3.745949647846711805e+00
7.939982852243498712e+01,3.826991562975373906e+00
7.941983423835381473e+01,3.508272454602216595e+00
7.943983995427265654e+01,3.456157590933044865e+00
7.945984567019148415e+01,3.508525564734755964e+00
7.947985138611032596e+01,4.056953708298005168e+00
7.949985710202915357e+01,3.325331859573274151e+00
7.951986281794799538e+01,3.348437817765637092e+00
7.953986853386682299e+01,3.638843870675707137e+00
7.955987424978565059e+01,3.987531721231546644e+00
7.957987996570449241e+01,4.310525313963788463e+00
7.959988568162332001e+01,3.476375448246364019e+00
7.961989139754216183e+01,3.357495311253699377e+00
7.963989711346098943e+01,3.390009442211591395e+00
7.965990282937983125e+01,3.743185848638205471e+00
7.967990854529865885e+01,3.943498076398536334e+00
7.969991426121750067e+01,3.471185010415522409e+00
7.971991997713632827e+01,3.179386122523921721e+00
7.973992569305515588e+01,3.247105535843916257e+00
7.975993140897399769e+01,3.674624964822401640e+00
7.977993712489282530e+01,3.728214920307028279e+00
7.979994284081166711e+01,3.315432839660795938e+00
7.981994855673049472e+01,3.517668176759742860e+00
7.983995427264933653e+01,2.573546640136367358e+00
7.985995998856816414e+01,4.049147956735275500e+00
7.987996570448700595e+01,2.975135078440046321e+00
7.989997142040583356e+01,3.829794867845714545e+00
7.991997713632466116e+01,3.716313668617001742e+00
7.993998285224350298e+01,2.984074641069257794e+00
7.995998856816233058e+01,3.621938406265273525e+00
7.997999428408117240e+01,3.677262608107438879e+00
8.000000000000000000e+01,2.586793533996861516e+00
