angle,intensity
1.000000000000000000e+01,5.962999179576062403e+00
1.002000571591883471e+01,5.590329090140119916e+00
1.004001143183766764e+01,5.254695301571086219e+00
1.006001714775650235e+01,5.629133300256427219e+00
1.008002286367533529e+01,5.497891999539916696e+00
1.010002857959417000e+01,5.500427476994245168e+00
1.012003429551300293e+01,5.363772153133158582e+00
1.014004001143183764e+01,5.037799555034704113e+00
1.016004572735067235e+01,5.427982239911862905e+00
1.018005144326950528e+01,5.930951169846643722e+00
1.020005715918833999e+01,4.848013688796328324e+00
1.022006287510717293e+01,5.558644045888819107e+00
1.024006859102600764e+01,5.684163055371932671e+00
1.026007430694484057e+01,5.572247850786004264e+00
1.028008002286367528e+01,5.644668372642122733e+00
1.030008573878250999e+01,6.140872886236049766e+00
1.032009145470134293e+01,6.550879775018234596e+00
1.034009717062017764e+01,5.753475090418938009e+00
1.036010288653901057e+01,5.525149417257095408e+00
1.038010860245784528e+01,5.302485275813397791e+00
1.040011431837667999e+01,5.958719883953619956e+00
1.042012003429551292e+01,5.655391275400390327e+00
1.044012575021434763e+01,5.278259173712186225e+00
1.046013146613318057e+01,4.884950702352293561e+00
1.048013718205201528e+01,5.328603913941361014e+00
1.050014289797084821e+01,5.585023889170430245e+00
1.052014861388968292e+01,5.547414485019304564e+00
1.054015432980851585e+01,5.824287086187737827e+00
1.056016004572735056e+01,5.999319798376477664e+00
1.058016576164618527e+01,4.882696168073386467e+00
1.060017147756501821e+01,6.410390313213316205e+00
1.062017719348385292e+01,5.632467258243862851e+00
1.064018290940268585e+01,5.575166123747235858e+00
1.066018862532152056e+01,5.775186177769823459e+00
1.068019434124035527e+01,5.496885317354939460e+00
1.070020005715918820e+01,5.936088265959140742e+00
1.072020577307802292e+01,5.951685946321212839e+00
1.074021148899685585e+01,5.317573559622211121e+00
1.076021720491569056e+01,5.600313377606036092e+00
1.078022292083452349e+01,5.672851090388290274e+00
1.080022863675335820e+01,6.155002472159358362e+00
1.082023435267219291e+01,5.647730370755764895e+00
1.084024006859102585e+01,5.172834033245383267e+00
1.086024578450986056e+01,5.474128014426895561e+00
1.088025150042869349e+01,4.777459315935834283e+00
1.090025721634752820e+01,6.025740299762450292e+00
1.092026293226636113e+01,5.680738634433245338e+00
1.094026864818519584e+01,5.944090781340374718e+00
1.096027436410403055e+01,5.120126851030059711e+00
1.098028008002286349e+01,5.975402721234989833e+00
1.100028579594169820e+01,5.656477533439684180e+00
1.102029151186053113e+01,5.404141835529864935e+00
1.104029722777936584e+01,5.427521428629925815e+00
1.106030294369819877e+01,6.186804214217589859e+00
1.108030865961703348e+01,5.635434222235316426e+00
1.110031437553586819e+01,4.931263041442258022e+00
1.112032009145470113e+01,5.466414249462276942e+00
1.114032580737353584e+01,5.001866375081952754e+00
1.116033152329236877e+01,5.563847016448918659e+00
1.118033723921120348e+01,5.540409953226303585e+00
1.120034295513003642e+01,5.942890452549500324e+00
1.122034867104887113e+01,5.654119225035846519e+00
1.124035438696770584e+01,5.026765187367390197e+00
1.126036010288653877e+01,4.966581315704559074e+00
1.128036581880537348e+01,5.350125837727457423e+00
1.130037153472420641e+01,5.447352768348116214e+00
1.132037725064304112e+01,5.330319520600779626e+00
1.134038296656187583e+01,5.522521717750349168e+00
1.136038868248070877e+01,5.214844129896947678e+00
1.138039439839954348e+01,5.134581935565286415e+00
1.140040011431837641e+01,5.062837031368246699e+00
1.142040583023721112e+01,4.839784266991031814e+00
1.144041154615604405e+01,5.261441135342240116e+00
1.146041726207487876e+01,5.740571016241361235e+00
1.148042297799371170e+01,4.645224268849311500e+00
1.150042869391254641e+01,4.812815828078503166e+00
1.152043440983138112e+01,4.976033235409389022e+00
1.154044012575021405e+01,5.517084116166250496e+00
1.156044584166904876e+01,5.586933366295335546e+00
1.158045155758788169e+01,5.118043701065010609e+00
1.160045727350671640e+01,5.429298142664646498e+00
1.162046298942555111e+01,5.590255997187356662e+00
1.164046870534438405e+01,5.268717552228350698e+00
1.166047442126321876e+01,5.606594525848046295e+00
1.168048013718205169e+01,5.443749471114792016e+00
1.170048585310088640e+01,5.232500868105349312e+00
1.172049156901971934e+01,5.421956633649299917e+00
1.174049728493855405e+01,5.320140011642584099e+00
1.176050300085738698e+01,5.965633040738172355e+00
1.178050871677622169e+01,4.756475775093843339e+00
1.180051443269505640e+01,4.514338163707524387e+00
1.182052014861388933e+01,5.232178700743150834e+00
1.184052586453272404e+01,4.791053036194945491e+00
1.186053158045155698e+01,4.367633785787145229e+00
1.188053729637039169e+01,4.816368618196346318e+00
1.190054301228922640e+01,5.788399977353786419e+00
1.192054872820805933e+01,5.201964055763197869e+00
1.194055444412689404e+01,4.972745585536875623e+00
1.196056016004572697e+01,5.582666495987052002e+00
1.198056587596456168e+01,4.800861221895436515e+00
1.200057159188339639e+01,5.657127215780530349e+00
1.202057730780222933e+01,4.267217559478430289e+00
1.204058302372106226e+01,4.671491254210768496e+00
1.206058873963989697e+01,5.086414879900447161e+00
1.208059445555873168e+01,5.365422638720430015e+00
1.210060017147756461e+01,5.354351835868023102e+00
1.212060588739639932e+01,5.323989455771998891e+00
1.214061160331523226e+01,5.312613853892710125e+00
1.216061731923406697e+01,5.095653564055760754e+00
1.218062303515290168e+01,5.158136268631652754e+00
1.220062875107173461e+01,5.849859781094046696e+00
1.222063446699056932e+01,4.814324122206564027e+00
1.224064018290940226e+01,4.232395401967085746e+00
1.226064589882823697e+01,4.413287012107296903e+00
1.228065161474707168e+01,4.882839909541923262e+00
1.230065733066590461e+01,4.864029963026707648e+00
1.232066304658473754e+01,4.874274253228001008e+00
1.234066876250357225e+01,4.665717880423301267e+00
1.236067447842240696e+01,5.163606297139227586e+00
1.238068019434123990e+01,5.145144684101357946e+00
1.240068591026007461e+01,4.739520287308863544e+00
1.242069162617890754e+01,5.625638210801238159e+00
1.244069734209774225e+01,4.789069602749702170e+00
1.246070305801657696e+01,5.440633325800023457e+00
1.248070877393540989e+01,5.543737095803595416e+00
1.250071448985424460e+01,4.431298554515582744e+00
1.252072020577307754e+01,4.441699962379872524e+00
1.254072592169191225e+01,5.528232622634325466e+00
1.256073163761074696e+01,5.239746991488869909e+00
1.258073735352957989e+01,4.401583874087707571e+00
1.260074306944841460e+01,4.791195303654541604e+00
1.262074878536724754e+01,5.042909667796712014e+00
1.264075450128608225e+01,5.375162910965020302e+00
1.266076021720491518e+01,5.172117100033815973e+00
1.268076593312374989e+01,5.016611442071276628e+00
1.270077164904258282e+01,5.242088222067446956e+00
1.272077736496141753e+01,5.470203542004504982e+00
1.274078308088025224e+01,5.727120471543489799e+00
1.276078879679908518e+01,4.930223279144307469e+00
1.278079451271791989e+01,4.883068755046874543e+00
1.280080022863675282e+01,4.324172928645749536e+00
1.282080594455558753e+01,4.953239730551435294e+00
1.284081166047442224e+01,5.037206436075789995e+00
1.286081737639325517e+01,4.612640268473121807e+00
1.288082309231208988e+01,4.719339512511253609e+00
1.290082880823092282e+01,4.313794484941840146e+00
1.292083452414975753e+01,5.174859568407391919e+00
1.294084024006859224e+01,4.853075750768688579e+00
1.296084595598742517e+01,4.828343567103063450e+00
1.298085167190625810e+01,4.850646186027727680e+00
1.300085738782509281e+01,4.958047872201178485e+00
1.302086310374392752e+01,4.603317850290086000e+00
1.304086881966276046e+01,5.214219299935791696e+00
1.306087453558159517e+01,4.623539569425301643e+00
1.308088025150042810e+01,4.955440120904441414e+00
1.310088596741926281e+01,4.854058322558595151e+00
1.312089168333809752e+01,4.747326928523943224e+00
1.314089739925693046e+01,5.028166650482026157e+00
1.316090311517576517e+01,4.393202029281772170e+00
1.318090883109459810e+01,5.357005343315297097e+00
1.320091454701343281e+01,5.488045772687935475e+00
1.322092026293226752e+01,4.541407705137282314e+00
1.324092597885110045e+01,5.445645497599861606e+00
1.326093169476993339e+01,4.125138511659121932e+00
1.328093741068876810e+01,5.022196208080742075e+00
1.330094312660760281e+01,5.469888162309732849e+00
1.332094884252643574e+01,4.944636543222267200e+00
1.334095455844527045e+01,5.002817914533098431e+00
1.336096027436410338e+01,4.183749660581987939e+00
1.338096599028293809e+01,4.787694883517501943e+00
1.340097170620177280e+01,4.911458717115241512e+00
1.342097742212060574e+01,4.489471451720147499e+00
1.344098313803944045e+01,4.329859145124189013e+00
1.346098885395827338e+01,5.283135351306986749e+00
1.348099456987710809e+01,4.211669042532244056e+00
1.350100028579594280e+01,4.775692158635083118e+00
1.352100600171477573e+01,4.687666394546871729e+00
1.354101171763361044e+01,4.539801108440569166e+00
1.356101743355244338e+01,4.463787990920468296e+00
1.358102314947127809e+01,4.894078791120010763e+00
1.360102886539011102e+01,4.434334079924970418e+00
1.362103458130894573e+01,4.490472438104088582e+00
1.364104029722777867e+01,4.941315332505149982e+00
1.366104601314661338e+01,5.061197092356636951e+00
1.368105172906544809e+01,4.408410914949460135e+00
1.370105744498428102e+01,4.403983480585095478e+00
1.372106316090311573e+01,5.251440253213061737e+00
1.374106887682194866e+01,5.148271693598834631e+00
1.376107459274078337e+01,4.836205079724295253e+00
1.378108030865961808e+01,4.652583609115257701e+00
1.380108602457845102e+01,5.319456591269554835e+00
1.382109174049728573e+01,3.969539382253717275e+00
1.384109745641611866e+01,4.566920040039591733e+00
1.386110317233495337e+01,4.322609231667019714e+00
1.388110888825378808e+01,4.722942270355440897e+00
1.390111460417262101e+01,5.394560756169204829e+00
1.392112032009145395e+01,4.709365697849250409e+00
1.394112603601028866e+01,4.416360699901719755e+00
1.396113175192912337e+01,4.753725845443099729e+00
1.398113746784795630e+01,5.056809253977098351e+00
1.400114318376679101e+01,4.812722637942474790e+00
1.402114889968562395e+01,4.704500885852526793e+00
1.404115461560445866e+01,4.547752564150544963e+00
1.406116033152329337e+01,4.694648172175481804e+00
1.408116604744212630e+01,4.671791102674234253e+00
1.410117176336095923e+01,4.475307030979852385e+00
1.412117747927979394e+01,4.638862794055807370e+00
1.414118319519862865e+01,4.685532553491920993e+00
1.416118891111746336e+01,5.442786411903524524e+00
1.418119462703629630e+01,4.267172852920577242e+00
1.420120034295512923e+01,4.668696551036076059e+00
1.422120605887396394e+01,3.824868416512105629e+00
1.424121177479279865e+01,5.270119152662684492e+00
1.426121749071163336e+01,4.590257129278637827e+00
1.428122320663046629e+01,3.837651397284399746e+00
1.430122892254929923e+01,3.997948711804312882e+00
1.432123463846813394e+01,4.849373396281082549e+00
1.434124035438696865e+01,4.543341425326103078e+00
1.436124607030580158e+01,4.121139276499493853e+00
1.438125178622463629e+01,4.339539822655299695e+00
1.440125750214346922e+01,5.421159735308727967e+00
1.442126321806230393e+01,4.625421687992238517e+00
1.444126893398113864e+01,4.524424539752199159e+00
1.446127464989997158e+01,4.854251641894631319e+00
1.448128036581880451e+01,4.075980283021446660e+00
1.450128608173763922e+01,5.439477989157474269e+00
1.452129179765647393e+01,4.487227299872677655e+00
1.454129751357530864e+01,5.161302697064704681e+00
1.456130322949414158e+01,4.618276435589276474e+00
1.458130894541297451e+01,4.750247668666750300e+00
1.460131466133180922e+01,4.253143137739817448e+00
1.462132037725064393e+01,4.744999660704364075e+00
1.464132609316947686e+01,4.488335367472501503e+00
1.466133180908831157e+01,4.553516050253718639e+00
1.468133752500714451e+01,3.903665388945153136e+00
1.470134324092597922e+01,4.214475886434057017e+00
1.472134895684481393e+01,5.125728205946556315e+00
1.474135467276364686e+01,4.323360383397671924e+00
1.476136038868247979e+01,4.472163159506227004e+00
1.478136610460131450e+01,5.291493950212969644e+00
1.480137182052014921e+01,5.051687270026987697e+00
1.482137753643898392e+01,3.929734705924047944e+00
1.484138325235781686e+01,4.751109667204477915e+00
1.486138896827664979e+01,3.696964168016005914e+00
1.488139468419548450e+01,4.947938654310322093e+00
1.490140040011431921e+01,5.048389177899447411e+00
1.492140611603315392e+01,4.607205767972477162e+00
1.494141183195198685e+01,4.654361807870019518e+00
1.496141754787081979e+01,4.933710435398316996e+00
1.498142326378965450e+01,4.594619369634595607e+00
1.500142897970848921e+01,5.121995071483475215e+00
1.502143469562732214e+01,3.997003712746320936e+00
1.504144041154615508e+01,4.281119912451833542e+00
1.506144612746498979e+01,4.449350533589207402e+00
1.508145184338382450e+01,5.163026308112563356e+00
1.510145755930265921e+01,4.079143412618154052e+00
1.512146327522149214e+01,4.668095663566813158e+00
1.514146899114032507e+01,5.199752134705003748e+00
1.516147470705915978e+01,4.472354135553585408e+00
1.518148042297799449e+01,4.463891263585661129e+00
1.520148613889682920e+01,4.837771825828943051e+00
1.522149185481566214e+01,4.950076131485775299e+00
1.524149757073449507e+01,4.143140712893789157e+00
1.526150328665332978e+01,4.517458899677740725e+00
1.528150900257216449e+01,4.834836575894055244e+00
1.530151471849099742e+01,4.185761081039039766e+00
1.532152043440983036e+01,4.594496630734880682e+00
1.534152615032866507e+01,4.925700239469148478e+00
1.536153186624749978e+01,4.809752257574240630e+00
1.538153758216633449e+01,4.484726304318924939e+00
1.540154329808516742e+01,3.990944831659130720e+00
1.542154901400400036e+01,4.231719286250311463e+00
1.544155472992283507e+01,4.629168759769209274e+00
1.546156044584166978e+01,4.610346196660177753e+00
1.548156616176050449e+01,4.094170335586493792e+00
1.550157187767933742e+01,4.400040937389681162e+00
1.552157759359817035e+01,4.156736341013854918e+00
1.554158330951700506e+01,3.732793462351204461e+00
1.556158902543583977e+01,4.138763679882082158e+00
1.558159474135467271e+01,4.229883400770058977e+00
1.560160045727350742e+01,4.553547116727019173e+00
1.562160617319234035e+01,4.374039031875605943e+00
1.564161188911117506e+01,3.865331197333504498e+00
1.566161760503000977e+01,4.174325773496737391e+00
1.568162332094884270e+01,5.079351037973833805e+00
1.570162903686767564e+01,4.857074871347544232e+00
1.572163475278651035e+01,4.078268694024838936e+00
1.574164046870534506e+01,4.793880124972446310e+00
1.576164618462417977e+01,4.327044889788457027e+00
1.578165190054301270e+01,4.168221224806551106e+00
1.580165761646184563e+01,5.073163943127196873e+00
1.582166333238068034e+01,4.452162662107623348e+00
1.584166904829951505e+01,4.587431407127691152e+00
1.586167476421834799e+01,4.713455471392103746e+00
1.588168048013718270e+01,4.655300790648682963e+00
1.590168619605601563e+01,4.214561146395491065e+00
1.592169191197485034e+01,4.602867221758617511e+00
1.594169762789368505e+01,4.065981957121790558e+00
1.596170334381251799e+01,5.430708747741864073e+00
1.598170905973135092e+01,5.011318574393298420e+00
1.600171477565018563e+01,4.896333809215741795e+00
1.602172049156902034e+01,5.452997604455787517e+00
1.604172620748785505e+01,4.958752228624949687e+00
1.606173192340668976e+01,4.851153447431043375e+00
1.608173763932552092e+01,4.828526150148710450e+00
1.610174335524435563e+01,5.048211772134706621e+00
1.612174907116319034e+01,5.259504725489597909e+00
1.614175478708202505e+01,4.789835644128723757e+00
1.616176050300085620e+01,4.257650897331890505e+00
1.618176621891969091e+01,5.227044319021181273e+00
1.620177193483852562e+01,5.713399334068512303e+00
1.622177765075736033e+01,5.326139389197823704e+00
1.624178336667619504e+01,5.166000390462615499e+00
1.626178908259502620e+01,4.281441584762513131e+00
1.628179479851386091e+01,5.331024555034831636e+00
1.630180051443269562e+01,4.509177814320659117e+00
1.632180623035153033e+01,5.097898478488778196e+00
1.634181194627036149e+01,5.395177494675456487e+00
1.636181766218919620e+01,5.776809880357580695e+00
1.638182337810803091e+01,5.619493495360249113e+00
1.640182909402686562e+01,5.952878023415426156e+00
1.642183480994570033e+01,4.929976664601896985e+00
1.644184052586453504e+01,5.309051591584514895e+00
1.646184624178336620e+01,5.530399294827304857e+00
1.648185195770220091e+01,5.847886093697203691e+00
1.650185767362103562e+01,6.087857076351468777e+00
1.652186338953986677e+01,6.383642098070861692e+00
1.654186910545870148e+01,6.207087294536683508e+00
1.656187482137753619e+01,6.711878463872956502e+00
1.658188053729637090e+01,6.427853596702286509e+00
1.660188625321520561e+01,7.194116403125581982e+00
1.662189196913404032e+01,7.120249161133241245e+00
1.664189768505287148e+01,6.944562543908926244e+00
1.666190340097170619e+01,7.850713923896133650e+00
1.668190911689054090e+01,7.483743620050708145e+00
1.670191483280937561e+01,7.750559101876350887e+00
1.672192054872820677e+01,9.238536671906711462e+00
1.674192626464704148e+01,7.990696061353280477e+00
1.676193198056587619e+01,9.052510070962302535e+00
1.678193769648471090e+01,1.015159000357623320e+01
1.680194341240354561e+01,1.064920572056701964e+01
1.682194912832238032e+01,1.054497157543180563e+01
1.684195484424121148e+01,1.046320699841473889e+01
1.686196056016004619e+01,1.145203036593765944e+01
1.688196627607888090e+01,1.187209573261345597e+01
1.690197199199771205e+01,1.151975007944012575e+01
1.692197770791654676e+01,1.227817063494672567e+01
1.694198342383538147e+01,1.282649543120972879e+01
1.696198913975421618e+01,1.422746899611135518e+01
1.698199485567305089e+01,1.366195948687197159e+01
1.700200057159188560e+01,1.510435316578632481e+01
1.702200628751071676e+01,1.592863369083114655e+01
1.704201200342955147e+01,1.586490530193007231e+01
1.706201771934838618e+01,1.672759890571956731e+01
1.708202343526722089e+01,1.741718268657007584e+01
1.710202915118605205e+01,1.847884002861124841e+01
1.712203486710488676e+01,1.910976776648563913e+01
1.714204058302372147e+01,2.004252811527348399e+01
1.716204629894255618e+01,2.023572814311257062e+01
1.718205201486139089e+01,2.117608831668721336e+01
1.720205773078022204e+01,2.129897593683011081e+01
1.722206344669905675e+01,2.274486539265615193e+01
1.724206916261789146e+01,2.383644703261779796e+01
1.726207487853672617e+01,2.492095729740836418e+01
1.728208059445555733e+01,2.498014959045957539e+01
1.730208631037439204e+01,2.623562446621532729e+01
1.732209202629322675e+01,2.779019686024648905e+01
1.734209774221206146e+01,2.841078412467778236e+01
1.736210345813089617e+01,2.970229465243014033e+01
1.738210917404973088e+01,3.051365395759763288e+01
1.740211488996856204e+01,3.164045908512115091e+01
1.742212060588739675e+01,3.335727384734971679e+01
1.744212632180623146e+01,3.396217444254070017e+01
1.746213203772506262e+01,3.576605179886513497e+01
1.748213775364389733e+01,3.697694746633414553e+01
1.750214346956273204e+01,3.870613194551407332e+01
1.752214918548156675e+01,3.964103840145308055e+01
1.754215490140040146e+01,4.137589010945541190e+01
1.756216061731923617e+01,4.348539113391696276e+01
1.758216633323806732e+01,4.448990371539751720e+01
1.760217204915690203e+01,4.637252599015836552e+01
1.762217776507573674e+01,4.779195628107257221e+01
1.764218348099457145e+01,4.973218946714120392e+01
1.766218919691340261e+01,5.117318537462698913e+01
1.768219491283223732e+01,5.267202675369670573e+01
1.770220062875107203e+01,5.449372712705062582e+01
1.772220634466990674e+01,5.573148383193377242e+01
1.774221206058874145e+01,5.754534760576518693e+01
1.776221777650757616e+01,6.058947791424941443e+01
1.778222349242640732e+01,6.227230589324400967e+01
1.780222920834524203e+01,6.399910478771317912e+01
1.782223492426407674e+01,6.638392332338712265e+01
1.784224064018290790e+01,6.809522784885214719e+01
1.786224635610174261e+01,7.050269482504828034e+01
1.788225207202057732e+01,7.359990829745170515e+01
1.790225778793941203e+01,7.515804831273968034e+01
1.792226350385824674e+01,7.795686363108828232e+01
1.794226921977708145e+01,8.042532599653229397e+01
1.796227493569591260e+01,8.244445463974622612e+01
1.798228065161474731e+01,8.482774887310623058e+01
1.800228636753358202e+01,8.733040802954732840e+01
1.802229208345241318e+01,8.981914304452180886e+01
1.804229779937124789e+01,9.128877436223736197e+01
1.806230351529008260e+01,9.382717839330058496e+01
1.808230923120891731e+01,9.512708409802552012e+01
1.810231494712775202e+01,9.661786148442925537e+01
1.812232066304658673e+01,9.789427891987607211e+01
1.814232637896542144e+01,9.916846498141323707e+01
1.816233209488425260e+01,9.842196704299975352e+01
1.818233781080308731e+01,9.892551108002625426e+01
1.820234352672191847e+01,9.769712949878423558e+01
1.822234924264075318e+01,9.713981460844021854e+01
1.824235495855958789e+01,9.521887859721066150e+01
1.826236067447842260e+01,9.269716939879455708e+01
1.828236639039725731e+01,8.981474462407173576e+01
1.830237210631609202e+01,8.577861623252869094e+01
1.832237782223492673e+01,8.214079874883748289e+01
1.834238353815375788e+01,7.722524194510077677e+01
1.836238925407259259e+01,7.248559273489746602e+01
1.838239496999142730e+01,6.710518452135976020e+01
1.840240068591025846e+01,6.096278720508153981e+01
1.842240640182909317e+01,5.621183432587680073e+01
1.844241211774792788e+01,5.078964191668812589e+01
1.846241783366676259e+01,4.574589591830424240e+01
1.848242354958559730e+01,4.143819257974664083e+01
1.850242926550443201e+01,3.753446345554206687e+01
1.852243498142326672e+01,3.294088456349335559e+01
1.854244069734209788e+01,3.031607674073614334e+01
1.856244641326093259e+01,2.768296553425188478e+01
1.858245212917976374e+01,2.482464848103037980e+01
1.860245784509859845e+01,2.263934640607720183e+01
1.862246356101743316e+01,2.153044276342514252e+01
1.864246927693626787e+01,1.965550918632805377e+01
1.866247499285510258e+01,1.862811377439001603e+01
1.868248070877393729e+01,1.783007282920203451e+01
1.870248642469277200e+01,1.648417603617923177e+01
1.872249214061160316e+01,1.602357437289471065e+01
1.874249785653043787e+01,1.711225947812908998e+01
1.876250357244927258e+01,1.609329870332529566e+01
1.878250928836810374e+01,1.586974708150484403e+01
1.880251500428693845e+01,1.517574185028115075e+01
1.882252072020577316e+01,1.522064075273918426e+01
1.884252643612460787e+01,1.510262354537631069e+01
1.886253215204344258e+01,1.638159694836976854e+01
1.888253786796227729e+01,1.559966012206824715e+01
1.890254358388111200e+01,1.651525544249721378e+01
1.892254929979994316e+01,1.616883393886301334e+01
1.894255501571877787e+01,1.645816531537931837e+01
1.896256073163760902e+01,1.674170817152048230e+01
1.898256644755644373e+01,1.709218820851639364e+01
1.900257216347527844e+01,1.647917653599122190e+01
1.902257787939411315e+01,1.805483160806797116e+01
1.904258359531294786e+01,1.800551809963625161e+01
1.906258931123178257e+01,1.797986231364232168e+01
1.908259502715061728e+01,1.906749920808186261e+01
1.910260074306944844e+01,1.931251806919465963e+01
1.912260645898828315e+01,1.883247733670279445e+01
1.914261217490711431e+01,2.017146821997770090e+01
1.916261789082594902e+01,2.124382581579362039e+01
1.918262360674478373e+01,2.192287155935827769e+01
1.920262932266361844e+01,2.192993384565681936e+01
1.922263503858245315e+01,2.189310242773848358e+01
1.924264075450128786e+01,2.303082961947826135e+01
1.926264647042012257e+01,2.417556662050862570e+01
1.928265218633895373e+01,2.473945409858012567e+01
1.930265790225778844e+01,2.493292506082307369e+01
1.932266361817662315e+01,2.503258935390598694e+01
1.934266933409545430e+01,2.585585593529455650e+01
1.936267505001428901e+01,2.771252037450696548e+01
1.938268076593312372e+01,2.748068647146342869e+01
1.940268648185195843e+01,2.826815103782300298e+01
1.942269219777079314e+01,2.866493604521458138e+01
1.944269791368962785e+01,2.967147846136599298e+01
1.946270362960846256e+01,3.080412396465003155e+01
1.948270934552729372e+01,3.108406294830703587e+01
1.950271506144612843e+01,3.093040465166448172e+01
1.952272077736495959e+01,3.149830873324810909e+01
1.954272649328379430e+01,3.191238446994420741e+01
1.956273220920262901e+01,3.318365961325063296e+01
1.958273792512146372e+01,3.278209712838980749e+01
1.960274364104029843e+01,3.223948834072274394e+01
1.962274935695913314e+01,3.201370698294883255e+01
1.964275507287796785e+01,3.186881085043660633e+01
1.966276078879679901e+01,3.138742894991207777e+01
1.968276650471563372e+01,3.088757442426206268e+01
1.970277222063446487e+01,3.020817095198572844e+01
1.972277793655329958e+01,2.811529497403292055e+01
1.974278365247213429e+01,2.752786801677900996e+01
1.976278936839096900e+01,2.571966949727135443e+01
1.978279508430980371e+01,2.468516315396887961e+01
1.980280080022863842e+01,2.279391493665505664e+01
1.982280651614747313e+01,2.167623809285993630e+01
1.984281223206630784e+01,1.945368720521202022e+01
1.986281794798513900e+01,1.811802513515506163e+01
1.988282366390397371e+01,1.612794800476984491e+01
1.990282937982280487e+01,1.578999686937481428e+01
1.992283509574163958e+01,1.408975449803097035e+01
1.994284081166047429e+01,1.214267495055329960e+01
1.996284652757930900e+01,1.164447702720359423e+01
1.998285224349814371e+01,1.055297683583685853e+01
2.000285795941697842e+01,1.056872731439377766e+01
2.002286367533581313e+01,9.692750730599330566e+00
2.004286939125464428e+01,8.950008415201214262e+00
2.006287510717347899e+01,8.643372748880599588e+00
2.008288082309231015e+01,8.559404043882478774e+00
2.010288653901114486e+01,8.014452733124297623e+00
2.012289225492997957e+01,7.648323457468018560e+00
2.014289797084881428e+01,8.452457830387658078e+00
2.016290368676764899e+01,7.618112963972150098e+00
2.018290940268648370e+01,7.107491707795107416e+00
2.020291511860531841e+01,6.890818089934777291e+00
2.022292083452414957e+01,7.609964666272389877e+00
2.024292655044298428e+01,7.227454410101534776e+00
2.026293226636181899e+01,7.472551793252344865e+00
2.028293798228065015e+01,7.922348627869158832e+00
2.030294369819948486e+01,8.220968131789916811e+00
2.032294941411831957e+01,7.346654073083731973e+00
2.034295513003715428e+01,7.763815958379794324e+00
2.036296084595598899e+01,7.494738183202530379e+00
2.038296656187482370e+01,8.402507008309628489e+00
2.040297227779365841e+01,7.827266266489292690e+00
2.042297799371248956e+01,9.175844326304080312e+00
2.044298370963132427e+01,9.216467655605555365e+00
2.046298942555015543e+01,8.802060422032177200e+00
2.048299514146899014e+01,8.810651789240274923e+00
2.050300085738782485e+01,9.929281973825716534e+00
2.052300657330665956e+01,9.351368684303633216e+00
2.054301228922549427e+01,1.073486288872328132e+01
2.056301800514432898e+01,1.042385354750097548e+01
2.058302372106316369e+01,1.041494760836949141e+01
2.060302943698199485e+01,1.127712381910304629e+01
2.062303515290082956e+01,1.244474556733769610e+01
2.064304086881966072e+01,1.181886896835531076e+01
2.066304658473849543e+01,1.344301337489079273e+01
2.068305230065733014e+01,1.265116203214340729e+01
2.070305801657616485e+01,1.380745444919274512e+01
2.072306373249499956e+01,1.434922085666413949e+01
2.074306944841383427e+01,1.421027308104812903e+01
2.076307516433266898e+01,1.422650906186696673e+01
2.078308088025150369e+01,1.560318324447369065e+01
2.080308659617033484e+01,1.564099332181396385e+01
2.082309231208916955e+01,1.710369770062341388e+01
2.084309802800800071e+01,1.723803996267686500e+01
2.086310374392683542e+01,1.797462143430620074e+01
2.088310945984567013e+01,1.814178287950132784e+01
2.090311517576450484e+01,1.900219778230466972e+01
2.092312089168333955e+01,1.984516480165464003e+01
2.094312660760217426e+01,1.981982117809320343e+01
2.096313232352100897e+01,2.050724268928869520e+01
2.098313803943984013e+01,2.270184529983939825e+01
2.100314375535867484e+01,2.253383017870167748e+01
2.102314947127750600e+01,2.338418868557550923e+01
2.104315518719634071e+01,2.388277675738192585e+01
2.106316090311517542e+01,2.566203894996906243e+01
2.108316661903401013e+01,2.612240268657125597e+01
2.110317233495284484e+01,2.718923696264959489e+01
2.112317805087167955e+01,2.805734723525137753e+01
2.114318376679051426e+01,2.822611724899360297e+01
2.116318948270934541e+01,2.995672893272799797e+01
2.118319519862818012e+01,2.978331578195506779e+01
2.120320091454701483e+01,3.178851327456313669e+01
2.122320663046584599e+01,3.208197510871131897e+01
2.124321234638468070e+01,3.264812328382537032e+01
2.126321806230351541e+01,3.392233459718364941e+01
2.128322377822235012e+01,3.475621101027591919e+01
2.130322949414118483e+01,3.488236693516292064e+01
2.132323521006001954e+01,3.537344498038505947e+01
2.134324092597885425e+01,3.624666823840657770e+01
2.136324664189768541e+01,3.619747920682723930e+01
2.138325235781652012e+01,3.574477223148834071e+01
2.140325807373535127e+01,3.518986666986029377e+01
2.142326378965418598e+01,3.480830128277921176e+01
2.144326950557302069e+01,3.410338186052818799e+01
2.146327522149185540e+01,3.219918005085906998e+01
2.148328093741069011e+01,3.072906219435830621e+01
2.150328665332952482e+01,2.971150504341004961e+01
2.152329236924835953e+01,2.840236379046254811e+01
2.154329808516719069e+01,2.681485915771025930e+01
2.156330380108602540e+01,2.558057610190797249e+01
2.158330951700485656e+01,2.321887896029976872e+01
2.160331523292369127e+01,2.088917164034189256e+01
2.162332094884252598e+01,1.954028769313804048e+01
2.164332666476136069e+01,1.761120347352961346e+01
2.166333238068019540e+01,1.597598890666627547e+01
2.168333809659903011e+01,1.401391735218052048e+01
2.170334381251786482e+01,1.342574310358339318e+01
2.172334952843669598e+01,1.229410913668769822e+01
2.174335524435553069e+01,1.091434046696225479e+01
2.176336096027436540e+01,1.035313787034172606e+01
2.178336667619319655e+01,9.214938172902256142e+00
2.180337239211203126e+01,8.938938506282962493e+00
2.182337810803086597e+01,7.735316017702507096e+00
2.184338382394970068e+01,7.130136909299746861e+00
2.186338953986853539e+01,6.868162842415779679e+00
2.188339525578737010e+01,6.299042868365299697e+00
2.190340097170620481e+01,6.349327972613634685e+00
2.192340668762503597e+01,5.402759048049215806e+00
2.194341240354387068e+01,5.972556290264817491e+00
2.196341811946270184e+01,5.083434969667923298e+00
2.198342383538153655e+01,4.805849941990652852e+00
2.200342955130037126e+01,4.048902650136080084e+00
2.202343526721920597e+01,4.874841068942472155e+00
2.204344098313804068e+01,4.726550205505049895e+00
2.206344669905687539e+01,4.855842772727062773e+00
2.208345241497571010e+01,3.502212469437523179e+00
2.210345813089454126e+01,3.858665752677633343e+00
2.212346384681337597e+01,4.143934125929628287e+00
2.214346956273221068e+01,4.489420553748829867e+00
2.216347527865104183e+01,3.424854990638586560e+00
2.218348099456987654e+01,4.614081653375146530e+00
2.220348671048871125e+01,4.375370373032047233e+00
2.222349242640754596e+01,3.983710089762705131e+00
2.224349814232638067e+01,3.292748156158383566e+00
2.226350385824521538e+01,3.811252988257654906e+00
2.228350957416405009e+01,3.921446866181381719e+00
2.230351529008288125e+01,3.175705308964116291e+00
2.232352100600171596e+01,3.735087830038037460e+00
2.234352672192054712e+01,3.468556437040932749e+00
2.236353243783938183e+01,3.775312610998337703e+00
2.238353815375821654e+01,4.096860626045042864e+00
2.240354386967705125e+01,3.004325981016749747e+00
2.242354958559588596e+01,3.484842857272850480e+00
2.244355530151472067e+01,3.806657510471118222e+00
2.246356101743355538e+01,4.292163791234512971e+00
2.248356673335238654e+01,3.745108535780699910e+00
2.250357244927122125e+01,2.962755078314291524e+00
2.252357816519005240e+01,4.297314159502692021e+00
2.254358388110888711e+01,3.744542553505375793e+00
2.256358959702772182e+01,3.490729658477263353e+00
2.258359531294655653e+01,3.904983443652001451e+00
2.260360102886539124e+01,3.399177389077713940e+00
2.262360674478422595e+01,3.381255541795622044e+00
2.264361246070306066e+01,3.268068432778360233e+00
2.266361817662189182e+01,4.066566090590713500e+00
2.268362389254072653e+01,3.084827724715664132e+00
2.270362960845956124e+01,3.315970283996265699e+00
2.272363532437839240e+01,3.445445075379633515e+00
2.274364104029722711e+01,3.610683840260453525e+00
2.276364675621606182e+01,3.762341315005397924e+00
2.278365247213489653e+01,3.571763033587112446e+00
2.280365818805373124e+01,3.637549330024619998e+00
2.282366390397256595e+01,3.224563600361514126e+00
2.284366961989140066e+01,2.471817909558388315e+00
2.286367533581023181e+01,3.366550621121092046e+00
2.288368105172906652e+01,2.352330099006092468e+00
2.290368676764789768e+01,3.696275152651978591e+00
2.292369248356673239e+01,2.425057190570845123e+00
2.294369819948556710e+01,2.659414600521491145e+00
2.296370391540440181e+01,3.305568224099782348e+00
2.298370963132323652e+01,3.237945118620188190e+00
2.300371534724207123e+01,3.157486739066744263e+00
2.302372106316090594e+01,3.055942793836416094e+00
2.304372677907973710e+01,3.060215813267205043e+00
2.306373249499857181e+01,2.910062017622205399e+00
2.308373821091740652e+01,3.039627477722351756e+00
2.310374392683623768e+01,3.362110969539992666e+00
2.312374964275507239e+01,3.299183267112252516e+00
2.314375535867390710e+01,3.760623977188137346e+00
2.316376107459274181e+01,3.136752146358529281e+00
2.318376679051157652e+01,3.286410240871169286e+00
2.320377250643041123e+01,3.125328116188519356e+00
2.322377822234924594e+01,2.754759122346757572e+00
2.324378393826807709e+01,3.568569322946749445e+00
2.326378965418691180e+01,3.759529748049008191e+00
2.328379537010574296e+01,2.712487109731805290e+00
2.330380108602457767e+01,2.865518506332300319e+00
2.332380680194341238e+01,2.445050796785281033e+00
2.334381251786224709e+01,2.890651648405015983e+00
2.336381823378108180e+01,3.288058170942888214e+00
2.338382394969991651e+01,3.591531038313696911e+00
2.340382966561875122e+01,3.603725954787245556e+00
2.342383538153758238e+01,3.333432339362945473e+00
2.344384109745641709e+01,3.424584670152557742e+00
2.346384681337524825e+01,2.667458834690949132e+00
2.348385252929408296e+01,3.842699040956502721e+00
2.350385824521291767e+01,3.253038176001055604e+00
2.352386396113175238e+01,2.714588174585543356e+00
2.354386967705058709e+01,3.150030868883717083e+00
2.356387539296942180e+01,3.961174904374730854e+00
2.358388110888825651e+01,3.857474194946423740e+00
2.360388682480708766e+01,3.932832716241493110e+00
2.362389254072592237e+01,3.045049471815018727e+00
2.364389825664475708e+01,3.193035827276768934e+00
2.366390397256358824e+01,3.929435072477441171e+00
2.368390968848242295e+01,3.094710705949688556e+00
2.370391540440125766e+01,3.028245594375849947e+00
2.372392112032009237e+01,3.753069482229838272e+00
2.374392683623892708e+01,3.682792730865172892e+00
2.376393255215776179e+01,4.145020776322092537e+00
2.378393826807659650e+01,4.176005777401984531e+00
2.380394398399542766e+01,2.834983086129171159e+00
2.382394969991426237e+01,3.429177881393977945e+00
2.384395541583309353e+01,3.682745054350875513e+00
2.386396113175192824e+01,3.834813736459910860e+00
2.388396684767076295e+01,3.840188899581836068e+00
2.390397256358959766e+01,4.189869567655209792e+00
2.392397827950843237e+01,3.602011476272447776e+00
2.394398399542726708e+01,3.859113179362570811e+00
2.396398971134610179e+01,3.923431269292736445e+00
2.398399542726493294e+01,4.506785461364026801e+00
2.400400114318376765e+01,4.440239521650170218e+00
2.402400685910260236e+01,5.287691200344412756e+00
2.404401257502143352e+01,5.268986146505971746e+00
2.406401829094026823e+01,5.667396783308110919e+00
2.408402400685910294e+01,5.015363170075039179e+00
2.410402972277793765e+01,5.857286497176080964e+00
2.412403543869677236e+01,6.267964834928565487e+00
2.414404115461560707e+01,6.650999318030359930e+00
2.416404687053444178e+01,6.457587971970317753e+00
2.418405258645327294e+01,6.081094513788559475e+00
2.420405830237210765e+01,6.817820249963419954e+00
2.422406401829093880e+01,6.812340694394936058e+00
2.424406973420977351e+01,7.507192149619214661e+00
2.426407545012860822e+01,8.077989271910569258e+00
2.428408116604744293e+01,7.733211283898772770e+00
2.430408688196627764e+01,9.637858695335291159e+00
2.432409259788511235e+01,9.688825811738905003e+00
2.434409831380394706e+01,9.732444994302197117e+00
2.436410402972277822e+01,9.551049945209877379e+00
2.438410974564161293e+01,1.101293348479918954e+01
2.440411546156044409e+01,1.107035948710525730e+01
2.442412117747927880e+01,1.207574184231481240e+01
2.444412689339811351e+01,1.246749868963159535e+01
2.446413260931694822e+01,1.315373832925769548e+01
2.448413832523578293e+01,1.361011773834847460e+01
2.450414404115461764e+01,1.434633192589164707e+01
2.452414975707345235e+01,1.507119010685500449e+01
2.454415547299228351e+01,1.648387304024149103e+01
2.456416118891111822e+01,1.717229119781988800e+01
2.458416690482995293e+01,1.776081877170344114e+01
2.460417262074878408e+01,1.885775458058041210e+01
2.462417833666761879e+01,1.975003300779443549e+01
2.464418405258645350e+01,1.997547145964864512e+01
2.466418976850528821e+01,2.104940777651463080e+01
2.468419548442412292e+01,2.257904906996746064e+01
2.470420120034295763e+01,2.315049903882735904e+01
2.472420691626179234e+01,2.450261434759222468e+01
2.474421263218062350e+01,2.647462410707379021e+01
2.476421834809945821e+01,2.689821493720909729e+01
2.478422406401828937e+01,2.721013921943364977e+01
2.480422977993712408e+01,2.972211743288408314e+01
2.482423549585595879e+01,3.024822486149921730e+01
2.484424121177479350e+01,3.240080542775700678e+01
2.486424692769362821e+01,3.271259980511678833e+01
2.488425264361246292e+01,3.441654399010643317e+01
2.490425835953129763e+01,3.627890538815459820e+01
2.492426407545012879e+01,3.699519018131817916e+01
2.494426979136896350e+01,3.764389956096120216e+01
2.496427550728779821e+01,3.923143203569148341e+01
2.498428122320662936e+01,3.935710598292457973e+01
2.500428693912546407e+01,4.078366101996130766e+01
2.502429265504429878e+01,4.135521971423150234e+01
2.504429837096313349e+01,4.169500714979007228e+01
2.506430408688196820e+01,4.124637089521155531e+01
2.508430980280080291e+01,4.036038612143914861e+01
2.510431551871963762e+01,4.051824619732023081e+01
2.512432123463846878e+01,3.981512537408531216e+01
2.514432695055730349e+01,3.886082063065917680e+01
2.516433266647613465e+01,3.675719265037096761e+01
2.518433838239496936e+01,3.517565546334047610e+01
2.520434409831380407e+01,3.371107460025914548e+01
2.522434981423263878e+01,3.042932926417047668e+01
2.524435553015147349e+01,2.906856850977172968e+01
2.526436124607030820e+01,2.638030334688666301e+01
2.528436696198914291e+01,2.435318990986476706e+01
2.530437267790797407e+01,2.221048658996988934e+01
2.532437839382680878e+01,2.051292202659078612e+01
2.534438410974563993e+01,1.768515800964345885e+01
2.536438982566447464e+01,1.575891903893512769e+01
2.538439554158330935e+01,1.439860343255866937e+01
2.540440125750214406e+01,1.245211586342026422e+01
2.542440697342097877e+01,1.111045644092785878e+01
2.544441268933981348e+01,9.717279542150276228e+00
2.546441840525864819e+01,9.252677374519180376e+00
2.548442412117747935e+01,7.597545574596190399e+00
2.550442983709631406e+01,6.817507439186272222e+00
2.552443555301514877e+01,7.401323691502401658e+00
2.554444126893397993e+01,6.898018916155067792e+00
2.556444698485281464e+01,5.545219086761340677e+00
2.558445270077164935e+01,6.302900111852165033e+00
2.560445841669048406e+01,5.136961288583567153e+00
2.562446413260931877e+01,5.354555647501502591e+00
2.564446984852815348e+01,4.868618425834493557e+00
2.566447556444698819e+01,4.482819547887697098e+00
2.568448128036581934e+01,4.485821341507514326e+00
2.570448699628465405e+01,4.410133500217950697e+00
2.572449271220348521e+01,3.989804416602868997e+00
2.574449842812231992e+01,3.788765668460444047e+00
2.576450414404115463e+01,4.419571289345687326e+00
2.578450985995998934e+01,3.335553616957184886e+00
2.580451557587882405e+01,4.016678981102308477e+00
2.582452129179765876e+01,3.517226472464112241e+00
2.584452700771649347e+01,4.176201826108420612e+00
2.586453272363532463e+01,3.709892544110396706e+00
2.588453843955415934e+01,4.013959595142184256e+00
2.590454415547299405e+01,3.111306311594168150e+00
2.592454987139182521e+01,3.357366964747348526e+00
2.594455558731065992e+01,3.273481106397453821e+00
2.596456130322949463e+01,2.922942357574445094e+00
2.598456701914832934e+01,3.513504902800733909e+00
2.600457273506716405e+01,3.928920066654509657e+00
2.602457845098599520e+01,3.033300531247224541e+00
2.604458416690482991e+01,3.754376750111631189e+00
2.606458988282366462e+01,2.777253432141634448e+00
2.608459559874249933e+01,3.558344178025532045e+00
2.610460131466133404e+01,3.414526751105077196e+00
2.612460703058016520e+01,4.166221732804795685e+00
2.614461274649899991e+01,4.359867261817758965e+00
2.616461846241783462e+01,3.878715295208269964e+00
2.618462417833666933e+01,3.611738526828544238e+00
2.620462989425550404e+01,3.812536533414744522e+00
2.622463561017433520e+01,4.045610762548299100e+00
2.624464132609316991e+01,4.511795558712811349e+00
2.626464704201200462e+01,3.945765984293659656e+00
2.628465275793083933e+01,3.814382321211691185e+00
2.630465847384967049e+01,4.442357789270920954e+00
2.632466418976850520e+01,3.957857089345978352e+00
2.634466990568733991e+01,4.685459166959628163e+00
2.636467562160617462e+01,4.580863416616588246e+00
2.638468133752500933e+01,4.672167699647767236e+00
2.640468705344384048e+01,4.263537760067938720e+00
2.642469276936267519e+01,5.648146230629070175e+00
2.644469848528150990e+01,5.009703579860050660e+00
2.646470420120034461e+01,5.445142892560499881e+00
2.648470991711917932e+01,5.055289733128986995e+00
2.650471563303801048e+01,6.096255216982817693e+00
2.652472134895684519e+01,6.286499057466800267e+00
2.654472706487567990e+01,5.948565362243460442e+00
2.656473278079451461e+01,6.114069199557551570e+00
2.658473849671334932e+01,7.162730241233925099e+00
2.660474421263218048e+01,7.179069554025124589e+00
2.662474992855101519e+01,6.655151406304510076e+00
2.664475564446984990e+01,6.569262645812739443e+00
2.666476136038868461e+01,7.959169103672035561e+00
2.668476707630751577e+01,7.269962312917533254e+00
2.670477279222635048e+01,8.775568374862626086e+00
2.672477850814518519e+01,8.441693281621125422e+00
2.674478422406401990e+01,8.762745966786049223e+00
2.676478993998285461e+01,8.332599654051826121e+00
2.678479565590168576e+01,9.177440684986809316e+00
2.680480137182052047e+01,1.001756965789298448e+01
2.682480708773935518e+01,8.973181062010665343e+00
2.684481280365818989e+01,9.911512362936296228e+00
2.686481851957702460e+01,1.000072719068826466e+01
2.688482423549585576e+01,9.599697884797571135e+00
2.690482995141469047e+01,1.027907309926712287e+01
2.692483566733352518e+01,1.059098377362597354e+01
2.694484138325235989e+01,1.130753072820570182e+01
2.696484709917119105e+01,1.076862099006956086e+01
2.698485281509002576e+01,1.072415658376559655e+01
2.700485853100886047e+01,1.036861031455991977e+01
2.702486424692769518e+01,1.052627306292057341e+01
2.704486996284652989e+01,1.011236634840260784e+01
2.706487567876536104e+01,9.814059324521849703e+00
2.708488139468419575e+01,9.725194675512547349e+00
2.710488711060303046e+01,8.611886511161085167e+00
2.712489282652186517e+01,7.919140962376861381e+00
2.714489854244069988e+01,8.717697020017089571e+00
2.716490425835953104e+01,7.807171963713519958e+00
2.718490997427836575e+01,6.675782594905486533e+00
2.720491569019720046e+01,7.257181484102920521e+00
2.722492140611603517e+01,5.909578862109457376e+00
2.724492712203486633e+01,6.128995319978890244e+00
2.726493283795370104e+01,5.303041842975277476e+00
2.728493855387253575e+01,4.838331430656047871e+00
2.730494426979137046e+01,4.317129010838558045e+00
2.732494998571020517e+01,4.154651482043654198e+00
2.734495570162903633e+01,3.335254667936645934e+00
2.736496141754787104e+01,3.829410642056216396e+00
2.738496713346670575e+01,4.242926703185903037e+00
2.740497284938554046e+01,2.886601291114790246e+00
2.742497856530437517e+01,4.056141281344165961e+00
2.744498428122320632e+01,3.258969493638249837e+00
2.746498999714204103e+01,2.558202158726967212e+00
2.748499571306087574e+01,3.178410135282376814e+00
2.750500142897971045e+01,2.540006594368299009e+00
2.752500714489854516e+01,2.981076241790675319e+00
2.754501286081737632e+01,2.161637043422838467e+00
2.756501857673621103e+01,2.348127405918500443e+00
2.758502429265504574e+01,2.765344768509943041e+00
2.760503000857388045e+01,2.551418180504862576e+00
2.762503572449271161e+01,2.555132125619496097e+00
2.764504144041154632e+01,2.256823097077655049e+00
2.766504715633038103e+01,2.065472249287793716e+00
2.768505287224921574e+01,2.482141368612118537e+00
2.770505858816805045e+01,2.581185104766926308e+00
2.772506430408688161e+01,1.840041610463984956e+00
2.774507002000571632e+01,2.618895187609048492e+00
2.776507573592455103e+01,2.456571530485889721e+00
2.778508145184338574e+01,2.647668860398887603e+00
2.780508716776222045e+01,1.727881028727278334e+00
2.782509288368105160e+01,2.061331073355483490e+00
2.784509859959988631e+01,1.793457282324197877e+00
2.786510431551872102e+01,1.512472850360464083e+00
2.788511003143755573e+01,1.883961313356024458e+00
2.790511574735638689e+01,2.237219462958420113e+00
2.792512146327522160e+01,2.107795603066905610e+00
2.794512717919405631e+01,2.123934998021275167e+00
2.796513289511289102e+01,2.336322761131605752e+00
2.798513861103172573e+01,2.379860449830838665e+00
2.800514432695055689e+01,1.798857241446838673e+00
2.802515004286939160e+01,1.970984748141155762e+00
2.804515575878822631e+01,2.399087126869294373e+00
2.806516147470706102e+01,2.686687639508434255e+00
2.808516719062589573e+01,2.084673891996938533e+00
2.810517290654472689e+01,2.128052542531247759e+00
2.812517862246356160e+01,1.884855330690166086e+00
2.814518433838239631e+01,2.081247564104533154e+00
2.816519005430123102e+01,2.403883289427815484e+00
2.818519577022006217e+01,2.698594349701175954e+00
2.820520148613889688e+01,2.574998407895805919e+00
2.822520720205773159e+01,1.804909485534143210e+00
2.824521291797656630e+01,2.370326353386881024e+00
2.826521863389540101e+01,1.791375045765611906e+00
2.828522434981423217e+01,2.326203109009445935e+00
2.830523006573306688e+01,2.667036618594628816e+00
2.832523578165190159e+01,2.251199489826052780e+00
2.834524149757073630e+01,2.158826594686683364e+00
2.836524721348957101e+01,2.579310500706070375e+00
2.838525292940840217e+01,2.823509705221370680e+00
2.840525864532723688e+01,2.460102533542814829e+00
2.842526436124607159e+01,2.408820560574881142e+00
2.844527007716490630e+01,1.496860383772598446e+00
2.846527579308374101e+01,2.646696038610438784e+00
2.848528150900257216e+01,2.691540735690658437e+00
2.850528722492140687e+01,1.766707495786141280e+00
2.852529294084024158e+01,2.373232310033837500e+00
2.854529865675907629e+01,2.624556089306584461e+00
2.856530437267790745e+01,2.406720438054558819e+00
2.858531008859674216e+01,2.574870848652078159e+00
2.860531580451557687e+01,2.148707700751497640e+00
2.862532152043441158e+01,1.982432746343999685e+00
2.864532723635324629e+01,2.593688941048815977e+00
2.866533295227207745e+01,2.100630004650048122e+00
2.868533866819091216e+01,1.922035617182799250e+00
2.870534438410974687e+01,1.555872936453712496e+00
2.872535010002858158e+01,2.206287155490330054e+00
2.874535581594741629e+01,1.774149264647974622e+00
2.876536153186624745e+01,1.616985237068254033e+00
2.878536724778508216e+01,2.584743138277500574e+00
2.880537296370391687e+01,1.622091175303912003e+00
2.882537867962275158e+01,2.345121041681325291e+00
2.884538439554158273e+01,1.906835275649793937e+00
2.886539011146041744e+01,2.559784991522776831e+00
2.888539582737925215e+01,2.747220250095929295e+00
2.890540154329808686e+01,2.102991273496479074e+00
2.892540725921692157e+01,1.942518969154432895e+00
2.894541297513575273e+01,2.726085266615283942e+00
2.896541869105458744e+01,2.804171722468734362e+00
2.898542440697342215e+01,1.606657654480419195e+00
2.900543012289225686e+01,1.483803663084609425e+00
2.902543583881109157e+01,2.155761293863680983e+00
2.904544155472992273e+01,1.914025967263560890e+00
2.906544727064875744e+01,1.548333756886605350e+00
2.908545298656759215e+01,2.024500653832000729e+00
2.910545870248642686e+01,1.907427240373437138e+00
2.912546441840525802e+01,2.598484398097425263e+00
2.914547013432409273e+01,1.759563839463851087e+00
2.916547585024292744e+01,2.693472963682387089e+00
2.918548156616176215e+01,1.501824556470663818e+00
2.920548728208059686e+01,2.191974686273813422e+00
2.922549299799942801e+01,2.148166687684318177e+00
2.924549871391826272e+01,2.744911918769447290e+00
2.926550442983709743e+01,1.387668918966942666e+00
2.928551014575593214e+01,2.569689188313175165e+00
2.930551586167476685e+01,2.226982070460648888e+00
2.932552157759359801e+01,1.451351779723246915e+00
2.934552729351243272e+01,1.926342229371768688e+00
2.936553300943126743e+01,2.098333733083262320e+00
2.938553872535010214e+01,1.895263274006243837e+00
2.940554444126893330e+01,2.379366457598070639e+00
2.942555015718776801e+01,2.333303229394195100e+00
2.944555587310660272e+01,2.333441066989378143e+00
2.946556158902543743e+01,1.746946160666155823e+00
2.948556730494427214e+01,1.737726334304130038e+00
2.950557302086310330e+01,1.876801047908873921e+00
2.952557873678193801e+01,1.919858808874786327e+00
2.954558445270077272e+01,1.839988536644620254e+00
2.956559016861960743e+01,1.804785796196027414e+00
2.958559588453844214e+01,1.332178887300278003e+00
2.960560160045727329e+01,1.588229962440432130e+00
2.962560731637610800e+01,2.398542445215803731e+00
2.964561303229494271e+01,1.874879912480222899e+00
2.966561874821377742e+01,2.052974972287196831e+00
2.968562446413261213e+01,2.095950664677157071e+00
2.970563018005144329e+01,1.391858318287702900e+00
2.972563589597027800e+01,1.429415726115542462e+00
2.974564161188911271e+01,2.739686823403107763e+00
2.976564732780794742e+01,2.069793476869250526e+00
2.978565304372677858e+01,2.671718835451310170e+00
2.980565875964561329e+01,1.315720176064982150e+00
2.982566447556444800e+01,2.517336646151022705e+00
2.984567019148328271e+01,1.466694572715488754e+00
2.986567590740211742e+01,1.559762776784315186e+00
2.988568162332094857e+01,2.420788179185405120e+00
2.990568733923978328e+01,2.320133711950178146e+00
2.992569305515861799e+01,2.103071632241659827e+00
2.994569877107745270e+01,1.866693473152515992e+00
2.996570448699628741e+01,1.630756788981516436e+00
2.998571020291511857e+01,2.151933917890527681e+00
3.000571591883395328e+01,1.982123888596286854e+00
3.002572163475278799e+01,1.866860922287246982e+00
3.004572735067162270e+01,2.146258423550124750e+00
3.006573306659045386e+01,1.912168337960126419e+00
3.008573878250928857e+01,2.814400234851948124e+00
3.010574449842812328e+01,2.855259846366803522e+00
3.012575021434695799e+01,2.238815638369770600e+00
3.014575593026579270e+01,2.087472082192750378e+00
3.016576164618462386e+01,1.519580370427624727e+00
3.018576736210345857e+01,2.040240516816476557e+00
3.020577307802229328e+01,2.229915775091206420e+00
3.022577879394112799e+01,2.204495409916343629e+00
3.024578450985996270e+01,2.592927283350922707e+00
3.026579022577879385e+01,2.219010594758160870e+00
3.028579594169762856e+01,1.776223595582210768e+00
3.030580165761646327e+01,1.900883349184683269e+00
3.032580737353529798e+01,2.779108451164529647e+00
3.034581308945412914e+01,2.866488943422260682e+00
3.036581880537296385e+01,2.239613598851472709e+00
3.038582452129179856e+01,2.411879014596039816e+00
3.040583023721063327e+01,3.125080925096151319e+00
3.042583595312946798e+01,2.570190195361642616e+00
3.044584166904829914e+01,2.196923497568787020e+00
3.046584738496713385e+01,2.474942975434817782e+00
3.048585310088596856e+01,2.827533103730823782e+00
3.050585881680480327e+01,2.453487894001069147e+00
3.052586453272363798e+01,2.362056824340720507e+00
3.054587024864246914e+01,2.823729421312135557e+00
3.056587596456130385e+01,3.321324408193781608e+00
3.058588168048013856e+01,3.409195494839238005e+00
3.060588739639897327e+01,4.025185680832561452e+00
3.062589311231780798e+01,3.841894483198088128e+00
3.064589882823663913e+01,4.115455500544904943e+00
3.066590454415547384e+01,4.347634529514647461e+00
3.068591026007430855e+01,4.795229381519821032e+00
3.070591597599314326e+01,4.024009193482407376e+00
3.072592169191197442e+01,4.348942546995685277e+00
3.074592740783080913e+01,5.775477732379453499e+00
3.076593312374964384e+01,4.857576537377779502e+00
3.078593883966847855e+01,5.184664557947497698e+00
3.080594455558731326e+01,5.682520469194487944e+00
3.082595027150614442e+01,5.667831459540423111e+00
3.084595598742497913e+01,5.829405747938702476e+00
3.086596170334381384e+01,5.913741787775541603e+00
3.088596741926264855e+01,7.581613164506856961e+00
3.090597313518148326e+01,7.720027092868532392e+00
3.092597885110031442e+01,7.850568292761913369e+00
3.094598456701914913e+01,8.343028888954194144e+00
3.096599028293798384e+01,9.185125178992072037e+00
3.098599599885681855e+01,9.721191267073123754e+00
3.100600171477564970e+01,9.609268459498292003e+00
3.102600743069448441e+01,9.801526380650837922e+00
3.104601314661331912e+01,9.889311898667607181e+00
3.106601886253215383e+01,1.145392125447088105e+01
3.108602457845098854e+01,1.129540954141380737e+01
3.110603029436981970e+01,1.168590812355154540e+01
3.112603601028865441e+01,1.264755675557549353e+01
3.114604172620748912e+01,1.317219061491675092e+01
3.116604744212632383e+01,1.276577319845116598e+01
3.118605315804515854e+01,1.348321355315755987e+01
3.120605887396398970e+01,1.387697041692194411e+01
3.122606458988282441e+01,1.406173421017415848e+01
3.124607030580165912e+01,1.443492430713051533e+01
3.126607602172049383e+01,1.417667994346848559e+01
3.128608173763932498e+01,1.439724546625722290e+01
3.130608745355815969e+01,1.372042687028409702e+01
3.132609316947699440e+01,1.304360276994077239e+01
3.134609888539582911e+01,1.371787313453403989e+01
3.136610460131466382e+01,1.293469993032508825e+01
3.138611031723349498e+01,1.237407195876807364e+01
3.140611603315232969e+01,1.136265046986449612e+01
3.142612174907116440e+01,1.014095842101232492e+01
3.144612746498999911e+01,9.598651454051648102e+00
3.146613318090883382e+01,8.131705884559897513e+00
3.148613889682766498e+01,8.804551219717639654e+00
3.150614461274649969e+01,7.476688552502573692e+00
3.152615032866533440e+01,6.225600347380662924e+00
3.154615604458416911e+01,7.113969875622248473e+00
3.156616176050300382e+01,6.220608137907914781e+00
3.158616747642183498e+01,4.810571579552796351e+00
3.160617319234066969e+01,4.441970951161374970e+00
3.162617890825950440e+01,4.517154970485336207e+00
3.164618462417833911e+01,4.078374432195650989e+00
3.166619034009717026e+01,4.166960109824080938e+00
3.168619605601600497e+01,3.612014351351871433e+00
3.170620177193483968e+01,3.046696717705862589e+00
3.172620748785367439e+01,3.221469527351873197e+00
3.174621320377250910e+01,2.608580834974201679e+00
3.176621891969134026e+01,2.645721528049392646e+00
3.178622463561017497e+01,2.719255432459744437e+00
3.180623035152900968e+01,2.909756070881352130e+00
3.182623606744784439e+01,1.806000681817881759e+00
3.184624178336667910e+01,2.036445262422512226e+00
3.186624749928551026e+01,2.603801329934264608e+00
3.188625321520434497e+01,2.575996578653580116e+00
3.190625893112317968e+01,2.188714377657491106e+00
3.192626464704201439e+01,2.331445921032347712e+00
3.194627036296084555e+01,2.059691620778315801e+00
3.196627607887968026e+01,1.432652073202652865e+00
3.198628179479851497e+01,1.937855325179753452e+00
3.200628751071734968e+01,2.117722506818507711e+00
3.202629322663618439e+01,2.226425023019944938e+00
3.204629894255501199e+01,1.958805195142305333e+00
3.206630465847385381e+01,2.010452499735921883e+00
3.208631037439268141e+01,2.152288557281093695e+00
3.210631609031152323e+01,2.422646815363913575e+00
3.212632180623035083e+01,1.847884673739903283e+00
3.214632752214918554e+01,2.120386359144797339e+00
3.216633323806802025e+01,2.408987922826870243e+00
3.218633895398685496e+01,2.144854140719667068e+00
3.220634466990568967e+01,2.397113383795003827e+00
3.222635038582451728e+01,2.352907052514489727e+00
3.224635610174335909e+01,1.848760400615403032e+00
3.226636181766218670e+01,2.264633414698450142e+00
3.228636753358102851e+01,1.986470238180806369e+00
3.230637324949985612e+01,2.445015349623676393e+00
3.232637896541869083e+01,2.605542695157085475e+00
3.234638468133752554e+01,1.776166633582842991e+00
3.236639039725636025e+01,1.949827786543985697e+00
3.238639611317519496e+01,1.969020074315332547e+00
3.240640182909402967e+01,1.985038356740841614e+00
3.242640754501286438e+01,2.555299341992992801e+00
3.244641326093169198e+01,1.124741441279924814e+00
3.246641897685053380e+01,1.680045593003767435e+00
3.248642469276936140e+01,1.633062632729045838e+00
3.250643040868819611e+01,1.518687117936481812e+00
3.252643612460703082e+01,1.850268754567184981e+00
3.254644184052586553e+01,1.912491815675978479e+00
3.256644755644470024e+01,1.127981180967587704e+00
3.258645327236353495e+01,1.754217425733720193e+00
3.260645898828236966e+01,2.010354195087964424e+00
3.262646470420119726e+01,1.647182123965679423e+00
3.264647042012003908e+01,1.548241087891039980e+00
3.266647613603886668e+01,1.390204436366064389e+00
3.268648185195770850e+01,2.069661254592977784e+00
3.270648756787653610e+01,1.178005701087802004e+00
3.272649328379537081e+01,1.359158524901059151e+00
3.274649899971420552e+01,2.466118082349190388e+00
3.276650471563304023e+01,1.601161615625036339e+00
3.278651043155187494e+01,1.889140388307014362e+00
3.280651614747070255e+01,1.848579565247736811e+00
3.282652186338954436e+01,1.699470956926869558e+00
3.284652757930837197e+01,1.419252579965460725e+00
3.286653329522721378e+01,1.294720926438278852e+00
3.288653901114604139e+01,1.714247983013187371e+00
3.290654472706487610e+01,2.063160901361399624e+00
3.292655044298371081e+01,1.908264505670840716e+00
3.294655615890254552e+01,2.088338439940379487e+00
3.296656187482138023e+01,1.376998010581139464e+00
3.298656759074020783e+01,1.725703073852302261e+00
3.300657330665904965e+01,1.745808594935460256e+00
3.302657902257787725e+01,1.552301149685943571e+00
3.304658473849671907e+01,2.024933138525804033e+00
3.306659045441554667e+01,1.693838449190765427e+00
3.308659617033438138e+01,2.069418413272902768e+00
3.310660188625321609e+01,1.439850783893493746e+00
3.312660760217205080e+01,1.696444513728023296e+00
3.314661331809088551e+01,9.380297072280536774e-01
3.316661903400971312e+01,8.552306579107019635e-01
3.318662474992855493e+01,9.163054094992436616e-01
3.320663046584738254e+01,1.231871841645423071e+00
3.322663618176622435e+01,1.804312674276739248e+00
3.324664189768505196e+01,1.860865184065401134e+00
3.326664761360388667e+01,2.332325065193074032e+00
3.328665332952272138e+01,1.093655405735747488e+00
3.330665904544155609e+01,1.039296609879596156e+00
3.332666476136039080e+01,1.692657007807325975e+00
3.334667047727922551e+01,1.614204233609448202e+00
3.336667619319806022e+01,1.855971290439512256e+00
3.338668190911688782e+01,2.068175539236360105e+00
3.340668762503572964e+01,9.976453451918254611e-01
3.342669334095455724e+01,1.763145340952183782e+00
3.344669905687339195e+01,1.154378670855910949e+00
3.346670477279222666e+01,1.665454033639667486e+00
3.348671048871106137e+01,1.228557956548385732e+00
3.350671620462989608e+01,1.277551889693107068e+00
3.352672192054873079e+01,2.408971642830028514e+00
3.354672763646756550e+01,1.969264830493764995e+00
3.356673335238639311e+01,1.950164296750805271e+00
3.358673906830523492e+01,2.024719045485271707e+00
3.360674478422406253e+01,1.944977448562906996e+00
3.362675050014290434e+01,1.235337718914834237e+00
3.364675621606173195e+01,2.240207491661682759e+00
3.366676193198056666e+01,1.374138157438288932e+00
3.368676764789940137e+01,2.460418898173691638e+00
3.370677336381823608e+01,1.414196118808332958e+00
3.372677907973707079e+01,1.616219802321698484e+00
3.374678479565589839e+01,1.377298166673936342e+00
3.376679051157474021e+01,1.484059844626394620e+00
3.378679622749356781e+01,1.999740984300244939e+00
3.380680194341240963e+01,1.448681672612038840e+00
3.382680765933123723e+01,1.868677472739515011e+00
3.384681337525007194e+01,7.939837042438874226e-01
3.386681909116890665e+01,1.086888158978830621e+00
3.388682480708774136e+01,2.212604406933517343e+00
3.390683052300657607e+01,1.617610417561006875e+00
3.392683623892540368e+01,1.649698175951738621e+00
3.394684195484424549e+01,1.820734594243436089e+00
3.396684767076307310e+01,1.788174450622775691e+00
3.398685338668191491e+01,1.490289881021627405e+00
3.400685910260074252e+01,1.688705292605805042e+00
3.402686481851957723e+01,1.689546195002789020e+00
3.404687053443841194e+01,1.217555969372205782e+00
3.406687625035724665e+01,1.497686402318665788e+00
3.408688196627608136e+01,1.491175646995610782e+00
3.410688768219490896e+01,2.325639987892868632e+00
3.412689339811375078e+01,2.177779596908458792e+00
3.414689911403257838e+01,1.989175545898849595e+00
3.416690482995142020e+01,2.001543440345912916e+00
3.418691054587024780e+01,1.194238801309220221e+00
3.420691626178908251e+01,1.827702124825029362e+00
3.422692197770791722e+01,1.092220575786326364e+00
3.424692769362675193e+01,1.862306664304170800e+00
3.426693340954558664e+01,1.725911938218781305e+00
3.428693912546442135e+01,2.385913689273966742e+00
3.430694484138325606e+01,1.381802900639100162e+00
3.432695055730208367e+01,1.318029518791418608e+00
3.434695627322092548e+01,1.625204797185193284e+00
3.436696198913975309e+01,1.595043882952013048e+00
3.438696770505858780e+01,1.386541430374536699e+00
3.440697342097742251e+01,1.535593852338956067e+00
3.442697913689625722e+01,1.670161545638530143e+00
3.444698485281509193e+01,2.708358622420297124e+00
3.446699056873392664e+01,1.983014904981554416e+00
3.448699628465276135e+01,1.442346498426901213e+00
3.450700200057158895e+01,2.522376650377537999e+00
3.452700771649043077e+01,1.941535882010994474e+00
3.454701343240925837e+01,1.849370790224750483e+00
3.456701914832810019e+01,2.597794520995807321e+00
3.458702486424692779e+01,1.576122862272024250e+00
3.460703058016576250e+01,1.775290812034202137e+00
3.462703629608459721e+01,2.005906655892017554e+00
3.464704201200343192e+01,1.754027623458759066e+00
3.466704772792226663e+01,1.697802593317522923e+00
3.468705344384109424e+01,2.413194662696303006e+00
3.470705915975993605e+01,2.020953383649434887e+00
3.472706487567876366e+01,2.100450245365604651e+00
3.474707059159760547e+01,2.171174513799783767e+00
3.476707630751643308e+01,2.795240189964567357e+00
3.478708202343526779e+01,2.891169879792433228e+00
3.480708773935410250e+01,3.197096351992563701e+00
3.482709345527293721e+01,2.943329010442529814e+00
3.484709917119177192e+01,3.224550651943210333e+00
3.486710488711059952e+01,2.908121333238193884e+00
3.488711060302944134e+01,2.877150182650232146e+00
3.490711631894826894e+01,4.262109941767473487e+00
3.492712203486711076e+01,3.161497194465114902e+00
3.494712775078593836e+01,3.608376891839641942e+00
3.496713346670477307e+01,4.723716677206462933e+00
3.498713918262360778e+01,4.295822512584443587e+00
3.500714489854244249e+01,5.411359171689451131e+00
3.502715061446127720e+01,5.594233851330307594e+00
3.504715633038010481e+01,6.045657241552159888e+00
3.506716204629894662e+01,5.543036016242259834e+00
3.508716776221777423e+01,6.898578136762102631e+00
3.510717347813661604e+01,7.234799152459281402e+00
3.512717919405544365e+01,8.182931693896954073e+00
3.514718490997427836e+01,9.267739630002546747e+00
3.516719062589311307e+01,8.620982307909640596e+00
3.518719634181194778e+01,1.006587305064856608e+01
3.520720205773078249e+01,1.095716008125788221e+01
3.522720777364961720e+01,1.092282950538454855e+01
3.524721348956845191e+01,1.177161656750749685e+01
3.526721920548727951e+01,1.281019363695699553e+01
3.528722492140612133e+01,1.338455868488091127e+01
3.530723063732494893e+01,1.381652823221187454e+01
3.532723635324378364e+01,1.552079640291717766e+01
3.534724206916261835e+01,1.634472061562262368e+01
3.536724778508145306e+01,1.780672693432017439e+01
3.538725350100028777e+01,1.860007397170407728e+01
3.540725921691912248e+01,1.945908569468183913e+01
3.542726493283795719e+01,2.038880064685599081e+01
3.544727064875678479e+01,2.058643469064886489e+01
3.546727636467562661e+01,2.203041606194428681e+01
3.548728208059445421e+01,2.173546328958816787e+01
3.550728779651329603e+01,2.287780014531708161e+01
3.552729351243212363e+01,2.261048047898107782e+01
3.554729922835095834e+01,2.300493715781941262e+01
3.556730494426979305e+01,2.300167185549214821e+01
3.558731066018862776e+01,2.287325924121834930e+01
3.560731637610746247e+01,2.180102572375957948e+01
3.562732209202629008e+01,2.071218259789834804e+01
3.564732780794513189e+01,2.044527588805474849e+01
3.566733352386395950e+01,1.912560777980885973e+01
3.568733923978280131e+01,1.735219842608820073e+01
3.570734495570162892e+01,1.707744396300818579e+01
3.572735067162046363e+01,1.568163625836296049e+01
3.574735638753929834e+01,1.424323633124482669e+01
3.576736210345813305e+01,1.293751120717270453e+01
3.578736781937696776e+01,1.236276132202957001e+01
3.580737353529579536e+01,1.120803385229340954e+01
3.582737925121463718e+01,1.024976880630515907e+01
3.584738496713346478e+01,9.318696573044674025e+00
3.586739068305230660e+01,7.982839240733530239e+00
3.588739639897113420e+01,7.160694352079953084e+00
3.590740211488996891e+01,6.355605359434666646e+00
3.592740783080880362e+01,5.521000961806091567e+00
3.594741354672763833e+01,5.212498104158326484e+00
3.596741926264647304e+01,4.699107024036704772e+00
3.598742497856530065e+01,3.788049231466250610e+00
3.600743069448414246e+01,3.826878872032464685e+00
3.602743641040297007e+01,3.721753480599567787e+00
3.604744212632181188e+01,3.877821549911900867e+00
3.606744784224063949e+01,3.214882755694127958e+00
3.608745355815947420e+01,2.381290391787294514e+00
3.610745927407830891e+01,2.575858556779799358e+00
3.612746498999714362e+01,2.797300460294483315e+00
3.614747070591597833e+01,2.665953165673456748e+00
3.616747642183481304e+01,2.642296039213646086e+00
3.618748213775364775e+01,2.453813383748923549e+00
3.620748785367247535e+01,2.685359216432234852e+00
3.622749356959131717e+01,2.130598439121467180e+00
3.624749928551014477e+01,2.515180199263642891e+00
3.626750500142897948e+01,1.806990446829516594e+00
3.628751071734781419e+01,2.557895378117057028e+00
3.630751643326664890e+01,2.363987630597975897e+00
3.632752214918548361e+01,2.920356800826807486e+00
3.634752786510431832e+01,2.122084978628340668e+00
3.636753358102315303e+01,1.422925671921355217e+00
3.638753929694198064e+01,2.213643781752772099e+00
3.640754501286082245e+01,2.312054475448869439e+00
3.642755072877965006e+01,2.809966700052281663e+00
3.644755644469849187e+01,2.204026353030792862e+00
3.646756216061731948e+01,1.595424309205659918e+00
3.648756787653615419e+01,2.290174640464296196e+00
3.650757359245498890e+01,1.941522154789509180e+00
3.652757930837382361e+01,2.149389303304205523e+00
3.654758502429265832e+01,1.855881732836117903e+00
3.656759074021148592e+01,2.221481956772518807e+00
3.658759645613032774e+01,1.506989535656756862e+00
3.660760217204915534e+01,1.970565702906644567e+00
3.662760788796799716e+01,1.961810560465898412e+00
3.664761360388682476e+01,2.101881604269503878e+00
3.666761931980565947e+01,2.586559630188625114e+00
3.668762503572449418e+01,1.436328913868573753e+00
3.670763075164332889e+01,1.408544468580606335e+00
3.672763646756216360e+01,1.686595421152834895e+00
3.674764218348099121e+01,2.377493799397451646e+00
3.676764789939983302e+01,1.580799212495554551e+00
3.678765361531866063e+01,2.148722788629325642e+00
3.680765933123750244e+01,2.633393034797000709e+00
3.682766504715633005e+01,1.665571621345504294e+00
3.684767076307516476e+01,2.194949407031834276e+00
3.686767647899399947e+01,1.464488815864670057e+00
3.688768219491283418e+01,1.613455410085651298e+00
3.690768791083166889e+01,2.017297671405648085e+00
3.692769362675049649e+01,2.396579828842590132e+00
3.694769934266933831e+01,1.911491747196857549e+00
3.696770505858816591e+01,1.902853411989513965e+00
3.698771077450700773e+01,1.644994462832066517e+00
3.700771649042583533e+01,1.968730595032446296e+00
3.702772220634467004e+01,2.304593815852900907e+00
3.704772792226350475e+01,2.226088823998034538e+00
3.706773363818233946e+01,2.114006655740745533e+00
3.708773935410117417e+01,1.787827580447968634e+00
3.710774507002000888e+01,1.929613444391801380e+00
3.712775078593884359e+01,1.720403447021876087e+00
3.714775650185767120e+01,2.636199188079104694e+00
3.716776221777651301e+01,1.959219760668949650e+00
3.718776793369534062e+01,2.073618950996089616e+00
3.720777364961417533e+01,2.382449899420724826e+00
3.722777936553301004e+01,2.063625794272435421e+00
3.724778508145184475e+01,2.161421262671925803e+00
3.726779079737067946e+01,1.965461493058582088e+00
3.728779651328951417e+01,1.934157105018383671e+00
3.730780222920834888e+01,2.355003173562299601e+00
3.732780794512717648e+01,2.113250643861521283e+00
3.734781366104601830e+01,1.437118882772390638e+00
3.736781937696484590e+01,2.343190506749513791e+00
3.738782509288368772e+01,2.662725885726131558e+00
3.740783080880251532e+01,2.178555780972001976e+00
3.742783652472135003e+01,2.329285502457216328e+00
3.744784224064018474e+01,1.960156952435758715e+00
3.746784795655901945e+01,2.137420085876440279e+00
3.748785367247785416e+01,1.796218905954320544e+00
3.750785938839668177e+01,2.534792943687025790e+00
3.752786510431552358e+01,2.090302774264975572e+00
3.754787082023435119e+01,1.983168342416580909e+00
3.756787653615319300e+01,2.298055294758099443e+00
3.758788225207202061e+01,2.271772237813014073e+00
3.760788796799085532e+01,2.571603638475953524e+00
3.762789368390969003e+01,2.148897831751692689e+00
3.764789939982852474e+01,2.991324933074023917e+00
3.766790511574735945e+01,2.310602296381733201e+00
3.768791083166618705e+01,3.067832197977786723e+00
3.770791654758502887e+01,3.463909799314595084e+00
3.772792226350385647e+01,2.852163399238679897e+00
3.774792797942269829e+01,3.528151553190864931e+00
3.776793369534152589e+01,3.449539589009167351e+00
3.778793941126036060e+01,3.309483752178978833e+00
3.780794512717919531e+01,3.443884599481611630e+00
3.782795084309803002e+01,3.901759940146918293e+00
3.784795655901686473e+01,3.605078160870274218e+00
3.786796227493569234e+01,4.550663962379335459e+00
3.788796799085453415e+01,4.106165501855399746e+00
3.790797370677336176e+01,4.064794631954925741e+00
3.792797942269220357e+01,4.420873947551925198e+00
3.794798513861103118e+01,4.406009161292540277e+00
3.796799085452986589e+01,4.576381353878399061e+00
3.798799657044870060e+01,4.880030067663639670e+00
3.800800228636753531e+01,5.500582931582526314e+00
3.802800800228637002e+01,5.422589907420429789e+00
3.804801371820520473e+01,5.354774044111613840e+00
3.806801943412403944e+01,5.504010300889945029e+00
3.808802515004286704e+01,5.450696803967865378e+00
3.810803086596170886e+01,6.466022126816181270e+00
3.812803658188053646e+01,5.933458008781498094e+00
3.814804229779937117e+01,6.233694056448612741e+00
3.816804801371820588e+01,7.074865953174525046e+00
3.818805372963704059e+01,7.012210244321018138e+00
3.820805944555587530e+01,7.349391304094267774e+00
3.822806516147471001e+01,8.019124618658954873e+00
3.824807087739354472e+01,8.557815563387853430e+00
3.826807659331237232e+01,8.801920446441403811e+00
3.828808230923121414e+01,9.253402644166062174e+00
3.830808802515004174e+01,1.003577511710958703e+01
3.832809374106888356e+01,1.043807110780999281e+01
3.834809945698771116e+01,1.134238888642738985e+01
3.836810517290654587e+01,1.101575996740116281e+01
3.838811088882538058e+01,1.209501174172624616e+01
3.840811660474421529e+01,1.291717345180892806e+01
3.842812232066305000e+01,1.364909160481811057e+01
3.844812803658187761e+01,1.465293178799640117e+01
3.846813375250071942e+01,1.414224683529071314e+01
3.848813946841954703e+01,1.533062671046003445e+01
3.850814518433838884e+01,1.565331681050730239e+01
3.852815090025721645e+01,1.538476339968410755e+01
3.854815661617605116e+01,1.585930201037373521e+01
3.856816233209488587e+01,1.589206584546035472e+01
3.858816804801372058e+01,1.637312161888587525e+01
3.860817376393255529e+01,1.581751094502642374e+01
3.862817947985138289e+01,1.674227414322351137e+01
3.864818519577022471e+01,1.531221963415617715e+01
3.866819091168905231e+01,1.555009160099366028e+01
3.868819662760789413e+01,1.481027197249194494e+01
3.870820234352672173e+01,1.479151849963685805e+01
3.872820805944555644e+01,1.516389293398574445e+01
3.874821377536439115e+01,1.477276412834784480e+01
3.876821949128322586e+01,1.456888725371554649e+01
3.878822520720206057e+01,1.370840010145316157e+01
3.880823092312088818e+01,1.296543261917737233e+01
3.882823663903972999e+01,1.286318429487307391e+01
3.884824235495855760e+01,1.269484600629764692e+01
3.886824807087739941e+01,1.242114096248437960e+01
3.888825378679622702e+01,1.105096865689468011e+01
3.890825950271506173e+01,1.127863892094605447e+01
3.892826521863389644e+01,1.038281142086506037e+01
3.894827093455273115e+01,9.327834470391975330e+00
3.896827665047156586e+01,9.266143604278369139e+00
3.898828236639040057e+01,9.420058899788463336e+00
3.900828808230923528e+01,8.113341846991724893e+00
3.902829379822806288e+01,7.496239498410966817e+00
3.904829951414690470e+01,6.906446987327407250e+00
3.906830523006573230e+01,6.130724923066091847e+00
3.908831094598456701e+01,5.778098753028651835e+00
3.910831666190340172e+01,5.393921814495921119e+00
3.912832237782223643e+01,4.599290178930234063e+00
3.914832809374107114e+01,4.780769672646346891e+00
3.916833380965990585e+01,3.714420136417420526e+00
3.918833952557874056e+01,3.938495038229642642e+00
3.920834524149756817e+01,2.833009853526692989e+00
3.922835095741640998e+01,3.621468778667298771e+00
3.924835667333523759e+01,2.218711052608464573e+00
3.926836238925407940e+01,3.384068842768939156e+00
3.928836810517290701e+01,1.977271791165173820e+00
3.930837382109174172e+01,2.317224272588880751e+00
3.932837953701057643e+01,2.742262116858412924e+00
3.934838525292941114e+01,2.413477120840066714e+00
3.936839096884824585e+01,2.011134950751251260e+00
3.938839668476707345e+01,2.372809287791628918e+00
3.940840240068591527e+01,2.121578199314481772e+00
3.942840811660474287e+01,2.026056565286183719e+00
3.944841383252358469e+01,2.061699228979418042e+00
3.946841954844241229e+01,2.048518924437969346e+00
3.948842526436124700e+01,2.106456667689333262e+00
3.950843098028008171e+01,1.981798346887483131e+00
3.952843669619891642e+01,1.218556218625940879e+00
3.954844241211775113e+01,1.821627804368690207e+00
3.956844812803657874e+01,2.687058419252794206e+00
3.958845384395542055e+01,2.401387511476404502e+00
3.960845955987424816e+01,1.884766960218704268e+00
3.962846527579308997e+01,1.960900718788646691e+00
3.964847099171191758e+01,2.004736535675687215e+00
3.966847670763075229e+01,1.357110612661318161e+00
3.968848242354958700e+01,2.084622783299276527e+00
3.970848813946842171e+01,1.943861069119105167e+00
3.972849385538725642e+01,2.302840092792122206e+00
3.974849957130608402e+01,2.248362152900112321e+00
3.976850528722492584e+01,1.836350067295766664e+00
3.978851100314375344e+01,1.968157681134985904e+00
3.980851671906259526e+01,1.278923734397474643e+00
3.982852243498142286e+01,1.781247740888501241e+00
3.984852815090025757e+01,1.087380140169547760e+00
3.986853386681909228e+01,2.477102009130065063e+00
3.988853958273792699e+01,2.131244601122305848e+00
3.990854529865676170e+01,3.050268039810532628e+00
3.992855101457559641e+01,2.163220855333587878e+00
3.994855673049443112e+01,2.470820754113269402e+00
3.996856244641325873e+01,2.384275702295473032e+00
3.998856816233210054e+01,2.621808005844871836e+00
4.000857387825092815e+01,1.985040438278448338e+00
4.002857959416976286e+01,1.540051510601573304e+00
4.004858531008859757e+01,1.992808900653574522e+00
4.006859102600743228e+01,2.405680365783987362e+00
4.008859674192626699e+01,1.659565983232347275e+00
4.010860245784510170e+01,2.657969619805650829e+00
4.012860817376393641e+01,2.388414433596831365e+00
4.014861388968276401e+01,2.153633798854003523e+00
4.016861960560160583e+01,1.197492044832452640e+00
4.018862532152043343e+01,2.033730741986615520e+00
4.020863103743927525e+01,1.936253436139614870e+00
4.022863675335810285e+01,2.151268095257041324e+00
4.024864246927693756e+01,1.759362807889463420e+00
4.026864818519577227e+01,1.787498815357012827e+00
4.028865390111460698e+01,2.327286671423205888e+00
4.030865961703344169e+01,1.935174282373768762e+00
4.032866533295226930e+01,1.963078502262288971e+00
4.034867104887111111e+01,1.075387309993059315e+00
4.036867676478993872e+01,2.502088491006264626e+00
4.038868248070878053e+01,1.290021399695831406e+00
4.040868819662760814e+01,2.058708734581398581e+00
4.042869391254644285e+01,1.296138362068205208e+00
4.044869962846527756e+01,1.529820891107341652e+00
4.046870534438411227e+01,9.825979113874034887e-01
4.048871106030294698e+01,2.030276341578013621e+00
4.050871677622177458e+01,1.092205008152911105e+00
4.052872249214061640e+01,2.173531095393848922e+00
4.054872820805944400e+01,1.328826386295716588e+00
4.056873392397828582e+01,1.256020330722090073e+00
4.058873963989711342e+01,1.051903125694555685e+00
4.060874535581594813e+01,2.497744151780153299e+00
4.062875107173478284e+01,1.035031089959658868e+00
4.064875678765361755e+01,1.813251007345435539e+00
4.066876250357245226e+01,1.282948590476649553e+00
4.068876821949127986e+01,1.879172883127460558e+00
4.070877393541012168e+01,1.631990889616658391e+00
4.072877965132894929e+01,1.810972722736047480e+00
4.074878536724779110e+01,1.971010376088693006e+00
4.076879108316661871e+01,2.362736506960866123e+00
4.078879679908545342e+01,1.108472962145721219e+00
4.080880251500428813e+01,1.568653129765802401e+00
4.082880823092312284e+01,1.390335706897944501e+00
4.084881394684195755e+01,2.180125530566879188e+00
4.086881966276079226e+01,1.871309513352477971e+00
4.088882537867962697e+01,2.137916912184237184e+00
4.090883109459845457e+01,1.710114813003564604e+00
4.092883681051729639e+01,2.003272615786360511e+00
4.094884252643612399e+01,1.732768540758617082e+00
4.096884824235495870e+01,1.940567043651814760e+00
4.098885395827379341e+01,1.348177007455287901e+00
4.100885967419262812e+01,2.121798297267756261e+00
4.102886539011146283e+01,2.106737132015988223e+00
4.104887110603029754e+01,2.078308573114374447e+00
4.106887682194913225e+01,1.935842119806848505e+00
4.108888253786795985e+01,2.041746287875315868e+00
4.110888825378680167e+01,1.813346613956968501e+00
4.112889396970562927e+01,2.554569125506360283e+00
4.114889968562447109e+01,1.375998201676760679e+00
4.116890540154329869e+01,2.810848124997170405e+00
4.118891111746213340e+01,1.610976154341871913e+00
4.120891683338096811e+01,1.487536989354390604e+00
4.122892254929980282e+01,1.794174761946789154e+00
4.124892826521863753e+01,2.450064592523090390e+00
4.126893398113746514e+01,1.722237313294767480e+00
4.128893969705630695e+01,2.349167689489881639e+00
4.130894541297513456e+01,2.593738904542707502e+00
4.132895112889397637e+01,2.232303037767372267e+00
4.134895684481280398e+01,2.058172047961912998e+00
4.136896256073163869e+01,2.138324252568959416e+00
4.138896827665047340e+01,1.563021566617907254e+00
4.140897399256930811e+01,2.174266645910440054e+00
4.142897970848814282e+01,2.762563735072113502e+00
4.144898542440697042e+01,1.507366246959806588e+00
4.146899114032581224e+01,1.995567220351669224e+00
4.148899685624463984e+01,2.414211527230481380e+00
4.150900257216348166e+01,2.344300140857239256e+00
4.152900828808230926e+01,2.026308976075391399e+00
4.154901400400114397e+01,2.763155424040880881e+00
4.156901971991997868e+01,3.060543744799693044e+00
4.158902543583881339e+01,3.339461770281236141e+00
4.160903115175764810e+01,2.659327905500186162e+00
4.162903686767647571e+01,2.009344676639166938e+00
4.164904258359531752e+01,2.856847688227852622e+00
4.166904829951414513e+01,2.408364261285707464e+00
4.168905401543298694e+01,2.580855322088574155e+00
4.170905973135181455e+01,3.510762134471211660e+00
4.172906544727064926e+01,3.648673444804750865e+00
4.174907116318948397e+01,3.875331378291781093e+00
4.176907687910831868e+01,3.311453718274679492e+00
4.178908259502715339e+01,3.433971569249052003e+00
4.180908831094598810e+01,4.526306836248771504e+00
4.182909402686482281e+01,4.645180107714944384e+00
4.184909974278365041e+01,4.702946536343956652e+00
4.186910545870249223e+01,5.625866661352128872e+00
4.188911117462131983e+01,5.176162058203855665e+00
4.190911689054015454e+01,5.760145347989204190e+00
4.192912260645898925e+01,5.986407625552400802e+00
4.194912832237782396e+01,7.257539151645222120e+00
4.196913403829665867e+01,8.197582026288980472e+00
4.198913975421549338e+01,9.202780110990632423e+00
4.200914547013432809e+01,1.043188001284105937e+01
4.202915118605316280e+01,9.994386276388645740e+00
4.204915690197199041e+01,1.189711890417504492e+01
4.206916261789082512e+01,1.323548932121812172e+01
4.208916833380965983e+01,1.407937381604785720e+01
4.210917404972849454e+01,1.653532253606331182e+01
4.212917976564732925e+01,1.884337762045450759e+01
4.214918548156616396e+01,1.967552817744741489e+01
4.216919119748499867e+01,2.170486990890083945e+01
4.218919691340383338e+01,2.443477783897475319e+01
4.220920262932266809e+01,2.735664264736440998e+01
4.222920834524150280e+01,3.008036833567078716e+01
4.224921406116033040e+01,3.216463441370339638e+01
4.226921977707916511e+01,3.561818948041126731e+01
4.228922549299799982e+01,3.766948129965062009e+01
4.230923120891683453e+01,4.149319828579271530e+01
4.232923692483566924e+01,4.490876277517894977e+01
4.234924264075450395e+01,4.727620576633979965e+01
4.236924835667333866e+01,5.092673452107165133e+01
4.238925407259217337e+01,5.367680944112981933e+01
4.240925978851100808e+01,5.719044230573219068e+01
4.242926550442983569e+01,5.877959356400678814e+01
4.244927122034867040e+01,6.126815896895571711e+01
4.246927693626750511e+01,6.228575883554280779e+01
4.248928265218633982e+01,6.437397031925939928e+01
4.250928836810517453e+01,6.400160166306886822e+01
4.252929408402400924e+01,6.429028973097152289e+01
4.254929979994284395e+01,6.374753830397754939e+01
4.256930551586167866e+01,6.233011363536728311e+01
4.258931123178051337e+01,6.049444612249219233e+01
4.260931694769934097e+01,5.781450746561644394e+01
4.262932266361817568e+01,5.644316155142227842e+01
4.264932837953701039e+01,5.293910701658752771e+01
4.266933409545584510e+01,4.966140565381799377e+01
4.268933981137467981e+01,4.644571355838996851e+01
4.270934552729351452e+01,4.191904338238526861e+01
4.272935124321234923e+01,3.864983350102492921e+01
4.274935695913118394e+01,3.586839931902458289e+01
4.276936267505001865e+01,3.112517747138686275e+01
4.278936839096885336e+01,2.776623526532866748e+01
4.280937410688768097e+01,2.569468808220847933e+01
4.282937982280651568e+01,2.281000615577311663e+01
4.284938553872535039e+01,2.013429860271899940e+01
4.286939125464418510e+01,1.755254765068269762e+01
4.288939697056301981e+01,1.625292088194684581e+01
4.290940268648185452e+01,1.374670463324264880e+01
4.292940840240068923e+01,1.297189887455007629e+01
4.294941411831952394e+01,1.022766747115088926e+01
4.296941983423835865e+01,1.016296780066728367e+01
4.298942555015718625e+01,8.384838688056404976e+00
4.300943126607602096e+01,7.809429667698127631e+00
4.302943698199485567e+01,7.446731335820445885e+00
4.304944269791369038e+01,6.569574813971947869e+00
4.306944841383252509e+01,6.103638470724693121e+00
4.308945412975135980e+01,5.317394615650988143e+00
4.310945984567019451e+01,4.726910850449074886e+00
4.312946556158902922e+01,5.206353112041774978e+00
4.314947127750786393e+01,4.663444959573229021e+00
4.316947699342669864e+01,4.358439993424428671e+00
4.318948270934552625e+01,3.598608895457969581e+00
4.320948842526436096e+01,3.967981287969205795e+00
4.322949414118319567e+01,3.879045556895908575e+00
4.324949985710203038e+01,3.451752817256455330e+00
4.326950557302086509e+01,3.391087825195183036e+00
4.328951128893969980e+01,3.410568356528470346e+00
4.330951700485853451e+01,3.703037290016219174e+00
4.332952272077736922e+01,2.476954691295077726e+00
4.334952843669620393e+01,3.094641975530388223e+00
4.336953415261503153e+01,3.005425594838958325e+00
4.338953986853386624e+01,2.682996705163208429e+00
4.340954558445270095e+01,2.891506200193659559e+00
4.342955130037153566e+01,3.706658303276605615e+00
4.344955701629037037e+01,2.250550922446726165e+00
4.346956273220920508e+01,3.921516065872701517e+00
4.348956844812803979e+01,2.305435084714640315e+00
4.350957416404687450e+01,3.228032066256187882e+00
4.352957987996570921e+01,3.383929871905160702e+00
4.354958559588453681e+01,3.891470232700778631e+00
4.356959131180337153e+01,2.824820969654424196e+00
4.358959702772220624e+01,3.057787463203770706e+00
4.360960274364104095e+01,3.439721283689173958e+00
4.362960845955987566e+01,2.804447378934027846e+00
4.364961417547871037e+01,3.536122473944531386e+00
4.366961989139754508e+01,3.485541517645887044e+00
4.368962560731637979e+01,3.580555788335148648e+00
4.370963132323521450e+01,3.188180402740194097e+00
4.372963703915404921e+01,2.835310042585158730e+00
4.374964275507287681e+01,3.614991967308757381e+00
4.376964847099171152e+01,2.750124203864636740e+00
4.378965418691054623e+01,3.035545360450615959e+00
4.380965990282938094e+01,2.992542327256888068e+00
4.382966561874821565e+01,2.126030565512768700e+00
4.384967133466705036e+01,2.812741264947880016e+00
4.386967705058588507e+01,3.254768020853711530e+00
4.388968276650471978e+01,2.963802805391759776e+00
4.390968848242355449e+01,3.299585152284885581e+00
4.392969419834238209e+01,3.034724008967414566e+00
4.394969991426121680e+01,3.409467891068947765e+00
4.396970563018005151e+01,3.479620848383735421e+00
4.398971134609888622e+01,2.556973877398094341e+00
4.400971706201772093e+01,3.216693221233345668e+00
4.402972277793655564e+01,3.323084035296415273e+00
4.404972849385539035e+01,2.839516977435585954e+00
4.406973420977422506e+01,3.608252119734634000e+00
4.408973992569305977e+01,2.604452898383502024e+00
4.410974564161189448e+01,3.934882718084016684e+00
4.412975135753072209e+01,3.311616048147002278e+00
4.414975707344955680e+01,3.333995549209677112e+00
4.416976278936839151e+01,3.251395890242462450e+00
4.418976850528722622e+01,4.270232743644351459e+00
4.420977422120606093e+01,4.363549340220292727e+00
4.422977993712489564e+01,4.310308390928585531e+00
4.424978565304373035e+01,4.259859792088840358e+00
4.426979136896256506e+01,4.126819128974274165e+00
4.428979708488139977e+01,5.041989061199364741e+00
4.430980280080022737e+01,5.311172400120234727e+00
4.432980851671906208e+01,4.848275403854097831e+00
4.434981423263789679e+01,4.850693150686168131e+00
4.436981994855673150e+01,5.743899377294377828e+00
4.438982566447556621e+01,6.008831061528265849e+00
4.440983138039440092e+01,5.652819787610970259e+00
4.442983709631323563e+01,5.424936661221964940e+00
4.444984281223207034e+01,5.153107791017982109e+00
4.446984852815090505e+01,4.390071414904594960e+00
4.448985424406973266e+01,4.936141913967214911e+00
4.450985995998856737e+01,5.101871825003195582e+00
4.452986567590740208e+01,5.036345231413165813e+00
4.454987139182623679e+01,3.802122968572366979e+00
4.456987710774507150e+01,4.926288361130193749e+00
4.458988282366390621e+01,3.215231720582510722e+00
4.460988853958274092e+01,3.771657638806339641e+00
4.462989425550157563e+01,4.117948211639739675e+00
4.464989997142041034e+01,3.504822546381028303e+00
4.466990568733924505e+01,3.309868096581499053e+00
4.468991140325807265e+01,3.281836821855826702e+00
4.470991711917690736e+01,2.181783463335023487e+00
4.472992283509574207e+01,2.628448062082801240e+00
4.474992855101457678e+01,2.795031078932991520e+00
4.476993426693341149e+01,2.913922897255465383e+00
4.478993998285224620e+01,2.123527301642356591e+00
4.480994569877108091e+01,1.700176477207239856e+00
4.482995141468991562e+01,1.933947955275666875e+00
4.484995713060875033e+01,1.640006835385272588e+00
4.486996284652757794e+01,2.120132270840745292e+00
4.488996856244641265e+01,2.305264996051381132e+00
4.490997427836524736e+01,9.562511377939082458e-01
4.492997999428408207e+01,1.797649557114153751e+00
4.494998571020291678e+01,1.365763163489343235e+00
4.496999142612175149e+01,1.555114575637683627e+00
4.498999714204058620e+01,1.152503717850788423e+00
4.501000285795942091e+01,2.261585160119970794e+00
4.503000857387825562e+01,1.581338552981926604e+00
4.505001428979709033e+01,1.428126870927087122e+00
4.507002000571591793e+01,7.501959366877493096e-01
4.509002572163475264e+01,2.141273578386200249e+00
4.511003143755358735e+01,1.095084921522137655e+00
4.513003715347242206e+01,9.601296790816928883e-01
4.515004286939125677e+01,1.423226447285364182e+00
4.517004858531009148e+01,2.019715501015197034e+00
4.519005430122892619e+01,1.565806898486421517e+00
4.521006001714776090e+01,2.184858845685519135e+00
4.523006573306659561e+01,1.993034906908247805e+00
4.525007144898542322e+01,6.100598049307199844e-01
4.527007716490425793e+01,1.045187006473125457e+00
4.529008288082309264e+01,1.674651473013149650e+00
4.531008859674192735e+01,1.088346147321679336e+00
4.533009431266076206e+01,1.339721715945662694e+00
4.535010002857959677e+01,1.584411734187828102e+00
4.537010574449843148e+01,7.967318880999066932e-01
4.539011146041726619e+01,1.931998364640209465e+00
4.541011717633610090e+01,2.105175385245159347e+00
4.543012289225492850e+01,1.504093758555190119e+00
4.545012860817376321e+01,1.302358988587925204e+00
4.547013432409259792e+01,7.434054680319464037e-01
4.549014004001143263e+01,2.088448468841764161e+00
4.551014575593026734e+01,1.269267327955996727e+00
4.553015147184910205e+01,1.839558196730016082e+00
4.555015718776793676e+01,1.566762850790144102e+00
4.557016290368677147e+01,2.124851093018975234e+00
4.559016861960560618e+01,1.043372039912702887e+00
4.561017433552444089e+01,1.617680349157816222e+00
4.563018005144326850e+01,1.896922901469724421e+00
4.565018576736210321e+01,2.227768879833349480e+00
4.567019148328093792e+01,9.591111078652563293e-01
4.569019719919977263e+01,1.373130450682584991e+00
4.571020291511860734e+01,1.392077471740475136e+00
4.573020863103744205e+01,1.788199696974400954e+00
4.575021434695627676e+01,1.483747961524833459e+00
4.577022006287511147e+01,1.668604401667256099e+00
4.579022577879394618e+01,1.896919013386886288e+00
4.581023149471277378e+01,1.540089771601556468e+00
4.583023721063160849e+01,1.618924787763178941e+00
4.585024292655044320e+01,2.229658732022675061e+00
4.587024864246927791e+01,9.638071422881930861e-01
4.589025435838811262e+01,1.521028414600706924e+00
4.591026007430694733e+01,1.914171617110715040e+00
4.593026579022578204e+01,1.330551304749457708e+00
4.595027150614461675e+01,2.327871486369953224e+00
4.597027722206345146e+01,1.199347234801632966e+00
4.599028293798228617e+01,1.447377177747663612e+00
4.601028865390111378e+01,2.063866836633980739e+00
4.603029436981994849e+01,1.985990803538675298e+00
4.605030008573878320e+01,1.360435173601246328e+00
4.607030580165761791e+01,1.454285384041376528e+00
4.609031151757645262e+01,2.074463184794082871e+00
4.611031723349528733e+01,1.968849074769323693e+00
4.613032294941412204e+01,2.316687097211227453e+00
4.615032866533295675e+01,1.591325785282871053e+00
4.617033438125179146e+01,2.608616391440068405e+00
4.619034009717061906e+01,1.457008321932694805e+00
4.621034581308945377e+01,2.079880771505057346e+00
4.623035152900828848e+01,2.379267281390692546e+00
4.625035724492712319e+01,2.456750628229368960e+00
4.627036296084595790e+01,1.832660168583638782e+00
4.629036867676479261e+01,1.743485558482671394e+00
4.631037439268362732e+01,2.534086116385443788e+00
4.633038010860246203e+01,1.610843561671817747e+00
4.635038582452129674e+01,2.980600827005605247e+00
4.637039154044012434e+01,2.506826746527921479e+00
4.639039725635895905e+01,2.349068036645400426e+00
4.641040297227779376e+01,2.529526669237093461e+00
4.643040868819662847e+01,2.633040107286852560e+00
4.645041440411546319e+01,3.145330298890472775e+00
4.647042012003429790e+01,3.392058330016944900e+00
4.649042583595313261e+01,3.139503458124956570e+00
4.651043155187196732e+01,3.683978868264624396e+00
4.653043726779080203e+01,3.396601004831935278e+00
4.655044298370963674e+01,4.325462141713076747e+00
4.657044869962846434e+01,4.508571523437005624e+00
4.659045441554729905e+01,4.397450215525842587e+00
4.661046013146613376e+01,4.298095126082182915e+00
4.663046584738496847e+01,4.939565773227950984e+00
4.665047156330380318e+01,6.017063518537392852e+00
4.667047727922263789e+01,6.770630689285203729e+00
4.669048299514147260e+01,7.382397987616332813e+00
4.671048871106030731e+01,8.359735267837841377e+00
4.673049442697914202e+01,9.477488069969496109e+00
4.675050014289796962e+01,1.084631549702962516e+01
4.677050585881680433e+01,1.207679551787329864e+01
4.679051157473563904e+01,1.188581883444843790e+01
4.681051729065447375e+01,1.410179978968530534e+01
4.683052300657330846e+01,1.545355886143738822e+01
4.685052872249214317e+01,1.762593401860743825e+01
4.687053443841097788e+01,1.905316402904915307e+01
4.689054015432981259e+01,2.164464739703085527e+01
4.691054587024864730e+01,2.291936077839540076e+01
4.693055158616748201e+01,2.511459488643617988e+01
4.695055730208630962e+01,2.710508437481595578e+01
4.697056301800514433e+01,2.942342647383928878e+01
4.699056873392397904e+01,3.189612032249443985e+01
4.701057444984281375e+01,3.459455537250842383e+01
4.703058016576164846e+01,3.528964832748035718e+01
4.705058588168048317e+01,3.728673255282363641e+01
4.707059159759931788e+01,3.872038766729279757e+01
4.709059731351815259e+01,3.984624281153834602e+01
4.711060302943698730e+01,4.065387683822221732e+01
4.713060874535581490e+01,4.095054858957544752e+01
4.715061446127464961e+01,4.125317007320001750e+01
4.717062017719348432e+01,4.092041866506129821e+01
4.719062589311231903e+01,3.995597447645009481e+01
4.721063160903115374e+01,3.865352995596227714e+01
4.723063732494998845e+01,3.745051990820383025e+01
4.725064304086882316e+01,3.443559064638685641e+01
4.727064875678765787e+01,3.303624655421539558e+01
4.729065447270649258e+01,3.024190638189796942e+01
4.731066018862532019e+01,2.775903147991572695e+01
4.733066590454415490e+01,2.601819398967413122e+01
4.735067162046298961e+01,2.366173513445964716e+01
4.737067733638182432e+01,2.219877640474259195e+01
4.739068305230065903e+01,1.874666509093325217e+01
4.741068876821949374e+01,1.793797861358595469e+01
4.743069448413832845e+01,1.549253372933197248e+01
4.745070020005716316e+01,1.374002987944651721e+01
4.747070591597599787e+01,1.200892431388488291e+01
4.749071163189483258e+01,1.112803794528736034e+01
4.751071734781366018e+01,1.062608365335866445e+01
4.753072306373249489e+01,8.897979059340196173e+00
4.755072877965132960e+01,7.865902548212125645e+00
4.757073449557016431e+01,7.990099796714943636e+00
4.759074021148899902e+01,7.177694347749435266e+00
4.761074592740783373e+01,5.729169526616610497e+00
4.763075164332666844e+01,5.719752796653931881e+00
4.765075735924550315e+01,4.815282089291632595e+00
4.767076307516433786e+01,5.401174342100020453e+00
4.769076879108316547e+01,3.707253829727859440e+00
4.771077450700200018e+01,4.176796513450385717e+00
4.773078022292083489e+01,3.836119867681709206e+00
4.775078593883966960e+01,3.924638867786697460e+00
4.777079165475850431e+01,3.382299448454782809e+00
4.779079737067733902e+01,3.258552787561536768e+00
4.781080308659617373e+01,3.008297000930289400e+00
4.783080880251500844e+01,2.671000777859042774e+00
4.785081451843384315e+01,3.022270406880890548e+00
4.787082023435267075e+01,3.322846369944358003e+00
4.789082595027150546e+01,3.277340370009717674e+00
4.791083166619034017e+01,2.910643160613287872e+00
4.793083738210917488e+01,2.321094569788213491e+00
4.795084309802800959e+01,3.202974208580967819e+00
4.797084881394684430e+01,3.165936536672898427e+00
4.799085452986567901e+01,2.890951705620314005e+00
4.801086024578451372e+01,3.204525718299645831e+00
4.803086596170334843e+01,2.624621476437641654e+00
4.805087167762218314e+01,2.053818457963116906e+00
4.807087739354101075e+01,2.392863559120723682e+00
4.809088310945984546e+01,2.569451084080268899e+00
4.811088882537868017e+01,2.433348705214330554e+00
4.813089454129751488e+01,2.220741638880912916e+00
4.815090025721634959e+01,2.069899640450339806e+00
4.817090597313518430e+01,3.105375613715060545e+00
4.819091168905401901e+01,2.912816170947787775e+00
4.821091740497285372e+01,3.387966600150581264e+00
4.823092312089168843e+01,2.771120494622908659e+00
4.825092883681051603e+01,3.238579896050497453e+00
4.827093455272935074e+01,3.144277935322154605e+00
4.829094026864818545e+01,3.710067087541291109e+00
4.831094598456702016e+01,3.475586801529440439e+00
4.833095170048585487e+01,4.574791247608994027e+00
4.835095741640468958e+01,4.556019422635464444e+00
4.837096313232352429e+01,5.415081924991884677e+00
4.839096884824235900e+01,5.047190488690110222e+00
4.841097456416119371e+01,4.996797767370425802e+00
4.843098028008002842e+01,5.379362064806425536e+00
4.845098599599885603e+01,6.478599359558939064e+00
4.847099171191769074e+01,6.698080892665485564e+00
4.849099742783652545e+01,6.743805253011871947e+00
4.851100314375536016e+01,7.958726293563309184e+00
4.853100885967419487e+01,7.525747120068974283e+00
4.855101457559302958e+01,8.262087785136106532e+00
4.857102029151186429e+01,8.755444457549948822e+00
4.859102600743069900e+01,8.776721906181059296e+00
4.861103172334953371e+01,9.332442935038145038e+00
4.863103743926836131e+01,9.208960970623778053e+00
4.865104315518719602e+01,9.139531479695286009e+00
4.867104887110603073e+01,8.958091422189008668e+00
4.869105458702486544e+01,9.136563243842068971e+00
4.871106030294370015e+01,8.017860753858842671e+00
4.873106601886253486e+01,8.497228317741468473e+00
4.875107173478136957e+01,7.934030489145125209e+00
4.877107745070020428e+01,7.212464816792229172e+00
4.879108316661903899e+01,7.173864972280454388e+00
4.881108888253786660e+01,7.500493566393544143e+00
4.883109459845670131e+01,5.656856849297032142e+00
4.885110031437553602e+01,5.376763658009058311e+00
4.887110603029437073e+01,5.426879873672144861e+00
4.889111174621320544e+01,4.157518480278651118e+00
4.891111746213204015e+01,4.512002246519665860e+00
4.893112317805087486e+01,4.624491563865852584e+00
4.895112889396970957e+01,3.980098760019067150e+00
4.897113460988854428e+01,3.428974890950380328e+00
4.899114032580737899e+01,3.454837657842508847e+00
4.901114604172620659e+01,2.763185134401250576e+00
4.903115175764504130e+01,3.291288271875941085e+00
4.905115747356387601e+01,2.336533007232854064e+00
4.907116318948271072e+01,2.635813756320694701e+00
4.909116890540154543e+01,1.607787494243941406e+00
4.911117462132038014e+01,2.040758128247693648e+00
4.913118033723921485e+01,2.020675920732849296e+00
4.915118605315804956e+01,1.785722698291134058e+00
4.917119176907688427e+01,2.393642367342520672e+00
4.919119748499571187e+01,1.819117771729803490e+00
4.921120320091454658e+01,9.367871833396363979e-01
4.923120891683338129e+01,2.284174407288782849e+00
4.925121463275221600e+01,1.879623579677291101e+00
4.927122034867105071e+01,1.018754491968983711e+00
4.929122606458988542e+01,1.483039697890107256e+00
4.931123178050872014e+01,9.194139311997411301e-01
4.933123749642755485e+01,1.495498889313379598e+00
4.935124321234638956e+01,1.595525811845751374e+00
4.937124892826522427e+01,1.882343322759025606e+00
4.939125464418405187e+01,1.488039898497458324e+00
4.941126036010288658e+01,1.748330017538740622e+00
4.943126607602172129e+01,2.148250563497892784e+00
4.945127179194055600e+01,9.213666701874063669e-01
4.947127750785939071e+01,1.316488069186363186e+00
4.949128322377822542e+01,1.370301307488623443e+00
4.951128893969706013e+01,1.603372356200067905e+00
4.953129465561589484e+01,1.718189550034916024e+00
4.955130037153472955e+01,1.306698817956436498e+00
4.957130608745355715e+01,1.323373415590800573e+00
4.959131180337239186e+01,1.420370429908905052e+00
4.961131751929122657e+01,1.447472390389967112e+00
4.963132323521006128e+01,1.650417653095025194e+00
4.965132895112889599e+01,2.232661891539860832e+00
4.967133466704773070e+01,1.696635124096835145e+00
4.969134038296656541e+01,1.365867802915311957e+00
4.971134609888540012e+01,6.036479401611687390e-01
4.973135181480423483e+01,1.483365215994012498e+00
4.975135753072306244e+01,1.561351502059542984e+00
4.977136324664189715e+01,1.652693897529248668e+00
4.979136896256073186e+01,1.571392921074883819e+00
4.981137467847956657e+01,9.701425574803994589e-01
4.983138039439840128e+01,1.249539746684326991e+00
4.985138611031723599e+01,1.377462320570276955e+00
4.987139182623607070e+01,1.260379425513389773e+00
4.989139754215490541e+01,1.173993683812238675e+00
4.991140325807374012e+01,1.300829861669076326e+00
4.993140897399257483e+01,1.241903824291220593e+00
4.995141468991140243e+01,9.710102675978390385e-01
4.997142040583023714e+01,1.663116083803542589e+00
4.999142612174907185e+01,1.472497358689802471e+00
5.001143183766790656e+01,1.938574726967682516e+00
5.003143755358674127e+01,1.484305778357309702e+00
5.005144326950557598e+01,1.852147625023411459e+00
5.007144898542441069e+01,1.233933814934593975e+00
5.009145470134324540e+01,1.047935446879609600e+00
5.011146041726208011e+01,6.573311078037095134e-01
5.013146613318090772e+01,1.839093914244726458e+00
5.015147184909974243e+01,6.461083904907619635e-01
5.017147756501857714e+01,3.969321107586977759e-01
5.019148328093741185e+01,1.216009834128175982e+00
5.021148899685624656e+01,1.347422640556336981e+00
5.023149471277508127e+01,1.508268733718736598e+00
5.025150042869391598e+01,8.215501996710481425e-01
5.027150614461275069e+01,1.274516113538085360e+00
5.029151186053158540e+01,8.487128360858938736e-01
5.031151757645042011e+01,1.033787120726885389e+00
5.033152329236924771e+01,1.031430546703712370e+00
5.035152900828808242e+01,1.790827591698919807e+00
5.037153472420691713e+01,1.345018524049094388e+00
5.039154044012575184e+01,1.250557213709051041e+00
5.041154615604458655e+01,1.521178960655142687e+00
5.043155187196342126e+01,1.722392423590166421e+00
5.045155758788225597e+01,4.161260240678334998e-01
5.047156330380109068e+01,1.849788007148132518e+00
5.049156901971992539e+01,1.255005606726927958e+00
5.051157473563875300e+01,1.140642276809325839e+00
5.053158045155758771e+01,4.299314155436761431e-01
5.055158616747642242e+01,1.128304850084256294e+00
5.057159188339525713e+01,1.630775439041159736e+00
5.059159759931409184e+01,1.584500509063470508e+00
5.061160331523292655e+01,1.368767618202797465e+00
5.063160903115176126e+01,6.712432769510934261e-01
5.065161474707059597e+01,1.162538901841985162e+00
5.067162046298943068e+01,1.521953194302292367e+00
5.069162617890825828e+01,1.680887018048815129e+00
5.071163189482709299e+01,1.504890664797942756e+00
5.073163761074592770e+01,1.855778856909630292e+00
5.075164332666476241e+01,1.499714853056433927e+00
5.077164904258359712e+01,9.346357646452003731e-01
5.079165475850243183e+01,9.016767123013506025e-01
5.081166047442126654e+01,1.035611199755490652e+00
5.083166619034010125e+01,1.450857995027203140e+00
5.085167190625893596e+01,1.869157319181169896e+00
5.087167762217777067e+01,1.453556511802647666e+00
5.089168333809659828e+01,1.281230793980748128e+00
5.091168905401543299e+01,1.815968259247490835e+00
5.093169476993426770e+01,1.500372594233929657e+00
5.095170048585310241e+01,1.444870784092138427e+00
5.097170620177193712e+01,7.760808969191200779e-01
5.099171191769077183e+01,1.490008063478496680e+00
5.101171763360960654e+01,1.847064714230834070e+00
5.103172334952844125e+01,1.651928333195530563e+00
5.105172906544727596e+01,8.966892271302879802e-01
5.107173478136610356e+01,1.590920509036775954e+00
5.109174049728493827e+01,1.476917330580109988e+00
5.111174621320377298e+01,1.675866078061314823e+00
5.113175192912260769e+01,1.494824752469862572e+00
5.115175764504144240e+01,1.215185005324041390e+00
5.117176336096027711e+01,1.452984277202546526e+00
5.119176907687911182e+01,1.973568681869270147e+00
5.121177479279794653e+01,2.232333306336743206e+00
5.123178050871678124e+01,2.366972913865454053e+00
5.125178622463561595e+01,2.661822458709973915e+00
5.127179194055444356e+01,2.686651830467618574e+00
5.129179765647327827e+01,2.297233269719202386e+00
5.131180337239211298e+01,3.089505249563154976e+00
5.133180908831094769e+01,4.351058732102893956e+00
5.135181480422978240e+01,4.179397608617270166e+00
5.137182052014861711e+01,4.484980038418159509e+00
5.139182623606745182e+01,3.814176945788970485e+00
5.141183195198628653e+01,4.617676061555467726e+00
5.143183766790512124e+01,5.557785154177175002e+00
5.145184338382394884e+01,5.499566401803988036e+00
5.147184909974278355e+01,6.548603023739055118e+00
5.149185481566161826e+01,6.786727036368482402e+00
5.151186053158045297e+01,6.542067110651531792e+00
5.153186624749928768e+01,6.789068082494779333e+00
5.155187196341812239e+01,7.480958830238960466e+00
5.157187767933695710e+01,8.126409281944155794e+00
5.159188339525579181e+01,7.374055117976309859e+00
5.161188911117462652e+01,8.600722068426073008e+00
5.163189482709345413e+01,9.024019135606362596e+00
5.165190054301228884e+01,8.482880014668378266e+00
5.167190625893112355e+01,7.703292720029745411e+00
5.169191197484995826e+01,7.976601797904081970e+00
5.171191769076879297e+01,7.753471227435959179e+00
5.173192340668762768e+01,7.625261336424152603e+00
5.175192912260646239e+01,7.052965525923286627e+00
5.177193483852529710e+01,7.275552717146409165e+00
5.179194055444413181e+01,6.906537881656298339e+00
5.181194627036296652e+01,6.098358229108271189e+00
5.183195198628179412e+01,6.037832776139739899e+00
5.185195770220062883e+01,5.545505488256995186e+00
5.187196341811946354e+01,4.924214912003428424e+00
5.189196913403829825e+01,4.495206134692068645e+00
5.191197484995713296e+01,3.957888962419521484e+00
5.193198056587596767e+01,3.145232828070463782e+00
5.195198628179480238e+01,4.309472551459727185e+00
5.197199199771363709e+01,3.454179885579701015e+00
5.199199771363247180e+01,3.321887314791497126e+00
5.201200342955129940e+01,2.746280739623780498e+00
5.203200914547013411e+01,2.413823372425007108e+00
5.205201486138896882e+01,2.412010452370067171e+00
5.207202057730780353e+01,2.158286202836661172e+00
5.209202629322663824e+01,1.908387260791123641e+00
5.211203200914547295e+01,1.980304628979844273e+00
5.213203772506430766e+01,1.774249460984482551e+00
5.215204344098314237e+01,1.318219750376955712e+00
5.217204915690197708e+01,1.391678542264186191e+00
5.219205487282081180e+01,9.871521519133192868e-01
5.221206058873963940e+01,1.838739816447883646e+00
5.223206630465847411e+01,1.608416897555480896e+00
5.225207202057730882e+01,1.293115208474044042e+00
5.227207773649614353e+01,1.584299843559148435e+00
5.229208345241497824e+01,1.923068359153287332e+00
5.231208916833381295e+01,9.105226798300029012e-01
5.233209488425264766e+01,1.036692619343658306e+00
5.235210060017148237e+01,9.083717537148334742e-01
5.237210631609031708e+01,1.448241848491701678e+00
5.239211203200914468e+01,1.486283902002553559e+00
5.241211774792797939e+01,1.791954441392530573e+00
5.243212346384681410e+01,9.662614795993146322e-01
5.245212917976564881e+01,1.142494082164299041e+00
5.247213489568448352e+01,1.271023772008565977e+00
5.249214061160331823e+01,1.777956056113402239e+00
5.251214632752215294e+01,1.160639029100444475e+00
5.253215204344098765e+01,1.730286630210727372e+00
5.255215775935982236e+01,1.381469105471048175e+00
5.257216347527864997e+01,1.603714293237000987e+00
5.259216919119748468e+01,1.861013534438120010e+00
5.261217490711631939e+01,1.757357597993739695e+00
5.263218062303515410e+01,1.319417539173590503e+00
5.265218633895398881e+01,7.300047152539348438e-01
5.267219205487282352e+01,1.367025714146354876e+00
5.269219777079165823e+01,8.082894529591098109e-01
5.271220348671049294e+01,1.774406682151216774e+00
5.273220920262932765e+01,9.952673842081424249e-01
5.275221491854816236e+01,1.699062253580201354e+00
5.277222063446698996e+01,5.575119444010496750e-01
5.279222635038582467e+01,1.108666659469429217e+00
5.281223206630465938e+01,1.880488503445116200e+00
5.283223778222349409e+01,8.379769575600786169e-01
5.285224349814232880e+01,9.465899610339154613e-01
5.287224921406116351e+01,7.663505283232070475e-01
5.289225492997999822e+01,1.525780337613864335e+00
5.291226064589883293e+01,1.164432645019515489e+00
5.293226636181766764e+01,4.753281555411476011e-01
5.295227207773649525e+01,9.903413026542471354e-01
5.297227779365532996e+01,5.624597154850978775e-01
5.299228350957416467e+01,1.744124676132727148e+00
5.301228922549299938e+01,1.043020778698973583e+00
5.303229494141183409e+01,8.879531846102131087e-01
5.305230065733066880e+01,9.686790230790556233e-01
5.307230637324950351e+01,1.962286314603796322e+00
5.309231208916833822e+01,1.362102345867071351e+00
5.311231780508717293e+01,5.745878810252977864e-01
5.313232352100600764e+01,1.441980779570019022e+00
5.315232923692483524e+01,8.071536960320995213e-01
5.317233495284366995e+01,1.415097016965592758e+00
5.319234066876250466e+01,1.782189380482961383e+00
5.321234638468133937e+01,8.032402580369132350e-01
5.323235210060017408e+01,1.623466936175282038e+00
5.325235781651900879e+01,6.347529692260073242e-01
5.327236353243784350e+01,1.197371092587987462e+00
5.329236924835667821e+01,1.017856887932892196e+00
5.331237496427551292e+01,1.281203296668825153e+00
5.333238068019434053e+01,1.269881790157952217e+00
5.335238639611317524e+01,8.733275313407362628e-01
5.337239211203200995e+01,1.082056964263117482e+00
5.339239782795084466e+01,1.054595193977748702e+00
5.341240354386967937e+01,1.593819891538956757e+00
5.343240925978851408e+01,1.243502426718397391e+00
5.345241497570734879e+01,1.214229127384777618e+00
5.347242069162618350e+01,3.179575358771114524e-01
5.349242640754501821e+01,8.325114751777183963e-01
5.351243212346384581e+01,7.283944976342631161e-01
5.353243783938268052e+01,1.329955299859467699e+00
5.355244355530151523e+01,8.904980939552694652e-01
5.357244927122034994e+01,1.661583678693899779e+00
5.359245498713918465e+01,9.038708193986255690e-01
5.361246070305801936e+01,2.043248611797543024e+00
5.363246641897685407e+01,3.802975174577497564e-01
5.365247213489568878e+01,2.822042387962745424e-01
5.367247785081452349e+01,8.477241902147671926e-01
5.369248356673335820e+01,1.808165595899007716e+00
5.371248928265218581e+01,1.023503239401528431e+00
5.373249499857102052e+01,8.497033319417035546e-01
5.375250071448985523e+01,9.607603546420472318e-01
5.377250643040868994e+01,1.442491078121714398e+00
5.379251214632752465e+01,1.330498618023216562e+00
5.381251786224635936e+01,6.564275007023114838e-01
5.383252357816519407e+01,5.814070476280907007e-01
5.385252929408402878e+01,5.308861303378440422e-01
5.387253501000286349e+01,1.531572074119281979e+00
5.389254072592169109e+01,8.243386301515279735e-01
5.391254644184052580e+01,1.009200640016312045e+00
5.393255215775936051e+01,7.771540493116877446e-01
5.395255787367819522e+01,1.519911709348039430e+00
5.397256358959702993e+01,1.220650119464308014e+00
5.399256930551586464e+01,1.683352317594487779e+00
5.401257502143469935e+01,9.930177744648549520e-01
5.403258073735353406e+01,9.991162225574641287e-01
5.405258645327236877e+01,8.050337504316639192e-01
5.407259216919120348e+01,1.597733188593673415e+00
5.409259788511003109e+01,1.192613851931990210e+00
5.411260360102886580e+01,1.491886592213922835e+00
5.413260931694770051e+01,1.558353531746462295e+00
5.415261503286653522e+01,1.240058199875906375e+00
5.417262074878536993e+01,1.108586133384484418e+00
5.419262646470420464e+01,2.230348422183713097e+00
5.421263218062303935e+01,1.567744534868304562e+00
5.423263789654187406e+01,1.402480813502783530e+00
5.425264361246070877e+01,9.204614006566225193e-01
5.427264932837953637e+01,1.946265061231757798e+00
5.429265504429837108e+01,9.010937349268550722e-01
5.431266076021720579e+01,1.163834627462940308e+00
5.433266647613604050e+01,1.849080049798282666e+00
5.435267219205487521e+01,1.481983610395250617e+00
5.437267790797370992e+01,2.031478232571794162e+00
5.439268362389254463e+01,1.679013643983023885e+00
5.441268933981137934e+01,1.645052512440562165e+00
5.443269505573021405e+01,1.772692947725880597e+00
5.445270077164904166e+01,2.032464180710009671e+00
5.447270648756787637e+01,1.985431672382466761e+00
5.449271220348671108e+01,2.050882080596594825e+00
5.451271791940554579e+01,2.195152818458708133e+00
5.453272363532438050e+01,1.431104351978429889e+00
5.455272935124321521e+01,2.466100463018737088e+00
5.457273506716204992e+01,2.672416002442052907e+00
5.459274078308088463e+01,2.330324368616051967e+00
5.461274649899971934e+01,2.522620133287619026e+00
5.463275221491855405e+01,2.345472864441924266e+00
5.465275793083738165e+01,2.747529969782894543e+00
5.467276364675621636e+01,2.495441938258109449e+00
5.469276936267505107e+01,2.855923594220141748e+00
5.471277507859388578e+01,2.695762529850396660e+00
5.473278079451272049e+01,2.838654429491146658e+00
5.475278651043155520e+01,2.295434887107427713e+00
5.477279222635038991e+01,2.359731120073184751e+00
5.479279794226922462e+01,2.683953305886725094e+00
5.481280365818805933e+01,2.579676899854075334e+00
5.483280937410688693e+01,2.479032755920920206e+00
5.485281509002572164e+01,3.033459759839729486e+00
5.487282080594455635e+01,2.559197633227095370e+00
5.489282652186339106e+01,2.667706656641618324e+00
5.491283223778222577e+01,2.209344288655262112e+00
5.493283795370106048e+01,2.575402049417484740e+00
5.495284366961989519e+01,2.320521482253787848e+00
5.497284938553872990e+01,1.615652244933560855e+00
5.499285510145756461e+01,1.594579676216174136e+00
5.501286081737639222e+01,2.450101858983992464e+00
5.503286653329522693e+01,2.276589771042560884e+00
5.505287224921406164e+01,1.462288774854551221e+00
5.507287796513289635e+01,1.831240835815220791e+00
5.509288368105173106e+01,2.468164502898177126e+00
5.511288939697056577e+01,2.478207624426191913e+00
5.513289511288940048e+01,1.114108493350228324e+00
5.515290082880823519e+01,2.274964033879045555e+00
5.517290654472706990e+01,2.190960777209576271e+00
5.519291226064590461e+01,2.260950942754260673e+00
5.521291797656473221e+01,2.318992703508421904e+00
5.523292369248356692e+01,1.905312123153045434e+00
5.525292940840240163e+01,1.763227609683297947e+00
5.527293512432123634e+01,2.830506557680243951e+00
5.529294084024007105e+01,3.025796236612918300e+00
5.531294655615890576e+01,2.021869301477782876e+00
5.533295227207774047e+01,2.396188901781469482e+00
5.535295798799657518e+01,2.176561565158700695e+00
5.537296370391540989e+01,2.506061164196741853e+00
5.539296941983423750e+01,1.913902797275325085e+00
5.541297513575307221e+01,2.543625873389292913e+00
5.543298085167190692e+01,3.088458194197224671e+00
5.545298656759074163e+01,3.092753850554379902e+00
5.547299228350957634e+01,3.217514893175952295e+00
5.549299799942841105e+01,3.651252516266534798e+00
5.551300371534724576e+01,4.803050035216575253e+00
5.553300943126608047e+01,4.825255041723564453e+00
5.555301514718491518e+01,4.998169091345458170e+00
5.557302086310374989e+01,5.964619922987097311e+00
5.559302657902257749e+01,6.487783480036380723e+00
5.561303229494141220e+01,7.448487486900603471e+00
5.563303801086024691e+01,8.470198226385885931e+00
5.565304372677908162e+01,9.359111573539776074e+00
5.567304944269791633e+01,9.682326294844861181e+00
5.569305515861675104e+01,1.137897267158362524e+01
5.571306087453558575e+01,1.253950340493921090e+01
5.573306659045442046e+01,1.304102872318248885e+01
5.575307230637325517e+01,1.511037098565055636e+01
5.577307802229208278e+01,1.607992968113357790e+01
5.579308373821091749e+01,1.737815275164796702e+01
5.581308945412975220e+01,1.790891020698947500e+01
5.583309517004858691e+01,2.016612516075612405e+01
5.585310088596742162e+01,1.982162838941108873e+01
5.587310660188625633e+01,2.142205101831222791e+01
5.589311231780509104e+01,2.184208390633806474e+01
5.591311803372392575e+01,2.251742827261225699e+01
5.593312374964276046e+01,2.339424936192421001e+01
5.595312946556158806e+01,2.334447949900457076e+01
5.597313518148042277e+01,2.338084723047519731e+01
5.599314089739925748e+01,2.268037428909894970e+01
5.601314661331809219e+01,2.275273287301411784e+01
5.603315232923692690e+01,2.182503627326549278e+01
5.605315804515576161e+01,2.144952055999383234e+01
5.607316376107459632e+01,2.069039613325403693e+01
5.609316947699343103e+01,2.022450456489288939e+01
5.611317519291226574e+01,1.895591746233096231e+01
5.613318090883110045e+01,1.809863171455123165e+01
5.615318662474992806e+01,1.655522872191890116e+01
5.617319234066876277e+01,1.552316126843958521e+01
5.619319805658759748e+01,1.521268144882861861e+01
5.621320377250643219e+01,1.345445537456195062e+01
5.623320948842526690e+01,1.276275712346983759e+01
5.625321520434410161e+01,1.168281809654014580e+01
5.627322092026293632e+01,1.053465514048018825e+01
5.629322663618177103e+01,1.045915550398809657e+01
5.631323235210060574e+01,8.987761858859597552e+00
5.633323806801943334e+01,8.389350811932448693e+00
5.635324378393826805e+01,7.960386221179170718e+00
5.637324949985710276e+01,7.746113199452123510e+00
5.639325521577593747e+01,7.143803959623583388e+00
5.641326093169477218e+01,7.293790387131021902e+00
5.643326664761360689e+01,6.886298950700091126e+00
5.645327236353244160e+01,6.962757997357208239e+00
5.647327807945127631e+01,6.007144014672732624e+00
5.649328379537011102e+01,7.082962308061489409e+00
5.651328951128894573e+01,7.272732048577176478e+00
5.653329522720777334e+01,7.717917579029611730e+00
5.655330094312660805e+01,7.897182200651936768e+00
5.657330665904544276e+01,7.908769378967319241e+00
5.659331237496427747e+01,8.193733952834470813e+00
5.661331809088311218e+01,9.355080588378765327e+00
5.663332380680194689e+01,1.024566803612476207e+01
5.665332952272078160e+01,1.079102468462197173e+01
5.667333523863961631e+01,1.169400033448218323e+01
5.669334095455845102e+01,1.143196500004079752e+01
5.671334667047727862e+01,1.231728188322892059e+01
5.673335238639611333e+01,1.248244515476621430e+01
5.675335810231494804e+01,1.393487473754780126e+01
5.677336381823378275e+01,1.416810920942411656e+01
5.679336953415261746e+01,1.459077347961191506e+01
5.681337525007145217e+01,1.451883342166911461e+01
5.683338096599028688e+01,1.510736858335313926e+01
5.685338668190912159e+01,1.496921287633302100e+01
5.687339239782795630e+01,1.515540689843029476e+01
5.689339811374678391e+01,1.467369885108892191e+01
5.691340382966561862e+01,1.474932990932599708e+01
5.693340954558445333e+01,1.424306780836684894e+01
5.695341526150328804e+01,1.356805546846825195e+01
5.697342097742212275e+01,1.325687644074534433e+01
5.699342669334095746e+01,1.370994622057425616e+01
5.701343240925979217e+01,1.292743040842722735e+01
5.703343812517862688e+01,1.212778296672936129e+01
5.705344384109746159e+01,1.247651490521774775e+01
5.707344955701629630e+01,1.151221784966330652e+01
5.709345527293512390e+01,1.158017920903189157e+01
5.711346098885395861e+01,1.128732213372629900e+01
5.713346670477279332e+01,1.017144778357104684e+01
5.715347242069162803e+01,1.033137170391770532e+01
5.717347813661046274e+01,9.219020726740296823e+00
5.719348385252929745e+01,9.273485708260885474e+00
5.721348956844813216e+01,7.903025098883190935e+00
5.723349528436696687e+01,7.285447279004312549e+00
5.725350100028580158e+01,7.166573279767298743e+00
5.727350671620462919e+01,6.182501708309208865e+00
5.729351243212346390e+01,6.083065018309584460e+00
5.731351814804229861e+01,5.431666532656756807e+00
5.733352386396113332e+01,4.859200825519368827e+00
5.735352957987996803e+01,3.735997098151567108e+00
5.737353529579880274e+01,3.919155808365097915e+00
5.739354101171763745e+01,3.468523784588932735e+00
5.741354672763647216e+01,2.947702170774070041e+00
5.743355244355530687e+01,3.274504480688244179e+00
5.745355815947414158e+01,2.180102406374625712e+00
5.747356387539296918e+01,2.278883456900611115e+00
5.749356959131180389e+01,2.025945036087645423e+00
5.751357530723063860e+01,2.914282503793963919e+00
5.753358102314947331e+01,1.857606801346374237e+00
5.755358673906830802e+01,2.175958737377220231e+00
5.757359245498714273e+01,1.396675184690760574e+00
5.759359817090597744e+01,1.570705125848803618e+00
5.761360388682481215e+01,2.392645597942193891e+00
5.763360960274364686e+01,1.467553506443052491e+00
5.765361531866247446e+01,1.424472251623674746e+00
5.767362103458130917e+01,1.361139226497622090e+00
5.769362675050014388e+01,2.285352309194699671e+00
5.771363246641897859e+01,2.017559630140221660e+00
5.773363818233781330e+01,1.830736568770994221e+00
5.775364389825664801e+01,1.779669612124564759e+00
5.777364961417548272e+01,1.572297080230948829e+00
5.779365533009431743e+01,2.098842684660861657e+00
5.781366104601315214e+01,1.505948116429832506e+00
5.783366676193197975e+01,1.835331262826508603e+00
5.785367247785081446e+01,1.110528249869372042e+00
5.787367819376964917e+01,1.240319944920115658e+00
5.789368390968848388e+01,1.633675860325116247e+00
5.791368962560731859e+01,1.337258192165571069e+00
5.793369534152615330e+01,1.823241753655774122e+00
5.795370105744498801e+01,1.513854828851585843e+00
5.797370677336382272e+01,1.859064362640074464e+00
5.799371248928265743e+01,1.107732944289687493e+00
5.801371820520149214e+01,1.679741596499218392e+00
5.803372392112031974e+01,2.288896717085435739e+00
5.805372963703915445e+01,2.025253473348770150e+00
5.807373535295798916e+01,6.590785148395068571e-01
5.809374106887682387e+01,1.294462126258575596e+00
5.811374678479565858e+01,1.986283556764139480e+00
5.813375250071449329e+01,1.718389345464193863e+00
5.815375821663332800e+01,1.380564651416960942e+00
5.817376393255216271e+01,1.624978014649084201e+00
5.819376964847099742e+01,1.656925693451186454e+00
5.821377536438982503e+01,1.776071120343377663e+00
5.823378108030865974e+01,1.250792729117977897e+00
5.825378679622749445e+01,2.238272175403942299e+00
5.827379251214632916e+01,1.773702835722460902e+00
5.829379822806516387e+01,1.575577229425368264e+00
5.831380394398399858e+01,1.350354266443348772e+00
5.833380965990283329e+01,2.237030077519168714e+00
5.835381537582166800e+01,2.409465248977843643e+00
5.837382109174050271e+01,2.553042100821611982e+00
5.839382680765933742e+01,2.090140312436030712e+00
5.841383252357816502e+01,2.140884738513109120e+00
5.843383823949699973e+01,2.479622549848886415e+00
5.845384395541583444e+01,1.952854005760680689e+00
5.847384967133466915e+01,2.640322191977814370e+00
5.849385538725350386e+01,2.282424945569027308e+00
5.851386110317233857e+01,1.992963521249718761e+00
5.853386681909117328e+01,2.025230313096362700e+00
5.855387253501000799e+01,3.073127460422697244e+00
5.857387825092884270e+01,3.587617081021134524e+00
5.859388396684767031e+01,3.392977240674727391e+00
5.861388968276650502e+01,2.644490707530384732e+00
5.863389539868533973e+01,3.686731704081132044e+00
5.865390111460417444e+01,3.335188828068329947e+00
5.867390683052300915e+01,2.812590416759125134e+00
5.869391254644184386e+01,2.417502579748332714e+00
5.871391826236067857e+01,2.713501965696637264e+00
5.873392397827951328e+01,2.404493437038303760e+00
5.875392969419834799e+01,3.313162638747969346e+00
5.877393541011717559e+01,3.488067954309077123e+00
5.879394112603601030e+01,2.445238148604268691e+00
5.881394684195484501e+01,3.277107159787418844e+00
5.883395255787367972e+01,3.154925912841666680e+00
5.885395827379251443e+01,2.890829345743538781e+00
5.887396398971134914e+01,2.870275552484837789e+00
5.889396970563018385e+01,2.744788847221613981e+00
5.891397542154901856e+01,2.356816002618321360e+00
5.893398113746785327e+01,2.776955246075574646e+00
5.895398685338668798e+01,2.453677951478085983e+00
5.897399256930551559e+01,2.627289957799356923e+00
5.899399828522435030e+01,2.662958183138479207e+00
5.901400400114318501e+01,2.853927733946397538e+00
5.903400971706201972e+01,2.833310649785801161e+00
5.905401543298085443e+01,2.282878270751887317e+00
5.907402114889968914e+01,2.442959167732416503e+00
5.909402686481852385e+01,2.339494301101768592e+00
5.911403258073735856e+01,2.029570847742018458e+00
5.913403829665619327e+01,1.816108274604051331e+00
5.915404401257502087e+01,2.160470608100392376e+00
5.917404972849385558e+01,1.563752280538942996e+00
5.919405544441269029e+01,1.204731290958479528e+00
5.921406116033152500e+01,1.204526472893971523e+00
5.923406687625035971e+01,1.853540973556792038e+00
5.925407259216919442e+01,1.384428763125091777e+00
5.927407830808802913e+01,1.242241848315934316e+00
5.929408402400686384e+01,1.483765434989654519e+00
5.931408973992569855e+01,1.439506096347528574e+00
5.933409545584453326e+01,1.541428535176036396e+00
5.935410117176336087e+01,7.744424003341138230e-01
5.937410688768219558e+01,1.441510669283898594e+00
5.939411260360103029e+01,7.564068555582734721e-01
5.941411831951986500e+01,8.574630097759926572e-01
5.943412403543869971e+01,1.006143053478327776e+00
5.945412975135753442e+01,1.972087479826029721e+00
5.947413546727636913e+01,1.667424675406514067e+00
5.949414118319520384e+01,1.327959932135408083e+00
5.951414689911403855e+01,2.340863699095016237e+00
5.953415261503286615e+01,1.825778806127587917e+00
5.955415833095170086e+01,1.472316175706376740e+00
5.957416404687053557e+01,1.589810780700459780e+00
5.959416976278937028e+01,1.297349824946302022e+00
5.961417547870820499e+01,1.959277108605532502e+00
5.963418119462703970e+01,2.324295501664328967e+00
5.965418691054587441e+01,2.049317064125369736e+00
5.967419262646470912e+01,2.169481699436357935e+00
5.969419834238354383e+01,2.357429794429203529e+00
5.971420405830237144e+01,1.937863077360670871e+00
5.973420977422120615e+01,2.328195372318125234e+00
5.975421549014004086e+01,2.891200621681889515e+00
5.977422120605887557e+01,2.201022276759046825e+00
5.979422692197771028e+01,3.058748628519673218e+00
5.981423263789654499e+01,3.432576581536124660e+00
5.983423835381537970e+01,3.215924640713615279e+00
5.985424406973421441e+01,3.096526897818993262e+00
5.987424978565304912e+01,2.574174583068296940e+00
5.989425550157188383e+01,3.754225746917092543e+00
5.991426121749071143e+01,2.601250391909557536e+00
5.993426693340954614e+01,3.158115947483412622e+00
5.995427264932838085e+01,3.685237697599188955e+00
5.997427836524721556e+01,2.773254009790212748e+00
5.999428408116605027e+01,3.408308154498438824e+00
6.001428979708488498e+01,3.521955470690560919e+00
6.003429551300371969e+01,3.032287314876895845e+00
6.005430122892255440e+01,3.727983853863737984e+00
6.007430694484138911e+01,3.168481701996916478e+00
6.009431266076021672e+01,3.566033958780115753e+00
6.011431837667905143e+01,3.419211100919660851e+00
6.013432409259788614e+01,3.113354672844090398e+00
6.015432980851672085e+01,2.637031434358743098e+00
6.017433552443555556e+01,2.385656777428727171e+00
6.019434124035439027e+01,2.603546762308132312e+00
6.021434695627322498e+01,2.890990452605088024e+00
6.023435267219205969e+01,2.456904606055556606e+00
6.025435838811089440e+01,2.443896605815203849e+00
6.027436410402972911e+01,2.745914080593727213e+00
6.029436981994855671e+01,2.039873295152808019e+00
6.031437553586739142e+01,2.943483767496369197e+00
6.033438125178622613e+01,2.096205882141420229e+00
6.035438696770506084e+01,2.596869268111468010e+00
6.037439268362389555e+01,1.860840399302834181e+00
6.039439839954273026e+01,2.442216991310495189e+00
6.041440411546156497e+01,1.396327358677941888e+00
6.043440983138039968e+01,1.619969842002802363e+00
6.045441554729923439e+01,1.861675491135550198e+00
6.047442126321806199e+01,2.027152769685538480e+00
6.049442697913689670e+01,2.391948887836540472e+00
6.051443269505573141e+01,1.447695741152878579e+00
6.053443841097456612e+01,2.220968742022686016e+00
6.055444412689340083e+01,1.683194004562905910e+00
6.057444984281223554e+01,2.104832591807896947e+00
6.059445555873107025e+01,2.019828636967115898e+00
6.061446127464990496e+01,1.752815625459923865e+00
6.063446699056873967e+01,2.082026742936662345e+00
6.065447270648756728e+01,1.478678879382922862e+00
6.067447842240640199e+01,1.678238852035336626e+00
6.069448413832523670e+01,2.739519165439816550e+00
6.071448985424407141e+01,2.303427382142231750e+00
6.073449557016290612e+01,2.332915730070579841e+00
6.075450128608174083e+01,1.155185234913721715e+00
6.077450700200057554e+01,2.692860283652414033e+00
6.079451271791941025e+01,1.185963112042796919e+00
6.081451843383824496e+01,1.868151912241616808e+00
6.083452414975707967e+01,2.055755615097315747e+00
6.085452986567590727e+01,2.431999371862375803e+00
6.087453558159474198e+01,2.196783925983885055e+00
6.089454129751357669e+01,2.284823917882478739e+00
6.091454701343241140e+01,2.706693308274980225e+00
6.093455272935124611e+01,3.194363261356859773e+00
6.095455844527008082e+01,2.221556626012432201e+00
6.097456416118891553e+01,2.283570343182614426e+00
6.099456987710775024e+01,2.334942243567328379e+00
6.101457559302658495e+01,3.562033855473277111e+00
6.103458130894541256e+01,2.853460715029545458e+00
6.105458702486424727e+01,2.634564671125664059e+00
6.107459274078308198e+01,3.499584741892133088e+00
6.109459845670191669e+01,3.102393627785357655e+00
6.111460417262075140e+01,3.156940560001942231e+00
6.113460988853958611e+01,2.876695981968326876e+00
6.115461560445842082e+01,3.914524308535345831e+00
6.117462132037725553e+01,3.598331333046170144e+00
6.119462703629609024e+01,4.310005411314559609e+00
6.121463275221492495e+01,4.455547073237843492e+00
6.123463846813375255e+01,5.235195897304393498e+00
6.125464418405258726e+01,5.530029489155127820e+00
6.127464989997142197e+01,5.788491051736770032e+00
6.129465561589025668e+01,5.935607526654105293e+00
6.131466133180909139e+01,6.228141913002653851e+00
6.133466704772792610e+01,7.830442425267131412e+00
6.135467276364676081e+01,8.660413285136840500e+00
6.137467847956559552e+01,9.000710180971257302e+00
6.139468419548443023e+01,1.014821687469949651e+01
6.141468991140325784e+01,1.071684038317874688e+01
6.143469562732209255e+01,1.144888016088557947e+01
6.145470134324092726e+01,1.289053480054348455e+01
6.147470705915976197e+01,1.319159214605718233e+01
6.149471277507859668e+01,1.474064127258615287e+01
6.151471849099743139e+01,1.584716325058771957e+01
6.153472420691626610e+01,1.689156246277665474e+01
6.155472992283510081e+01,1.724508676483714709e+01
6.157473563875393552e+01,1.761899069429991727e+01
6.159474135467276312e+01,1.840966759596434343e+01
6.161474707059159783e+01,1.780880261377830465e+01
6.163475278651043254e+01,1.881931968278298584e+01
6.165475850242926725e+01,1.959391454892197970e+01
6.167476421834810196e+01,1.843985298752168589e+01
6.169476993426693667e+01,1.860614530711096037e+01
6.171477565018577138e+01,1.773597883281421161e+01
6.173478136610460609e+01,1.724971837473329117e+01
6.175478708202344080e+01,1.760717408173274023e+01
6.177479279794227551e+01,1.615681062158850523e+01
6.179479851386110312e+01,1.526828219283621557e+01
6.181480422977993783e+01,1.465073483082242767e+01
6.183480994569877254e+01,1.402420552363597395e+01
6.185481566161760725e+01,1.309903930450361287e+01
6.187482137753644196e+01,1.259556259316331861e+01
6.189482709345527667e+01,1.289444841017386167e+01
6.191483280937411138e+01,1.147046363714555994e+01
6.193483852529294609e+01,1.193339467704446832e+01
6.195484424121178080e+01,1.074031131113916082e+01
6.197484995713060840e+01,1.031356385483213067e+01
6.199485567304944311e+01,1.087381886122430075e+01
6.201486138896827782e+01,9.776043982732691262e+00
6.203486710488711253e+01,9.745160432077829782e+00
6.205487282080594724e+01,8.731316467810437132e+00
6.207487853672478195e+01,8.329613150752397388e+00
6.209488425264361666e+01,8.296967956190442806e+00
6.211488996856245137e+01,8.389403435127318787e+00
6.213489568448128608e+01,7.741395490071965924e+00
6.215490140040011369e+01,7.420212946918557151e+00
6.217490711631894840e+01,7.051513847625663800e+00
6.219491283223778311e+01,7.297175137723290739e+00
6.221491854815661782e+01,6.543070640022373041e+00
6.223492426407545253e+01,6.122749076671086144e+00
6.225492997999428724e+01,5.405069545011592425e+00
6.227493569591312195e+01,5.406136774725120553e+00
6.229494141183195666e+01,4.768788642212705930e+00
6.231494712775079137e+01,4.240146238946856272e+00
6.233495284366962608e+01,3.934873118759208310e+00
6.235495855958845368e+01,2.991477439248265924e+00
6.237496427550728839e+01,3.667644825960529431e+00
6.239496999142612310e+01,2.709762085304790791e+00
6.241497570734495781e+01,3.470165484947537848e+00
6.243498142326379252e+01,1.977209143712465256e+00
6.245498713918262723e+01,2.021619748573171282e+00
6.247499285510146194e+01,2.666215074717746880e+00
6.249499857102029665e+01,2.608510389469012036e+00
6.251500428693913136e+01,1.971048877881133476e+00
6.253501000285795897e+01,2.731843208933668610e+00
6.255501571877679368e+01,1.927530162904479205e+00
6.257502143469562839e+01,1.517988056228897431e+00
6.259502715061446310e+01,1.681141837013729878e+00
6.261503286653329781e+01,1.831088717409944611e+00
6.263503858245213252e+01,1.950262990831730825e+00
6.265504429837096723e+01,2.213486682737891620e+00
6.267505001428980194e+01,2.051752940314803375e+00
6.269505573020863665e+01,1.509706755109825549e+00
6.271506144612747136e+01,2.139210945939320041e+00
6.273506716204629896e+01,1.832892535923143384e+00
6.275507287796513367e+01,2.009926196275777066e+00
6.277507859388396838e+01,1.940125773856886671e+00
6.279508430980280309e+01,1.654984141772679385e+00
6.281509002572163780e+01,1.740858382972313434e+00
6.283509574164047251e+01,2.124338041732444893e+00
6.285510145755930722e+01,1.462706863069386243e+00
6.287510717347814193e+01,1.551988350225952162e+00
6.289511288939697664e+01,1.242475911943053735e+00
6.291511860531580425e+01,2.051156745403366344e+00
6.293512432123463896e+01,1.899014220186803215e+00
6.295513003715347367e+01,1.167483176240008191e+00
6.297513575307230838e+01,1.824656116210449763e+00
6.299514146899114309e+01,1.311734383488579514e+00
6.301514718490997780e+01,1.270802670412694013e+00
6.303515290082881251e+01,9.047447760235818315e-01
6.305515861674764722e+01,1.671907679228136656e+00
6.307516433266648193e+01,2.416680341750321315e+00
6.309517004858530953e+01,1.413213573447728244e+00
6.311517576450414424e+01,1.650693873763743103e+00
6.313518148042297895e+01,1.595798125521330935e+00
6.315518719634181366e+01,2.348101668569513745e+00
6.317519291226064837e+01,1.916829056502226569e+00
6.319519862817948308e+01,1.708091442019115558e+00
6.321520434409831779e+01,2.220503611557902435e+00
6.323521006001715250e+01,2.421873450881414147e+00
6.325521577593598721e+01,1.856971754538541131e+00
6.327522149185482192e+01,2.114497134669327316e+00
6.329522720777364952e+01,3.252765230113415118e+00
6.331523292369248423e+01,2.869980289825843744e+00
6.333523863961131894e+01,2.954676733508335928e+00
6.335524435553015365e+01,3.085039445849544926e+00
6.337525007144898836e+01,3.816667368798733584e+00
6.339525578736782307e+01,4.277387870417336480e+00
6.341526150328665778e+01,3.488757457918275406e+00
6.343526721920549249e+01,4.602391849134814805e+00
6.345527293512432720e+01,4.916655342876572021e+00
6.347527865104315481e+01,5.008160811870572715e+00
6.349528436696198952e+01,5.663319425476780467e+00
6.351529008288082423e+01,5.466247225137562005e+00
6.353529579879965894e+01,6.642570783233720633e+00
6.355530151471849365e+01,5.755525849320145326e+00
6.357530723063732836e+01,7.360093448814936323e+00
6.359531294655616307e+01,6.575300139044827574e+00
6.361531866247499778e+01,7.530121043182418816e+00
6.363532437839383249e+01,7.920713083751848238e+00
6.365533009431266720e+01,7.781148270299524050e+00
6.367533581023149480e+01,6.807107997439016955e+00
6.369534152615032951e+01,8.316594187172013264e+00
6.371534724206916422e+01,7.040367088290624409e+00
6.373535295798799893e+01,6.771014913247633160e+00
6.375535867390683364e+01,7.625459787554490276e+00
6.377536438982566835e+01,7.375579247662480853e+00
6.379537010574450306e+01,7.076143039453250516e+00
6.381537582166333777e+01,7.128015165907518380e+00
6.383538153758217248e+01,6.899445274016670737e+00
6.385538725350100009e+01,6.228070308130487120e+00
6.387539296941983480e+01,5.841540389659769517e+00
6.389539868533866951e+01,5.386064861030409823e+00
6.391540440125750422e+01,5.508776520376046371e+00
6.393541011717633893e+01,5.372302417780582040e+00
6.395541583309517364e+01,5.426701618391815529e+00
6.397542154901400835e+01,4.892648681672956634e+00
6.399542726493284306e+01,4.677953939360187441e+00
6.401543298085167066e+01,4.361271741066286900e+00
6.403543869677051248e+01,4.558776360520713666e+00
6.405544441268934008e+01,5.043853287187475054e+00
6.407545012860816769e+01,4.828853879903419077e+00
6.409545584452700950e+01,4.506426049601707895e+00
6.411546156044585132e+01,4.561268519812855970e+00
6.413546727636467892e+01,4.901370493633646852e+00
6.415547299228350653e+01,5.237560715206430295e+00
6.417547870820234834e+01,4.940627644426684562e+00
6.419548442412119016e+01,5.829920825016444041e+00
6.421549014004001776e+01,5.863398588457480187e+00
6.423549585595884537e+01,5.983436647008590015e+00
6.425550157187768718e+01,6.940545862967836044e+00
6.427550728779651479e+01,8.001347975156086534e+00
6.429551300371534239e+01,9.040647616949442522e+00
6.431551871963418421e+01,9.090828956424632068e+00
6.433552443555302602e+01,1.035355537553117244e+01
6.435553015147185363e+01,1.117076161750756036e+01
6.437553586739068123e+01,1.162877585725186336e+01
6.439554158330952305e+01,1.296597638461343394e+01
6.441554729922835065e+01,1.474802791439233474e+01
6.443555301514717826e+01,1.491336856551130197e+01
6.445555873106602007e+01,1.578510609914026830e+01
6.447556444698486189e+01,1.641501929597352571e+01
6.449557016290368949e+01,1.687485960368210769e+01
6.451557587882251710e+01,1.697242999424030785e+01
6.453558159474135891e+01,1.736301637652719165e+01
6.455558731066020073e+01,1.641634647445647488e+01
6.457559302657902833e+01,1.550461974294341516e+01
6.459559874249785594e+01,1.572322420562955791e+01
6.461560445841669775e+01,1.431104516193363452e+01
6.463561017433552536e+01,1.353735819819480923e+01
6.465561589025435296e+01,1.196327032979277938e+01
6.467562160617319478e+01,1.240674483604691503e+01
6.469562732209203659e+01,1.110316638894785868e+01
6.471563303801086420e+01,1.048163320977622348e+01
6.473563875392969180e+01,8.940454948030627236e+00
6.475564446984853362e+01,8.110231582694574115e+00
6.477565018576737543e+01,7.897004872720327029e+00
6.479565590168618883e+01,7.142361896063398774e+00
6.481566161760503064e+01,5.882176665300874241e+00
6.483566733352387246e+01,6.015146975214392455e+00
6.485567304944270006e+01,5.669428237045389452e+00
6.487567876536152767e+01,5.309971999157935940e+00
6.489568448128036948e+01,5.707828998636167661e+00
6.491569019719921130e+01,5.420816206908515511e+00
6.493569591311803890e+01,5.365126345230262217e+00
6.495570162903686651e+01,5.249028935293663878e+00
6.497570734495570832e+01,4.990504745244070506e+00
6.499571306087453593e+01,4.834981392498493236e+00
6.501571877679336353e+01,5.315092852998621886e+00
6.503572449271220535e+01,5.533715304323022721e+00
6.505573020863104716e+01,6.520789945358222539e+00
6.507573592454987477e+01,6.305113410344427294e+00
6.509574164046870237e+01,6.882402721928539080e+00
6.511574735638754419e+01,6.914356959589312623e+00
6.513575307230638600e+01,7.921432928531344508e+00
6.515575878822521361e+01,7.864722781249116501e+00
6.517576450414404121e+01,8.466272549070639641e+00
6.519577022006288303e+01,9.429948688762117115e+00
6.521577593598171063e+01,9.534876163823188477e+00
6.523578165190053824e+01,1.020406736280818727e+01
6.525578736781938005e+01,9.882929549906675604e+00
6.527579308373822187e+01,1.069172052726275624e+01
6.529579879965704947e+01,1.073020205322919907e+01
6.531580451557587708e+01,1.035843387898419543e+01
6.533581023149471889e+01,1.119557241123109392e+01
6.535581594741354650e+01,1.065777405282703683e+01
6.537582166333237410e+01,1.050403879640671612e+01
6.539582737925121592e+01,1.065757409725699922e+01
6.541583309517005773e+01,1.018296032941956319e+01
6.543583881108888534e+01,1.014684868055986655e+01
6.545584452700771294e+01,9.525495072274630104e+00
6.547585024292655476e+01,8.714018491353622053e+00
6.549585595884539657e+01,8.480714988696288259e+00
6.551586167476422418e+01,8.048523120233253891e+00
6.553586739068305178e+01,7.558903016823565579e+00
6.555587310660189360e+01,6.679494119350741776e+00
6.557587882252072120e+01,6.443918209787376838e+00
6.559588453843954881e+01,6.041012879768332233e+00
6.561589025435839062e+01,5.087845856659985344e+00
6.563589597027723244e+01,5.514845923531393801e+00
6.565590168619606004e+01,4.475787389718970388e+00
6.567590740211488765e+01,4.904719822794717743e+00
6.569591311803372946e+01,4.010100642600661125e+00
6.571591883395257128e+01,3.837734270274443915e+00
6.573592454987138467e+01,3.599441623675255997e+00
6.575593026579022649e+01,3.544306289239692376e+00
6.577593598170906830e+01,3.877717000722815222e+00
6.579594169762789591e+01,3.388515959950241907e+00
6.581594741354672351e+01,3.087336908962288184e+00
6.583595312946556533e+01,3.949195788934102058e+00
6.585595884538440714e+01,3.880242242943797937e+00
6.587596456130323475e+01,3.057997993319584218e+00
6.589597027722206235e+01,3.851039014253256010e+00
6.591597599314090417e+01,3.552581122823217363e+00
6.593598170905973177e+01,3.449542847717795180e+00
6.595598742497855937e+01,4.415743305197207036e+00
6.597599314089740119e+01,4.090346979384618109e+00
6.599599885681624301e+01,4.545651050849635055e+00
6.601600457273507061e+01,4.533083250094538386e+00
6.603601028865389821e+01,6.020315557663887596e+00
6.605601600457274003e+01,6.276779900208762975e+00
6.607602172049158185e+01,7.190480450253883937e+00
6.609602743641040945e+01,7.557561894180901518e+00
6.611603315232923705e+01,7.725714708078084136e+00
6.613603886824807887e+01,8.629610455377729750e+00
6.615604458416690647e+01,9.262118626471874450e+00
6.617605030008573408e+01,9.928363539952869132e+00
6.619605601600457589e+01,1.080836269228188762e+01
6.621606173192341771e+01,1.132788005917714358e+01
6.623606744784224531e+01,1.148728337354955897e+01
6.625607316376107292e+01,1.187047319053363026e+01
6.627607887967991473e+01,1.230512498193295379e+01
6.629608459559874234e+01,1.167826319472604979e+01
6.631609031151756994e+01,1.166849900681462415e+01
6.633609602743641176e+01,1.208995583453881117e+01
6.635610174335525357e+01,1.162947634803963126e+01
6.637610745927408118e+01,1.249150990125938243e+01
6.639611317519290878e+01,1.144653007112358267e+01
6.641611889111175060e+01,1.222237504043494027e+01
6.643612460703059241e+01,1.104978865224378026e+01
6.645613032294942002e+01,1.141948741506672071e+01
6.647613603886824762e+01,1.097556904316330417e+01
6.649614175478708944e+01,1.118002892439152340e+01
6.651614747070591704e+01,1.138056604636965474e+01
6.653615318662474465e+01,1.111034990829042712e+01
6.655615890254358646e+01,1.116400760224587962e+01
6.657616461846242828e+01,1.178867533290935654e+01
6.659617033438125588e+01,1.128819949282456037e+01
6.661617605030008349e+01,1.164707365257239857e+01
6.663618176621892530e+01,1.072798017265910708e+01
6.665618748213776712e+01,1.110683228124475441e+01
6.667619319805658051e+01,1.085803342796806881e+01
6.669619891397542233e+01,1.026034708203072654e+01
6.671620462989426414e+01,1.044939168497989357e+01
6.673621034581309175e+01,9.410964365407629373e+00
6.675621606173191935e+01,9.048907676902372188e+00
6.677622177765076117e+01,7.934049279971469915e+00
6.679622749356960298e+01,7.345240077688485414e+00
6.681623320948843059e+01,6.311721354754350699e+00
6.683623892540725819e+01,6.499284833180492882e+00
6.685624464132610001e+01,6.209128794920600214e+00
6.687625035724492761e+01,4.776257381842724747e+00
6.689625607316375522e+01,4.707382401424055729e+00
6.691626178908259703e+01,4.091108759276687934e+00
6.693626750500143885e+01,3.892365655159887972e+00
6.695627322092026645e+01,3.495623145516201014e+00
6.697627893683909406e+01,3.069346199206293591e+00
6.699628465275793587e+01,3.898474901393208736e+00
6.701629036867677769e+01,3.005155194223575243e+00
6.703629608459560529e+01,2.881011333301713329e+00
6.705630180051443290e+01,2.425693692175003413e+00
6.707630751643327471e+01,2.747956426216656034e+00
6.709631323235210232e+01,2.364063517176135054e+00
6.711631894827092992e+01,2.004645730650709723e+00
6.713632466418977174e+01,1.544013949261683560e+00
6.715633038010861355e+01,1.595608104130142646e+00
6.717633609602744116e+01,2.269738399851220834e+00
6.719634181194626876e+01,1.163600166320807983e+00
6.721634752786511058e+01,1.868583124412173335e+00
6.723635324378393818e+01,2.092512350774565100e+00
6.725635895970276579e+01,1.353759878267782435e+00
6.727636467562160760e+01,1.573740511077829973e+00
6.729637039154044942e+01,2.501592582081099803e+00
6.731637610745927702e+01,1.760930671906739686e+00
6.733638182337810463e+01,1.787171498594741337e+00
6.735638753929694644e+01,1.979194184909624177e+00
6.737639325521578826e+01,1.100678127206599743e+00
6.739639897113461586e+01,1.317398268437060871e+00
6.741640468705344347e+01,1.421129310698185710e+00
6.743641040297228528e+01,2.016379702810760843e+00
6.745641611889111289e+01,2.068583833686863827e+00
6.747642183480994049e+01,2.253310501732864513e+00
6.749642755072878231e+01,1.922313719462876769e+00
6.751643326664762412e+01,2.334592218612838277e+00
6.753643898256645173e+01,1.528151048179960281e+00
6.755644469848527933e+01,1.623242195986627889e+00
6.757645041440412115e+01,1.861068126825031310e+00
6.759645613032296296e+01,1.699372340402519832e+00
6.761646184624177636e+01,2.089013065590093365e+00
6.763646756216061817e+01,2.117676435828743209e+00
6.765647327807945999e+01,2.286272615363446281e+00
6.767647899399828759e+01,3.273871887695482208e+00
6.769648470991711520e+01,2.739182662852994721e+00
6.771649042583595701e+01,2.812425508269642105e+00
6.773649614175479883e+01,3.337003752511513266e+00
6.775650185767362643e+01,3.550858672871838095e+00
6.777650757359245404e+01,4.002716762161632857e+00
6.779651328951129585e+01,4.065668873908771630e+00
6.781651900543012346e+01,3.978764977261353142e+00
6.783652472134895106e+01,3.889299811245799710e+00
6.785653043726779288e+01,3.286658343311796848e+00
6.787653615318663469e+01,3.522082030793852514e+00
6.789654186910546230e+01,3.852004717203169726e+00
6.791654758502428990e+01,3.933527796367144447e+00
6.793655330094313172e+01,3.371704690633786861e+00
6.795655901686197353e+01,4.047982760197148977e+00
6.797656473278080114e+01,3.957217471965214006e+00
6.799657044869962874e+01,3.763332540468157461e+00
6.801657616461847056e+01,3.364550618426407347e+00
6.803658188053729816e+01,3.332001342107515196e+00
6.805658759645612577e+01,3.844975524996386618e+00
6.807659331237496758e+01,3.242351580223377550e+00
6.809659902829380940e+01,3.902098353792629926e+00
6.811660474421263700e+01,3.729664325982235962e+00
6.813661046013146461e+01,4.675201953594188886e+00
6.815661617605030642e+01,4.660307861743633318e+00
6.817662189196913403e+01,4.388928865273078017e+00
6.819662760788796163e+01,4.743328758440285675e+00
6.821663332380680345e+01,4.495745466886820196e+00
6.823663903972564526e+01,4.612966954783118467e+00
6.825664475564447287e+01,4.677335387086684726e+00
6.827665047156330047e+01,4.559028384045673121e+00
6.829665618748214229e+01,3.737608103547506833e+00
6.831666190340098410e+01,4.259507205489388326e+00
6.833666761931981171e+01,3.881309182185431972e+00
6.835667333523863931e+01,3.671454294828924603e+00
6.837667905115748113e+01,3.632902502814181034e+00
6.839668476707630873e+01,3.493970115533931775e+00
6.841669048299513634e+01,3.286304354042165699e+00
6.843669619891397815e+01,2.781800975487810579e+00
6.845670191483281997e+01,2.597908064425861863e+00
6.847670763075164757e+01,3.335644541252305029e+00
6.849671334667047518e+01,2.721729049797649402e+00
6.851671906258931699e+01,2.766124226270015640e+00
6.853672477850815881e+01,3.244278454429156966e+00
6.855673049442697220e+01,3.059481789922593897e+00
6.857673621034581402e+01,2.457732885973995973e+00
6.859674192626465583e+01,2.006887240297122510e+00
6.861674764218348344e+01,1.834625677189867909e+00
6.863675335810231104e+01,1.955519935967910738e+00
6.865675907402115286e+01,1.910977300366865084e+00
6.867676478993999467e+01,3.128162325591694604e+00
6.869677050585882228e+01,2.339246038821595874e+00
6.871677622177764988e+01,1.845096349822308968e+00
6.873678193769649170e+01,1.795475750975755513e+00
6.875678765361531930e+01,2.072891217597182312e+00
6.877679336953414690e+01,1.610761383588433127e+00
6.879679908545298872e+01,2.030607868012720640e+00
6.881680480137183054e+01,1.438286890603355017e+00
6.883681051729065814e+01,1.906870752481336195e+00
6.885681623320948574e+01,2.273979868797026960e+00
6.887682194912832756e+01,1.980787574079076130e+00
6.889682766504716938e+01,1.777852682582781840e+00
6.891683338096599698e+01,1.905642239008271455e+00
6.893683909688482458e+01,1.788551771336512441e+00
6.895684481280366640e+01,1.362067274168906605e+00
6.897685052872249400e+01,1.548323817465885543e+00
6.899685624464132161e+01,2.143928758368017995e+00
6.901686196056016342e+01,1.486999019198431693e+00
6.903686767647900524e+01,1.718470680663469530e+00
6.905687339239783284e+01,1.817566138152881816e+00
6.907687910831666045e+01,1.794756310251966358e+00
6.909688482423550226e+01,1.221043516336121071e+00
6.911689054015432987e+01,1.825935299356284514e+00
6.913689625607315747e+01,1.810486272715618350e+00
6.915690197199199929e+01,1.209485647196896663e+00
6.917690768791084110e+01,1.097238006147095213e+00
6.919691340382966871e+01,1.450094589957958036e+00
6.921691911974849631e+01,1.301823087526627232e+00
6.923692483566733813e+01,1.028972122757745078e+00
6.925693055158617994e+01,1.660808726374859212e+00
6.927693626750500755e+01,1.614482341999730286e+00
6.929694198342383515e+01,1.604672217765596542e+00
6.931694769934267697e+01,1.256042902572215958e+00
6.933695341526150457e+01,1.265147441231586178e+00
6.935695913118033218e+01,1.199577948503450564e+00
6.937696484709917399e+01,1.238710104328798467e+00
6.939697056301801581e+01,1.269344344331242436e+00
6.941697627893684341e+01,1.409900051122286113e+00
6.943698199485567102e+01,5.035753048377518137e-01
6.945698771077451283e+01,8.259859137386525996e-01
6.947699342669335465e+01,3.930312166550972153e-01
6.949699914261216804e+01,1.094290293627787847e+00
6.951700485853100986e+01,8.226798522163180083e-01
6.953701057444985167e+01,1.042643726368018386e+00
6.955701629036867928e+01,1.335952257508389529e+00
6.957702200628750688e+01,8.941711272046142245e-01
6.959702772220634870e+01,1.784738582742483981e+00
6.961703343812519051e+01,7.357557904828662121e-01
6.963703915404401812e+01,1.463552275255718627e+00
6.965704486996284572e+01,1.199696433783693506e+00
6.967705058588168754e+01,1.591720643692951187e+00
6.969705630180051514e+01,1.079393684020193867e+00
6.971706201771934275e+01,5.957776349778435288e-01
6.973706773363818456e+01,1.193476458255298578e+00
6.975707344955702638e+01,1.052820098511339619e+00
6.977707916547585398e+01,1.983130938850008906e+00
6.979708488139468159e+01,1.432726587168667409e+00
6.981709059731352340e+01,1.447963388230250281e+00
6.983709631323236522e+01,1.093669980450350021e+00
6.985710202915119282e+01,7.496356133800179400e-01
6.987710774507002043e+01,8.176281431603585892e-01
6.989711346098886224e+01,7.612304935480938006e-01
6.991711917690768985e+01,1.182562453013969783e+00
6.993712489282651745e+01,4.735413432114840560e-01
6.995713060874535927e+01,6.316654782016536407e-01
6.997713632466420108e+01,1.426274895094139961e+00
6.999714204058302869e+01,9.494210701228852356e-01
7.001714775650185629e+01,1.111590767255507650e+00
7.003715347242069811e+01,1.697092583853636816e+00
7.005715918833952571e+01,1.534787143071212778e+00
7.007716490425835332e+01,5.756291887351009384e-01
7.009717062017719513e+01,1.357189367687668735e+00
7.011717633609603695e+01,1.452145451923910979e+00
7.013718205201486455e+01,9.473520143785565395e-01
7.015718776793369216e+01,1.372695480468246521e+00
7.017719348385253397e+01,6.894250157578003524e-01
7.019719919977137579e+01,1.252093457042560587e+00
7.021720491569020339e+01,1.132457326711330037e+00
7.023721063160903100e+01,1.309687675958064679e+00
7.025721634752787281e+01,1.948242559935594809e+00
7.027722206344670042e+01,1.115176442768118337e+00
7.029722777936552802e+01,1.652516373713921460e+00
7.031723349528436984e+01,1.371147893572446375e+00
7.033723921120321165e+01,9.896880524119358036e-01
7.035724492712203926e+01,1.671093901136445403e+00
7.037725064304086686e+01,1.425681888804120945e+00
7.039725635895970868e+01,1.761616409498889091e+00
7.041726207487855049e+01,1.315485936965569591e+00
7.043726779079736389e+01,1.417083805275035857e+00
7.045727350671620570e+01,1.319486588558149043e+00
7.047727922263504752e+01,1.941413694021817626e+00
7.049728493855387512e+01,1.804209804753373003e+00
7.051729065447270273e+01,1.448821059004728351e+00
7.053729637039154454e+01,5.191597536263882207e-01
7.055730208631038636e+01,9.202297411165332175e-01
7.057730780222921396e+01,9.272105181358394344e-01
7.059731351814804157e+01,1.203955024101502236e+00
7.061731923406688338e+01,1.700231364937542455e+00
7.063732494998571099e+01,9.778621309358114244e-01
7.065733066590453859e+01,1.821621438129990889e+00
7.067733638182338041e+01,1.309521556188604219e+00
7.069734209774222222e+01,1.395909657521623215e+00
7.071734781366104983e+01,1.965100758890977239e+00
7.073735352957987743e+01,1.580426887811335224e+00
7.075735924549871925e+01,1.551285061448756775e+00
7.077736496141756106e+01,2.229418016982010364e+00
7.079737067733638867e+01,2.350434184396614334e+00
7.081737639325521627e+01,2.854819181585332544e+00
7.083738210917405809e+01,1.890776107356479052e+00
7.085738782509288569e+01,2.398350081817148371e+00
7.087739354101171330e+01,2.889113577232845564e+00
7.089739925693055511e+01,3.563609545178162197e+00
7.091740497284939693e+01,3.433857067234160620e+00
7.093741068876822453e+01,3.471035327653264169e+00
7.095741640468705214e+01,3.378279699453350826e+00
7.097742212060589395e+01,3.153758583822785511e+00
7.099742783652472156e+01,3.987626519614138054e+00
7.101743355244354916e+01,4.131666165466986840e+00
7.103743926836239098e+01,4.302772548027994581e+00
7.105744498428123279e+01,4.032582342811655174e+00
7.107745070020006040e+01,4.977936965289609716e+00
7.109745641611888800e+01,4.794430219422999073e+00
7.111746213203772982e+01,4.711277669752805153e+00
7.113746784795657163e+01,4.873261342843737687e+00
7.115747356387539924e+01,4.543019520623367669e+00
7.117747927979422684e+01,4.294567479764885398e+00
7.119748499571306866e+01,4.909284792596425362e+00
7.121749071163189626e+01,4.497368292385225175e+00
7.123749642755072387e+01,4.130047187954795973e+00
7.125750214346956568e+01,4.370510518980036174e+00
7.127750785938840750e+01,4.161496943402927862e+00
7.129751357530723510e+01,3.690046058238009241e+00
7.131751929122606271e+01,3.524955122072182867e+00
7.133752500714490452e+01,3.237474689548673901e+00
7.135753072306374634e+01,2.733374811673690896e+00
7.137753643898255973e+01,2.951784935142105049e+00
7.139754215490140155e+01,3.281522072050093275e+00
7.141754787082024336e+01,2.948370244224810310e+00
7.143755358673907097e+01,2.141199660830435114e+00
7.145755930265789857e+01,2.957315395080561515e+00
7.147756501857674039e+01,2.466910500705146170e+00
7.149757073449558220e+01,2.263813246361674913e+00
7.151757645041440981e+01,2.367957570325511352e+00
7.153758216633323741e+01,2.227814897758331192e+00
7.155758788225207923e+01,1.864863455443630746e+00
7.157759359817090683e+01,1.914734651192596671e+00
7.159759931408973443e+01,8.681804247213372738e-01
7.161760503000857625e+01,1.973268698796494025e+00
7.163761074592741807e+01,1.524119618388036557e+00
7.165761646184624567e+01,1.734696125779892961e+00
7.167762217776507327e+01,1.307200345752148829e+00
7.169762789368391509e+01,1.866721690139661050e+00
7.171763360960275691e+01,7.118965906751144601e-01
7.173763932552158451e+01,9.794577399529285078e-01
7.175764504144041211e+01,1.119351185480424338e+00
7.177765075735925393e+01,1.567402891161200795e+00
7.179765647327808153e+01,2.028732238020793055e+00
7.181766218919690914e+01,1.153977515149761324e+00
7.183766790511575095e+01,1.638312988906558409e+00
7.185767362103459277e+01,1.329664330303135689e+00
7.187767933695342037e+01,2.091290831838366060e+00
7.189768505287224798e+01,1.181110248540133467e+00
7.191769076879108979e+01,1.725999240320469363e+00
7.193769648470991740e+01,1.991167901457660872e+00
7.195770220062874500e+01,1.615118743953902758e+00
7.197770791654758682e+01,2.705162649026071175e+00
7.199771363246642863e+01,2.572322347002129028e+00
7.201771934838525624e+01,2.947020094541022761e+00
7.203772506430408384e+01,2.733863876634450296e+00
7.205773078022292566e+01,3.480229088019672012e+00
7.207773649614176747e+01,3.362998733006071106e+00
7.209774221206059508e+01,3.196611731278515833e+00
7.211774792797942268e+01,3.378076435166171620e+00
7.213775364389826450e+01,4.211749199035195623e+00
7.215775935981709210e+01,3.945367184935587801e+00
7.217776507573591971e+01,3.604081755053281100e+00
7.219777079165476152e+01,3.299088672810161604e+00
7.221777650757360334e+01,4.280547739713194133e+00
7.223778222349243094e+01,4.410172731507482347e+00
7.225778793941125855e+01,4.687580728190267720e+00
7.227779365533010036e+01,4.091816647490251313e+00
7.229779937124894218e+01,3.406043141515747497e+00
7.231780508716775557e+01,3.707330601201058506e+00
7.233781080308659739e+01,2.873943567371793684e+00
7.235781651900543920e+01,3.064425338221551609e+00
7.237782223492426681e+01,3.086735324855363061e+00
7.239782795084309441e+01,2.814819895573438480e+00
7.241783366676193623e+01,2.531217223288555918e+00
7.243783938268077804e+01,2.923633405757406933e+00
7.245784509859960565e+01,2.100918121683232442e+00
7.247785081451843325e+01,1.560870192649670418e+00
7.249785653043727507e+01,1.418362579563377857e+00
7.251786224635610267e+01,1.844987605452429236e+00
7.253786796227493028e+01,1.805560587906472891e+00
7.255787367819377209e+01,1.024283646204136478e+00
7.257787939411261391e+01,1.338530974025205378e+00
7.259788511003144151e+01,1.364258146950579231e+00
7.261789082595026912e+01,1.806067615990594177e+00
7.263789654186911093e+01,1.497244754927058663e+00
7.265790225778795275e+01,1.690048590349097601e+00
7.267790797370678035e+01,1.347170972018511659e+00
7.269791368962560796e+01,1.222091529883264638e+00
7.271791940554444977e+01,6.261488591735548948e-01
7.273792512146327738e+01,1.868873173916345554e+00
7.275793083738210498e+01,1.431671444833036988e+00
7.277793655330094680e+01,1.329350890234689553e+00
7.279794226921978861e+01,9.967481158924058615e-01
7.281794798513861622e+01,1.235949074422897365e+00
7.283795370105744382e+01,8.725472922660114650e-01
7.285795941697628564e+01,1.110481140580896309e+00
7.287796513289511324e+01,1.626563572906882138e+00
7.289797084881394085e+01,9.713432276581734914e-01
7.291797656473278266e+01,8.890408380846120950e-01
7.293798228065162448e+01,1.055925635331458334e+00
7.295798799657045208e+01,1.378806742417388209e+00
7.297799371248927969e+01,1.282822811093677906e+00
7.299799942840812150e+01,1.426522986029178819e+00
7.301800514432696332e+01,1.134347904861751299e+00
7.303801086024579092e+01,9.233399508959835300e-01
7.305801657616461853e+01,1.120909780802572975e+00
7.307802229208346034e+01,1.274634733689355093e+00
7.309802800800228795e+01,1.193894369597584326e+00
7.311803372392111555e+01,1.317277251416347550e+00
7.313803943983995737e+01,1.441487762190072353e+00
7.315804515575879918e+01,1.231585081047426256e+00
7.317805087167762679e+01,4.870388436764020446e-01
7.319805658759645439e+01,1.636272868290747251e+00
7.321806230351529621e+01,5.110065050782780505e-01
7.323806801943413802e+01,5.951519801777301888e-01
7.325807373535295142e+01,1.521710536846022199e+00
7.327807945127179323e+01,1.151451912181367110e+00
7.329808516719063505e+01,1.465554280772357831e+00
7.331809088310946265e+01,5.411018933065065983e-01
7.333809659902829026e+01,7.730250222332767374e-01
7.335810231494713207e+01,1.356678907666165612e+00
7.337810803086597389e+01,1.203381589521927086e+00
7.339811374678480149e+01,1.976340466510480676e+00
7.341811946270362910e+01,1.294231760433111500e+00
7.343812517862247091e+01,6.281231389145882638e-01
7.345813089454129852e+01,1.095251972245701921e+00
7.347813661046012612e+01,7.996708732463253533e-01
7.349814232637896794e+01,1.660776867566217341e+00
7.351814804229780975e+01,1.205122401673412336e+00
7.353815375821663736e+01,1.202443742337931054e+00
7.355815947413546496e+01,1.380772563793840169e+00
7.357816519005430678e+01,2.023554443781028667e+00
7.359817090597314859e+01,1.181012679652562181e+00
7.361817662189197620e+01,9.874901024058195809e-01
7.363818233781080380e+01,9.878101704908494041e-01
7.365818805372964562e+01,1.604176043060659307e+00
7.367819376964847322e+01,1.162373668335559884e+00
7.369819948556730083e+01,1.109542882673540953e+00
7.371820520148614264e+01,1.597751260390605443e+00
7.373821091740498446e+01,2.250997920602070490e+00
7.375821663332381206e+01,1.940160253047612748e+00
7.377822234924263967e+01,1.907040179422401671e+00
7.379822806516148148e+01,2.571294334454225172e+00
7.381823378108030909e+01,2.511677365019222119e+00
7.383823949699913669e+01,2.340758012044592995e+00
7.385824521291797851e+01,2.120088811879713653e+00
7.387825092883682032e+01,2.133697325557120550e+00
7.389825664475564793e+01,2.360753109389017723e+00
7.391826236067447553e+01,3.060444978771789337e+00
7.393826807659331735e+01,3.249502276772910037e+00
7.395827379251215916e+01,3.089591980194267951e+00
7.397827950843098677e+01,2.450748347430273366e+00
7.399828522434981437e+01,2.387939169854323751e+00
7.401829094026865619e+01,2.715389079659199290e+00
7.403829665618748379e+01,1.784677313916462893e+00
7.405830237210632561e+01,1.747278596901902237e+00
7.407830808802515321e+01,1.719944829875888370e+00
7.409831380394398082e+01,1.363400785187644626e+00
7.411831951986282263e+01,2.514511811846352529e+00
7.413832523578165024e+01,1.318280185942202420e+00
7.415833095170049205e+01,1.858594129619746127e+00
7.417833666761931966e+01,2.001347088624831905e+00
7.419834238353816147e+01,2.162590434401667316e+00
7.421834809945698908e+01,1.837132118723910690e+00
7.423835381537583089e+01,1.943088327124081749e+00
7.425835953129465850e+01,2.320712411028510669e+00
7.427836524721348610e+01,1.051645133776015761e+00
7.429837096313232792e+01,2.027554829481327481e+00
7.431837667905115552e+01,1.488194465071517980e+00
7.433838239496999734e+01,2.032447012957852461e+00
7.435838811088882494e+01,2.280480264914622079e+00
7.437839382680766676e+01,2.597898791819097220e+00
7.439839954272649436e+01,2.365425804584063485e+00
7.441840525864533618e+01,2.652291429757741348e+00
7.443841097456416378e+01,3.411326273369735596e+00
7.445841669048300560e+01,2.654447194577694624e+00
7.447842240640183320e+01,2.636717046031054057e+00
7.449842812232066080e+01,3.321988177469889170e+00
7.451843383823950262e+01,3.338952332532747036e+00
7.453843955415833022e+01,3.261647733904444735e+00
7.455844527007717204e+01,2.886293560135049230e+00
7.457845098599599964e+01,3.463605654717436089e+00
7.459845670191484146e+01,3.313989385793672859e+00
7.461846241783366906e+01,3.464693296390620514e+00
7.463846813375251088e+01,3.141908658033742974e+00
7.465847384967133848e+01,4.448332146355920003e+00
7.467847956559016609e+01,4.300101006554751137e+00
7.469848528150900790e+01,4.687751924644462775e+00
7.471849099742783551e+01,4.329331284801751778e+00
7.473849671334667732e+01,4.162631817163248371e+00
7.475850242926550493e+01,3.679227032258922669e+00
7.477850814518434674e+01,3.475472166178501965e+00
7.479851386110317435e+01,4.168007936536756830e+00
7.481851957702201616e+01,3.354123468737611802e+00
7.483852529294084377e+01,4.480602733080928601e+00
7.485853100885967137e+01,4.010768658646811424e+00
7.487853672477851319e+01,3.123483412863764297e+00
7.489854244069734079e+01,3.380624782879537271e+00
7.491854815661618261e+01,3.283749409817714238e+00
7.493855387253501021e+01,3.021203272811824547e+00
7.495855958845385203e+01,2.973851150107398311e+00
7.497856530437267963e+01,2.988963474310502022e+00
7.499857102029152145e+01,2.451516436269357335e+00
7.501857673621034905e+01,3.044109109782602296e+00
7.503858245212917666e+01,2.851638396027589284e+00
7.505858816804801847e+01,3.205303365925243675e+00
7.507859388396684608e+01,2.740905461188155812e+00
7.509859959988568789e+01,2.567899480466048434e+00
7.511860531580451550e+01,3.134023786789194688e+00
7.513861103172335731e+01,3.249366882608853757e+00
7.515861674764218492e+01,3.069654015411103387e+00
7.517862246356102673e+01,2.705406712985450657e+00
7.519862817947985434e+01,3.391618838043468642e+00
7.521863389539868194e+01,3.512580240824269673e+00
7.523863961131752376e+01,3.777153106374364633e+00
7.525864532723635136e+01,3.357020917474660582e+00
7.527865104315519318e+01,3.593905463245254950e+00
7.529865675907402078e+01,4.129315178801411967e+00
7.531866247499286260e+01,4.551932795448160540e+00
7.533866819091169020e+01,4.173793197930113053e+00
7.535867390683053202e+01,3.900009707285820859e+00
7.537867962274935962e+01,4.787312374235816570e+00
7.539868533866820144e+01,4.907695054610458740e+00
7.541869105458702904e+01,4.757458810400153837e+00
7.543869677050585665e+01,4.464822323735552878e+00
7.545870248642469846e+01,5.033187277454140407e+00
7.547870820234352607e+01,3.867979495235222664e+00
7.549871391826236788e+01,4.005257150656062137e+00
7.551871963418119549e+01,4.948025039271353620e+00
7.553872535010003730e+01,4.571941668952162807e+00
7.555873106601886491e+01,5.425843353129813806e+00
7.557873678193770672e+01,4.089587529610724914e+00
7.559874249785653433e+01,5.229220631800586716e+00
7.561874821377536193e+01,4.708521387633698652e+00
7.563875392969420375e+01,4.757219610162141343e+00
7.565875964561303135e+01,4.930761438891047455e+00
7.567876536153187317e+01,4.746692105995186317e+00
7.569877107745070077e+01,5.599091470590997766e+00
7.571877679336954259e+01,4.300744305529760503e+00
7.573878250928837019e+01,5.559076274680242236e+00
7.575878822520721201e+01,5.272664333158470384e+00
7.577879394112603961e+01,4.111765037878367224e+00
7.579879965704486722e+01,4.501224343501967873e+00
7.581880537296370903e+01,4.707183402988843746e+00
7.583881108888253664e+01,4.488573015796761823e+00
7.585881680480137845e+01,4.278347695665173589e+00
7.587882252072020606e+01,4.525564757495851076e+00
7.589882823663904787e+01,3.881525759588492441e+00
7.591883395255787548e+01,3.695714159211141325e+00
7.593883966847671729e+01,3.855525188975644113e+00
7.595884538439554490e+01,4.239703694736777884e+00
7.597885110031437250e+01,4.102767507346348985e+00
7.599885681623321432e+01,3.353732303550893690e+00
7.601886253215204192e+01,3.580130835843376769e+00
7.603886824807088374e+01,3.144452161162649695e+00
7.605887396398971134e+01,3.577805311521451870e+00
7.607887967990855316e+01,2.958016835873912953e+00
7.609888539582738076e+01,2.506635128859319384e+00
7.611889111174622258e+01,2.952484424092187698e+00
7.613889682766505018e+01,2.656480913136860522e+00
7.615890254358387779e+01,3.351122478100209801e+00
7.617890825950271960e+01,2.717904907384288471e+00
7.619891397542154721e+01,2.272361072613174660e+00
7.621891969134038902e+01,3.045779552515053279e+00
7.623892540725921663e+01,3.359769182612335925e+00
7.625893112317805844e+01,2.806173451647673733e+00
7.627893683909688605e+01,3.607364179882923683e+00
7.629894255501572786e+01,2.688212757345303405e+00
7.631894827093455547e+01,2.465725599425199199e+00
7.633895398685339728e+01,2.295123374240156000e+00
7.635895970277222489e+01,1.978113413015781141e+00
7.637896541869105249e+01,2.753530011293583435e+00
7.639897113460989431e+01,2.774926282894310425e+00
7.641897685052872191e+01,1.414759171900546342e+00
7.643898256644756373e+01,1.369036558058071451e+00
7.645898828236639133e+01,2.354996743350493915e+00
7.647899399828523315e+01,2.342028032557952777e+00
7.649899971420406075e+01,1.330328442392245680e+00
7.651900543012290257e+01,1.735262817321814088e+00
7.653901114604173017e+01,1.364246671147462120e+00
7.655901686196055778e+01,1.719265239325154848e+00
7.657902257787939959e+01,1.855788561063739017e+00
7.659902829379822720e+01,1.003924829086077164e+00
7.661903400971706901e+01,7.520060879116223784e-01
7.663903972563589662e+01,1.014169069634412335e+00
7.665904544155473843e+01,2.036681189212651510e+00
7.667905115747356604e+01,1.645163574027807663e+00
7.669905687339240785e+01,1.464176781065309463e+00
7.671906258931123546e+01,1.398520723635344964e+00
7.673906830523006306e+01,2.205189031097515517e+00
7.675907402114890488e+01,1.150418674781389150e+00
7.677907973706773248e+01,2.031627358481464363e+00
7.679908545298657430e+01,1.709434723124706901e+00
7.681909116890540190e+01,2.230514960697646210e+00
7.683909688482424372e+01,2.291784413394854614e+00
7.685910260074307132e+01,2.042017867800101527e+00
7.687910831666191314e+01,1.969152919542477953e+00
7.689911403258074074e+01,2.076154334146348646e+00
7.691911974849956835e+01,1.460563950559660595e+00
7.693912546441841016e+01,1.585681114143547621e+00
7.695913118033723777e+01,2.491804892155954576e+00
7.697913689625607958e+01,2.129813278658125419e+00
7.699914261217490719e+01,2.277240240329007293e+00
7.701914832809374900e+01,1.699201969208598673e+00
7.703915404401257661e+01,2.637297012424157039e+00
7.705915975993141842e+01,2.102077435469104305e+00
7.707916547585024603e+01,2.490090851178172304e+00
7.709917119176907363e+01,2.683380987491123193e+00
7.711917690768791545e+01,2.745543880272917292e+00
7.713918262360674305e+01,2.237965505987062453e+00
7.715918833952558487e+01,2.027205988267718695e+00
7.717919405544441247e+01,2.835112561365749073e+00
7.719919977136325429e+01,2.061589076551158417e+00
7.721920548728208189e+01,2.830831197818191924e+00
7.723921120320092371e+01,3.301426951881036409e+00
7.725921691911975131e+01,2.716708098636234858e+00
7.727922263503859313e+01,1.835798729213973468e+00
7.729922835095742073e+01,2.402829128627413269e+00
7.731923406687624833e+01,3.067657634975725411e+00
7.733923978279509015e+01,1.979213432830797759e+00
7.735924549871391775e+01,2.265447770808167505e+00
7.737925121463275957e+01,2.112614328067099478e+00
7.739925693055158717e+01,2.875237023805178094e+00
7.741926264647042899e+01,2.377878994514248223e+00
7.743926836238925659e+01,2.199543271708153558e+00
7.745927407830809841e+01,1.994335496721667100e+00
7.747927979422692601e+01,1.768369591173412303e+00
7.749928551014575362e+01,3.084954304739852660e+00
7.751929122606459543e+01,1.934395909512582667e+00
7.753929694198342304e+01,1.880587510338980861e+00
7.755930265790226485e+01,1.710196348758402873e+00
7.757930837382109246e+01,1.965662703787389054e+00
7.759931408973993427e+01,1.478726335023358374e+00
7.761931980565876188e+01,1.602994824202314872e+00
7.763932552157760369e+01,1.882839944349095962e+00
7.765933123749643130e+01,2.124704802080384702e+00
7.767933695341525890e+01,9.998139469226403619e-01
7.769934266933410072e+01,2.369332971181623115e+00
7.771934838525292832e+01,1.767478022307874541e+00
7.773935410117177014e+01,2.056494733887332060e+00
7.775935981709059774e+01,1.790075859015665571e+00
7.777936553300943956e+01,2.203452010083863932e+00
7.779937124892826716e+01,1.900514295283342481e+00
7.781937696484710898e+01,9.051479384992022759e-01
7.783938268076593658e+01,1.603649536189178937e+00
7.785938839668476419e+01,1.359428614911429634e+00
7.787939411260360600e+01,1.229482263399193087e+00
7.789939982852243361e+01,7.549067293013933533e-01
7.791940554444127542e+01,1.234657432771438357e+00
7.793941126036010303e+01,1.314031774921084139e+00
7.795941697627894484e+01,1.770980396765133635e+00
7.797942269219777245e+01,1.437043696263699211e+00
7.799942840811661426e+01,1.459284263318191055e+00
7.801943412403544187e+01,1.472219158799238592e+00
7.803943983995426947e+01,1.468760868530158525e+00
7.805944555587311129e+01,1.602438283099751004e+00
7.807945127179193889e+01,2.218952249524808185e+00
7.809945698771078071e+01,1.926501920268772761e+00
7.811946270362960831e+01,1.524021196393368527e+00
7.813946841954845013e+01,2.782951328342587516e+00
7.815947413546727773e+01,2.748365051768217882e+00
7.817947985138611955e+01,2.406824735078129329e+00
7.819948556730494715e+01,3.477262921601258050e+00
7.821949128322378897e+01,2.992569095893009568e+00
7.823949699914261657e+01,3.716009192195328215e+00
7.825950271506144418e+01,3.783778127713783412e+00
7.827950843098028599e+01,3.646677222456724543e+00
7.829951414689911360e+01,3.657811006864545078e+00
7.831951986281795541e+01,5.176850573288009016e+00
7.833952557873678302e+01,4.760805480742757112e+00
7.835953129465562483e+01,5.968933346611338564e+00
7.837953701057445244e+01,5.828161693603323812e+00
7.839954272649329425e+01,6.218599377170623832e+00
7.841954844241212186e+01,5.422691713572564964e+00
7.843955415833094946e+01,5.798570168103571731e+00
7.845955987424979128e+01,6.474870469766996095e+00
7.847956559016861888e+01,5.977677491102884488e+00
7.849957130608746070e+01,6.147872719274744213e+00
7.851957702200628830e+01,5.451338751289789286e+00
7.853958273792513012e+01,6.394293457331730934e+00
7.855958845384395772e+01,5.755213726793376061e+00
7.857959416976279954e+01,5.567705840206954804e+00
7.859959988568162714e+01,5.010707114023802866e+00
7.861960560160045475e+01,6.610367886033586160e+00
7.863961131751929656e+01,5.518237717839877376e+00
7.865961703343812417e+01,6.765738422315449085e+00
7.867962274935696598e+01,5.120913753537880808e+00
7.869962846527579359e+01,6.817979074469509015e+00
7.871963418119463540e+01,5.844598453687411599e+00
7.873963989711346301e+01,6.392335415782309127e+00
7.875964561303230482e+01,6.287196975122391507e+00
7.877965132895113243e+01,6.031053208321481840e+00
7.879965704486996003e+01,5.764807912984046823e+00
7.881966276078880185e+01,6.104351073233170055e+00
7.883966847670762945e+01,5.307100789143961883e+00
7.885967419262647127e+01,5.349675248050646204e+00
7.887967990854529887e+01,5.275253750057517621e+00
7.889968562446414069e+01,4.621927080353742667e+00
7.891969134038296829e+01,5.167144650792575789e+00
7.893969705630181011e+01,5.254214489654028597e+00
7.895970277222063771e+01,4.465606132508714410e+00
7.897970848813946532e+01,3.982773501462821830e+00
7.899971420405830713e+01,3.798475242513831063e+00
7.901971991997713474e+01,3.200548101574787196e+00
7.903972563589597655e+01,3.346087604433513718e+00
7.905973135181480416e+01,2.628651411571692353e+00
7.907973706773364597e+01,3.071313363741007940e+00
7.909974278365247358e+01,3.346331125451360133e+00
7.911974849957131539e+01,3.768627487050210334e+00
7.913975421549014300e+01,4.140193751743085571e+00
7.915975993140898481e+01,3.794799440428230586e+00
7.917976564732781242e+01,3.674972193078438032e+00
7.919977136324664002e+01,3.985128722244424271e+00
7.921977707916548184e+01,3.806467144415393022e+00
7.923978279508430944e+01,4.308132974843530860e+00
7.925978851100315126e+01,4.025022935754242859e+00
7.927979422692197886e+01,5.307706227100112528e+00
7.929979994284082068e+01,5.378769538606331224e+00
7.931980565875964828e+01,4.707985408624807633e+00
7.933981137467849010e+01,5.133981602287100543e+00
7.935981709059731770e+01,5.133529754728225925e+00
7.937982280651614531e+01,5.163765557785745308e+00
7.939982852243498712e+01,5.376253578758110052e+00
7.941983423835381473e+01,5.410348818909513469e+00
7.943983995427265654e+01,4.614713193668782409e+00
7.945984567019148415e+01,4.893451616045532582e+00
7.947985138611032596e+01,4.745395219166782752e+00
7.949985710202915357e+01,4.349680157388604584e+00
7.951986281794799538e+01,3.931339511835021838e+00
7.953986853386682299e+01,3.779867227076496583e+00
7.955987424978565059e+01,3.190443181526334104e+00
7.957987996570449241e+01,3.322421353241595376e+00
7.959988568162332001e+01,3.023388954177815613e+00
7.961989139754216183e+01,2.730554892118109755e+00
7.963989711346098943e+01,2.037995524344504261e+00
7.965990282937983125e+01,1.670386399692136425e+00
7.967990854529865885e+01,2.370702716102366825e+00
7.969991426121750067e+01,2.454481102933485648e+00
7.971991997713632827e+01,1.897402049264695023e+00
7.973992569305515588e+01,1.507664447820244558e+00
7.975993140897399769e+01,2.437308085557156279e+00
7.977993712489282530e+01,2.500972130530245252e+00
7.979994284081166711e+01,1.330067362007716358e+00
7.981994855673049472e+01,1.509409337894225045e+00
7.983995427264933653e+01,1.525259690004363566e+00
7.985995998856816414e+01,1.247666833348147986e+00
7.987996570448700595e+01,9.582295711649708725e-01
7.989997142040583356e+01,1.128481688577744224e+00
7.991997713632466116e+01,9.027028016508904518e-01
7.993998285224350298e+01,8.595863775300038867e-01
7.995998856816233058e+01,1.353895146387074533e+00
7.997999428408117240e+01,1.481991777165664548e+00
8.000000000000000000e+01,4.115052389080517958e-01
