angle,intensity
1.000000000000000000e+01,1.080338341338024311e+00
1.002000571591883471e+01,1.931974368043994028e+00
1.004001143183766764e+01,1.807637815169862661e+00
1.006001714775650235e+01,1.685050688591819279e+00
1.008002286367533529e+01,1.707348797184834677e+00
1.010002857959417000e+01,1.262861674750375141e+00
1.012003429551300293e+01,1.592237318049092965e+00
1.014004001143183764e+01,1.864149424534270238e+00
1.016004572735067235e+01,3.046046462435786917e-01
1.018005144326950528e+01,1.354552767161202542e+00
1.020005715918833999e+01,1.999439633907686309e+00
1.022006287510717293e+01,4.843039010242479736e-01
1.024006859102600764e+01,1.224082085848559931e+00
1.026007430694484057e+01,1.677350863482962806e+00
1.028008002286367528e+01,4.767881493225475387e-01
1.030008573878250999e+01,1.441089181074252101e+00
1.032009145470134293e+01,1.595399029225178067e+00
1.034009717062017764e+01,1.145311389746360042e+00
1.036010288653901057e+01,1.119624923615439194e+00
1.038010860245784528e+01,4.164455484928577533e-01
1.040011431837667999e+01,1.639507420234336266e+00
1.042012003429551292e+01,4.794779239888653510e-01
1.044012575021434763e+01,1.164294158531415269e+00
1.046013146613318057e+01,9.313702009532994763e-01
1.048013718205201528e+01,6.391657488197596271e-01
1.050014289797084821e+01,3.901626087419933220e-01
1.052014861388968292e+01,4.482511748275976871e-01
1.054015432980851585e+01,2.050704509847832480e+00
1.056016004572735056e+01,9.697529812500726987e-01
1.058016576164618527e+01,2.187956807405666559e+00
1.060017147756501821e+01,1.602492121120254076e+00
1.062017719348385292e+01,5.538066477276838429e-01
1.064018290940268585e+01,1.622215309839257324e+00
1.066018862532152056e+01,1.071592127365414981e+00
1.068019434124035527e+01,9.034437492682508841e-01
1.070020005715918820e+01,8.843711285189157500e-01
1.072020577307802292e+01,5.398226515269084480e-01
1.074021148899685585e+01,1.357251260726446862e+00
1.076021720491569056e+01,2.254185269129362901e+00
1.078022292083452349e+01,1.812451245551307100e+00
1.080022863675335820e+01,1.305706738642725462e+00
1.082023435267219291e+01,3.759920228237934592e-01
1.084024006859102585e+01,1.214575998355261754e+00
1.086024578450986056e+01,6.836527671487292457e-01
1.088025150042869349e+01,1.936108744058375075e+00
1.090025721634752820e+01,2.101064976343333335e+00
1.092026293226636113e+01,1.545416928670291901e+00
1.094026864818519584e+01,5.271367497613719255e-01
1.096027436410403055e+01,1.615380766510515764e+00
1.098028008002286349e+01,1.282720642801512323e+00
1.100028579594169820e+01,1.658897120767915734e+00
1.102029151186053113e+01,2.096431834893498714e+00
1.104029722777936584e+01,7.443492666758187992e-01
1.106030294369819877e+01,1.161810938644139091e+00
1.108030865961703348e+01,1.047102026796917995e+00
1.110031437553586819e+01,1.040838348032269378e+00
1.112032009145470113e+01,2.343209424600813051e+00
1.114032580737353584e+01,1.556414658404388529e+00
1.116033152329236877e+01,1.339624064316138563e+00
1.118033723921120348e+01,2.125465319178690748e+00
1.120034295513003642e+01,2.394548529866168174e+00
1.122034867104887113e+01,1.103147101979475408e+00
1.124035438696770584e+01,5.828498526773422395e-01
1.126036010288653877e+01,1.139540033466760027e+00
1.128036581880537348e+01,1.047090003698492255e+00
1.130037153472420641e+01,9.581064471562619200e-01
1.132037725064304112e+01,2.113968667022412706e+00
1.134038296656187583e+01,1.241984080396429935e+00
1.136038868248070877e+01,1.459023660579846338e+00
1.138039439839954348e+01,1.579082474862363306e+00
1.140040011431837641e+01,1.640310184347634870e+00
1.142040583023721112e+01,1.062269950256119477e+00
1.144041154615604405e+01,2.362010935846314386e+00
1.146041726207487876e+01,1.653080408218765562e+00
1.148042297799371170e+01,2.158073607843088659e+00
1.150042869391254641e+01,1.791080362892411237e+00
1.152043440983138112e+01,1.996455309897560371e+00
1.154044012575021405e+01,1.123182988337972033e+00
1.156044584166904876e+01,2.299831457710777904e+00
1.158045155758788169e+01,1.010681253277337710e+00
1.160045727350671640e+01,9.087773305832372861e-01
1.162046298942555111e+01,1.901964495009834000e+00
1.164046870534438405e+01,9.064902175580319410e-01
1.166047442126321876e+01,1.386718693499549904e+00
1.168048013718205169e+01,2.101459140650712154e+00
1.170048585310088640e+01,2.436700169658609472e+00
1.172049156901971934e+01,2.072483261234597141e+00
1.174049728493855405e+01,2.351094457121094550e+00
1.176050300085738698e+01,2.547427742296016984e+00
1.178050871677622169e+01,2.285409869532250227e+00
1.180051443269505640e+01,2.635779855434306373e+00
1.182052014861388933e+01,2.312448418013385965e+00
1.184052586453272404e+01,2.141918161611807925e+00
1.186053158045155698e+01,1.526372055857406540e+00
1.188053729637039169e+01,1.399138441929130394e+00
1.190054301228922640e+01,2.157058517103504158e+00
1.192054872820805933e+01,1.520905845203093909e+00
1.194055444412689404e+01,1.958621760572552217e+00
1.196056016004572697e+01,1.678047365889330456e+00
1.198056587596456168e+01,9.766490498394022612e-01
1.200057159188339639e+01,1.452810401939470308e+00
1.202057730780222933e+01,2.309530375935950453e+00
1.204058302372106226e+01,2.401619866134632186e+00
1.206058873963989697e+01,1.856246794571941638e+00
1.208059445555873168e+01,1.894931606711227401e+00
1.210060017147756461e+01,2.529280387003434161e+00
1.212060588739639932e+01,1.374439289947990250e+00
1.214061160331523226e+01,1.166085138341727223e+00
1.216061731923406697e+01,1.273981171648741695e+00
1.218062303515290168e+01,2.451336259579514287e+00
1.220062875107173461e+01,1.412302768306215484e+00
1.222063446699056932e+01,1.711240656493002943e+00
1.224064018290940226e+01,2.517554314227198109e+00
1.226064589882823697e+01,2.904884293365127768e+00
1.228065161474707168e+01,2.301407322132917432e+00
1.230065733066590461e+01,1.725678436709636721e+00
1.232066304658473754e+01,1.379432033084869502e+00
1.234066876250357225e+01,2.425082998302246384e+00
1.236067447842240696e+01,1.093368652758002657e+00
1.238068019434123990e+01,2.416996578198792989e+00
1.240068591026007461e+01,2.335124673783718574e+00
1.242069162617890754e+01,1.937553200555780064e+00
1.244069734209774225e+01,1.110698392938523682e+00
1.246070305801657696e+01,1.484822544022064150e+00
1.248070877393540989e+01,1.047994954029046744e+00
1.250071448985424460e+01,2.641806011275864119e+00
1.252072020577307754e+01,2.863982880226405126e+00
1.254072592169191225e+01,1.884592408852664658e+00
1.256073163761074696e+01,2.078640479962207355e+00
1.258073735352957989e+01,2.644594384619760596e+00
1.260074306944841460e+01,1.599831067777416793e+00
1.262074878536724754e+01,2.782511211434183007e+00
1.264075450128608225e+01,1.433078671428042350e+00
1.266076021720491518e+01,2.794294329304715330e+00
1.268076593312374989e+01,1.418085713978353146e+00
1.270077164904258282e+01,1.162585075230148091e+00
1.272077736496141753e+01,2.671845380171345763e+00
1.274078308088025224e+01,2.914624660981653292e+00
1.276078879679908518e+01,2.846220070633835864e+00
1.278079451271791989e+01,2.133346689620479797e+00
1.280080022863675282e+01,1.149060254919056057e+00
1.282080594455558753e+01,2.344459091635415326e+00
1.284081166047442224e+01,2.890494814554136038e+00
1.286081737639325517e+01,2.051478934747245741e+00
1.288082309231208988e+01,2.102182509493783602e+00
1.290082880823092282e+01,2.152276881248351259e+00
1.292083452414975753e+01,1.946106682480746697e+00
1.294084024006859224e+01,1.902142490588116353e+00
1.296084595598742517e+01,2.267845694764447195e+00
1.298085167190625810e+01,1.938980782821564386e+00
1.300085738782509281e+01,2.149454733030006004e+00
1.302086310374392752e+01,1.934752897143309003e+00
1.304086881966276046e+01,2.785448691277552680e+00
1.306087453558159517e+01,2.200026205480095420e+00
1.308088025150042810e+01,2.015021111158505018e+00
1.310088596741926281e+01,2.335455616734733120e+00
1.312089168333809752e+01,2.902374299059899077e+00
1.314089739925693046e+01,2.917654803370840266e+00
1.316090311517576517e+01,1.580536125855452445e+00
1.318090883109459810e+01,2.298410460635898378e+00
1.320091454701343281e+01,2.069305118516697739e+00
1.322092026293226752e+01,2.300526599124430138e+00
1.324092597885110045e+01,2.484053080245353318e+00
1.326093169476993339e+01,2.292063131434507461e+00
1.328093741068876810e+01,3.102844628411268069e+00
1.330094312660760281e+01,1.898786121950880590e+00
1.332094884252643574e+01,2.921166638087917988e+00
1.334095455844527045e+01,2.530165026603881095e+00
1.336096027436410338e+01,2.783246805592996420e+00
1.338096599028293809e+01,1.354858595811282651e+00
1.340097170620177280e+01,2.363461602106099235e+00
1.342097742212060574e+01,2.533318386663445665e+00
1.344098313803944045e+01,1.890956900541262975e+00
1.346098885395827338e+01,2.855640294842644256e+00
1.348099456987710809e+01,3.176130474702628881e+00
1.350100028579594280e+01,2.994366152027204908e+00
1.352100600171477573e+01,1.990574888458335634e+00
1.354101171763361044e+01,2.100079592844061427e+00
1.356101743355244338e+01,1.792164470932278153e+00
1.358102314947127809e+01,2.967619343712387003e+00
1.360102886539011102e+01,2.299275438356109813e+00
1.362103458130894573e+01,2.853210701312132613e+00
1.364104029722777867e+01,2.050774021876279996e+00
1.366104601314661338e+01,1.627320046701381751e+00
1.368105172906544809e+01,2.797568433436868673e+00
1.370105744498428102e+01,3.039992549383039311e+00
1.372106316090311573e+01,1.474381696002264874e+00
1.374106887682194866e+01,1.445592088227517058e+00
1.376107459274078337e+01,2.182966563798635740e+00
1.378108030865961808e+01,2.084361337263032077e+00
1.380108602457845102e+01,2.318912928580194155e+00
1.382109174049728573e+01,2.255934433050428733e+00
1.384109745641611866e+01,2.967501788214286229e+00
1.386110317233495337e+01,2.333971803056737571e+00
1.388110888825378808e+01,1.496205116005544733e+00
1.390111460417262101e+01,2.263565197457123368e+00
1.392112032009145395e+01,2.454786899819280777e+00
1.394112603601028866e+01,2.466101696787037501e+00
1.396113175192912337e+01,1.588594237202006765e+00
1.398113746784795630e+01,3.409742943868958598e+00
1.400114318376679101e+01,2.559350361352344283e+00
1.402114889968562395e+01,2.530456340957294437e+00
1.404115461560445866e+01,2.081032011688356054e+00
1.406116033152329337e+01,1.750699521045694818e+00
1.408116604744212630e+01,1.956081214147650238e+00
1.410117176336095923e+01,2.015518969969445795e+00
1.412117747927979394e+01,1.906567634437631886e+00
1.414118319519862865e+01,2.638342047327426165e+00
1.416118891111746336e+01,3.224670778972234420e+00
1.418119462703629630e+01,3.464880873899184088e+00
1.420120034295512923e+01,2.537993722504876981e+00
1.422120605887396394e+01,2.641629540464061954e+00
1.424121177479279865e+01,2.753287372482948747e+00
1.426121749071163336e+01,2.160814584339365130e+00
1.428122320663046629e+01,3.035693377640609647e+00
1.430122892254929923e+01,2.395814172189279834e+00
1.432123463846813394e+01,2.419544984237677276e+00
1.434124035438696865e+01,2.818680855277218456e+00
1.436124607030580158e+01,2.206851039016797245e+00
1.438125178622463629e+01,2.104344180160486300e+00
1.440125750214346922e+01,2.925505167030439502e+00
1.442126321806230393e+01,2.000001785103884711e+00
1.444126893398113864e+01,1.808647781750469363e+00
1.446127464989997158e+01,2.226496416219075236e+00
1.448128036581880451e+01,2.844079324722940783e+00
1.450128608173763922e+01,2.138414559827482186e+00
1.452129179765647393e+01,1.912735463805188552e+00
1.454129751357530864e+01,2.014762147955097671e+00
1.456130322949414158e+01,3.613660111434636057e+00
1.458130894541297451e+01,3.795682335668828067e+00
1.460131466133180922e+01,3.146485510191125101e+00
1.462132037725064393e+01,2.331492026601472922e+00
1.464132609316947686e+01,2.971153743896834509e+00
1.466133180908831157e+01,2.979653257663588128e+00
1.468133752500714451e+01,3.939175043198035020e+00
1.470134324092597922e+01,2.856197897461808743e+00
1.472134895684481393e+01,3.121420245315204678e+00
1.474135467276364686e+01,2.694406004241029606e+00
1.476136038868247979e+01,2.462454343283104308e+00
1.478136610460131450e+01,4.243024446472108302e+00
1.480137182052014921e+01,3.524140132742011211e+00
1.482137753643898392e+01,4.243151501149707627e+00
1.484138325235781686e+01,4.257686789459262044e+00
1.486138896827664979e+01,4.466760359977715922e+00
1.488139468419548450e+01,3.244844278996681375e+00
1.490140040011431921e+01,3.110616858455464762e+00
1.492140611603315392e+01,4.594680786662303618e+00
1.494141183195198685e+01,3.367990360358945612e+00
1.496141754787081979e+01,4.053304815818632889e+00
1.498142326378965450e+01,3.700459776981566584e+00
1.500142897970848921e+01,5.447204817176320546e+00
1.502143469562732214e+01,5.471396227848093652e+00
1.504144041154615508e+01,5.162637902241796972e+00
1.506144612746498979e+01,5.854752522745421572e+00
1.508145184338382450e+01,5.262928038278944065e+00
1.510145755930265921e+01,5.708527085117950151e+00
1.512146327522149214e+01,6.700215402095180295e+00
1.514146899114032507e+01,7.349806178628576880e+00
1.516147470705915978e+01,6.220492509617532306e+00
1.518148042297799449e+01,6.838274325053436797e+00
1.520148613889682920e+01,7.221854511853305958e+00
1.522149185481566214e+01,8.298916325452792009e+00
1.524149757073449507e+01,8.716052549003777017e+00
1.526150328665332978e+01,8.466643580562811522e+00
1.528150900257216449e+01,8.574189710905736561e+00
1.530151471849099742e+01,9.245195935737605453e+00
1.532152043440983036e+01,9.602610219272035508e+00
1.534152615032866507e+01,1.096342654385797921e+01
1.536153186624749978e+01,1.037588154803872875e+01
1.538153758216633449e+01,1.162754442503311303e+01
1.540154329808516742e+01,1.105737606845686294e+01
1.542154901400400036e+01,1.274443119410699055e+01
1.544155472992283507e+01,1.332326172862425295e+01
1.546156044584166978e+01,1.358242937075095291e+01
1.548156616176050449e+01,1.374577113389010563e+01
1.550157187767933742e+01,1.466724668056920677e+01
1.552157759359817035e+01,1.479963253960063518e+01
1.554158330951700506e+01,1.572737176895845046e+01
1.556158902543583977e+01,1.622580145730083601e+01
1.558159474135467271e+01,1.578595095878336174e+01
1.560160045727350742e+01,1.651538341215429995e+01
1.562160617319234035e+01,1.688594600299050796e+01
1.564161188911117506e+01,1.904709925844990082e+01
1.566161760503000977e+01,1.955126765576240189e+01
1.568162332094884270e+01,2.072193761327102735e+01
1.570162903686767564e+01,2.025851360365700060e+01
1.572163475278651035e+01,2.147252065047760894e+01
1.574164046870534506e+01,2.243108542595107835e+01
1.576164618462417977e+01,2.284819214705274604e+01
1.578165190054301270e+01,2.445861669468288113e+01
1.580165761646184563e+01,2.543946487837030546e+01
1.582166333238068034e+01,2.619289892764035343e+01
1.584166904829951505e+01,2.727263366218622309e+01
1.586167476421834799e+01,2.781588650956109987e+01
1.588168048013718270e+01,2.939952346474650469e+01
1.590168619605601563e+01,2.989840149697596416e+01
1.592169191197485034e+01,3.156220102079466727e+01
1.594169762789368505e+01,3.156646748730912933e+01
1.596170334381251799e+01,3.308357033401583180e+01
1.598170905973135092e+01,3.364081917233554009e+01
1.600171477565018563e+01,3.621562051864894727e+01
1.602172049156902034e+01,3.684931834347872126e+01
1.604172620748785505e+01,3.848568586023331761e+01
1.606173192340668976e+01,3.915153581396555893e+01
1.608173763932552092e+01,4.001048313777941701e+01
1.610174335524435563e+01,4.287635436453023630e+01
1.612174907116319034e+01,4.299102817420946110e+01
1.614175478708202505e+01,4.550292457546152747e+01
1.616176050300085620e+01,4.636021367441764340e+01
1.618176621891969091e+01,4.747103702667207159e+01
1.620177193483852562e+01,5.067911290751891329e+01
1.622177765075736033e+01,5.212446188154554960e+01
1.624178336667619504e+01,5.271594391050306427e+01
1.626178908259502620e+01,5.558987554051367397e+01
1.628179479851386091e+01,5.775497184617465507e+01
1.630180051443269562e+01,5.935775996627633333e+01
1.632180623035153033e+01,6.083821062680276981e+01
1.634181194627036149e+01,6.195203602188952630e+01
1.636181766218919620e+01,6.539410485549666419e+01
1.638182337810803091e+01,6.746089325243769963e+01
1.640182909402686562e+01,6.963314549061661296e+01
1.642183480994570033e+01,7.142475807798565768e+01
1.644184052586453504e+01,7.407645099940599209e+01
1.646184624178336620e+01,7.689959966827696292e+01
1.648185195770220091e+01,7.886734883448670530e+01
1.650185767362103562e+01,8.090334625872992547e+01
1.652186338953986677e+01,8.282129750352341091e+01
1.654186910545870148e+01,8.568087379810060611e+01
1.656187482137753619e+01,8.777105164169793738e+01
1.658188053729637090e+01,8.914686310333404151e+01
1.660188625321520561e+01,9.238744207647985718e+01
1.662189196913404032e+01,9.476766173220566714e+01
1.664189768505287148e+01,9.603854473773257894e+01
1.666190340097170619e+01,9.668887020319121461e+01
1.668190911689054090e+01,9.867913519811867218e+01
1.670191483280937561e+01,9.942028280055863831e+01
1.672192054872820677e+01,1.000000000000000000e+02
1.674192626464704148e+01,9.946493644092714703e+01
1.676193198056587619e+01,9.958792859433501121e+01
1.678193769648471090e+01,9.832087264416979622e+01
1.680194341240354561e+01,9.620944527017300629e+01
1.682194912832238032e+01,9.229404141824457497e+01
1.684195484424121148e+01,8.933066754294142697e+01
1.686196056016004619e+01,8.547236237855348406e+01
1.688196627607888090e+01,8.131042182223724524e+01
1.690197199199771205e+01,7.472025548179003351e+01
1.692197770791654676e+01,6.956883603871337129e+01
1.694198342383538147e+01,6.322847567474785535e+01
1.696198913975421618e+01,5.807776311942865988e+01
1.698199485567305089e+01,5.098654626643433119e+01
1.700200057159188560e+01,4.553002436383303575e+01
1.702200628751071676e+01,3.953345611672901327e+01
1.704201200342955147e+01,3.500821219377702676e+01
1.706201771934838618e+01,3.024434976529902386e+01
1.708202343526722089e+01,2.693057453193020834e+01
1.710202915118605205e+01,2.217816898177148843e+01
1.712203486710488676e+01,1.993237028176760717e+01
1.714204058302372147e+01,1.711515372401952462e+01
1.716204629894255618e+01,1.459143912534356780e+01
1.718205201486139089e+01,1.379820029700304929e+01
1.720205773078022204e+01,1.167556514814617330e+01
1.722206344669905675e+01,1.053334220663874632e+01
1.724206916261789146e+01,9.297469704586918127e+00
1.726207487853672617e+01,9.294634399126264768e+00
1.728208059445555733e+01,7.728325667832419477e+00
1.730208631037439204e+01,7.781001567958576892e+00
1.732209202629322675e+01,8.565382231705791938e+00
1.734209774221206146e+01,8.257556376320000169e+00
1.736210345813089617e+01,7.878394909248224387e+00
1.738210917404973088e+01,7.125260691154139181e+00
1.740211488996856204e+01,7.566712471025399012e+00
1.742212060588739675e+01,6.913098973883235132e+00
1.744212632180623146e+01,6.552285602453405744e+00
1.746213203772506262e+01,6.287449169554227169e+00
1.748213775364389733e+01,7.510572489243171113e+00
1.750214346956273204e+01,6.254095961534535064e+00
1.752214918548156675e+01,6.916012629846368220e+00
1.754215490140040146e+01,6.272705898009180991e+00
1.756216061731923617e+01,6.645025246616098613e+00
1.758216633323806732e+01,6.296287540567701235e+00
1.760217204915690203e+01,6.648025045096566110e+00
1.762217776507573674e+01,7.296053276151639011e+00
1.764218348099457145e+01,7.316957526287492186e+00
1.766218919691340261e+01,5.903936232762760916e+00
1.768219491283223732e+01,6.190838031577214018e+00
1.770220062875107203e+01,7.287544424760414863e+00
1.772220634466990674e+01,5.907191645549994874e+00
1.774221206058874145e+01,7.220399000838900072e+00
1.776221777650757616e+01,6.469751770985140205e+00
1.778222349242640732e+01,6.400538767399239326e+00
1.780222920834524203e+01,6.430968117673152129e+00
1.782223492426407674e+01,5.905853929807370228e+00
1.784224064018290790e+01,4.726611204869668903e+00
1.786224635610174261e+01,5.238109853182249864e+00
1.788225207202057732e+01,5.671333879212345330e+00
1.790225778793941203e+01,5.679025685099988507e+00
1.792226350385824674e+01,4.107042894926317800e+00
1.794226921977708145e+01,4.124780045811662355e+00
1.796227493569591260e+01,4.342510790644543484e+00
1.798228065161474731e+01,3.970763190980511226e+00
1.800228636753358202e+01,4.154131069787324826e+00
1.802229208345241318e+01,4.829322214710543903e+00
1.804229779937124789e+01,4.680220490286166601e+00
1.806230351529008260e+01,3.264837795100375306e+00
1.808230923120891731e+01,4.788178594715693848e+00
1.810231494712775202e+01,4.542396718776685383e+00
1.812232066304658673e+01,3.852998799273358088e+00
1.814232637896542144e+01,4.772506964980348876e+00
1.816233209488425260e+01,3.706040712709898433e+00
1.818233781080308731e+01,3.870465664402489736e+00
1.820234352672191847e+01,4.719377036853821927e+00
1.822234924264075318e+01,2.844036347498449580e+00
1.824235495855958789e+01,3.536901027484512738e+00
1.826236067447842260e+01,3.683284950666469992e+00
1.828236639039725731e+01,3.894863490318575039e+00
1.830237210631609202e+01,3.173448544599038357e+00
1.832237782223492673e+01,3.465518262226824131e+00
1.834238353815375788e+01,3.779457573238354406e+00
1.836238925407259259e+01,4.349724123596618419e+00
1.838239496999142730e+01,4.052953039983541395e+00
1.840240068591025846e+01,3.973198518823643166e+00
1.842240640182909317e+01,2.920435285853761886e+00
1.844241211774792788e+01,3.806378613162498592e+00
1.846241783366676259e+01,3.390787107438031800e+00
1.848242354958559730e+01,3.667382956277376316e+00
1.850242926550443201e+01,2.948271734336887384e+00
1.852243498142326672e+01,4.297652818062389635e+00
1.854244069734209788e+01,2.781942309698081761e+00
1.856244641326093259e+01,4.487952974375023274e+00
1.858245212917976374e+01,4.527906114760696710e+00
1.860245784509859845e+01,3.379532829425945906e+00
1.862246356101743316e+01,4.040411580730192576e+00
1.864246927693626787e+01,4.652772109095138831e+00
1.866247499285510258e+01,4.634237211743752916e+00
1.868248070877393729e+01,4.309205998954661609e+00
1.870248642469277200e+01,3.445932207502832245e+00
1.872249214061160316e+01,3.077980479759435450e+00
1.874249785653043787e+01,4.051186558549457750e+00
1.876250357244927258e+01,4.349614365513268410e+00
1.878250928836810374e+01,3.201612525603870107e+00
1.880251500428693845e+01,3.737516730241972507e+00
1.882252072020577316e+01,3.497348082858951823e+00
1.884252643612460787e+01,3.404292972023067687e+00
1.886253215204344258e+01,4.264074370343177378e+00
1.888253786796227729e+01,4.031166201248690406e+00
1.890254358388111200e+01,3.088065688134501663e+00
1.892254929979994316e+01,3.404998876602205904e+00
1.894255501571877787e+01,3.860255937746515098e+00
1.896256073163760902e+01,3.974492676474448594e+00
1.898256644755644373e+01,3.272041637166561934e+00
1.900257216347527844e+01,4.534858011513728471e+00
1.902257787939411315e+01,3.829017989201874972e+00
1.904258359531294786e+01,4.345546931866423712e+00
1.906258931123178257e+01,2.942896238199123715e+00
1.908259502715061728e+01,4.123065796179822051e+00
1.910260074306944844e+01,4.176842513702121451e+00
1.912260645898828315e+01,4.274766361054815000e+00
1.914261217490711431e+01,4.532145203553979762e+00
1.916261789082594902e+01,4.441777603181876088e+00
1.918262360674478373e+01,3.854813067434581964e+00
1.920262932266361844e+01,4.516334527723506298e+00
1.922263503858245315e+01,3.228199899588173771e+00
1.924264075450128786e+01,3.088587456129971542e+00
1.926264647042012257e+01,3.408371757127220736e+00
1.928265218633895373e+01,4.551065458711477163e+00
1.930265790225778844e+01,3.148170313509082607e+00
1.932266361817662315e+01,3.843019021396120394e+00
1.934266933409545430e+01,3.987886985924328442e+00
1.936267505001428901e+01,2.892426131961916003e+00
1.938268076593312372e+01,3.093669214997155859e+00
1.940268648185195843e+01,3.337900547780650484e+00
1.942269219777079314e+01,3.183908069604427293e+00
1.944269791368962785e+01,2.948145631591392313e+00
1.946270362960846256e+01,3.136615410814363791e+00
1.948270934552729372e+01,4.186865473284604455e+00
1.950271506144612843e+01,2.928737263745694541e+00
1.952272077736495959e+01,4.413342647493028181e+00
1.954272649328379430e+01,3.814259252533002353e+00
1.956273220920262901e+01,4.733837325024700782e+00
1.958273792512146372e+01,3.019510416728425017e+00
1.960274364104029843e+01,4.802153329736245979e+00
1.962274935695913314e+01,3.236906381277087963e+00
1.964275507287796785e+01,4.696827696013577302e+00
1.966276078879679901e+01,3.741207278876733877e+00
1.968276650471563372e+01,4.094110704956875679e+00
1.970277222063446487e+01,3.872980871344329667e+00
1.972277793655329958e+01,5.160981253630573917e+00
1.974278365247213429e+01,3.853786008060381185e+00
1.976278936839096900e+01,3.916227160278542563e+00
1.978279508430980371e+01,4.539940889022842541e+00
1.980280080022863842e+01,5.419463084698628030e+00
1.982280651614747313e+01,4.671588584566721991e+00
1.984281223206630784e+01,4.804975063571092164e+00
1.986281794798513900e+01,3.893747445405894680e+00
1.988282366390397371e+01,4.943493782039163342e+00
1.990282937982280487e+01,4.246045222300001143e+00
1.992283509574163958e+01,5.899341206496776735e+00
1.994284081166047429e+01,6.059145583837009852e+00
1.996284652757930900e+01,4.797097289823219590e+00
1.998285224349814371e+01,5.939044287090767149e+00
2.000285795941697842e+01,5.236107709272506128e+00
2.002286367533581313e+01,6.490912094528890286e+00
2.004286939125464428e+01,5.601055125787555156e+00
2.006287510717347899e+01,5.168981605144837843e+00
2.008288082309231015e+01,5.640610687029228743e+00
2.010288653901114486e+01,5.275338816299376177e+00
2.012289225492997957e+01,6.986519659042842889e+00
2.014289797084881428e+01,6.724394278574061801e+00
2.016290368676764899e+01,6.441300281234298986e+00
2.018290940268648370e+01,6.163477298835116969e+00
2.020291511860531841e+01,7.662772629917419920e+00
2.022292083452414957e+01,6.717411981981276980e+00
2.024292655044298428e+01,7.735352864679556184e+00
2.026293226636181899e+01,7.890157851592376481e+00
2.028293798228065015e+01,8.267343665541170949e+00
2.030294369819948486e+01,7.769909159706148927e+00
2.032294941411831957e+01,7.863082865321836756e+00
2.034295513003715428e+01,9.458064832885686002e+00
2.036296084595598899e+01,9.683137990503631443e+00
2.038296656187482370e+01,8.592393257974098475e+00
2.040297227779365841e+01,8.690124180374626306e+00
2.042297799371248956e+01,9.190760927364090449e+00
2.044298370963132427e+01,1.106041607548762151e+01
2.046298942555015543e+01,1.044995101591459807e+01
2.048299514146899014e+01,1.131262976566000233e+01
2.050300085738782485e+01,1.190514099000945691e+01
2.052300657330665956e+01,1.062026263521710412e+01
2.054301228922549427e+01,1.134688200905213051e+01
2.056301800514432898e+01,1.317890961275079853e+01
2.058302372106316369e+01,1.346473148749363169e+01
2.060302943698199485e+01,1.307657001202004210e+01
2.062303515290082956e+01,1.356155945161567544e+01
2.064304086881966072e+01,1.401021453425767405e+01
2.066304658473849543e+01,1.519663063657834279e+01
2.068305230065733014e+01,1.569420433263018388e+01
2.070305801657616485e+01,1.611287068221722762e+01
2.072306373249499956e+01,1.660440758723897403e+01
2.074306944841383427e+01,1.649431628432220620e+01
2.076307516433266898e+01,1.722800306130256942e+01
2.078308088025150369e+01,1.856965282276361506e+01
2.080308659617033484e+01,1.872634488851488399e+01
2.082309231208916955e+01,1.953948877793945726e+01
2.084309802800800071e+01,1.977421637342773053e+01
2.086310374392683542e+01,2.073613118425871704e+01
2.088310945984567013e+01,2.142472025573466965e+01
2.090311517576450484e+01,2.053325896821809948e+01
2.092312089168333955e+01,2.254590339764905593e+01
2.094312660760217426e+01,2.306488299869059944e+01
2.096313232352100897e+01,2.270459441101639442e+01
2.098313803943984013e+01,2.371835790242651854e+01
2.100314375535867484e+01,2.375603369049644442e+01
2.102314947127750600e+01,2.323435951459680027e+01
2.104315518719634071e+01,2.297894996269140577e+01
2.106316090311517542e+01,2.268369900470520051e+01
2.108316661903401013e+01,2.285411578437017255e+01
2.110317233495284484e+01,2.304796990210482122e+01
2.112317805087167955e+01,2.247896672412880292e+01
2.114318376679051426e+01,2.099381278844576215e+01
2.116318948270934541e+01,1.960728815782692180e+01
2.118319519862818012e+01,1.916848441855085383e+01
2.120320091454701483e+01,1.867437773687461089e+01
2.122320663046584599e+01,1.631666174054811691e+01
2.124321234638468070e+01,1.497876543110361958e+01
2.126321806230351541e+01,1.421230042336762622e+01
2.128322377822235012e+01,1.363809008494314412e+01
2.130322949414118483e+01,1.235840175290044485e+01
2.132323521006001954e+01,9.951721320974666440e+00
2.134324092597885425e+01,8.674032176273351880e+00
2.136324664189768541e+01,8.849779335817935078e+00
2.138325235781652012e+01,6.730134313172325911e+00
2.140325807373535127e+01,7.371726921232349738e+00
2.142326378965418598e+01,6.918889437528391362e+00
2.144326950557302069e+01,6.105694582823105954e+00
2.146327522149185540e+01,6.407544443169842729e+00
2.148328093741069011e+01,6.312834134273157538e+00
2.150328665332952482e+01,5.741234385896331283e+00
2.152329236924835953e+01,5.786274159318800514e+00
2.154329808516719069e+01,5.267764230332557140e+00
2.156330380108602540e+01,4.569248889759128573e+00
2.158330951700485656e+01,3.804523607714288325e+00
2.160331523292369127e+01,5.032606455187618621e+00
2.162332094884252598e+01,3.710380870364160977e+00
2.164332666476136069e+01,4.875762066261013494e+00
2.166333238068019540e+01,4.730237453336426867e+00
2.168333809659903011e+01,5.179156829888787783e+00
2.170334381251786482e+01,4.747931260993369484e+00
2.172334952843669598e+01,4.290384733121668681e+00
2.174335524435553069e+01,3.532650106964158265e+00
2.176336096027436540e+01,3.935654335248307323e+00
2.178336667619319655e+01,3.719237743446985434e+00
2.180337239211203126e+01,5.154500254563578743e+00
2.182337810803086597e+01,4.757708836955842457e+00
2.184338382394970068e+01,4.722224627231173422e+00
2.186338953986853539e+01,4.353421365396825671e+00
2.188339525578737010e+01,4.149689333307610362e+00
2.190340097170620481e+01,4.472263388516024563e+00
2.192340668762503597e+01,3.742419406985813879e+00
2.194341240354387068e+01,3.790107086017046267e+00
2.196341811946270184e+01,4.460853008047187984e+00
2.198342383538153655e+01,4.515811386897330415e+00
2.200342955130037126e+01,4.700469933123586408e+00
2.202343526721920597e+01,4.114003305399180910e+00
2.204344098313804068e+01,5.037178950406561384e+00
2.206344669905687539e+01,5.194022151950776767e+00
2.208345241497571010e+01,4.116780138160806679e+00
2.210345813089454126e+01,4.716656897893523492e+00
2.212346384681337597e+01,3.907124029462864634e+00
2.214346956273221068e+01,3.519839688307501824e+00
2.216347527865104183e+01,4.199363711384436648e+00
2.218348099456987654e+01,5.147260546771067702e+00
2.220348671048871125e+01,3.761661411283581113e+00
2.222349242640754596e+01,4.576959122380855227e+00
2.224349814232638067e+01,4.695292368246822612e+00
2.226350385824521538e+01,4.424087702743955575e+00
2.228350957416405009e+01,5.099350531142937903e+00
2.230351529008288125e+01,4.821433338234196952e+00
2.232352100600171596e+01,3.467883968979926124e+00
2.234352672192054712e+01,3.685971316164637024e+00
2.236353243783938183e+01,4.906324044470262713e+00
2.238353815375821654e+01,3.667813146436182503e+00
2.240354386967705125e+01,4.299136990451452256e+00
2.242354958559588596e+01,4.408821365235257694e+00
2.244355530151472067e+01,3.739944597719887298e+00
2.246356101743355538e+01,4.610233164255692628e+00
2.248356673335238654e+01,4.566436607560309113e+00
2.250357244927122125e+01,3.843877140160381956e+00
2.252357816519005240e+01,4.227081746110687099e+00
2.254358388110888711e+01,5.238285312245526626e+00
2.256358959702772182e+01,4.877428552404214024e+00
2.258359531294655653e+01,3.884224011811223232e+00
2.260360102886539124e+01,4.185746079715420898e+00
2.262360674478422595e+01,4.132437556279224822e+00
2.264361246070306066e+01,3.863525976991611710e+00
2.266361817662189182e+01,3.605993662700408553e+00
2.268362389254072653e+01,3.925717303446641271e+00
2.270362960845956124e+01,4.422295919829476674e+00
2.272363532437839240e+01,3.804151956395523726e+00
2.274364104029722711e+01,3.723083588166461233e+00
2.276364675621606182e+01,4.114579816145595537e+00
2.278365247213489653e+01,3.811278137141895783e+00
2.280365818805373124e+01,5.099736568581925589e+00
2.282366390397256595e+01,5.409800799522872516e+00
2.284366961989140066e+01,4.375645774106175168e+00
2.286367533581023181e+01,4.485774739081235474e+00
2.288368105172906652e+01,4.075370950437393169e+00
2.290368676764789768e+01,5.639238609923265422e+00
2.292369248356673239e+01,5.698689698528987435e+00
2.294369819948556710e+01,5.028735642732412359e+00
2.296370391540440181e+01,4.123219636953387557e+00
2.298370963132323652e+01,5.437478926315091776e+00
2.300371534724207123e+01,4.939422946455747088e+00
2.302372106316090594e+01,4.464530728675409676e+00
2.304372677907973710e+01,4.121575963768513873e+00
2.306373249499857181e+01,5.505441156592682184e+00
2.308373821091740652e+01,4.730311569564505270e+00
2.310374392683623768e+01,5.089194570391120109e+00
2.312374964275507239e+01,5.844213201198286356e+00
2.314375535867390710e+01,6.160631139987597038e+00
2.316376107459274181e+01,6.184883527690170801e+00
2.318376679051157652e+01,6.165630754344215703e+00
2.320377250643041123e+01,4.545904897725817406e+00
2.322377822234924594e+01,5.677219961831960759e+00
2.324378393826807709e+01,4.740920403505669789e+00
2.326378965418691180e+01,5.598635734310192902e+00
2.328379537010574296e+01,6.050757048419215245e+00
2.330380108602457767e+01,5.312242943588235455e+00
2.332380680194341238e+01,6.531004535504584929e+00
2.334381251786224709e+01,6.833135029395461579e+00
2.336381823378108180e+01,5.263727933722814001e+00
2.338382394969991651e+01,5.408050368575664457e+00
2.340382966561875122e+01,6.625080110968868397e+00
2.342383538153758238e+01,6.109895794921819778e+00
2.344384109745641709e+01,6.287320662224373358e+00
2.346384681337524825e+01,6.870233976802598619e+00
2.348385252929408296e+01,7.734063896854042497e+00
2.350385824521291767e+01,7.233184818385078430e+00
2.352386396113175238e+01,6.353636121327577158e+00
2.354386967705058709e+01,7.749730654309957778e+00
2.356387539296942180e+01,6.841665955559262713e+00
2.358388110888825651e+01,8.238058141323140404e+00
2.360388682480708766e+01,7.829385776401044161e+00
2.362389254072592237e+01,7.867708011448803163e+00
2.364389825664475708e+01,7.819008169491690197e+00
2.366390397256358824e+01,9.168911965960830912e+00
2.368390968848242295e+01,9.612434312668900915e+00
2.370391540440125766e+01,9.002115097550827727e+00
2.372392112032009237e+01,1.076566593816730766e+01
2.374392683623892708e+01,1.101199913401796238e+01
2.376393255215776179e+01,1.046222179501766902e+01
2.378393826807659650e+01,1.074816771335160936e+01
2.380394398399542766e+01,1.131674785203101408e+01
2.382394969991426237e+01,1.126059879418466281e+01
2.384395541583309353e+01,1.241265081176997498e+01
2.386396113175192824e+01,1.258326774916605295e+01
2.388396684767076295e+01,1.254732334089315771e+01
2.390397256358959766e+01,1.346354026346853949e+01
2.392397827950843237e+01,1.493418691442310475e+01
2.394398399542726708e+01,1.551571969461910605e+01
2.396398971134610179e+01,1.647623250530365624e+01
2.398399542726493294e+01,1.556352132271912936e+01
2.400400114318376765e+01,1.705552064146113977e+01
2.402400685910260236e+01,1.668059499625164221e+01
2.404401257502143352e+01,1.735946476867910349e+01
2.406401829094026823e+01,1.858758484066647299e+01
2.408402400685910294e+01,2.053599905486820276e+01
2.410402972277793765e+01,2.083631738287854773e+01
2.412403543869677236e+01,2.171776778858328782e+01
2.414404115461560707e+01,2.195149614239058522e+01
2.416404687053444178e+01,2.187905815155048472e+01
2.418405258645327294e+01,2.398208754345520077e+01
2.420405830237210765e+01,2.404567888930300867e+01
2.422406401829093880e+01,2.487057937312046363e+01
2.424406973420977351e+01,2.645779647392599898e+01
2.426407545012860822e+01,2.617784045898264722e+01
2.428408116604744293e+01,2.794029987295547457e+01
2.430408688196627764e+01,2.931390433234465576e+01
2.432409259788511235e+01,2.966819001475738204e+01
2.434409831380394706e+01,3.024985523216570726e+01
2.436410402972277822e+01,3.162420168358030992e+01
2.438410974564161293e+01,3.423107117209486461e+01
2.440411546156044409e+01,3.464689658499027303e+01
2.442412117747927880e+01,3.572227403314015248e+01
2.444412689339811351e+01,3.881222775264396319e+01
2.446413260931694822e+01,4.046320342400859715e+01
2.448413832523578293e+01,4.179564844940092172e+01
2.450414404115461764e+01,4.434179656444240436e+01
2.452414975707345235e+01,4.640044669157643398e+01
2.454415547299228351e+01,4.802712372814883679e+01
2.456416118891111822e+01,5.096004794636933610e+01
2.458416690482995293e+01,5.322412298489814475e+01
2.460417262074878408e+01,5.584837298702587560e+01
2.462417833666761879e+01,5.880626312010444678e+01
2.464418405258645350e+01,6.039781938675754702e+01
2.466418976850528821e+01,6.418365749576128110e+01
2.468419548442412292e+01,6.594682801612670175e+01
2.470420120034295763e+01,6.960878400310087954e+01
2.472420691626179234e+01,7.235502239222486764e+01
2.474421263218062350e+01,7.535516577306188424e+01
2.476421834809945821e+01,7.764068980795850905e+01
2.478422406401828937e+01,8.026438121616169497e+01
2.480422977993712408e+01,8.316905604551664055e+01
2.482423549585595879e+01,8.406549028201479246e+01
2.484424121177479350e+01,8.664249069426179517e+01
2.486424692769362821e+01,8.783555508697654091e+01
2.488425264361246292e+01,8.736746046585111003e+01
2.490425835953129763e+01,8.620823309235368015e+01
2.492426407545012879e+01,8.445938266432763442e+01
2.494426979136896350e+01,8.362755932209270782e+01
2.496427550728779821e+01,7.885402674187845662e+01
2.498428122320662936e+01,7.652744620077771742e+01
2.500428693912546407e+01,7.105604544696514324e+01
2.502429265504429878e+01,6.675740075082725866e+01
2.504429837096313349e+01,6.169969033721405793e+01
2.506430408688196820e+01,5.621324077846764311e+01
2.508430980280080291e+01,5.107549305786770333e+01
2.510431551871963762e+01,4.551541384458338513e+01
2.512432123463846878e+01,4.115012364991206795e+01
2.514432695055730349e+01,3.780202794718595527e+01
2.516433266647613465e+01,3.328844233458121238e+01
2.518433838239496936e+01,3.149671960968753837e+01
2.520434409831380407e+01,2.984876690117169318e+01
2.522434981423263878e+01,2.755752675525868867e+01
2.524435553015147349e+01,2.687318637027680523e+01
2.526436124607030820e+01,2.536666724700393161e+01
2.528436696198914291e+01,2.487608622627236343e+01
2.530437267790797407e+01,2.426385604521486883e+01
2.532437839382680878e+01,2.493125120707142273e+01
2.534438410974563993e+01,2.482532741899649409e+01
2.536438982566447464e+01,2.608196458316194821e+01
2.538439554158330935e+01,2.731520820778098013e+01
2.540440125750214406e+01,2.734552795854006391e+01
2.542440697342097877e+01,2.821750417315550052e+01
2.544441268933981348e+01,3.007312663251691376e+01
2.546441840525864819e+01,3.040470372435715518e+01
2.548442412117747935e+01,3.134773341277970005e+01
2.550442983709631406e+01,3.224720912097914294e+01
2.552443555301514877e+01,3.474122577282839330e+01
2.554444126893397993e+01,3.542643837254868799e+01
2.556444698485281464e+01,3.621351240851421949e+01
2.558445270077164935e+01,3.562557809782211393e+01
2.560445841669048406e+01,3.597661435437492372e+01
2.562446413260931877e+01,3.654649730670837471e+01
2.564446984852815348e+01,3.716119381167299451e+01
2.566447556444698819e+01,3.782814321095888488e+01
2.568448128036581934e+01,3.713717184778272440e+01
2.570448699628465405e+01,3.620772008164762212e+01
2.572449271220348521e+01,3.582484647398832323e+01
2.574449842812231992e+01,3.450828870929036185e+01
2.576450414404115463e+01,3.348291851011170905e+01
2.578450985995998934e+01,3.287392989101498841e+01
2.580451557587882405e+01,3.056444429964851039e+01
2.582452129179765876e+01,3.022296656703188589e+01
2.584452700771649347e+01,3.001509026873081609e+01
2.586453272363532463e+01,2.890621143875378962e+01
2.588453843955415934e+01,2.735179513183988576e+01
2.590454415547299405e+01,2.820598519255699443e+01
2.592454987139182521e+01,2.771381438664782593e+01
2.594455558731065992e+01,2.733572392619013058e+01
2.596456130322949463e+01,2.940833689901020165e+01
2.598456701914832934e+01,2.875682731325331076e+01
2.600457273506716405e+01,3.026630336084179973e+01
2.602457845098599520e+01,3.040273206685059648e+01
2.604458416690482991e+01,3.143392671323179854e+01
2.606458988282366462e+01,3.362969829583238379e+01
2.608459559874249933e+01,3.479124630242654348e+01
2.610460131466133404e+01,3.725133200244949450e+01
2.612460703058016520e+01,3.785444058199786355e+01
2.614461274649899991e+01,3.997436938052444333e+01
2.616461846241783462e+01,4.127915409928497326e+01
2.618462417833666933e+01,4.415689202632086108e+01
2.620462989425550404e+01,4.593291391674465274e+01
2.622463561017433520e+01,4.648270732172334618e+01
2.624464132609316991e+01,4.838717847416613438e+01
2.626464704201200462e+01,5.080213507914034921e+01
2.628465275793083933e+01,5.316144139422335968e+01
2.630465847384967049e+01,5.447181190397917305e+01
2.632466418976850520e+01,5.643298055409504599e+01
2.634466990568733991e+01,5.651533105754107567e+01
2.636467562160617462e+01,5.781836664826283112e+01
2.638468133752500933e+01,5.794298101290625169e+01
2.640468705344384048e+01,5.760219402610789530e+01
2.642469276936267519e+01,5.611713299041306158e+01
2.644469848528150990e+01,5.567357634721383874e+01
2.646470420120034461e+01,5.307991365779783166e+01
2.648470991711917932e+01,5.216096445236130563e+01
2.650471563303801048e+01,4.869881214058225538e+01
2.652472134895684519e+01,4.404192119359815649e+01
2.654472706487567990e+01,4.186611108941944082e+01
2.656473278079451461e+01,3.765234634425041094e+01
2.658473849671334932e+01,3.269004441033044372e+01
2.660474421263218048e+01,3.010008365425721877e+01
2.662474992855101519e+01,2.635829153544477421e+01
2.664475564446984990e+01,2.239540362430748743e+01
2.666476136038868461e+01,2.016708885219192382e+01
2.668476707630751577e+01,1.722253195374707246e+01
2.670477279222635048e+01,1.412288330884305054e+01
2.672477850814518519e+01,1.350821160330537118e+01
2.674478422406401990e+01,1.241305325627898704e+01
2.676478993998285461e+01,1.066799968903157314e+01
2.678479565590168576e+01,8.974943394744899550e+00
2.680480137182052047e+01,8.287869034170991966e+00
2.682480708773935518e+01,8.855761980604262007e+00
2.684481280365818989e+01,7.290785487386864716e+00
2.686481851957702460e+01,8.322589435478120024e+00
2.688482423549585576e+01,7.883698730202262972e+00
2.690482995141469047e+01,6.585406899844040929e+00
2.692483566733352518e+01,6.179165955137213118e+00
2.694484138325235989e+01,6.868974435318203398e+00
2.696484709917119105e+01,7.449489215965870770e+00
2.698485281509002576e+01,7.122104135418475757e+00
2.700485853100886047e+01,7.043342531873967971e+00
2.702486424692769518e+01,7.335419339495552471e+00
2.704486996284652989e+01,6.784607687406349896e+00
2.706487567876536104e+01,6.987108423490883347e+00
2.708488139468419575e+01,6.020913361833769351e+00
2.710488711060303046e+01,6.086220675848705852e+00
2.712489282652186517e+01,6.246590223516162332e+00
2.714489854244069988e+01,6.211687115825641037e+00
2.716490425835953104e+01,7.312579571534307377e+00
2.718490997427836575e+01,7.659905451010500244e+00
2.720491569019720046e+01,6.768666903044434413e+00
2.722492140611603517e+01,6.440405726148600074e+00
2.724492712203486633e+01,7.147527917024433464e+00
2.726493283795370104e+01,6.324361449916783506e+00
2.728493855387253575e+01,6.382227821569716575e+00
2.730494426979137046e+01,6.701717042271431168e+00
2.732494998571020517e+01,8.409491482004758822e+00
2.734495570162903633e+01,7.975469558128980729e+00
2.736496141754787104e+01,8.217920143100817754e+00
2.738496713346670575e+01,7.781086032762304150e+00
2.740497284938554046e+01,8.330952556759360306e+00
2.742497856530437517e+01,7.823228934143851454e+00
2.744498428122320632e+01,9.174136997521666004e+00
2.746498999714204103e+01,9.151011950489948532e+00
2.748499571306087574e+01,1.003412976766847109e+01
2.750500142897971045e+01,1.037517508049930370e+01
2.752500714489854516e+01,1.071342688470041260e+01
2.754501286081737632e+01,1.092659213970593512e+01
2.756501857673621103e+01,1.106244702678231917e+01
2.758502429265504574e+01,1.109626627545171118e+01
2.760503000857388045e+01,1.079341988670547003e+01
2.762503572449271161e+01,1.119786274010371940e+01
2.764504144041154632e+01,1.181826054004282334e+01
2.766504715633038103e+01,1.266395173932291662e+01
2.768505287224921574e+01,1.384723693005317280e+01
2.770505858816805045e+01,1.271025287516784275e+01
2.772506430408688161e+01,1.334200519926564255e+01
2.774507002000571632e+01,1.418826182963887028e+01
2.776507573592455103e+01,1.447957540816934952e+01
2.778508145184338574e+01,1.492782956407341644e+01
2.780508716776222045e+01,1.651829535084510781e+01
2.782509288368105160e+01,1.604368608568303500e+01
2.784509859959988631e+01,1.690304029706490141e+01
2.786510431551872102e+01,1.667532177063186793e+01
2.788511003143755573e+01,1.670032576622345744e+01
2.790511574735638689e+01,1.697443553762527912e+01
2.792512146327522160e+01,1.770201929198362123e+01
2.794512717919405631e+01,1.829047956650491713e+01
2.796513289511289102e+01,1.735541387722042117e+01
2.798513861103172573e+01,1.667567867282226501e+01
2.800514432695055689e+01,1.739946524188687960e+01
2.802515004286939160e+01,1.567093001304848521e+01
2.804515575878822631e+01,1.451814175959133912e+01
2.806516147470706102e+01,1.520553313701563170e+01
2.808516719062589573e+01,1.404257281047897088e+01
2.810517290654472689e+01,1.208410525500232424e+01
2.812517862246356160e+01,1.173138931682670361e+01
2.814518433838239631e+01,1.113966166175063144e+01
2.816519005430123102e+01,9.567566516625081618e+00
2.818519577022006217e+01,8.698359194742625533e+00
2.820520148613889688e+01,8.688053820414769035e+00
2.822520720205773159e+01,7.756692158284841376e+00
2.824521291797656630e+01,7.618906906146936997e+00
2.826521863389540101e+01,7.086759508942986230e+00
2.828522434981423217e+01,6.990900893401724048e+00
2.830523006573306688e+01,5.800037593207117759e+00
2.832523578165190159e+01,6.328633270384475651e+00
2.834524149757073630e+01,6.617668234449355147e+00
2.836524721348957101e+01,6.202319506549084593e+00
2.838525292940840217e+01,6.514241668780485384e+00
2.840525864532723688e+01,4.928646358613000267e+00
2.842526436124607159e+01,4.749159382684550401e+00
2.844527007716490630e+01,4.499233002109278345e+00
2.846527579308374101e+01,4.702029564511020610e+00
2.848528150900257216e+01,5.983297263589155257e+00
2.850528722492140687e+01,6.257109149413312643e+00
2.852529294084024158e+01,4.789670730177257418e+00
2.854529865675907629e+01,4.489245642135966108e+00
2.856530437267790745e+01,4.821609948888228026e+00
2.858531008859674216e+01,5.053906483986653875e+00
2.860531580451557687e+01,4.552248785661635821e+00
2.862532152043441158e+01,5.831723747809600233e+00
2.864532723635324629e+01,5.355055874172783170e+00
2.866533295227207745e+01,6.058322005864560822e+00
2.868533866819091216e+01,5.476370604565168776e+00
2.870534438410974687e+01,4.890544803027963461e+00
2.872535010002858158e+01,5.270422418263247977e+00
2.874535581594741629e+01,5.516060677599983642e+00
2.876536153186624745e+01,4.256638977005173352e+00
2.878536724778508216e+01,4.534227104562954302e+00
2.880537296370391687e+01,4.412025893282202738e+00
2.882537867962275158e+01,4.516346561647012869e+00
2.884538439554158273e+01,4.522019010909459347e+00
2.886539011146041744e+01,4.932936508463848568e+00
2.888539582737925215e+01,4.799021884318974251e+00
2.890540154329808686e+01,6.049846393153181623e+00
2.892540725921692157e+01,5.574789614123957904e+00
2.894541297513575273e+01,4.966238976127614002e+00
2.896541869105458744e+01,5.118185040265109009e+00
2.898542440697342215e+01,4.885139633040218143e+00
2.900543012289225686e+01,5.826995045876052437e+00
2.902543583881109157e+01,5.515177154222592470e+00
2.904544155472992273e+01,4.997435835399945958e+00
2.906544727064875744e+01,4.809141950981263847e+00
2.908545298656759215e+01,5.309512780742489113e+00
2.910545870248642686e+01,4.692526549571474526e+00
2.912546441840525802e+01,5.218473889917079056e+00
2.914547013432409273e+01,4.351420564837641614e+00
2.916547585024292744e+01,5.311862531184304181e+00
2.918548156616176215e+01,4.395573565387448589e+00
2.920548728208059686e+01,5.618585140254091392e+00
2.922549299799942801e+01,4.741282547778340906e+00
2.924549871391826272e+01,4.248096371671205240e+00
2.926550442983709743e+01,4.873973911249453117e+00
2.928551014575593214e+01,5.096128287965528969e+00
2.930551586167476685e+01,4.298038831007438887e+00
2.932552157759359801e+01,5.568050621178466386e+00
2.934552729351243272e+01,4.755742776123855542e+00
2.936553300943126743e+01,5.696522613325083029e+00
2.938553872535010214e+01,5.978561750321892632e+00
2.940554444126893330e+01,5.321244735821341720e+00
2.942555015718776801e+01,4.598326115537073377e+00
2.944555587310660272e+01,6.021498672117093776e+00
2.946556158902543743e+01,5.616619217954860410e+00
2.948556730494427214e+01,4.752329278729486184e+00
2.950557302086310330e+01,5.194220988610014800e+00
2.952557873678193801e+01,5.784540148545223914e+00
2.954558445270077272e+01,5.089806139870993285e+00
2.956559016861960743e+01,6.017850686509046199e+00
2.958559588453844214e+01,5.590491480338926955e+00
2.960560160045727329e+01,5.227063465813102994e+00
2.962560731637610800e+01,5.898218343092151983e+00
2.964561303229494271e+01,4.358056217697236612e+00
2.966561874821377742e+01,4.313096450429636519e+00
2.968562446413261213e+01,4.198477574640076426e+00
2.970563018005144329e+01,4.593620050394312315e+00
2.972563589597027800e+01,4.369775460219809560e+00
2.974564161188911271e+01,4.660265871187796449e+00
2.976564732780794742e+01,4.162078113082443132e+00
2.978565304372677858e+01,5.806964437598198359e+00
2.980565875964561329e+01,5.161353608998585862e+00
2.982566447556444800e+01,5.962634757988325873e+00
2.984567019148328271e+01,4.274107794743880362e+00
2.986567590740211742e+01,4.854053166036137235e+00
2.988568162332094857e+01,5.523395714792991740e+00
2.990568733923978328e+01,5.795591074161940526e+00
2.992569305515861799e+01,4.906694733802204667e+00
2.994569877107745270e+01,5.808738558341943303e+00
2.996570448699628741e+01,4.532663782183489865e+00
2.998571020291511857e+01,5.159706405740548618e+00
3.000571591883395328e+01,4.455579718928239785e+00
3.002572163475278799e+01,4.200722397718108958e+00
3.004572735067162270e+01,5.402184941444842181e+00
3.006573306659045386e+01,5.493675012832048843e+00
3.008573878250928857e+01,4.482413848643131082e+00
3.010574449842812328e+01,4.575727503713692634e+00
3.012575021434695799e+01,5.017983284483307216e+00
3.014575593026579270e+01,5.095706505961008936e+00
3.016576164618462386e+01,4.806839500695923917e+00
3.018576736210345857e+01,5.095825438489665515e+00
3.020577307802229328e+01,4.805838455002575671e+00
3.022577879394112799e+01,4.278587889560076185e+00
3.024578450985996270e+01,4.916635191098653657e+00
3.026579022577879385e+01,5.208409148450721560e+00
3.028579594169762856e+01,4.872888780193846081e+00
3.030580165761646327e+01,5.160805937825273304e+00
3.032580737353529798e+01,4.894635679269046413e+00
3.034581308945412914e+01,5.179854624727801671e+00
3.036581880537296385e+01,5.561962806332952702e+00
3.038582452129179856e+01,5.635136613501235736e+00
3.040583023721063327e+01,4.840793899956001844e+00
3.042583595312946798e+01,6.093153650024121681e+00
3.044584166904829914e+01,4.843005056234365391e+00
3.046584738496713385e+01,4.544529845495108411e+00
3.048585310088596856e+01,5.855234101756252585e+00
3.050585881680480327e+01,6.108658599573420389e+00
3.052586453272363798e+01,6.144253390156023897e+00
3.054587024864246914e+01,6.004386292761918931e+00
3.056587596456130385e+01,4.308730676602344545e+00
3.058588168048013856e+01,5.200381192207052194e+00
3.060588739639897327e+01,4.858290062984503166e+00
3.062589311231780798e+01,4.860214783815258954e+00
3.064589882823663913e+01,6.042882737259816395e+00
3.066590454415547384e+01,4.291523196719253974e+00
3.068591026007430855e+01,4.546115746726607121e+00
3.070591597599314326e+01,4.572674089008310183e+00
3.072592169191197442e+01,4.562832352076028997e+00
3.074592740783080913e+01,4.814345248177362535e+00
3.076593312374964384e+01,4.266180038666710139e+00
3.078593883966847855e+01,4.901257184974683767e+00
3.080594455558731326e+01,5.490986930151462886e+00
3.082595027150614442e+01,4.296187813250986309e+00
3.084595598742497913e+01,5.154614553466812410e+00
3.086596170334381384e+01,5.037728761977779079e+00
3.088596741926264855e+01,5.796682466021036539e+00
3.090597313518148326e+01,5.377145646041816107e+00
3.092597885110031442e+01,4.441768902044739953e+00
3.094598456701914913e+01,4.958776749919249660e+00
3.096599028293798384e+01,5.924663077784773080e+00
3.098599599885681855e+01,4.736251532629989214e+00
3.100600171477564970e+01,5.327616199475303738e+00
3.102600743069448441e+01,5.392916035573165345e+00
3.104601314661331912e+01,5.923818023960169654e+00
3.106601886253215383e+01,4.615885903219520969e+00
3.108602457845098854e+01,4.672943274436897276e+00
3.110603029436981970e+01,5.810269417364173350e+00
3.112603601028865441e+01,5.021853766735886460e+00
3.114604172620748912e+01,5.245932032615662877e+00
3.116604744212632383e+01,5.435538647410899316e+00
3.118605315804515854e+01,4.872863764040666901e+00
3.120605887396398970e+01,4.996768792560652095e+00
3.122606458988282441e+01,6.300016755475465580e+00
3.124607030580165912e+01,4.640344157579691320e+00
3.126607602172049383e+01,5.220886979087508095e+00
3.128608173763932498e+01,5.687787077332508545e+00
3.130608745355815969e+01,5.890533858640860210e+00
3.132609316947699440e+01,4.971838338038126359e+00
3.134609888539582911e+01,5.482213708751912051e+00
3.136610460131466382e+01,6.034003602080882267e+00
3.138611031723349498e+01,5.368568248327489023e+00
3.140611603315232969e+01,6.595162513321074726e+00
3.142612174907116440e+01,6.669043397305705945e+00
3.144612746498999911e+01,6.075981267522805318e+00
3.146613318090883382e+01,6.134650477017247638e+00
3.148613889682766498e+01,6.069161931711947844e+00
3.150614461274649969e+01,5.447480187503533244e+00
3.152615032866533440e+01,6.039374165202275435e+00
3.154615604458416911e+01,7.094268214259196625e+00
3.156616176050300382e+01,6.590266438399987159e+00
3.158616747642183498e+01,6.130279696719798110e+00
3.160617319234066969e+01,6.871074888809725500e+00
3.162617890825950440e+01,6.871422300532202598e+00
3.164618462417833911e+01,6.658444836382674481e+00
3.166619034009717026e+01,6.922177097071690710e+00
3.168619605601600497e+01,7.883730239570358123e+00
3.170620177193483968e+01,8.175302286447319489e+00
3.172620748785367439e+01,7.132943125006343976e+00
3.174621320377250910e+01,6.924576618504282521e+00
3.176621891969134026e+01,8.397563577130119583e+00
3.178622463561017497e+01,8.866949818899312774e+00
3.180623035152900968e+01,8.752647816550441107e+00
3.182623606744784439e+01,8.604867607941146801e+00
3.184624178336667910e+01,9.557599409098187948e+00
3.186624749928551026e+01,1.009109880639961432e+01
3.188625321520434497e+01,1.022505279671042544e+01
3.190625893112317968e+01,9.101001097461971057e+00
3.192626464704201439e+01,9.656683436709400326e+00
3.194627036296084555e+01,1.027437976413362719e+01
3.196627607887968026e+01,1.067335203479511740e+01
3.198628179479851497e+01,1.186266771031018941e+01
3.200628751071734968e+01,1.203615687763119446e+01
3.202629322663618439e+01,1.189994600651864864e+01
3.204629894255501199e+01,1.197505809805974053e+01
3.206630465847385381e+01,1.366192002323170307e+01
3.208631037439268141e+01,1.298815825765568377e+01
3.210631609031152323e+01,1.373729843408329288e+01
3.212632180623035083e+01,1.432089832783701056e+01
3.214632752214918554e+01,1.423930168407404118e+01
3.216633323806802025e+01,1.655148526126307829e+01
3.218633895398685496e+01,1.608747508239133950e+01
3.220634466990568967e+01,1.668994482314142047e+01
3.222635038582451728e+01,1.859396856738012005e+01
3.224635610174335909e+01,1.783466432800394230e+01
3.226636181766218670e+01,2.010989009786650072e+01
3.228636753358102851e+01,2.097905537277473087e+01
3.230637324949985612e+01,2.198264707022841691e+01
3.232637896541869083e+01,2.189735746455720999e+01
3.234638468133752554e+01,2.373437183151327545e+01
3.236639039725636025e+01,2.421012511947723667e+01
3.238639611317519496e+01,2.381979244369336968e+01
3.240640182909402967e+01,2.487547617340084827e+01
3.242640754501286438e+01,2.554999807218699459e+01
3.244641326093169198e+01,2.504811302162278963e+01
3.246641897685053380e+01,2.406016605911943174e+01
3.248642469276936140e+01,2.374490124208692166e+01
3.250643040868819611e+01,2.333038007804499614e+01
3.252643612460703082e+01,2.184189885061269365e+01
3.254644184052586553e+01,2.176488194396563358e+01
3.256644755644470024e+01,2.083002077468479385e+01
3.258645327236353495e+01,1.928830639590176688e+01
3.260645898828236966e+01,1.813227388317960731e+01
3.262646470420119726e+01,1.730045953691334759e+01
3.264647042012003908e+01,1.491666042691911187e+01
3.266647613603886668e+01,1.479465236179115628e+01
3.268648185195770850e+01,1.262877303653695549e+01
3.270648756787653610e+01,1.139375733252179579e+01
3.272649328379537081e+01,1.131962109219941048e+01
3.274649899971420552e+01,1.156186226406920170e+01
3.276650471563304023e+01,1.111683821680576045e+01
3.278651043155187494e+01,9.531151531066052840e+00
3.280651614747070255e+01,1.046604021364585080e+01
3.282652186338954436e+01,9.520174235195707269e+00
3.284652757930837197e+01,9.234822101462217603e+00
3.286653329522721378e+01,9.152985447214945225e+00
3.288653901114604139e+01,9.517732302611868533e+00
3.290654472706487610e+01,1.025291066849518096e+01
3.292655044298371081e+01,1.044718198107977614e+01
3.294655615890254552e+01,1.188552894374488389e+01
3.296656187482138023e+01,1.074797838544395567e+01
3.298656759074020783e+01,1.191848558628113075e+01
3.300657330665904965e+01,1.295091241104030111e+01
3.302657902257787725e+01,1.216422526092518019e+01
3.304658473849671907e+01,1.423825880561412305e+01
3.306659045441554667e+01,1.485952271116862988e+01
3.308659617033438138e+01,1.555282082064463012e+01
3.310660188625321609e+01,1.529806938965864127e+01
3.312660760217205080e+01,1.672710192063571810e+01
3.314661331809088551e+01,1.696961792075147457e+01
3.316661903400971312e+01,1.919832407729188617e+01
3.318662474992855493e+01,1.983182611835517761e+01
3.320663046584738254e+01,2.044675958471737687e+01
3.322663618176622435e+01,2.140748602255099797e+01
3.324664189768505196e+01,2.416765737234754496e+01
3.326664761360388667e+01,2.387060686259766840e+01
3.328665332952272138e+01,2.665446632390816362e+01
3.330665904544155609e+01,2.772441138808560268e+01
3.332666476136039080e+01,2.836472656813340265e+01
3.334667047727922551e+01,2.945216064452279525e+01
3.336667619319806022e+01,3.037686899991573242e+01
3.338668190911688782e+01,3.293257669574727942e+01
3.340668762503572964e+01,3.235297966442141160e+01
3.342669334095455724e+01,3.462440305158708043e+01
3.344669905687339195e+01,3.451462766134640958e+01
3.346670477279222666e+01,3.381868685808430541e+01
3.348671048871106137e+01,3.509880518647317160e+01
3.350671620462989608e+01,3.521586874604412998e+01
3.352672192054873079e+01,3.364317533124506809e+01
3.354672763646756550e+01,3.269459845435855527e+01
3.356673335238639311e+01,3.195347293880600859e+01
3.358673906830523492e+01,2.931473750329886840e+01
3.360674478422406253e+01,2.831143466725671232e+01
3.362675050014290434e+01,2.716522813032266725e+01
3.364675621606173195e+01,2.572338474628447713e+01
3.366676193198056666e+01,2.436825836979370763e+01
3.368676764789940137e+01,2.290683365803987215e+01
3.370677336381823608e+01,2.229205328137638276e+01
3.372677907973707079e+01,2.162902888138034641e+01
3.374678479565589839e+01,2.089606086014990893e+01
3.376679051157474021e+01,2.069069072321560299e+01
3.378679622749356781e+01,2.091280161397098425e+01
3.380680194341240963e+01,2.117114772214721441e+01
3.382680765933123723e+01,2.109677522677613837e+01
3.384681337525007194e+01,2.112546099674071698e+01
3.386681909116890665e+01,2.140046507969144685e+01
3.388682480708774136e+01,2.317375691513676728e+01
3.390683052300657607e+01,2.362215439501156311e+01
3.392683623892540368e+01,2.348284070116304534e+01
3.394684195484424549e+01,2.351841027815107665e+01
3.396684767076307310e+01,2.544475767623650242e+01
3.398685338668191491e+01,2.546171609266766112e+01
3.400685910260074252e+01,2.573505698137529407e+01
3.402686481851957723e+01,2.762984046722018405e+01
3.404687053443841194e+01,2.788151156871134262e+01
3.406687625035724665e+01,2.961287823872363134e+01
3.408688196627608136e+01,3.058690364774812664e+01
3.410688768219490896e+01,3.142420184088700452e+01
3.412689339811375078e+01,3.293247212435488080e+01
3.414689911403257838e+01,3.276875930582747998e+01
3.416690482995142020e+01,3.490792239273221043e+01
3.418691054587024780e+01,3.706349343786277473e+01
3.420691626178908251e+01,3.791138115248006812e+01
3.422692197770791722e+01,3.887794534156572723e+01
3.424692769362675193e+01,4.123331582405945994e+01
3.426693340954558664e+01,4.214962766400642380e+01
3.428693912546442135e+01,4.443117090639712075e+01
3.430694484138325606e+01,4.510701698938451898e+01
3.432695055730208367e+01,4.632722682828541849e+01
3.434695627322092548e+01,4.716401625413432441e+01
3.436696198913975309e+01,4.880322987885472941e+01
3.438696770505858780e+01,4.902617382485895803e+01
3.440697342097742251e+01,4.997127913832848378e+01
3.442697913689625722e+01,5.000634774273522254e+01
3.444698485281509193e+01,4.986449847561704729e+01
3.446699056873392664e+01,4.975338460418500119e+01
3.448699628465276135e+01,5.057976963030173323e+01
3.450700200057158895e+01,5.034383265294567877e+01
3.452700771649043077e+01,4.887472230767545511e+01
3.454701343240925837e+01,4.976880117197882214e+01
3.456701914832810019e+01,4.783145925942577747e+01
3.458702486424692779e+01,4.774119902934300086e+01
3.460703058016576250e+01,4.886871544161138559e+01
3.462703629608459721e+01,4.785713288570538992e+01
3.464704201200343192e+01,4.807165120912761580e+01
3.466704772792226663e+01,4.731913138771894012e+01
3.468705344384109424e+01,4.617124622039378323e+01
3.470705915975993605e+01,4.505612248594427882e+01
3.472706487567876366e+01,4.425611073600759937e+01
3.474707059159760547e+01,4.388150274077737123e+01
3.476707630751643308e+01,4.118387696620935401e+01
3.478708202343526779e+01,3.994800889625456364e+01
3.480708773935410250e+01,3.808501442925064850e+01
3.482709345527293721e+01,3.697517955240682141e+01
3.484709917119177192e+01,3.370287216552974030e+01
3.486710488711059952e+01,3.120471639496224725e+01
3.488711060302944134e+01,2.863421779093884112e+01
3.490711631894826894e+01,2.572665507828286380e+01
3.492712203486711076e+01,2.345256685874350211e+01
3.494712775078593836e+01,2.033203555263140316e+01
3.496713346670477307e+01,1.983838590463985696e+01
3.498713918262360778e+01,1.642251439105577404e+01
3.500714489854244249e+01,1.580798527784014063e+01
3.502715061446127720e+01,1.441214100200632409e+01
3.504715633038010481e+01,1.218218189881504721e+01
3.506716204629894662e+01,1.073172066856607287e+01
3.508716776221777423e+01,1.055488881178234450e+01
3.510717347813661604e+01,8.714932402519957932e+00
3.512717919405544365e+01,9.250190401241262350e+00
3.514718490997427836e+01,8.955495797474224418e+00
3.516719062589311307e+01,8.866415676766250087e+00
3.518719634181194778e+01,7.691858651170051964e+00
3.520720205773078249e+01,8.920247182976213551e+00
3.522720777364961720e+01,8.504600161108466949e+00
3.524721348956845191e+01,7.227514143068356489e+00
3.526721920548727951e+01,8.138402867610649238e+00
3.528722492140612133e+01,7.280564777967876822e+00
3.530723063732494893e+01,7.607887788098985027e+00
3.532723635324378364e+01,8.089668353134692680e+00
3.534724206916261835e+01,7.746455316884427234e+00
3.536724778508145306e+01,7.884459308465415539e+00
3.538725350100028777e+01,9.496237201547376827e+00
3.540725921691912248e+01,8.650461973613786881e+00
3.542726493283795719e+01,9.938551325810854209e+00
3.544727064875678479e+01,9.116015777912663154e+00
3.546727636467562661e+01,9.481327238758410658e+00
3.548728208059445421e+01,9.766261984120252038e+00
3.550728779651329603e+01,1.037107044064502226e+01
3.552729351243212363e+01,1.191010420224994526e+01
3.554729922835095834e+01,1.230426723611901707e+01
3.556730494426979305e+01,1.222367813216355970e+01
3.558731066018862776e+01,1.349887196807903678e+01
3.560731637610746247e+01,1.328872672916959630e+01
3.562732209202629008e+01,1.435734503450633603e+01
3.564732780794513189e+01,1.445946284625736666e+01
3.566733352386395950e+01,1.454083592138080938e+01
3.568733923978280131e+01,1.571660548482869402e+01
3.570734495570162892e+01,1.581242882952206941e+01
3.572735067162046363e+01,1.773356575953805603e+01
3.574735638753929834e+01,1.860033652291279793e+01
3.576736210345813305e+01,1.918643507299723083e+01
3.578736781937696776e+01,2.026800258701755553e+01
3.580737353529579536e+01,2.001582974296911388e+01
3.582737925121463718e+01,2.123891847681086276e+01
3.584738496713346478e+01,2.206194912879861647e+01
3.586739068305230660e+01,2.177897223903221757e+01
3.588739639897113420e+01,2.199693226734372686e+01
3.590740211488996891e+01,2.196988867504649079e+01
3.592740783080880362e+01,2.147872175773773051e+01
3.594741354672763833e+01,2.158223368363917416e+01
3.596741926264647304e+01,2.021616102039154583e+01
3.598742497856530065e+01,2.037852696625060034e+01
3.600743069448414246e+01,1.897048645245503451e+01
3.602743641040297007e+01,1.794760796643735645e+01
3.604744212632181188e+01,1.745089714638019629e+01
3.606744784224063949e+01,1.548407829046146666e+01
3.608745355815947420e+01,1.448154840728719606e+01
3.610745927407830891e+01,1.331966671886597986e+01
3.612746498999714362e+01,1.146937521594256815e+01
3.614747070591597833e+01,1.188365419976299719e+01
3.616747642183481304e+01,9.296736919954577516e+00
3.618748213775364775e+01,8.742891220637742933e+00
3.620748785367247535e+01,9.101655408175339801e+00
3.622749356959131717e+01,8.032943686438697384e+00
3.624749928551014477e+01,7.228931608995833535e+00
3.626750500142897948e+01,7.774509268443497767e+00
3.628751071734781419e+01,7.042975847983615090e+00
3.630751643326664890e+01,6.725767230803991303e+00
3.632752214918548361e+01,6.509056978432543161e+00
3.634752786510431832e+01,7.121606649142326440e+00
3.636753358102315303e+01,6.626661315815619346e+00
3.638753929694198064e+01,5.785048644490759173e+00
3.640754501286082245e+01,6.319594814258310933e+00
3.642755072877965006e+01,7.022941113950773584e+00
3.644755644469849187e+01,5.538930536796574877e+00
3.646756216061731948e+01,6.738546347946759774e+00
3.648756787653615419e+01,6.960416235779849359e+00
3.650757359245498890e+01,6.238493677543619498e+00
3.652757930837382361e+01,6.673700127920371372e+00
3.654758502429265832e+01,6.660088303028794954e+00
3.656759074021148592e+01,5.735348460213163690e+00
3.658759645613032774e+01,6.407462139654703570e+00
3.660760217204915534e+01,5.794318734307003282e+00
3.662760788796799716e+01,5.465130421166580987e+00
3.664761360388682476e+01,6.324221638664721645e+00
3.666761931980565947e+01,6.299843314813387884e+00
3.668762503572449418e+01,4.933651070151356066e+00
3.670763075164332889e+01,6.748233866809162151e+00
3.672763646756216360e+01,5.543639558554159130e+00
3.674764218348099121e+01,5.154026666762141495e+00
3.676764789939983302e+01,4.914258303164383612e+00
3.678765361531866063e+01,5.395255987904246098e+00
3.680765933123750244e+01,5.371754895062501589e+00
3.682766504715633005e+01,6.072383281659962329e+00
3.684767076307516476e+01,6.128731631080300168e+00
3.686767647899399947e+01,4.858798952232413981e+00
3.688768219491283418e+01,5.589795561496212706e+00
3.690768791083166889e+01,6.405782048281861485e+00
3.692769362675049649e+01,5.394018389139715097e+00
3.694769934266933831e+01,5.935667828795025969e+00
3.696770505858816591e+01,5.536711035587535079e+00
3.698771077450700773e+01,5.940035924763418684e+00
3.700771649042583533e+01,4.824718431902361715e+00
3.702772220634467004e+01,5.641064498294364071e+00
3.704772792226350475e+01,6.075278268347781285e+00
3.706773363818233946e+01,5.926288558013491858e+00
3.708773935410117417e+01,5.827889667150029318e+00
3.710774507002000888e+01,5.306492285433529688e+00
3.712775078593884359e+01,5.775183416208463427e+00
3.714775650185767120e+01,6.069226847897273736e+00
3.716776221777651301e+01,6.063654618275653441e+00
3.718776793369534062e+01,6.222700709224004534e+00
3.720777364961417533e+01,6.251347244560996330e+00
3.722777936553301004e+01,5.847994884408702632e+00
3.724778508145184475e+01,6.406689325622144437e+00
3.726779079737067946e+01,6.172935069945207687e+00
3.728779651328951417e+01,5.865776118499883118e+00
3.730780222920834888e+01,5.675394682600232166e+00
3.732780794512717648e+01,5.987062596530856595e+00
3.734781366104601830e+01,6.043495253257601618e+00
3.736781937696484590e+01,5.002553712359947724e+00
3.738782509288368772e+01,5.643968451332803227e+00
3.740783080880251532e+01,6.615169001982107666e+00
3.742783652472135003e+01,5.952849388999146285e+00
3.744784224064018474e+01,5.976647604293449767e+00
3.746784795655901945e+01,5.393596001829083164e+00
3.748785367247785416e+01,5.114705461363185712e+00
3.750785938839668177e+01,6.288940296452421030e+00
3.752786510431552358e+01,5.286990289118131514e+00
3.754787082023435119e+01,6.586705584356557175e+00
3.756787653615319300e+01,6.268962061509831152e+00
3.758788225207202061e+01,6.412335154309806384e+00
3.760788796799085532e+01,6.599158043185103573e+00
3.762789368390969003e+01,5.714325247065433544e+00
3.764789939982852474e+01,6.441383930487596388e+00
3.766790511574735945e+01,5.637639178426397280e+00
3.768791083166618705e+01,5.912090901754941896e+00
3.770791654758502887e+01,5.859963945076017922e+00
3.772792226350385647e+01,6.756348678548732778e+00
3.774792797942269829e+01,6.504208978413210218e+00
3.776793369534152589e+01,6.440838819495787071e+00
3.778793941126036060e+01,6.860637557150935706e+00
3.780794512717919531e+01,6.125778167591882095e+00
3.782795084309803002e+01,7.098357336864867584e+00
3.784795655901686473e+01,5.823947301792261833e+00
3.786796227493569234e+01,5.729590097117721825e+00
3.788796799085453415e+01,7.144640245324777261e+00
3.790797370677336176e+01,6.755582895077549388e+00
3.792797942269220357e+01,5.850418885249582424e+00
3.794798513861103118e+01,6.908382324301421740e+00
3.796799085452986589e+01,5.806448745057624983e+00
3.798799657044870060e+01,6.857971761847204917e+00
3.800800228636753531e+01,6.023893437973117493e+00
3.802800800228637002e+01,6.778179692290606795e+00
3.804801371820520473e+01,7.397730270814944831e+00
3.806801943412403944e+01,6.380038699193130824e+00
3.808802515004286704e+01,6.095551990408360155e+00
3.810803086596170886e+01,6.865977102870216342e+00
3.812803658188053646e+01,7.740313602742470600e+00
3.814804229779937117e+01,6.846804565244044127e+00
3.816804801371820588e+01,7.803809307161380104e+00
3.818805372963704059e+01,8.204504194548285056e+00
3.820805944555587530e+01,6.644089650431113547e+00
3.822806516147471001e+01,7.997907928137993672e+00
3.824807087739354472e+01,7.447498709559045693e+00
3.826807659331237232e+01,6.993458149073657815e+00
3.828808230923121414e+01,7.637643433469255783e+00
3.830808802515004174e+01,8.586974641026069222e+00
3.832809374106888356e+01,7.945366659740928483e+00
3.834809945698771116e+01,8.556077687781172614e+00
3.836810517290654587e+01,9.470786495695454832e+00
3.838811088882538058e+01,9.377218437571993803e+00
3.840811660474421529e+01,9.244850189368126081e+00
3.842812232066305000e+01,1.067258700202929234e+01
3.844812803658187761e+01,1.186056480890552223e+01
3.846813375250071942e+01,1.192239990105349889e+01
3.848813946841954703e+01,1.245699675359155378e+01
3.850814518433838884e+01,1.348317596429030019e+01
3.852815090025721645e+01,1.353057084830523848e+01
3.854815661617605116e+01,1.491338058425414026e+01
3.856816233209488587e+01,1.524493893042106585e+01
3.858816804801372058e+01,1.633542490526433966e+01
3.860817376393255529e+01,1.672326956835154022e+01
3.862817947985138289e+01,1.681715088499812083e+01
3.864818519577022471e+01,1.880489033860137482e+01
3.866819091168905231e+01,1.901469011968933387e+01
3.868819662760789413e+01,2.131367086639842157e+01
3.870820234352672173e+01,2.179538815072409008e+01
3.872820805944555644e+01,2.212297468774284326e+01
3.874821377536439115e+01,2.307658085766787437e+01
3.876821949128322586e+01,2.396819272257713962e+01
3.878822520720206057e+01,2.555464139897578946e+01
3.880823092312088818e+01,2.611672439641899501e+01
3.882823663903972999e+01,2.619355345159292980e+01
3.884824235495855760e+01,2.729706257310277806e+01
3.886824807087739941e+01,2.864937666679217898e+01
3.888825378679622702e+01,2.935099312354048351e+01
3.890825950271506173e+01,3.072790897398892795e+01
3.892826521863389644e+01,2.987871611469291011e+01
3.894827093455273115e+01,3.129235656881320082e+01
3.896827665047156586e+01,3.139230366035081232e+01
3.898828236639040057e+01,3.103820344798199216e+01
3.900828808230923528e+01,3.099637431937122045e+01
3.902829379822806288e+01,2.951251534553950151e+01
3.904829951414690470e+01,2.957676176517491839e+01
3.906830523006573230e+01,2.905069320395465837e+01
3.908831094598456701e+01,2.738684318501826809e+01
3.910831666190340172e+01,2.724268370084120150e+01
3.912832237782223643e+01,2.613324503982038038e+01
3.914832809374107114e+01,2.539394226859253934e+01
3.916833380965990585e+01,2.446581226046246016e+01
3.918833952557874056e+01,2.218699576315366784e+01
3.920834524149756817e+01,2.216837065953605546e+01
3.922835095741640998e+01,2.194674773264060264e+01
3.924835667333523759e+01,2.062043637798438311e+01
3.926836238925407940e+01,2.049631979687865879e+01
3.928836810517290701e+01,2.050978166493629473e+01
3.930837382109174172e+01,2.044639463123507994e+01
3.932837953701057643e+01,2.090432259050729158e+01
3.934838525292941114e+01,2.066139982066423997e+01
3.936839096884824585e+01,2.123279224150867606e+01
3.938839668476707345e+01,2.113866501602660719e+01
3.940840240068591527e+01,2.018392602202533581e+01
3.942840811660474287e+01,1.913992791360990608e+01
3.944841383252358469e+01,1.938390606814208894e+01
3.946841954844241229e+01,1.762507961574995718e+01
3.948842526436124700e+01,1.713812410770790606e+01
3.950843098028008171e+01,1.596778216986366417e+01
3.952843669619891642e+01,1.647636031274006996e+01
3.954844241211775113e+01,1.361945645404632899e+01
3.956844812803657874e+01,1.244518507585559242e+01
3.958845384395542055e+01,1.253357775496499293e+01
3.960845955987424816e+01,1.100511096327818272e+01
3.962846527579308997e+01,1.056300863093560771e+01
3.964847099171191758e+01,9.222896429431642673e+00
3.966847670763075229e+01,8.459728502021903296e+00
3.968848242354958700e+01,8.906306022509401288e+00
3.970848813946842171e+01,7.919735664708499101e+00
3.972849385538725642e+01,8.710026405380196124e+00
3.974849957130608402e+01,7.677046951054929735e+00
3.976850528722492584e+01,7.693547649857527482e+00
3.978851100314375344e+01,7.598780018024314131e+00
3.980851671906259526e+01,6.303616733026324859e+00
3.982852243498142286e+01,6.221789349551177573e+00
3.984852815090025757e+01,7.945079094934701658e+00
3.986853386681909228e+01,7.423519617515594859e+00
3.988853958273792699e+01,7.258738279199389076e+00
3.990854529865676170e+01,7.395637258940489289e+00
3.992855101457559641e+01,6.795259521633273181e+00
3.994855673049443112e+01,7.280477084791307618e+00
3.996856244641325873e+01,7.448323390416545564e+00
3.998856816233210054e+01,7.962225954489880131e+00
4.000857387825092815e+01,7.274153517226052301e+00
4.002857959416976286e+01,8.836870710164271614e+00
4.004858531008859757e+01,8.661706798335631063e+00
4.006859102600743228e+01,8.901443234977271857e+00
4.008859674192626699e+01,9.340250191679754010e+00
4.010860245784510170e+01,8.942827625934789637e+00
4.012860817376393641e+01,1.012120227779671922e+01
4.014861388968276401e+01,1.085090229130915063e+01
4.016861960560160583e+01,1.011476338154140819e+01
4.018862532152043343e+01,1.139939096225631587e+01
4.020863103743927525e+01,1.214077270501648798e+01
4.022863675335810285e+01,1.165665819657387203e+01
4.024864246927693756e+01,1.294719712817371082e+01
4.026864818519577227e+01,1.305188422435491624e+01
4.028865390111460698e+01,1.400347056504579335e+01
4.030865961703344169e+01,1.434268090389137562e+01
4.032866533295226930e+01,1.467018227471454495e+01
4.034867104887111111e+01,1.501446870440992853e+01
4.036867676478993872e+01,1.635220450767192091e+01
4.038868248070878053e+01,1.526760186012346487e+01
4.040868819662760814e+01,1.581951164073934457e+01
4.042869391254644285e+01,1.625279003311474213e+01
4.044869962846527756e+01,1.515701807036492887e+01
4.046870534438411227e+01,1.634851046623383297e+01
4.048871106030294698e+01,1.521033589629143634e+01
4.050871677622177458e+01,1.474264848599093369e+01
4.052872249214061640e+01,1.493998912976190496e+01
4.054872820805944400e+01,1.271763097208711457e+01
4.056873392397828582e+01,1.290374703540604884e+01
4.058873963989711342e+01,1.156596643299288196e+01
4.060874535581594813e+01,1.000412866036162463e+01
4.062875107173478284e+01,9.266918433870944938e+00
4.064875678765361755e+01,1.026730517326551251e+01
4.066876250357245226e+01,9.024889653344112972e+00
4.068876821949127986e+01,7.701283283099907173e+00
4.070877393541012168e+01,7.683381988650507921e+00
4.072877965132894929e+01,7.932516147457113753e+00
4.074878536724779110e+01,6.829404059426271267e+00
4.076879108316661871e+01,7.434712571959481764e+00
4.078879679908545342e+01,7.834714625306398617e+00
4.080880251500428813e+01,7.501482256986253816e+00
4.082880823092312284e+01,6.961349032935455483e+00
4.084881394684195755e+01,6.116859303085166566e+00
4.086881966276079226e+01,7.790224887504005657e+00
4.088882537867962697e+01,6.434334601195101477e+00
4.090883109459845457e+01,6.784780570747058093e+00
4.092883681051729639e+01,6.612645211610514551e+00
4.094884252643612399e+01,6.964783476639749615e+00
4.096884824235495870e+01,6.411858579794793123e+00
4.098885395827379341e+01,8.143289848044696910e+00
4.100885967419262812e+01,7.488925663194563320e+00
4.102886539011146283e+01,8.695763964565392357e+00
4.104887110603029754e+01,8.559939776548324275e+00
4.106887682194913225e+01,9.352937002687671253e+00
4.108888253786795985e+01,8.706838052014918006e+00
4.110888825378680167e+01,9.772418830254839150e+00
4.112889396970562927e+01,1.021895587209944267e+01
4.114889968562447109e+01,1.113403058017069824e+01
4.116890540154329869e+01,1.088506161555228857e+01
4.118891111746213340e+01,1.079064689010845335e+01
4.120891683338096811e+01,1.228117162899401826e+01
4.122892254929980282e+01,1.314559314744256646e+01
4.124892826521863753e+01,1.512859497115699980e+01
4.126893398113746514e+01,1.606530592812009672e+01
4.128893969705630695e+01,1.632983601240924543e+01
4.130894541297513456e+01,1.720274008621242245e+01
4.132895112889397637e+01,1.854317437509944710e+01
4.134895684481280398e+01,1.947182765192176390e+01
4.136896256073163869e+01,2.092368513465224922e+01
4.138896827665047340e+01,2.132523963162000413e+01
4.140897399256930811e+01,2.219897753248590178e+01
4.142897970848814282e+01,2.418529233386085409e+01
4.144898542440697042e+01,2.434810617855382020e+01
4.146899114032581224e+01,2.542590986294585065e+01
4.148899685624463984e+01,2.570726775664795127e+01
4.150900257216348166e+01,2.808560179034359550e+01
4.152900828808230926e+01,2.719813641006956217e+01
4.154901400400114397e+01,2.763516325120453487e+01
4.156901971991997868e+01,2.764110558826990172e+01
4.158902543583881339e+01,2.774829806299272050e+01
4.160903115175764810e+01,2.683444421842911254e+01
4.162903686767647571e+01,2.590688741686211927e+01
4.164904258359531752e+01,2.640289979674023613e+01
4.166904829951414513e+01,2.496301598471293914e+01
4.168905401543298694e+01,2.423980646369485470e+01
4.170905973135181455e+01,2.294303270233967851e+01
4.172906544727064926e+01,2.229858463564518445e+01
4.174907116318948397e+01,2.102265763097849316e+01
4.176907687910831868e+01,2.071799588843071405e+01
4.178908259502715339e+01,1.861509522306848297e+01
4.180908831094598810e+01,1.688992167756684282e+01
4.182909402686482281e+01,1.585342017756755517e+01
4.184909974278365041e+01,1.575159957844437031e+01
4.186910545870249223e+01,1.344459283231340230e+01
4.188911117462131983e+01,1.217036102747056248e+01
4.190911689054015454e+01,1.261817283850847460e+01
4.192912260645898925e+01,1.047839233600816655e+01
4.194912832237782396e+01,1.057037114056324256e+01
4.196913403829665867e+01,9.281518726877926895e+00
4.198913975421549338e+01,8.850456383524464954e+00
4.200914547013432809e+01,7.812956682419314625e+00
4.202915118605316280e+01,6.863234160864054800e+00
4.204915690197199041e+01,7.403428331413321573e+00
4.206916261789082512e+01,7.120679328668877872e+00
4.208916833380965983e+01,7.439243106825913721e+00
4.210917404972849454e+01,7.284433291812559830e+00
4.212917976564732925e+01,6.072693653797788471e+00
4.214918548156616396e+01,6.321928731569276927e+00
4.216919119748499867e+01,6.646318087433377819e+00
4.218919691340383338e+01,5.640487577739185632e+00
4.220920262932266809e+01,6.810035420816842766e+00
4.222920834524150280e+01,6.872161740388549767e+00
4.224921406116033040e+01,5.493502452890280274e+00
4.226921977707916511e+01,6.816309367427661137e+00
4.228922549299799982e+01,6.459109302389294704e+00
4.230923120891683453e+01,6.259688416665449395e+00
4.232923692483566924e+01,5.596413589853962200e+00
4.234924264075450395e+01,5.692124911213442218e+00
4.236924835667333866e+01,6.922495474558976625e+00
4.238925407259217337e+01,5.644282554573315736e+00
4.240925978851100808e+01,6.385412590377360864e+00
4.242926550442983569e+01,6.752493971501567493e+00
4.244927122034867040e+01,7.257624027707299419e+00
4.246927693626750511e+01,6.101775010386755405e+00
4.248928265218633982e+01,7.307955352201691568e+00
4.250928836810517453e+01,6.401387532718025852e+00
4.252929408402400924e+01,5.927879735632350489e+00
4.254929979994284395e+01,6.498923500253735774e+00
4.256930551586167866e+01,7.233192964282777027e+00
4.258931123178051337e+01,7.325958042058422492e+00
4.260931694769934097e+01,7.816646554828020399e+00
4.262932266361817568e+01,8.739412590106104162e+00
4.264932837953701039e+01,9.005646251711558747e+00
4.266933409545584510e+01,8.629974105629234060e+00
4.268933981137467981e+01,8.026964478271509051e+00
4.270934552729351452e+01,8.912356216466331915e+00
4.272935124321234923e+01,9.915168457733331664e+00
4.274935695913118394e+01,1.040158142654375339e+01
4.276936267505001865e+01,1.092587060960461365e+01
4.278936839096885336e+01,1.179888329510085931e+01
4.280937410688768097e+01,1.195309872740777379e+01
4.282937982280651568e+01,1.319308047860720379e+01
4.284938553872535039e+01,1.446261760482075687e+01
4.286939125464418510e+01,1.357751108132477569e+01
4.288939697056301981e+01,1.435157567107934717e+01
4.290940268648185452e+01,1.559030375537689217e+01
4.292940840240068923e+01,1.675915587142244334e+01
4.294941411831952394e+01,1.847900380113458496e+01
4.296941983423835865e+01,1.797897388013045017e+01
4.298942555015718625e+01,1.910858282224841886e+01
4.300943126607602096e+01,1.981542837924986245e+01
4.302943698199485567e+01,2.080846896995193163e+01
4.304944269791369038e+01,2.094759992026992279e+01
4.306944841383252509e+01,1.996212514603778843e+01
4.308945412975135980e+01,2.136886336977966394e+01
4.310945984567019451e+01,1.957990949848145235e+01
4.312946556158902922e+01,1.921295055922860939e+01
4.314947127750786393e+01,1.944608873318556874e+01
4.316947699342669864e+01,1.791456273650041098e+01
4.318948270934552625e+01,1.659057607729378958e+01
4.320948842526436096e+01,1.691711143704169373e+01
4.322949414118319567e+01,1.528826524869371184e+01
4.324949985710203038e+01,1.397130989007139590e+01
4.326950557302086509e+01,1.298571047967861780e+01
4.328951128893969980e+01,1.183592975824257465e+01
4.330951700485853451e+01,1.095173223903345061e+01
4.332952272077736922e+01,1.049755448545280068e+01
4.334952843669620393e+01,9.275011554343269182e+00
4.336953415261503153e+01,8.934321297640611448e+00
4.338953986853386624e+01,7.880146793923231918e+00
4.340954558445270095e+01,8.779540735495986681e+00
4.342955130037153566e+01,8.339818371727801605e+00
4.344955701629037037e+01,6.841584195739335073e+00
4.346956273220920508e+01,6.839880860927189943e+00
4.348956844812803979e+01,7.831400359653923893e+00
4.350957416404687450e+01,7.519849992021704566e+00
4.352957987996570921e+01,7.363155248511802142e+00
4.354958559588453681e+01,7.358737836992787607e+00
4.356959131180337153e+01,7.137662011922006222e+00
4.358959702772220624e+01,7.777277124276763764e+00
4.360960274364104095e+01,7.040462624892188437e+00
4.362960845955987566e+01,8.344587181821289334e+00
4.364961417547871037e+01,8.498496699379129993e+00
4.366961989139754508e+01,7.885371427162882085e+00
4.368962560731637979e+01,7.992804769219880257e+00
4.370963132323521450e+01,9.010613875566255260e+00
4.372963703915404921e+01,7.507148243218623840e+00
4.374964275507287681e+01,9.177665563383499148e+00
4.376964847099171152e+01,9.511895861862328161e+00
4.378965418691054623e+01,9.667104609641350876e+00
4.380965990282938094e+01,9.561311696898512125e+00
4.382966561874821565e+01,9.240686263380215593e+00
4.384967133466705036e+01,8.986803348572156125e+00
4.386967705058588507e+01,9.759776779353437348e+00
4.388968276650471978e+01,9.830985400819196585e+00
4.390968848242355449e+01,1.034938156483078764e+01
4.392969419834238209e+01,1.082686660856966832e+01
4.394969991426121680e+01,1.128979033798878184e+01
4.396970563018005151e+01,1.124839875080541240e+01
4.398971134609888622e+01,1.136381285014494757e+01
4.400971706201772093e+01,9.970759767307400878e+00
4.402972277793655564e+01,9.627788628286570116e+00
4.404972849385539035e+01,1.033604897228099162e+01
4.406973420977422506e+01,9.438566225299366508e+00
4.408973992569305977e+01,9.876417424025357050e+00
4.410974564161189448e+01,8.730314339423982162e+00
4.412975135753072209e+01,7.548347669077960731e+00
4.414975707344955680e+01,7.316698648491215984e+00
4.416976278936839151e+01,8.585428780024543016e+00
4.418976850528722622e+01,8.113649806218594662e+00
4.420977422120606093e+01,6.709084478847407773e+00
4.422977993712489564e+01,7.508789780651376589e+00
4.424978565304373035e+01,7.237464147917244794e+00
4.426979136896256506e+01,6.875041265585407402e+00
4.428979708488139977e+01,6.398021446158460357e+00
4.430980280080022737e+01,7.014995589104585427e+00
4.432980851671906208e+01,7.346786378296646269e+00
4.434981423263789679e+01,6.587163973008872020e+00
4.436981994855673150e+01,6.810933456715222434e+00
4.438982566447556621e+01,6.543990706709165828e+00
4.440983138039440092e+01,5.680473335311165606e+00
4.442983709631323563e+01,6.768445639362646205e+00
4.444984281223207034e+01,6.032048783694760274e+00
4.446984852815090505e+01,7.142360524484291595e+00
4.448985424406973266e+01,6.487445486850544007e+00
4.450985995998856737e+01,7.009977156786058039e+00
4.452986567590740208e+01,6.612511418708087341e+00
4.454987139182623679e+01,6.817324276455972942e+00
4.456987710774507150e+01,5.555914517926530571e+00
4.458988282366390621e+01,6.477372094297481731e+00
4.460988853958274092e+01,5.721696634610122345e+00
4.462989425550157563e+01,6.041041615908620876e+00
4.464989997142041034e+01,6.320416518569405895e+00
4.466990568733924505e+01,5.659757754751828962e+00
4.468991140325807265e+01,5.180768796597599035e+00
4.470991711917690736e+01,6.492109517855398693e+00
4.472992283509574207e+01,6.607510680382371326e+00
4.474992855101457678e+01,6.708103725232779979e+00
4.476993426693341149e+01,5.107866789851272848e+00
4.478993998285224620e+01,6.574657981045432642e+00
4.480994569877108091e+01,6.225083530563431999e+00
4.482995141468991562e+01,6.766635161026755441e+00
4.484995713060875033e+01,5.242350754293259030e+00
4.486996284652757794e+01,5.926325684584908160e+00
4.488996856244641265e+01,5.681167868492316586e+00
4.490997427836524736e+01,4.993907032304426785e+00
4.492997999428408207e+01,5.205490022785507875e+00
4.494998571020291678e+01,6.399502843599870872e+00
4.496999142612175149e+01,6.173360721282740826e+00
4.498999714204058620e+01,5.427090592066170061e+00
4.501000285795942091e+01,5.520785189601132181e+00
4.503000857387825562e+01,6.318379955646963531e+00
4.505001428979709033e+01,5.522611158089740790e+00
4.507002000571591793e+01,5.110733137647685886e+00
4.509002572163475264e+01,5.285157181937009341e+00
4.511003143755358735e+01,5.840341732847856626e+00
4.513003715347242206e+01,6.466482605966906050e+00
4.515004286939125677e+01,6.094398634516314139e+00
4.517004858531009148e+01,5.818815536633702656e+00
4.519005430122892619e+01,6.187274375926373082e+00
4.521006001714776090e+01,5.476506272475990755e+00
4.523006573306659561e+01,6.930040101754967097e+00
4.525007144898542322e+01,6.027916350063938999e+00
4.527007716490425793e+01,6.163039234556213053e+00
4.529008288082309264e+01,5.726371387041753636e+00
4.531008859674192735e+01,6.978306684229135470e+00
4.533009431266076206e+01,5.614004881998385876e+00
4.535010002857959677e+01,5.366145191726617192e+00
4.537010574449843148e+01,5.506963381156770865e+00
4.539011146041726619e+01,5.338154133637788235e+00
4.541011717633610090e+01,6.095262363997020039e+00
4.543012289225492850e+01,6.860414897036978488e+00
4.545012860817376321e+01,5.635797656771938335e+00
4.547013432409259792e+01,6.055635718275302004e+00
4.549014004001143263e+01,5.641361296347178644e+00
4.551014575593026734e+01,7.064209765831840571e+00
4.553015147184910205e+01,5.814989527224833310e+00
4.555015718776793676e+01,6.854248289033428421e+00
4.557016290368677147e+01,6.179518185161309241e+00
4.559016861960560618e+01,5.803340582147095361e+00
4.561017433552444089e+01,5.747611106985385021e+00
4.563018005144326850e+01,6.089764049674720070e+00
4.565018576736210321e+01,7.425046490023860635e+00
4.567019148328093792e+01,5.906738725256495570e+00
4.569019719919977263e+01,7.012618150820214780e+00
4.571020291511860734e+01,7.551041095041862050e+00
4.573020863103744205e+01,7.418304477796890062e+00
4.575021434695627676e+01,7.852759546240320354e+00
4.577022006287511147e+01,7.663911714061216962e+00
4.579022577879394618e+01,7.074199589710032932e+00
4.581023149471277378e+01,7.237988127204032729e+00
4.583023721063160849e+01,8.730192968356501382e+00
4.585024292655044320e+01,8.284584976511174759e+00
4.587024864246927791e+01,8.057987191061153354e+00
4.589025435838811262e+01,8.173949480681503843e+00
4.591026007430694733e+01,9.543537657632677806e+00
4.593026579022578204e+01,9.651321589311463001e+00
4.595027150614461675e+01,8.953448446389852933e+00
4.597027722206345146e+01,9.549949530021299537e+00
4.599028293798228617e+01,1.066699056485217767e+01
4.601028865390111378e+01,1.119333553112184632e+01
4.603029436981994849e+01,1.095249785115902696e+01
4.605030008573878320e+01,1.102139324958710809e+01
4.607030580165761791e+01,1.070316438973087259e+01
4.609031151757645262e+01,1.123151092889013647e+01
4.611031723349528733e+01,1.126939804355623664e+01
4.613032294941412204e+01,1.143820256145077430e+01
4.615032866533295675e+01,1.129016113061415716e+01
4.617033438125179146e+01,1.069081362653794898e+01
4.619034009717061906e+01,9.010901081912123800e+00
4.621034581308945377e+01,9.349928211202559680e+00
4.623035152900828848e+01,9.909780496854043719e+00
4.625035724492712319e+01,8.461545011073056344e+00
4.627036296084595790e+01,8.067954379428361023e+00
4.629036867676479261e+01,7.951819540566910760e+00
4.631037439268362732e+01,8.287211124325505551e+00
4.633038010860246203e+01,7.977791414845110118e+00
4.635038582452129674e+01,6.825494822977921316e+00
4.637039154044012434e+01,7.087140152383525127e+00
4.639039725635895905e+01,7.006536962950582925e+00
4.641040297227779376e+01,8.031266218573952287e+00
4.643040868819662847e+01,7.861982957020733132e+00
4.645041440411546319e+01,8.098367590260286519e+00
4.647042012003429790e+01,6.827716483661121494e+00
4.649042583595313261e+01,6.995858794840792427e+00
4.651043155187196732e+01,7.242566160971344758e+00
4.653043726779080203e+01,8.888138023740332017e+00
4.655044298370963674e+01,8.370390758610655624e+00
4.657044869962846434e+01,8.107527596232156242e+00
4.659045441554729905e+01,8.733410866712340237e+00
4.661046013146613376e+01,9.388114522509011906e+00
4.663046584738496847e+01,1.048950544950135999e+01
4.665047156330380318e+01,1.034346133612378260e+01
4.667047727922263789e+01,1.075468866437333659e+01
4.669048299514147260e+01,1.270956775014164464e+01
4.671048871106030731e+01,1.329046215152736465e+01
4.673049442697914202e+01,1.353593083163858779e+01
4.675050014289796962e+01,1.525535758984471180e+01
4.677050585881680433e+01,1.635767453141990302e+01
4.679051157473563904e+01,1.776434482659931291e+01
4.681051729065447375e+01,1.858536041343624845e+01
4.683052300657330846e+01,1.867076867712025035e+01
4.685052872249214317e+01,1.974193380281092658e+01
4.687053443841097788e+01,2.100706894357106691e+01
4.689054015432981259e+01,2.109618829056324785e+01
4.691054587024864730e+01,2.271681086436709407e+01
4.693055158616748201e+01,2.313132020355021723e+01
4.695055730208630962e+01,2.227894047109224118e+01
4.697056301800514433e+01,2.298125081040543805e+01
4.699056873392397904e+01,2.168338351761875771e+01
4.701057444984281375e+01,2.206708964292189634e+01
4.703058016576164846e+01,2.176763299577888233e+01
4.705058588168048317e+01,1.998166565914215198e+01
4.707059159759931788e+01,1.840324083994307713e+01
4.709059731351815259e+01,1.761413444878789392e+01
4.711060302943698730e+01,1.775399048131678370e+01
4.713060874535581490e+01,1.568990113047496315e+01
4.715061446127464961e+01,1.500591112749237155e+01
4.717062017719348432e+01,1.281125349270879710e+01
4.719062589311231903e+01,1.309600475720259460e+01
4.721063160903115374e+01,1.205528233123395054e+01
4.723063732494998845e+01,1.080878128667013272e+01
4.725064304086882316e+01,9.620838132773458895e+00
4.727064875678765787e+01,1.008117255923800393e+01
4.729065447270649258e+01,8.598803444869291823e+00
4.731066018862532019e+01,8.538338392785259856e+00
4.733066590454415490e+01,8.284565795762492968e+00
4.735067162046298961e+01,7.963847716711587310e+00
4.737067733638182432e+01,7.342275220696858895e+00
4.739068305230065903e+01,7.655813245971341274e+00
4.741068876821949374e+01,7.729322737079241001e+00
4.743069448413832845e+01,7.769794083307199450e+00
4.745070020005716316e+01,6.088808764456176803e+00
4.747070591597599787e+01,7.046260439504375306e+00
4.749071163189483258e+01,7.452354351214283135e+00
4.751071734781366018e+01,6.400493254071146332e+00
4.753072306373249489e+01,7.229660457557793407e+00
4.755072877965132960e+01,7.524358177156972083e+00
4.757073449557016431e+01,7.192031146265865260e+00
4.759074021148899902e+01,6.633118222559313715e+00
4.761074592740783373e+01,6.050151482023361282e+00
4.763075164332666844e+01,6.662886939436168277e+00
4.765075735924550315e+01,6.663217470407794885e+00
4.767076307516433786e+01,6.775183386218888160e+00
4.769076879108316547e+01,7.187518840108006124e+00
4.771077450700200018e+01,6.484613866016959882e+00
4.773078022292083489e+01,6.953399210115684959e+00
4.775078593883966960e+01,6.781226970661554887e+00
4.777079165475850431e+01,6.751407415762638031e+00
4.779079737067733902e+01,8.692983177581913523e+00
4.781080308659617373e+01,7.294076671707872883e+00
4.783080880251500844e+01,8.878442174823117483e+00
4.785081451843384315e+01,9.640685122317030675e+00
4.787082023435267075e+01,9.709955385365660163e+00
4.789082595027150546e+01,9.122216640031025392e+00
4.791083166619034017e+01,9.939533811819327269e+00
4.793083738210917488e+01,1.103068250718831855e+01
4.795084309802800959e+01,1.148250747897918345e+01
4.797084881394684430e+01,1.168323290059252528e+01
4.799085452986567901e+01,1.198473378920883903e+01
4.801086024578451372e+01,1.251029194980067238e+01
4.803086596170334843e+01,1.289010524042843286e+01
4.805087167762218314e+01,1.189859849238485445e+01
4.807087739354101075e+01,1.283365802516725473e+01
4.809088310945984546e+01,1.353220361065714528e+01
4.811088882537868017e+01,1.231218617236099355e+01
4.813089454129751488e+01,1.301309712224331783e+01
4.815090025721634959e+01,1.301763439932969035e+01
4.817090597313518430e+01,1.294482906412890344e+01
4.819091168905401901e+01,1.217233383815924164e+01
4.821091740497285372e+01,1.166077980221260546e+01
4.823092312089168843e+01,1.103585127813417088e+01
4.825092883681051603e+01,1.079228899824611432e+01
4.827093455272935074e+01,1.095321156284558839e+01
4.829094026864818545e+01,1.016895374723861600e+01
4.831094598456702016e+01,9.436508434836634152e+00
4.833095170048585487e+01,1.000915288174569184e+01
4.835095741640468958e+01,8.956645059580923274e+00
4.837096313232352429e+01,8.961273868609588078e+00
4.839096884824235900e+01,8.924064035650733473e+00
4.841097456416119371e+01,1.013466102826108717e+01
4.843098028008002842e+01,9.197867358524474568e+00
4.845098599599885603e+01,9.531078591766195984e+00
4.847099171191769074e+01,9.951135851441485158e+00
4.849099742783652545e+01,1.006212668790735343e+01
4.851100314375536016e+01,1.141927560091597194e+01
4.853100885967419487e+01,1.119797622277375027e+01
4.855101457559302958e+01,1.132092657125300228e+01
4.857102029151186429e+01,1.290173415563104697e+01
4.859102600743069900e+01,1.392192684092549371e+01
4.861103172334953371e+01,1.290159759367525183e+01
4.863103743926836131e+01,1.443842814746874303e+01
4.865104315518719602e+01,1.477250175700185508e+01
4.867104887110603073e+01,1.567244572636731625e+01
4.869105458702486544e+01,1.751245445947238011e+01
4.871106030294370015e+01,1.722821311369434127e+01
4.873106601886253486e+01,1.784534250682376921e+01
4.875107173478136957e+01,1.892976940902386573e+01
4.877107745070020428e+01,1.971138070846576440e+01
4.879108316661903899e+01,1.963346604664944905e+01
4.881108888253786660e+01,2.129983823213684957e+01
4.883109459845670131e+01,2.220062047201313860e+01
4.885110031437553602e+01,2.246425756329155021e+01
4.887110603029437073e+01,2.192060674325274050e+01
4.889111174621320544e+01,2.287508610511387630e+01
4.891111746213204015e+01,2.383861979696962763e+01
4.893112317805087486e+01,2.347993108187522893e+01
4.895112889396970957e+01,2.346592269863121771e+01
4.897113460988854428e+01,2.390047941503453899e+01
4.899114032580737899e+01,2.384297271554056152e+01
4.901114604172620659e+01,2.196307980934266268e+01
4.903115175764504130e+01,2.202392341067714554e+01
4.905115747356387601e+01,2.264834684762796257e+01
4.907116318948271072e+01,2.104516323876091377e+01
4.909116890540154543e+01,2.134048249544801124e+01
4.911117462132038014e+01,2.009765100106769609e+01
4.913118033723921485e+01,2.017888269958739400e+01
4.915118605315804956e+01,1.906464659386557514e+01
4.917119176907688427e+01,2.020178259127528264e+01
4.919119748499571187e+01,1.955805800274777440e+01
4.921120320091454658e+01,2.039936242958095391e+01
4.923120891683338129e+01,2.074987967127403365e+01
4.925121463275221600e+01,2.130204682957145579e+01
4.927122034867105071e+01,2.149625146805511733e+01
4.929122606458988542e+01,2.236490808847678835e+01
4.931123178050872014e+01,2.220582599296056614e+01
4.933123749642755485e+01,2.431431241921689690e+01
4.935124321234638956e+01,2.460721124497679213e+01
4.937124892826522427e+01,2.747469220178450655e+01
4.939125464418405187e+01,2.770530405877561719e+01
4.941126036010288658e+01,2.925139297789424120e+01
4.943126607602172129e+01,3.058838969710874878e+01
4.945127179194055600e+01,3.113015317296205353e+01
4.947127750785939071e+01,3.221599148239611310e+01
4.949128322377822542e+01,3.141787000116684325e+01
4.951128893969706013e+01,3.159519359084020707e+01
4.953129465561589484e+01,3.261516813237770407e+01
4.955130037153472955e+01,3.212778951585787013e+01
4.957130608745355715e+01,3.199181447577466031e+01
4.959131180337239186e+01,3.100367589785835065e+01
4.961131751929122657e+01,3.045162829295346540e+01
4.963132323521006128e+01,2.867977736862808058e+01
4.965132895112889599e+01,2.734956150226791394e+01
4.967133466704773070e+01,2.559340073492128553e+01
4.969134038296656541e+01,2.503046706358799156e+01
4.971134609888540012e+01,2.404502036104950591e+01
4.973135181480423483e+01,2.241431727485762337e+01
4.975135753072306244e+01,2.120305423827964475e+01
4.977136324664189715e+01,1.981806812049798339e+01
4.979136896256073186e+01,1.869320959620683809e+01
4.981137467847956657e+01,1.681373470619236699e+01
4.983138039439840128e+01,1.480888165928225675e+01
4.985138611031723599e+01,1.465479836034589844e+01
4.987139182623607070e+01,1.275806762377206738e+01
4.989139754215490541e+01,1.210460652522683489e+01
4.991140325807374012e+01,1.245177079486265193e+01
4.993140897399257483e+01,1.041674291377417561e+01
4.995141468991140243e+01,1.072098246895238383e+01
4.997142040583023714e+01,9.995777784507296815e+00
4.999142612174907185e+01,9.906624416572901382e+00
5.001143183766790656e+01,9.144469442452212604e+00
5.003143755358674127e+01,8.353699554922840775e+00
5.005144326950557598e+01,8.865952514595699441e+00
5.007144898542441069e+01,7.017397888999847844e+00
5.009145470134324540e+01,8.026471894648643968e+00
5.011146041726208011e+01,7.104722542776748639e+00
5.013146613318090772e+01,6.619104844542250454e+00
5.015147184909974243e+01,7.594370332698757942e+00
5.017147756501857714e+01,6.905984994698561863e+00
5.019148328093741185e+01,6.889761971152427833e+00
5.021148899685624656e+01,6.918950751320035231e+00
5.023149471277508127e+01,7.402716979207771608e+00
5.025150042869391598e+01,7.837912791928719258e+00
5.027150614461275069e+01,7.822241552787750685e+00
5.029151186053158540e+01,8.028318299647551726e+00
5.031151757645042011e+01,7.260430294148370045e+00
5.033152329236924771e+01,7.167897197842158619e+00
5.035152900828808242e+01,7.382557597911856284e+00
5.037153472420691713e+01,7.243227797771954357e+00
5.039154044012575184e+01,8.267004943015312080e+00
5.041154615604458655e+01,7.111932919939317088e+00
5.043155187196342126e+01,7.978258576258987489e+00
5.045155758788225597e+01,8.860717215967447657e+00
5.047156330380109068e+01,7.808141125191654375e+00
5.049156901971992539e+01,7.700197841102514928e+00
5.051157473563875300e+01,9.319044868827598194e+00
5.053158045155758771e+01,9.389959971364289615e+00
5.055158616747642242e+01,9.614894243902478266e+00
5.057159188339525713e+01,9.339646508058251584e+00
5.059159759931409184e+01,9.777136176115979183e+00
5.061160331523292655e+01,1.003669928453148152e+01
5.063160903115176126e+01,1.085021592270641122e+01
5.065161474707059597e+01,1.085210229873348631e+01
5.067162046298943068e+01,1.125256226573833018e+01
5.069162617890825828e+01,1.064213922332209705e+01
5.071163189482709299e+01,1.123798123468473875e+01
5.073163761074592770e+01,1.279226698601953771e+01
5.075164332666476241e+01,1.297970890366877583e+01
5.077164904258359712e+01,1.305818213728218069e+01
5.079165475850243183e+01,1.462301349626028113e+01
5.081166047442126654e+01,1.383624793394404584e+01
5.083166619034010125e+01,1.504305150050740636e+01
5.085167190625893596e+01,1.522362600918790498e+01
5.087167762217777067e+01,1.653607989080387952e+01
5.089168333809659828e+01,1.680284531192485886e+01
5.091168905401543299e+01,1.860734998706658061e+01
5.093169476993426770e+01,1.968483480278735342e+01
5.095170048585310241e+01,1.983722626982162751e+01
5.097170620177193712e+01,2.130327537617055000e+01
5.099171191769077183e+01,2.321533393328772021e+01
5.101171763360960654e+01,2.491972219714604009e+01
5.103172334952844125e+01,2.659042020154312169e+01
5.105172906544727596e+01,2.963516239746534353e+01
5.107173478136610356e+01,3.204596075446198711e+01
5.109174049728493827e+01,3.259621786652300557e+01
5.111174621320377298e+01,3.572687448327464210e+01
5.113175192912260769e+01,3.695158752817743419e+01
5.115175764504144240e+01,4.070730343181294586e+01
5.117176336096027711e+01,4.250738173395123454e+01
5.119176907687911182e+01,4.372712647300411959e+01
5.121177479279794653e+01,4.447549690322236415e+01
5.123178050871678124e+01,4.590448557773050453e+01
5.125178622463561595e+01,4.695913233218929150e+01
5.127179194055444356e+01,4.882245996743038319e+01
5.129179765647327827e+01,4.874859584994580075e+01
5.131180337239211298e+01,4.691749548530773950e+01
5.133180908831094769e+01,4.752137529285913331e+01
5.135181480422978240e+01,4.548517858433329764e+01
5.137182052014861711e+01,4.497301474004866861e+01
5.139182623606745182e+01,4.343660728758560197e+01
5.141183195198628653e+01,4.108668993426445581e+01
5.143183766790512124e+01,3.768383756565490472e+01
5.145184338382394884e+01,3.567318393518530684e+01
5.147184909974278355e+01,3.263537989268909456e+01
5.149185481566161826e+01,3.149802489338697953e+01
5.151186053158045297e+01,2.811500926027891367e+01
5.153186624749928768e+01,2.581060892523786521e+01
5.155187196341812239e+01,2.442977879242404171e+01
5.157187767933695710e+01,2.084897806100840612e+01
5.159188339525579181e+01,2.025838429646599437e+01
5.161188911117462652e+01,1.798398971167369353e+01
5.163189482709345413e+01,1.565754803543301321e+01
5.165190054301228884e+01,1.532468383887957231e+01
5.167190625893112355e+01,1.416698475825852022e+01
5.169191197484995826e+01,1.365549395683184031e+01
5.171191769076879297e+01,1.176061698985460602e+01
5.173192340668762768e+01,1.241802436884568728e+01
5.175192912260646239e+01,1.069479815914437992e+01
5.177193483852529710e+01,1.050099940147207889e+01
5.179194055444413181e+01,1.171570575638828160e+01
5.181194627036296652e+01,1.053180094872300998e+01
5.183195198628179412e+01,1.114070542913600725e+01
5.185195770220062883e+01,1.070676433300758923e+01
5.187196341811946354e+01,1.134372374512108372e+01
5.189196913403829825e+01,1.252304700228249423e+01
5.191197484995713296e+01,1.330490491764999916e+01
5.193198056587596767e+01,1.350085893116471425e+01
5.195198628179480238e+01,1.329133134754562029e+01
5.197199199771363709e+01,1.470846387852092363e+01
5.199199771363247180e+01,1.352125434463637710e+01
5.201200342955129940e+01,1.517242217294811546e+01
5.203200914547013411e+01,1.496877488236735054e+01
5.205201486138896882e+01,1.608394813114149002e+01
5.207202057730780353e+01,1.660888855411320364e+01
5.209202629322663824e+01,1.647299570357863985e+01
5.211203200914547295e+01,1.679043407919998998e+01
5.213203772506430766e+01,1.626793065391439086e+01
5.215204344098314237e+01,1.715419890241249590e+01
5.217204915690197708e+01,1.825247889024059589e+01
5.219205487282081180e+01,1.797769821316507333e+01
5.221206058873963940e+01,1.871881653957851199e+01
5.223206630465847411e+01,1.776875270667794737e+01
5.225207202057730882e+01,1.914366190082737873e+01
5.227207773649614353e+01,1.932858665569630574e+01
5.229208345241497824e+01,2.107800885346548370e+01
5.231208916833381295e+01,2.141680599515035510e+01
5.233209488425264766e+01,2.182064194451801953e+01
5.235210060017148237e+01,2.284782392136523299e+01
5.237210631609031708e+01,2.287865423697053302e+01
5.239211203200914468e+01,2.283812630174494629e+01
5.241211774792797939e+01,2.356434974191995835e+01
5.243212346384681410e+01,2.381466198238612364e+01
5.245212917976564881e+01,2.236025706293237647e+01
5.247213489568448352e+01,2.309202474365402225e+01
5.249214061160331823e+01,2.153985185592039642e+01
5.251214632752215294e+01,2.187285673751523163e+01
5.253215204344098765e+01,2.062097232520211776e+01
5.255215775935982236e+01,1.889155512128764158e+01
5.257216347527864997e+01,1.733964671164862281e+01
5.259216919119748468e+01,1.623512942839473538e+01
5.261217490711631939e+01,1.673913149674973155e+01
5.263218062303515410e+01,1.486780423834029463e+01
5.265218633895398881e+01,1.489324645255752877e+01
5.267219205487282352e+01,1.572169962388002418e+01
5.269219777079165823e+01,1.450724212377789790e+01
5.271220348671049294e+01,1.374526734297572261e+01
5.273220920262932765e+01,1.485308154430401295e+01
5.275221491854816236e+01,1.408934530127061890e+01
5.277222063446698996e+01,1.481468526800344421e+01
5.279222635038582467e+01,1.479668033794036752e+01
5.281223206630465938e+01,1.621596559062750131e+01
5.283223778222349409e+01,1.691940240800500916e+01
5.285224349814232880e+01,1.673873073368714515e+01
5.287224921406116351e+01,1.615797693531221313e+01
5.289225492997999822e+01,1.662526945062571571e+01
5.291226064589883293e+01,1.755658206920980291e+01
5.293226636181766764e+01,1.659862985853240147e+01
5.295227207773649525e+01,1.714404172429694029e+01
5.297227779365532996e+01,1.566847469626818068e+01
5.299228350957416467e+01,1.692328527476751887e+01
5.301228922549299938e+01,1.624280612808787794e+01
5.303229494141183409e+01,1.598488145864677534e+01
5.305230065733066880e+01,1.472289384413329039e+01
5.307230637324950351e+01,1.386532939487864624e+01
5.309231208916833822e+01,1.356111342230484240e+01
5.311231780508717293e+01,1.217686219194670194e+01
5.313232352100600764e+01,1.307011830197365931e+01
5.315232923692483524e+01,1.170939600542618919e+01
5.317233495284366995e+01,1.131606176766264937e+01
5.319234066876250466e+01,1.097608184857486791e+01
5.321234638468133937e+01,9.688100144701529359e+00
5.323235210060017408e+01,9.985258023963428542e+00
5.325235781651900879e+01,9.051055007512561090e+00
5.327236353243784350e+01,8.489852263598544724e+00
5.329236924835667821e+01,8.149070366246380814e+00
5.331237496427551292e+01,7.551988407153374716e+00
5.333238068019434053e+01,8.113893597170280358e+00
5.335238639611317524e+01,6.773982697431348399e+00
5.337239211203200995e+01,6.954781459601415250e+00
5.339239782795084466e+01,6.579944362004852110e+00
5.341240354386967937e+01,7.517697173363370844e+00
5.343240925978851408e+01,6.815235742762476789e+00
5.345241497570734879e+01,6.435117406584368815e+00
5.347242069162618350e+01,6.138740720039658427e+00
5.349242640754501821e+01,6.826129507050619161e+00
5.351243212346384581e+01,6.034600406504291747e+00
5.353243783938268052e+01,6.649114564970097341e+00
5.355244355530151523e+01,7.180052335331952307e+00
5.357244927122034994e+01,7.048910403566537752e+00
5.359245498713918465e+01,7.860820888357249459e+00
5.361246070305801936e+01,7.265276962794025906e+00
5.363246641897685407e+01,8.621414713358468873e+00
5.365247213489568878e+01,8.283078521706141117e+00
5.367247785081452349e+01,8.796930399119339938e+00
5.369248356673335820e+01,7.898072264687366228e+00
5.371248928265218581e+01,9.007092359230661316e+00
5.373249499857102052e+01,9.807122361007936107e+00
5.375250071448985523e+01,9.609552192655700154e+00
5.377250643040868994e+01,9.929145605324201540e+00
5.379251214632752465e+01,1.151693498929567561e+01
5.381251786224635936e+01,1.116898322428163048e+01
5.383252357816519407e+01,1.248153535909173151e+01
5.385252929408402878e+01,1.285777324566050872e+01
5.387253501000286349e+01,1.323916644561231948e+01
5.389254072592169109e+01,1.250145268555463751e+01
5.391254644184052580e+01,1.284701318613562115e+01
5.393255215775936051e+01,1.290274263474121419e+01
5.395255787367819522e+01,1.223939510599795710e+01
5.397256358959702993e+01,1.191975628395690023e+01
5.399256930551586464e+01,1.173947798281144905e+01
5.401257502143469935e+01,1.124019987329610260e+01
5.403258073735353406e+01,1.128719759151366553e+01
5.405258645327236877e+01,1.010573619268523160e+01
5.407259216919120348e+01,1.090575536834270842e+01
5.409259788511003109e+01,9.218781343159234254e+00
5.411260360102886580e+01,9.871484644362643834e+00
5.413260931694770051e+01,8.675602988089581302e+00
5.415261503286653522e+01,8.522852427032603373e+00
5.417262074878536993e+01,8.494732138062971671e+00
5.419262646470420464e+01,8.833181059799613877e+00
5.421263218062303935e+01,8.016048257339779326e+00
5.423263789654187406e+01,8.157557825744458313e+00
5.425264361246070877e+01,8.421159272305343890e+00
5.427264932837953637e+01,7.662081620927558845e+00
5.429265504429837108e+01,8.067893848958542335e+00
5.431266076021720579e+01,8.865152455925242592e+00
5.433266647613604050e+01,8.217410532384247901e+00
5.435267219205487521e+01,9.546300596336186217e+00
5.437267790797370992e+01,8.565270124113547823e+00
5.439268362389254463e+01,9.860781417729031162e+00
5.441268933981137934e+01,9.628598218916572193e+00
5.443269505573021405e+01,1.103247815750387950e+01
5.445270077164904166e+01,1.121171728575790461e+01
5.447270648756787637e+01,1.178564910445847502e+01
5.449271220348671108e+01,1.215578105458543412e+01
5.451271791940554579e+01,1.093344265801590254e+01
5.453272363532438050e+01,1.245780949415327399e+01
5.455272935124321521e+01,1.206005051274739692e+01
5.457273506716204992e+01,1.285034837799087093e+01
5.459274078308088463e+01,1.303389970104311324e+01
5.461274649899971934e+01,1.198831610257543900e+01
5.463275221491855405e+01,1.256027695118804033e+01
5.465275793083738165e+01,1.129979742429124911e+01
5.467276364675621636e+01,1.202131089264012687e+01
5.469276936267505107e+01,1.187745732545696420e+01
5.471277507859388578e+01,1.153505424019854786e+01
5.473278079451272049e+01,1.223236741552911688e+01
5.475278651043155520e+01,1.258541086052781210e+01
5.477279222635038991e+01,1.289211676552479346e+01
5.479279794226922462e+01,1.180953544339859107e+01
5.481280365818805933e+01,1.228336524946309538e+01
5.483280937410688693e+01,1.351891292032037839e+01
5.485281509002572164e+01,1.206505589149394098e+01
5.487282080594455635e+01,1.296072171045311272e+01
5.489282652186339106e+01,1.309731543740051585e+01
5.491283223778222577e+01,1.252076048147375964e+01
5.493283795370106048e+01,1.275794702436356509e+01
5.495284366961989519e+01,1.304100944249261040e+01
5.497284938553872990e+01,1.186171584717726013e+01
5.499285510145756461e+01,1.281925444309423590e+01
5.501286081737639222e+01,1.223830987747308718e+01
5.503286653329522693e+01,1.107890359835195504e+01
5.505287224921406164e+01,1.055536854917104250e+01
5.507287796513289635e+01,1.081806652167366778e+01
5.509288368105173106e+01,9.757681184258677476e+00
5.511288939697056577e+01,8.559960889302995923e+00
5.513289511288940048e+01,8.783821330450786391e+00
5.515290082880823519e+01,9.539344156359248927e+00
5.517290654472706990e+01,8.447826908236169885e+00
5.519291226064590461e+01,8.364561843834891874e+00
5.521291797656473221e+01,7.924415794535762281e+00
5.523292369248356692e+01,7.716458270241399298e+00
5.525292940840240163e+01,7.704535516207585033e+00
5.527293512432123634e+01,7.809681338635132697e+00
5.529294084024007105e+01,8.567777471580175330e+00
5.531294655615890576e+01,8.866204723518315234e+00
5.533295227207774047e+01,8.509962794961486665e+00
5.535295798799657518e+01,8.550012551467300881e+00
5.537296370391540989e+01,1.056625180312676626e+01
5.539296941983423750e+01,9.644465390131109928e+00
5.541297513575307221e+01,1.111654181973259981e+01
5.543298085167190692e+01,9.800530956586687381e+00
5.545298656759074163e+01,1.169363403376844346e+01
5.547299228350957634e+01,1.128830693452943201e+01
5.549299799942841105e+01,1.023951978105228022e+01
5.551300371534724576e+01,1.117054888652743472e+01
5.553300943126608047e+01,1.120404006353130555e+01
5.555301514718491518e+01,1.130383277580887658e+01
5.557302086310374989e+01,1.070416626452362863e+01
5.559302657902257749e+01,1.059534603940197606e+01
5.561303229494141220e+01,1.011717174749979620e+01
5.563303801086024691e+01,1.023466579597364046e+01
5.565304372677908162e+01,1.059093927910446631e+01
5.567304944269791633e+01,9.927103904915970389e+00
5.569305515861675104e+01,9.797232421691827398e+00
5.571306087453558575e+01,9.653430096695508666e+00
5.573306659045442046e+01,8.033107119926867767e+00
5.575307230637325517e+01,9.383812188716325053e+00
5.577307802229208278e+01,8.218296200636387994e+00
5.579308373821091749e+01,7.782738398739825314e+00
5.581308945412975220e+01,7.854185466211788480e+00
5.583309517004858691e+01,8.370224616851942301e+00
5.585310088596742162e+01,7.889011177453693513e+00
5.587310660188625633e+01,8.392678857200980502e+00
5.589311231780509104e+01,9.087420451220758366e+00
5.591311803372392575e+01,7.961919092157074829e+00
5.593312374964276046e+01,8.111687422402358294e+00
5.595312946556158806e+01,8.097531506251272049e+00
5.597313518148042277e+01,8.796673287416705733e+00
5.599314089739925748e+01,9.322541473268088907e+00
5.601314661331809219e+01,8.947001736309553976e+00
5.603315232923692690e+01,8.973471840607347261e+00
5.605315804515576161e+01,7.997226861228297956e+00
5.607316376107459632e+01,9.651441403353567594e+00
5.609316947699343103e+01,9.862489553954926436e+00
5.611317519291226574e+01,9.492310465440278122e+00
5.613318090883110045e+01,9.902477051788713069e+00
5.615318662474992806e+01,9.622435085641063424e+00
5.617319234066876277e+01,1.059173168065469461e+01
5.619319805658759748e+01,1.084880904501480892e+01
5.621320377250643219e+01,1.145968859689578956e+01
5.623320948842526690e+01,1.106097110357982949e+01
5.625321520434410161e+01,1.247720651952446325e+01
5.627322092026293632e+01,1.321988847212418960e+01
5.629322663618177103e+01,1.277868534184416838e+01
5.631323235210060574e+01,1.404050504615414496e+01
5.633323806801943334e+01,1.298427194101585513e+01
5.635324378393826805e+01,1.470362247638420783e+01
5.637324949985710276e+01,1.409657822880783939e+01
5.639325521577593747e+01,1.530605105390541176e+01
5.641326093169477218e+01,1.565801462314059478e+01
5.643326664761360689e+01,1.510804522311369347e+01
5.645327236353244160e+01,1.559062406983021631e+01
5.647327807945127631e+01,1.595412884448029978e+01
5.649328379537011102e+01,1.532528392918425553e+01
5.651328951128894573e+01,1.445692699540146009e+01
5.653329522720777334e+01,1.548477557006951777e+01
5.655330094312660805e+01,1.427225804429020428e+01
5.657330665904544276e+01,1.506999618142746300e+01
5.659331237496427747e+01,1.461892368735796133e+01
5.661331809088311218e+01,1.399532380948850552e+01
5.663332380680194689e+01,1.421782186394580094e+01
5.665332952272078160e+01,1.469801747197456798e+01
5.667333523863961631e+01,1.391752133476738074e+01
5.669334095455845102e+01,1.330073562744407845e+01
5.671334667047727862e+01,1.338730831692817169e+01
5.673335238639611333e+01,1.300552514630725831e+01
5.675335810231494804e+01,1.283425090374390010e+01
5.677336381823378275e+01,1.228069139912850183e+01
5.679336953415261746e+01,1.318656323220116278e+01
5.681337525007145217e+01,1.292555902639589682e+01
5.683338096599028688e+01,1.289228948649626716e+01
5.685338668190912159e+01,1.294513979807504178e+01
5.687339239782795630e+01,1.161747275762442833e+01
5.689339811374678391e+01,1.254578785727459689e+01
5.691340382966561862e+01,1.228058355318117734e+01
5.693340954558445333e+01,1.199370809327194820e+01
5.695341526150328804e+01,1.184359908566159980e+01
5.697342097742212275e+01,1.075365492897931396e+01
5.699342669334095746e+01,1.102203951078424637e+01
5.701343240925979217e+01,1.198628259880496039e+01
5.703343812517862688e+01,1.120709227507734340e+01
5.705344384109746159e+01,1.066505161345114594e+01
5.707344955701629630e+01,1.081871234749572430e+01
5.709345527293512390e+01,1.034235531662618968e+01
5.711346098885395861e+01,1.156828732464462917e+01
5.713346670477279332e+01,1.107158738710074886e+01
5.715347242069162803e+01,1.070220986790380202e+01
5.717347813661046274e+01,1.002454865092141212e+01
5.719348385252929745e+01,9.751803918703217278e+00
5.721348956844813216e+01,9.471536066763777129e+00
5.723349528436696687e+01,1.003829766888516950e+01
5.725350100028580158e+01,8.960259267104495606e+00
5.727350671620462919e+01,8.283489967006874011e+00
5.729351243212346390e+01,8.189756117471983288e+00
5.731351814804229861e+01,9.395777982984380827e+00
5.733352386396113332e+01,9.134205957090053118e+00
5.735352957987996803e+01,8.313268318832175652e+00
5.737353529579880274e+01,8.630850703500344778e+00
5.739354101171763745e+01,7.423795308038830143e+00
5.741354672763647216e+01,6.867804607573574138e+00
5.743355244355530687e+01,8.502927978653435304e+00
5.745355815947414158e+01,8.416754297021977749e+00
5.747356387539296918e+01,8.497884485663330878e+00
5.749356959131180389e+01,7.314128782179552424e+00
5.751357530723063860e+01,7.498870301998563193e+00
5.753358102314947331e+01,8.751999770787545430e+00
5.755358673906830802e+01,8.251884028330033871e+00
5.757359245498714273e+01,9.332508097806320180e+00
5.759359817090597744e+01,9.513273517064051887e+00
5.761360388682481215e+01,8.517064624729709266e+00
5.763360960274364686e+01,9.357340664364413030e+00
5.765361531866247446e+01,9.449084796220065030e+00
5.767362103458130917e+01,1.052903865779978076e+01
5.769362675050014388e+01,1.115423624498079036e+01
5.771363246641897859e+01,1.201188638172753897e+01
5.773363818233781330e+01,1.326502026118940059e+01
5.775364389825664801e+01,1.259656628776963494e+01
5.777364961417548272e+01,1.417695872800884516e+01
5.779365533009431743e+01,1.582610759980844151e+01
5.781366104601315214e+01,1.695078271536254277e+01
5.783366676193197975e+01,1.692799727546964306e+01
5.785367247785081446e+01,1.806727432276607104e+01
5.787367819376964917e+01,1.898095883664583994e+01
5.789368390968848388e+01,1.932653203577658019e+01
5.791368962560731859e+01,1.898358649158431533e+01
5.793369534152615330e+01,2.019227035900114231e+01
5.795370105744498801e+01,1.892520340142539581e+01
5.797370677336382272e+01,1.870904697055716426e+01
5.799371248928265743e+01,1.844765633948588146e+01
5.801371820520149214e+01,1.848059610983970913e+01
5.803372392112031974e+01,1.797027326367800981e+01
5.805372963703915445e+01,1.747561533609753326e+01
5.807373535295798916e+01,1.591053692733076552e+01
5.809374106887682387e+01,1.525348177596933219e+01
5.811374678479565858e+01,1.495714957219308161e+01
5.813375250071449329e+01,1.377253427601399771e+01
5.815375821663332800e+01,1.305110298108810341e+01
5.817376393255216271e+01,1.194182382149285360e+01
5.819376964847099742e+01,1.233900493499407958e+01
5.821377536438982503e+01,1.080751128051613286e+01
5.823378108030865974e+01,1.087111546344179835e+01
5.825378679622749445e+01,9.521053130539657516e+00
5.827379251214632916e+01,8.869312710032589919e+00
5.829379822806516387e+01,8.656208126401029546e+00
5.831380394398399858e+01,7.858664528324377230e+00
5.833380965990283329e+01,8.332722020882115999e+00
5.835381537582166800e+01,8.094603186983613696e+00
5.837382109174050271e+01,8.390123910793208850e+00
5.839382680765933742e+01,7.989367143760278012e+00
5.841383252357816502e+01,7.371898153056944736e+00
5.843383823949699973e+01,6.755903816081232804e+00
5.845384395541583444e+01,7.232187404523480190e+00
5.847384967133466915e+01,6.569885942669364098e+00
5.849385538725350386e+01,6.878889695216080291e+00
5.851386110317233857e+01,7.183562180825345145e+00
5.853386681909117328e+01,6.586490699814333105e+00
5.855387253501000799e+01,7.095452440724285381e+00
5.857387825092884270e+01,7.029787638075499778e+00
5.859388396684767031e+01,6.497125009463387890e+00
5.861388968276650502e+01,7.376610762840939195e+00
5.863389539868533973e+01,7.323414520886072587e+00
5.865390111460417444e+01,8.229258619106873951e+00
5.867390683052300915e+01,8.374259765463548888e+00
5.869391254644184386e+01,7.521703198489769981e+00
5.871391826236067857e+01,7.331627798659430262e+00
5.873392397827951328e+01,7.512958227906609388e+00
5.875392969419834799e+01,7.527890518677335940e+00
5.877393541011717559e+01,8.597003788783135647e+00
5.879394112603601030e+01,9.523805799599054822e+00
5.881394684195484501e+01,1.018137454434441480e+01
5.883395255787367972e+01,9.764805832589043888e+00
5.885395827379251443e+01,1.128562465303831708e+01
5.887396398971134914e+01,1.197056116301729922e+01
5.889396970563018385e+01,1.295839168614917547e+01
5.891397542154901856e+01,1.307509249902368431e+01
5.893398113746785327e+01,1.435899070244634501e+01
5.895398685338668798e+01,1.554625128961630409e+01
5.897399256930551559e+01,1.466260688583826521e+01
5.899399828522435030e+01,1.577026939873575806e+01
5.901400400114318501e+01,1.618813541111436294e+01
5.903400971706201972e+01,1.735896447313831814e+01
5.905401543298085443e+01,1.823987084227760747e+01
5.907402114889968914e+01,1.943116285754397055e+01
5.909402686481852385e+01,2.047566569129331171e+01
5.911403258073735856e+01,2.000665715393112265e+01
5.913403829665619327e+01,1.999660606344272651e+01
5.915404401257502087e+01,2.013009156107934317e+01
5.917404972849385558e+01,2.027640109287623105e+01
5.919405544441269029e+01,1.922143736647652901e+01
5.921406116033152500e+01,1.982564410603970373e+01
5.923406687625035971e+01,1.777339894950233656e+01
5.925407259216919442e+01,1.785737012729302720e+01
5.927407830808802913e+01,1.770030573810113239e+01
5.929408402400686384e+01,1.647227404544390694e+01
5.931408973992569855e+01,1.504109670922140829e+01
5.933409545584453326e+01,1.381252060952198413e+01
5.935410117176336087e+01,1.440831949200010698e+01
5.937410688768219558e+01,1.303133250439793578e+01
5.939411260360103029e+01,1.177017283394835445e+01
5.941411831951986500e+01,1.169153132755017310e+01
5.943412403543869971e+01,1.101330238915470439e+01
5.945412975135753442e+01,9.595880916585096898e+00
5.947413546727636913e+01,9.462430186090902140e+00
5.949414118319520384e+01,8.725464325059597570e+00
5.951414689911403855e+01,9.427026940583592918e+00
5.953415261503286615e+01,8.838985631120822362e+00
5.955415833095170086e+01,9.134642358615943536e+00
5.957416404687053557e+01,8.467199302651234660e+00
5.959416976278937028e+01,8.279693035307253979e+00
5.961417547870820499e+01,9.441168636122313274e+00
5.963418119462703970e+01,8.842086798795667946e+00
5.965418691054587441e+01,8.125851208185524754e+00
5.967419262646470912e+01,8.903257478139588343e+00
5.969419834238354383e+01,9.497276357034866834e+00
5.971420405830237144e+01,8.758029103771443502e+00
5.973420977422120615e+01,9.353121817111768266e+00
5.975421549014004086e+01,1.037452095649387473e+01
5.977422120605887557e+01,8.779626800710271795e+00
5.979422692197771028e+01,9.649529222156777664e+00
5.981423263789654499e+01,8.832639426038277009e+00
5.983423835381537970e+01,9.915250029149381916e+00
5.985424406973421441e+01,9.746203754149734166e+00
5.987424978565304912e+01,1.017957379232266568e+01
5.989425550157188383e+01,1.000524242424135934e+01
5.991426121749071143e+01,8.258902983194460035e+00
5.993426693340954614e+01,8.444692034300627981e+00
5.995427264932838085e+01,8.513196029134029175e+00
5.997427836524721556e+01,9.645463139231901906e+00
5.999428408116605027e+01,1.014686064677693267e+01
6.001428979708488498e+01,8.447402164954898041e+00
6.003429551300371969e+01,8.686355750278032417e+00
6.005430122892255440e+01,1.005493669649767696e+01
6.007430694484138911e+01,9.740458810464948769e+00
6.009431266076021672e+01,9.927265889602717053e+00
6.011431837667905143e+01,9.957935294170292551e+00
6.013432409259788614e+01,1.050658869864415479e+01
6.015432980851672085e+01,9.814986102206066931e+00
6.017433552443555556e+01,1.135502604751437161e+01
6.019434124035439027e+01,1.024734454641598447e+01
6.021434695627322498e+01,1.139640075508443573e+01
6.023435267219205969e+01,1.121449599947354336e+01
6.025435838811089440e+01,1.206309875901513884e+01
6.027436410402972911e+01,1.104156367952995055e+01
6.029436981994855671e+01,1.129714059168021301e+01
6.031437553586739142e+01,1.183558809941312084e+01
6.033438125178622613e+01,1.232283165223311983e+01
6.035438696770506084e+01,1.110787195116883375e+01
6.037439268362389555e+01,1.171930058306334921e+01
6.039439839954273026e+01,1.020278093025822486e+01
6.041440411546156497e+01,1.074751714662498969e+01
6.043440983138039968e+01,1.160969417725002195e+01
6.045441554729923439e+01,1.028634747257513915e+01
6.047442126321806199e+01,9.314977403134045986e+00
6.049442697913689670e+01,8.724671205404082031e+00
6.051443269505573141e+01,8.694715281450205779e+00
6.053443841097456612e+01,8.119349469473089442e+00
6.055444412689340083e+01,8.123481802953621767e+00
6.057444984281223554e+01,8.362686250749206351e+00
6.059445555873107025e+01,7.574237762420002795e+00
6.061446127464990496e+01,8.294707268516679832e+00
6.063446699056873967e+01,7.258640980721235536e+00
6.065447270648756728e+01,7.674286501906926183e+00
6.067447842240640199e+01,8.404237823417821218e+00
6.069448413832523670e+01,7.006526209069972921e+00
6.071448985424407141e+01,7.749065641110129299e+00
6.073449557016290612e+01,7.962411082981185828e+00
6.075450128608174083e+01,8.651509092699745551e+00
6.077450700200057554e+01,8.254322741173361067e+00
6.079451271791941025e+01,8.438511341739754812e+00
6.081451843383824496e+01,8.887514214041393856e+00
6.083452414975707967e+01,9.316691659803627346e+00
6.085452986567590727e+01,1.068351875166948872e+01
6.087453558159474198e+01,1.087301454695062297e+01
6.089454129751357669e+01,9.954855798216788898e+00
6.091454701343241140e+01,1.022992239599691366e+01
6.093455272935124611e+01,1.171345636619034458e+01
6.095455844527008082e+01,1.099812402658848676e+01
6.097456416118891553e+01,1.141170095393101569e+01
6.099456987710775024e+01,1.090743967988188601e+01
6.101457559302658495e+01,1.059253480702091643e+01
6.103458130894541256e+01,9.744083343323824309e+00
6.105458702486424727e+01,9.213312702177667290e+00
6.107459274078308198e+01,8.620744261286240828e+00
6.109459845670191669e+01,9.119599811126333222e+00
6.111460417262075140e+01,7.975918354852444381e+00
6.113460988853958611e+01,7.797220253354931074e+00
6.115461560445842082e+01,7.402109104660310912e+00
6.117462132037725553e+01,8.589245498342695129e+00
6.119462703629609024e+01,6.740897169112649578e+00
6.121463275221492495e+01,7.735801515269391970e+00
6.123463846813375255e+01,7.958115566638256588e+00
6.125464418405258726e+01,7.783633928773118882e+00
6.127464989997142197e+01,7.329746638442007800e+00
6.129465561589025668e+01,6.833798164818681187e+00
6.131466133180909139e+01,7.795371505708779125e+00
6.133466704772792610e+01,7.028242104776912136e+00
6.135467276364676081e+01,6.381015133364995151e+00
6.137467847956559552e+01,7.793289476045818454e+00
6.139468419548443023e+01,6.906081570327956776e+00
6.141468991140325784e+01,7.628871358541739589e+00
6.143469562732209255e+01,8.192066775836778447e+00
6.145470134324092726e+01,8.470537477643926394e+00
6.147470705915976197e+01,7.665877809530657672e+00
6.149471277507859668e+01,9.556996965902078145e+00
6.151471849099743139e+01,9.159087820678436742e+00
6.153472420691626610e+01,9.057177856323569642e+00
6.155472992283510081e+01,1.010552482268693986e+01
6.157473563875393552e+01,9.431523498197455169e+00
6.159474135467276312e+01,1.039789682709584007e+01
6.161474707059159783e+01,1.080124521802734883e+01
6.163475278651043254e+01,1.066581683656474944e+01
6.165475850242926725e+01,1.131341368323123930e+01
6.167476421834810196e+01,1.031376314722509768e+01
6.169476993426693667e+01,1.103470005024360745e+01
6.171477565018577138e+01,1.072685373176381951e+01
6.173478136610460609e+01,9.409066217588495817e+00
6.175478708202344080e+01,9.633166345373403772e+00
6.177479279794227551e+01,9.317213395803221943e+00
6.179479851386110312e+01,8.282501737798005692e+00
6.181480422977993783e+01,9.029581884960217408e+00
6.183480994569877254e+01,7.926775525290524982e+00
6.185481566161760725e+01,7.348027705620218342e+00
6.187482137753644196e+01,6.594945158201352520e+00
6.189482709345527667e+01,7.336007858447437080e+00
6.191483280937411138e+01,7.091010733256348786e+00
6.193483852529294609e+01,6.791782746680290472e+00
6.195484424121178080e+01,6.120315316473202039e+00
6.197484995713060840e+01,6.788718772122346756e+00
6.199485567304944311e+01,6.352181772889860412e+00
6.201486138896827782e+01,6.859092857628724005e+00
6.203486710488711253e+01,6.588155313359441934e+00
6.205487282080594724e+01,6.856237582527003660e+00
6.207487853672478195e+01,7.018736402567268051e+00
6.209488425264361666e+01,7.281729354915340124e+00
6.211488996856245137e+01,6.443575116743354592e+00
6.213489568448128608e+01,6.576169664793421354e+00
6.215490140040011369e+01,7.775358366359560236e+00
6.217490711631894840e+01,8.668405116087809503e+00
6.219491283223778311e+01,8.885829664988209586e+00
6.221491854815661782e+01,8.817070159352834224e+00
6.223492426407545253e+01,8.635123020748306288e+00
6.225492997999428724e+01,1.007592429378660981e+01
6.227493569591312195e+01,9.574152414535383571e+00
6.229494141183195666e+01,1.004030072954609842e+01
6.231494712775079137e+01,9.969980014118089429e+00
6.233495284366962608e+01,1.065009417885111809e+01
6.235495855958845368e+01,1.119389594475309480e+01
6.237496427550728839e+01,1.054159292403424963e+01
6.239496999142612310e+01,1.128986355915126261e+01
6.241497570734495781e+01,1.002356164909547864e+01
6.243498142326379252e+01,1.003503977731210917e+01
6.245498713918262723e+01,1.072999847235549709e+01
6.247499285510146194e+01,9.677095579117247937e+00
6.249499857102029665e+01,9.787911994865503118e+00
6.251500428693913136e+01,8.505320499386545663e+00
6.253501000285795897e+01,9.262221035640946454e+00
6.255501571877679368e+01,9.749118195516627949e+00
6.257502143469562839e+01,7.919953051995553217e+00
6.259502715061446310e+01,8.766577036311989701e+00
6.261503286653329781e+01,9.242945033200857807e+00
6.263503858245213252e+01,8.167689909190192665e+00
6.265504429837096723e+01,8.040378808239635688e+00
6.267505001428980194e+01,8.342877385550368174e+00
6.269505573020863665e+01,9.926554883385920292e+00
6.271506144612747136e+01,1.004721209197379750e+01
6.273506716204629896e+01,1.039598757292628761e+01
6.275507287796513367e+01,1.080468082519119832e+01
6.277507859388396838e+01,9.781176204396096807e+00
6.279508430980280309e+01,1.122807783414370242e+01
6.281509002572163780e+01,1.104115777429896816e+01
6.283509574164047251e+01,1.114626647930780834e+01
6.285510145755930722e+01,9.885813157825712238e+00
6.287510717347814193e+01,1.160536275036487730e+01
6.289511288939697664e+01,1.135457042128488325e+01
6.291511860531580425e+01,1.051246663597779651e+01
6.293512432123463896e+01,1.009272816617383661e+01
6.295513003715347367e+01,9.353457457976388056e+00
6.297513575307230838e+01,9.143370818033886849e+00
6.299514146899114309e+01,9.501924202878303305e+00
6.301514718490997780e+01,9.919288537425620333e+00
6.303515290082881251e+01,8.499576975724696837e+00
6.305515861674764722e+01,8.836432852972466279e+00
6.307516433266648193e+01,8.970163293684915828e+00
6.309517004858530953e+01,9.314122952573759662e+00
6.311517576450414424e+01,7.912931316477134658e+00
6.313518148042297895e+01,8.105787729408076459e+00
6.315518719634181366e+01,7.836917815061308801e+00
6.317519291226064837e+01,7.558812441837672758e+00
6.319519862817948308e+01,8.376752910714980516e+00
6.321520434409831779e+01,8.947534619998091188e+00
6.323521006001715250e+01,7.583121321381769420e+00
6.325521577593598721e+01,8.042335201576312542e+00
6.327522149185482192e+01,7.494794186949396142e+00
6.329522720777364952e+01,7.294759417267638213e+00
6.331523292369248423e+01,7.525949107670044214e+00
6.333523863961131894e+01,6.702809809643405003e+00
6.335524435553015365e+01,7.161501982691095947e+00
6.337525007144898836e+01,8.250225484787598873e+00
6.339525578736782307e+01,7.763319222853186652e+00
6.341526150328665778e+01,7.967742813046284844e+00
6.343526721920549249e+01,6.833045030844097312e+00
6.345527293512432720e+01,7.017232798387243342e+00
6.347527865104315481e+01,7.825464616839052034e+00
6.349528436696198952e+01,7.235731734977703944e+00
6.351529008288082423e+01,8.241607602467496463e+00
6.353529579879965894e+01,8.127274313443171749e+00
6.355530151471849365e+01,9.809566085943599134e+00
6.357530723063732836e+01,8.797553875658849165e+00
6.359531294655616307e+01,1.059392086495759422e+01
6.361531866247499778e+01,9.433610011834270281e+00
6.363532437839383249e+01,9.663976089480838638e+00
6.365533009431266720e+01,1.060397834423989316e+01
6.367533581023149480e+01,1.221120204287305810e+01
6.369534152615032951e+01,1.148482215396428785e+01
6.371534724206916422e+01,1.146690350394866798e+01
6.373535295798799893e+01,1.104874673386296102e+01
6.375535867390683364e+01,1.180728623939481814e+01
6.377536438982566835e+01,1.173333715842320402e+01
6.379537010574450306e+01,1.154762420051956262e+01
6.381537582166333777e+01,1.113993199113301991e+01
6.383538153758217248e+01,1.124540923431873907e+01
6.385538725350100009e+01,1.041453329957479035e+01
6.387539296941983480e+01,1.054351491979423905e+01
6.389539868533866951e+01,1.142712240409755964e+01
6.391540440125750422e+01,1.065180246305063072e+01
6.393541011717633893e+01,1.091584777532175821e+01
6.395541583309517364e+01,9.454766554514666410e+00
6.397542154901400835e+01,9.942870022825998078e+00
6.399542726493284306e+01,1.019254940351033234e+01
6.401543298085167066e+01,8.452677924269243803e+00
6.403543869677051248e+01,8.957396617243345460e+00
6.405544441268934008e+01,8.776184052605522368e+00
6.407545012860816769e+01,8.997735502837933552e+00
6.409545584452700950e+01,9.671142043436312008e+00
6.411546156044585132e+01,1.056189759566414565e+01
6.413546727636467892e+01,1.040723777629594160e+01
6.415547299228350653e+01,1.120370259498836596e+01
6.417547870820234834e+01,1.071092431306864867e+01
6.419548442412119016e+01,1.244671625640175350e+01
6.421549014004001776e+01,1.112615574973547794e+01
6.423549585595884537e+01,1.312899622441804937e+01
6.425550157187768718e+01,1.382463109798866796e+01
6.427550728779651479e+01,1.360586717472876117e+01
6.429551300371534239e+01,1.267036212771515125e+01
6.431551871963418421e+01,1.304685945163026517e+01
6.433552443555302602e+01,1.287099503485371876e+01
6.435553015147185363e+01,1.303070043420152402e+01
6.437553586739068123e+01,1.209877573679101381e+01
6.439554158330952305e+01,1.257842546422197039e+01
6.441554729922835065e+01,1.267495697730640991e+01
6.443555301514717826e+01,1.192862976979722944e+01
6.445555873106602007e+01,1.182977715821628273e+01
6.447556444698486189e+01,1.003481611846848409e+01
6.449557016290368949e+01,9.843830958223676930e+00
6.451557587882251710e+01,1.085392609706484279e+01
6.453558159474135891e+01,1.022207168392855792e+01
6.455558731066020073e+01,9.091769869709876772e+00
6.457559302657902833e+01,8.779679498681428385e+00
6.459559874249785594e+01,9.841011873922905551e+00
6.461560445841669775e+01,1.010811895306330399e+01
6.463561017433552536e+01,8.827276468468237880e+00
6.465561589025435296e+01,9.474154869780242905e+00
6.467562160617319478e+01,9.812801138331742834e+00
6.469562732209203659e+01,9.369046864717820000e+00
6.471563303801086420e+01,1.021246139504917849e+01
6.473563875392969180e+01,8.447111543494207453e+00
6.475564446984853362e+01,8.947532294681085574e+00
6.477565018576737543e+01,8.973751383791675806e+00
6.479565590168618883e+01,7.995674847081834180e+00
6.481566161760503064e+01,8.722459997439326429e+00
6.483566733352387246e+01,8.981593215489025894e+00
6.485567304944270006e+01,8.675445402045692589e+00
6.487567876536152767e+01,7.396227850901103018e+00
6.489568448128036948e+01,7.441435525043273991e+00
6.491569019719921130e+01,6.687400990539737577e+00
6.493569591311803890e+01,7.204375287480987211e+00
6.495570162903686651e+01,6.709496422939001725e+00
6.497570734495570832e+01,6.753803632597466411e+00
6.499571306087453593e+01,6.651183804564304580e+00
6.501571877679336353e+01,7.175322823152380458e+00
6.503572449271220535e+01,6.545986665465289178e+00
6.505573020863104716e+01,7.287994458366395811e+00
6.507573592454987477e+01,7.116146519057917175e+00
6.509574164046870237e+01,6.793193200308643931e+00
6.511574735638754419e+01,7.017664971061548407e+00
6.513575307230638600e+01,7.434731658765901585e+00
6.515575878822521361e+01,5.899893553022498516e+00
6.517576450414404121e+01,6.323897746281974541e+00
6.519577022006288303e+01,5.957967205715672954e+00
6.521577593598171063e+01,5.603838951174433980e+00
6.523578165190053824e+01,6.827719195224979387e+00
6.525578736781938005e+01,7.352987692874603631e+00
6.527579308373822187e+01,6.601602110072082752e+00
6.529579879965704947e+01,6.431987717746048716e+00
6.531580451557587708e+01,5.819828325798629187e+00
6.533581023149471889e+01,6.076494597425943667e+00
6.535581594741354650e+01,7.155551695422379233e+00
6.537582166333237410e+01,6.297357815763185762e+00
6.539582737925121592e+01,5.744106069351474275e+00
6.541583309517005773e+01,6.139562669793429350e+00
6.543583881108888534e+01,7.138646466388975043e+00
6.545584452700771294e+01,6.091274312731155938e+00
6.547585024292655476e+01,5.705913833063874563e+00
6.549585595884539657e+01,6.881722205696332750e+00
6.551586167476422418e+01,6.335644598773508385e+00
6.553586739068305178e+01,6.808148336654600286e+00
6.555587310660189360e+01,6.390388116564468035e+00
6.557587882252072120e+01,5.919095320236381852e+00
6.559588453843954881e+01,6.505712120503894802e+00
6.561589025435839062e+01,6.387655066956261507e+00
6.563589597027723244e+01,5.912019684178399181e+00
6.565590168619606004e+01,6.013926828435787186e+00
6.567590740211488765e+01,6.045213377872500793e+00
6.569591311803372946e+01,6.338185588044126462e+00
6.571591883395257128e+01,6.793762795226233386e+00
6.573592454987138467e+01,6.615704134640657763e+00
6.575593026579022649e+01,7.317425456835019659e+00
6.577593598170906830e+01,8.335403426109468938e+00
6.579594169762789591e+01,7.908351854420351934e+00
6.581594741354672351e+01,7.443787162414994718e+00
6.583595312946556533e+01,9.309726647847512027e+00
6.585595884538440714e+01,9.434854012083844665e+00
6.587596456130323475e+01,9.610996981457136101e+00
6.589597027722206235e+01,1.027430668477584241e+01
6.591597599314090417e+01,1.056778059105502088e+01
6.593598170905973177e+01,9.882351731543593587e+00
6.595598742497855937e+01,1.072805642478273747e+01
6.597599314089740119e+01,1.034716329478374952e+01
6.599599885681624301e+01,1.004674269921103047e+01
6.601600457273507061e+01,1.161435915408691777e+01
6.603601028865389821e+01,1.104225794766344571e+01
6.605601600457274003e+01,1.025892037533212253e+01
6.607602172049158185e+01,9.939283206204603260e+00
6.609602743641040945e+01,9.476294250473850767e+00
6.611603315232923705e+01,1.050053991396518427e+01
6.613603886824807887e+01,9.385785984740047994e+00
6.615604458416690647e+01,9.398660282733471760e+00
6.617605030008573408e+01,8.475694694560603537e+00
6.619605601600457589e+01,9.952657582587042029e+00
6.621606173192341771e+01,9.607771936779290201e+00
6.623606744784224531e+01,8.904908144528656422e+00
6.625607316376107292e+01,7.790591496251131787e+00
6.627607887967991473e+01,8.180093687364905719e+00
6.629608459559874234e+01,8.751760739407911771e+00
6.631609031151756994e+01,8.455464023257901474e+00
6.633609602743641176e+01,8.971150331302284897e+00
6.635610174335525357e+01,9.439539269516489028e+00
6.637610745927408118e+01,9.811970157641001222e+00
6.639611317519290878e+01,8.466926637192152327e+00
6.641611889111175060e+01,9.587654209178390730e+00
6.643612460703059241e+01,9.640565330190675297e+00
6.645613032294942002e+01,9.177900620753124628e+00
6.647613603886824762e+01,9.831578541358311440e+00
6.649614175478708944e+01,8.791526372180976878e+00
6.651614747070591704e+01,9.506152154682030897e+00
6.653615318662474465e+01,1.045560325081833497e+01
6.655615890254358646e+01,9.173302756611969144e+00
6.657616461846242828e+01,9.987384581526274729e+00
6.659617033438125588e+01,1.138119472913805019e+01
6.661617605030008349e+01,1.187613017875584731e+01
6.663618176621892530e+01,1.150030815017335506e+01
6.665618748213776712e+01,1.306658322396862637e+01
6.667619319805658051e+01,1.385211352270727936e+01
6.669619891397542233e+01,1.432036333147402374e+01
6.671620462989426414e+01,1.630141377729743013e+01
6.673621034581309175e+01,1.689759514640691762e+01
6.675621606173191935e+01,1.868061806797676638e+01
6.677622177765076117e+01,1.896901428734573258e+01
6.679622749356960298e+01,2.015877857437854459e+01
6.681623320948843059e+01,1.989910017436376322e+01
6.683623892540725819e+01,2.072532266761120212e+01
6.685624464132610001e+01,2.140007079918978405e+01
6.687625035724492761e+01,2.016262929675756510e+01
6.689625607316375522e+01,1.974068503370924432e+01
6.691626178908259703e+01,2.030923293662806728e+01
6.693626750500143885e+01,1.974162724265020330e+01
6.695627322092026645e+01,1.953293182302886422e+01
6.697627893683909406e+01,1.853799509521270750e+01
6.699628465275793587e+01,1.634394668007279350e+01
6.701629036867677769e+01,1.577678368702040856e+01
6.703629608459560529e+01,1.557970960801680782e+01
6.705630180051443290e+01,1.400489841276493763e+01
6.707630751643327471e+01,1.271526030289189713e+01
6.709631323235210232e+01,1.207676951286768308e+01
6.711631894827092992e+01,1.121948224792086535e+01
6.713632466418977174e+01,1.155625871916289782e+01
6.715633038010861355e+01,9.704482864511122742e+00
6.717633609602744116e+01,1.032634700699481023e+01
6.719634181194626876e+01,1.042241065857646731e+01
6.721634752786511058e+01,8.779625076629315572e+00
6.723635324378393818e+01,9.181543089292901527e+00
6.725635895970276579e+01,9.493881341248437522e+00
6.727636467562160760e+01,9.436617193513601620e+00
6.729637039154044942e+01,8.433635132603749085e+00
6.731637610745927702e+01,8.887168058513786661e+00
6.733638182337810463e+01,7.987723290077278548e+00
6.735638753929694644e+01,7.539184071637468953e+00
6.737639325521578826e+01,6.856000194953832505e+00
6.739639897113461586e+01,7.175882846063425191e+00
6.741640468705344347e+01,6.939995146838580098e+00
6.743641040297228528e+01,7.156462035679366451e+00
6.745641611889111289e+01,6.949231867068988322e+00
6.747642183480994049e+01,7.087089521044279472e+00
6.749642755072878231e+01,7.688866975109654334e+00
6.751643326664762412e+01,7.877957573452338380e+00
6.753643898256645173e+01,8.040295342827104008e+00
6.755644469848527933e+01,6.550688254212411188e+00
6.757645041440412115e+01,7.949773245127651933e+00
6.759645613032296296e+01,7.183693462587901202e+00
6.761646184624177636e+01,7.270588249997502750e+00
6.763646756216061817e+01,8.645450218067139758e+00
6.765647327807945999e+01,9.585569775557566174e+00
6.767647899399828759e+01,9.505045479769099970e+00
6.769648470991711520e+01,9.382988704383576462e+00
6.771649042583595701e+01,9.990299743093721929e+00
6.773649614175479883e+01,1.097806793621078647e+01
6.775650185767362643e+01,1.046854900006089473e+01
6.777650757359245404e+01,1.207660696912174281e+01
6.779651328951129585e+01,1.169128104850937255e+01
6.781651900543012346e+01,1.170921126337717943e+01
6.783652472134895106e+01,1.092371328576800238e+01
6.785653043726779288e+01,1.194226598093348457e+01
6.787653615318663469e+01,1.146531273920417071e+01
6.789654186910546230e+01,1.084876997129215148e+01
6.791654758502428990e+01,1.094030499517956301e+01
6.793655330094313172e+01,1.026870652500632630e+01
6.795655901686197353e+01,1.070884440761336442e+01
6.797656473278080114e+01,9.623235207497833343e+00
6.799657044869962874e+01,1.020137483981422655e+01
6.801657616461847056e+01,8.957995290261965948e+00
6.803658188053729816e+01,8.177781614139785660e+00
6.805658759645612577e+01,8.774612254189971594e+00
6.807659331237496758e+01,8.557279003023710473e+00
6.809659902829380940e+01,8.804167590426439816e+00
6.811660474421263700e+01,8.834495181994618918e+00
6.813661046013146461e+01,7.731291942275187346e+00
6.815661617605030642e+01,8.864165331047333396e+00
6.817662189196913403e+01,8.019913161150602932e+00
6.819662760788796163e+01,8.668659404029904536e+00
6.821663332380680345e+01,7.817656247472804409e+00
6.823663903972564526e+01,8.633500515785589968e+00
6.825664475564447287e+01,7.491083511433084041e+00
6.827665047156330047e+01,7.167167408205635581e+00
6.829665618748214229e+01,8.241467280129700868e+00
6.831666190340098410e+01,8.301141013014689207e+00
6.833666761931981171e+01,8.042249279530146566e+00
6.835667333523863931e+01,9.306260692633738785e+00
6.837667905115748113e+01,8.634434744764458713e+00
6.839668476707630873e+01,7.975297583750777797e+00
6.841669048299513634e+01,9.007801011649195999e+00
6.843669619891397815e+01,9.988293336864584759e+00
6.845670191483281997e+01,1.048733549632692963e+01
6.847670763075164757e+01,1.136006554544484715e+01
6.849671334667047518e+01,1.066039165680323464e+01
6.851671906258931699e+01,1.054239447518293638e+01
6.853672477850815881e+01,1.203689141242264959e+01
6.855673049442697220e+01,1.119981863516098741e+01
6.857673621034581402e+01,1.108725061930982392e+01
6.859674192626465583e+01,1.274824487786572647e+01
6.861674764218348344e+01,1.173720713840645047e+01
6.863675335810231104e+01,1.267090664748854323e+01
6.865675907402115286e+01,1.099040452659666833e+01
6.867676478993999467e+01,1.029106812996789877e+01
6.869677050585882228e+01,1.009869328666593269e+01
6.871677622177764988e+01,1.006637388659655485e+01
6.873678193769649170e+01,9.512981072155705320e+00
6.875678765361531930e+01,8.794549011957668583e+00
6.877679336953414690e+01,8.540057225785908201e+00
6.879679908545298872e+01,9.065323223479829551e+00
6.881680480137183054e+01,9.345035030406167564e+00
6.883681051729065814e+01,7.678332480290952056e+00
6.885681623320948574e+01,7.945677299335069499e+00
6.887682194912832756e+01,8.620186630086934088e+00
6.889682766504716938e+01,8.012104904894417956e+00
6.891683338096599698e+01,8.035485040454204864e+00
6.893683909688482458e+01,7.853509979960618281e+00
6.895684481280366640e+01,7.676930677308327233e+00
6.897685052872249400e+01,7.981979982392673811e+00
6.899685624464132161e+01,7.981325330187105216e+00
6.901686196056016342e+01,9.641575353490139833e+00
6.903686767647900524e+01,9.585462026679410386e+00
6.905687339239783284e+01,9.275984259845161617e+00
6.907687910831666045e+01,1.139405596859733905e+01
6.909688482423550226e+01,1.179130275032333230e+01
6.911689054015432987e+01,1.124386838575444614e+01
6.913689625607315747e+01,1.321629582344463572e+01
6.915690197199199929e+01,1.312271962325866070e+01
6.917690768791084110e+01,1.450442178874908095e+01
6.919691340382966871e+01,1.465786883894972803e+01
6.921691911974849631e+01,1.568871795214119658e+01
6.923692483566733813e+01,1.571116581288039526e+01
6.925693055158617994e+01,1.629488760844406769e+01
6.927693626750500755e+01,1.710679929032790980e+01
6.929694198342383515e+01,1.717730979390199053e+01
6.931694769934267697e+01,1.572989011457677755e+01
6.933695341526150457e+01,1.576926382922425773e+01
6.935695913118033218e+01,1.716599433682643294e+01
6.937696484709917399e+01,1.623785546534829649e+01
6.939697056301801581e+01,1.556715714749264734e+01
6.941697627893684341e+01,1.657549944315003643e+01
6.943698199485567102e+01,1.515843711130569993e+01
6.945698771077451283e+01,1.501716982047830129e+01
6.947699342669335465e+01,1.552036580457323645e+01
6.949699914261216804e+01,1.582550267959791768e+01
6.951700485853100986e+01,1.551368380615270226e+01
6.953701057444985167e+01,1.545475068158294718e+01
6.955701629036867928e+01,1.448958575007301164e+01
6.957702200628750688e+01,1.478129736773149006e+01
6.959702772220634870e+01,1.288785493209469379e+01
6.961703343812519051e+01,1.340687526228881765e+01
6.963703915404401812e+01,1.296955732179044851e+01
6.965704486996284572e+01,1.379774435581037295e+01
6.967705058588168754e+01,1.187220828562171882e+01
6.969705630180051514e+01,1.163331480339251911e+01
6.971706201771934275e+01,1.254589952236732664e+01
6.973706773363818456e+01,1.089077142296762091e+01
6.975707344955702638e+01,1.113201792307161853e+01
6.977707916547585398e+01,1.031649946720295752e+01
6.979708488139468159e+01,1.011775782616122932e+01
6.981709059731352340e+01,9.875430060181697556e+00
6.983709631323236522e+01,8.191956504217360546e+00
6.985710202915119282e+01,8.104398979480565757e+00
6.987710774507002043e+01,7.535384985353555720e+00
6.989711346098886224e+01,7.327514411636007807e+00
6.991711917690768985e+01,7.679977635315873741e+00
6.993712489282651745e+01,8.346796758038614428e+00
6.995713060874535927e+01,7.108874256915377110e+00
6.997713632466420108e+01,7.541543289548553908e+00
6.999714204058302869e+01,7.263155851635548999e+00
7.001714775650185629e+01,7.658950888554767467e+00
7.003715347242069811e+01,8.638502386236888597e+00
7.005715918833952571e+01,7.219576317967122847e+00
7.007716490425835332e+01,8.323560600703936885e+00
7.009717062017719513e+01,7.742915078425609998e+00
7.011717633609603695e+01,9.611264386792878867e+00
7.013718205201486455e+01,9.946720385358069905e+00
7.015718776793369216e+01,1.047693280676446115e+01
7.017719348385253397e+01,1.049116535103505754e+01
7.019719919977137579e+01,1.066052563054186386e+01
7.021720491569020339e+01,9.441106474968222528e+00
7.023721063160903100e+01,1.089914578229766207e+01
7.025721634752787281e+01,1.111557516546593583e+01
7.027722206344670042e+01,1.104112107254987585e+01
7.029722777936552802e+01,1.013840211117852874e+01
7.031723349528436984e+01,1.124156527234769243e+01
7.033723921120321165e+01,9.582397745812405887e+00
7.035724492712203926e+01,9.250108238953803408e+00
7.037725064304086686e+01,8.704631306205588004e+00
7.039725635895970868e+01,8.896557983735398523e+00
7.041726207487855049e+01,8.531430192524275924e+00
7.043726779079736389e+01,8.846281538222896756e+00
7.045727350671620570e+01,7.992078542682733655e+00
7.047727922263504752e+01,7.858617666408506786e+00
7.049728493855387512e+01,8.897660058855253240e+00
7.051729065447270273e+01,7.924224736137823299e+00
7.053729637039154454e+01,8.383110497479451695e+00
7.055730208631038636e+01,6.953589604737710594e+00
7.057730780222921396e+01,7.155466750275263799e+00
7.059731351814804157e+01,6.363232968060521522e+00
7.061731923406688338e+01,6.274938206826230491e+00
7.063732494998571099e+01,6.895096825253128614e+00
7.065733066590453859e+01,7.613377064153567630e+00
7.067733638182338041e+01,6.752471172690324153e+00
7.069734209774222222e+01,6.965677702577039554e+00
7.071734781366104983e+01,7.184116615670452788e+00
7.073735352957987743e+01,8.053156726070287874e+00
7.075735924549871925e+01,7.933350225171025727e+00
7.077736496141756106e+01,8.225472877344119027e+00
7.079737067733638867e+01,9.308091941058378893e+00
7.081737639325521627e+01,8.290486308476152644e+00
7.083738210917405809e+01,8.198250226625091841e+00
7.085738782509288569e+01,9.411892241243204893e+00
7.087739354101171330e+01,9.577723107170196926e+00
7.089739925693055511e+01,8.346568734770450249e+00
7.091740497284939693e+01,8.864440896834787864e+00
7.093741068876822453e+01,9.768942996007714541e+00
7.095741640468705214e+01,9.867350935952957869e+00
7.097742212060589395e+01,9.862263007646681956e+00
7.099742783652472156e+01,8.925337205774232174e+00
7.101743355244354916e+01,8.643129335802623103e+00
7.103743926836239098e+01,9.793225845608942493e+00
7.105744498428123279e+01,9.517978292804565754e+00
7.107745070020006040e+01,9.795725245527322045e+00
7.109745641611888800e+01,8.427823045384819522e+00
7.111746213203772982e+01,8.335468262466603662e+00
7.113746784795657163e+01,8.995208150409867542e+00
7.115747356387539924e+01,8.233214749525188836e+00
7.117747927979422684e+01,8.308200078852710391e+00
7.119748499571306866e+01,9.262767512254077573e+00
7.121749071163189626e+01,7.995187427282981929e+00
7.123749642755072387e+01,7.844211154803240937e+00
7.125750214346956568e+01,7.691708809271161407e+00
7.127750785938840750e+01,9.187006890808071091e+00
7.129751357530723510e+01,8.711574670062017134e+00
7.131751929122606271e+01,8.884484591695491318e+00
7.133752500714490452e+01,8.501265806742322795e+00
7.135753072306374634e+01,7.208533909770173054e+00
7.137753643898255973e+01,7.850190637806819360e+00
7.139754215490140155e+01,8.110743105911568662e+00
7.141754787082024336e+01,7.943513555211875854e+00
7.143755358673907097e+01,8.154631434430715586e+00
7.145755930265789857e+01,6.758162921277475199e+00
7.147756501857674039e+01,7.755844196421358916e+00
7.149757073449558220e+01,7.780576741224928483e+00
7.151757645041440981e+01,8.781274446801138112e+00
7.153758216633323741e+01,8.571573378834981938e+00
7.155758788225207923e+01,9.050722876868944056e+00
7.157759359817090683e+01,8.929346713538434344e+00
7.159759931408973443e+01,1.031938426361992178e+01
7.161760503000857625e+01,9.277682450600920561e+00
7.163761074592741807e+01,9.349126935988481435e+00
7.165761646184624567e+01,9.473775300928069854e+00
7.167762217776507327e+01,1.043700566511134831e+01
7.169762789368391509e+01,1.053263164006821562e+01
7.171763360960275691e+01,1.017325493964645311e+01
7.173763932552158451e+01,1.162342412864650143e+01
7.175764504144041211e+01,1.003187292532156505e+01
7.177765075735925393e+01,9.607259793046690532e+00
7.179765647327808153e+01,9.826028119899268276e+00
7.181766218919690914e+01,1.082034840380003793e+01
7.183766790511575095e+01,9.573244620668649674e+00
7.185767362103459277e+01,8.489465993203994643e+00
7.187767933695342037e+01,9.802771360613952822e+00
7.189768505287224798e+01,7.813640004479476708e+00
7.191769076879108979e+01,7.707106821858420886e+00
7.193769648470991740e+01,8.824957519013075569e+00
7.195770220062874500e+01,8.020978182705638559e+00
7.197770791654758682e+01,7.248031535479665166e+00
7.199771363246642863e+01,7.263197657388582584e+00
7.201771934838525624e+01,6.547514446294470325e+00
7.203772506430408384e+01,6.616037979934231927e+00
7.205773078022292566e+01,7.329547423546237894e+00
7.207773649614176747e+01,8.170090397098917379e+00
7.209774221206059508e+01,7.824050048628985010e+00
7.211774792797942268e+01,7.877681128937402022e+00
7.213775364389826450e+01,8.486976526913318608e+00
7.215775935981709210e+01,6.751838829798389341e+00
7.217776507573591971e+01,7.601249942433534912e+00
7.219777079165476152e+01,8.823038243994350438e+00
7.221777650757360334e+01,8.333954467369759200e+00
7.223778222349243094e+01,8.831336713127754479e+00
7.225778793941125855e+01,8.515150235030603199e+00
7.227779365533010036e+01,7.284967119018729065e+00
7.229779937124894218e+01,7.877475152193734509e+00
7.231780508716775557e+01,8.820634652696583089e+00
7.233781080308659739e+01,8.462177709685706262e+00
7.235781651900543920e+01,7.540960263326818236e+00
7.237782223492426681e+01,8.383530555156182729e+00
7.239782795084309441e+01,8.144552272432852291e+00
7.241783366676193623e+01,7.434882546244375057e+00
7.243783938268077804e+01,7.801257707347790671e+00
7.245784509859960565e+01,7.611593802795751706e+00
7.247785081451843325e+01,7.500125363437132542e+00
7.249785653043727507e+01,6.392261268495496473e+00
7.251786224635610267e+01,6.397609214290400637e+00
7.253786796227493028e+01,6.732043212739288407e+00
7.255787367819377209e+01,7.839196451425440415e+00
7.257787939411261391e+01,8.520690538836708683e+00
7.259788511003144151e+01,7.420698220124079647e+00
7.261789082595026912e+01,7.774553671735677796e+00
7.263789654186911093e+01,8.016375436344514327e+00
7.265790225778795275e+01,8.200752933221693297e+00
7.267790797370678035e+01,8.763566381605656375e+00
7.269791368962560796e+01,8.674218439576435458e+00
7.271791940554444977e+01,9.908738773796756050e+00
7.273792512146327738e+01,1.151263524368694924e+01
7.275793083738210498e+01,1.185314546586719509e+01
7.277793655330094680e+01,1.068933215297336403e+01
7.279794226921978861e+01,1.197511222782708806e+01
7.281794798513861622e+01,1.274741102601552534e+01
7.283795370105744382e+01,1.277315065911906267e+01
7.285795941697628564e+01,1.327978899816688774e+01
7.287796513289511324e+01,1.402247153281353143e+01
7.289797084881394085e+01,1.328507636728848951e+01
7.291797656473278266e+01,1.412932488048191537e+01
7.293798228065162448e+01,1.319782219400298295e+01
7.295798799657045208e+01,1.371056163976823505e+01
7.297799371248927969e+01,1.438073672083333854e+01
7.299799942840812150e+01,1.296048694916708754e+01
7.301800514432696332e+01,1.435333262340091132e+01
7.303801086024579092e+01,1.291179579936181199e+01
7.305801657616461853e+01,1.300124069323987541e+01
7.307802229208346034e+01,1.297779680816103820e+01
7.309802800800228795e+01,1.406727277542745291e+01
7.311803372392111555e+01,1.279205136616737981e+01
7.313803943983995737e+01,1.273425586210070826e+01
7.315804515575879918e+01,1.193846745654036212e+01
7.317805087167762679e+01,1.093910586168291665e+01
7.319805658759645439e+01,1.141954295227840355e+01
7.321806230351529621e+01,1.146845558127479237e+01
7.323806801943413802e+01,1.105596574983051283e+01
7.325807373535295142e+01,1.085226373164223190e+01
7.327807945127179323e+01,1.114113009492124817e+01
7.329808516719063505e+01,9.634159041425450098e+00
7.331809088310946265e+01,1.010870359146576369e+01
7.333809659902829026e+01,1.027569249514246863e+01
7.335810231494713207e+01,1.096987300490147277e+01
7.337810803086597389e+01,1.149693297702088657e+01
7.339811374678480149e+01,1.324654399624503931e+01
7.341811946270362910e+01,1.211835755573370754e+01
7.343812517862247091e+01,1.287652198575909068e+01
7.345813089454129852e+01,1.508882532123875997e+01
7.347813661046012612e+01,1.440776639111451196e+01
7.349814232637896794e+01,1.504190925313415939e+01
7.351814804229780975e+01,1.489606843834395633e+01
7.353815375821663736e+01,1.636950383550980348e+01
7.355815947413546496e+01,1.606368624928646938e+01
7.357816519005430678e+01,1.552598281748625020e+01
7.359817090597314859e+01,1.508237113284714503e+01
7.361817662189197620e+01,1.570413313469045669e+01
7.363818233781080380e+01,1.506968921809879092e+01
7.365818805372964562e+01,1.336892549183611401e+01
7.367819376964847322e+01,1.350557396832426349e+01
7.369819948556730083e+01,1.250770452166410962e+01
7.371820520148614264e+01,1.382034866645129334e+01
7.373821091740498446e+01,1.309181449556676746e+01
7.375821663332381206e+01,1.349721588967923758e+01
7.377822234924263967e+01,1.165807165993130567e+01
7.379822806516148148e+01,1.220551332607847428e+01
7.381823378108030909e+01,1.305878496573491887e+01
7.383823949699913669e+01,1.304443587429158136e+01
7.385824521291797851e+01,1.309882994044537874e+01
7.387825092883682032e+01,1.229936308620249541e+01
7.389825664475564793e+01,1.287142651032690210e+01
7.391826236067447553e+01,1.206561415774308443e+01
7.393826807659331735e+01,1.207995517062287583e+01
7.395827379251215916e+01,1.110545454906393559e+01
7.397827950843098677e+01,1.117970495194745517e+01
7.399828522434981437e+01,1.097194680555416824e+01
7.401829094026865619e+01,1.059142006046612217e+01
7.403829665618748379e+01,1.038474456005851465e+01
7.405830237210632561e+01,1.061224148514934207e+01
7.407830808802515321e+01,9.410807927417232932e+00
7.409831380394398082e+01,8.776215342235431649e+00
7.411831951986282263e+01,7.774787805865917889e+00
7.413832523578165024e+01,8.416696322079884496e+00
7.415833095170049205e+01,6.971851937615372030e+00
7.417833666761931966e+01,7.714674488706311450e+00
7.419834238353816147e+01,6.664086478244064971e+00
7.421834809945698908e+01,7.243085780591178136e+00
7.423835381537583089e+01,6.955226396131523714e+00
7.425835953129465850e+01,6.945463680562741438e+00
7.427836524721348610e+01,7.249758483921596053e+00
7.429837096313232792e+01,7.252635142407006796e+00
7.431837667905115552e+01,5.838658445696821353e+00
7.433838239496999734e+01,5.751628601755311543e+00
7.435838811088882494e+01,7.186916215923687012e+00
7.437839382680766676e+01,6.681183769756183111e+00
7.439839954272649436e+01,6.773736767681664439e+00
7.441840525864533618e+01,6.152777813930668138e+00
7.443841097456416378e+01,7.246307098209394226e+00
7.445841669048300560e+01,5.574497079439691305e+00
7.447842240640183320e+01,7.282504647724024061e+00
7.449842812232066080e+01,6.242959234402900570e+00
7.451843383823950262e+01,5.806224176536384896e+00
7.453843955415833022e+01,6.456081379177415869e+00
7.455844527007717204e+01,5.631652445228619186e+00
7.457845098599599964e+01,6.067263390397326539e+00
7.459845670191484146e+01,6.684373902392661826e+00
7.461846241783366906e+01,6.426977792184232818e+00
7.463846813375251088e+01,7.421560200095297155e+00
7.465847384967133848e+01,6.910070230286589066e+00
7.467847956559016609e+01,7.542958498863108652e+00
7.469848528150900790e+01,6.211661232865758997e+00
7.471849099742783551e+01,6.869843271888757208e+00
7.473849671334667732e+01,7.543683838203257608e+00
7.475850242926550493e+01,6.897330135794196515e+00
7.477850814518434674e+01,6.903928424132140584e+00
7.479851386110317435e+01,8.055593884776996561e+00
7.481851957702201616e+01,8.518535965728165849e+00
7.483852529294084377e+01,8.640306632687536847e+00
7.485853100885967137e+01,7.985844473883528138e+00
7.487853672477851319e+01,8.897089525631850293e+00
7.489854244069734079e+01,8.086327382542497944e+00
7.491854815661618261e+01,1.008259528819764483e+01
7.493855387253501021e+01,9.352533275193028572e+00
7.495855958845385203e+01,9.165997740212119993e+00
7.497856530437267963e+01,9.155762874729731493e+00
7.499857102029152145e+01,1.019670824666895115e+01
7.501857673621034905e+01,1.001513556087859236e+01
7.503858245212917666e+01,1.145415839607897368e+01
7.505858816804801847e+01,1.042598774077805146e+01
7.507859388396684608e+01,1.039030843447592822e+01
7.509859959988568789e+01,1.148959599664800812e+01
7.511860531580451550e+01,9.968241394125232802e+00
7.513861103172335731e+01,9.608030052918628883e+00
7.515861674764218492e+01,1.111949341971115146e+01
7.517862246356102673e+01,9.823746778697607596e+00
7.519862817947985434e+01,9.452036964259241003e+00
7.521863389539868194e+01,1.040405300178422543e+01
7.523863961131752376e+01,1.023141179260257516e+01
7.525864532723635136e+01,8.571705072473271514e+00
7.527865104315519318e+01,8.718878082391880113e+00
7.529865675907402078e+01,9.631442052943729237e+00
7.531866247499286260e+01,8.645071331542386162e+00
7.533866819091169020e+01,9.594903233883229632e+00
7.535867390683053202e+01,9.321033187745856097e+00
7.537867962274935962e+01,9.765279785860668582e+00
7.539868533866820144e+01,9.139161307502011056e+00
7.541869105458702904e+01,7.841379445847788787e+00
7.543869677050585665e+01,9.156275210191541447e+00
7.545870248642469846e+01,8.226546185336383488e+00
7.547870820234352607e+01,7.520201375274728761e+00
7.549871391826236788e+01,8.340907393045430496e+00
7.551871963418119549e+01,8.466036999017184428e+00
7.553872535010003730e+01,8.691106303927160326e+00
7.555873106601886491e+01,7.889975252186068211e+00
7.557873678193770672e+01,7.699523888314566911e+00
7.559874249785653433e+01,6.845278816603841854e+00
7.561874821377536193e+01,7.542889752014772853e+00
7.563875392969420375e+01,6.381549049969638787e+00
7.565875964561303135e+01,7.915791666145059580e+00
7.567876536153187317e+01,7.739765492705864780e+00
7.569877107745070077e+01,7.570431780342592454e+00
7.571877679336954259e+01,7.010117108457733615e+00
7.573878250928837019e+01,8.139144622710668742e+00
7.575878822520721201e+01,7.099918315846690753e+00
7.577879394112603961e+01,8.463367653734469087e+00
7.579879965704486722e+01,7.622878990835924462e+00
7.581880537296370903e+01,8.449764944815557399e+00
7.583881108888253664e+01,8.009308691572883276e+00
7.585881680480137845e+01,9.712191597500959617e+00
7.587882252072020606e+01,1.032610293770227372e+01
7.589882823663904787e+01,1.105610153304820464e+01
7.591883395255787548e+01,1.021912353826861874e+01
7.593883966847671729e+01,1.164407254143297088e+01
7.595884538439554490e+01,1.237822787793009738e+01
7.597885110031437250e+01,1.292197972704176223e+01
7.599885681623321432e+01,1.307453087300931216e+01
7.601886253215204192e+01,1.431409409325260818e+01
7.603886824807088374e+01,1.427009366162973691e+01
7.605887396398971134e+01,1.392124112268584035e+01
7.607887967990855316e+01,1.455615671143225143e+01
7.609888539582738076e+01,1.549429233371594350e+01
7.611889111174622258e+01,1.458378065718483896e+01
7.613889682766505018e+01,1.608445444469171193e+01
7.615890254358387779e+01,1.505873800784747907e+01
7.617890825950271960e+01,1.552542420346273566e+01
7.619891397542154721e+01,1.519860922038291662e+01
7.621891969134038902e+01,1.352080119510572942e+01
7.623892540725921663e+01,1.400689625140735117e+01
7.625893112317805844e+01,1.212500289062735348e+01
7.627893683909688605e+01,1.240053988520558192e+01
7.629894255501572786e+01,1.212886335586775566e+01
7.631894827093455547e+01,1.214608771292499512e+01
7.633895398685339728e+01,1.132658680034799836e+01
7.635895970277222489e+01,9.847394002665732060e+00
7.637896541869105249e+01,9.129592587480194865e+00
7.639897113460989431e+01,9.343846977638349927e+00
7.641897685052872191e+01,8.218646757593202068e+00
7.643898256644756373e+01,9.617312618446979045e+00
7.645898828236639133e+01,8.650310512266301544e+00
7.647899399828523315e+01,8.233471846455914900e+00
7.649899971420406075e+01,8.410208717297908976e+00
7.651900543012290257e+01,7.231148518987392748e+00
7.653901114604173017e+01,8.310151774044424400e+00
7.655901686196055778e+01,7.307031643554487310e+00
7.657902257787939959e+01,8.281578972022906271e+00
7.659902829379822720e+01,8.950258590598647146e+00
7.661903400971706901e+01,7.782637025640388728e+00
7.663903972563589662e+01,8.849417254381547693e+00
7.665904544155473843e+01,7.512303206397010769e+00
7.667905115747356604e+01,7.353964175652939694e+00
7.669905687339240785e+01,8.603593403238699366e+00
7.671906258931123546e+01,6.734229792181379182e+00
7.673906830523006306e+01,7.282214024019311616e+00
7.675907402114890488e+01,7.204988114474701888e+00
7.677907973706773248e+01,6.595545995114004079e+00
7.679908545298657430e+01,8.101344501469972315e+00
7.681909116890540190e+01,7.131219756928201647e+00
7.683909688482424372e+01,7.837813529800574663e+00
7.685910260074307132e+01,7.570041323693801338e+00
7.687910831666191314e+01,7.696793594650764625e+00
7.689911403258074074e+01,8.339699358880956481e+00
7.691911974849956835e+01,7.499808634712660904e+00
7.693912546441841016e+01,8.251186471171164882e+00
7.695913118033723777e+01,8.137442960067840403e+00
7.697913689625607958e+01,8.329188693162427271e+00
7.699914261217490719e+01,8.193381869147581043e+00
7.701914832809374900e+01,9.190867771971099387e+00
7.703915404401257661e+01,9.142566775924128919e+00
7.705915975993141842e+01,8.427993623243791532e+00
7.707916547585024603e+01,8.787345579939017881e+00
7.709917119176907363e+01,8.333007456608925168e+00
7.711917690768791545e+01,8.763590406323830351e+00
7.713918262360674305e+01,8.848686449319959735e+00
7.715918833952558487e+01,8.408743347689478398e+00
7.717919405544441247e+01,7.584658018100296495e+00
7.719919977136325429e+01,6.905678189870808836e+00
7.721920548728208189e+01,6.678385032698673562e+00
7.723921120320092371e+01,7.711818147136573209e+00
7.725921691911975131e+01,6.806207296648643101e+00
7.727922263503859313e+01,7.132562915691034178e+00
7.729922835095742073e+01,6.133965447154070993e+00
7.731923406687624833e+01,7.225259986119111133e+00
7.733923978279509015e+01,5.781383086832210694e+00
7.735924549871391775e+01,5.941759158071615587e+00
7.737925121463275957e+01,6.344198944435655463e+00
7.739925693055158717e+01,6.383505216405071181e+00
7.741926264647042899e+01,6.962196545213631182e+00
7.743926836238925659e+01,7.083155488133293431e+00
7.745927407830809841e+01,6.733551039677494465e+00
7.747927979422692601e+01,6.440489214344767177e+00
7.749928551014575362e+01,7.016288372411257690e+00
7.751929122606459543e+01,5.618281433422765758e+00
7.753929694198342304e+01,6.039609264592302296e+00
7.755930265790226485e+01,6.364116365425644517e+00
7.757930837382109246e+01,6.069223385333183174e+00
7.759931408973993427e+01,7.046155999992442354e+00
7.761931980565876188e+01,6.227818176870203004e+00
7.763932552157760369e+01,7.087219336442288409e+00
7.765933123749643130e+01,6.697656353388808270e+00
7.767933695341525890e+01,7.091768896646206244e+00
7.769934266933410072e+01,7.938803947526809957e+00
7.771934838525292832e+01,6.708438726765703741e+00
7.773935410117177014e+01,7.789371835781008002e+00
7.775935981709059774e+01,8.659898649935730219e+00
7.777936553300943956e+01,8.846564485204961414e+00
7.779937124892826716e+01,8.364072317290844438e+00
7.781937696484710898e+01,7.793369621384076851e+00
7.783938268076593658e+01,8.815177169599838436e+00
7.785938839668476419e+01,9.549042963269387840e+00
7.787939411260360600e+01,9.608509663392464262e+00
7.789939982852243361e+01,9.447662709989257834e+00
7.791940554444127542e+01,9.209502032713462683e+00
7.793941126036010303e+01,9.124067639672503560e+00
7.795941697627894484e+01,8.448434136963792085e+00
7.797942269219777245e+01,8.629185390253237387e+00
7.799942840811661426e+01,9.442928527211540413e+00
7.801943412403544187e+01,8.601720695260915761e+00
7.803943983995426947e+01,9.006242496443135792e+00
7.805944555587311129e+01,9.459015596686112914e+00
7.807945127179193889e+01,8.684371514962979433e+00
7.809945698771078071e+01,9.818095933715573764e+00
7.811946270362960831e+01,1.038133204761619055e+01
7.813946841954845013e+01,9.703813809533505363e+00
7.815947413546727773e+01,1.075456149492015889e+01
7.817947985138611955e+01,9.230640059638961503e+00
7.819948556730494715e+01,9.193356767140745234e+00
7.821949128322378897e+01,1.068084695339945078e+01
7.823949699914261657e+01,9.511116968350993517e+00
7.825950271506144418e+01,9.244225329119082346e+00
7.827950843098028599e+01,1.010080406482978255e+01
7.829951414689911360e+01,9.211794138684350486e+00
7.831951986281795541e+01,8.423307807439195827e+00
7.833952557873678302e+01,8.795971375418947247e+00
7.835953129465562483e+01,7.868968720253370464e+00
7.837953701057445244e+01,8.626202358167532225e+00
7.839954272649329425e+01,6.785216159339671371e+00
7.841954844241212186e+01,7.134155735471884974e+00
7.843955415833094946e+01,7.710087414902649705e+00
7.845955987424979128e+01,7.614356886004181924e+00
7.847956559016861888e+01,7.982892241881064166e+00
7.849957130608746070e+01,7.302731671183451567e+00
7.851957702200628830e+01,6.636613060045056578e+00
7.853958273792513012e+01,6.787485422798378742e+00
7.855958845384395772e+01,6.976909116694112178e+00
7.857959416976279954e+01,6.190477182109773047e+00
7.859959988568162714e+01,7.814953376451896361e+00
7.861960560160045475e+01,6.758929349542650122e+00
7.863961131751929656e+01,6.548239871228073383e+00
7.865961703343812417e+01,7.034529873782784826e+00
7.867962274935696598e+01,7.365993292197147824e+00
7.869962846527579359e+01,7.778742621102787247e+00
7.871963418119463540e+01,6.994515590669375449e+00
7.873963989711346301e+01,8.147717509052698759e+00
7.875964561303230482e+01,8.244730286585438606e+00
7.877965132895113243e+01,6.742972367992190463e+00
7.879965704486996003e+01,7.617822194076168785e+00
7.881966276078880185e+01,7.115141828005545399e+00
7.883966847670762945e+01,6.718147481222789708e+00
7.885967419262647127e+01,7.543503455042396055e+00
7.887967990854529887e+01,6.453159708617945078e+00
7.889968562446414069e+01,6.017540001491251900e+00
7.891969134038296829e+01,6.713448330569561584e+00
7.893969705630181011e+01,7.177108463376939973e+00
7.895970277222063771e+01,5.708397237779725408e+00
7.897970848813946532e+01,5.830071974147859493e+00
7.899971420405830713e+01,7.032204868884450732e+00
7.901971991997713474e+01,7.545808108809267445e+00
7.903972563589597655e+01,5.897624533661657509e+00
7.905973135181480416e+01,7.725177054610172789e+00
7.907973706773364597e+01,7.205554785022758146e+00
7.909974278365247358e+01,7.005081094056695434e+00
7.911974849957131539e+01,8.304754067339999324e+00
7.913975421549014300e+01,8.151817385889174261e+00
7.915975993140898481e+01,7.938705741584137776e+00
7.917976564732781242e+01,8.676976702717100309e+00
7.919977136324664002e+01,7.303581787686953319e+00
7.921977707916548184e+01,8.862856196863733160e+00
7.923978279508430944e+01,8.790106199793195074e+00
7.925978851100315126e+01,8.114133975056899928e+00
7.927979422692197886e+01,8.377552500734021024e+00
7.929979994284082068e+01,9.489301416452597948e+00
7.931980565875964828e+01,9.316273336431775576e+00
7.933981137467849010e+01,9.653782435733791800e+00
7.935981709059731770e+01,8.593252176267114351e+00
7.937982280651614531e+01,7.834449271412463389e+00
7.939982852243498712e+01,9.062051628806239378e+00
7.941983423835381473e+01,7.991792598395157654e+00
7.943983995427265654e+01,8.088886393101628158e+00
7.945984567019148415e+01,8.965060581014853369e+00
7.947985138611032596e+01,7.436654998107509407e+00
7.949985710202915357e+01,7.963665071807292328e+00
7.951986281794799538e+01,8.555155001242454205e+00
7.953986853386682299e+01,7.117955980249081271e+00
7.955987424978565059e+01,8.497618389354508750e+00
7.957987996570449241e+01,6.770938199614822572e+00
7.959988568162332001e+01,7.225694791009300566e+00
7.961989139754216183e+01,6.843340072677031038e+00
7.963989711346098943e+01,6.486541825374312786e+00
7.965990282937983125e+01,6.958934676928312690e+00
7.967990854529865885e+01,7.159113207837964232e+00
7.969991426121750067e+01,5.782507416802268985e+00
7.971991997713632827e+01,5.517882179093265727e+00
7.973992569305515588e+01,5.994406903359688954e+00
7.975993140897399769e+01,6.773398143082186351e+00
7.977993712489282530e+01,6.300490163922697562e+00
7.979994284081166711e+01,6.311754358390009756e+00
7.981994855673049472e+01,6.646860270471212750e+00
7.983995427264933653e+01,5.823605922345463703e+00
7.985995998856816414e+01,7.106672584136259907e+00
7.987996570448700595e+01,6.168011012328140197e+00
7.989997142040583356e+01,6.306601245607842188e+00
7.991997713632466116e+01,6.817866113698995534e+00
7.993998285224350298e+01,7.058287385673878589e+00
7.995998856816233058e+01,5.834141990321952242e+00
7.997999428408117240e+01,6.695216685540821722e+00
8.000000000000000000e+01,5.209097547460317834e+00
