angle,intensity
1.000000000000000000e+01,6.025204032020874401e-01
1.002000571591883471e+01,1.420609728620778611e+00
1.004001143183766764e+01,6.829862605253752550e-01
1.006001714775650235e+01,1.246136377433636921e+00
1.008002286367533529e+01,7.438801732858778548e-01
1.010002857959417000e+01,1.191341243367898706e+00
1.012003429551300293e+01,8.814561669651397313e-01
1.014004001143183764e+01,1.840623617999529449e+00
1.016004572735067235e+01,8.879512508368603285e-01
1.018005144326950528e+01,1.528722031172398577e+00
1.020005715918833999e+01,7.072778847385802203e-01
1.022006287510717293e+01,9.689749040935430324e-01
1.024006859102600764e+01,1.335329566167233750e+00
1.026007430694484057e+01,1.188781454020905848e+00
1.028008002286367528e+01,1.421862935118457960e+00
1.030008573878250999e+01,5.887760729528856984e-01
1.032009145470134293e+01,1.340793522897755441e+00
1.034009717062017764e+01,9.285284083318677828e-01
1.036010288653901057e+01,1.659576747040544475e+00
1.038010860245784528e+01,1.724443391907202416e+00
1.040011431837667999e+01,1.209278457515076344e+00
1.042012003429551292e+01,1.460865609827312728e+00
1.044012575021434763e+01,1.967470602004213642e+00
1.046013146613318057e+01,7.997590043839473140e-01
1.048013718205201528e+01,2.155551678691762785e+00
1.050014289797084821e+01,9.152468463624751083e-01
1.052014861388968292e+01,1.492385286108014908e+00
1.054015432980851585e+01,1.257308929753331750e+00
1.056016004572735056e+01,9.601704665559982477e-01
1.058016576164618527e+01,1.455293390248446617e+00
1.060017147756501821e+01,1.128124818990841494e+00
1.062017719348385292e+01,1.887090023550676232e+00
1.064018290940268585e+01,2.072189304650009056e+00
1.066018862532152056e+01,2.021956347085394512e+00
1.068019434124035527e+01,1.464686449038352212e+00
1.070020005715918820e+01,1.361266556656384408e+00
1.072020577307802292e+01,1.389222322881727756e+00
1.074021148899685585e+01,1.151570289390563495e+00
1.076021720491569056e+01,1.296225981541356820e+00
1.078022292083452349e+01,1.043897906535883102e+00
1.080022863675335820e+01,1.476855097987419985e+00
1.082023435267219291e+01,1.157325141074516672e+00
1.084024006859102585e+01,1.545100604611209016e+00
1.086024578450986056e+01,2.045810086745518674e+00
1.088025150042869349e+01,8.086306018950728536e-01
1.090025721634752820e+01,2.019669329297313354e+00
1.092026293226636113e+01,1.360617799003440487e+00
1.094026864818519584e+01,1.654711683351634210e+00
1.096027436410403055e+01,1.922215366467570963e+00
1.098028008002286349e+01,1.407109143325938616e+00
1.100028579594169820e+01,1.111133843890774520e+00
1.102029151186053113e+01,1.874589580505014341e+00
1.104029722777936584e+01,1.328994690181124705e+00
1.106030294369819877e+01,1.090136829465651047e+00
1.108030865961703348e+01,1.699508008678781934e+00
1.110031437553586819e+01,1.826493120693934991e+00
1.112032009145470113e+01,1.133656838170182812e+00
1.114032580737353584e+01,1.983202628559609826e+00
1.116033152329236877e+01,9.721408918692774348e-01
1.118033723921120348e+01,9.113827450337901315e-01
1.120034295513003642e+01,1.587339858676665605e+00
1.122034867104887113e+01,1.511978693521859540e+00
1.124035438696770584e+01,2.225361084181103344e+00
1.126036010288653877e+01,2.499416782901162648e+00
1.128036581880537348e+01,1.741985994371284097e+00
1.130037153472420641e+01,1.628388426924746391e+00
1.132037725064304112e+01,1.170794457320126991e+00
1.134038296656187583e+01,1.837178052793154492e+00
1.136038868248070877e+01,1.566063744736348795e+00
1.138039439839954348e+01,2.193067157306605175e+00
1.140040011431837641e+01,1.529197163454038666e+00
1.142040583023721112e+01,2.082732306442820480e+00
1.144041154615604405e+01,1.808121625013591416e+00
1.146041726207487876e+01,1.917390760470067956e+00
1.148042297799371170e+01,1.793644014335761927e+00
1.150042869391254641e+01,1.638427243790941290e+00
1.152043440983138112e+01,1.613819874307658164e+00
1.154044012575021405e+01,1.710238851227195545e+00
1.156044584166904876e+01,1.305366966782070870e+00
1.158045155758788169e+01,1.608885643069280613e+00
1.160045727350671640e+01,1.815756876923902530e+00
1.162046298942555111e+01,1.857858365179696269e+00
1.164046870534438405e+01,1.816730694789141953e+00
1.166047442126321876e+01,2.408886907142298472e+00
1.168048013718205169e+01,1.209669769475431478e+00
1.170048585310088640e+01,1.447189631601877746e+00
1.172049156901971934e+01,1.466926862385991015e+00
1.174049728493855405e+01,1.232268697366626364e+00
1.176050300085738698e+01,1.729441013228993240e+00
1.178050871677622169e+01,1.995672770759256753e+00
1.180051443269505640e+01,2.127663754305631372e+00
1.182052014861388933e+01,2.473778208468210060e+00
1.184052586453272404e+01,1.690977346821526783e+00
1.186053158045155698e+01,1.954919429836182054e+00
1.188053729637039169e+01,2.347483553338668649e+00
1.190054301228922640e+01,1.497538094539698550e+00
1.192054872820805933e+01,2.526886058103394728e+00
1.194055444412689404e+01,1.581078613026380530e+00
1.196056016004572697e+01,1.581767197023664639e+00
1.198056587596456168e+01,1.699750195459660995e+00
1.200057159188339639e+01,2.098950294419078322e+00
1.202057730780222933e+01,2.260538206730155153e+00
1.204058302372106226e+01,1.399863381799969275e+00
1.206058873963989697e+01,1.394991995755417991e+00
1.208059445555873168e+01,2.738751980757681892e+00
1.210060017147756461e+01,1.999818133057946534e+00
1.212060588739639932e+01,1.220323610635950962e+00
1.214061160331523226e+01,2.073046214665711595e+00
1.216061731923406697e+01,2.190738117773862736e+00
1.218062303515290168e+01,2.058742459751654152e+00
1.220062875107173461e+01,2.243106782101404129e+00
1.222063446699056932e+01,1.870363206628464336e+00
1.224064018290940226e+01,2.252657539052827396e+00
1.226064589882823697e+01,2.068431402354415916e+00
1.228065161474707168e+01,2.459586261836501642e+00
1.230065733066590461e+01,2.654904585715932797e+00
1.232066304658473754e+01,1.722939608114600674e+00
1.234066876250357225e+01,2.277435698500188455e+00
1.236067447842240696e+01,2.541060808542679350e+00
1.238068019434123990e+01,1.826605497049738958e+00
1.240068591026007461e+01,1.422441877279392086e+00
1.242069162617890754e+01,2.202280103580779524e+00
1.244069734209774225e+01,2.630525609918216379e+00
1.246070305801657696e+01,2.699071256148227071e+00
1.248070877393540989e+01,1.930176053718281937e+00
1.250071448985424460e+01,2.111633391016770389e+00
1.252072020577307754e+01,2.747344930686094422e+00
1.254072592169191225e+01,2.277603884267944689e+00
1.256073163761074696e+01,2.031974532619951646e+00
1.258073735352957989e+01,2.358790462740021354e+00
1.260074306944841460e+01,2.743037967557693690e+00
1.262074878536724754e+01,2.355025943131054067e+00
1.264075450128608225e+01,3.076583763758036216e+00
1.266076021720491518e+01,2.413057551775228404e+00
1.268076593312374989e+01,1.846307906291765999e+00
1.270077164904258282e+01,2.422880662943927454e+00
1.272077736496141753e+01,1.612593427006794089e+00
1.274078308088025224e+01,2.863151707220696895e+00
1.276078879679908518e+01,1.850024443688333076e+00
1.278079451271791989e+01,2.174332071092334395e+00
1.280080022863675282e+01,2.253005501953302847e+00
1.282080594455558753e+01,2.339092023136213783e+00
1.284081166047442224e+01,2.051759690620952536e+00
1.286081737639325517e+01,2.601196439866943599e+00
1.288082309231208988e+01,2.073536921396553545e+00
1.290082880823092282e+01,2.886924502420883165e+00
1.292083452414975753e+01,2.229222655275429954e+00
1.294084024006859224e+01,2.221545780788328539e+00
1.296084595598742517e+01,2.669803814926291707e+00
1.298085167190625810e+01,2.497342452906667454e+00
1.300085738782509281e+01,2.300848056951423359e+00
1.302086310374392752e+01,2.156147306139057918e+00
1.304086881966276046e+01,2.803963276411080230e+00
1.306087453558159517e+01,2.402599194188567377e+00
1.308088025150042810e+01,2.653331361316207726e+00
1.310088596741926281e+01,2.913965875705795128e+00
1.312089168333809752e+01,2.580865524333300520e+00
1.314089739925693046e+01,2.721685779452411857e+00
1.316090311517576517e+01,2.510158075619584928e+00
1.318090883109459810e+01,2.019655566189860085e+00
1.320091454701343281e+01,2.230830222782540950e+00
1.322092026293226752e+01,2.839469367282917656e+00
1.324092597885110045e+01,3.034125637021938715e+00
1.326093169476993339e+01,2.151471685368856690e+00
1.328093741068876810e+01,2.697510191649898914e+00
1.330094312660760281e+01,2.747014862862276807e+00
1.332094884252643574e+01,3.111196865482621199e+00
1.334095455844527045e+01,2.518378966823151988e+00
1.336096027436410338e+01,2.536517552700411127e+00
1.338096599028293809e+01,3.046759284000783552e+00
1.340097170620177280e+01,2.628544000250330193e+00
1.342097742212060574e+01,2.920810648226213502e+00
1.344098313803944045e+01,2.639297681122115602e+00
1.346098885395827338e+01,2.220519108571328282e+00
1.348099456987710809e+01,2.260711950499047163e+00
1.350100028579594280e+01,3.214213552182421108e+00
1.352100600171477573e+01,2.787034192427444879e+00
1.354101171763361044e+01,3.118167697942636263e+00
1.356101743355244338e+01,2.904913316752024688e+00
1.358102314947127809e+01,2.687337669877066570e+00
1.360102886539011102e+01,2.631724729718130540e+00
1.362103458130894573e+01,2.736576973461221751e+00
1.364104029722777867e+01,2.460849641196624749e+00
1.366104601314661338e+01,2.537899520213908744e+00
1.368105172906544809e+01,2.356112881548146909e+00
1.370105744498428102e+01,2.688702394210844560e+00
1.372106316090311573e+01,3.365442209873875878e+00
1.374106887682194866e+01,2.742779802757211449e+00
1.376107459274078337e+01,3.223547493625795290e+00
1.378108030865961808e+01,3.004487992010268282e+00
1.380108602457845102e+01,3.096284384851374583e+00
1.382109174049728573e+01,3.354116234638803817e+00
1.384109745641611866e+01,2.473405346923225778e+00
1.386110317233495337e+01,2.926763735971430691e+00
1.388110888825378808e+01,2.996035034395291952e+00
1.390111460417262101e+01,3.216275093524886941e+00
1.392112032009145395e+01,3.400355489275016296e+00
1.394112603601028866e+01,3.644488984389104402e+00
1.396113175192912337e+01,2.979082714593621617e+00
1.398113746784795630e+01,2.428299766446308183e+00
1.400114318376679101e+01,3.183074530650620737e+00
1.402114889968562395e+01,3.559642099311416175e+00
1.404115461560445866e+01,3.254454415319908200e+00
1.406116033152329337e+01,3.030482202916877199e+00
1.408116604744212630e+01,3.669111100211678078e+00
1.410117176336095923e+01,3.511961081683605101e+00
1.412117747927979394e+01,3.235603538192702633e+00
1.414118319519862865e+01,2.978368204018165155e+00
1.416118891111746336e+01,3.123436567144476594e+00
1.418119462703629630e+01,3.113107289628826102e+00
1.420120034295512923e+01,3.738274364236442437e+00
1.422120605887396394e+01,3.144364658762462739e+00
1.424121177479279865e+01,3.620412465615430619e+00
1.426121749071163336e+01,2.942357062365261733e+00
1.428122320663046629e+01,3.932717373520179471e+00
1.430122892254929923e+01,3.290340158182459618e+00
1.432123463846813394e+01,3.328236572133936644e+00
1.434124035438696865e+01,2.626489160944378121e+00
1.436124607030580158e+01,3.532510748541456636e+00
1.438125178622463629e+01,3.131551141206979860e+00
1.440125750214346922e+01,3.324658710670363782e+00
1.442126321806230393e+01,3.368313431963692040e+00
1.444126893398113864e+01,3.666841987278683490e+00
1.446127464989997158e+01,4.192329047456754054e+00
1.448128036581880451e+01,3.783853750241498393e+00
1.450128608173763922e+01,3.735229189769709635e+00
1.452129179765647393e+01,3.869596327078935971e+00
1.454129751357530864e+01,3.468306053856562876e+00
1.456130322949414158e+01,3.582776509234927076e+00
1.458130894541297451e+01,2.818425516381989127e+00
1.460131466133180922e+01,4.231126679038427874e+00
1.462132037725064393e+01,4.182254572909462453e+00
1.464132609316947686e+01,3.045563866709932288e+00
1.466133180908831157e+01,4.104245005990540207e+00
1.468133752500714451e+01,3.834995311761918657e+00
1.470134324092597922e+01,3.907749441840702165e+00
1.472134895684481393e+01,3.904051127273741706e+00
1.474135467276364686e+01,4.424376041011989891e+00
1.476136038868247979e+01,4.570432819274953040e+00
1.478136610460131450e+01,3.870631314485465602e+00
1.480137182052014921e+01,3.538499748445091519e+00
1.482137753643898392e+01,3.936039527093787349e+00
1.484138325235781686e+01,3.725142514586551989e+00
1.486138896827664979e+01,4.686037646276263402e+00
1.488139468419548450e+01,3.143686174988021165e+00
1.490140040011431921e+01,4.337607095022569581e+00
1.492140611603315392e+01,4.329299040624889905e+00
1.494141183195198685e+01,4.029812358258062055e+00
1.496141754787081979e+01,3.993827716141694850e+00
1.498142326378965450e+01,3.754887359324065255e+00
1.500142897970848921e+01,4.372575962838776142e+00
1.502143469562732214e+01,4.681317938893104547e+00
1.504144041154615508e+01,4.388048203742009434e+00
1.506144612746498979e+01,3.825345055955445606e+00
1.508145184338382450e+01,5.104138810396012360e+00
1.510145755930265921e+01,4.364931835488308209e+00
1.512146327522149214e+01,4.696010012334707717e+00
1.514146899114032507e+01,5.274525611296878580e+00
1.516147470705915978e+01,4.524241321621257583e+00
1.518148042297799449e+01,4.724541105890974535e+00
1.520148613889682920e+01,4.883715963777897962e+00
1.522149185481566214e+01,5.313601789203006298e+00
1.524149757073449507e+01,4.773087413766919695e+00
1.526150328665332978e+01,5.430827827941040908e+00
1.528150900257216449e+01,5.294437511721744372e+00
1.530151471849099742e+01,5.238524949529683283e+00
1.532152043440983036e+01,6.011386136867586494e+00
1.534152615032866507e+01,5.428224395264505731e+00
1.536153186624749978e+01,5.212890362771132047e+00
1.538153758216633449e+01,5.083583402377718663e+00
1.540154329808516742e+01,5.790437164710313667e+00
1.542154901400400036e+01,5.284482748415350706e+00
1.544155472992283507e+01,6.656220774313224453e+00
1.546156044584166978e+01,6.211072813044040686e+00
1.548156616176050449e+01,6.526466172655571718e+00
1.550157187767933742e+01,6.155065344109534209e+00
1.552157759359817035e+01,6.095738294076440411e+00
1.554158330951700506e+01,6.309921296639765309e+00
1.556158902543583977e+01,7.566856003198796365e+00
1.558159474135467271e+01,6.849173794307533925e+00
1.560160045727350742e+01,7.530612780918788829e+00
1.562160617319234035e+01,7.205473457194022657e+00
1.564161188911117506e+01,8.258355447757438128e+00
1.566161760503000977e+01,8.478340002628002026e+00
1.568162332094884270e+01,8.204415559717830320e+00
1.570162903686767564e+01,7.863747507397938818e+00
1.572163475278651035e+01,8.834906724159893088e+00
1.574164046870534506e+01,8.503710350310337063e+00
1.576164618462417977e+01,9.581853258761366732e+00
1.578165190054301270e+01,9.017649438864303590e+00
1.580165761646184563e+01,9.128750616774196303e+00
1.582166333238068034e+01,1.008972089915171821e+01
1.584166904829951505e+01,9.732617925502388800e+00
1.586167476421834799e+01,1.017284531742936338e+01
1.588168048013718270e+01,1.132452040927962145e+01
1.590168619605601563e+01,1.048302346873557767e+01
1.592169191197485034e+01,1.089238726769853827e+01
1.594169762789368505e+01,1.111409246447670185e+01
1.596170334381251799e+01,1.233855724883823513e+01
1.598170905973135092e+01,1.151977745517173801e+01
1.600171477565018563e+01,1.191415697815526542e+01
1.602172049156902034e+01,1.235019416523586600e+01
1.604172620748785505e+01,1.312005976153834652e+01
1.606173192340668976e+01,1.352694217377848673e+01
1.608173763932552092e+01,1.320519465891962341e+01
1.610174335524435563e+01,1.402360436619255779e+01
1.612174907116319034e+01,1.356941449713257342e+01
1.614175478708202505e+01,1.454374164933133073e+01
1.616176050300085620e+01,1.473210979202877091e+01
1.618176621891969091e+01,1.584559132463473929e+01
1.620177193483852562e+01,1.560577440645344538e+01
1.622177765075736033e+01,1.542668902765333527e+01
1.624178336667619504e+01,1.657153024541462116e+01
1.626178908259502620e+01,1.699903798136755384e+01
1.628179479851386091e+01,1.709526043170353660e+01
1.630180051443269562e+01,1.776682314372126825e+01
1.632180623035153033e+01,1.816172441032214024e+01
1.634181194627036149e+01,1.894876325402814388e+01
1.636181766218919620e+01,1.921314462272467338e+01
1.638182337810803091e+01,2.011866576527813066e+01
1.640182909402686562e+01,2.015869063526317007e+01
1.642183480994570033e+01,2.037907374020939244e+01
1.644184052586453504e+01,2.136745633796951438e+01
1.646184624178336620e+01,2.157967135603073316e+01
1.648185195770220091e+01,2.212409482805776051e+01
1.650185767362103562e+01,2.197857245666009618e+01
1.652186338953986677e+01,2.316756954827781456e+01
1.654186910545870148e+01,2.376995523363996909e+01
1.656187482137753619e+01,2.398231121214520556e+01
1.658188053729637090e+01,2.509280403164040152e+01
1.660188625321520561e+01,2.507809673248936377e+01
1.662189196913404032e+01,2.634330872404570201e+01
1.664189768505287148e+01,2.679597333010196536e+01
1.666190340097170619e+01,2.621409582116203296e+01
1.668190911689054090e+01,2.712687364056993289e+01
1.670191483280937561e+01,2.865512998262860833e+01
1.672192054872820677e+01,2.880444593423244726e+01
1.674192626464704148e+01,2.902915641578947969e+01
1.676193198056587619e+01,2.985690149177167285e+01
1.678193769648471090e+01,2.966720688730240596e+01
1.680194341240354561e+01,3.122243109911268633e+01
1.682194912832238032e+01,3.082962149005053121e+01
1.684195484424121148e+01,3.165905901826287305e+01
1.686196056016004619e+01,3.175975527063224035e+01
1.688196627607888090e+01,3.311894514219721941e+01
1.690197199199771205e+01,3.323878142086459775e+01
1.692197770791654676e+01,3.312415105358615364e+01
1.694198342383538147e+01,3.374021456297010246e+01
1.696198913975421618e+01,3.378580212635775126e+01
1.698199485567305089e+01,3.380174631374453753e+01
1.700200057159188560e+01,3.336362561518362213e+01
1.702200628751071676e+01,3.409802144962597481e+01
1.704201200342955147e+01,3.382587264208139288e+01
1.706201771934838618e+01,3.341583180407489095e+01
1.708202343526722089e+01,3.261071475548502008e+01
1.710202915118605205e+01,3.234059395486259803e+01
1.712203486710488676e+01,3.175366127302419983e+01
1.714204058302372147e+01,3.082367195435579532e+01
1.716204629894255618e+01,3.084422106381558137e+01
1.718205201486139089e+01,2.837670011309506890e+01
1.720205773078022204e+01,2.758681574583977891e+01
1.722206344669905675e+01,2.645664805470850212e+01
1.724206916261789146e+01,2.606378154753896936e+01
1.726207487853672617e+01,2.408942342532230185e+01
1.728208059445555733e+01,2.409166660810430827e+01
1.730208631037439204e+01,2.186116970206575871e+01
1.732209202629322675e+01,2.105115153590751120e+01
1.734209774221206146e+01,2.135158382447765035e+01
1.736210345813089617e+01,2.031230025470636491e+01
1.738210917404973088e+01,1.930909848103224391e+01
1.740211488996856204e+01,1.767913711968171953e+01
1.742212060588739675e+01,1.829452601573841619e+01
1.744212632180623146e+01,1.765757116556321549e+01
1.746213203772506262e+01,1.694304063928337456e+01
1.748213775364389733e+01,1.704689411575486702e+01
1.750214346956273204e+01,1.619542229097293173e+01
1.752214918548156675e+01,1.582658254783763141e+01
1.754215490140040146e+01,1.572792343374957724e+01
1.756216061731923617e+01,1.487685891161154039e+01
1.758216633323806732e+01,1.516529053964871210e+01
1.760217204915690203e+01,1.467797125581440376e+01
1.762217776507573674e+01,1.430471562788258488e+01
1.764218348099457145e+01,1.486939763691188787e+01
1.766218919691340261e+01,1.481289757070207003e+01
1.768219491283223732e+01,1.448339091843528870e+01
1.770220062875107203e+01,1.450981146461982263e+01
1.772220634466990674e+01,1.425033704824172176e+01
1.774221206058874145e+01,1.384566568063673841e+01
1.776221777650757616e+01,1.388541090458676486e+01
1.778222349242640732e+01,1.407045319485587598e+01
1.780222920834524203e+01,1.381286711030535308e+01
1.782223492426407674e+01,1.391056910601591667e+01
1.784224064018290790e+01,1.370335204613926905e+01
1.786224635610174261e+01,1.417750332857944962e+01
1.788225207202057732e+01,1.401400096994673561e+01
1.790225778793941203e+01,1.493895167755568387e+01
1.792226350385824674e+01,1.457119771992323720e+01
1.794226921977708145e+01,1.533349599501119087e+01
1.796227493569591260e+01,1.473638413618271592e+01
1.798228065161474731e+01,1.505550160733224629e+01
1.800228636753358202e+01,1.548464097177626897e+01
1.802229208345241318e+01,1.584995620330768773e+01
1.804229779937124789e+01,1.631797346085406275e+01
1.806230351529008260e+01,1.706769017631475549e+01
1.808230923120891731e+01,1.725034378507285027e+01
1.810231494712775202e+01,1.801264104337100846e+01
1.812232066304658673e+01,1.828874302786299566e+01
1.814232637896542144e+01,1.853079603170844791e+01
1.816233209488425260e+01,1.875035818663243958e+01
1.818233781080308731e+01,1.986593899666308971e+01
1.820234352672191847e+01,2.013545250390174957e+01
1.822234924264075318e+01,2.083837037782114265e+01
1.824235495855958789e+01,2.146913105575464442e+01
1.826236067447842260e+01,2.173463881467304049e+01
1.828236639039725731e+01,2.246740088458895812e+01
1.830237210631609202e+01,2.375456197846540363e+01
1.832237782223492673e+01,2.423051834258520998e+01
1.834238353815375788e+01,2.520521641437366611e+01
1.836238925407259259e+01,2.485993746877042909e+01
1.838239496999142730e+01,2.671771331954750650e+01
1.840240068591025846e+01,2.804973267811232418e+01
1.842240640182909317e+01,2.782613957315202313e+01
1.844241211774792788e+01,2.909116134974630441e+01
1.846241783366676259e+01,3.029301678670963582e+01
1.848242354958559730e+01,3.096332364277301252e+01
1.850242926550443201e+01,3.258468559731248604e+01
1.852243498142326672e+01,3.340226685423621689e+01
1.854244069734209788e+01,3.361251813741940708e+01
1.856244641326093259e+01,3.576372607855291363e+01
1.858245212917976374e+01,3.659438711178593451e+01
1.860245784509859845e+01,3.792436495478611391e+01
1.862246356101743316e+01,3.905069414780342640e+01
1.864246927693626787e+01,4.041474156768450143e+01
1.866247499285510258e+01,4.164369586041906501e+01
1.868248070877393729e+01,4.215331425445217661e+01
1.870248642469277200e+01,4.324997600427308697e+01
1.872249214061160316e+01,4.599157818811966081e+01
1.874249785653043787e+01,4.633973848876269130e+01
1.876250357244927258e+01,4.810827281049521531e+01
1.878250928836810374e+01,4.956213959053884821e+01
1.880251500428693845e+01,5.078397170187730580e+01
1.882252072020577316e+01,5.300412819040582235e+01
1.884252643612460787e+01,5.371221739676324347e+01
1.886253215204344258e+01,5.571550804971922588e+01
1.888253786796227729e+01,5.716780112745850317e+01
1.890254358388111200e+01,5.865897806837205053e+01
1.892254929979994316e+01,5.991115154815800281e+01
1.894255501571877787e+01,6.213631167966725144e+01
1.896256073163760902e+01,6.337379212222211322e+01
1.898256644755644373e+01,6.502553929893643669e+01
1.900257216347527844e+01,6.654475559845882060e+01
1.902257787939411315e+01,6.886666930657015939e+01
1.904258359531294786e+01,7.038352744528990002e+01
1.906258931123178257e+01,7.219393577154397690e+01
1.908259502715061728e+01,7.406044334493401493e+01
1.910260074306944844e+01,7.625717909309268805e+01
1.912260645898828315e+01,7.799375028717702207e+01
1.914261217490711431e+01,7.914212473064627318e+01
1.916261789082594902e+01,8.112453969221607508e+01
1.918262360674478373e+01,8.265580735030422943e+01
1.920262932266361844e+01,8.422081992853762245e+01
1.922263503858245315e+01,8.582833816147908124e+01
1.924264075450128786e+01,8.706983064219096491e+01
1.926264647042012257e+01,8.809667539357624833e+01
1.928265218633895373e+01,8.932163589941313830e+01
1.930265790225778844e+01,9.096960696383479217e+01
1.932266361817662315e+01,9.060928115802826710e+01
1.934266933409545430e+01,9.178626735134206172e+01
1.936267505001428901e+01,9.122953079912591079e+01
1.938268076593312372e+01,9.082436614967400601e+01
1.940268648185195843e+01,9.085890133024395254e+01
1.942269219777079314e+01,8.975212960399097994e+01
1.944269791368962785e+01,8.882223316448059336e+01
1.946270362960846256e+01,8.618942897789949598e+01
1.948270934552729372e+01,8.552266665048689731e+01
1.950271506144612843e+01,8.319234844894776870e+01
1.952272077736495959e+01,8.024182417132082890e+01
1.954272649328379430e+01,7.777773194106890742e+01
1.956273220920262901e+01,7.573295464829243429e+01
1.958273792512146372e+01,7.315461941067482599e+01
1.960274364104029843e+01,7.057806021943079600e+01
1.962274935695913314e+01,6.716207292951818886e+01
1.964275507287796785e+01,6.540101507950279824e+01
1.966276078879679901e+01,6.287743004763342469e+01
1.968276650471563372e+01,6.064724296823622751e+01
1.970277222063446487e+01,5.822118661986647226e+01
1.972277793655329958e+01,5.665909554347573618e+01
1.974278365247213429e+01,5.298605848874917257e+01
1.976278936839096900e+01,5.105684511863606900e+01
1.978279508430980371e+01,4.912818380223265535e+01
1.980280080022863842e+01,4.591387841315874851e+01
1.982280651614747313e+01,4.416161828059428984e+01
1.984281223206630784e+01,4.171878928084262128e+01
1.986281794798513900e+01,4.000759003927311142e+01
1.988282366390397371e+01,3.729797520171788960e+01
1.990282937982280487e+01,3.522953773725970450e+01
1.992283509574163958e+01,3.264082970671777417e+01
1.994284081166047429e+01,3.141176182926659877e+01
1.996284652757930900e+01,2.946551494411803418e+01
1.998285224349814371e+01,2.791670078347617334e+01
2.000285795941697842e+01,2.641197310775195461e+01
2.002286367533581313e+01,2.578012704955668610e+01
2.004286939125464428e+01,2.377955569035567862e+01
2.006287510717347899e+01,2.361497669886160367e+01
2.008288082309231015e+01,2.190546694332596189e+01
2.010288653901114486e+01,2.118260660845950127e+01
2.012289225492997957e+01,2.030009387214977679e+01
2.014289797084881428e+01,2.031428989081830494e+01
2.016290368676764899e+01,1.958775668850919871e+01
2.018290940268648370e+01,1.945732512636766032e+01
2.020291511860531841e+01,1.779986820621788013e+01
2.022292083452414957e+01,1.832079788038634405e+01
2.024292655044298428e+01,1.840134398811210303e+01
2.026293226636181899e+01,1.735673763596945207e+01
2.028293798228065015e+01,1.724159878220592645e+01
2.030294369819948486e+01,1.702504562696688239e+01
2.032294941411831957e+01,1.718028838784611878e+01
2.034295513003715428e+01,1.708089150532017086e+01
2.036296084595598899e+01,1.658168967228413848e+01
2.038296656187482370e+01,1.692933125372438852e+01
2.040297227779365841e+01,1.620916328313433752e+01
2.042297799371248956e+01,1.614153683653152527e+01
2.044298370963132427e+01,1.628439792525995244e+01
2.046298942555015543e+01,1.619810448147408266e+01
2.048299514146899014e+01,1.687003141404981577e+01
2.050300085738782485e+01,1.680980926099482886e+01
2.052300657330665956e+01,1.667836279342066064e+01
2.054301228922549427e+01,1.642631567663966052e+01
2.056301800514432898e+01,1.718097082577990165e+01
2.058302372106316369e+01,1.677395855714582851e+01
2.060302943698199485e+01,1.750528602295624125e+01
2.062303515290082956e+01,1.678021975527228093e+01
2.064304086881966072e+01,1.768781597594628963e+01
2.066304658473849543e+01,1.862018711459161580e+01
2.068305230065733014e+01,1.883291542444830569e+01
2.070305801657616485e+01,1.843867560542268080e+01
2.072306373249499956e+01,1.860081075583057952e+01
2.074306944841383427e+01,1.943854696541787064e+01
2.076307516433266898e+01,1.936062333546681558e+01
2.078308088025150369e+01,2.004347420107488276e+01
2.080308659617033484e+01,2.073979577228894655e+01
2.082309231208916955e+01,2.101508950927915009e+01
2.084309802800800071e+01,2.212101438288472366e+01
2.086310374392683542e+01,2.269629313699140027e+01
2.088310945984567013e+01,2.245727097451720411e+01
2.090311517576450484e+01,2.383622435241555237e+01
2.092312089168333955e+01,2.524945328721395654e+01
2.094312660760217426e+01,2.552389332838254532e+01
2.096313232352100897e+01,2.545246735311956243e+01
2.098313803943984013e+01,2.683787741810576577e+01
2.100314375535867484e+01,2.755760961873376402e+01
2.102314947127750600e+01,2.794123156057291624e+01
2.104315518719634071e+01,2.940322643265523794e+01
2.106316090311517542e+01,2.989838014012685363e+01
2.108316661903401013e+01,3.046626685663927603e+01
2.110317233495284484e+01,3.230180327693562958e+01
2.112317805087167955e+01,3.358017657357194707e+01
2.114318376679051426e+01,3.440058536274014500e+01
2.116318948270934541e+01,3.520164181692706507e+01
2.118319519862818012e+01,3.572944085559856831e+01
2.120320091454701483e+01,3.744336111840654269e+01
2.122320663046584599e+01,3.815734372464623192e+01
2.124321234638468070e+01,3.962099454317664993e+01
2.126321806230351541e+01,4.139578091235639334e+01
2.128322377822235012e+01,4.191352931964138406e+01
2.130322949414118483e+01,4.387171636221597737e+01
2.132323521006001954e+01,4.454843334046361036e+01
2.134324092597885425e+01,4.613740005205104922e+01
2.136324664189768541e+01,4.748694095273521043e+01
2.138325235781652012e+01,4.921189334387931069e+01
2.140325807373535127e+01,5.114422030427054011e+01
2.142326378965418598e+01,5.208866985953945772e+01
2.144326950557302069e+01,5.267977016652480415e+01
2.146327522149185540e+01,5.475666026593584945e+01
2.148328093741069011e+01,5.615112157345917865e+01
2.150328665332952482e+01,5.777384598329081911e+01
2.152329236924835953e+01,5.934398323202201908e+01
2.154329808516719069e+01,6.016823087786856661e+01
2.156330380108602540e+01,6.291783437704096116e+01
2.158330951700485656e+01,6.331951205040820696e+01
2.160331523292369127e+01,6.479590434673538368e+01
2.162332094884252598e+01,6.656687946712122539e+01
2.164332666476136069e+01,6.811553552075915263e+01
2.166333238068019540e+01,6.932487371040704716e+01
2.168333809659903011e+01,7.087348526573676111e+01
2.170334381251786482e+01,7.221470088699595635e+01
2.172334952843669598e+01,7.347935508846407515e+01
2.174335524435553069e+01,7.525513093029297806e+01
2.176336096027436540e+01,7.479184894028992403e+01
2.178336667619319655e+01,7.629057425950821880e+01
2.180337239211203126e+01,7.790796399537356365e+01
2.182337810803086597e+01,7.736775485484665182e+01
2.184338382394970068e+01,7.774740434371000219e+01
2.186338953986853539e+01,7.760880514511495676e+01
2.188339525578737010e+01,7.656140156941884811e+01
2.190340097170620481e+01,7.567918782194405480e+01
2.192340668762503597e+01,7.453090280451013427e+01
2.194341240354387068e+01,7.318441829201759674e+01
2.196341811946270184e+01,7.028086169960107554e+01
2.198342383538153655e+01,6.800884377355713184e+01
2.200342955130037126e+01,6.459973060767305242e+01
2.202343526721920597e+01,6.230860604710859718e+01
2.204344098313804068e+01,5.945295003874602457e+01
2.206344669905687539e+01,5.571286488157856809e+01
2.208345241497571010e+01,5.258311017614289540e+01
2.210345813089454126e+01,4.850482497656756919e+01
2.212346384681337597e+01,4.637836410566765721e+01
2.214346956273221068e+01,4.329367853377744524e+01
2.216347527865104183e+01,4.078314583211469113e+01
2.218348099456987654e+01,3.721632042230226034e+01
2.220348671048871125e+01,3.456694894148857600e+01
2.222349242640754596e+01,3.384998375778553736e+01
2.224349814232638067e+01,3.153948603463393852e+01
2.226350385824521538e+01,2.965981659923080471e+01
2.228350957416405009e+01,2.863292274079557131e+01
2.230351529008288125e+01,2.704903869658244631e+01
2.232352100600171596e+01,2.555879361278272910e+01
2.234352672192054712e+01,2.412499494489945917e+01
2.236353243783938183e+01,2.268269979885367604e+01
2.238353815375821654e+01,2.209795543316673871e+01
2.240354386967705125e+01,2.190792086688153972e+01
2.242354958559588596e+01,2.072243342988832993e+01
2.244355530151472067e+01,1.956437624906475747e+01
2.246356101743355538e+01,1.897502876273523498e+01
2.248356673335238654e+01,1.803497989869919849e+01
2.250357244927122125e+01,1.714509664593432348e+01
2.252357816519005240e+01,1.744294039867015300e+01
2.254358388110888711e+01,1.642489929814031768e+01
2.256358959702772182e+01,1.571694839054826609e+01
2.258359531294655653e+01,1.588274947111921875e+01
2.260360102886539124e+01,1.545187888566964318e+01
2.262360674478422595e+01,1.385151413069722182e+01
2.264361246070306066e+01,1.384158986905489463e+01
2.266361817662189182e+01,1.385746895000334789e+01
2.268362389254072653e+01,1.265701767852323911e+01
2.270362960845956124e+01,1.282246444196357515e+01
2.272363532437839240e+01,1.294827557205168489e+01
2.274364104029722711e+01,1.159808694354151370e+01
2.276364675621606182e+01,1.119380698176702893e+01
2.278365247213489653e+01,1.229043226126656663e+01
2.280365818805373124e+01,1.139463318112479229e+01
2.282366390397256595e+01,1.103803311460402448e+01
2.284366961989140066e+01,1.051445795703319064e+01
2.286367533581023181e+01,1.064458258570419602e+01
2.288368105172906652e+01,9.495700982703453974e+00
2.290368676764789768e+01,9.686363910858172943e+00
2.292369248356673239e+01,9.865696284633123980e+00
2.294369819948556710e+01,9.754884836386677804e+00
2.296370391540440181e+01,9.826103221122474807e+00
2.298370963132323652e+01,9.159267866278735681e+00
2.300371534724207123e+01,9.171694931603253664e+00
2.302372106316090594e+01,9.389477825840998548e+00
2.304372677907973710e+01,8.443793159985256480e+00
2.306373249499857181e+01,9.432957006143572798e+00
2.308373821091740652e+01,8.288818752919588917e+00
2.310374392683623768e+01,8.867715737007792143e+00
2.312374964275507239e+01,8.271760432360281357e+00
2.314375535867390710e+01,8.058142711338669884e+00
2.316376107459274181e+01,8.623022807933150347e+00
2.318376679051157652e+01,7.757444948115276517e+00
2.320377250643041123e+01,8.507289036788385772e+00
2.322377822234924594e+01,7.752783392869723400e+00
2.324378393826807709e+01,8.130157757592115786e+00
2.326378965418691180e+01,7.750324190473428132e+00
2.328379537010574296e+01,7.628952030798601847e+00
2.330380108602457767e+01,7.738604660465389529e+00
2.332380680194341238e+01,7.500419996739212891e+00
2.334381251786224709e+01,7.010081861873199927e+00
2.336381823378108180e+01,7.670659844875425293e+00
2.338382394969991651e+01,6.826873018489909128e+00
2.340382966561875122e+01,7.206592180235714906e+00
2.342383538153758238e+01,6.838482471414316421e+00
2.344384109745641709e+01,6.673615800310262358e+00
2.346384681337524825e+01,7.017332567877119232e+00
2.348385252929408296e+01,6.291733708927300661e+00
2.350385824521291767e+01,6.936621608699105934e+00
2.352386396113175238e+01,7.434953749073665463e+00
2.354386967705058709e+01,6.779563358862445099e+00
2.356387539296942180e+01,6.375896342156849528e+00
2.358388110888825651e+01,7.069397279556712377e+00
2.360388682480708766e+01,6.250379781852025474e+00
2.362389254072592237e+01,5.946449593514270049e+00
2.364389825664475708e+01,7.094271451522875083e+00
2.366390397256358824e+01,6.906949658080775656e+00
2.368390968848242295e+01,5.787949995528038016e+00
2.370391540440125766e+01,5.685608183422353967e+00
2.372392112032009237e+01,6.388105756718715611e+00
2.374392683623892708e+01,6.054484227549298048e+00
2.376393255215776179e+01,7.231361280432331284e+00
2.378393826807659650e+01,6.732870759150390683e+00
2.380394398399542766e+01,6.279768876170990666e+00
2.382394969991426237e+01,7.106900061331102414e+00
2.384395541583309353e+01,5.651491097432932875e+00
2.386396113175192824e+01,5.827779500256505152e+00
2.388396684767076295e+01,6.282115978273020040e+00
2.390397256358959766e+01,6.686082233261794627e+00
2.392397827950843237e+01,5.787731788311880621e+00
2.394398399542726708e+01,6.275371589669614281e+00
2.396398971134610179e+01,6.456683873618331404e+00
2.398399542726493294e+01,6.006807327963221255e+00
2.400400114318376765e+01,6.115828089012795843e+00
2.402400685910260236e+01,6.187497778129311676e+00
2.404401257502143352e+01,5.789659105464403765e+00
2.406401829094026823e+01,5.906124525627291177e+00
2.408402400685910294e+01,6.160990692007519698e+00
2.410402972277793765e+01,6.327339022094541576e+00
2.412403543869677236e+01,5.850953935101038894e+00
2.414404115461560707e+01,6.042415079931823030e+00
2.416404687053444178e+01,5.253265544499745587e+00
2.418405258645327294e+01,6.227919287702423645e+00
2.420405830237210765e+01,6.229499131177568927e+00
2.422406401829093880e+01,6.210589534474237894e+00
2.424406973420977351e+01,5.058971707045058608e+00
2.426407545012860822e+01,5.774156291829710241e+00
2.428408116604744293e+01,5.659475839209437531e+00
2.430408688196627764e+01,5.005183587017846492e+00
2.432409259788511235e+01,6.153165071120618279e+00
2.434409831380394706e+01,5.916132861949968458e+00
2.436410402972277822e+01,5.543088382556556226e+00
2.438410974564161293e+01,5.186690788330646562e+00
2.440411546156044409e+01,5.283277173085549450e+00
2.442412117747927880e+01,5.472416412464930602e+00
2.444412689339811351e+01,5.119308679276796781e+00
2.446413260931694822e+01,5.763622097505445296e+00
2.448413832523578293e+01,4.943246493099442418e+00
2.450414404115461764e+01,4.787635495919338346e+00
2.452414975707345235e+01,6.014542688625029498e+00
2.454415547299228351e+01,6.295683106542250940e+00
2.456416118891111822e+01,4.818888540852739766e+00
2.458416690482995293e+01,5.466286785497814549e+00
2.460417262074878408e+01,5.847633580320210633e+00
2.462417833666761879e+01,5.282095581735871903e+00
2.464418405258645350e+01,5.925056000700047676e+00
2.466418976850528821e+01,5.685063093575317694e+00
2.468419548442412292e+01,5.712659720185952139e+00
2.470420120034295763e+01,4.839060326891219788e+00
2.472420691626179234e+01,4.914643827788627739e+00
2.474421263218062350e+01,5.509116434786411887e+00
2.476421834809945821e+01,4.996306437458627236e+00
2.478422406401828937e+01,5.445479676610482045e+00
2.480422977993712408e+01,5.620725369722808118e+00
2.482423549585595879e+01,5.221370227657001095e+00
2.484424121177479350e+01,5.248079846591437558e+00
2.486424692769362821e+01,5.903198114134260877e+00
2.488425264361246292e+01,4.901332015477586346e+00
2.490425835953129763e+01,4.666388018218730060e+00
2.492426407545012879e+01,5.637833419034351756e+00
2.494426979136896350e+01,5.024615344372839409e+00
2.496427550728779821e+01,5.749607080860220876e+00
2.498428122320662936e+01,5.827707057848186878e+00
2.500428693912546407e+01,5.551201584166188141e+00
2.502429265504429878e+01,5.229743723071468509e+00
2.504429837096313349e+01,5.155929369590767308e+00
2.506430408688196820e+01,5.743062652882684027e+00
2.508430980280080291e+01,6.223950576641688492e+00
2.510431551871963762e+01,4.853686591202408529e+00
2.512432123463846878e+01,5.567574367499574350e+00
2.514432695055730349e+01,5.608551089954824320e+00
2.516433266647613465e+01,5.754149791557770399e+00
2.518433838239496936e+01,4.712338599911419124e+00
2.520434409831380407e+01,5.521542007332227442e+00
2.522434981423263878e+01,5.079685875417134788e+00
2.524435553015147349e+01,5.223037318966392561e+00
2.526436124607030820e+01,5.394961392725016402e+00
2.528436696198914291e+01,4.689307329298696203e+00
2.530437267790797407e+01,5.486490409411443281e+00
2.532437839382680878e+01,4.897099412027186460e+00
2.534438410974563993e+01,5.200353823523878205e+00
2.536438982566447464e+01,5.055705052827593526e+00
2.538439554158330935e+01,5.422842192793103422e+00
2.540440125750214406e+01,5.186307504639246169e+00
2.542440697342097877e+01,5.309488402532202223e+00
2.544441268933981348e+01,5.461209659308646991e+00
2.546441840525864819e+01,5.945198763132468756e+00
2.548442412117747935e+01,5.520971620032302241e+00
2.550442983709631406e+01,5.957872430140085385e+00
2.552443555301514877e+01,5.402838092322767238e+00
2.554444126893397993e+01,5.189186376493940323e+00
2.556444698485281464e+01,5.504455743264946577e+00
2.558445270077164935e+01,5.269179429130605108e+00
2.560445841669048406e+01,4.797403933646128493e+00
2.562446413260931877e+01,5.365281757019173092e+00
2.564446984852815348e+01,5.099762038544775500e+00
2.566447556444698819e+01,4.982677979008662383e+00
2.568448128036581934e+01,5.024288761322752705e+00
2.570448699628465405e+01,5.826009937349002854e+00
2.572449271220348521e+01,5.860117359639682277e+00
2.574449842812231992e+01,5.151117453122243006e+00
2.576450414404115463e+01,5.098252310394961739e+00
2.578450985995998934e+01,5.350562937698553512e+00
2.580451557587882405e+01,5.312464903042439346e+00
2.582452129179765876e+01,5.096733940254209116e+00
2.584452700771649347e+01,4.590118599715902192e+00
2.586453272363532463e+01,5.046833210335888609e+00
2.588453843955415934e+01,5.366834738527242799e+00
2.590454415547299405e+01,5.262201443145093194e+00
2.592454987139182521e+01,5.042792214627256797e+00
2.594455558731065992e+01,5.425312446924786869e+00
2.596456130322949463e+01,5.289261430099440275e+00
2.598456701914832934e+01,4.975029880467420007e+00
2.600457273506716405e+01,5.338713783119624523e+00
2.602457845098599520e+01,5.429335373905281870e+00
2.604458416690482991e+01,5.501863242848239466e+00
2.606458988282366462e+01,5.427489607700245244e+00
2.608459559874249933e+01,5.355183151615817039e+00
2.610460131466133404e+01,5.733499468718818548e+00
2.612460703058016520e+01,5.815030838934035273e+00
2.614461274649899991e+01,5.211960747117496240e+00
2.616461846241783462e+01,5.133337865082442164e+00
2.618462417833666933e+01,5.025093805623735754e+00
2.620462989425550404e+01,4.892045503215534552e+00
2.622463561017433520e+01,5.101794487228993091e+00
2.624464132609316991e+01,5.923849727419208122e+00
2.626464704201200462e+01,4.944313373050932547e+00
2.628465275793083933e+01,5.250249399136568407e+00
2.630465847384967049e+01,5.750000342728055713e+00
2.632466418976850520e+01,5.024712959400206458e+00
2.634466990568733991e+01,5.414676530614396910e+00
2.636467562160617462e+01,4.589245496796437784e+00
2.638468133752500933e+01,5.688076519050705215e+00
2.640468705344384048e+01,5.158627767604550662e+00
2.642469276936267519e+01,5.389346539051278029e+00
2.644469848528150990e+01,5.194314924902601049e+00
2.646470420120034461e+01,4.994152501735770855e+00
2.648470991711917932e+01,4.879014746510414113e+00
2.650471563303801048e+01,4.827121041694447001e+00
2.652472134895684519e+01,5.613893564092911959e+00
2.654472706487567990e+01,4.926062237813049194e+00
2.656473278079451461e+01,5.755955054769795964e+00
2.658473849671334932e+01,5.169822656372973668e+00
2.660474421263218048e+01,5.557066114560885950e+00
2.662474992855101519e+01,5.237622619371872013e+00
2.664475564446984990e+01,5.812461316751857510e+00
2.666476136038868461e+01,5.727535807615462105e+00
2.668476707630751577e+01,5.796001271245504682e+00
2.670477279222635048e+01,5.116618724502587590e+00
2.672477850814518519e+01,5.373638761208312076e+00
2.674478422406401990e+01,5.279605639912193560e+00
2.676478993998285461e+01,6.190061361907328141e+00
2.678479565590168576e+01,5.610483635283431525e+00
2.680480137182052047e+01,5.355426431878074212e+00
2.682480708773935518e+01,5.698999268743975222e+00
2.684481280365818989e+01,5.726799006418169746e+00
2.686481851957702460e+01,5.276973516274802378e+00
2.688482423549585576e+01,5.770005885934203604e+00
2.690482995141469047e+01,5.727568556556169810e+00
2.692483566733352518e+01,5.802211127017351089e+00
2.694484138325235989e+01,5.066854943436723602e+00
2.696484709917119105e+01,5.184560510606079475e+00
2.698485281509002576e+01,5.096477915272176418e+00
2.700485853100886047e+01,6.048256867954533433e+00
2.702486424692769518e+01,4.877863497846506746e+00
2.704486996284652989e+01,5.579261801214796535e+00
2.706487567876536104e+01,5.975927310130270342e+00
2.708488139468419575e+01,5.654523577588924432e+00
2.710488711060303046e+01,5.369056078403339427e+00
2.712489282652186517e+01,5.873916460565257402e+00
2.714489854244069988e+01,5.282644977450984491e+00
2.716490425835953104e+01,5.314602945423382074e+00
2.718490997427836575e+01,5.539491340279047549e+00
2.720491569019720046e+01,4.840101304762969292e+00
2.722492140611603517e+01,5.094951132551697626e+00
2.724492712203486633e+01,5.087878301430874828e+00
2.726493283795370104e+01,5.247911555858674859e+00
2.728493855387253575e+01,6.211589328087528727e+00
2.730494426979137046e+01,5.946567681808761385e+00
2.732494998571020517e+01,5.438987946091542014e+00
2.734495570162903633e+01,5.312824472191314484e+00
2.736496141754787104e+01,5.947778154344248058e+00
2.738496713346670575e+01,6.369660720396676190e+00
2.740497284938554046e+01,5.609444086207513003e+00
2.742497856530437517e+01,5.921338426557300139e+00
2.744498428122320632e+01,5.842234879869755204e+00
2.746498999714204103e+01,5.575290973533334693e+00
2.748499571306087574e+01,5.642068756415197228e+00
2.750500142897971045e+01,5.508657329112640610e+00
2.752500714489854516e+01,5.262333768674169576e+00
2.754501286081737632e+01,6.394413112015207901e+00
2.756501857673621103e+01,6.060048889735359268e+00
2.758502429265504574e+01,6.508173066687133357e+00
2.760503000857388045e+01,6.066635998838189714e+00
2.762503572449271161e+01,5.506318237407535676e+00
2.764504144041154632e+01,5.213506405592164938e+00
2.766504715633038103e+01,5.515075144611537361e+00
2.768505287224921574e+01,5.447122932464576905e+00
2.770505858816805045e+01,6.392003902956933992e+00
2.772506430408688161e+01,5.815020501576327661e+00
2.774507002000571632e+01,5.776188532344609605e+00
2.776507573592455103e+01,6.198427659018607372e+00
2.778508145184338574e+01,5.482506311136559063e+00
2.780508716776222045e+01,6.374519228529720749e+00
2.782509288368105160e+01,5.558428904350098065e+00
2.784509859959988631e+01,5.956686283045496744e+00
2.786510431551872102e+01,6.136630851028812117e+00
2.788511003143755573e+01,5.955531902940003341e+00
2.790511574735638689e+01,5.864495095790751122e+00
2.792512146327522160e+01,6.604066753962612779e+00
2.794512717919405631e+01,6.048131421375231298e+00
2.796513289511289102e+01,6.932472772007926665e+00
2.798513861103172573e+01,6.378797795421095707e+00
2.800514432695055689e+01,6.232475394869615215e+00
2.802515004286939160e+01,6.871399182372035952e+00
2.804515575878822631e+01,6.597281897206352497e+00
2.806516147470706102e+01,5.920380719261231661e+00
2.808516719062589573e+01,6.614020860539463698e+00
2.810517290654472689e+01,6.029325540920980053e+00
2.812517862246356160e+01,5.872300497292290089e+00
2.814518433838239631e+01,6.576643650510693107e+00
2.816519005430123102e+01,6.324620884462097692e+00
2.818519577022006217e+01,6.561605369912857810e+00
2.820520148613889688e+01,6.575069549391858281e+00
2.822520720205773159e+01,6.617418872464249091e+00
2.824521291797656630e+01,6.685908233800473610e+00
2.826521863389540101e+01,5.874707981729981654e+00
2.828522434981423217e+01,6.347240650856887711e+00
2.830523006573306688e+01,7.325699344822834469e+00
2.832523578165190159e+01,6.780759215986181587e+00
2.834524149757073630e+01,6.306219062259915020e+00
2.836524721348957101e+01,6.637647980131538006e+00
2.838525292940840217e+01,7.000918200722692220e+00
2.840525864532723688e+01,6.899233343717627420e+00
2.842526436124607159e+01,7.178035056017609605e+00
2.844527007716490630e+01,7.944748807885137154e+00
2.846527579308374101e+01,6.803669065587056863e+00
2.848528150900257216e+01,7.825855020238456916e+00
2.850528722492140687e+01,7.670485478963726678e+00
2.852529294084024158e+01,7.045708519801952896e+00
2.854529865675907629e+01,7.336660833613851906e+00
2.856530437267790745e+01,7.658953725951324287e+00
2.858531008859674216e+01,8.002891982171044916e+00
2.860531580451557687e+01,7.734968329391288755e+00
2.862532152043441158e+01,8.487559710843857630e+00
2.864532723635324629e+01,8.825507262000654052e+00
2.866533295227207745e+01,8.659257942939486696e+00
2.868533866819091216e+01,8.826105123189623924e+00
2.870534438410974687e+01,9.538255283682959274e+00
2.872535010002858158e+01,8.436831366508037888e+00
2.874535581594741629e+01,9.152094455248134253e+00
2.876536153186624745e+01,9.687331156551827860e+00
2.878536724778508216e+01,1.039189344569174267e+01
2.880537296370391687e+01,1.029403693773479489e+01
2.882537867962275158e+01,1.004625232457468798e+01
2.884538439554158273e+01,1.110167653440186086e+01
2.886539011146041744e+01,1.028843688971536352e+01
2.888539582737925215e+01,1.048041452189571743e+01
2.890540154329808686e+01,1.161462595299019540e+01
2.892540725921692157e+01,1.130124281606293657e+01
2.894541297513575273e+01,1.238218544939956445e+01
2.896541869105458744e+01,1.267179937476377916e+01
2.898542440697342215e+01,1.248451507956100670e+01
2.900543012289225686e+01,1.371607017711628629e+01
2.902543583881109157e+01,1.381260005854511874e+01
2.904544155472992273e+01,1.467462953455682850e+01
2.906544727064875744e+01,1.482137891040254374e+01
2.908545298656759215e+01,1.498328421665067367e+01
2.910545870248642686e+01,1.602688778669788050e+01
2.912546441840525802e+01,1.698339262896132595e+01
2.914547013432409273e+01,1.753949109423792407e+01
2.916547585024292744e+01,1.806648359213654942e+01
2.918548156616176215e+01,1.837875247900175779e+01
2.920548728208059686e+01,1.926968347073619015e+01
2.922549299799942801e+01,2.002680687287894301e+01
2.924549871391826272e+01,2.071269018376522553e+01
2.926550442983709743e+01,2.129858794263911648e+01
2.928551014575593214e+01,2.254030987154260401e+01
2.930551586167476685e+01,2.218798995707606991e+01
2.932552157759359801e+01,2.365880103550277624e+01
2.934552729351243272e+01,2.443962158283108010e+01
2.936553300943126743e+01,2.555897569449818718e+01
2.938553872535010214e+01,2.560847655740447593e+01
2.940554444126893330e+01,2.710918335608747043e+01
2.942555015718776801e+01,2.730110021286482436e+01
2.944555587310660272e+01,2.820857034909757743e+01
2.946556158902543743e+01,2.941647438435437323e+01
2.948556730494427214e+01,2.999067803231015006e+01
2.950557302086310330e+01,3.079782514376366009e+01
2.952557873678193801e+01,3.189920996524379149e+01
2.954558445270077272e+01,3.200633034404690846e+01
2.956559016861960743e+01,3.217939973211058202e+01
2.958559588453844214e+01,3.309233599934945858e+01
2.960560160045727329e+01,3.237162558686247138e+01
2.962560731637610800e+01,3.323586765376528263e+01
2.964561303229494271e+01,3.303080723534641550e+01
2.966561874821377742e+01,3.254158941393798443e+01
2.968562446413261213e+01,3.161705419528527727e+01
2.970563018005144329e+01,3.077890650695758978e+01
2.972563589597027800e+01,3.033277980733470258e+01
2.974564161188911271e+01,2.964431160583829694e+01
2.976564732780794742e+01,2.966750213355907917e+01
2.978565304372677858e+01,2.749203593276759250e+01
2.980565875964561329e+01,2.651176952479795546e+01
2.982566447556444800e+01,2.622112971215598165e+01
2.984567019148328271e+01,2.492004850329730203e+01
2.986567590740211742e+01,2.489546363783794902e+01
2.988568162332094857e+01,2.387677566363149140e+01
2.990568733923978328e+01,2.318127787000624096e+01
2.992569305515861799e+01,2.318401290941095638e+01
2.994569877107745270e+01,2.250006580635971432e+01
2.996570448699628741e+01,2.223628351303132789e+01
2.998571020291511857e+01,2.273411805726665591e+01
3.000571591883395328e+01,2.213731356846366793e+01
3.002572163475278799e+01,2.211772031088670332e+01
3.004572735067162270e+01,2.127290660241533260e+01
3.006573306659045386e+01,2.084526889363507962e+01
3.008573878250928857e+01,2.038983235295987839e+01
3.010574449842812328e+01,2.036890285216333041e+01
3.012575021434695799e+01,2.059895580972481355e+01
3.014575593026579270e+01,1.934058436128002256e+01
3.016576164618462386e+01,1.933951432622732369e+01
3.018576736210345857e+01,1.758965306911221305e+01
3.020577307802229328e+01,1.767795925550103320e+01
3.022577879394112799e+01,1.726101270992252523e+01
3.024578450985996270e+01,1.553896887756192058e+01
3.026579022577879385e+01,1.568425501077327233e+01
3.028579594169762856e+01,1.459871874370415590e+01
3.030580165761646327e+01,1.504099110444944642e+01
3.032580737353529798e+01,1.364558244665263587e+01
3.034581308945412914e+01,1.349064595467998551e+01
3.036581880537296385e+01,1.294753065730520625e+01
3.038582452129179856e+01,1.288443400693155638e+01
3.040583023721063327e+01,1.190858456549556621e+01
3.042583595312946798e+01,1.182431590360975626e+01
3.044584166904829914e+01,1.093570404002532115e+01
3.046584738496713385e+01,1.163624158434814682e+01
3.048585310088596856e+01,1.085791554887786248e+01
3.050585881680480327e+01,1.091156212915638157e+01
3.052586453272363798e+01,1.044774195726870403e+01
3.054587024864246914e+01,9.639026942553677202e+00
3.056587596456130385e+01,1.018871849789060313e+01
3.058588168048013856e+01,8.840554835859247618e+00
3.060588739639897327e+01,8.838960121109598944e+00
3.062589311231780798e+01,9.231075699082987640e+00
3.064589882823663913e+01,9.091697281909844719e+00
3.066590454415547384e+01,8.786115861934518989e+00
3.068591026007430855e+01,8.675374982033766003e+00
3.070591597599314326e+01,8.165737379087133263e+00
3.072592169191197442e+01,7.794334724228635380e+00
3.074592740783080913e+01,8.724316262306865966e+00
3.076593312374964384e+01,8.642127252628752032e+00
3.078593883966847855e+01,8.639161345396136227e+00
3.080594455558731326e+01,8.555181639693250517e+00
3.082595027150614442e+01,8.181678586497310945e+00
3.084595598742497913e+01,7.960859926982815082e+00
3.086596170334381384e+01,6.810087934472806026e+00
3.088596741926264855e+01,7.849423311667496961e+00
3.090597313518148326e+01,7.735194242491050254e+00
3.092597885110031442e+01,7.355748013691128406e+00
3.094598456701914913e+01,7.667494071511050002e+00
3.096599028293798384e+01,7.736137506126616437e+00
3.098599599885681855e+01,6.607068644455223350e+00
3.100600171477564970e+01,7.745877756327517183e+00
3.102600743069448441e+01,7.030873712368439499e+00
3.104601314661331912e+01,7.635363327758032170e+00
3.106601886253215383e+01,6.510691056502375673e+00
3.108602457845098854e+01,6.411358756910045642e+00
3.110603029436981970e+01,6.359125788030496551e+00
3.112603601028865441e+01,7.388215543019102327e+00
3.114604172620748912e+01,7.066250039291654517e+00
3.116604744212632383e+01,6.609163933561995385e+00
3.118605315804515854e+01,7.593323553591181607e+00
3.120605887396398970e+01,6.300837892895168046e+00
3.122606458988282441e+01,6.436373433771172436e+00
3.124607030580165912e+01,6.796791860295016363e+00
3.126607602172049383e+01,6.874029549612850509e+00
3.128608173763932498e+01,7.510444222322186114e+00
3.130608745355815969e+01,6.050957353186759313e+00
3.132609316947699440e+01,6.744252322722330995e+00
3.134609888539582911e+01,6.628956061325681048e+00
3.136610460131466382e+01,6.918941270631653317e+00
3.138611031723349498e+01,6.656868518128577605e+00
3.140611603315232969e+01,6.279314189032454863e+00
3.142612174907116440e+01,6.524371151356604059e+00
3.144612746498999911e+01,6.683273996376629000e+00
3.146613318090883382e+01,7.258800317708055339e+00
3.148613889682766498e+01,6.449021297672421049e+00
3.150614461274649969e+01,6.229008546208106623e+00
3.152615032866533440e+01,6.933942910236757129e+00
3.154615604458416911e+01,6.920847368040349501e+00
3.156616176050300382e+01,7.278048898034948699e+00
3.158616747642183498e+01,6.484931836942962491e+00
3.160617319234066969e+01,7.134217080522649468e+00
3.162617890825950440e+01,6.267375425829047941e+00
3.164618462417833911e+01,5.684121729989144889e+00
3.166619034009717026e+01,6.691592574324141118e+00
3.168619605601600497e+01,5.675598511017375003e+00
3.170620177193483968e+01,6.853152013175128232e+00
3.172620748785367439e+01,6.583188625184703824e+00
3.174621320377250910e+01,6.394166467242360596e+00
3.176621891969134026e+01,6.948460834601739577e+00
3.178622463561017497e+01,6.947474456316056646e+00
3.180623035152900968e+01,7.052377701850822689e+00
3.182623606744784439e+01,6.292310069932369743e+00
3.184624178336667910e+01,6.835916676103156675e+00
3.186624749928551026e+01,6.927307400074587562e+00
3.188625321520434497e+01,6.345848820318224170e+00
3.190625893112317968e+01,6.315353982834320590e+00
3.192626464704201439e+01,6.898956494864311395e+00
3.194627036296084555e+01,6.757903882164420395e+00
3.196627607887968026e+01,6.338844062048671901e+00
3.198628179479851497e+01,6.459573954469201240e+00
3.200628751071734968e+01,5.871543321620460887e+00
3.202629322663618439e+01,6.302999607443942054e+00
3.204629894255501199e+01,6.125731429988080734e+00
3.206630465847385381e+01,6.710914429020434113e+00
3.208631037439268141e+01,6.608349534654550439e+00
3.210631609031152323e+01,5.908587144369574773e+00
3.212632180623035083e+01,7.124758317133346175e+00
3.214632752214918554e+01,6.910505367969916435e+00
3.216633323806802025e+01,6.179177643127319541e+00
3.218633895398685496e+01,6.095796509445614575e+00
3.220634466990568967e+01,6.529671436260072070e+00
3.222635038582451728e+01,7.010701341031188250e+00
3.224635610174335909e+01,6.316715548756366871e+00
3.226636181766218670e+01,6.905825324830839662e+00
3.228636753358102851e+01,7.015876493122020996e+00
3.230637324949985612e+01,7.224488999971387493e+00
3.232637896541869083e+01,7.050688265995169957e+00
3.234638468133752554e+01,7.099458858482067036e+00
3.236639039725636025e+01,6.075297970259331493e+00
3.238639611317519496e+01,6.674177693899364883e+00
3.240640182909402967e+01,6.655326845711998729e+00
3.242640754501286438e+01,6.337709579180457631e+00
3.244641326093169198e+01,6.331236608157281509e+00
3.246641897685053380e+01,6.228581027025230199e+00
3.248642469276936140e+01,6.373361621089427942e+00
3.250643040868819611e+01,6.851875865850796998e+00
3.252643612460703082e+01,6.664171243656841881e+00
3.254644184052586553e+01,5.883765823941367046e+00
3.256644755644470024e+01,6.643951384416154404e+00
3.258645327236353495e+01,6.709819912333008673e+00
3.260645898828236966e+01,6.124715785519892819e+00
3.262646470420119726e+01,6.560773148747113481e+00
3.264647042012003908e+01,6.243602351365287184e+00
3.266647613603886668e+01,6.471117947988726193e+00
3.268648185195770850e+01,6.898144047972001758e+00
3.270648756787653610e+01,6.304601727707818348e+00
3.272649328379537081e+01,6.659915788718890894e+00
3.274649899971420552e+01,6.340971669196269644e+00
3.276650471563304023e+01,6.851856478789545513e+00
3.278651043155187494e+01,6.877414660276057745e+00
3.280651614747070255e+01,6.756152767706461226e+00
3.282652186338954436e+01,6.456639383092444007e+00
3.284652757930837197e+01,6.148197185631053330e+00
3.286653329522721378e+01,7.626378699096466818e+00
3.288653901114604139e+01,6.338330370183888007e+00
3.290654472706487610e+01,6.142427559390643665e+00
3.292655044298371081e+01,6.866176783499821745e+00
3.294655615890254552e+01,7.537336524410418903e+00
3.296656187482138023e+01,7.070468701255708588e+00
3.298656759074020783e+01,6.757604122990265694e+00
3.300657330665904965e+01,7.486839620552131258e+00
3.302657902257787725e+01,7.107785230121121955e+00
3.304658473849671907e+01,7.305626886126564301e+00
3.306659045441554667e+01,7.062286752934333833e+00
3.308659617033438138e+01,6.600613487339694885e+00
3.310660188625321609e+01,7.615163804862382868e+00
3.312660760217205080e+01,7.477782579527985973e+00
3.314661331809088551e+01,8.119297816755068453e+00
3.316661903400971312e+01,7.567885029874812375e+00
3.318662474992855493e+01,6.887054774769820753e+00
3.320663046584738254e+01,7.959635334272103790e+00
3.322663618176622435e+01,6.955955160271941828e+00
3.324664189768505196e+01,7.764641018834515407e+00
3.326664761360388667e+01,7.770027667924033210e+00
3.328665332952272138e+01,8.398546742665024212e+00
3.330665904544155609e+01,7.994739413904865089e+00
3.332666476136039080e+01,7.041630200813446372e+00
3.334667047727922551e+01,7.574253947408198684e+00
3.336667619319806022e+01,7.733265817689837895e+00
3.338668190911688782e+01,7.804535053090997820e+00
3.340668762503572964e+01,7.630061163185201778e+00
3.342669334095455724e+01,8.076845896454575069e+00
3.344669905687339195e+01,8.225979704579238216e+00
3.346670477279222666e+01,8.523897461007614140e+00
3.348671048871106137e+01,8.378407699802412623e+00
3.350671620462989608e+01,8.240993092622293403e+00
3.352672192054873079e+01,8.984053796385898849e+00
3.354672763646756550e+01,9.421070181550177836e+00
3.356673335238639311e+01,9.114083176428907862e+00
3.358673906830523492e+01,8.607007269741288269e+00
3.360674478422406253e+01,9.088212779174286382e+00
3.362675050014290434e+01,9.463304314763675507e+00
3.364675621606173195e+01,1.012432773939032593e+01
3.366676193198056666e+01,1.015902702814926428e+01
3.368676764789940137e+01,9.933957079711984051e+00
3.370677336381823608e+01,1.067034043212225747e+01
3.372677907973707079e+01,1.099507068922752318e+01
3.374678479565589839e+01,9.987299854064520588e+00
3.376679051157474021e+01,1.034816996306129155e+01
3.378679622749356781e+01,1.136357781887067020e+01
3.380680194341240963e+01,1.176676177831981640e+01
3.382680765933123723e+01,1.205072185114289240e+01
3.384681337525007194e+01,1.203401491114304278e+01
3.386681909116890665e+01,1.262672117984818954e+01
3.388682480708774136e+01,1.280455242199377963e+01
3.390683052300657607e+01,1.328339104045178587e+01
3.392683623892540368e+01,1.382294765654096480e+01
3.394684195484424549e+01,1.385500021953814809e+01
3.396684767076307310e+01,1.481773700770656355e+01
3.398685338668191491e+01,1.486322492833363995e+01
3.400685910260074252e+01,1.585018626339887504e+01
3.402686481851957723e+01,1.640791530712741775e+01
3.404687053443841194e+01,1.596852278557823013e+01
3.406687625035724665e+01,1.666185101967130322e+01
3.408688196627608136e+01,1.777544997284265449e+01
3.410688768219490896e+01,1.872748159460699569e+01
3.412689339811375078e+01,1.913679855327630008e+01
3.414689911403257838e+01,1.943166835642712442e+01
3.416690482995142020e+01,2.018201668314812025e+01
3.418691054587024780e+01,2.141410729483377651e+01
3.420691626178908251e+01,2.167423226386014790e+01
3.422692197770791722e+01,2.261770814527276485e+01
3.424692769362675193e+01,2.396769366153189651e+01
3.426693340954558664e+01,2.447254237984413550e+01
3.428693912546442135e+01,2.495101975674176487e+01
3.430694484138325606e+01,2.530358052407832048e+01
3.432695055730208367e+01,2.640145420289288580e+01
3.434695627322092548e+01,2.709713663363194769e+01
3.436696198913975309e+01,2.749857409565488808e+01
3.438696770505858780e+01,2.904789721833157756e+01
3.440697342097742251e+01,2.874419543684602019e+01
3.442697913689625722e+01,2.916569722661202491e+01
3.444698485281509193e+01,2.925763822907239842e+01
3.446699056873392664e+01,2.921922889130450329e+01
3.448699628465276135e+01,3.022352125469303985e+01
3.450700200057158895e+01,2.881719135340697591e+01
3.452700771649043077e+01,2.956994331103789975e+01
3.454701343240925837e+01,2.964001484812289533e+01
3.456701914832810019e+01,2.832886693516222465e+01
3.458702486424692779e+01,2.733776855869958666e+01
3.460703058016576250e+01,2.758833651538236964e+01
3.462703629608459721e+01,2.688722150348810302e+01
3.464704201200343192e+01,2.648537510901756065e+01
3.466704772792226663e+01,2.520836676763901707e+01
3.468705344384109424e+01,2.466901630709987714e+01
3.470705915975993605e+01,2.466593936934636133e+01
3.472706487567876366e+01,2.321145013995906936e+01
3.474707059159760547e+01,2.190206030804381143e+01
3.476707630751643308e+01,2.138119288797653184e+01
3.478708202343526779e+01,2.020619525201048106e+01
3.480708773935410250e+01,2.011432241046139779e+01
3.482709345527293721e+01,1.922502425185924579e+01
3.484709917119177192e+01,1.834897279320380648e+01
3.486710488711059952e+01,1.813334488652116505e+01
3.488711060302944134e+01,1.760255149302686206e+01
3.490711631894826894e+01,1.742358358014013575e+01
3.492712203486711076e+01,1.567054360253152012e+01
3.494712775078593836e+01,1.516974013569377533e+01
3.496713346670477307e+01,1.444924304865701359e+01
3.498713918262360778e+01,1.413284290432802948e+01
3.500714489854244249e+01,1.395768397841096231e+01
3.502715061446127720e+01,1.394652591736324965e+01
3.504715633038010481e+01,1.353874743284538340e+01
3.506716204629894662e+01,1.292299309203252911e+01
3.508716776221777423e+01,1.298545102908758864e+01
3.510717347813661604e+01,1.234673597141673440e+01
3.512717919405544365e+01,1.308293296874039413e+01
3.514718490997427836e+01,1.218987038459330918e+01
3.516719062589311307e+01,1.229987339796335277e+01
3.518719634181194778e+01,1.236618632666380435e+01
3.520720205773078249e+01,1.279438282759879542e+01
3.522720777364961720e+01,1.193213670593703668e+01
3.524721348956845191e+01,1.212653463339461801e+01
3.526721920548727951e+01,1.258484055689683778e+01
3.528722492140612133e+01,1.146497512149786679e+01
3.530723063732494893e+01,1.167390781571482172e+01
3.532723635324378364e+01,1.209474554283221259e+01
3.534724206916261835e+01,1.186613072424187720e+01
3.536724778508145306e+01,1.163874133715705383e+01
3.538725350100028777e+01,1.087845656809133388e+01
3.540725921691912248e+01,1.119875731699967680e+01
3.542726493283795719e+01,1.177795580799264030e+01
3.544727064875678479e+01,1.115882090312323882e+01
3.546727636467562661e+01,1.187179237694049228e+01
3.548728208059445421e+01,1.156856305354416925e+01
3.550728779651329603e+01,1.206756775034953044e+01
3.552729351243212363e+01,1.150325694739198923e+01
3.554729922835095834e+01,1.180595205138789439e+01
3.556730494426979305e+01,1.235441359461750999e+01
3.558731066018862776e+01,1.160570428319711311e+01
3.560731637610746247e+01,1.218453112469910238e+01
3.562732209202629008e+01,1.175923472984972662e+01
3.564732780794513189e+01,1.240469260675064689e+01
3.566733352386395950e+01,1.188251147468310975e+01
3.568733923978280131e+01,1.253201697214078436e+01
3.570734495570162892e+01,1.322230571694947088e+01
3.572735067162046363e+01,1.264610468310903002e+01
3.574735638753929834e+01,1.344971234432681761e+01
3.576736210345813305e+01,1.288475143255299926e+01
3.578736781937696776e+01,1.305745910826497536e+01
3.580737353529579536e+01,1.409310539949992602e+01
3.582737925121463718e+01,1.416980591143201806e+01
3.584738496713346478e+01,1.386157366722781603e+01
3.586739068305230660e+01,1.375665687968458428e+01
3.588739639897113420e+01,1.449514076443869470e+01
3.590740211488996891e+01,1.436312615519154434e+01
3.592740783080880362e+01,1.510789261709890141e+01
3.594741354672763833e+01,1.528340083863091436e+01
3.596741926264647304e+01,1.535966496873247600e+01
3.598742497856530065e+01,1.672161101678320350e+01
3.600743069448414246e+01,1.725298999821071533e+01
3.602743641040297007e+01,1.732584127270473573e+01
3.604744212632181188e+01,1.738022036936263248e+01
3.606744784224063949e+01,1.798471149936010249e+01
3.608745355815947420e+01,1.882183377141113212e+01
3.610745927407830891e+01,1.981116471406555846e+01
3.612746498999714362e+01,1.999461960552496720e+01
3.614747070591597833e+01,2.085568300582417933e+01
3.616747642183481304e+01,2.136967484130359551e+01
3.618748213775364775e+01,2.252120701611485387e+01
3.620748785367247535e+01,2.327656865070464676e+01
3.622749356959131717e+01,2.434113809166679943e+01
3.624749928551014477e+01,2.561168298598981607e+01
3.626750500142897948e+01,2.633854266867133376e+01
3.628751071734781419e+01,2.811492928043228190e+01
3.630751643326664890e+01,2.889798710375154300e+01
3.632752214918548361e+01,3.000599353598489927e+01
3.634752786510431832e+01,3.134721950985868233e+01
3.636753358102315303e+01,3.319539104838138144e+01
3.638753929694198064e+01,3.438686250636288833e+01
3.640754501286082245e+01,3.656099074243116576e+01
3.642755072877965006e+01,3.772490781100137269e+01
3.644755644469849187e+01,4.012088384310170142e+01
3.646756216061731948e+01,4.212078846748831751e+01
3.648756787653615419e+01,4.444532301198115221e+01
3.650757359245498890e+01,4.578971557436898365e+01
3.652757930837382361e+01,4.934217298941524632e+01
3.654758502429265832e+01,5.181251260104177447e+01
3.656759074021148592e+01,5.429557307231473118e+01
3.658759645613032774e+01,5.571659443496427855e+01
3.660760217204915534e+01,5.845605066146030282e+01
3.662760788796799716e+01,6.138113209991814756e+01
3.664761360388682476e+01,6.351795330610090673e+01
3.666761931980565947e+01,6.630003025554175622e+01
3.668762503572449418e+01,7.020806459697527657e+01
3.670763075164332889e+01,7.251832993910721825e+01
3.672763646756216360e+01,7.546263111888248432e+01
3.674764218348099121e+01,7.694959140802535558e+01
3.676764789939983302e+01,7.900355263051481813e+01
3.678765361531866063e+01,8.180380273478269260e+01
3.680765933123750244e+01,8.289137520997446984e+01
3.682766504715633005e+01,8.473241328807566219e+01
3.684767076307516476e+01,8.544823178815842368e+01
3.686767647899399947e+01,8.718458838755316265e+01
3.688768219491283418e+01,8.726186776106978016e+01
3.690768791083166889e+01,8.772328776458884647e+01
3.692769362675049649e+01,8.683259908850112652e+01
3.694769934266933831e+01,8.740519112539797675e+01
3.696770505858816591e+01,8.809491534229405829e+01
3.698771077450700773e+01,8.700154934061799850e+01
3.700771649042583533e+01,8.662654829823841851e+01
3.702772220634467004e+01,8.624800855978236314e+01
3.704772792226350475e+01,8.508425644563364187e+01
3.706773363818233946e+01,8.356529053756038650e+01
3.708773935410117417e+01,8.223804069540054229e+01
3.710774507002000888e+01,8.180676886812196358e+01
3.712775078593884359e+01,7.992358588404565012e+01
3.714775650185767120e+01,7.809167138041289036e+01
3.716776221777651301e+01,7.727580958038896597e+01
3.718776793369534062e+01,7.521187339759615043e+01
3.720777364961417533e+01,7.387419086632000642e+01
3.722777936553301004e+01,7.337935983128039652e+01
3.724778508145184475e+01,7.225299501223088328e+01
3.726779079737067946e+01,7.075926194195730545e+01
3.728779651328951417e+01,7.111562092687060499e+01
3.730780222920834888e+01,7.083375195911813194e+01
3.732780794512717648e+01,6.986526433805410363e+01
3.734781366104601830e+01,6.986311477289339678e+01
3.736781937696484590e+01,7.031671374263105179e+01
3.738782509288368772e+01,7.082720028969180248e+01
3.740783080880251532e+01,7.058418568452972863e+01
3.742783652472135003e+01,7.121301751125393764e+01
3.744784224064018474e+01,7.144250222881265699e+01
3.746784795655901945e+01,7.097153587782764816e+01
3.748785367247785416e+01,7.069043468027021504e+01
3.750785938839668177e+01,6.963851156832379274e+01
3.752786510431552358e+01,6.962660887909075313e+01
3.754787082023435119e+01,6.856982506926641463e+01
3.756787653615319300e+01,6.709144592784620897e+01
3.758788225207202061e+01,6.530218262448553901e+01
3.760788796799085532e+01,6.158802898919030611e+01
3.762789368390969003e+01,5.975946693052978276e+01
3.764789939982852474e+01,5.611995474291506980e+01
3.766790511574735945e+01,5.345016514998800261e+01
3.768791083166618705e+01,4.997237721855034920e+01
3.770791654758502887e+01,4.716131424154568919e+01
3.772792226350385647e+01,4.450862920423963942e+01
3.774792797942269829e+01,4.155507088371754776e+01
3.776793369534152589e+01,3.821650112057638893e+01
3.778793941126036060e+01,3.675325729963296340e+01
3.780794512717919531e+01,3.428018451414434509e+01
3.782795084309803002e+01,3.354450808331920086e+01
3.784795655901686473e+01,3.088047746068266264e+01
3.786796227493569234e+01,3.015415974282203138e+01
3.788796799085453415e+01,2.916987157260157204e+01
3.790797370677336176e+01,2.791571104491373490e+01
3.792797942269220357e+01,2.802579474694962869e+01
3.794798513861103118e+01,2.784178932527310479e+01
3.796799085452986589e+01,2.661680690055712262e+01
3.798799657044870060e+01,2.693890970934963036e+01
3.800800228636753531e+01,2.703873877702227801e+01
3.802800800228637002e+01,2.627453865539471423e+01
3.804801371820520473e+01,2.690146002497792921e+01
3.806801943412403944e+01,2.665011570405000896e+01
3.808802515004286704e+01,2.627227229352492799e+01
3.810803086596170886e+01,2.632221086850559999e+01
3.812803658188053646e+01,2.685969306431173464e+01
3.814804229779937117e+01,2.654798709764830278e+01
3.816804801371820588e+01,2.692517190629022394e+01
3.818805372963704059e+01,2.700482979907360459e+01
3.820805944555587530e+01,2.631537126586417230e+01
3.822806516147471001e+01,2.629758606872589510e+01
3.824807087739354472e+01,2.689668570678474424e+01
3.826807659331237232e+01,2.616932944013074547e+01
3.828808230923121414e+01,2.682885577937871702e+01
3.830808802515004174e+01,2.599516510685808512e+01
3.832809374106888356e+01,2.571146349115231189e+01
3.834809945698771116e+01,2.506475757685387862e+01
3.836810517290654587e+01,2.488919049821068796e+01
3.838811088882538058e+01,2.436138302170622083e+01
3.840811660474421529e+01,2.444860551514633329e+01
3.842812232066305000e+01,2.386618316567290776e+01
3.844812803658187761e+01,2.289594584947641565e+01
3.846813375250071942e+01,2.256528556303048916e+01
3.848813946841954703e+01,2.168292845712752381e+01
3.850814518433838884e+01,2.190883992008021863e+01
3.852815090025721645e+01,2.070921114496672644e+01
3.854815661617605116e+01,2.030658074914916256e+01
3.856816233209488587e+01,1.920044641557344534e+01
3.858816804801372058e+01,1.927087453944569972e+01
3.860817376393255529e+01,1.812239062017948044e+01
3.862817947985138289e+01,1.896424644561444239e+01
3.864818519577022471e+01,1.852286115510876741e+01
3.866819091168905231e+01,1.777196457396767570e+01
3.868819662760789413e+01,1.616581569277418140e+01
3.870820234352672173e+01,1.637148806257900802e+01
3.872820805944555644e+01,1.637546779132571828e+01
3.874821377536439115e+01,1.569732898238147811e+01
3.876821949128322586e+01,1.450053015616042451e+01
3.878822520720206057e+01,1.551548380707998476e+01
3.880823092312088818e+01,1.377312791734002850e+01
3.882823663903972999e+01,1.423262723354104509e+01
3.884824235495855760e+01,1.424551903229642491e+01
3.886824807087739941e+01,1.384837187658220614e+01
3.888825378679622702e+01,1.287768030036746403e+01
3.890825950271506173e+01,1.360079733435282989e+01
3.892826521863389644e+01,1.368429774783266772e+01
3.894827093455273115e+01,1.332537125646600096e+01
3.896827665047156586e+01,1.392871554767171816e+01
3.898828236639040057e+01,1.355819222352982045e+01
3.900828808230923528e+01,1.456891072401418619e+01
3.902829379822806288e+01,1.385911781211722094e+01
3.904829951414690470e+01,1.400931344256239086e+01
3.906830523006573230e+01,1.466625933669346082e+01
3.908831094598456701e+01,1.510583614063120450e+01
3.910831666190340172e+01,1.423187866434884796e+01
3.912832237782223643e+01,1.477513453041053282e+01
3.914832809374107114e+01,1.544904713694037568e+01
3.916833380965990585e+01,1.465177109654620935e+01
3.918833952557874056e+01,1.570612658874004097e+01
3.920834524149756817e+01,1.684709933285758154e+01
3.922835095741640998e+01,1.705123101564132782e+01
3.924835667333523759e+01,1.628259024137564381e+01
3.926836238925407940e+01,1.705373076431556001e+01
3.928836810517290701e+01,1.691575746921232337e+01
3.930837382109174172e+01,1.822179468355943754e+01
3.932837953701057643e+01,1.904128463940265803e+01
3.934838525292941114e+01,1.881717600219757003e+01
3.936839096884824585e+01,1.854677740387645102e+01
3.938839668476707345e+01,1.977386394412968684e+01
3.940840240068591527e+01,2.055507858150652112e+01
3.942840811660474287e+01,1.983807661170633097e+01
3.944841383252358469e+01,2.032498821627366326e+01
3.946841954844241229e+01,2.031367827153204075e+01
3.948842526436124700e+01,2.023413703707813838e+01
3.950843098028008171e+01,2.107868290324056204e+01
3.952843669619891642e+01,2.044924732394319733e+01
3.954844241211775113e+01,2.015323758123247444e+01
3.956844812803657874e+01,1.869177410619413493e+01
3.958845384395542055e+01,1.857732116609049910e+01
3.960845955987424816e+01,1.865346327683545269e+01
3.962846527579308997e+01,1.726656797065613347e+01
3.964847099171191758e+01,1.620380650197173367e+01
3.966847670763075229e+01,1.650722340841605629e+01
3.968848242354958700e+01,1.544477845734079935e+01
3.970848813946842171e+01,1.511305756870244821e+01
3.972849385538725642e+01,1.357324717562826066e+01
3.974849957130608402e+01,1.345746303157515378e+01
3.976850528722492584e+01,1.324434426565785827e+01
3.978851100314375344e+01,1.262210606143940694e+01
3.980851671906259526e+01,1.264409665521506554e+01
3.982852243498142286e+01,1.251050632419961772e+01
3.984852815090025757e+01,1.280486714965307371e+01
3.986853386681909228e+01,1.125139710080558508e+01
3.988853958273792699e+01,1.242406098445972518e+01
3.990854529865676170e+01,1.107596269888364660e+01
3.992855101457559641e+01,1.203915744027240819e+01
3.994855673049443112e+01,1.129007790102811271e+01
3.996856244641325873e+01,1.116363302912543709e+01
3.998856816233210054e+01,1.152000382852240534e+01
4.000857387825092815e+01,1.097658929941384365e+01
4.002857959416976286e+01,1.133326416611661003e+01
4.004858531008859757e+01,1.148873355300690946e+01
4.006859102600743228e+01,1.161694446041573769e+01
4.008859674192626699e+01,1.177834146881490796e+01
4.010860245784510170e+01,1.054002364913889345e+01
4.012860817376393641e+01,1.151636115154914108e+01
4.014861388968276401e+01,1.130550621499995856e+01
4.016861960560160583e+01,1.158503927091196672e+01
4.018862532152043343e+01,1.104099041962141925e+01
4.020863103743927525e+01,1.074867807137076348e+01
4.022863675335810285e+01,1.081996338106171152e+01
4.024864246927693756e+01,1.084908577472789304e+01
4.026864818519577227e+01,1.084844148617445647e+01
4.028865390111460698e+01,1.049329070996246571e+01
4.030865961703344169e+01,9.680522935187148903e+00
4.032866533295226930e+01,9.741583440166142083e+00
4.034867104887111111e+01,9.217237472714693070e+00
4.036867676478993872e+01,9.367893868610359220e+00
4.038868248070878053e+01,9.202791610854129445e+00
4.040868819662760814e+01,8.786939576805899321e+00
4.042869391254644285e+01,8.601756334711190277e+00
4.044869962846527756e+01,7.984484512654903554e+00
4.046870534438411227e+01,8.565598955518298752e+00
4.048871106030294698e+01,8.831656248415637123e+00
4.050871677622177458e+01,8.452032991306843712e+00
4.052872249214061640e+01,8.354137283776738698e+00
4.054872820805944400e+01,7.549675210216488352e+00
4.056873392397828582e+01,8.013292313814034173e+00
4.058873963989711342e+01,7.900114447693375119e+00
4.060874535581594813e+01,7.705624790838402127e+00
4.062875107173478284e+01,7.514886945464084533e+00
4.064875678765361755e+01,8.031199708206717247e+00
4.066876250357245226e+01,7.620801201307844330e+00
4.068876821949127986e+01,7.707679703313578656e+00
4.070877393541012168e+01,7.625593897046780256e+00
4.072877965132894929e+01,8.025027357997812416e+00
4.074878536724779110e+01,7.482912231232525357e+00
4.076879108316661871e+01,7.396070485249337523e+00
4.078879679908545342e+01,7.902157413858046375e+00
4.080880251500428813e+01,6.635839385126996781e+00
4.082880823092312284e+01,7.320254476973886426e+00
4.084881394684195755e+01,7.141760695121179836e+00
4.086881966276079226e+01,6.881206919661313037e+00
4.088882537867962697e+01,7.087740626935880250e+00
4.090883109459845457e+01,6.747483718714608614e+00
4.092883681051729639e+01,7.519406289962416778e+00
4.094884252643612399e+01,7.590623743750716912e+00
4.096884824235495870e+01,6.167775845332361229e+00
4.098885395827379341e+01,7.244045932708005786e+00
4.100885967419262812e+01,6.568185286358684039e+00
4.102886539011146283e+01,6.921497275101526014e+00
4.104887110603029754e+01,6.978278006952312040e+00
4.106887682194913225e+01,7.409025508812501215e+00
4.108888253786795985e+01,6.829220617741976085e+00
4.110888825378680167e+01,6.992772127483201317e+00
4.112889396970562927e+01,6.659848860583768015e+00
4.114889968562447109e+01,6.799864229650795622e+00
4.116890540154329869e+01,6.818611779207206069e+00
4.118891111746213340e+01,6.844894089778220447e+00
4.120891683338096811e+01,6.830929701077537608e+00
4.122892254929980282e+01,6.838092905155230383e+00
4.124892826521863753e+01,7.200013946044194313e+00
4.126893398113746514e+01,6.518122486509628111e+00
4.128893969705630695e+01,6.797666686604284969e+00
4.130894541297513456e+01,6.179454445260872397e+00
4.132895112889397637e+01,7.193126544666297306e+00
4.134895684481280398e+01,6.578381950750797458e+00
4.136896256073163869e+01,6.571813070535203138e+00
4.138896827665047340e+01,6.765547069679833214e+00
4.140897399256930811e+01,6.821970548843076187e+00
4.142897970848814282e+01,6.765235504178257031e+00
4.144898542440697042e+01,6.521876397247231338e+00
4.146899114032581224e+01,6.690476966217363319e+00
4.148899685624463984e+01,6.122092282273241537e+00
4.150900257216348166e+01,6.265361366941416321e+00
4.152900828808230926e+01,6.168880484713184842e+00
4.154901400400114397e+01,6.474202956176950963e+00
4.156901971991997868e+01,6.708070376705453697e+00
4.158902543583881339e+01,6.468090219906399874e+00
4.160903115175764810e+01,6.532941132705575527e+00
4.162903686767647571e+01,6.236251333895470594e+00
4.164904258359531752e+01,6.907066453745776435e+00
4.166904829951414513e+01,6.687311550740821176e+00
4.168905401543298694e+01,5.896494826213467988e+00
4.170905973135181455e+01,5.647525674499683568e+00
4.172906544727064926e+01,6.199554208547556122e+00
4.174907116318948397e+01,7.034736928694249158e+00
4.176907687910831868e+01,7.189733045030596514e+00
4.178908259502715339e+01,6.691540594195203084e+00
4.180908831094598810e+01,7.134965453472589481e+00
4.182909402686482281e+01,6.484206260717218839e+00
4.184909974278365041e+01,7.001248813440605900e+00
4.186910545870249223e+01,7.279956757820035484e+00
4.188911117462131983e+01,6.524445847962042855e+00
4.190911689054015454e+01,6.457360522300425565e+00
4.192912260645898925e+01,6.257663277892481446e+00
4.194912832237782396e+01,6.289273950464421503e+00
4.196913403829665867e+01,6.085240403549089905e+00
4.198913975421549338e+01,6.404339822231772672e+00
4.200914547013432809e+01,6.330319704274918635e+00
4.202915118605316280e+01,6.670668807549052559e+00
4.204915690197199041e+01,6.558270147379595016e+00
4.206916261789082512e+01,6.323235182448893710e+00
4.208916833380965983e+01,6.251155520109159092e+00
4.210917404972849454e+01,6.469398090717835004e+00
4.212917976564732925e+01,5.990850285530841646e+00
4.214918548156616396e+01,5.816482737473538833e+00
4.216919119748499867e+01,6.236574075422391061e+00
4.218919691340383338e+01,6.834481589074485441e+00
4.220920262932266809e+01,5.899082389168444074e+00
4.222920834524150280e+01,6.397472172693531078e+00
4.224921406116033040e+01,6.580221882504497799e+00
4.226921977707916511e+01,6.245756365814193245e+00
4.228922549299799982e+01,7.052056384115386045e+00
4.230923120891683453e+01,6.661308822283377395e+00
4.232923692483566924e+01,6.606282036612624253e+00
4.234924264075450395e+01,6.271224068927282680e+00
4.236924835667333866e+01,5.787255412970995216e+00
4.238925407259217337e+01,6.278275340936104065e+00
4.240925978851100808e+01,6.515690662324530535e+00
4.242926550442983569e+01,6.986202111984115781e+00
4.244927122034867040e+01,6.319989801962877962e+00
4.246927693626750511e+01,6.415435711539835495e+00
4.248928265218633982e+01,6.721224153687165526e+00
4.250928836810517453e+01,6.545848660003719566e+00
4.252929408402400924e+01,6.357527708623651463e+00
4.254929979994284395e+01,6.496886301756850557e+00
4.256930551586167866e+01,5.605012014928819397e+00
4.258931123178051337e+01,5.931743294729246330e+00
4.260931694769934097e+01,6.912582731085262111e+00
4.262932266361817568e+01,6.253188872139355148e+00
4.264932837953701039e+01,6.201261196737746673e+00
4.266933409545584510e+01,6.032393052167451586e+00
4.268933981137467981e+01,6.806552492644919461e+00
4.270934552729351452e+01,7.039978121381754939e+00
4.272935124321234923e+01,7.194005430972367776e+00
4.274935695913118394e+01,6.235391224095986118e+00
4.276936267505001865e+01,6.542947704760905481e+00
4.278936839096885336e+01,6.571670874166171572e+00
4.280937410688768097e+01,6.334654943389468329e+00
4.282937982280651568e+01,6.449555103508860299e+00
4.284938553872535039e+01,6.695125717414161848e+00
4.286939125464418510e+01,6.025291147634273869e+00
4.288939697056301981e+01,6.397970876893948500e+00
4.290940268648185452e+01,6.619633698347273665e+00
4.292940840240068923e+01,7.155123784803823384e+00
4.294941411831952394e+01,6.536306472018780234e+00
4.296941983423835865e+01,6.088491015058906441e+00
4.298942555015718625e+01,6.444579587202667881e+00
4.300943126607602096e+01,6.778225923708117051e+00
4.302943698199485567e+01,6.882516818212728538e+00
4.304944269791369038e+01,6.810900895031591240e+00
4.306944841383252509e+01,7.123930909948067658e+00
4.308945412975135980e+01,7.104749026046889071e+00
4.310945984567019451e+01,7.439203140828325900e+00
4.312946556158902922e+01,7.041797844751245705e+00
4.314947127750786393e+01,6.019140534927760910e+00
4.316947699342669864e+01,7.261824500766802082e+00
4.318948270934552625e+01,7.572597472488720172e+00
4.320948842526436096e+01,6.858163327773601381e+00
4.322949414118319567e+01,6.451202881047618298e+00
4.324949985710203038e+01,6.855211592657003195e+00
4.326950557302086509e+01,6.726893458915402135e+00
4.328951128893969980e+01,6.993577547025425112e+00
4.330951700485853451e+01,6.908853639515550427e+00
4.332952272077736922e+01,7.257582101034994793e+00
4.334952843669620393e+01,6.279070372869634653e+00
4.336953415261503153e+01,6.855978888591868881e+00
4.338953986853386624e+01,6.711097392484314028e+00
4.340954558445270095e+01,6.511303295629693011e+00
4.342955130037153566e+01,6.828653188694188358e+00
4.344955701629037037e+01,7.297721791731634156e+00
4.346956273220920508e+01,6.465363262058387406e+00
4.348956844812803979e+01,6.420418994622448139e+00
4.350957416404687450e+01,7.577048722813994885e+00
4.352957987996570921e+01,6.926437245583530355e+00
4.354958559588453681e+01,7.015567963697714404e+00
4.356959131180337153e+01,7.793134464203307132e+00
4.358959702772220624e+01,6.310904181152798387e+00
4.360960274364104095e+01,6.781967269356732331e+00
4.362960845955987566e+01,7.458373650420420553e+00
4.364961417547871037e+01,7.078075268211913240e+00
4.366961989139754508e+01,7.334823188466948807e+00
4.368962560731637979e+01,7.767201648571500527e+00
4.370963132323521450e+01,7.964690769070350562e+00
4.372963703915404921e+01,7.327130155204860884e+00
4.374964275507287681e+01,8.426848764662231872e+00
4.376964847099171152e+01,8.327302684775080621e+00
4.378965418691054623e+01,8.466903153399762516e+00
4.380965990282938094e+01,7.470046245217664804e+00
4.382966561874821565e+01,7.389279427193423011e+00
4.384967133466705036e+01,7.866395225034043648e+00
4.386967705058588507e+01,7.793526271764243951e+00
4.388968276650471978e+01,7.399583187400887496e+00
4.390968848242355449e+01,8.259581797771989642e+00
4.392969419834238209e+01,7.945570738205322670e+00
4.394969991426121680e+01,8.356202041860246510e+00
4.396970563018005151e+01,9.226009912514708589e+00
4.398971134609888622e+01,7.927043913567731082e+00
4.400971706201772093e+01,8.462391323959664646e+00
4.402972277793655564e+01,9.180562662046385825e+00
4.404972849385539035e+01,9.114403517461969528e+00
4.406973420977422506e+01,8.450314376059525401e+00
4.408973992569305977e+01,9.328677057704707565e+00
4.410974564161189448e+01,8.446529285507731188e+00
4.412975135753072209e+01,1.003669053105842757e+01
4.414975707344955680e+01,8.695652074414571331e+00
4.416976278936839151e+01,1.004848128247052230e+01
4.418976850528722622e+01,1.009819765797535851e+01
4.420977422120606093e+01,9.968138036457856899e+00
4.422977993712489564e+01,1.112589133058095214e+01
4.424978565304373035e+01,1.113843703102184080e+01
4.426979136896256506e+01,1.022509536660485807e+01
4.428979708488139977e+01,1.078264054262006510e+01
4.430980280080022737e+01,1.142269577933096869e+01
4.432980851671906208e+01,1.108450501884506423e+01
4.434981423263789679e+01,1.203962750000754056e+01
4.436981994855673150e+01,1.270777731638532337e+01
4.438982566447556621e+01,1.263505360782213849e+01
4.440983138039440092e+01,1.324504817793019562e+01
4.442983709631323563e+01,1.342713337482120295e+01
4.444984281223207034e+01,1.447079490637969101e+01
4.446984852815090505e+01,1.543628600512056437e+01
4.448985424406973266e+01,1.506866276259462722e+01
4.450985995998856737e+01,1.629424805107263552e+01
4.452986567590740208e+01,1.704637498355345215e+01
4.454987139182623679e+01,1.673567116105033392e+01
4.456987710774507150e+01,1.723996872196194374e+01
4.458988282366390621e+01,1.827932091598786002e+01
4.460988853958274092e+01,1.835284070989804306e+01
4.462989425550157563e+01,1.861007688711775998e+01
4.464989997142041034e+01,1.969167546040540628e+01
4.466990568733924505e+01,2.036301003851657754e+01
4.468991140325807265e+01,2.098698067205947027e+01
4.470991711917690736e+01,2.058628376910611379e+01
4.472992283509574207e+01,2.130062631928204553e+01
4.474992855101457678e+01,2.095673144429164125e+01
4.476993426693341149e+01,2.164312617447225051e+01
4.478993998285224620e+01,2.167705860457364508e+01
4.480994569877108091e+01,2.224354913054095562e+01
4.482995141468991562e+01,2.158040293233879936e+01
4.484995713060875033e+01,2.124420830015531436e+01
4.486996284652757794e+01,2.103557465390127845e+01
4.488996856244641265e+01,2.098155587701473834e+01
4.490997427836524736e+01,2.107613129519203810e+01
4.492997999428408207e+01,2.138093955740444585e+01
4.494998571020291678e+01,2.185583966255020272e+01
4.496999142612175149e+01,2.142757325321413475e+01
4.498999714204058620e+01,2.111666692743434126e+01
4.501000285795942091e+01,2.171982120733347088e+01
4.503000857387825562e+01,2.040213496563258033e+01
4.505001428979709033e+01,2.077876793735093486e+01
4.507002000571591793e+01,2.113652107909098632e+01
4.509002572163475264e+01,2.082574139679712033e+01
4.511003143755358735e+01,2.045595616469393363e+01
4.513003715347242206e+01,1.881855482057020268e+01
4.515004286939125677e+01,1.979119688391861587e+01
4.517004858531009148e+01,1.868162776811594128e+01
4.519005430122892619e+01,1.775339745766805777e+01
4.521006001714776090e+01,1.772024375022352416e+01
4.523006573306659561e+01,1.687610603553024191e+01
4.525007144898542322e+01,1.622673406415275821e+01
4.527007716490425793e+01,1.568762177214885511e+01
4.529008288082309264e+01,1.556615828279631408e+01
4.531008859674192735e+01,1.489873196019135904e+01
4.533009431266076206e+01,1.410507208851568350e+01
4.535010002857959677e+01,1.385346074261290994e+01
4.537010574449843148e+01,1.320843486470461237e+01
4.539011146041726619e+01,1.230273557716657606e+01
4.541011717633610090e+01,1.304706557428586677e+01
4.543012289225492850e+01,1.227778852471872995e+01
4.545012860817376321e+01,1.261941519049968008e+01
4.547013432409259792e+01,1.206069094533717134e+01
4.549014004001143263e+01,1.210175614754722240e+01
4.551014575593026734e+01,1.174177920808909192e+01
4.553015147184910205e+01,1.226953194798424107e+01
4.555015718776793676e+01,1.134780763284674521e+01
4.557016290368677147e+01,1.149725310450094362e+01
4.559016861960560618e+01,1.115235242324411225e+01
4.561017433552444089e+01,1.094517289068972943e+01
4.563018005144326850e+01,1.026895979876711351e+01
4.565018576736210321e+01,1.063974790701042927e+01
4.567019148328093792e+01,1.005309467895120434e+01
4.569019719919977263e+01,1.077940295222150446e+01
4.571020291511860734e+01,9.442480553789819098e+00
4.573020863103744205e+01,9.463029420888762644e+00
4.575021434695627676e+01,9.864499303546901743e+00
4.577022006287511147e+01,9.211610500439604721e+00
4.579022577879394618e+01,9.310519198129741270e+00
4.581023149471277378e+01,8.811806698232452106e+00
4.583023721063160849e+01,8.862170767223577883e+00
4.585024292655044320e+01,9.399494907738450422e+00
4.587024864246927791e+01,8.666606447341468566e+00
4.589025435838811262e+01,8.586961812892720758e+00
4.591026007430694733e+01,8.395228156163806688e+00
4.593026579022578204e+01,8.577148256761006451e+00
4.595027150614461675e+01,8.262944630656360090e+00
4.597027722206345146e+01,9.185810388833729689e+00
4.599028293798228617e+01,7.861895996946587140e+00
4.601028865390111378e+01,8.724792711995226213e+00
4.603029436981994849e+01,8.512615201555352229e+00
4.605030008573878320e+01,8.622912960412035588e+00
4.607030580165761791e+01,8.017911709513134255e+00
4.609031151757645262e+01,8.663048319958198462e+00
4.611031723349528733e+01,7.858389415779884146e+00
4.613032294941412204e+01,7.927639477315890915e+00
4.615032866533295675e+01,8.331132826423187865e+00
4.617033438125179146e+01,8.417526358427423361e+00
4.619034009717061906e+01,8.763351179270312485e+00
4.621034581308945377e+01,7.555601421590014688e+00
4.623035152900828848e+01,8.608856197217143347e+00
4.625035724492712319e+01,7.282409468495547600e+00
4.627036296084595790e+01,8.150044453703550573e+00
4.629036867676479261e+01,8.319284748020074005e+00
4.631037439268362732e+01,7.618802147104387856e+00
4.633038010860246203e+01,8.247353004332429904e+00
4.635038582452129674e+01,7.906263363983159209e+00
4.637039154044012434e+01,8.561925993725447270e+00
4.639039725635895905e+01,8.725526161577043638e+00
4.641040297227779376e+01,8.753155688328257966e+00
4.643040868819662847e+01,8.482137208318487609e+00
4.645041440411546319e+01,8.274000122350296138e+00
4.647042012003429790e+01,8.246839196124536642e+00
4.649042583595313261e+01,7.673592785881835354e+00
4.651043155187196732e+01,7.708719174993548862e+00
4.653043726779080203e+01,8.852948827618325467e+00
4.655044298370963674e+01,8.352835270538149004e+00
4.657044869962846434e+01,7.606325926815300065e+00
4.659045441554729905e+01,7.788325829854031213e+00
4.661046013146613376e+01,8.361587240905434371e+00
4.663046584738496847e+01,7.622055562975592835e+00
4.665047156330380318e+01,8.276845911403020395e+00
4.667047727922263789e+01,8.199838291525061607e+00
4.669048299514147260e+01,8.275663862337376386e+00
4.671048871106030731e+01,8.186507733431898970e+00
4.673049442697914202e+01,8.635195264155829165e+00
4.675050014289796962e+01,8.359119593920588898e+00
4.677050585881680433e+01,8.555977288772671940e+00
4.679051157473563904e+01,8.603031709547845907e+00
4.681051729065447375e+01,8.591632162684364360e+00
4.683052300657330846e+01,8.846747619184924361e+00
4.685052872249214317e+01,8.688491890930114536e+00
4.687053443841097788e+01,8.809256547753649969e+00
4.689054015432981259e+01,8.923250601713990093e+00
4.691054587024864730e+01,9.198354171082073094e+00
4.693055158616748201e+01,8.823673052666773486e+00
4.695055730208630962e+01,9.093943302727643285e+00
4.697056301800514433e+01,8.703626815978479314e+00
4.699056873392397904e+01,8.721055892008452659e+00
4.701057444984281375e+01,9.723474173890206629e+00
4.703058016576164846e+01,9.738607502233032065e+00
4.705058588168048317e+01,9.745952645948705140e+00
4.707059159759931788e+01,9.560128628659516181e+00
4.709059731351815259e+01,9.063127331697613087e+00
4.711060302943698730e+01,9.828578740208294917e+00
4.713060874535581490e+01,1.000218856468959672e+01
4.715061446127464961e+01,1.032960555754534404e+01
4.717062017719348432e+01,9.673633352055793111e+00
4.719062589311231903e+01,1.095606326449446399e+01
4.721063160903115374e+01,1.073272931458357959e+01
4.723063732494998845e+01,1.060355381326281154e+01
4.725064304086882316e+01,1.049156781749137046e+01
4.727064875678765787e+01,1.118527340159781858e+01
4.729065447270649258e+01,1.101827580201018009e+01
4.731066018862532019e+01,1.165747281083694453e+01
4.733066590454415490e+01,1.085686254509443494e+01
4.735067162046298961e+01,1.148896659236956985e+01
4.737067733638182432e+01,1.168898634157846494e+01
4.739068305230065903e+01,1.206369557045156249e+01
4.741068876821949374e+01,1.301304642416716639e+01
4.743069448413832845e+01,1.243349915544125217e+01
4.745070020005716316e+01,1.369410470981607375e+01
4.747070591597599787e+01,1.409729211327963405e+01
4.749071163189483258e+01,1.403061197084500300e+01
4.751071734781366018e+01,1.351561950300816761e+01
4.753072306373249489e+01,1.504120141365162056e+01
4.755072877965132960e+01,1.532060083193266919e+01
4.757073449557016431e+01,1.557065536917764703e+01
4.759074021148899902e+01,1.710354262735134512e+01
4.761074592740783373e+01,1.667500295798877019e+01
4.763075164332666844e+01,1.720514770895261947e+01
4.765075735924550315e+01,1.788404697450646808e+01
4.767076307516433786e+01,1.907441965840008180e+01
4.769076879108316547e+01,1.907471893528243356e+01
4.771077450700200018e+01,2.040826538765481146e+01
4.773078022292083489e+01,2.065475198975537197e+01
4.775078593883966960e+01,2.297930115948376084e+01
4.777079165475850431e+01,2.348233379142360633e+01
4.779079737067733902e+01,2.462226347624567069e+01
4.781080308659617373e+01,2.640213849773067167e+01
4.783080880251500844e+01,2.820681418327695056e+01
4.785081451843384315e+01,2.895982331889427996e+01
4.787082023435267075e+01,3.095129819573946861e+01
4.789082595027150546e+01,3.333903786218192522e+01
4.791083166619034017e+01,3.495843993410402817e+01
4.793083738210917488e+01,3.720102787812245282e+01
4.795084309802800959e+01,3.980923291269382958e+01
4.797084881394684430e+01,4.280211143038496857e+01
4.799085452986567901e+01,4.485454959466022729e+01
4.801086024578451372e+01,4.778151511805715757e+01
4.803086596170334843e+01,5.044041819195038556e+01
4.805087167762218314e+01,5.256320731933656276e+01
4.807087739354101075e+01,5.512148355890164453e+01
4.809088310945984546e+01,5.840536432024671853e+01
4.811088882537868017e+01,6.043272033862089643e+01
4.813089454129751488e+01,6.311094685723450937e+01
4.815090025721634959e+01,6.450820832830434881e+01
4.817090597313518430e+01,6.656880698743323421e+01
4.819091168905401901e+01,6.723584872391120371e+01
4.821091740497285372e+01,6.695003905645467057e+01
4.823092312089168843e+01,6.701313578381248703e+01
4.825092883681051603e+01,6.559181600496604858e+01
4.827093455272935074e+01,6.492177389513716435e+01
4.829094026864818545e+01,6.423496846652415115e+01
4.831094598456702016e+01,6.182588907117001042e+01
4.833095170048585487e+01,5.911354592683591136e+01
4.835095741640468958e+01,5.710695806086380344e+01
4.837096313232352429e+01,5.509227355644493684e+01
4.839096884824235900e+01,5.286334840832616067e+01
4.841097456416119371e+01,5.071443411113551747e+01
4.843098028008002842e+01,4.775847831760725626e+01
4.845098599599885603e+01,4.579602604485710060e+01
4.847099171191769074e+01,4.426713302826394170e+01
4.849099742783652545e+01,4.307351388828341499e+01
4.851100314375536016e+01,4.088587015259781055e+01
4.853100885967419487e+01,4.045369192703375916e+01
4.855101457559302958e+01,3.858977333470394910e+01
4.857102029151186429e+01,3.893622186927455431e+01
4.859102600743069900e+01,3.800525229879156086e+01
4.861103172334953371e+01,3.715851877115696311e+01
4.863103743926836131e+01,3.638209361297189304e+01
4.865104315518719602e+01,3.661330557228958327e+01
4.867104887110603073e+01,3.671903097040681274e+01
4.869105458702486544e+01,3.613818967346388433e+01
4.871106030294370015e+01,3.713715227214854053e+01
4.873106601886253486e+01,3.669779321617407675e+01
4.875107173478136957e+01,3.759162214031873361e+01
4.877107745070020428e+01,3.793464624026828602e+01
4.879108316661903899e+01,3.839825601961729262e+01
4.881108888253786660e+01,3.849843070142573254e+01
4.883109459845670131e+01,3.848779694047961186e+01
4.885110031437553602e+01,3.916857746013850772e+01
4.887110603029437073e+01,3.956156021348343899e+01
4.889111174621320544e+01,3.919528082410826642e+01
4.891111746213204015e+01,3.966760891581541415e+01
4.893112317805087486e+01,3.923457607198649555e+01
4.895112889396970957e+01,3.981710068467585728e+01
4.897113460988854428e+01,3.922405936297438700e+01
4.899114032580737899e+01,3.793891792486174097e+01
4.901114604172620659e+01,3.747368831610397422e+01
4.903115175764504130e+01,3.690360468535855176e+01
4.905115747356387601e+01,3.548890329783883146e+01
4.907116318948271072e+01,3.533140310888257574e+01
4.909116890540154543e+01,3.307268078857205040e+01
4.911117462132038014e+01,3.195856514900381384e+01
4.913118033723921485e+01,2.984668267819269261e+01
4.915118605315804956e+01,2.934288436477514495e+01
4.917119176907688427e+01,2.770956592204675673e+01
4.919119748499571187e+01,2.549698186192267002e+01
4.921120320091454658e+01,2.515725627065435788e+01
4.923120891683338129e+01,2.299235830718532725e+01
4.925121463275221600e+01,2.153090564975558507e+01
4.927122034867105071e+01,2.029668173713678314e+01
4.929122606458988542e+01,1.940164599182421767e+01
4.931123178050872014e+01,1.913146066513940013e+01
4.933123749642755485e+01,1.776308944932708300e+01
4.935124321234638956e+01,1.676735701359860187e+01
4.937124892826522427e+01,1.577692420486932079e+01
4.939125464418405187e+01,1.619589229711006695e+01
4.941126036010288658e+01,1.460838803939338604e+01
4.943126607602172129e+01,1.491381613609391721e+01
4.945127179194055600e+01,1.512961470364376737e+01
4.947127750785939071e+01,1.408518671710828585e+01
4.949128322377822542e+01,1.403278856255372453e+01
4.951128893969706013e+01,1.375169361202693352e+01
4.953129465561589484e+01,1.282342452532645183e+01
4.955130037153472955e+01,1.307178234809966710e+01
4.957130608745355715e+01,1.263208589783715396e+01
4.959131180337239186e+01,1.235705132856108790e+01
4.961131751929122657e+01,1.180742152969239633e+01
4.963132323521006128e+01,1.281646185694777884e+01
4.965132895112889599e+01,1.185029266361991418e+01
4.967133466704773070e+01,1.222278554679007101e+01
4.969134038296656541e+01,1.095065160814766614e+01
4.971134609888540012e+01,1.067036927632580401e+01
4.973135181480423483e+01,1.121773762145886266e+01
4.975135753072306244e+01,1.099745993230441954e+01
4.977136324664189715e+01,1.059120050310970917e+01
4.979136896256073186e+01,1.139901318427419064e+01
4.981137467847956657e+01,1.029051724456763495e+01
4.983138039439840128e+01,1.041772265275005971e+01
4.985138611031723599e+01,1.048747474479148778e+01
4.987139182623607070e+01,1.018772410813942564e+01
4.989139754215490541e+01,1.058930202698159384e+01
4.991140325807374012e+01,1.079509209755551957e+01
4.993140897399257483e+01,1.027000192607620477e+01
4.995141468991140243e+01,9.583728054543877661e+00
4.997142040583023714e+01,1.000693077248371665e+01
4.999142612174907185e+01,1.040241631752897256e+01
5.001143183766790656e+01,1.063091605308555643e+01
5.003143755358674127e+01,9.691924078160294442e+00
5.005144326950557598e+01,9.737219320998789840e+00
5.007144898542441069e+01,9.792472761061862485e+00
5.009145470134324540e+01,9.588677219355403736e+00
5.011146041726208011e+01,1.030002142130161680e+01
5.013146613318090772e+01,1.043754708691378497e+01
5.015147184909974243e+01,1.010433140502755833e+01
5.017147756501857714e+01,9.629286497578831927e+00
5.019148328093741185e+01,1.008672916748490600e+01
5.021148899685624656e+01,1.009620526410927965e+01
5.023149471277508127e+01,1.004420089923022275e+01
5.025150042869391598e+01,1.003964146030372007e+01
5.027150614461275069e+01,1.008521235815637951e+01
5.029151186053158540e+01,1.014641469884921321e+01
5.031151757645042011e+01,1.050505659990374774e+01
5.033152329236924771e+01,1.047011064964389249e+01
5.035152900828808242e+01,1.036005467345659703e+01
5.037153472420691713e+01,1.085618220221618557e+01
5.039154044012575184e+01,1.088718652861083314e+01
5.041154615604458655e+01,1.147685835073647276e+01
5.043155187196342126e+01,1.134836326776686199e+01
5.045155758788225597e+01,1.196545056592532852e+01
5.047156330380109068e+01,1.157442775952004510e+01
5.049156901971992539e+01,1.210886864761152815e+01
5.051157473563875300e+01,1.215886960266371730e+01
5.053158045155758771e+01,1.236171376996987448e+01
5.055158616747642242e+01,1.318715515655560289e+01
5.057159188339525713e+01,1.343865142678835056e+01
5.059159759931409184e+01,1.470110049684363496e+01
5.061160331523292655e+01,1.438336820879092137e+01
5.063160903115176126e+01,1.412805932263679409e+01
5.065161474707059597e+01,1.507804203260410247e+01
5.067162046298943068e+01,1.577059129604088028e+01
5.069162617890825828e+01,1.618373914173476891e+01
5.071163189482709299e+01,1.638078302479546977e+01
5.073163761074592770e+01,1.710550855612146393e+01
5.075164332666476241e+01,1.731808787318843201e+01
5.077164904258359712e+01,1.765020327294330826e+01
5.079165475850243183e+01,1.805735962682839357e+01
5.081166047442126654e+01,1.891332971269827823e+01
5.083166619034010125e+01,1.913418988183459390e+01
5.085167190625893596e+01,1.961731294489426602e+01
5.087167762217777067e+01,2.016028572004564268e+01
5.089168333809659828e+01,2.040663000304920871e+01
5.091168905401543299e+01,1.998490800394408140e+01
5.093169476993426770e+01,2.008747121678963055e+01
5.095170048585310241e+01,2.103411355587974541e+01
5.097170620177193712e+01,1.966635152315264179e+01
5.099171191769077183e+01,2.105900175251603201e+01
5.101171763360960654e+01,2.045035616755001229e+01
5.103172334952844125e+01,2.051254463880520973e+01
5.105172906544727596e+01,2.023037702214043065e+01
5.107173478136610356e+01,2.069430762765261278e+01
5.109174049728493827e+01,2.049527236895496074e+01
5.111174621320377298e+01,2.110440385019651899e+01
5.113175192912260769e+01,2.075808016004030065e+01
5.115175764504144240e+01,2.062585305002698277e+01
5.117176336096027711e+01,2.091806104419019618e+01
5.119176907687911182e+01,2.041018753421241883e+01
5.121177479279794653e+01,2.063882461040395810e+01
5.123178050871678124e+01,2.071667493872130450e+01
5.125178622463561595e+01,2.068845524359429078e+01
5.127179194055444356e+01,2.029033178228968026e+01
5.129179765647327827e+01,1.974470274212198717e+01
5.131180337239211298e+01,1.959277903728528969e+01
5.133180908831094769e+01,1.931403127566586875e+01
5.135181480422978240e+01,1.821707674819537459e+01
5.137182052014861711e+01,1.918298498225929194e+01
5.139182623606745182e+01,1.810473525219046920e+01
5.141183195198628653e+01,1.725983712131855086e+01
5.143183766790512124e+01,1.791750141684971354e+01
5.145184338382394884e+01,1.727425989309039167e+01
5.147184909974278355e+01,1.695402992866815595e+01
5.149185481566161826e+01,1.669142478082756753e+01
5.151186053158045297e+01,1.635135438173413647e+01
5.153186624749928768e+01,1.773059272429471989e+01
5.155187196341812239e+01,1.701876128968800472e+01
5.157187767933695710e+01,1.701017442788553069e+01
5.159188339525579181e+01,1.742134510962576499e+01
5.161188911117462652e+01,1.746544611624015531e+01
5.163189482709345413e+01,1.723695023279638505e+01
5.165190054301228884e+01,1.769138037039784450e+01
5.167190625893112355e+01,1.737458787263334514e+01
5.169191197484995826e+01,1.816547917500747999e+01
5.171191769076879297e+01,1.794032872108869014e+01
5.173192340668762768e+01,1.769229950767266146e+01
5.175192912260646239e+01,1.723848840654146386e+01
5.177193483852529710e+01,1.764761012086913183e+01
5.179194055444413181e+01,1.816116208006021182e+01
5.181194627036296652e+01,1.802364284251635240e+01
5.183195198628179412e+01,1.750613674177834156e+01
5.185195770220062883e+01,1.801551284066486502e+01
5.187196341811946354e+01,1.816563316237657233e+01
5.189196913403829825e+01,1.745546131514249311e+01
5.191197484995713296e+01,1.835859956917872537e+01
5.193198056587596767e+01,1.817736948806646069e+01
5.195198628179480238e+01,1.749507029781153378e+01
5.197199199771363709e+01,1.799164179355836168e+01
5.199199771363247180e+01,1.796561990919469665e+01
5.201200342955129940e+01,1.781088848259474133e+01
5.203200914547013411e+01,1.736609369701762873e+01
5.205201486138896882e+01,1.694162318733126682e+01
5.207202057730780353e+01,1.727563101384334487e+01
5.209202629322663824e+01,1.748568556082327774e+01
5.211203200914547295e+01,1.636930347650375239e+01
5.213203772506430766e+01,1.676332043351992951e+01
5.215204344098314237e+01,1.674368762868351723e+01
5.217204915690197708e+01,1.589824570905742362e+01
5.219205487282081180e+01,1.585765756441270469e+01
5.221206058873963940e+01,1.519761589737661467e+01
5.223206630465847411e+01,1.583556565411677752e+01
5.225207202057730882e+01,1.594049683889328151e+01
5.227207773649614353e+01,1.655219135947968212e+01
5.229208345241497824e+01,1.614313842366121321e+01
5.231208916833381295e+01,1.692781472052109137e+01
5.233209488425264766e+01,1.649522963439132894e+01
5.235210060017148237e+01,1.667619989558792781e+01
5.237210631609031708e+01,1.702098550149058553e+01
5.239211203200914468e+01,1.770558863335338629e+01
5.241211774792797939e+01,1.761661791751808082e+01
5.243212346384681410e+01,1.796740703612149304e+01
5.245212917976564881e+01,1.860253597586524066e+01
5.247213489568448352e+01,1.881609072084095402e+01
5.249214061160331823e+01,1.885251851294298575e+01
5.251214632752215294e+01,1.893880731320070510e+01
5.253215204344098765e+01,1.956576566603729006e+01
5.255215775935982236e+01,1.917501808211786596e+01
5.257216347527864997e+01,1.807450565834280098e+01
5.259216919119748468e+01,1.881841865314178008e+01
5.261217490711631939e+01,1.874958805692700281e+01
5.263218062303515410e+01,1.846133372114110216e+01
5.265218633895398881e+01,1.760172687450587148e+01
5.267219205487282352e+01,1.722019398937656121e+01
5.269219777079165823e+01,1.749539522809636338e+01
5.271220348671049294e+01,1.640422488921839772e+01
5.273220920262932765e+01,1.602937704914564421e+01
5.275221491854816236e+01,1.639348268678119069e+01
5.277222063446698996e+01,1.500290927775923677e+01
5.279222635038582467e+01,1.451060048028398697e+01
5.281223206630465938e+01,1.496994901852793802e+01
5.283223778222349409e+01,1.419803885083717887e+01
5.285224349814232880e+01,1.425133174692017057e+01
5.287224921406116351e+01,1.279970293152851823e+01
5.289225492997999822e+01,1.262439210404968648e+01
5.291226064589883293e+01,1.258115893214517911e+01
5.293226636181766764e+01,1.176110449968574656e+01
5.295227207773649525e+01,1.230796516783575356e+01
5.297227779365532996e+01,1.135248467275512141e+01
5.299228350957416467e+01,1.197267980420920352e+01
5.301228922549299938e+01,1.226471738818095503e+01
5.303229494141183409e+01,1.219882989001163409e+01
5.305230065733066880e+01,1.195627220432775140e+01
5.307230637324950351e+01,1.150939699449219589e+01
5.309231208916833822e+01,1.335633548857392228e+01
5.311231780508717293e+01,1.298477289249697186e+01
5.313232352100600764e+01,1.360018548554506168e+01
5.315232923692483524e+01,1.356083973978349455e+01
5.317233495284366995e+01,1.431389537742809814e+01
5.319234066876250466e+01,1.408252673177976533e+01
5.321234638468133937e+01,1.460814145778989470e+01
5.323235210060017408e+01,1.549133604611400195e+01
5.325235781651900879e+01,1.557125722277105240e+01
5.327236353243784350e+01,1.500793046652617946e+01
5.329236924835667821e+01,1.573828942961464961e+01
5.331237496427551292e+01,1.625815496400037574e+01
5.333238068019434053e+01,1.571863819326988931e+01
5.335238639611317524e+01,1.484508243338398970e+01
5.337239211203200995e+01,1.518927681993515577e+01
5.339239782795084466e+01,1.483053210772047237e+01
5.341240354386967937e+01,1.472996913043475509e+01
5.343240925978851408e+01,1.366029524349992563e+01
5.345241497570734879e+01,1.257275717273009619e+01
5.347242069162618350e+01,1.265026653100133203e+01
5.349242640754501821e+01,1.153466386931613030e+01
5.351243212346384581e+01,1.130957005479153743e+01
5.353243783938268052e+01,1.066618223221570183e+01
5.355244355530151523e+01,1.119523426790033227e+01
5.357244927122034994e+01,1.010820485527705337e+01
5.359245498713918465e+01,1.006507682296316375e+01
5.361246070305801936e+01,1.016088853191902075e+01
5.363246641897685407e+01,1.004745095163343294e+01
5.365247213489568878e+01,9.012192052469998771e+00
5.367247785081452349e+01,8.788621747100300752e+00
5.369248356673335820e+01,9.153752217893986298e+00
5.371248928265218581e+01,9.060453638533234155e+00
5.373249499857102052e+01,9.154663604271478405e+00
5.375250071448985523e+01,8.557445867067984935e+00
5.377250643040868994e+01,8.181663121264415750e+00
5.379251214632752465e+01,9.106729637793501198e+00
5.381251786224635936e+01,8.136635047975964596e+00
5.383252357816519407e+01,8.527763152336261143e+00
5.385252929408402878e+01,8.786678792114425818e+00
5.387253501000286349e+01,8.749084637470438963e+00
5.389254072592169109e+01,8.074421264057775716e+00
5.391254644184052580e+01,7.887241225679280987e+00
5.393255215775936051e+01,8.087696015642713121e+00
5.395255787367819522e+01,7.986612459388789276e+00
5.397256358959702993e+01,8.056592229510860292e+00
5.399256930551586464e+01,7.989952879596527779e+00
5.401257502143469935e+01,7.385339845047523610e+00
5.403258073735353406e+01,7.602834752618968572e+00
5.405258645327236877e+01,8.021664999479241942e+00
5.407259216919120348e+01,7.255632088357702791e+00
5.409259788511003109e+01,7.599985224503289061e+00
5.411260360102886580e+01,6.761626004513895616e+00
5.413260931694770051e+01,7.229585062249045180e+00
5.415261503286653522e+01,7.217849076101847672e+00
5.417262074878536993e+01,7.753841149923468734e+00
5.419262646470420464e+01,7.503562022243708718e+00
5.421263218062303935e+01,7.524358230110680168e+00
5.423263789654187406e+01,7.009147342450248175e+00
5.425264361246070877e+01,7.496873978774747371e+00
5.427264932837953637e+01,7.250699427376790851e+00
5.429265504429837108e+01,7.196347595754231996e+00
5.431266076021720579e+01,7.174371997128779377e+00
5.433266647613604050e+01,7.028079964050204964e+00
5.435267219205487521e+01,6.591825010711214183e+00
5.437267790797370992e+01,7.936142971723454842e+00
5.439268362389254463e+01,6.807372201693964620e+00
5.441268933981137934e+01,6.722544969303791973e+00
5.443269505573021405e+01,7.629000753215301245e+00
5.445270077164904166e+01,6.411283733016491126e+00
5.447270648756787637e+01,7.561688034803794700e+00
5.449271220348671108e+01,7.319521052955114016e+00
5.451271791940554579e+01,6.522737670469561877e+00
5.453272363532438050e+01,7.316301965083573222e+00
5.455272935124321521e+01,7.260255503061951998e+00
5.457273506716204992e+01,6.821513217109577809e+00
5.459274078308088463e+01,7.303409244602653061e+00
5.461274649899971934e+01,7.036374281027498512e+00
5.463275221491855405e+01,6.357540787922996373e+00
5.465275793083738165e+01,6.999158595220444923e+00
5.467276364675621636e+01,6.507181137579136632e+00
5.469276936267505107e+01,7.215447111376493083e+00
5.471277507859388578e+01,7.063565833017053208e+00
5.473278079451272049e+01,6.221735494214918560e+00
5.475278651043155520e+01,7.280051714143697339e+00
5.477279222635038991e+01,6.698285351244388508e+00
5.479279794226922462e+01,6.363545081903895451e+00
5.481280365818805933e+01,6.754928097042273372e+00
5.483280937410688693e+01,7.599739159692308732e+00
5.485281509002572164e+01,6.893655551787661651e+00
5.487282080594455635e+01,7.417453634450579258e+00
5.489282652186339106e+01,7.465767035820999098e+00
5.491283223778222577e+01,7.344652805017885200e+00
5.493283795370106048e+01,7.420537387741893198e+00
5.495284366961989519e+01,6.770531841744953816e+00
5.497284938553872990e+01,6.978505798218435530e+00
5.499285510145756461e+01,6.672765039031393286e+00
5.501286081737639222e+01,7.788163507233065275e+00
5.503286653329522693e+01,6.361150299137102948e+00
5.505287224921406164e+01,6.557439573102834096e+00
5.507287796513289635e+01,6.609117713274446970e+00
5.509288368105173106e+01,7.716184171251972757e+00
5.511288939697056577e+01,6.556912423672388357e+00
5.513289511288940048e+01,7.403629204114833939e+00
5.515290082880823519e+01,7.019992527514337333e+00
5.517290654472706990e+01,7.589888223556831903e+00
5.519291226064590461e+01,6.748033616653733802e+00
5.521291797656473221e+01,7.223329708807144200e+00
5.523292369248356692e+01,7.165024052397187759e+00
5.525292940840240163e+01,7.733528293694069689e+00
5.527293512432123634e+01,7.260035877851616526e+00
5.529294084024007105e+01,7.755052855985173466e+00
5.531294655615890576e+01,6.981203862594096421e+00
5.533295227207774047e+01,7.162497993852744216e+00
5.535295798799657518e+01,7.529260166766865048e+00
5.537296370391540989e+01,7.435252019592653028e+00
5.539296941983423750e+01,7.666179614876785564e+00
5.541297513575307221e+01,7.837430437021998486e+00
5.543298085167190692e+01,8.109498397779026035e+00
5.545298656759074163e+01,7.168986850249586595e+00
5.547299228350957634e+01,7.688404983445357388e+00
5.549299799942841105e+01,7.456977639506343181e+00
5.551300371534724576e+01,7.882980351970042321e+00
5.553300943126608047e+01,8.394768145588777486e+00
5.555301514718491518e+01,8.084666822915936635e+00
5.557302086310374989e+01,7.930615930235301647e+00
5.559302657902257749e+01,7.962320496373735068e+00
5.561303229494141220e+01,7.889745719096548093e+00
5.563303801086024691e+01,8.460275097194784877e+00
5.565304372677908162e+01,7.619565512668705409e+00
5.567304944269791633e+01,8.428075457565034512e+00
5.569305515861675104e+01,8.560490878021552064e+00
5.571306087453558575e+01,8.584125049266386753e+00
5.573306659045442046e+01,8.938851882956909023e+00
5.575307230637325517e+01,8.311285791755913976e+00
5.577307802229208278e+01,8.940716202963727710e+00
5.579308373821091749e+01,9.189058811257281079e+00
5.581308945412975220e+01,9.340614918516685350e+00
5.583309517004858691e+01,9.683372483445575440e+00
5.585310088596742162e+01,9.922960943114409460e+00
5.587310660188625633e+01,9.252216360621508429e+00
5.589311231780509104e+01,1.036158827688475270e+01
5.591311803372392575e+01,1.023637149740996222e+01
5.593312374964276046e+01,1.089857274199941273e+01
5.595312946556158806e+01,1.150256079045234969e+01
5.597313518148042277e+01,1.155313535602768127e+01
5.599314089739925748e+01,1.107200349088701330e+01
5.601314661331809219e+01,1.172286326588305272e+01
5.603315232923692690e+01,1.225303601141867738e+01
5.605315804515576161e+01,1.286714122285142992e+01
5.607316376107459632e+01,1.272196969402892464e+01
5.609316947699343103e+01,1.275636852137135335e+01
5.611317519291226574e+01,1.432615045928163333e+01
5.613318090883110045e+01,1.425498237777795474e+01
5.615318662474992806e+01,1.379509869043167392e+01
5.617319234066876277e+01,1.472000742866344325e+01
5.619319805658759748e+01,1.508071859513399282e+01
5.621320377250643219e+01,1.564634142320997867e+01
5.623320948842526690e+01,1.519399254788772602e+01
5.625321520434410161e+01,1.583156416884015272e+01
5.627322092026293632e+01,1.445447278096056465e+01
5.629322663618177103e+01,1.480361265109046087e+01
5.631323235210060574e+01,1.573388819014609830e+01
5.633323806801943334e+01,1.427796600189605414e+01
5.635324378393826805e+01,1.468255357919351667e+01
5.637324949985710276e+01,1.529393897987983131e+01
5.639325521577593747e+01,1.437298875875384319e+01
5.641326093169477218e+01,1.471981655363034136e+01
5.643326664761360689e+01,1.418086811188499752e+01
5.645327236353244160e+01,1.400571685560163537e+01
5.647327807945127631e+01,1.431819242375562951e+01
5.649328379537011102e+01,1.348757342129144376e+01
5.651328951128894573e+01,1.319392134613603318e+01
5.653329522720777334e+01,1.276287907349276729e+01
5.655330094312660805e+01,1.314414706528747701e+01
5.657330665904544276e+01,1.298941142620037326e+01
5.659331237496427747e+01,1.323426057925607857e+01
5.661331809088311218e+01,1.301640464731653779e+01
5.663332380680194689e+01,1.284503075564567531e+01
5.665332952272078160e+01,1.287269877602995471e+01
5.667333523863961631e+01,1.338886411675033727e+01
5.669334095455845102e+01,1.322863900616836474e+01
5.671334667047727862e+01,1.318668280961603223e+01
5.673335238639611333e+01,1.365306698934478824e+01
5.675335810231494804e+01,1.418001461350368153e+01
5.677336381823378275e+01,1.335679432074104156e+01
5.679336953415261746e+01,1.451881655713089003e+01
5.681337525007145217e+01,1.447757136808453993e+01
5.683338096599028688e+01,1.424710648446489714e+01
5.685338668190912159e+01,1.507918963399188783e+01
5.687339239782795630e+01,1.432723133888794287e+01
5.689339811374678391e+01,1.548068631444474264e+01
5.691340382966561862e+01,1.540411904247060448e+01
5.693340954558445333e+01,1.488684919243045002e+01
5.695341526150328804e+01,1.593937784943031311e+01
5.697342097742212275e+01,1.566754273563747546e+01
5.699342669334095746e+01,1.631994772166348540e+01
5.701343240925979217e+01,1.608057794856845746e+01
5.703343812517862688e+01,1.695977383103901204e+01
5.705344384109746159e+01,1.709353204479380040e+01
5.707344955701629630e+01,1.698711638495924348e+01
5.709345527293512390e+01,1.752243271536956826e+01
5.711346098885395861e+01,1.782744129305002545e+01
5.713346670477279332e+01,1.769756880772839480e+01
5.715347242069162803e+01,1.791386698682301315e+01
5.717347813661046274e+01,1.804551308623452854e+01
5.719348385252929745e+01,1.793202676286326991e+01
5.721348956844813216e+01,1.907626902416250658e+01
5.723349528436696687e+01,1.877988396240784397e+01
5.725350100028580158e+01,1.937984944418902700e+01
5.727350671620462919e+01,1.825241227908738750e+01
5.729351243212346390e+01,1.865322327893689547e+01
5.731351814804229861e+01,1.895844555450565494e+01
5.733352386396113332e+01,1.830922989522920119e+01
5.735352957987996803e+01,1.795310909415652034e+01
5.737353529579880274e+01,1.846673024612769609e+01
5.739354101171763745e+01,1.791467486847974300e+01
5.741354672763647216e+01,1.819563934352031254e+01
5.743355244355530687e+01,1.736755503412762280e+01
5.745355815947414158e+01,1.690026720316451048e+01
5.747356387539296918e+01,1.648808662898628086e+01
5.749356959131180389e+01,1.705429386851090356e+01
5.751357530723063860e+01,1.614543989467625806e+01
5.753358102314947331e+01,1.575377684038134163e+01
5.755358673906830802e+01,1.693524013311088794e+01
5.757359245498714273e+01,1.639302344014774349e+01
5.759359817090597744e+01,1.666644568663648585e+01
5.761360388682481215e+01,1.694253284937683901e+01
5.763360960274364686e+01,1.639667470302608621e+01
5.765361531866247446e+01,1.786653351899119002e+01
5.767362103458130917e+01,1.726343924448417511e+01
5.769362675050014388e+01,1.789792398485483105e+01
5.771363246641897859e+01,1.891106452780010727e+01
5.773363818233781330e+01,1.884254348809750468e+01
5.775364389825664801e+01,1.955254826777446198e+01
5.777364961417548272e+01,2.056430562394607975e+01
5.779365533009431743e+01,2.135569110725818120e+01
5.781366104601315214e+01,2.261877970043193642e+01
5.783366676193197975e+01,2.369572547725701739e+01
5.785367247785081446e+01,2.434452136474732242e+01
5.787367819376964917e+01,2.692206459911307093e+01
5.789368390968848388e+01,2.811874776824457811e+01
5.791368962560731859e+01,2.936931732295930075e+01
5.793369534152615330e+01,3.001211009341393776e+01
5.795370105744498801e+01,3.149630297592441153e+01
5.797370677336382272e+01,3.339580894508601716e+01
5.799371248928265743e+01,3.480130115222556952e+01
5.801371820520149214e+01,3.502546987381087717e+01
5.803372392112031974e+01,3.578824018299428644e+01
5.805372963703915445e+01,3.669137637776536565e+01
5.807373535295798916e+01,3.612600278184417846e+01
5.809374106887682387e+01,3.684060033384790245e+01
5.811374678479565858e+01,3.668205059918736310e+01
5.813375250071449329e+01,3.573185065270266136e+01
5.815375821663332800e+01,3.663937649545920294e+01
5.817376393255216271e+01,3.589015041506799975e+01
5.819376964847099742e+01,3.467063730543726052e+01
5.821377536438982503e+01,3.395445836705391685e+01
5.823378108030865974e+01,3.325183152524753893e+01
5.825378679622749445e+01,3.289262224189653239e+01
5.827379251214632916e+01,3.101510184573441364e+01
5.829379822806516387e+01,3.070022107728513916e+01
5.831380394398399858e+01,3.030560712879807284e+01
5.833380965990283329e+01,2.891284054601140951e+01
5.835381537582166800e+01,2.801163916020812650e+01
5.837382109174050271e+01,2.789398250044543204e+01
5.839382680765933742e+01,2.634923518950770926e+01
5.841383252357816502e+01,2.518940368515382744e+01
5.843383823949699973e+01,2.418392516037494033e+01
5.845384395541583444e+01,2.415404733689878825e+01
5.847384967133466915e+01,2.312353864572799012e+01
5.849385538725350386e+01,2.217888228823384367e+01
5.851386110317233857e+01,2.269422738749772250e+01
5.853386681909117328e+01,2.188919470516879784e+01
5.855387253501000799e+01,2.224046016007329385e+01
5.857387825092884270e+01,2.170091492596120020e+01
5.859388396684767031e+01,2.230809254886150228e+01
5.861388968276650502e+01,2.348574951540037858e+01
5.863389539868533973e+01,2.352493770364171866e+01
5.865390111460417444e+01,2.359711294982769658e+01
5.867390683052300915e+01,2.474507698450021564e+01
5.869391254644184386e+01,2.589602509409165165e+01
5.871391826236067857e+01,2.701836693463870276e+01
5.873392397827951328e+01,2.742267937231065034e+01
5.875392969419834799e+01,2.791496052718330034e+01
5.877393541011717559e+01,2.943195160068247418e+01
5.879394112603601030e+01,2.945720690110557527e+01
5.881394684195484501e+01,3.144418245099662812e+01
5.883395255787367972e+01,3.168862379105500793e+01
5.885395827379251443e+01,3.130555884027293700e+01
5.887396398971134914e+01,3.166092452032558668e+01
5.889396970563018385e+01,3.089751120212731550e+01
5.891397542154901856e+01,3.098876639398602606e+01
5.893398113746785327e+01,2.934973191606286491e+01
5.895398685338668798e+01,2.810425877559107377e+01
5.897399256930551559e+01,2.759463781748340949e+01
5.899399828522435030e+01,2.651941048865191064e+01
5.901400400114318501e+01,2.486561874011557549e+01
5.903400971706201972e+01,2.322493682213242394e+01
5.905401543298085443e+01,2.252000021306527699e+01
5.907402114889968914e+01,2.193157921485515516e+01
5.909402686481852385e+01,2.029575195530502185e+01
5.911403258073735856e+01,2.001880644637898143e+01
5.913403829665619327e+01,1.988132037499504179e+01
5.915404401257502087e+01,1.831995573133951893e+01
5.917404972849385558e+01,1.816289930924584439e+01
5.919405544441269029e+01,1.787972463682844548e+01
5.921406116033152500e+01,1.743805592008387961e+01
5.923406687625035971e+01,1.768870573436983307e+01
5.925407259216919442e+01,1.734615134823732063e+01
5.927407830808802913e+01,1.707087883020234642e+01
5.929408402400686384e+01,1.728495009260055326e+01
5.931408973992569855e+01,1.757991042632073686e+01
5.933409545584453326e+01,1.728665934374871682e+01
5.935410117176336087e+01,1.714509638622622845e+01
5.937410688768219558e+01,1.638680324977311287e+01
5.939411260360103029e+01,1.704689850086160874e+01
5.941411831951986500e+01,1.704330225742530658e+01
5.943412403543869971e+01,1.653660591955318893e+01
5.945412975135753442e+01,1.711353036107547965e+01
5.947413546727636913e+01,1.686102172601294313e+01
5.949414118319520384e+01,1.672269707336144862e+01
5.951414689911403855e+01,1.620498369863963006e+01
5.953415261503286615e+01,1.585687381813671415e+01
5.955415833095170086e+01,1.617407892447566553e+01
5.957416404687053557e+01,1.542788930152240567e+01
5.959416976278937028e+01,1.523391347734693113e+01
5.961417547870820499e+01,1.398523558360994201e+01
5.963418119462703970e+01,1.400055860733031565e+01
5.965418691054587441e+01,1.348178219353951945e+01
5.967419262646470912e+01,1.339534333085669360e+01
5.969419834238354383e+01,1.285946612504478281e+01
5.971420405830237144e+01,1.259227465943189017e+01
5.973420977422120615e+01,1.189509036502633244e+01
5.975421549014004086e+01,1.217917871273930785e+01
5.977422120605887557e+01,1.145106940136717455e+01
5.979422692197771028e+01,1.130573972891826529e+01
5.981423263789654499e+01,1.143456487829817192e+01
5.983423835381537970e+01,1.100075853890010968e+01
5.985424406973421441e+01,1.101677157362033554e+01
5.987424978565304912e+01,1.072416094562503730e+01
5.989425550157188383e+01,1.005495495501640768e+01
5.991426121749071143e+01,1.107345166098238742e+01
5.993426693340954614e+01,1.046953466077845363e+01
5.995427264932838085e+01,1.107399405935952075e+01
5.997427836524721556e+01,9.717197638061275455e+00
5.999428408116605027e+01,1.012206088238114177e+01
6.001428979708488498e+01,1.083703880557260568e+01
6.003429551300371969e+01,1.079248884796620800e+01
6.005430122892255440e+01,9.836238773264387447e+00
6.007430694484138911e+01,1.014680359129371112e+01
6.009431266076021672e+01,1.028857940181578812e+01
6.011431837667905143e+01,1.030619468676994543e+01
6.013432409259788614e+01,9.760282469810452000e+00
6.015432980851672085e+01,1.053880943821060079e+01
6.017433552443555556e+01,9.554206005220441611e+00
6.019434124035439027e+01,9.599236756156361849e+00
6.021434695627322498e+01,1.085142850981989504e+01
6.023435267219205969e+01,1.071585042143009225e+01
6.025435838811089440e+01,9.847934469231795163e+00
6.027436410402972911e+01,9.740385619765199010e+00
6.029436981994855671e+01,9.716078275122661978e+00
6.031437553586739142e+01,9.062437318175822654e+00
6.033438125178622613e+01,9.815498162681148386e+00
6.035438696770506084e+01,9.316904752574124871e+00
6.037439268362389555e+01,9.420356465411543923e+00
6.039439839954273026e+01,9.282263483692920758e+00
6.041440411546156497e+01,9.049663459920667563e+00
6.043440983138039968e+01,8.942942100352659907e+00
6.045441554729923439e+01,8.536704913641260717e+00
6.047442126321806199e+01,9.135742548676706321e+00
6.049442697913689670e+01,9.150843871703461474e+00
6.051443269505573141e+01,9.126358467605140135e+00
6.053443841097456612e+01,8.736493678900806970e+00
6.055444412689340083e+01,8.844405340583778141e+00
6.057444984281223554e+01,8.050767092369451206e+00
6.059445555873107025e+01,8.729259180108501326e+00
6.061446127464990496e+01,8.998995169118517268e+00
6.063446699056873967e+01,8.719991596490661578e+00
6.065447270648756728e+01,8.752998239717799223e+00
6.067447842240640199e+01,9.038333901496375944e+00
6.069448413832523670e+01,8.980560561104141470e+00
6.071448985424407141e+01,9.470950504551383986e+00
6.073449557016290612e+01,8.674788869157318061e+00
6.075450128608174083e+01,9.593634382745145572e+00
6.077450700200057554e+01,1.008184297972696264e+01
6.079451271791941025e+01,9.454695115808236849e+00
6.081451843383824496e+01,9.002088735357890670e+00
6.083452414975707967e+01,9.833451012142614189e+00
6.085452986567590727e+01,9.662763788765705186e+00
6.087453558159474198e+01,9.551116955690691412e+00
6.089454129751357669e+01,1.050032791460597892e+01
6.091454701343241140e+01,1.082225656882759779e+01
6.093455272935124611e+01,1.083547538974752555e+01
6.095455844527008082e+01,1.099113928200086576e+01
6.097456416118891553e+01,1.097862461182909399e+01
6.099456987710775024e+01,1.029993558263716835e+01
6.101457559302658495e+01,1.079289011075581861e+01
6.103458130894541256e+01,1.082847516061316462e+01
6.105458702486424727e+01,1.084718959534690441e+01
6.107459274078308198e+01,1.163122882064124042e+01
6.109459845670191669e+01,1.105801011691092128e+01
6.111460417262075140e+01,1.170234310180219950e+01
6.113460988853958611e+01,1.154106864469937577e+01
6.115461560445842082e+01,1.189698136466476441e+01
6.117462132037725553e+01,1.150014048619082807e+01
6.119462703629609024e+01,1.174819172508637699e+01
6.121463275221492495e+01,1.174245386691050896e+01
6.123463846813375255e+01,1.127810205776742691e+01
6.125464418405258726e+01,1.200895556333211189e+01
6.127464989997142197e+01,1.199364705489846372e+01
6.129465561589025668e+01,1.168421965594663448e+01
6.131466133180909139e+01,1.256469736410538474e+01
6.133466704772792610e+01,1.206618391892665798e+01
6.135467276364676081e+01,1.357582906416828905e+01
6.137467847956559552e+01,1.296361639445150615e+01
6.139468419548443023e+01,1.407408334827045593e+01
6.141468991140325784e+01,1.415641535084094826e+01
6.143469562732209255e+01,1.456195041564910042e+01
6.145470134324092726e+01,1.470915203345548328e+01
6.147470705915976197e+01,1.491886406569085466e+01
6.149471277507859668e+01,1.543867718063790662e+01
6.151471849099743139e+01,1.480796983423151758e+01
6.153472420691626610e+01,1.438650553378293750e+01
6.155472992283510081e+01,1.540531502467525016e+01
6.157473563875393552e+01,1.481307453831664844e+01
6.159474135467276312e+01,1.350935573052117178e+01
6.161474707059159783e+01,1.390210152252032572e+01
6.163475278651043254e+01,1.333864633328223093e+01
6.165475850242926725e+01,1.271686878869694937e+01
6.167476421834810196e+01,1.191900275245981078e+01
6.169476993426693667e+01,1.180221869388104672e+01
6.171477565018577138e+01,1.119895332300210455e+01
6.173478136610460609e+01,1.053590448737990570e+01
6.175478708202344080e+01,1.051917229920566399e+01
6.177479279794227551e+01,1.027639403794330519e+01
6.179479851386110312e+01,9.986674137508238402e+00
6.181480422977993783e+01,1.017953322623484524e+01
6.183480994569877254e+01,9.744083158728649607e+00
6.185481566161760725e+01,9.177334504233733981e+00
6.187482137753644196e+01,9.208906052435374079e+00
6.189482709345527667e+01,9.287535139863033251e+00
6.191483280937411138e+01,9.389047803559250838e+00
6.193483852529294609e+01,9.943764940578372347e+00
6.195484424121178080e+01,9.105938175615131414e+00
6.197484995713060840e+01,9.596923788949711209e+00
6.199485567304944311e+01,1.020434158137827829e+01
6.201486138896827782e+01,1.002661678075110530e+01
6.203486710488711253e+01,9.751370631268937217e+00
6.205487282080594724e+01,9.441797965699581852e+00
6.207487853672478195e+01,8.960667036768750648e+00
6.209488425264361666e+01,8.725055262058106109e+00
6.211488996856245137e+01,8.800263054438069332e+00
6.213489568448128608e+01,8.601064690815860558e+00
6.215490140040011369e+01,8.387392164457642352e+00
6.217490711631894840e+01,9.087862233935675604e+00
6.219491283223778311e+01,8.978304090072800392e+00
6.221491854815661782e+01,8.149077076668760355e+00
6.223492426407545253e+01,9.197635313477032781e+00
6.225492997999428724e+01,9.019623370192062950e+00
6.227493569591312195e+01,8.532917194473212064e+00
6.229494141183195666e+01,8.739710179686129621e+00
6.231494712775079137e+01,8.433105363570987834e+00
6.233495284366962608e+01,8.729226558422286786e+00
6.235495855958845368e+01,9.342005879940407098e+00
6.237496427550728839e+01,9.106950011901655984e+00
6.239496999142612310e+01,8.820054915526574391e+00
6.241497570734495781e+01,8.734177607568421209e+00
6.243498142326379252e+01,8.597644502386371457e+00
6.245498713918262723e+01,8.964778305347149256e+00
6.247499285510146194e+01,9.669836402332894210e+00
6.249499857102029665e+01,9.378421362474082201e+00
6.251500428693913136e+01,9.988700841006462383e+00
6.253501000285795897e+01,9.942223701893571075e+00
6.255501571877679368e+01,9.203699352016846191e+00
6.257502143469562839e+01,9.609102298974478984e+00
6.259502715061446310e+01,9.409999767276399751e+00
6.261503286653329781e+01,1.021542124701717746e+01
6.263503858245213252e+01,1.006561465396487165e+01
6.265504429837096723e+01,1.012608450195268972e+01
6.267505001428980194e+01,1.017394610877296302e+01
6.269505573020863665e+01,1.012864736372101326e+01
6.271506144612747136e+01,9.815546075597143982e+00
6.273506716204629896e+01,9.514117042200320284e+00
6.275507287796513367e+01,1.065678046874188212e+01
6.277507859388396838e+01,9.861361844594640047e+00
6.279508430980280309e+01,1.054030345723759510e+01
6.281509002572163780e+01,1.042183185517180810e+01
6.283509574164047251e+01,1.047171577398492559e+01
6.285510145755930722e+01,1.074965656627643540e+01
6.287510717347814193e+01,1.012984684593651963e+01
6.289511288939697664e+01,1.042808332996281351e+01
6.291511860531580425e+01,1.110353153239756807e+01
6.293512432123463896e+01,1.022683363236451548e+01
6.295513003715347367e+01,1.070969745232984494e+01
6.297513575307230838e+01,1.108425683114880123e+01
6.299514146899114309e+01,1.165662072324098730e+01
6.301514718490997780e+01,1.139935771399601094e+01
6.303515290082881251e+01,1.140061610720364627e+01
6.305515861674764722e+01,1.165560155804956466e+01
6.307516433266648193e+01,1.119360116780958947e+01
6.309517004858530953e+01,1.059903555722915236e+01
6.311517576450414424e+01,1.129010945714489367e+01
6.313518148042297895e+01,1.062301648464019621e+01
6.315518719634181366e+01,1.140097801888324192e+01
6.317519291226064837e+01,1.102997483071652418e+01
6.319519862817948308e+01,1.089916738445779032e+01
6.321520434409831779e+01,1.036914151591279243e+01
6.323521006001715250e+01,1.019823256910513720e+01
6.325521577593598721e+01,1.106635369716500428e+01
6.327522149185482192e+01,1.088816225418310424e+01
6.329522720777364952e+01,1.082955699586353404e+01
6.331523292369248423e+01,1.170606030899712202e+01
6.333523863961131894e+01,1.170881110308049600e+01
6.335524435553015365e+01,1.194728537158379744e+01
6.337525007144898836e+01,1.228894933811317536e+01
6.339525578736782307e+01,1.247440159650355085e+01
6.341526150328665778e+01,1.364985425543704523e+01
6.343526721920549249e+01,1.490869570549731193e+01
6.345527293512432720e+01,1.442482505725415720e+01
6.347527865104315481e+01,1.486864933237774267e+01
6.349528436696198952e+01,1.514682823902055908e+01
6.351529008288082423e+01,1.618827361130166054e+01
6.353529579879965894e+01,1.675378052672983387e+01
6.355530151471849365e+01,1.761017409296389502e+01
6.357530723063732836e+01,1.768456199036911158e+01
6.359531294655616307e+01,1.705090217843482847e+01
6.361531866247499778e+01,1.731834553831467360e+01
6.363532437839383249e+01,1.755411117816967703e+01
6.365533009431266720e+01,1.701966292627581012e+01
6.367533581023149480e+01,1.722721531789614247e+01
6.369534152615032951e+01,1.666187620520617685e+01
6.371534724206916422e+01,1.666739215164894716e+01
6.373535295798799893e+01,1.609970187013154685e+01
6.375535867390683364e+01,1.651398449625504128e+01
6.377536438982566835e+01,1.600175246342842783e+01
6.379537010574450306e+01,1.497067272041891961e+01
6.381537582166333777e+01,1.579131323750037197e+01
6.383538153758217248e+01,1.487891610375625717e+01
6.385538725350100009e+01,1.628559483157995658e+01
6.387539296941983480e+01,1.587219787218255718e+01
6.389539868533866951e+01,1.623468026767504924e+01
6.391540440125750422e+01,1.663649038019264026e+01
6.393541011717633893e+01,1.632811936840478495e+01
6.395541583309517364e+01,1.690275513806197338e+01
6.397542154901400835e+01,1.623636658605131444e+01
6.399542726493284306e+01,1.690410350171208620e+01
6.401543298085167066e+01,1.666317321965286880e+01
6.403543869677051248e+01,1.661037524286225420e+01
6.405544441268934008e+01,1.652438189372083599e+01
6.407545012860816769e+01,1.551657014907865673e+01
6.409545584452700950e+01,1.556812593748741413e+01
6.411546156044585132e+01,1.479633881473445278e+01
6.413546727636467892e+01,1.577708634763511064e+01
6.415547299228350653e+01,1.568401139522500287e+01
6.417547870820234834e+01,1.508335145230618757e+01
6.419548442412119016e+01,1.570657443824390853e+01
6.421549014004001776e+01,1.526158118239317574e+01
6.423549585595884537e+01,1.540637321116096459e+01
6.425550157187768718e+01,1.530948471234533592e+01
6.427550728779651479e+01,1.512820617831557435e+01
6.429551300371534239e+01,1.510535003308843471e+01
6.431551871963418421e+01,1.543615603437669925e+01
6.433552443555302602e+01,1.538719922478664870e+01
6.435553015147185363e+01,1.492035508288254420e+01
6.437553586739068123e+01,1.429634666717289804e+01
6.439554158330952305e+01,1.430971653706030899e+01
6.441554729922835065e+01,1.414465198712325389e+01
6.443555301514717826e+01,1.422135718817430750e+01
6.445555873106602007e+01,1.282102088500546522e+01
6.447556444698486189e+01,1.205543434035101669e+01
6.449557016290368949e+01,1.278294360678422947e+01
6.451557587882251710e+01,1.167208468476460936e+01
6.453558159474135891e+01,1.135044070223649726e+01
6.455558731066020073e+01,1.080324893391103913e+01
6.457559302657902833e+01,9.864931577652676253e+00
6.459559874249785594e+01,1.053531912227040657e+01
6.461560445841669775e+01,1.074325482533724241e+01
6.463561017433552536e+01,9.594715271619946861e+00
6.465561589025435296e+01,9.452738454927031242e+00
6.467562160617319478e+01,9.412040844483968272e+00
6.469562732209203659e+01,9.452993024186795878e+00
6.471563303801086420e+01,9.383996698670912906e+00
6.473563875392969180e+01,9.796293379029224369e+00
6.475564446984853362e+01,9.399721356554007201e+00
6.477565018576737543e+01,8.916176614226152708e+00
6.479565590168618883e+01,9.635219970609398388e+00
6.481566161760503064e+01,8.744312340752731672e+00
6.483566733352387246e+01,8.546153215789246360e+00
6.485567304944270006e+01,9.020255959242323485e+00
6.487567876536152767e+01,8.372543409980101714e+00
6.489568448128036948e+01,8.268528416927301450e+00
6.491569019719921130e+01,8.039793791550509994e+00
6.493569591311803890e+01,8.515306465028045224e+00
6.495570162903686651e+01,7.428270984744449912e+00
6.497570734495570832e+01,7.778255512809387540e+00
6.499571306087453593e+01,8.042583684772450781e+00
6.501571877679336353e+01,8.016885333499567778e+00
6.503572449271220535e+01,7.072131402035895853e+00
6.505573020863104716e+01,8.399555827646437933e+00
6.507573592454987477e+01,8.084022044754210157e+00
6.509574164046870237e+01,8.158394752746254142e+00
6.511574735638754419e+01,7.089040614594075862e+00
6.513575307230638600e+01,7.385811120353038994e+00
6.515575878822521361e+01,6.888969143096627334e+00
6.517576450414404121e+01,7.596383401136327151e+00
6.519577022006288303e+01,7.408373259308582703e+00
6.521577593598171063e+01,7.432930721904133620e+00
6.523578165190053824e+01,7.103380890826588967e+00
6.525578736781938005e+01,7.102100254974037519e+00
6.527579308373822187e+01,7.056385845088915865e+00
6.529579879965704947e+01,7.343112339689152890e+00
6.531580451557587708e+01,7.019434878140489609e+00
6.533581023149471889e+01,7.160353228594242836e+00
6.535581594741354650e+01,7.417047660426904443e+00
6.537582166333237410e+01,6.991733727004213250e+00
6.539582737925121592e+01,7.358380224655522994e+00
6.541583309517005773e+01,6.843495163661314606e+00
6.543583881108888534e+01,7.104547084506448229e+00
6.545584452700771294e+01,6.917744598320721749e+00
6.547585024292655476e+01,6.600323530032088826e+00
6.549585595884539657e+01,6.954965894304418583e+00
6.551586167476422418e+01,6.992779167323066147e+00
6.553586739068305178e+01,6.874441916698515342e+00
6.555587310660189360e+01,6.666109317846552251e+00
6.557587882252072120e+01,6.279501168692030788e+00
6.559588453843954881e+01,6.329960487633051969e+00
6.561589025435839062e+01,6.319210442138086137e+00
6.563589597027723244e+01,7.366416457949986452e+00
6.565590168619606004e+01,6.821925113277323760e+00
6.567590740211488765e+01,6.610710065498135890e+00
6.569591311803372946e+01,5.912878701162341599e+00
6.571591883395257128e+01,6.309339652918859898e+00
6.573592454987138467e+01,6.622383551630532494e+00
6.575593026579022649e+01,6.232797204684645820e+00
6.577593598170906830e+01,6.892080594327484100e+00
6.579594169762789591e+01,7.193252459623324491e+00
6.581594741354672351e+01,6.685523465419400679e+00
6.583595312946556533e+01,6.560194447799190698e+00
6.585595884538440714e+01,6.309345855025650707e+00
6.587596456130323475e+01,7.102488886350253772e+00
6.589597027722206235e+01,6.840464654382848231e+00
6.591597599314090417e+01,7.093766247932710378e+00
6.593598170905973177e+01,7.037718579291702525e+00
6.595598742497855937e+01,6.131419225756298275e+00
6.597599314089740119e+01,6.339471655900004166e+00
6.599599885681624301e+01,7.003971511949245610e+00
6.601600457273507061e+01,7.088676498857564567e+00
6.603601028865389821e+01,7.438863452324401493e+00
6.605601600457274003e+01,7.410690876996623544e+00
6.607602172049158185e+01,6.725946754009004103e+00
6.609602743641040945e+01,6.994257844523533052e+00
6.611603315232923705e+01,7.041890221856533572e+00
6.613603886824807887e+01,6.984721032606170610e+00
6.615604458416690647e+01,7.604373603182725816e+00
6.617605030008573408e+01,6.574990332383594094e+00
6.619605601600457589e+01,7.259962380800033088e+00
6.621606173192341771e+01,6.448197698187090765e+00
6.623606744784224531e+01,7.755676670718921528e+00
6.625607316376107292e+01,6.467460789543059363e+00
6.627607887967991473e+01,6.631032478130466146e+00
6.629608459559874234e+01,6.574796085564201142e+00
6.631609031151756994e+01,7.123691363322565806e+00
6.633609602743641176e+01,7.301076265998876380e+00
6.635610174335525357e+01,6.507092591190291486e+00
6.637610745927408118e+01,7.183658185219718106e+00
6.639611317519290878e+01,6.966087503925444402e+00
6.641611889111175060e+01,7.783973207687440166e+00
6.643612460703059241e+01,7.589696031646498753e+00
6.645613032294942002e+01,7.125776304745713219e+00
6.647613603886824762e+01,7.732255597598427066e+00
6.649614175478708944e+01,6.773910228349611984e+00
6.651614747070591704e+01,7.197051164641555587e+00
6.653615318662474465e+01,7.723977327004490689e+00
6.655615890254358646e+01,7.025514054688839494e+00
6.657616461846242828e+01,8.527682713206800713e+00
6.659617033438125588e+01,8.166372589702184825e+00
6.661617605030008349e+01,7.901379566039748781e+00
6.663618176621892530e+01,7.818979293748833825e+00
6.665618748213776712e+01,8.018677210806064437e+00
6.667619319805658051e+01,7.645311518922853544e+00
6.669619891397542233e+01,9.375875832756307204e+00
6.671620462989426414e+01,8.469973060343136240e+00
6.673621034581309175e+01,8.987759463120355008e+00
6.675621606173191935e+01,9.215592176471288255e+00
6.677622177765076117e+01,9.486907589819082887e+00
6.679622749356960298e+01,1.019991858394757855e+01
6.681623320948843059e+01,1.049973940299464381e+01
6.683623892540725819e+01,1.018625646301801524e+01
6.685624464132610001e+01,1.079687475373467898e+01
6.687625035724492761e+01,1.043756427821388755e+01
6.689625607316375522e+01,1.042777812206928267e+01
6.691626178908259703e+01,1.139694130380953219e+01
6.693626750500143885e+01,1.184071476374551146e+01
6.695627322092026645e+01,1.097795700620473625e+01
6.697627893683909406e+01,1.083652195068212620e+01
6.699628465275793587e+01,1.043649518042604818e+01
6.701629036867677769e+01,1.006327643714132947e+01
6.703629608459560529e+01,1.063281474465866694e+01
6.705630180051443290e+01,9.235941969630182768e+00
6.707630751643327471e+01,9.513489286054744198e+00
6.709631323235210232e+01,8.406759092849046766e+00
6.711631894827092992e+01,8.493288385042664146e+00
6.713632466418977174e+01,8.709729408546404983e+00
6.715633038010861355e+01,8.571173974114115524e+00
6.717633609602744116e+01,8.184207622620295552e+00
6.719634181194626876e+01,8.110001585260459223e+00
6.721634752786511058e+01,7.997643641349903909e+00
6.723635324378393818e+01,8.177370256383689195e+00
6.725635895970276579e+01,7.172319071985823413e+00
6.727636467562160760e+01,7.943554148334694531e+00
6.729637039154044942e+01,7.306420352026989917e+00
6.731637610745927702e+01,7.264171349538791844e+00
6.733638182337810463e+01,7.906586703767626290e+00
6.735638753929694644e+01,7.257755622934316087e+00
6.737639325521578826e+01,7.085002071602568563e+00
6.739639897113461586e+01,8.061208597267373932e+00
6.741640468705344347e+01,7.170318916619933702e+00
6.743641040297228528e+01,6.644523545368690165e+00
6.745641611889111289e+01,7.404277485628853128e+00
6.747642183480994049e+01,7.239709188196744805e+00
6.749642755072878231e+01,7.765089003676370893e+00
6.751643326664762412e+01,7.590180000655609049e+00
6.753643898256645173e+01,7.363497807227973979e+00
6.755644469848527933e+01,7.052127240121045304e+00
6.757645041440412115e+01,7.547894774977112142e+00
6.759645613032296296e+01,7.272876144354498251e+00
6.761646184624177636e+01,7.517592434989232686e+00
6.763646756216061817e+01,7.249168266870406718e+00
6.765647327807945999e+01,6.926786215761473464e+00
6.767647899399828759e+01,7.765092645577826858e+00
6.769648470991711520e+01,6.910068410433305885e+00
6.771649042583595701e+01,7.299595454689551843e+00
6.773649614175479883e+01,7.500476392173357709e+00
6.775650185767362643e+01,7.411049967638252411e+00
6.777650757359245404e+01,7.797678041751130884e+00
6.779651328951129585e+01,7.812299306990789560e+00
6.781651900543012346e+01,7.807016817739536485e+00
6.783652472134895106e+01,7.689064073000056787e+00
6.785653043726779288e+01,8.270810318467521682e+00
6.787653615318663469e+01,8.160574738799159178e+00
6.789654186910546230e+01,7.631615992638056234e+00
6.791654758502428990e+01,8.876629024480969576e+00
6.793655330094313172e+01,8.448758113618982435e+00
6.795655901686197353e+01,8.613262352168167268e+00
6.797656473278080114e+01,8.939205627474031246e+00
6.799657044869962874e+01,8.519167237457761388e+00
6.801657616461847056e+01,8.595552243296745942e+00
6.803658188053729816e+01,8.557771447484805449e+00
6.805658759645612577e+01,9.714298752515745150e+00
6.807659331237496758e+01,9.328384861535186090e+00
6.809659902829380940e+01,8.916705768729340065e+00
6.811660474421263700e+01,9.085432520185205973e+00
6.813661046013146461e+01,9.126035585172878939e+00
6.815661617605030642e+01,8.371118231293571910e+00
6.817662189196913403e+01,8.602598860840558359e+00
6.819662760788796163e+01,8.775954972889529415e+00
6.821663332380680345e+01,8.508576779687603064e+00
6.823663903972564526e+01,7.483385166994210635e+00
6.825664475564447287e+01,8.219934025831502566e+00
6.827665047156330047e+01,7.503263004549737936e+00
6.829665618748214229e+01,7.341678725948213469e+00
6.831666190340098410e+01,7.916489289479028635e+00
6.833666761931981171e+01,7.705030203348261608e+00
6.835667333523863931e+01,7.165946592868774445e+00
6.837667905115748113e+01,6.875841678549015512e+00
6.839668476707630873e+01,7.220222558769433086e+00
6.841669048299513634e+01,6.779986955045361086e+00
6.843669619891397815e+01,7.323586607430449646e+00
6.845670191483281997e+01,6.384395644896855515e+00
6.847670763075164757e+01,6.927541166108241555e+00
6.849671334667047518e+01,7.056260942015312843e+00
6.851671906258931699e+01,7.167210727831839989e+00
6.853672477850815881e+01,6.643992178600706566e+00
6.855673049442697220e+01,6.861994473278169693e+00
6.857673621034581402e+01,7.280722137425443385e+00
6.859674192626465583e+01,6.701293356410624291e+00
6.861674764218348344e+01,7.121879718605871545e+00
6.863675335810231104e+01,6.057729709853119537e+00
6.865675907402115286e+01,6.215152815420641019e+00
6.867676478993999467e+01,6.592663527391254163e+00
6.869677050585882228e+01,6.787136587081764816e+00
6.871677622177764988e+01,7.341632733951227507e+00
6.873678193769649170e+01,6.977657436758499365e+00
6.875678765361531930e+01,7.321748157600215023e+00
6.877679336953414690e+01,6.732497062454998016e+00
6.879679908545298872e+01,6.693845147943576990e+00
6.881680480137183054e+01,7.107101521807701161e+00
6.883681051729065814e+01,7.118140495403576296e+00
6.885681623320948574e+01,6.672679815053477625e+00
6.887682194912832756e+01,6.726771484058668094e+00
6.889682766504716938e+01,6.169999442009642010e+00
6.891683338096599698e+01,6.581471811012606921e+00
6.893683909688482458e+01,6.912729183219632034e+00
6.895684481280366640e+01,6.170461713082747046e+00
6.897685052872249400e+01,6.230232180247214480e+00
6.899685624464132161e+01,7.155418720379016051e+00
6.901686196056016342e+01,6.272417221992364844e+00
6.903686767647900524e+01,6.989442053619963957e+00
6.905687339239783284e+01,7.335313992042562958e+00
6.907687910831666045e+01,6.862407822213977937e+00
6.909688482423550226e+01,5.956659993333408565e+00
6.911689054015432987e+01,6.678980299044966706e+00
6.913689625607315747e+01,7.048093063928130064e+00
6.915690197199199929e+01,7.329178962681309528e+00
6.917690768791084110e+01,7.231307350927403732e+00
6.919691340382966871e+01,6.994845065667368189e+00
6.921691911974849631e+01,6.890292913735265756e+00
6.923692483566733813e+01,7.031115151442801192e+00
6.925693055158617994e+01,7.359252861782624500e+00
6.927693626750500755e+01,7.023161283446121672e+00
6.929694198342383515e+01,6.506974171893777914e+00
6.931694769934267697e+01,7.480326611780474089e+00
6.933695341526150457e+01,6.471312116528320502e+00
6.935695913118033218e+01,7.903892616293688889e+00
6.937696484709917399e+01,7.566600692586084698e+00
6.939697056301801581e+01,7.288092134223175478e+00
6.941697627893684341e+01,6.553415070721179347e+00
6.943698199485567102e+01,7.339528327244167372e+00
6.945698771077451283e+01,7.822042599139383157e+00
6.947699342669335465e+01,8.042300128641258539e+00
6.949699914261216804e+01,7.167206080772624333e+00
6.951700485853100986e+01,7.523950683441724685e+00
6.953701057444985167e+01,7.588911062866316115e+00
6.955701629036867928e+01,7.983032999763488569e+00
6.957702200628750688e+01,7.454026521955270823e+00
6.959702772220634870e+01,7.325391300360063696e+00
6.961703343812519051e+01,7.910165573843412901e+00
6.963703915404401812e+01,7.542119286774573439e+00
6.965704486996284572e+01,8.095374896357382610e+00
6.967705058588168754e+01,8.390869646352559386e+00
6.969705630180051514e+01,8.891280363201405024e+00
6.971706201771934275e+01,8.112089526127990169e+00
6.973706773363818456e+01,8.305169425856474774e+00
6.975707344955702638e+01,8.529010168152680649e+00
6.977707916547585398e+01,8.634703872421408022e+00
6.979708488139468159e+01,8.771464014371023410e+00
6.981709059731352340e+01,8.955349226861063272e+00
6.983709631323236522e+01,9.361716246126665197e+00
6.985710202915119282e+01,9.542448062824094634e+00
6.987710774507002043e+01,9.959626340192730964e+00
6.989711346098886224e+01,9.335510973916658628e+00
6.991711917690768985e+01,9.287016304160527369e+00
6.993712489282651745e+01,9.475524350798096407e+00
6.995713060874535927e+01,9.676107143586357040e+00
6.997713632466420108e+01,9.664963775007361590e+00
6.999714204058302869e+01,9.511947556304750861e+00
7.001714775650185629e+01,9.354398081825760158e+00
7.003715347242069811e+01,8.997631472240696482e+00
7.005715918833952571e+01,8.876628561608551848e+00
7.007716490425835332e+01,9.092201782460906045e+00
7.009717062017719513e+01,9.259147912288984372e+00
7.011717633609603695e+01,9.676770964272218833e+00
7.013718205201486455e+01,8.906760727420113710e+00
7.015718776793369216e+01,9.361195481251170847e+00
7.017719348385253397e+01,8.622130370524914156e+00
7.019719919977137579e+01,8.059784613627217098e+00
7.021720491569020339e+01,8.591953828838271079e+00
7.023721063160903100e+01,8.021176578965446780e+00
7.025721634752787281e+01,8.194750905666300156e+00
7.027722206344670042e+01,7.927875919411094152e+00
7.029722777936552802e+01,8.371463700701161414e+00
7.031723349528436984e+01,8.207440666909665339e+00
7.033723921120321165e+01,9.100214317816845977e+00
7.035724492712203926e+01,8.450155152876980935e+00
7.037725064304086686e+01,8.823111602102367002e+00
7.039725635895970868e+01,8.534540409959907592e+00
7.041726207487855049e+01,9.192681686762439242e+00
7.043726779079736389e+01,9.491257483650105797e+00
7.045727350671620570e+01,9.199015454697143213e+00
7.047727922263504752e+01,8.703444882019999440e+00
7.049728493855387512e+01,9.140635560591302777e+00
7.051729065447270273e+01,1.016558114603589402e+01
7.053729637039154454e+01,9.231848045218050913e+00
7.055730208631038636e+01,9.235828815597843189e+00
7.057730780222921396e+01,1.027273122198826272e+01
7.059731351814804157e+01,1.046556895553042921e+01
7.061731923406688338e+01,9.829553504140548625e+00
7.063732494998571099e+01,1.018631528909796202e+01
7.065733066590453859e+01,1.025850838707692247e+01
7.067733638182338041e+01,1.066949995877802237e+01
7.069734209774222222e+01,1.110951972842361357e+01
7.071734781366104983e+01,1.172888967519998005e+01
7.073735352957987743e+01,1.195711057190263915e+01
7.075735924549871925e+01,1.340310773876102957e+01
7.077736496141756106e+01,1.356796853427882432e+01
7.079737067733638867e+01,1.327770432302636472e+01
7.081737639325521627e+01,1.411256550686239031e+01
7.083738210917405809e+01,1.325856912281984457e+01
7.085738782509288569e+01,1.350477359888763651e+01
7.087739354101171330e+01,1.339943668955010914e+01
7.089739925693055511e+01,1.311168851004559244e+01
7.091740497284939693e+01,1.357954098055603787e+01
7.093741068876822453e+01,1.264869710341792342e+01
7.095741640468705214e+01,1.207162805768401803e+01
7.097742212060589395e+01,1.168573528337099354e+01
7.099742783652472156e+01,1.192003791356375331e+01
7.101743355244354916e+01,1.090092283122722883e+01
7.103743926836239098e+01,1.087838293255096289e+01
7.105744498428123279e+01,1.220023357011966780e+01
7.107745070020006040e+01,1.173528385302590138e+01
7.109745641611888800e+01,1.104184129992990648e+01
7.111746213203772982e+01,1.149976264065014320e+01
7.113746784795657163e+01,1.125218511637665664e+01
7.115747356387539924e+01,1.135525012478988849e+01
7.117747927979422684e+01,1.169118015787950782e+01
7.119748499571306866e+01,1.165726837403769522e+01
7.121749071163189626e+01,1.177273934821971757e+01
7.123749642755072387e+01,1.198538029968405816e+01
7.125750214346956568e+01,1.324119038897325851e+01
7.127750785938840750e+01,1.281500896620511298e+01
7.129751357530723510e+01,1.332955480612717913e+01
7.131751929122606271e+01,1.420777421959492060e+01
7.133752500714490452e+01,1.388734174306539515e+01
7.135753072306374634e+01,1.439097701871488866e+01
7.137753643898255973e+01,1.502408527207221489e+01
7.139754215490140155e+01,1.594552503485632755e+01
7.141754787082024336e+01,1.586062210090123870e+01
7.143755358673907097e+01,1.629766916568852864e+01
7.145755930265789857e+01,1.720558080000106571e+01
7.147756501857674039e+01,1.684228790582476876e+01
7.149757073449558220e+01,1.642059109627965796e+01
7.151757645041440981e+01,1.791470571687615987e+01
7.153758216633323741e+01,1.640707409934363881e+01
7.155758788225207923e+01,1.779174950610166661e+01
7.157759359817090683e+01,1.767222434477321258e+01
7.159759931408973443e+01,1.708966336092027660e+01
7.161760503000857625e+01,1.774934281616035037e+01
7.163761074592741807e+01,1.787202024876298267e+01
7.165761646184624567e+01,1.767069611245996086e+01
7.167762217776507327e+01,1.754632376103573321e+01
7.169762789368391509e+01,1.718283277918894925e+01
7.171763360960275691e+01,1.673704065425797083e+01
7.173763932552158451e+01,1.676155375037446049e+01
7.175764504144041211e+01,1.649328797368553268e+01
7.177765075735925393e+01,1.740879221215215011e+01
7.179765647327808153e+01,1.648540917338857525e+01
7.181766218919690914e+01,1.649487106892159716e+01
7.183766790511575095e+01,1.582340707285970716e+01
7.185767362103459277e+01,1.527327052048353551e+01
7.187767933695342037e+01,1.589688581840032455e+01
7.189768505287224798e+01,1.465177172920605386e+01
7.191769076879108979e+01,1.471571577789852725e+01
7.193769648470991740e+01,1.414984983388344375e+01
7.195770220062874500e+01,1.414487795715837848e+01
7.197770791654758682e+01,1.377120839195204738e+01
7.199771363246642863e+01,1.423546892988357371e+01
7.201771934838525624e+01,1.354718091818885384e+01
7.203772506430408384e+01,1.372722331016093378e+01
7.205773078022292566e+01,1.339165118293493961e+01
7.207773649614176747e+01,1.374273182306054686e+01
7.209774221206059508e+01,1.369191473681360094e+01
7.211774792797942268e+01,1.296508177964170550e+01
7.213775364389826450e+01,1.398567323276992802e+01
7.215775935981709210e+01,1.292116906012267918e+01
7.217776507573591971e+01,1.373233016216610025e+01
7.219777079165476152e+01,1.436863810202699732e+01
7.221777650757360334e+01,1.377519937105220293e+01
7.223778222349243094e+01,1.386332992483517756e+01
7.225778793941125855e+01,1.340125113699022741e+01
7.227779365533010036e+01,1.394150448100170792e+01
7.229779937124894218e+01,1.346041833941378130e+01
7.231780508716775557e+01,1.303589154410068218e+01
7.233781080308659739e+01,1.361725315523896462e+01
7.235781651900543920e+01,1.358514822545192757e+01
7.237782223492426681e+01,1.298750987792827871e+01
7.239782795084309441e+01,1.382844660940658699e+01
7.241783366676193623e+01,1.334476176997822705e+01
7.243783938268077804e+01,1.388571103259218198e+01
7.245784509859960565e+01,1.429817225437366801e+01
7.247785081451843325e+01,1.335421221691897742e+01
7.249785653043727507e+01,1.277051798875304200e+01
7.251786224635610267e+01,1.293573120593641868e+01
7.253786796227493028e+01,1.264685726597114979e+01
7.255787367819377209e+01,1.249764125519401503e+01
7.257787939411261391e+01,1.285492809146908399e+01
7.259788511003144151e+01,1.231970594749929049e+01
7.261789082595026912e+01,1.194561057231678802e+01
7.263789654186911093e+01,1.162926506182853004e+01
7.265790225778795275e+01,1.266947027957397864e+01
7.267790797370678035e+01,1.160095878895769062e+01
7.269791368962560796e+01,1.132835982801492847e+01
7.271791940554444977e+01,1.112462513182329715e+01
7.273792512146327738e+01,1.089414074834287405e+01
7.275793083738210498e+01,1.114096023853179496e+01
7.277793655330094680e+01,1.142804989449242115e+01
7.279794226921978861e+01,1.059535294993222898e+01
7.281794798513861622e+01,1.117565082642910568e+01
7.283795370105744382e+01,1.051140321045173920e+01
7.285795941697628564e+01,9.887351703520323554e+00
7.287796513289511324e+01,1.068032620838737934e+01
7.289797084881394085e+01,1.085049489329777117e+01
7.291797656473278266e+01,1.050114051619817346e+01
7.293798228065162448e+01,1.055996453189557371e+01
7.295798799657045208e+01,9.792830547381690565e+00
7.297799371248927969e+01,1.005959238844863179e+01
7.299799942840812150e+01,1.033806526634439393e+01
7.301800514432696332e+01,1.035823916116105892e+01
7.303801086024579092e+01,9.811731052498080530e+00
7.305801657616461853e+01,9.750138161161416406e+00
7.307802229208346034e+01,9.804296500085769139e+00
7.309802800800228795e+01,1.022330598671608826e+01
7.311803372392111555e+01,9.311401328332184590e+00
7.313803943983995737e+01,9.670453187544476137e+00
7.315804515575879918e+01,8.721364720730164777e+00
7.317805087167762679e+01,8.916286969396949758e+00
7.319805658759645439e+01,9.771746116533851279e+00
7.321806230351529621e+01,9.480841142761995854e+00
7.323806801943413802e+01,9.338573000640781885e+00
7.325807373535295142e+01,8.666150213922849233e+00
7.327807945127179323e+01,9.588484818801097376e+00
7.329808516719063505e+01,9.017957770641348958e+00
7.331809088310946265e+01,8.775904545392320344e+00
7.333809659902829026e+01,1.034945050884929962e+01
7.335810231494713207e+01,1.031660633113661873e+01
7.337810803086597389e+01,1.075598974188791246e+01
7.339811374678480149e+01,1.045405029023756782e+01
7.341811946270362910e+01,1.102728401236549516e+01
7.343812517862247091e+01,1.150644432188938637e+01
7.345813089454129852e+01,1.218536478721046379e+01
7.347813661046012612e+01,1.225320746765853741e+01
7.349814232637896794e+01,1.170686616759202181e+01
7.351814804229780975e+01,1.199679378038353406e+01
7.353815375821663736e+01,1.233586979320547172e+01
7.355815947413546496e+01,1.249767682548909242e+01
7.357816519005430678e+01,1.239143247616009624e+01
7.359817090597314859e+01,1.234413327867979504e+01
7.361817662189197620e+01,1.194738430575425170e+01
7.363818233781080380e+01,1.160047203351580336e+01
7.365818805372964562e+01,1.174720372485167275e+01
7.367819376964847322e+01,1.141117502829199459e+01
7.369819948556730083e+01,1.056277677341278221e+01
7.371820520148614264e+01,1.127340454133665304e+01
7.373821091740498446e+01,1.012710324309665566e+01
7.375821663332381206e+01,9.016547283206062247e+00
7.377822234924263967e+01,9.901963356555036455e+00
7.379822806516148148e+01,9.212244335744497192e+00
7.381823378108030909e+01,9.680707165565729966e+00
7.383823949699913669e+01,9.040973828117660815e+00
7.385824521291797851e+01,8.367331729802371498e+00
7.387825092883682032e+01,8.483980609024250441e+00
7.389825664475564793e+01,7.938744488943047628e+00
7.391826236067447553e+01,8.294240699088181401e+00
7.393826807659331735e+01,8.174223177199717583e+00
7.395827379251215916e+01,8.744536298569826727e+00
7.397827950843098677e+01,8.298770399663672137e+00
7.399828522434981437e+01,7.303109487667459376e+00
7.401829094026865619e+01,7.375902211471149883e+00
7.403829665618748379e+01,7.672642396375813689e+00
7.405830237210632561e+01,7.693967240241422978e+00
7.407830808802515321e+01,6.528218005609313757e+00
7.409831380394398082e+01,7.178466008357444750e+00
7.411831951986282263e+01,7.701084622768631149e+00
7.413832523578165024e+01,7.501997420541018258e+00
7.415833095170049205e+01,7.043533930942485810e+00
7.417833666761931966e+01,6.945774137029643747e+00
7.419834238353816147e+01,6.313794908647883730e+00
7.421834809945698908e+01,7.700505195234529587e+00
7.423835381537583089e+01,7.243004043606632081e+00
7.425835953129465850e+01,6.828718591263395865e+00
7.427836524721348610e+01,6.938532330207834775e+00
7.429837096313232792e+01,7.294677048632401295e+00
7.431837667905115552e+01,6.847614112930454411e+00
7.433838239496999734e+01,6.899694263435367958e+00
7.435838811088882494e+01,6.529339832430345325e+00
7.437839382680766676e+01,6.357439277152791668e+00
7.439839954272649436e+01,6.029703276619969188e+00
7.441840525864533618e+01,6.058284767149871186e+00
7.443841097456416378e+01,6.936024532381953378e+00
7.445841669048300560e+01,6.262113364993531661e+00
7.447842240640183320e+01,6.481929547227442967e+00
7.449842812232066080e+01,7.136145825392897990e+00
7.451843383823950262e+01,6.909678434324042051e+00
7.453843955415833022e+01,6.497136851711133865e+00
7.455844527007717204e+01,7.292367800479803819e+00
7.457845098599599964e+01,7.246266857273809592e+00
7.459845670191484146e+01,6.495412309113101301e+00
7.461846241783366906e+01,6.475102241966956385e+00
7.463846813375251088e+01,6.361357312785282936e+00
7.465847384967133848e+01,6.006563426331267941e+00
7.467847956559016609e+01,6.291144793802735613e+00
7.469848528150900790e+01,6.199968354230679601e+00
7.471849099742783551e+01,6.406992171342658970e+00
7.473849671334667732e+01,6.467399406501633585e+00
7.475850242926550493e+01,6.228488679840866737e+00
7.477850814518434674e+01,6.958327036206014782e+00
7.479851386110317435e+01,6.001786186746028484e+00
7.481851957702201616e+01,6.361596380330110989e+00
7.483852529294084377e+01,6.165908558092712433e+00
7.485853100885967137e+01,6.451019471120666537e+00
7.487853672477851319e+01,6.541107550485662614e+00
7.489854244069734079e+01,6.504121606444631887e+00
7.491854815661618261e+01,6.768153953325970029e+00
7.493855387253501021e+01,5.959268785220720233e+00
7.495855958845385203e+01,6.059346829429085091e+00
7.497856530437267963e+01,6.673932592561063970e+00
7.499857102029152145e+01,6.583696670454939337e+00
7.501857673621034905e+01,7.152434617462104072e+00
7.503858245212917666e+01,5.997331292173396555e+00
7.505858816804801847e+01,5.723210970576799284e+00
7.507859388396684608e+01,6.410274564664915076e+00
7.509859959988568789e+01,6.164088595252589897e+00
7.511860531580451550e+01,6.877473990180995145e+00
7.513861103172335731e+01,6.619424298386305416e+00
7.515861674764218492e+01,6.161311832974475600e+00
7.517862246356102673e+01,6.218497230239209195e+00
7.519862817947985434e+01,6.063185364544352751e+00
7.521863389539868194e+01,6.546711879437784098e+00
7.523863961131752376e+01,6.636632229244880499e+00
7.525864532723635136e+01,6.669223568650949119e+00
7.527865104315519318e+01,5.966968184956620291e+00
7.529865675907402078e+01,6.718589172337235738e+00
7.531866247499286260e+01,6.282925810534072397e+00
7.533866819091169020e+01,6.766255699323284745e+00
7.535867390683053202e+01,7.037339329567927848e+00
7.537867962274935962e+01,6.447404415736723848e+00
7.539868533866820144e+01,6.972608965029927219e+00
7.541869105458702904e+01,6.695944461898370115e+00
7.543869677050585665e+01,5.795295636315377585e+00
7.545870248642469846e+01,6.401462388019414362e+00
7.547870820234352607e+01,7.237675533142849282e+00
7.549871391826236788e+01,6.329809980408455772e+00
7.551871963418119549e+01,6.699458833564847282e+00
7.553872535010003730e+01,6.568601908728150640e+00
7.555873106601886491e+01,6.019390545906325940e+00
7.557873678193770672e+01,7.045864675181845449e+00
7.559874249785653433e+01,7.074970081962016266e+00
7.561874821377536193e+01,6.673018304362583031e+00
7.563875392969420375e+01,7.030736731771443537e+00
7.565875964561303135e+01,5.682078015383337899e+00
7.567876536153187317e+01,5.869288542938544850e+00
7.569877107745070077e+01,7.202965013002975425e+00
7.571877679336954259e+01,7.140212162078105607e+00
7.573878250928837019e+01,6.180934409797602669e+00
7.575878822520721201e+01,7.446921363245559533e+00
7.577879394112603961e+01,6.503786068468075499e+00
7.579879965704486722e+01,6.487819947384020125e+00
7.581880537296370903e+01,7.416909141581177423e+00
7.583881108888253664e+01,6.601584692741035099e+00
7.585881680480137845e+01,6.451601902071555372e+00
7.587882252072020606e+01,6.703646903438240656e+00
7.589882823663904787e+01,7.630738711362250015e+00
7.591883395255787548e+01,7.531294757054952882e+00
7.593883966847671729e+01,6.582442457552454940e+00
7.595884538439554490e+01,7.134072791222912713e+00
7.597885110031437250e+01,7.081364629842766156e+00
7.599885681623321432e+01,7.051648958709005655e+00
7.601886253215204192e+01,7.527442208915139155e+00
7.603886824807088374e+01,7.522725693447432249e+00
7.605887396398971134e+01,6.818962146437780092e+00
7.607887967990855316e+01,7.440961089099493719e+00
7.609888539582738076e+01,7.279325564405569438e+00
7.611889111174622258e+01,7.569201209433821020e+00
7.613889682766505018e+01,7.372419654798799016e+00
7.615890254358387779e+01,7.639689612796395579e+00
7.617890825950271960e+01,7.439086207555060781e+00
7.619891397542154721e+01,6.651597801438632551e+00
7.621891969134038902e+01,7.559713765913517847e+00
7.623892540725921663e+01,7.646136945222538728e+00
7.625893112317805844e+01,7.046522921377633253e+00
7.627893683909688605e+01,7.325722519315451819e+00
7.629894255501572786e+01,7.768128707936403643e+00
7.631894827093455547e+01,7.816873237254430506e+00
7.633895398685339728e+01,7.973255743930500294e+00
7.635895970277222489e+01,8.001317698716578164e+00
7.637896541869105249e+01,7.773135449584710699e+00
7.639897113460989431e+01,8.491237141748278816e+00
7.641897685052872191e+01,8.492611404184120971e+00
7.643898256644756373e+01,8.230631105657320035e+00
7.645898828236639133e+01,8.310123545948314927e+00
7.647899399828523315e+01,8.129961987267151358e+00
7.649899971420406075e+01,8.250692175112064319e+00
7.651900543012290257e+01,7.997527871878537198e+00
7.653901114604173017e+01,8.293971192628317723e+00
7.655901686196055778e+01,8.379481475297371418e+00
7.657902257787939959e+01,7.511899265293520145e+00
7.659902829379822720e+01,8.446440336328180365e+00
7.661903400971706901e+01,8.642361948838155783e+00
7.663903972563589662e+01,7.458610557688277964e+00
7.665904544155473843e+01,8.163812125254118257e+00
7.667905115747356604e+01,7.703681088893238993e+00
7.669905687339240785e+01,8.068875346195632403e+00
7.671906258931123546e+01,7.841469575779200341e+00
7.673906830523006306e+01,8.106157187879986736e+00
7.675907402114890488e+01,8.360934149315243147e+00
7.677907973706773248e+01,7.982445390615330538e+00
7.679908545298657430e+01,7.551057453006158937e+00
7.681909116890540190e+01,7.246443260179396439e+00
7.683909688482424372e+01,7.578830976115012774e+00
7.685910260074307132e+01,8.082755970389499112e+00
7.687910831666191314e+01,7.431753219434602542e+00
7.689911403258074074e+01,6.781378275903774622e+00
7.691911974849956835e+01,6.701013810339848220e+00
7.693912546441841016e+01,7.842336164249621433e+00
7.695913118033723777e+01,6.615817940285815268e+00
7.697913689625607958e+01,6.928163949654281950e+00
7.699914261217490719e+01,6.920299411003586698e+00
7.701914832809374900e+01,6.728665204616723017e+00
7.703915404401257661e+01,7.337515022290456379e+00
7.705915975993141842e+01,7.609929838222560861e+00
7.707916547585024603e+01,7.903934215656539308e+00
7.709917119176907363e+01,6.600898337162350415e+00
7.711917690768791545e+01,7.763866056755365008e+00
7.713918262360674305e+01,7.225031459111000309e+00
7.715918833952558487e+01,6.997781911613193628e+00
7.717919405544441247e+01,6.597544800660838149e+00
7.719919977136325429e+01,7.270468852257159220e+00
7.721920548728208189e+01,7.500401867496446329e+00
7.723921120320092371e+01,7.018320994805025137e+00
7.725921691911975131e+01,7.317489687541987919e+00
7.727922263503859313e+01,7.454364363301868579e+00
7.729922835095742073e+01,7.061147036048694758e+00
7.731923406687624833e+01,6.670804079188584979e+00
7.733923978279509015e+01,6.336485772337626443e+00
7.735924549871391775e+01,7.330392770081963327e+00
7.737925121463275957e+01,6.542819254689240083e+00
7.739925693055158717e+01,6.595443930755649831e+00
7.741926264647042899e+01,7.303994468305433863e+00
7.743926836238925659e+01,6.795759793992523612e+00
7.745927407830809841e+01,6.971926043392671524e+00
7.747927979422692601e+01,6.449289113800063866e+00
7.749928551014575362e+01,7.249112492613923209e+00
7.751929122606459543e+01,6.854273096759259332e+00
7.753929694198342304e+01,6.484836223386017728e+00
7.755930265790226485e+01,6.614526506441970710e+00
7.757930837382109246e+01,7.227136931404102071e+00
7.759931408973993427e+01,7.253831185768227385e+00
7.761931980565876188e+01,6.609270649499785932e+00
7.763932552157760369e+01,6.773312763839354211e+00
7.765933123749643130e+01,6.950718884372403927e+00
7.767933695341525890e+01,6.929463425724222247e+00
7.769934266933410072e+01,7.153670692134310727e+00
7.771934838525292832e+01,6.908451946948900968e+00
7.773935410117177014e+01,6.763390592412877211e+00
7.775935981709059774e+01,6.677040498792957912e+00
7.777936553300943956e+01,6.798368590234951547e+00
7.779937124892826716e+01,7.357844611666529033e+00
7.781937696484710898e+01,6.420214874044667397e+00
7.783938268076593658e+01,7.297459663105043681e+00
7.785938839668476419e+01,7.039356281830027484e+00
7.787939411260360600e+01,7.064062788656837455e+00
7.789939982852243361e+01,7.053712865299368140e+00
7.791940554444127542e+01,7.383366936445305839e+00
7.793941126036010303e+01,7.804991215368630719e+00
7.795941697627894484e+01,6.973331199967960359e+00
7.797942269219777245e+01,7.853275062938283924e+00
7.799942840811661426e+01,7.382218345205181720e+00
7.801943412403544187e+01,7.233738635816457929e+00
7.803943983995426947e+01,7.262276239256611809e+00
7.805944555587311129e+01,7.370314526854510717e+00
7.807945127179193889e+01,7.564258738337624521e+00
7.809945698771078071e+01,7.924324471207255804e+00
7.811946270362960831e+01,8.382677596672516884e+00
7.813946841954845013e+01,8.076193859448071777e+00
7.815947413546727773e+01,8.126218722397116068e+00
7.817947985138611955e+01,8.271444077858568278e+00
7.819948556730494715e+01,7.832062804026890923e+00
7.821949128322378897e+01,7.852887226203272952e+00
7.823949699914261657e+01,8.190638181757940117e+00
7.825950271506144418e+01,8.134625184731776315e+00
7.827950843098028599e+01,9.138472579877273461e+00
7.829951414689911360e+01,9.353407146361703894e+00
7.831951986281795541e+01,9.494605543812060233e+00
7.833952557873678302e+01,9.112568320433496183e+00
7.835953129465562483e+01,8.700751818817202832e+00
7.837953701057445244e+01,9.370147817572533455e+00
7.839954272649329425e+01,9.041741396137211950e+00
7.841954844241212186e+01,1.007306827347903067e+01
7.843955415833094946e+01,9.863735513014201928e+00
7.845955987424979128e+01,1.046512088527076401e+01
7.847956559016861888e+01,1.065044404179356441e+01
7.849957130608746070e+01,1.101728298840589915e+01
7.851957702200628830e+01,1.055619561038856347e+01
7.853958273792513012e+01,1.169715588751798840e+01
7.855958845384395772e+01,1.126620410354439450e+01
7.857959416976279954e+01,1.209944842474656745e+01
7.859959988568162714e+01,1.161011694357923218e+01
7.861960560160045475e+01,1.148778845490428147e+01
7.863961131751929656e+01,1.111184750889626116e+01
7.865961703343812417e+01,1.168687129259306445e+01
7.867962274935696598e+01,1.187109677495399751e+01
7.869962846527579359e+01,1.287030284807392277e+01
7.871963418119463540e+01,1.288489576500157163e+01
7.873963989711346301e+01,1.325387134914153187e+01
7.875964561303230482e+01,1.314399631958334957e+01
7.877965132895113243e+01,1.421058947312376475e+01
7.879965704486996003e+01,1.419709382940659381e+01
7.881966276078880185e+01,1.426890158926784125e+01
7.883966847670762945e+01,1.460650421328846704e+01
7.885967419262647127e+01,1.504977261581753112e+01
7.887967990854529887e+01,1.485216309980791749e+01
7.889968562446414069e+01,1.586905885748457656e+01
7.891969134038296829e+01,1.574904716456889808e+01
7.893969705630181011e+01,1.563025995931591083e+01
7.895970277222063771e+01,1.539059977284374625e+01
7.897970848813946532e+01,1.555445309804672860e+01
7.899971420405830713e+01,1.528806783059308216e+01
7.901971991997713474e+01,1.589768000191400432e+01
7.903972563589597655e+01,1.457411792062324096e+01
7.905973135181480416e+01,1.390118820368539865e+01
7.907973706773364597e+01,1.392218498985886832e+01
7.909974278365247358e+01,1.395821674832927783e+01
7.911974849957131539e+01,1.211480592440260828e+01
7.913975421549014300e+01,1.266644716712732333e+01
7.915975993140898481e+01,1.189323406401691940e+01
7.917976564732781242e+01,1.088538417339292863e+01
7.919977136324664002e+01,1.113716657180701475e+01
7.921977707916548184e+01,1.019118810485292492e+01
7.923978279508430944e+01,1.096352201884886668e+01
7.925978851100315126e+01,1.010279469792167717e+01
7.927979422692197886e+01,1.034709269441781920e+01
7.929979994284082068e+01,8.854630142221337152e+00
7.931980565875964828e+01,8.624516463977181857e+00
7.933981137467849010e+01,8.444913958192643122e+00
7.935981709059731770e+01,8.281129922095924911e+00
7.937982280651614531e+01,8.499376742348809799e+00
7.939982852243498712e+01,8.757430651910754094e+00
7.941983423835381473e+01,8.461846855581811155e+00
7.943983995427265654e+01,7.765251920225754390e+00
7.945984567019148415e+01,8.943065972961981913e+00
7.947985138611032596e+01,8.926981067364920364e+00
7.949985710202915357e+01,8.898534279531133961e+00
7.951986281794799538e+01,7.547878434907703493e+00
7.953986853386682299e+01,8.000965868872158993e+00
7.955987424978565059e+01,8.254503253035480270e+00
7.957987996570449241e+01,8.628472875677076104e+00
7.959988568162332001e+01,8.868626540824028126e+00
7.961989139754216183e+01,8.477814512851923112e+00
7.963989711346098943e+01,8.603190852683837875e+00
7.965990282937983125e+01,7.842120479380848330e+00
7.967990854529865885e+01,7.939756715382662478e+00
7.969991426121750067e+01,8.898980152486569040e+00
7.971991997713632827e+01,7.942279834157383256e+00
7.973992569305515588e+01,8.941977092358564860e+00
7.975993140897399769e+01,8.387149323937443057e+00
7.977993712489282530e+01,9.012751204475474509e+00
7.979994284081166711e+01,9.812372203363281642e+00
7.981994855673049472e+01,8.653435875675686617e+00
7.983995427264933653e+01,9.962732489834666083e+00
7.985995998856816414e+01,9.515793544435847906e+00
7.987996570448700595e+01,9.797191294259949501e+00
7.989997142040583356e+01,9.476061627326181735e+00
7.991997713632466116e+01,9.241720937833338922e+00
7.993998285224350298e+01,9.777117557191791875e+00
7.995998856816233058e+01,8.936772118838710810e+00
7.997999428408117240e+01,9.557688955794052532e+00
8.000000000000000000e+01,7.830211520009044968e+00
