angle,intensity
1.000000000000000000e+01,9.972775544897984901e-01
1.002000571591883471e+01,1.305132001297062860e+00
1.004001143183766764e+01,1.422883142588467376e+00
1.006001714775650235e+01,1.564667398248774433e+00
1.008002286367533529e+01,1.222520358137392460e+00
1.010002857959417000e+01,8.197433645781739830e-01
1.012003429551300293e+01,7.927693567983553624e-01
1.014004001143183764e+01,7.994172902550479298e-01
1.016004572735067235e+01,5.840731655993391946e-01
1.018005144326950528e+01,8.119398487926856589e-01
1.020005715918833999e+01,1.607588986345611204e+00
1.022006287510717293e+01,1.230041241326041090e+00
1.024006859102600764e+01,3.229820977153652906e-01
1.026007430694484057e+01,1.692503872239990326e+00
1.028008002286367528e+01,1.252958779923072363e+00
1.030008573878250999e+01,1.871012954050313093e+00
1.032009145470134293e+01,1.517666528211250032e+00
1.034009717062017764e+01,1.297741093465629048e+00
1.036010288653901057e+01,1.691128812196140974e+00
1.038010860245784528e+01,1.586034662742869195e+00
1.040011431837667999e+01,1.310088843856741292e+00
1.042012003429551292e+01,8.316196689660715347e-01
1.044012575021434763e+01,1.193841877800214002e+00
1.046013146613318057e+01,8.753644031049703234e-01
1.048013718205201528e+01,5.998889048379331124e-01
1.050014289797084821e+01,9.060216135764743717e-01
1.052014861388968292e+01,7.115285522363014037e-01
1.054015432980851585e+01,9.757704231108769166e-01
1.056016004572735056e+01,1.313438769192255773e+00
1.058016576164618527e+01,1.186157480792321195e+00
1.060017147756501821e+01,1.684339561335252533e+00
1.062017719348385292e+01,9.400142537274254195e-01
1.064018290940268585e+01,1.220618914880859274e+00
1.066018862532152056e+01,1.325585100845295461e+00
1.068019434124035527e+01,1.260741112136676279e+00
1.070020005715918820e+01,9.371653010208191859e-01
1.072020577307802292e+01,8.391542447251647552e-01
1.074021148899685585e+01,1.523800421693584983e+00
1.076021720491569056e+01,1.882767665438940252e+00
1.078022292083452349e+01,1.644392197276961287e+00
1.080022863675335820e+01,1.271580436448825013e+00
1.082023435267219291e+01,1.223211102163914488e+00
1.084024006859102585e+01,1.889956986769656400e+00
1.086024578450986056e+01,7.611056743043003170e-01
1.088025150042869349e+01,1.703327151579616228e+00
1.090025721634752820e+01,1.877646470754824826e+00
1.092026293226636113e+01,8.982378905920055390e-01
1.094026864818519584e+01,1.032584225154945745e+00
1.096027436410403055e+01,1.913791111397465272e+00
1.098028008002286349e+01,1.627998705196979090e+00
1.100028579594169820e+01,1.366440692337792973e+00
1.102029151186053113e+01,6.220091966974696795e-01
1.104029722777936584e+01,8.701507091417388651e-01
1.106030294369819877e+01,1.809126605158168477e+00
1.108030865961703348e+01,1.162131364611040718e+00
1.110031437553586819e+01,9.735025564973051049e-01
1.112032009145470113e+01,4.555602379522279977e-01
1.114032580737353584e+01,1.645194118697320462e+00
1.116033152329236877e+01,1.975359055028556909e+00
1.118033723921120348e+01,6.656523178652794526e-01
1.120034295513003642e+01,2.143823146419703285e+00
1.122034867104887113e+01,1.035913328455059679e+00
1.124035438696770584e+01,1.295683062613954384e+00
1.126036010288653877e+01,1.675897056584196632e+00
1.128036581880537348e+01,1.320205492241778966e+00
1.130037153472420641e+01,1.203271638304352020e+00
1.132037725064304112e+01,1.631975877021738519e+00
1.134038296656187583e+01,1.578682536718323259e+00
1.136038868248070877e+01,1.537918020808499708e+00
1.138039439839954348e+01,1.625732229317982780e+00
1.140040011431837641e+01,1.259103320060763531e+00
1.142040583023721112e+01,1.303963608778326178e+00
1.144041154615604405e+01,1.009928984444178335e+00
1.146041726207487876e+01,1.397925359706136961e+00
1.148042297799371170e+01,1.673552370355621655e+00
1.150042869391254641e+01,7.303977678322195466e-01
1.152043440983138112e+01,1.327737370055997346e+00
1.154044012575021405e+01,1.386258774240892944e+00
1.156044584166904876e+01,1.150251428691497324e+00
1.158045155758788169e+01,1.943363800829289278e+00
1.160045727350671640e+01,1.770723273748880278e+00
1.162046298942555111e+01,1.165197918784732778e+00
1.164046870534438405e+01,1.915795613596815272e+00
1.166047442126321876e+01,1.962371050512293547e+00
1.168048013718205169e+01,1.616797234733914346e+00
1.170048585310088640e+01,1.175972667173118325e+00
1.172049156901971934e+01,1.758100936276578929e+00
1.174049728493855405e+01,1.815795162848718558e+00
1.176050300085738698e+01,1.793569802391532519e+00
1.178050871677622169e+01,2.276956633051442580e+00
1.180051443269505640e+01,2.027682815476755440e+00
1.182052014861388933e+01,8.697413002061092913e-01
1.184052586453272404e+01,1.522365079222059325e+00
1.186053158045155698e+01,1.861513458594034942e+00
1.188053729637039169e+01,1.215202601450326103e+00
1.190054301228922640e+01,2.028749915441527385e+00
1.192054872820805933e+01,1.433290315372196755e+00
1.194055444412689404e+01,2.308562711345577334e+00
1.196056016004572697e+01,1.467551589817224222e+00
1.198056587596456168e+01,2.140833257239255882e+00
1.200057159188339639e+01,8.926611436714591008e-01
1.202057730780222933e+01,1.665007732700311660e+00
1.204058302372106226e+01,9.309742463674228752e-01
1.206058873963989697e+01,2.361187678501471154e+00
1.208059445555873168e+01,1.308239560231933885e+00
1.210060017147756461e+01,1.278324176666660872e+00
1.212060588739639932e+01,1.705989974714726909e+00
1.214061160331523226e+01,1.416606652166886082e+00
1.216061731923406697e+01,1.414558442949172878e+00
1.218062303515290168e+01,1.950364917508490059e+00
1.220062875107173461e+01,1.841263372668588083e+00
1.222063446699056932e+01,1.488587430826600944e+00
1.224064018290940226e+01,2.362262349998105471e+00
1.226064589882823697e+01,1.739740466843512134e+00
1.228065161474707168e+01,1.739880854138184940e+00
1.230065733066590461e+01,1.531644428160584992e+00
1.232066304658473754e+01,2.097600569534979087e+00
1.234066876250357225e+01,1.927057881661384586e+00
1.236067447842240696e+01,1.939645287061845913e+00
1.238068019434123990e+01,1.733642471485884240e+00
1.240068591026007461e+01,1.983012346701710449e+00
1.242069162617890754e+01,1.926809568413420548e+00
1.244069734209774225e+01,1.688359406691773756e+00
1.246070305801657696e+01,2.274223683612884628e+00
1.248070877393540989e+01,1.944560237995824448e+00
1.250071448985424460e+01,1.646941747910840137e+00
1.252072020577307754e+01,2.596077186202405684e+00
1.254072592169191225e+01,2.072167891216029290e+00
1.256073163761074696e+01,2.139190565929469656e+00
1.258073735352957989e+01,2.042455389862010584e+00
1.260074306944841460e+01,1.636854537019353018e+00
1.262074878536724754e+01,2.500120011592514846e+00
1.264075450128608225e+01,1.855396569386536854e+00
1.266076021720491518e+01,2.020478133087673989e+00
1.268076593312374989e+01,1.809746865073189603e+00
1.270077164904258282e+01,1.190306709829451526e+00
1.272077736496141753e+01,1.929523745487431663e+00
1.274078308088025224e+01,1.419958771209397952e+00
1.276078879679908518e+01,1.841729878643471707e+00
1.278079451271791989e+01,1.466076644019443265e+00
1.280080022863675282e+01,2.444319212904903615e+00
1.282080594455558753e+01,2.130128480552058612e+00
1.284081166047442224e+01,1.882213379472446491e+00
1.286081737639325517e+01,2.262315437654874195e+00
1.288082309231208988e+01,1.852494753262977190e+00
1.290082880823092282e+01,2.396949628960368450e+00
1.292083452414975753e+01,1.308169579126838178e+00
1.294084024006859224e+01,1.691331479302740970e+00
1.296084595598742517e+01,2.202168156379635811e+00
1.298085167190625810e+01,1.684119927515568271e+00
1.300085738782509281e+01,2.300544327725949412e+00
1.302086310374392752e+01,1.873688210568615897e+00
1.304086881966276046e+01,1.245310793168217245e+00
1.306087453558159517e+01,2.512395374361304334e+00
1.308088025150042810e+01,1.648410635581367911e+00
1.310088596741926281e+01,1.850636183186811667e+00
1.312089168333809752e+01,2.380381767197202070e+00
1.314089739925693046e+01,1.742856433257104154e+00
1.316090311517576517e+01,1.857066669423204530e+00
1.318090883109459810e+01,2.006994794505402524e+00
1.320091454701343281e+01,1.544037537858834241e+00
1.322092026293226752e+01,2.564959904781817013e+00
1.324092597885110045e+01,2.493600692924609952e+00
1.326093169476993339e+01,2.389967558135082548e+00
1.328093741068876810e+01,1.891525729060738126e+00
1.330094312660760281e+01,1.622124851412244828e+00
1.332094884252643574e+01,1.555206612019459644e+00
1.334095455844527045e+01,1.860173705081556772e+00
1.336096027436410338e+01,1.588552186164704949e+00
1.338096599028293809e+01,1.948554768461439046e+00
1.340097170620177280e+01,2.598183167223130141e+00
1.342097742212060574e+01,1.931821293130893125e+00
1.344098313803944045e+01,2.699159105580568152e+00
1.346098885395827338e+01,2.521075947027045405e+00
1.348099456987710809e+01,2.527962023769201316e+00
1.350100028579594280e+01,1.811719352529055804e+00
1.352100600171477573e+01,2.085525159946727047e+00
1.354101171763361044e+01,1.831596471457563435e+00
1.356101743355244338e+01,2.188296742060997779e+00
1.358102314947127809e+01,2.344058224160380455e+00
1.360102886539011102e+01,2.792779222694740326e+00
1.362103458130894573e+01,1.585068281486970321e+00
1.364104029722777867e+01,2.228413563380533535e+00
1.366104601314661338e+01,1.717974045714659947e+00
1.368105172906544809e+01,2.886112697555054396e+00
1.370105744498428102e+01,1.826921941441729036e+00
1.372106316090311573e+01,2.049067473948895213e+00
1.374106887682194866e+01,1.689783782913166998e+00
1.376107459274078337e+01,2.176489615085374751e+00
1.378108030865961808e+01,2.737391977277619404e+00
1.380108602457845102e+01,2.014047272545153255e+00
1.382109174049728573e+01,2.354493921873710427e+00
1.384109745641611866e+01,2.195868568751263794e+00
1.386110317233495337e+01,1.654655706485242295e+00
1.388110888825378808e+01,1.821956612563965905e+00
1.390111460417262101e+01,2.130330196039667889e+00
1.392112032009145395e+01,2.949667223627634449e+00
1.394112603601028866e+01,2.589415684749901025e+00
1.396113175192912337e+01,2.554794451952934864e+00
1.398113746784795630e+01,2.032239554697560457e+00
1.400114318376679101e+01,2.868354288742001934e+00
1.402114889968562395e+01,2.425797230740101895e+00
1.404115461560445866e+01,1.573727586171711490e+00
1.406116033152329337e+01,2.043905833874900324e+00
1.408116604744212630e+01,1.961467267305051720e+00
1.410117176336095923e+01,2.219761557930219009e+00
1.412117747927979394e+01,1.783847276462905640e+00
1.414118319519862865e+01,2.671985181704946477e+00
1.416118891111746336e+01,1.770045682825680977e+00
1.418119462703629630e+01,2.348665626938253759e+00
1.420120034295512923e+01,2.302630111319655892e+00
1.422120605887396394e+01,1.983476043816631229e+00
1.424121177479279865e+01,2.775088297180412056e+00
1.426121749071163336e+01,1.980634685771397230e+00
1.428122320663046629e+01,2.491098578340499081e+00
1.430122892254929923e+01,2.804724638656976410e+00
1.432123463846813394e+01,2.126155105514738075e+00
1.434124035438696865e+01,2.109103239102523730e+00
1.436124607030580158e+01,2.802775227061254260e+00
1.438125178622463629e+01,2.488348875847949948e+00
1.440125750214346922e+01,1.709656779395490656e+00
1.442126321806230393e+01,2.647916705377118429e+00
1.444126893398113864e+01,2.686165489082736890e+00
1.446127464989997158e+01,2.038961463147551445e+00
1.448128036581880451e+01,2.430097186259885689e+00
1.450128608173763922e+01,2.246161686363493004e+00
1.452129179765647393e+01,3.088522070085659266e+00
1.454129751357530864e+01,2.149909376930347005e+00
1.456130322949414158e+01,2.262403460614330175e+00
1.458130894541297451e+01,2.730858194374035097e+00
1.460131466133180922e+01,3.233140884040385465e+00
1.462132037725064393e+01,2.523646152836978018e+00
1.464132609316947686e+01,1.613349384837472034e+00
1.466133180908831157e+01,2.179851924040074440e+00
1.468133752500714451e+01,2.270588674347368663e+00
1.470134324092597922e+01,2.116729965396550117e+00
1.472134895684481393e+01,1.776505302782667384e+00
1.474135467276364686e+01,2.475239107257298343e+00
1.476136038868247979e+01,2.052847928497171459e+00
1.478136610460131450e+01,2.086389064936155169e+00
1.480137182052014921e+01,2.438958852686083034e+00
1.482137753643898392e+01,2.232779044847132521e+00
1.484138325235781686e+01,1.810653582554181851e+00
1.486138896827664979e+01,2.722911998559805369e+00
1.488139468419548450e+01,2.210323737005838396e+00
1.490140040011431921e+01,2.097557904411256224e+00
1.492140611603315392e+01,2.876502870173546889e+00
1.494141183195198685e+01,2.399493116793538938e+00
1.496141754787081979e+01,2.505908719502856208e+00
1.498142326378965450e+01,2.677896081332383993e+00
1.500142897970848921e+01,2.285413584016839028e+00
1.502143469562732214e+01,2.971496871164631237e+00
1.504144041154615508e+01,2.223880054706432574e+00
1.506144612746498979e+01,3.264447272523252508e+00
1.508145184338382450e+01,1.981201843492448322e+00
1.510145755930265921e+01,2.759393795238139990e+00
1.512146327522149214e+01,1.976732323598612062e+00
1.514146899114032507e+01,2.064778191559612175e+00
1.516147470705915978e+01,2.768347146196708408e+00
1.518148042297799449e+01,2.104237087357542002e+00
1.520148613889682920e+01,3.384650764328718253e+00
1.522149185481566214e+01,3.327803656867408311e+00
1.524149757073449507e+01,3.253135845832042961e+00
1.526150328665332978e+01,2.752726894779614852e+00
1.528150900257216449e+01,3.050672071025676058e+00
1.530151471849099742e+01,2.623659158559740412e+00
1.532152043440983036e+01,2.355669781954296660e+00
1.534152615032866507e+01,2.374423035091416168e+00
1.536153186624749978e+01,2.215317113799280424e+00
1.538153758216633449e+01,2.974869729885287306e+00
1.540154329808516742e+01,3.301910420698610515e+00
1.542154901400400036e+01,2.540381232736907524e+00
1.544155472992283507e+01,2.523535486045061393e+00
1.546156044584166978e+01,2.602971572115885479e+00
1.548156616176050449e+01,2.429109324009131043e+00
1.550157187767933742e+01,2.361184519559343720e+00
1.552157759359817035e+01,2.540714122037712741e+00
1.554158330951700506e+01,2.215690445688975885e+00
1.556158902543583977e+01,2.418238540334418651e+00
1.558159474135467271e+01,2.736230128134190309e+00
1.560160045727350742e+01,3.003267667919547357e+00
1.562160617319234035e+01,2.745453496850148500e+00
1.564161188911117506e+01,2.902769983491573669e+00
1.566161760503000977e+01,2.394247252942182325e+00
1.568162332094884270e+01,2.466623165867358747e+00
1.570162903686767564e+01,2.684709832857640865e+00
1.572163475278651035e+01,3.240692622626339947e+00
1.574164046870534506e+01,3.132754670110044160e+00
1.576164618462417977e+01,3.130959778975677565e+00
1.578165190054301270e+01,3.692049564805930828e+00
1.580165761646184563e+01,2.748080149021299157e+00
1.582166333238068034e+01,3.042451880735806746e+00
1.584166904829951505e+01,2.960743239857531961e+00
1.586167476421834799e+01,2.326211295594347028e+00
1.588168048013718270e+01,2.022700108975564959e+00
1.590168619605601563e+01,2.699682424255278157e+00
1.592169191197485034e+01,3.660314049126780489e+00
1.594169762789368505e+01,3.112500777246351991e+00
1.596170334381251799e+01,3.291200684080077377e+00
1.598170905973135092e+01,2.844883989171330896e+00
1.600171477565018563e+01,3.064155228747621251e+00
1.602172049156902034e+01,2.474801653150517033e+00
1.604172620748785505e+01,2.685274786412806591e+00
1.606173192340668976e+01,2.696780049625478792e+00
1.608173763932552092e+01,3.120625483709611903e+00
1.610174335524435563e+01,3.410982615476982893e+00
1.612174907116319034e+01,3.574670781356706684e+00
1.614175478708202505e+01,2.749312375377210405e+00
1.616176050300085620e+01,3.249502011310950511e+00
1.618176621891969091e+01,3.470677548542422386e+00
1.620177193483852562e+01,2.734158302221429970e+00
1.622177765075736033e+01,3.142058041456379680e+00
1.624178336667619504e+01,3.540224896266406240e+00
1.626178908259502620e+01,2.961222285394928821e+00
1.628179479851386091e+01,2.952115106694486180e+00
1.630180051443269562e+01,3.953216075331154933e+00
1.632180623035153033e+01,3.930070933567188618e+00
1.634181194627036149e+01,3.268965952242735895e+00
1.636181766218919620e+01,3.234155482595631348e+00
1.638182337810803091e+01,3.779366757028162382e+00
1.640182909402686562e+01,3.564198887322656439e+00
1.642183480994570033e+01,3.972737838770066254e+00
1.644184052586453504e+01,3.587520945138490625e+00
1.646184624178336620e+01,3.340352047238165145e+00
1.648185195770220091e+01,2.998083772986464446e+00
1.650185767362103562e+01,4.027352837786143169e+00
1.652186338953986677e+01,3.640547009843167814e+00
1.654186910545870148e+01,3.965811454832430805e+00
1.656187482137753619e+01,3.860062913559128006e+00
1.658188053729637090e+01,3.102955340561268649e+00
1.660188625321520561e+01,3.750723874005186254e+00
1.662189196913404032e+01,4.971576321999456205e+00
1.664189768505287148e+01,4.281645863812684638e+00
1.666190340097170619e+01,4.117321483535764770e+00
1.668190911689054090e+01,3.972825450454783969e+00
1.670191483280937561e+01,4.778492876748851259e+00
1.672192054872820677e+01,4.716335573131367198e+00
1.674192626464704148e+01,4.948535198984267858e+00
1.676193198056587619e+01,5.208491439998649497e+00
1.678193769648471090e+01,4.427241709073265419e+00
1.680194341240354561e+01,4.908068141294330999e+00
1.682194912832238032e+01,4.238154421612798650e+00
1.684195484424121148e+01,4.810676507984174677e+00
1.686196056016004619e+01,5.223391120925035658e+00
1.688196627607888090e+01,5.059560104894979204e+00
1.690197199199771205e+01,4.670013500111796390e+00
1.692197770791654676e+01,4.979199227141079653e+00
1.694198342383538147e+01,4.869045464419553326e+00
1.696198913975421618e+01,5.179152288409186511e+00
1.698199485567305089e+01,5.086202773334482785e+00
1.700200057159188560e+01,5.898820315342939047e+00
1.702200628751071676e+01,5.314883535046153185e+00
1.704201200342955147e+01,5.293442485706828293e+00
1.706201771934838618e+01,5.523464808682434501e+00
1.708202343526722089e+01,5.522391518962180612e+00
1.710202915118605205e+01,6.354582553116205901e+00
1.712203486710488676e+01,6.181506549423197328e+00
1.714204058302372147e+01,6.488842264354550693e+00
1.716204629894255618e+01,6.334278581810666608e+00
1.718205201486139089e+01,6.422588282079497723e+00
1.720205773078022204e+01,6.970625964330326774e+00
1.722206344669905675e+01,6.066907507711500003e+00
1.724206916261789146e+01,7.102472626569442227e+00
1.726207487853672617e+01,6.991559516663508056e+00
1.728208059445555733e+01,6.649980541896658437e+00
1.730208631037439204e+01,6.929737532702826996e+00
1.732209202629322675e+01,7.282611857201996663e+00
1.734209774221206146e+01,7.540563263089282486e+00
1.736210345813089617e+01,7.878439281072961542e+00
1.738210917404973088e+01,8.122984617766761062e+00
1.740211488996856204e+01,8.191306908193716652e+00
1.742212060588739675e+01,7.117518896725098188e+00
1.744212632180623146e+01,8.427463044707771189e+00
1.746213203772506262e+01,8.399257389079098246e+00
1.748213775364389733e+01,8.376864593436323503e+00
1.750214346956273204e+01,8.114230838820326142e+00
1.752214918548156675e+01,8.333941529554921956e+00
1.754215490140040146e+01,7.922901944598217838e+00
1.756216061731923617e+01,8.314192479037863848e+00
1.758216633323806732e+01,7.971377148043210070e+00
1.760217204915690203e+01,8.810900154066402479e+00
1.762217776507573674e+01,8.591722626170511745e+00
1.764218348099457145e+01,8.415560731238272751e+00
1.766218919691340261e+01,7.478697075048090781e+00
1.768219491283223732e+01,7.540817399470361337e+00
1.770220062875107203e+01,6.841796736775305199e+00
1.772220634466990674e+01,6.941750053212503602e+00
1.774221206058874145e+01,6.969461319053291248e+00
1.776221777650757616e+01,6.287313623361784565e+00
1.778222349242640732e+01,5.923101921927925062e+00
1.780222920834524203e+01,6.082205066054587661e+00
1.782223492426407674e+01,5.399696312619447269e+00
1.784224064018290790e+01,4.726947067959661020e+00
1.786224635610174261e+01,4.911862045287241685e+00
1.788225207202057732e+01,4.771601296583218854e+00
1.790225778793941203e+01,4.375889405675565058e+00
1.792226350385824674e+01,4.445893030846465699e+00
1.794226921977708145e+01,4.638966324310235478e+00
1.796227493569591260e+01,4.569060035358283756e+00
1.798228065161474731e+01,3.845061423770321785e+00
1.800228636753358202e+01,4.262781064758350169e+00
1.802229208345241318e+01,3.951039289221401241e+00
1.804229779937124789e+01,4.097005029243113938e+00
1.806230351529008260e+01,3.663134684687517684e+00
1.808230923120891731e+01,3.229996736700821991e+00
1.810231494712775202e+01,3.647397672155668680e+00
1.812232066304658673e+01,3.720544176810527848e+00
1.814232637896542144e+01,4.217267471411020097e+00
1.816233209488425260e+01,4.072556094284829342e+00
1.818233781080308731e+01,4.115379980695358597e+00
1.820234352672191847e+01,3.379455517699183176e+00
1.822234924264075318e+01,4.272591970629495250e+00
1.824235495855958789e+01,4.019920853235012359e+00
1.826236067447842260e+01,3.570082473195579809e+00
1.828236639039725731e+01,3.603981994519931398e+00
1.830237210631609202e+01,3.717751394245930818e+00
1.832237782223492673e+01,3.108717203431712317e+00
1.834238353815375788e+01,3.431070072269934101e+00
1.836238925407259259e+01,2.943542662732987480e+00
1.838239496999142730e+01,3.473851975279075521e+00
1.840240068591025846e+01,2.755456606046248424e+00
1.842240640182909317e+01,4.000855912119464897e+00
1.844241211774792788e+01,3.440188313454405122e+00
1.846241783366676259e+01,3.621440469254548322e+00
1.848242354958559730e+01,3.395883612580429922e+00
1.850242926550443201e+01,3.622792370159087838e+00
1.852243498142326672e+01,4.184633863396752140e+00
1.854244069734209788e+01,2.830604473980541158e+00
1.856244641326093259e+01,4.056685609921314217e+00
1.858245212917976374e+01,3.712178226961536431e+00
1.860245784509859845e+01,2.962774017821140138e+00
1.862246356101743316e+01,3.672341863591448430e+00
1.864246927693626787e+01,3.198310293314806874e+00
1.866247499285510258e+01,3.588289939079003510e+00
1.868248070877393729e+01,3.595398163515243439e+00
1.870248642469277200e+01,4.034757959405354200e+00
1.872249214061160316e+01,2.987123972437334629e+00
1.874249785653043787e+01,3.722914675801933804e+00
1.876250357244927258e+01,3.042755729708708223e+00
1.878250928836810374e+01,3.680146530543784156e+00
1.880251500428693845e+01,3.316945889468175146e+00
1.882252072020577316e+01,4.224885514380051887e+00
1.884252643612460787e+01,4.055054679817818197e+00
1.886253215204344258e+01,3.779439914362686004e+00
1.888253786796227729e+01,3.631429884562060728e+00
1.890254358388111200e+01,3.155434677738512050e+00
1.892254929979994316e+01,3.559576315865535800e+00
1.894255501571877787e+01,4.134221090357705464e+00
1.896256073163760902e+01,3.333714155859373030e+00
1.898256644755644373e+01,3.559523099544757763e+00
1.900257216347527844e+01,3.883802504320005511e+00
1.902257787939411315e+01,3.635426625465624006e+00
1.904258359531294786e+01,3.135052572372350355e+00
1.906258931123178257e+01,2.686996937481517911e+00
1.908259502715061728e+01,3.126814527935951382e+00
1.910260074306944844e+01,3.542937960569197298e+00
1.912260645898828315e+01,3.786484827540322229e+00
1.914261217490711431e+01,3.885481092333496811e+00
1.916261789082594902e+01,3.113442358963462109e+00
1.918262360674478373e+01,3.710125836202769811e+00
1.920262932266361844e+01,3.482272685370972454e+00
1.922263503858245315e+01,2.777256997496724722e+00
1.924264075450128786e+01,2.753352509702718720e+00
1.926264647042012257e+01,3.615935301567456239e+00
1.928265218633895373e+01,3.366545215145147374e+00
1.930265790225778844e+01,3.983473963235459436e+00
1.932266361817662315e+01,2.833922893800330467e+00
1.934266933409545430e+01,3.428704137990815415e+00
1.936267505001428901e+01,4.119835869693787345e+00
1.938268076593312372e+01,3.745536331405685981e+00
1.940268648185195843e+01,3.459463966850885974e+00
1.942269219777079314e+01,4.018424876555140024e+00
1.944269791368962785e+01,3.087185643046317374e+00
1.946270362960846256e+01,3.381264701841677045e+00
1.948270934552729372e+01,3.224377686066014270e+00
1.950271506144612843e+01,2.999914935793179360e+00
1.952272077736495959e+01,3.186780729204985008e+00
1.954272649328379430e+01,4.302632256871749661e+00
1.956273220920262901e+01,3.185942125032823480e+00
1.958273792512146372e+01,3.943445753328377101e+00
1.960274364104029843e+01,3.437290254392293853e+00
1.962274935695913314e+01,3.175924794490198266e+00
1.964275507287796785e+01,3.478204879146889805e+00
1.966276078879679901e+01,3.424997005564220043e+00
1.968276650471563372e+01,3.859902357916082494e+00
1.970277222063446487e+01,4.226648573584100177e+00
1.972277793655329958e+01,3.861513141712022978e+00
1.974278365247213429e+01,3.929186374888948841e+00
1.976278936839096900e+01,3.239451305164902983e+00
1.978279508430980371e+01,3.901524751001169022e+00
1.980280080022863842e+01,3.914778279699063113e+00
1.982280651614747313e+01,3.833019660278764285e+00
1.984281223206630784e+01,3.706938900382922508e+00
1.986281794798513900e+01,2.838296600673050563e+00
1.988282366390397371e+01,4.099774886258206408e+00
1.990282937982280487e+01,3.071754619751174253e+00
1.992283509574163958e+01,3.624164280293169504e+00
1.994284081166047429e+01,3.566338647290798747e+00
1.996284652757930900e+01,4.312635624316319749e+00
1.998285224349814371e+01,4.280590852088446141e+00
2.000285795941697842e+01,3.827574448200472546e+00
2.002286367533581313e+01,4.022721132781535758e+00
2.004286939125464428e+01,3.808007491944633838e+00
2.006287510717347899e+01,3.341795215735758440e+00
2.008288082309231015e+01,3.434696803926375885e+00
2.010288653901114486e+01,4.067776209386801511e+00
2.012289225492997957e+01,3.618096010474291191e+00
2.014289797084881428e+01,3.952191998520571126e+00
2.016290368676764899e+01,3.612314177501922074e+00
2.018290940268648370e+01,3.926400300004527999e+00
2.020291511860531841e+01,3.834777804459668538e+00
2.022292083452414957e+01,3.535147504710551836e+00
2.024292655044298428e+01,4.360132674833733013e+00
2.026293226636181899e+01,3.223950411546449679e+00
2.028293798228065015e+01,3.355061187403778344e+00
2.030294369819948486e+01,4.562400840411857672e+00
2.032294941411831957e+01,3.135234118265384673e+00
2.034295513003715428e+01,3.939595889970282094e+00
2.036296084595598899e+01,3.924873128560165902e+00
2.038296656187482370e+01,4.029257938105564207e+00
2.040297227779365841e+01,3.572816532558395153e+00
2.042297799371248956e+01,3.778941285164068908e+00
2.044298370963132427e+01,3.195019300501466653e+00
2.046298942555015543e+01,4.596287689748121963e+00
2.048299514146899014e+01,3.669892278472324687e+00
2.050300085738782485e+01,3.065502287782532864e+00
2.052300657330665956e+01,3.972652811617948032e+00
2.054301228922549427e+01,3.099257800394587203e+00
2.056301800514432898e+01,4.440351970120298475e+00
2.058302372106316369e+01,3.113765462045205545e+00
2.060302943698199485e+01,4.358731672564210236e+00
2.062303515290082956e+01,3.589094571810642620e+00
2.064304086881966072e+01,3.811490071156548254e+00
2.066304658473849543e+01,4.251059465195721643e+00
2.068305230065733014e+01,3.754291743587415908e+00
2.070305801657616485e+01,3.681744842416887487e+00
2.072306373249499956e+01,3.519056253005907742e+00
2.074306944841383427e+01,3.269428854497099302e+00
2.076307516433266898e+01,3.861701030573536642e+00
2.078308088025150369e+01,3.544168287994009070e+00
2.080308659617033484e+01,4.651080274330187336e+00
2.082309231208916955e+01,3.265042426477035242e+00
2.084309802800800071e+01,3.407937545002945434e+00
2.086310374392683542e+01,4.281050226020377991e+00
2.088310945984567013e+01,4.250171399849422826e+00
2.090311517576450484e+01,4.222599223103761901e+00
2.092312089168333955e+01,4.662413667387658833e+00
2.094312660760217426e+01,4.229242436573745323e+00
2.096313232352100897e+01,3.320836663574015191e+00
2.098313803943984013e+01,3.855504456506300137e+00
2.100314375535867484e+01,4.082523650780689017e+00
2.102314947127750600e+01,4.890117075441981598e+00
2.104315518719634071e+01,3.526266631444623378e+00
2.106316090311517542e+01,4.163557419050892605e+00
2.108316661903401013e+01,4.464948534695378335e+00
2.110317233495284484e+01,3.898440409133755225e+00
2.112317805087167955e+01,4.149098651146235994e+00
2.114318376679051426e+01,4.910635543667754455e+00
2.116318948270934541e+01,3.676363357071182225e+00
2.118319519862818012e+01,4.768061329892153921e+00
2.120320091454701483e+01,4.198635621036048704e+00
2.122320663046584599e+01,4.140861481777617925e+00
2.124321234638468070e+01,3.580784514189497614e+00
2.126321806230351541e+01,4.523593167623131350e+00
2.128322377822235012e+01,4.292288004728257889e+00
2.130322949414118483e+01,4.318291881250472031e+00
2.132323521006001954e+01,4.243278154887864417e+00
2.134324092597885425e+01,4.183990348538366710e+00
2.136324664189768541e+01,4.677213624804677394e+00
2.138325235781652012e+01,4.588916298611600553e+00
2.140325807373535127e+01,4.805730854270053420e+00
2.142326378965418598e+01,4.260846498281133599e+00
2.144326950557302069e+01,5.154164762366571395e+00
2.146327522149185540e+01,4.509459203145786077e+00
2.148328093741069011e+01,5.473892905532940389e+00
2.150328665332952482e+01,4.728668588354282498e+00
2.152329236924835953e+01,5.269074844114850720e+00
2.154329808516719069e+01,5.475155666650839414e+00
2.156330380108602540e+01,5.282219335275471828e+00
2.158330951700485656e+01,5.247224137353065032e+00
2.160331523292369127e+01,4.793717759340573537e+00
2.162332094884252598e+01,5.646141999249368659e+00
2.164332666476136069e+01,6.243794665385732578e+00
2.166333238068019540e+01,5.973938720426442472e+00
2.168333809659903011e+01,6.262377719143174204e+00
2.170334381251786482e+01,6.246960440790235047e+00
2.172334952843669598e+01,6.577260285763333769e+00
2.174335524435553069e+01,6.449639983267762666e+00
2.176336096027436540e+01,6.671255068523590737e+00
2.178336667619319655e+01,6.171926178860837275e+00
2.180337239211203126e+01,6.301018750521611089e+00
2.182337810803086597e+01,6.382691706616567373e+00
2.184338382394970068e+01,7.104669184298426643e+00
2.186338953986853539e+01,6.774154159774756323e+00
2.188339525578737010e+01,7.019937090404196667e+00
2.190340097170620481e+01,7.041355811614486093e+00
2.192340668762503597e+01,7.594598520692917631e+00
2.194341240354387068e+01,6.801214244542935994e+00
2.196341811946270184e+01,8.016740556925970651e+00
2.198342383538153655e+01,7.218375252617665438e+00
2.200342955130037126e+01,7.552906132985343746e+00
2.202343526721920597e+01,7.181607037773531488e+00
2.204344098313804068e+01,7.734607498510541745e+00
2.206344669905687539e+01,8.500056290740026554e+00
2.208345241497571010e+01,7.592622752299083011e+00
2.210345813089454126e+01,7.358303244005590216e+00
2.212346384681337597e+01,7.691287305359017168e+00
2.214346956273221068e+01,7.234536976875748593e+00
2.216347527865104183e+01,8.478775816834664525e+00
2.218348099456987654e+01,7.502942496600271127e+00
2.220348671048871125e+01,7.467224305259130723e+00
2.222349242640754596e+01,7.493577871593027240e+00
2.224349814232638067e+01,7.445667381437694132e+00
2.226350385824521538e+01,8.103865600898913613e+00
2.228350957416405009e+01,7.033449146681899578e+00
2.230351529008288125e+01,7.679132902008568351e+00
2.232352100600171596e+01,7.010316247017110314e+00
2.234352672192054712e+01,6.419937257791992202e+00
2.236353243783938183e+01,6.210654875947685838e+00
2.238353815375821654e+01,6.400899198616574637e+00
2.240354386967705125e+01,5.982141987116095905e+00
2.242354958559588596e+01,5.711508083797124158e+00
2.244355530151472067e+01,5.135063924647377043e+00
2.246356101743355538e+01,4.845774176068641026e+00
2.248356673335238654e+01,5.268145936326005696e+00
2.250357244927122125e+01,4.666557381523992021e+00
2.252357816519005240e+01,4.668510231843544744e+00
2.254358388110888711e+01,5.065581768387431794e+00
2.256358959702772182e+01,3.820342959199088284e+00
2.258359531294655653e+01,4.726238008135063673e+00
2.260360102886539124e+01,3.932273337348112463e+00
2.262360674478422595e+01,4.781159288496857229e+00
2.264361246070306066e+01,4.088135926595635183e+00
2.266361817662189182e+01,4.053691999396739298e+00
2.268362389254072653e+01,4.134701191051673774e+00
2.270362960845956124e+01,4.169694019566964727e+00
2.272363532437839240e+01,4.269876182792915920e+00
2.274364104029722711e+01,4.672763871889939580e+00
2.276364675621606182e+01,4.102793759798069928e+00
2.278365247213489653e+01,3.722940060328372880e+00
2.280365818805373124e+01,4.636496239109854756e+00
2.282366390397256595e+01,4.513248498175389756e+00
2.284366961989140066e+01,4.686605072539702377e+00
2.286367533581023181e+01,4.204293344894946216e+00
2.288368105172906652e+01,5.055054893322709297e+00
2.290368676764789768e+01,4.851476462270722045e+00
2.292369248356673239e+01,4.063915989331997380e+00
2.294369819948556710e+01,3.842126699565349135e+00
2.296370391540440181e+01,3.779531482464701497e+00
2.298370963132323652e+01,3.726878716212808307e+00
2.300371534724207123e+01,3.560948385487071377e+00
2.302372106316090594e+01,3.855792047144844581e+00
2.304372677907973710e+01,4.044830357186642189e+00
2.306373249499857181e+01,4.381660436522439639e+00
2.308373821091740652e+01,3.821393365224613703e+00
2.310374392683623768e+01,3.693519458705664782e+00
2.312374964275507239e+01,4.666668518514784481e+00
2.314375535867390710e+01,4.506645074597074974e+00
2.316376107459274181e+01,4.219389527079633773e+00
2.318376679051157652e+01,3.605607328694859781e+00
2.320377250643041123e+01,4.684911234633414523e+00
2.322377822234924594e+01,4.098869760177951349e+00
2.324378393826807709e+01,4.515970881714737040e+00
2.326378965418691180e+01,3.592123708004001159e+00
2.328379537010574296e+01,4.578728498572102623e+00
2.330380108602457767e+01,4.790023798446052083e+00
2.332380680194341238e+01,4.168704191710595808e+00
2.334381251786224709e+01,3.771479417949935353e+00
2.336381823378108180e+01,4.349607572616281281e+00
2.338382394969991651e+01,4.618228777966847609e+00
2.340382966561875122e+01,4.055889261892179576e+00
2.342383538153758238e+01,4.537523911473767768e+00
2.344384109745641709e+01,4.936972606329700142e+00
2.346384681337524825e+01,4.166020026750496541e+00
2.348385252929408296e+01,4.415993930386859390e+00
2.350385824521291767e+01,4.949925008504578727e+00
2.352386396113175238e+01,4.751247503101126313e+00
2.354386967705058709e+01,4.221031389214996210e+00
2.356387539296942180e+01,5.088362126424708975e+00
2.358388110888825651e+01,4.458755479860187165e+00
2.360388682480708766e+01,3.803520831721321827e+00
2.362389254072592237e+01,4.867890455274549666e+00
2.364389825664475708e+01,5.151550473149073106e+00
2.366390397256358824e+01,3.593216895959851165e+00
2.368390968848242295e+01,4.636552271512586643e+00
2.370391540440125766e+01,3.821228340193045803e+00
2.372392112032009237e+01,4.553670215177682223e+00
2.374392683623892708e+01,4.455648699744717334e+00
2.376393255215776179e+01,4.320960798847826467e+00
2.378393826807659650e+01,4.378412457145746117e+00
2.380394398399542766e+01,3.691205479352940522e+00
2.382394969991426237e+01,4.397679080653598582e+00
2.384395541583309353e+01,3.647560793495237430e+00
2.386396113175192824e+01,4.465129218535238920e+00
2.388396684767076295e+01,3.605523907680652229e+00
2.390397256358959766e+01,4.665826627061406384e+00
2.392397827950843237e+01,3.626532374443534046e+00
2.394398399542726708e+01,4.318192958603209952e+00
2.396398971134610179e+01,4.503059750546103857e+00
2.398399542726493294e+01,3.932098123366381870e+00
2.400400114318376765e+01,3.961717283459671890e+00
2.402400685910260236e+01,4.708773747135214016e+00
2.404401257502143352e+01,4.527329432353700334e+00
2.406401829094026823e+01,4.856999527671190364e+00
2.408402400685910294e+01,3.648400783655539215e+00
2.410402972277793765e+01,4.386400789554739887e+00
2.412403543869677236e+01,4.038711398641344985e+00
2.414404115461560707e+01,4.671592081843073174e+00
2.416404687053444178e+01,4.169371691925841006e+00
2.418405258645327294e+01,4.318886623051259477e+00
2.420405830237210765e+01,4.689813202016207327e+00
2.422406401829093880e+01,4.610097971209619061e+00
2.424406973420977351e+01,4.092865036859619110e+00
2.426407545012860822e+01,4.455336334928351683e+00
2.428408116604744293e+01,4.699535636198623578e+00
2.430408688196627764e+01,4.431505183338382281e+00
2.432409259788511235e+01,5.514891420718059045e+00
2.434409831380394706e+01,4.629877226067991458e+00
2.436410402972277822e+01,4.331402623069133817e+00
2.438410974564161293e+01,4.448001168953600981e+00
2.440411546156044409e+01,4.326425959436171809e+00
2.442412117747927880e+01,4.511780383346049916e+00
2.444412689339811351e+01,4.624453268676802509e+00
2.446413260931694822e+01,4.690087647665896142e+00
2.448413832523578293e+01,5.331443585199737711e+00
2.450414404115461764e+01,4.476474202297142213e+00
2.452414975707345235e+01,4.240972646605436935e+00
2.454415547299228351e+01,5.163917954199847671e+00
2.456416118891111822e+01,4.631419750597949303e+00
2.458416690482995293e+01,5.154070304346058506e+00
2.460417262074878408e+01,4.816348390775707422e+00
2.462417833666761879e+01,5.449765154270171053e+00
2.464418405258645350e+01,5.585431400258773493e+00
2.466418976850528821e+01,5.454508373219212558e+00
2.468419548442412292e+01,5.612681143335784384e+00
2.470420120034295763e+01,4.965302314708202047e+00
2.472420691626179234e+01,5.676308667843846578e+00
2.474421263218062350e+01,5.665354171755344836e+00
2.476421834809945821e+01,6.020145692190906672e+00
2.478422406401828937e+01,5.937699115318398668e+00
2.480422977993712408e+01,6.295900718983419964e+00
2.482423549585595879e+01,6.316253886873619550e+00
2.484424121177479350e+01,6.011321589350882455e+00
2.486424692769362821e+01,6.230441448251553105e+00
2.488425264361246292e+01,6.122566091390352128e+00
2.490425835953129763e+01,5.668980222858960971e+00
2.492426407545012879e+01,6.619774402244253508e+00
2.494426979136896350e+01,5.765684144541742384e+00
2.496427550728779821e+01,6.273987440521473502e+00
2.498428122320662936e+01,6.110021514199969417e+00
2.500428693912546407e+01,6.958719026765846749e+00
2.502429265504429878e+01,6.703894846200488367e+00
2.504429837096313349e+01,7.376783407841042361e+00
2.506430408688196820e+01,7.051706966538736410e+00
2.508430980280080291e+01,7.175797670114238969e+00
2.510431551871963762e+01,7.370088621392314465e+00
2.512432123463846878e+01,7.138488970358920049e+00
2.514432695055730349e+01,8.069351933537197041e+00
2.516433266647613465e+01,7.798002918082190149e+00
2.518433838239496936e+01,8.583513321693759579e+00
2.520434409831380407e+01,8.555824175857427605e+00
2.522434981423263878e+01,9.101139866126034761e+00
2.524435553015147349e+01,8.687108431447892798e+00
2.526436124607030820e+01,9.202062303296493440e+00
2.528436696198914291e+01,8.208996907202696036e+00
2.530437267790797407e+01,8.865415128339559914e+00
2.532437839382680878e+01,9.413703804140725495e+00
2.534438410974563993e+01,8.906148637276332991e+00
2.536438982566447464e+01,9.428065414473769223e+00
2.538439554158330935e+01,8.990476436423504580e+00
2.540440125750214406e+01,8.612314555264362070e+00
2.542440697342097877e+01,9.118876517409237437e+00
2.544441268933981348e+01,8.668205960719962633e+00
2.546441840525864819e+01,8.605638098088739696e+00
2.548442412117747935e+01,8.027699175335147430e+00
2.550442983709631406e+01,8.225479000300367716e+00
2.552443555301514877e+01,8.217412258066062236e+00
2.554444126893397993e+01,8.177942080196775265e+00
2.556444698485281464e+01,7.200624889175687215e+00
2.558445270077164935e+01,6.953152121867439917e+00
2.560445841669048406e+01,7.363287579390821236e+00
2.562446413260931877e+01,6.773932355478628153e+00
2.564446984852815348e+01,7.125635446355213176e+00
2.566447556444698819e+01,5.827552568427107893e+00
2.568448128036581934e+01,6.258711807160390883e+00
2.570448699628465405e+01,5.492316047094314868e+00
2.572449271220348521e+01,6.150364748214413702e+00
2.574449842812231992e+01,5.278803408317346069e+00
2.576450414404115463e+01,4.655354522615644086e+00
2.578450985995998934e+01,5.733090276330555568e+00
2.580451557587882405e+01,5.524719811811777070e+00
2.582452129179765876e+01,5.107660893704056626e+00
2.584452700771649347e+01,4.561886605339568135e+00
2.586453272363532463e+01,4.781455397322414314e+00
2.588453843955415934e+01,4.757258345102258090e+00
2.590454415547299405e+01,4.662381920239981881e+00
2.592454987139182521e+01,4.664273119369319431e+00
2.594455558731065992e+01,4.802564148049833115e+00
2.596456130322949463e+01,5.641603476956876584e+00
2.598456701914832934e+01,4.479150833211781091e+00
2.600457273506716405e+01,4.359280777253601968e+00
2.602457845098599520e+01,4.467515339949637898e+00
2.604458416690482991e+01,4.596150404386299293e+00
2.606458988282366462e+01,4.856410434570796575e+00
2.608459559874249933e+01,4.986678533323045670e+00
2.610460131466133404e+01,5.534602790882576784e+00
2.612460703058016520e+01,4.957330911965449616e+00
2.614461274649899991e+01,4.667984803636157309e+00
2.616461846241783462e+01,5.108606488400404544e+00
2.618462417833666933e+01,4.590735932567358013e+00
2.620462989425550404e+01,4.641093046044087345e+00
2.622463561017433520e+01,5.727902011568822616e+00
2.624464132609316991e+01,4.233147775006971258e+00
2.626464704201200462e+01,5.061392283081231902e+00
2.628465275793083933e+01,5.538293169258901472e+00
2.630465847384967049e+01,5.227117563883073359e+00
2.632466418976850520e+01,4.864205081200617009e+00
2.634466990568733991e+01,5.565632062815550007e+00
2.636467562160617462e+01,5.419092609994811127e+00
2.638468133752500933e+01,5.455571136408766009e+00
2.640468705344384048e+01,3.944766387055252732e+00
2.642469276936267519e+01,4.382142345756349755e+00
2.644469848528150990e+01,4.838264412678517701e+00
2.646470420120034461e+01,4.911148255426646791e+00
2.648470991711917932e+01,4.578926303878161796e+00
2.650471563303801048e+01,4.487136831264015413e+00
2.652472134895684519e+01,5.284381458807926535e+00
2.654472706487567990e+01,4.490764040411825420e+00
2.656473278079451461e+01,5.423436948619933418e+00
2.658473849671334932e+01,4.572262355702147119e+00
2.660474421263218048e+01,4.555744518325168357e+00
2.662474992855101519e+01,5.361229503078419611e+00
2.664475564446984990e+01,4.692961306877528216e+00
2.666476136038868461e+01,4.796414253363070479e+00
2.668476707630751577e+01,5.100398163525571960e+00
2.670477279222635048e+01,4.884372851642101665e+00
2.672477850814518519e+01,4.494332435976279072e+00
2.674478422406401990e+01,4.464844506843213878e+00
2.676478993998285461e+01,5.527653860117801798e+00
2.678479565590168576e+01,4.353806410096221491e+00
2.680480137182052047e+01,5.348336097249360321e+00
2.682480708773935518e+01,5.305368209447465233e+00
2.684481280365818989e+01,4.616258667880842381e+00
2.686481851957702460e+01,4.963040668106074804e+00
2.688482423549585576e+01,5.105348654680396336e+00
2.690482995141469047e+01,5.103309438270512643e+00
2.692483566733352518e+01,4.602756713958594759e+00
2.694484138325235989e+01,4.841720267573801806e+00
2.696484709917119105e+01,5.597824155287302261e+00
2.698485281509002576e+01,5.038550144080739202e+00
2.700485853100886047e+01,4.865352464324367077e+00
2.702486424692769518e+01,5.763433106997221778e+00
2.704486996284652989e+01,5.813847017830506836e+00
2.706487567876536104e+01,4.960038417165010038e+00
2.708488139468419575e+01,4.592135313002406072e+00
2.710488711060303046e+01,5.121046326124965908e+00
2.712489282652186517e+01,5.790420645692755386e+00
2.714489854244069988e+01,5.197517206924422872e+00
2.716490425835953104e+01,4.910679964567213673e+00
2.718490997427836575e+01,4.526946445682215270e+00
2.720491569019720046e+01,4.577604900482922901e+00
2.722492140611603517e+01,4.725056880165190876e+00
2.724492712203486633e+01,5.806326042023783884e+00
2.726493283795370104e+01,5.366121775582479714e+00
2.728493855387253575e+01,5.616800355852150872e+00
2.730494426979137046e+01,4.808530584637862759e+00
2.732494998571020517e+01,5.335355236681824209e+00
2.734495570162903633e+01,4.998297257511008951e+00
2.736496141754787104e+01,5.855327191099657824e+00
2.738496713346670575e+01,6.010121276378900035e+00
2.740497284938554046e+01,5.341695649428089610e+00
2.742497856530437517e+01,5.200054155739994854e+00
2.744498428122320632e+01,5.502531344903182742e+00
2.746498999714204103e+01,4.899198637421374514e+00
2.748499571306087574e+01,5.414206701188074788e+00
2.750500142897971045e+01,4.589297904471563605e+00
2.752500714489854516e+01,5.427643923098291800e+00
2.754501286081737632e+01,5.786491889852168669e+00
2.756501857673621103e+01,5.229246723927693630e+00
2.758502429265504574e+01,5.046236527327147670e+00
2.760503000857388045e+01,5.254453575575604773e+00
2.762503572449271161e+01,4.912264123210776212e+00
2.764504144041154632e+01,4.900013126128035523e+00
2.766504715633038103e+01,5.404902559836802567e+00
2.768505287224921574e+01,6.263760673811049173e+00
2.770505858816805045e+01,5.125839859572066004e+00
2.772506430408688161e+01,5.873170805998181088e+00
2.774507002000571632e+01,6.059563818845139060e+00
2.776507573592455103e+01,6.204235784784684959e+00
2.778508145184338574e+01,6.041220588055068674e+00
2.780508716776222045e+01,6.342023363050424578e+00
2.782509288368105160e+01,5.565067950932549579e+00
2.784509859959988631e+01,6.115687223735953637e+00
2.786510431551872102e+01,5.935453825397522643e+00
2.788511003143755573e+01,6.293507746025339245e+00
2.790511574735638689e+01,5.900080299663988725e+00
2.792512146327522160e+01,6.978808446534120691e+00
2.794512717919405631e+01,6.378626885599440577e+00
2.796513289511289102e+01,6.089473687716303374e+00
2.798513861103172573e+01,7.232166442404160733e+00
2.800514432695055689e+01,6.459791247963179828e+00
2.802515004286939160e+01,6.774360794791862261e+00
2.804515575878822631e+01,7.383744581283886887e+00
2.806516147470706102e+01,6.719800800336271251e+00
2.808516719062589573e+01,7.838702615890632330e+00
2.810517290654472689e+01,7.459576419162424088e+00
2.812517862246356160e+01,8.139537048945689079e+00
2.814518433838239631e+01,7.729774771674660983e+00
2.816519005430123102e+01,8.050908012143008108e+00
2.818519577022006217e+01,8.186131668076319201e+00
2.820520148613889688e+01,9.103910888150991809e+00
2.822520720205773159e+01,9.120715962141991540e+00
2.824521291797656630e+01,8.983165370382442561e+00
2.826521863389540101e+01,8.807044028205984532e+00
2.828522434981423217e+01,9.364452327313195212e+00
2.830523006573306688e+01,1.043096698801899791e+01
2.832523578165190159e+01,1.014611847429415370e+01
2.834524149757073630e+01,1.063531103357115271e+01
2.836524721348957101e+01,1.087681565897607605e+01
2.838525292940840217e+01,1.148941850375793194e+01
2.840525864532723688e+01,1.201407071469432353e+01
2.842526436124607159e+01,1.339595796336880440e+01
2.844527007716490630e+01,1.342321028271928540e+01
2.846527579308374101e+01,1.390935734897476550e+01
2.848528150900257216e+01,1.432140647253721610e+01
2.850528722492140687e+01,1.604778714629065561e+01
2.852529294084024158e+01,1.589637175976448091e+01
2.854529865675907629e+01,1.733588560158057135e+01
2.856530437267790745e+01,1.750774123277208716e+01
2.858531008859674216e+01,1.881860346148249263e+01
2.860531580451557687e+01,1.981541732584076598e+01
2.862532152043441158e+01,2.035485850776765204e+01
2.864532723635324629e+01,2.177324953144824349e+01
2.866533295227207745e+01,2.232628077696119817e+01
2.868533866819091216e+01,2.454891288047595665e+01
2.870534438410974687e+01,2.535789623941181503e+01
2.872535010002858158e+01,2.663892911476511216e+01
2.874535581594741629e+01,2.734352522063232271e+01
2.876536153186624745e+01,2.831348762498180704e+01
2.878536724778508216e+01,3.041451896458291770e+01
2.880537296370391687e+01,3.145620418290126707e+01
2.882537867962275158e+01,3.271986031785505133e+01
2.884538439554158273e+01,3.413296146405507159e+01
2.886539011146041744e+01,3.624082871223262714e+01
2.888539582737925215e+01,3.788478274226715570e+01
2.890540154329808686e+01,3.980610676043527718e+01
2.892540725921692157e+01,4.186141786042340129e+01
2.894541297513575273e+01,4.302833346534002601e+01
2.896541869105458744e+01,4.589683499082690332e+01
2.898542440697342215e+01,4.814308741632729038e+01
2.900543012289225686e+01,4.918586485111542572e+01
2.902543583881109157e+01,5.275803924641756737e+01
2.904544155472992273e+01,5.512428124582801559e+01
2.906544727064875744e+01,5.789265723866624569e+01
2.908545298656759215e+01,5.960935852106017308e+01
2.910545870248642686e+01,6.339096694018112998e+01
2.912546441840525802e+01,6.699219827439119967e+01
2.914547013432409273e+01,6.956671192825970707e+01
2.916547585024292744e+01,7.270943424150809165e+01
2.918548156616176215e+01,7.528578429872186462e+01
2.920548728208059686e+01,7.945888761657127475e+01
2.922549299799942801e+01,8.189624068221644393e+01
2.924549871391826272e+01,8.546440504013975215e+01
2.926550442983709743e+01,8.830726037668867434e+01
2.928551014575593214e+01,8.960281253277111091e+01
2.930551586167476685e+01,9.120926128132694544e+01
2.932552157759359801e+01,9.284273685596849646e+01
2.934552729351243272e+01,9.359037712025372002e+01
2.936553300943126743e+01,9.346915882682165488e+01
2.938553872535010214e+01,9.292736171361167408e+01
2.940554444126893330e+01,9.174564785755025298e+01
2.942555015718776801e+01,8.925472709379533853e+01
2.944555587310660272e+01,8.634016494291356025e+01
2.946556158902543743e+01,8.202325150149968636e+01
2.948556730494427214e+01,7.801647938140908423e+01
2.950557302086310330e+01,7.334899145983500546e+01
2.952557873678193801e+01,6.938396911245925480e+01
2.954558445270077272e+01,6.409426460488352006e+01
2.956559016861960743e+01,5.879130338190595495e+01
2.958559588453844214e+01,5.427540124224010754e+01
2.960560160045727329e+01,4.968736854974336836e+01
2.962560731637610800e+01,4.594725604239732775e+01
2.964561303229494271e+01,4.245027272414313302e+01
2.966561874821377742e+01,3.977476320150427114e+01
2.968562446413261213e+01,3.657644734578205714e+01
2.970563018005144329e+01,3.462225620788369440e+01
2.972563589597027800e+01,3.350967872185709950e+01
2.974564161188911271e+01,3.293724675117681500e+01
2.976564732780794742e+01,3.293763134173862994e+01
2.978565304372677858e+01,3.259651846914292861e+01
2.980565875964561329e+01,3.250931819954935520e+01
2.982566447556444800e+01,3.404661787209040824e+01
2.984567019148328271e+01,3.448186155692300048e+01
2.986567590740211742e+01,3.522425925282683323e+01
2.988568162332094857e+01,3.754116852430279039e+01
2.990568733923978328e+01,3.852011556100918455e+01
2.992569305515861799e+01,4.026713859929557771e+01
2.994569877107745270e+01,4.187600488113149311e+01
2.996570448699628741e+01,4.469080494805395176e+01
2.998571020291511857e+01,4.712783782499778340e+01
3.000571591883395328e+01,4.886160555170484088e+01
3.002572163475278799e+01,5.249214356510246660e+01
3.004572735067162270e+01,5.424117208501877485e+01
3.006573306659045386e+01,5.815227628160810980e+01
3.008573878250928857e+01,6.026573681697591667e+01
3.010574449842812328e+01,6.327521750830483427e+01
3.012575021434695799e+01,6.722190247262368246e+01
3.014575593026579270e+01,7.020092345550348512e+01
3.016576164618462386e+01,7.287152278404909111e+01
3.018576736210345857e+01,7.684428625999603923e+01
3.020577307802229328e+01,7.969833206169781192e+01
3.022577879394112799e+01,8.327943820041761569e+01
3.024578450985996270e+01,8.662182178403593014e+01
3.026579022577879385e+01,8.870747620642771381e+01
3.028579594169762856e+01,9.113138510705198314e+01
3.030580165761646327e+01,9.330846885596508855e+01
3.032580737353529798e+01,9.483954769360076398e+01
3.034581308945412914e+01,9.467792965604870403e+01
3.036581880537296385e+01,9.478864801925200823e+01
3.038582452129179856e+01,9.353096408884496782e+01
3.040583023721063327e+01,9.128828414314602924e+01
3.042583595312946798e+01,8.946588948524842522e+01
3.044584166904829914e+01,8.579210722340130246e+01
3.046584738496713385e+01,8.159572387484899991e+01
3.048585310088596856e+01,7.724384656971052721e+01
3.050585881680480327e+01,7.110396627006198855e+01
3.052586453272363798e+01,6.552027114486362791e+01
3.054587024864246914e+01,5.938822480402018300e+01
3.056587596456130385e+01,5.466866988295335261e+01
3.058588168048013856e+01,4.819941430216101708e+01
3.060588739639897327e+01,4.364665372486494732e+01
3.062589311231780798e+01,3.862139758110699006e+01
3.064589882823663913e+01,3.393013331731324200e+01
3.066590454415547384e+01,2.929884217478132769e+01
3.068591026007430855e+01,2.641469877714734338e+01
3.070591597599314326e+01,2.294475230921972297e+01
3.072592169191197442e+01,2.067893349992140628e+01
3.074592740783080913e+01,1.901560234007362737e+01
3.076593312374964384e+01,1.686151202861838172e+01
3.078593883966847855e+01,1.462334928233619458e+01
3.080594455558731326e+01,1.435505725049030445e+01
3.082595027150614442e+01,1.340018074519113078e+01
3.084595598742497913e+01,1.183770500664420133e+01
3.086596170334381384e+01,1.122767858970547117e+01
3.088596741926264855e+01,1.139281164337333330e+01
3.090597313518148326e+01,1.025498163321389988e+01
3.092597885110031442e+01,1.013036589440765844e+01
3.094598456701914913e+01,9.273465121418777102e+00
3.096599028293798384e+01,9.133882824212118834e+00
3.098599599885681855e+01,8.572407938396082727e+00
3.100600171477564970e+01,8.860492261909918454e+00
3.102600743069448441e+01,9.003978066397516855e+00
3.104601314661331912e+01,8.659277911258682181e+00
3.106601886253215383e+01,8.290477444002226193e+00
3.108602457845098854e+01,8.409905628633811858e+00
3.110603029436981970e+01,8.326556641785510138e+00
3.112603601028865441e+01,7.859363794093887634e+00
3.114604172620748912e+01,8.112256472214193437e+00
3.116604744212632383e+01,7.565391688660167979e+00
3.118605315804515854e+01,7.492025875009607816e+00
3.120605887396398970e+01,7.146983781109502942e+00
3.122606458988282441e+01,7.438854773872135340e+00
3.124607030580165912e+01,7.534171298098838676e+00
3.126607602172049383e+01,7.551627941580487224e+00
3.128608173763932498e+01,7.313850341898525897e+00
3.130608745355815969e+01,6.585109391612227192e+00
3.132609316947699440e+01,7.192044736702900565e+00
3.134609888539582911e+01,7.792256888605058940e+00
3.136610460131466382e+01,6.654772396520384881e+00
3.138611031723349498e+01,7.652632985809288968e+00
3.140611603315232969e+01,7.379937781736749081e+00
3.142612174907116440e+01,7.559597698650737385e+00
3.144612746498999911e+01,7.489560754420703681e+00
3.146613318090883382e+01,7.383468347095053730e+00
3.148613889682766498e+01,7.314148536023051150e+00
3.150614461274649969e+01,7.193408402325054851e+00
3.152615032866533440e+01,7.346452223373512780e+00
3.154615604458416911e+01,7.679147589275422625e+00
3.156616176050300382e+01,7.633699392133447503e+00
3.158616747642183498e+01,7.946350119471009776e+00
3.160617319234066969e+01,7.645591675064876469e+00
3.162617890825950440e+01,8.173757358091089387e+00
3.164618462417833911e+01,7.734292284768676140e+00
3.166619034009717026e+01,8.573340158367262376e+00
3.168619605601600497e+01,8.830850102828151194e+00
3.170620177193483968e+01,8.698828636609537313e+00
3.172620748785367439e+01,8.112507416287556339e+00
3.174621320377250910e+01,8.773640632264028127e+00
3.176621891969134026e+01,8.567388541732576357e+00
3.178622463561017497e+01,8.112350344867030216e+00
3.180623035152900968e+01,9.211573475301351621e+00
3.182623606744784439e+01,8.086025811262780749e+00
3.184624178336667910e+01,8.692568737829319048e+00
3.186624749928551026e+01,8.456476536918046349e+00
3.188625321520434497e+01,7.866268627944948300e+00
3.190625893112317968e+01,8.828446480397218465e+00
3.192626464704201439e+01,8.627912999697466390e+00
3.194627036296084555e+01,8.416740957734486273e+00
3.196627607887968026e+01,8.771340626922414785e+00
3.198628179479851497e+01,8.325321112183885930e+00
3.200628751071734968e+01,7.545375288777162126e+00
3.202629322663618439e+01,7.936083926304478453e+00
3.204629894255501199e+01,7.212709900838348176e+00
3.206630465847385381e+01,8.025098595462443640e+00
3.208631037439268141e+01,6.301599499152644057e+00
3.210631609031152323e+01,5.957363385748070783e+00
3.212632180623035083e+01,5.936116986729022216e+00
3.214632752214918554e+01,6.011886684199539310e+00
3.216633323806802025e+01,6.377077398510605732e+00
3.218633895398685496e+01,6.365362779338569865e+00
3.220634466990568967e+01,5.446803532689596494e+00
3.222635038582451728e+01,6.279902443800738254e+00
3.224635610174335909e+01,6.489467238855369580e+00
3.226636181766218670e+01,6.303946225513790580e+00
3.228636753358102851e+01,6.332827718703500253e+00
3.230637324949985612e+01,6.649793090763205683e+00
3.232637896541869083e+01,6.151376502475615737e+00
3.234638468133752554e+01,6.285597061397338869e+00
3.236639039725636025e+01,5.848372425447927014e+00
3.238639611317519496e+01,5.376089451556397947e+00
3.240640182909402967e+01,5.515134715329278237e+00
3.242640754501286438e+01,6.093812760534111916e+00
3.244641326093169198e+01,5.343217963129067272e+00
3.246641897685053380e+01,6.022717821336333266e+00
3.248642469276936140e+01,5.437875641399848803e+00
3.250643040868819611e+01,5.314245571288445547e+00
3.252643612460703082e+01,6.503679674261034549e+00
3.254644184052586553e+01,5.529312752695055622e+00
3.256644755644470024e+01,5.130118749509781750e+00
3.258645327236353495e+01,5.219025040884417876e+00
3.260645898828236966e+01,5.365348552068677890e+00
3.262646470420119726e+01,5.540503020445488147e+00
3.264647042012003908e+01,5.520376950441919561e+00
3.266647613603886668e+01,5.228188847439186659e+00
3.268648185195770850e+01,6.346501878675280039e+00
3.270648756787653610e+01,5.725467054408792222e+00
3.272649328379537081e+01,5.762953268788749028e+00
3.274649899971420552e+01,5.872641368556136499e+00
3.276650471563304023e+01,5.817765160596387375e+00
3.278651043155187494e+01,6.160483225875329261e+00
3.280651614747070255e+01,5.662296733305256069e+00
3.282652186338954436e+01,5.617098321976101261e+00
3.284652757930837197e+01,6.149164071309121127e+00
3.286653329522721378e+01,6.355138172075077918e+00
3.288653901114604139e+01,5.683932081254394753e+00
3.290654472706487610e+01,6.196727082225305772e+00
3.292655044298371081e+01,6.098943697059675983e+00
3.294655615890254552e+01,5.681031709194054535e+00
3.296656187482138023e+01,5.785108826199836685e+00
3.298656759074020783e+01,5.016763507635189967e+00
3.300657330665904965e+01,5.486536032704281141e+00
3.302657902257787725e+01,5.992905516120459630e+00
3.304658473849671907e+01,5.732457231681939547e+00
3.306659045441554667e+01,5.724221045747341918e+00
3.308659617033438138e+01,6.054197689749605260e+00
3.310660188625321609e+01,5.176526950658718818e+00
3.312660760217205080e+01,5.600651045597597744e+00
3.314661331809088551e+01,5.584365328085629798e+00
3.316661903400971312e+01,6.143228387045990502e+00
3.318662474992855493e+01,6.541769366985858980e+00
3.320663046584738254e+01,5.927991934551115172e+00
3.322663618176622435e+01,5.615574850923934491e+00
3.324664189768505196e+01,6.471031614030567702e+00
3.326664761360388667e+01,6.104242508102057485e+00
3.328665332952272138e+01,5.989214498761603167e+00
3.330665904544155609e+01,6.912079840206263093e+00
3.332666476136039080e+01,6.607275107977271134e+00
3.334667047727922551e+01,6.162877870739011499e+00
3.336667619319806022e+01,6.435096692897985804e+00
3.338668190911688782e+01,6.121116659230116497e+00
3.340668762503572964e+01,6.085593373632491421e+00
3.342669334095455724e+01,7.030530557633363209e+00
3.344669905687339195e+01,5.846248816513491597e+00
3.346670477279222666e+01,6.189754295016665964e+00
3.348671048871106137e+01,6.527353773528044911e+00
3.350671620462989608e+01,6.568006025793234670e+00
3.352672192054873079e+01,6.530987866094220884e+00
3.354672763646756550e+01,6.504626972957843201e+00
3.356673335238639311e+01,6.396282025089663037e+00
3.358673906830523492e+01,6.734985091283365755e+00
3.360674478422406253e+01,7.264011950456794153e+00
3.362675050014290434e+01,6.972777804556645975e+00
3.364675621606173195e+01,7.498012887327172749e+00
3.366676193198056666e+01,7.120824192116753437e+00
3.368676764789940137e+01,8.323517942514991219e+00
3.370677336381823608e+01,7.701485668923593764e+00
3.372677907973707079e+01,9.121484748391438302e+00
3.374678479565589839e+01,8.960268970770428609e+00
3.376679051157474021e+01,8.878979501316042189e+00
3.378679622749356781e+01,9.829052738227517239e+00
3.380680194341240963e+01,1.076602608175077336e+01
3.382680765933123723e+01,1.040561877699567361e+01
3.384681337525007194e+01,1.073297877491384433e+01
3.386681909116890665e+01,1.223964709755265190e+01
3.388682480708774136e+01,1.181286669180448357e+01
3.390683052300657607e+01,1.363889993713582882e+01
3.392683623892540368e+01,1.398722146165803260e+01
3.394684195484424549e+01,1.448317551420152505e+01
3.396684767076307310e+01,1.577564291691550125e+01
3.398685338668191491e+01,1.581641229304249485e+01
3.400685910260074252e+01,1.696841115341972994e+01
3.402686481851957723e+01,1.826692512470454943e+01
3.404687053443841194e+01,1.980410350351940352e+01
3.406687625035724665e+01,2.078446887869086623e+01
3.408688196627608136e+01,2.110083474873569997e+01
3.410688768219490896e+01,2.268141222344806707e+01
3.412689339811375078e+01,2.368857220676068209e+01
3.414689911403257838e+01,2.574812996838558377e+01
3.416690482995142020e+01,2.666469982018172402e+01
3.418691054587024780e+01,2.801025672495859808e+01
3.420691626178908251e+01,3.015786711535723441e+01
3.422692197770791722e+01,3.169687083713351683e+01
3.424692769362675193e+01,3.355156496547135703e+01
3.426693340954558664e+01,3.527678375347882422e+01
3.428693912546442135e+01,3.560209423294541153e+01
3.430694484138325606e+01,3.684557080750980163e+01
3.432695055730208367e+01,3.781955474577844711e+01
3.434695627322092548e+01,3.914092399513669562e+01
3.436696198913975309e+01,4.017809538300600991e+01
3.438696770505858780e+01,4.067303010312251388e+01
3.440697342097742251e+01,4.180577988371927489e+01
3.442697913689625722e+01,4.188855202169653325e+01
3.444698485281509193e+01,4.165253701346698278e+01
3.446699056873392664e+01,4.238293376070538443e+01
3.448699628465276135e+01,4.131285923762254697e+01
3.450700200057158895e+01,4.215308442621585527e+01
3.452700771649043077e+01,4.244166659595084923e+01
3.454701343240925837e+01,4.182156846229414526e+01
3.456701914832810019e+01,4.135332754176653935e+01
3.458702486424692779e+01,4.227312866943758252e+01
3.460703058016576250e+01,4.223583944479773322e+01
3.462703629608459721e+01,4.259602239358117259e+01
3.464704201200343192e+01,4.334623145552214396e+01
3.466704772792226663e+01,4.293581227629286445e+01
3.468705344384109424e+01,4.312009698506767563e+01
3.470705915975993605e+01,4.302359269890732207e+01
3.472706487567876366e+01,4.297105850834033447e+01
3.474707059159760547e+01,4.258936860004885716e+01
3.476707630751643308e+01,4.110906058233457827e+01
3.478708202343526779e+01,4.045036781140046855e+01
3.480708773935410250e+01,3.881381478684542685e+01
3.482709345527293721e+01,3.705288150008824744e+01
3.484709917119177192e+01,3.561253049712447449e+01
3.486710488711059952e+01,3.364271626314361185e+01
3.488711060302944134e+01,3.080993909224342175e+01
3.490711631894826894e+01,2.885128906878125932e+01
3.492712203486711076e+01,2.742463644778596432e+01
3.494712775078593836e+01,2.465314908883535594e+01
3.496713346670477307e+01,2.221555436913698500e+01
3.498713918262360778e+01,2.041633159030225286e+01
3.500714489854244249e+01,1.888144127246238213e+01
3.502715061446127720e+01,1.664908858728230001e+01
3.504715633038010481e+01,1.558661414999651029e+01
3.506716204629894662e+01,1.340566557130475012e+01
3.508716776221777423e+01,1.281228598001342434e+01
3.510717347813661604e+01,1.195821452053230693e+01
3.512717919405544365e+01,1.102785786223231312e+01
3.514718490997427836e+01,1.009469154091483745e+01
3.516719062589311307e+01,1.017571544553723228e+01
3.518719634181194778e+01,9.320480890059222645e+00
3.520720205773078249e+01,9.002760295394956813e+00
3.522720777364961720e+01,8.998099970079898924e+00
3.524721348956845191e+01,9.063303801642891955e+00
3.526721920548727951e+01,8.311642324528651926e+00
3.528722492140612133e+01,8.528527926846507512e+00
3.530723063732494893e+01,7.860902397838303912e+00
3.532723635324378364e+01,7.680018856349615675e+00
3.534724206916261835e+01,8.273939938046058984e+00
3.536724778508145306e+01,7.648113751215992018e+00
3.538725350100028777e+01,7.604697318772954517e+00
3.540725921691912248e+01,8.037287984635984373e+00
3.542726493283795719e+01,7.435757752740222770e+00
3.544727064875678479e+01,8.551308917789532060e+00
3.546727636467562661e+01,7.527065622564974134e+00
3.548728208059445421e+01,8.162109889212910474e+00
3.550728779651329603e+01,7.833740387436767705e+00
3.552729351243212363e+01,7.494203417490876262e+00
3.554729922835095834e+01,8.081174821560782817e+00
3.556730494426979305e+01,8.976902228418571994e+00
3.558731066018862776e+01,8.844857896325875046e+00
3.560731637610746247e+01,7.920377037342856141e+00
3.562732209202629008e+01,8.285841568512207544e+00
3.564732780794513189e+01,8.060459343800733478e+00
3.566733352386395950e+01,8.784451555586056060e+00
3.568733923978280131e+01,7.831891273773345041e+00
3.570734495570162892e+01,8.465365440148755027e+00
3.572735067162046363e+01,7.895235989761941298e+00
3.574735638753929834e+01,8.592574894882691439e+00
3.576736210345813305e+01,8.758423040207793164e+00
3.578736781937696776e+01,7.657993774284121535e+00
3.580737353529579536e+01,8.272911573386785733e+00
3.582737925121463718e+01,8.626629610418698135e+00
3.584738496713346478e+01,8.733514884014130786e+00
3.586739068305230660e+01,8.339621309389849912e+00
3.588739639897113420e+01,8.171681828817771276e+00
3.590740211488996891e+01,8.347720533915031993e+00
3.592740783080880362e+01,7.437036904025320361e+00
3.594741354672763833e+01,7.484390926658051058e+00
3.596741926264647304e+01,7.996782590588098927e+00
3.598742497856530065e+01,7.388220459505072668e+00
3.600743069448414246e+01,7.571561695557136318e+00
3.602743641040297007e+01,7.709765278174378622e+00
3.604744212632181188e+01,7.480206354848379924e+00
3.606744784224063949e+01,7.733465838349477650e+00
3.608745355815947420e+01,7.659884734092370806e+00
3.610745927407830891e+01,7.518057093141972125e+00
3.612746498999714362e+01,7.723467447950563169e+00
3.614747070591597833e+01,7.417700381113393249e+00
3.616747642183481304e+01,6.733150786888659312e+00
3.618748213775364775e+01,6.893589950013324419e+00
3.620748785367247535e+01,7.030585200562590842e+00
3.622749356959131717e+01,6.643485858153752588e+00
3.624749928551014477e+01,5.983973311817912588e+00
3.626750500142897948e+01,6.432359513236464821e+00
3.628751071734781419e+01,6.163778595659175075e+00
3.630751643326664890e+01,5.916806350925902791e+00
3.632752214918548361e+01,6.437299977878254253e+00
3.634752786510431832e+01,5.929018718506366525e+00
3.636753358102315303e+01,5.865364665436628044e+00
3.638753929694198064e+01,6.166189094291016914e+00
3.640754501286082245e+01,5.287154783180051609e+00
3.642755072877965006e+01,5.269751361043255145e+00
3.644755644469849187e+01,5.489197847099209326e+00
3.646756216061731948e+01,5.136720847249776511e+00
3.648756787653615419e+01,6.201830761892343169e+00
3.650757359245498890e+01,5.254544714211887069e+00
3.652757930837382361e+01,5.825627589520203209e+00
3.654758502429265832e+01,5.712527863722257848e+00
3.656759074021148592e+01,6.162063515102955691e+00
3.658759645613032774e+01,5.916942927625754578e+00
3.660760217204915534e+01,5.858003995842334000e+00
3.662760788796799716e+01,5.862116220784368892e+00
3.664761360388682476e+01,5.649458572545201562e+00
3.666761931980565947e+01,5.295634706285371252e+00
3.668762503572449418e+01,5.428991981231310326e+00
3.670763075164332889e+01,5.593140549578985876e+00
3.672763646756216360e+01,5.786339892593357348e+00
3.674764218348099121e+01,5.439684443409920078e+00
3.676764789939983302e+01,5.628478688788000284e+00
3.678765361531866063e+01,5.366038954841308772e+00
3.680765933123750244e+01,6.042129844570736097e+00
3.682766504715633005e+01,5.229732901350136132e+00
3.684767076307516476e+01,6.330112461886161057e+00
3.686767647899399947e+01,5.927187323733566160e+00
3.688768219491283418e+01,5.644187534096270831e+00
3.690768791083166889e+01,6.154759713266968468e+00
3.692769362675049649e+01,5.137510039306738996e+00
3.694769934266933831e+01,5.839645497571220645e+00
3.696770505858816591e+01,5.376324340713281913e+00
3.698771077450700773e+01,6.307574506501417488e+00
3.700771649042583533e+01,5.327504456902855345e+00
3.702772220634467004e+01,5.619792967584879229e+00
3.704772792226350475e+01,6.160630303620793669e+00
3.706773363818233946e+01,5.603732397966415313e+00
3.708773935410117417e+01,5.358542716636392811e+00
3.710774507002000888e+01,5.937660706694133594e+00
3.712775078593884359e+01,4.857885277373101829e+00
3.714775650185767120e+01,6.177851053245705160e+00
3.716776221777651301e+01,5.098259856911820265e+00
3.718776793369534062e+01,6.082019900046198302e+00
3.720777364961417533e+01,5.282717629184594088e+00
3.722777936553301004e+01,5.427817036178981702e+00
3.724778508145184475e+01,5.625014112708277558e+00
3.726779079737067946e+01,6.002716266692491587e+00
3.728779651328951417e+01,5.104459592282039715e+00
3.730780222920834888e+01,5.271649884947720466e+00
3.732780794512717648e+01,5.653093185458996750e+00
3.734781366104601830e+01,5.701484029327020586e+00
3.736781937696484590e+01,5.336075762664332700e+00
3.738782509288368772e+01,5.420084371972756720e+00
3.740783080880251532e+01,5.649348999793547321e+00
3.742783652472135003e+01,6.409417335998608856e+00
3.744784224064018474e+01,5.919344455417290263e+00
3.746784795655901945e+01,5.562462341385779219e+00
3.748785367247785416e+01,6.025958918381604690e+00
3.750785938839668177e+01,6.526722489062550814e+00
3.752786510431552358e+01,5.432205294736133006e+00
3.754787082023435119e+01,5.623069384022029382e+00
3.756787653615319300e+01,5.679097869566531287e+00
3.758788225207202061e+01,6.042139864293817553e+00
3.760788796799085532e+01,5.515300779365749584e+00
3.762789368390969003e+01,6.447628818392555416e+00
3.764789939982852474e+01,6.538118939469065083e+00
3.766790511574735945e+01,5.711396695577235505e+00
3.768791083166618705e+01,5.858214073157542501e+00
3.770791654758502887e+01,5.890046213586151325e+00
3.772792226350385647e+01,5.732101227191765958e+00
3.774792797942269829e+01,5.838494590361205994e+00
3.776793369534152589e+01,5.491356282623373275e+00
3.778793941126036060e+01,5.622996642044780558e+00
3.780794512717919531e+01,6.199595355845938904e+00
3.782795084309803002e+01,6.639804252422234043e+00
3.784795655901686473e+01,6.134330914084575426e+00
3.786796227493569234e+01,5.865431899316840614e+00
3.788796799085453415e+01,6.123660960578151347e+00
3.790797370677336176e+01,6.148508201527716821e+00
3.792797942269220357e+01,6.085445021066219873e+00
3.794798513861103118e+01,6.873169060080096315e+00
3.796799085452986589e+01,5.952913781417336736e+00
3.798799657044870060e+01,6.463975386198487882e+00
3.800800228636753531e+01,5.870193218396501322e+00
3.802800800228637002e+01,6.177632321997801768e+00
3.804801371820520473e+01,6.692622966091199999e+00
3.806801943412403944e+01,6.271982360276448176e+00
3.808802515004286704e+01,5.559583692232006769e+00
3.810803086596170886e+01,6.297852516279503376e+00
3.812803658188053646e+01,6.091781942101567537e+00
3.814804229779937117e+01,5.785871011736771763e+00
3.816804801371820588e+01,5.450617557448651951e+00
3.818805372963704059e+01,5.893793850961281500e+00
3.820805944555587530e+01,6.449356219257429856e+00
3.822806516147471001e+01,5.964649066837128366e+00
3.824807087739354472e+01,6.628031061673123503e+00
3.826807659331237232e+01,5.904347020787716005e+00
3.828808230923121414e+01,6.223909678031833259e+00
3.830808802515004174e+01,6.016747752600956289e+00
3.832809374106888356e+01,6.580889655871034805e+00
3.834809945698771116e+01,6.542296950445096293e+00
3.836810517290654587e+01,6.166114947469760743e+00
3.838811088882538058e+01,6.842774272105735633e+00
3.840811660474421529e+01,6.867389513437263560e+00
3.842812232066305000e+01,6.016635034020964667e+00
3.844812803658187761e+01,6.619639047698738565e+00
3.846813375250071942e+01,7.235863445711829378e+00
3.848813946841954703e+01,5.912738775410682379e+00
3.850814518433838884e+01,6.461472667192313502e+00
3.852815090025721645e+01,7.271288592732950917e+00
3.854815661617605116e+01,6.267816184878050478e+00
3.856816233209488587e+01,5.770607238987279786e+00
3.858816804801372058e+01,6.566121926840150280e+00
3.860817376393255529e+01,6.732860057029492751e+00
3.862817947985138289e+01,7.022628339937888597e+00
3.864818519577022471e+01,7.030657418789900248e+00
3.866819091168905231e+01,6.938966523200198466e+00
3.868819662760789413e+01,6.125396990675094244e+00
3.870820234352672173e+01,5.964366100115714886e+00
3.872820805944555644e+01,5.693341707782769490e+00
3.874821377536439115e+01,5.811507279295257788e+00
3.876821949128322586e+01,5.963541642721621905e+00
3.878822520720206057e+01,5.502361945981784075e+00
3.880823092312088818e+01,5.849409487896714666e+00
3.882823663903972999e+01,5.125082933477715486e+00
3.884824235495855760e+01,5.860883268548922942e+00
3.886824807087739941e+01,6.174626590572687590e+00
3.888825378679622702e+01,5.212141501830590329e+00
3.890825950271506173e+01,5.760251919657553898e+00
3.892826521863389644e+01,6.004374387743291130e+00
3.894827093455273115e+01,5.487114895723208541e+00
3.896827665047156586e+01,5.456391653940637632e+00
3.898828236639040057e+01,6.112167664374056564e+00
3.900828808230923528e+01,5.828751524800819261e+00
3.902829379822806288e+01,6.018889142708601092e+00
3.904829951414690470e+01,6.453645100814899394e+00
3.906830523006573230e+01,5.248617672913141519e+00
3.908831094598456701e+01,5.771244083325564489e+00
3.910831666190340172e+01,5.622063510217509830e+00
3.912832237782223643e+01,6.152291538486574396e+00
3.914832809374107114e+01,6.104619401289471448e+00
3.916833380965990585e+01,6.036032082258380171e+00
3.918833952557874056e+01,6.542785649913517076e+00
3.920834524149756817e+01,5.898337509962395586e+00
3.922835095741640998e+01,5.791992552769478664e+00
3.924835667333523759e+01,5.897607194749600268e+00
3.926836238925407940e+01,5.924664597096249707e+00
3.928836810517290701e+01,6.495965923551819898e+00
3.930837382109174172e+01,5.675518889373330822e+00
3.932837953701057643e+01,6.980470228065762228e+00
3.934838525292941114e+01,6.966767710158523919e+00
3.936839096884824585e+01,6.628666941897609632e+00
3.938839668476707345e+01,6.158606826854999383e+00
3.940840240068591527e+01,7.070310031981635213e+00
3.942840811660474287e+01,6.413305521083710659e+00
3.944841383252358469e+01,6.803170885472831664e+00
3.946841954844241229e+01,6.319928967876903947e+00
3.948842526436124700e+01,6.649553215088966240e+00
3.950843098028008171e+01,6.859085596888807146e+00
3.952843669619891642e+01,6.493982146385802956e+00
3.954844241211775113e+01,6.803955293001164861e+00
3.956844812803657874e+01,6.191896849775799794e+00
3.958845384395542055e+01,6.661474481390560420e+00
3.960845955987424816e+01,6.726082188750453383e+00
3.962846527579308997e+01,6.363021762934566894e+00
3.964847099171191758e+01,6.995485383512630051e+00
3.966847670763075229e+01,6.344659185237242482e+00
3.968848242354958700e+01,6.632437780953326367e+00
3.970848813946842171e+01,6.560037553785534215e+00
3.972849385538725642e+01,6.468603487388367768e+00
3.974849957130608402e+01,6.694724958196635711e+00
3.976850528722492584e+01,5.974167647410880022e+00
3.978851100314375344e+01,6.545032582618468098e+00
3.980851671906259526e+01,6.336533001565680223e+00
3.982852243498142286e+01,5.532222979355180037e+00
3.984852815090025757e+01,6.372632321738654682e+00
3.986853386681909228e+01,5.777723265507688666e+00
3.988853958273792699e+01,6.084117498835285076e+00
3.990854529865676170e+01,6.130017278925247837e+00
3.992855101457559641e+01,4.971638534579694735e+00
3.994855673049443112e+01,5.152524230758734447e+00
3.996856244641325873e+01,6.263832391942619537e+00
3.998856816233210054e+01,5.579830274735172679e+00
4.000857387825092815e+01,5.315496394319871420e+00
4.002857959416976286e+01,6.080329626913908214e+00
4.004858531008859757e+01,5.132113991239791062e+00
4.006859102600743228e+01,5.269520846592804730e+00
4.008859674192626699e+01,4.865215466288888457e+00
4.010860245784510170e+01,5.114894620920699353e+00
4.012860817376393641e+01,5.453073986336297807e+00
4.014861388968276401e+01,5.979945989683651320e+00
4.016861960560160583e+01,6.156325271986682779e+00
4.018862532152043343e+01,5.996281663054975120e+00
4.020863103743927525e+01,5.825089497935339367e+00
4.022863675335810285e+01,6.088559709851043777e+00
4.024864246927693756e+01,5.617100797343050012e+00
4.026864818519577227e+01,5.859972296914403245e+00
4.028865390111460698e+01,5.378050829001124633e+00
4.030865961703344169e+01,5.592137912954360246e+00
4.032866533295226930e+01,5.794839765339375504e+00
4.034867104887111111e+01,5.166859395577420244e+00
4.036867676478993872e+01,5.472225123729043794e+00
4.038868248070878053e+01,6.045072604886949641e+00
4.040868819662760814e+01,5.856411950137767164e+00
4.042869391254644285e+01,5.203373645105112466e+00
4.044869962846527756e+01,5.054434630003214579e+00
4.046870534438411227e+01,4.937768169791233674e+00
4.048871106030294698e+01,4.993566741699622114e+00
4.050871677622177458e+01,5.916358089536069897e+00
4.052872249214061640e+01,5.567095773347128684e+00
4.054872820805944400e+01,6.021981097183303433e+00
4.056873392397828582e+01,5.666977820574588876e+00
4.058873963989711342e+01,5.183663277289765503e+00
4.060874535581594813e+01,5.140401896323101738e+00
4.062875107173478284e+01,5.031234287043675479e+00
4.064875678765361755e+01,5.191085057324049679e+00
4.066876250357245226e+01,6.002509980602781070e+00
4.068876821949127986e+01,5.220619292868709849e+00
4.070877393541012168e+01,5.565993222058995826e+00
4.072877965132894929e+01,5.301097359678936805e+00
4.074878536724779110e+01,5.712647013163014265e+00
4.076879108316661871e+01,5.129606694734957451e+00
4.078879679908545342e+01,5.300745339339902884e+00
4.080880251500428813e+01,5.210486725590258494e+00
4.082880823092312284e+01,5.883096828557916602e+00
4.084881394684195755e+01,5.491064752997424137e+00
4.086881966276079226e+01,5.944959012149590549e+00
4.088882537867962697e+01,5.817844458759274140e+00
4.090883109459845457e+01,5.577986903338043589e+00
4.092883681051729639e+01,5.228811937235739116e+00
4.094884252643612399e+01,5.728591952856822545e+00
4.096884824235495870e+01,5.531192442182694791e+00
4.098885395827379341e+01,4.878573313607662776e+00
4.100885967419262812e+01,5.882750538937578710e+00
4.102886539011146283e+01,5.178315719455041766e+00
4.104887110603029754e+01,5.825054867224638500e+00
4.106887682194913225e+01,5.192126533172547909e+00
4.108888253786795985e+01,5.376268788449893421e+00
4.110888825378680167e+01,6.388224317925239149e+00
4.112889396970562927e+01,5.626490569912451889e+00
4.114889968562447109e+01,5.562463781064855617e+00
4.116890540154329869e+01,4.735653812389680972e+00
4.118891111746213340e+01,5.363315641611777096e+00
4.120891683338096811e+01,5.789294980743363794e+00
4.122892254929980282e+01,5.704042103737002378e+00
4.124892826521863753e+01,5.788377238753392717e+00
4.126893398113746514e+01,6.098195146324515648e+00
4.128893969705630695e+01,5.674564005868198535e+00
4.130894541297513456e+01,5.799700765503644107e+00
4.132895112889397637e+01,5.257115331857514562e+00
4.134895684481280398e+01,5.659889753609919083e+00
4.136896256073163869e+01,5.804102289802742121e+00
4.138896827665047340e+01,5.704671385635760927e+00
4.140897399256930811e+01,6.060620143541804339e+00
4.142897970848814282e+01,6.281197932089517266e+00
4.144898542440697042e+01,5.361510098912606992e+00
4.146899114032581224e+01,5.427280355875130802e+00
4.148899685624463984e+01,5.866895838922266293e+00
4.150900257216348166e+01,5.612190385624495015e+00
4.152900828808230926e+01,5.959994579850818930e+00
4.154901400400114397e+01,5.210722139632849803e+00
4.156901971991997868e+01,6.019181928664783854e+00
4.158902543583881339e+01,6.127294620627250055e+00
4.160903115175764810e+01,5.345596061948171496e+00
4.162903686767647571e+01,6.062766635936618798e+00
4.164904258359531752e+01,5.667142197337947884e+00
4.166904829951414513e+01,6.603007048428135128e+00
4.168905401543298694e+01,6.144849841951268488e+00
4.170905973135181455e+01,5.548623804709560403e+00
4.172906544727064926e+01,6.489431058404193209e+00
4.174907116318948397e+01,5.576075899833281113e+00
4.176907687910831868e+01,6.596565663908753763e+00
4.178908259502715339e+01,6.273857251878334651e+00
4.180908831094598810e+01,5.962129682369323724e+00
4.182909402686482281e+01,6.989398303997624851e+00
4.184909974278365041e+01,7.068061038540008667e+00
4.186910545870249223e+01,7.559797169819731266e+00
4.188911117462131983e+01,7.391117366177366144e+00
4.190911689054015454e+01,7.193327175868414969e+00
4.192912260645898925e+01,7.364930914120714434e+00
4.194912832237782396e+01,7.750046770757834658e+00
4.196913403829665867e+01,7.848492758836998817e+00
4.198913975421549338e+01,8.227799463663947321e+00
4.200914547013432809e+01,8.786563212886786545e+00
4.202915118605316280e+01,8.175464489709691307e+00
4.204915690197199041e+01,8.407036741435527816e+00
4.206916261789082512e+01,8.566464296803495415e+00
4.208916833380965983e+01,9.658408190434935037e+00
4.210917404972849454e+01,9.293989756664478463e+00
4.212917976564732925e+01,1.011887201807769721e+01
4.214918548156616396e+01,1.111270689995905414e+01
4.216919119748499867e+01,1.133972169320424328e+01
4.218919691340383338e+01,1.015620222768696124e+01
4.220920262932266809e+01,1.023924517795715516e+01
4.222920834524150280e+01,1.208420311625679133e+01
4.224921406116033040e+01,1.109991395259883262e+01
4.226921977707916511e+01,1.115833009799446884e+01
4.228922549299799982e+01,1.056579507917020244e+01
4.230923120891683453e+01,1.143812872062296648e+01
4.232923692483566924e+01,1.100335880287175172e+01
4.234924264075450395e+01,1.067252836330908394e+01
4.236924835667333866e+01,9.899692673623514239e+00
4.238925407259217337e+01,9.706181682121790999e+00
4.240925978851100808e+01,9.628498003614332390e+00
4.242926550442983569e+01,8.581661547565222037e+00
4.244927122034867040e+01,8.934044735563208661e+00
4.246927693626750511e+01,9.087453573952011254e+00
4.248928265218633982e+01,8.345298649941877756e+00
4.250928836810517453e+01,7.666598078812871364e+00
4.252929408402400924e+01,6.929042091873713005e+00
4.254929979994284395e+01,7.440354962629422531e+00
4.256930551586167866e+01,7.535988065535979885e+00
4.258931123178051337e+01,6.601889835163484044e+00
4.260931694769934097e+01,7.089490395605556827e+00
4.262932266361817568e+01,6.166668040023086661e+00
4.264932837953701039e+01,6.999817460455493467e+00
4.266933409545584510e+01,6.529325344847887180e+00
4.268933981137467981e+01,6.471176939691863694e+00
4.270934552729351452e+01,6.332638249170400080e+00
4.272935124321234923e+01,7.000621127930886090e+00
4.274935695913118394e+01,6.219989681821787464e+00
4.276936267505001865e+01,6.214775029405018358e+00
4.278936839096885336e+01,6.412982968331998990e+00
4.280937410688768097e+01,6.264216696242774773e+00
4.282937982280651568e+01,5.967855744823873820e+00
4.284938553872535039e+01,6.814844534707407142e+00
4.286939125464418510e+01,6.476579688823063563e+00
4.288939697056301981e+01,6.574408685188035228e+00
4.290940268648185452e+01,6.319622389915496186e+00
4.292940840240068923e+01,7.004858426876825916e+00
4.294941411831952394e+01,6.558199593716513398e+00
4.296941983423835865e+01,7.162277187627587693e+00
4.298942555015718625e+01,7.058607329627720972e+00
4.300943126607602096e+01,5.992491270214342691e+00
4.302943698199485567e+01,7.084998598604298259e+00
4.304944269791369038e+01,6.652730938075066547e+00
4.306944841383252509e+01,6.143689163197064040e+00
4.308945412975135980e+01,6.371625024580712449e+00
4.310945984567019451e+01,6.777328380621764126e+00
4.312946556158902922e+01,7.161484518046700387e+00
4.314947127750786393e+01,7.640904210999172719e+00
4.316947699342669864e+01,6.649570714041546537e+00
4.318948270934552625e+01,7.918644776956239362e+00
4.320948842526436096e+01,7.943943044008118903e+00
4.322949414118319567e+01,8.113417820693939575e+00
4.324949985710203038e+01,8.195289766216806271e+00
4.326950557302086509e+01,6.886055582914885065e+00
4.328951128893969980e+01,7.517489257155835602e+00
4.330951700485853451e+01,7.406490447497246166e+00
4.332952272077736922e+01,8.036970947123121434e+00
4.334952843669620393e+01,8.172733786801936517e+00
4.336953415261503153e+01,7.874782353028592752e+00
4.338953986853386624e+01,7.290823245615452919e+00
4.340954558445270095e+01,7.420032428546919689e+00
4.342955130037153566e+01,7.250867091349128657e+00
4.344955701629037037e+01,7.196777875472409214e+00
4.346956273220920508e+01,7.298131271055050995e+00
4.348956844812803979e+01,7.788150782111593173e+00
4.350957416404687450e+01,7.269334821691511905e+00
4.352957987996570921e+01,6.534183388456031416e+00
4.354958559588453681e+01,6.418808673684075927e+00
4.356959131180337153e+01,6.603860625472767865e+00
4.358959702772220624e+01,6.186557273862072215e+00
4.360960274364104095e+01,6.249319899480227036e+00
4.362960845955987566e+01,5.679044391962285943e+00
4.364961417547871037e+01,5.135390261488321784e+00
4.366961989139754508e+01,5.373336799082369275e+00
4.368962560731637979e+01,5.510658064310963056e+00
4.370963132323521450e+01,5.667724840209893422e+00
4.372963703915404921e+01,5.570412432083667653e+00
4.374964275507287681e+01,6.081200417989225393e+00
4.376964847099171152e+01,5.067913220057522317e+00
4.378965418691054623e+01,5.280759446508040966e+00
4.380965990282938094e+01,6.488262986453160686e+00
4.382966561874821565e+01,5.346474765088343517e+00
4.384967133466705036e+01,6.227621565451773478e+00
4.386967705058588507e+01,5.754910210261790837e+00
4.388968276650471978e+01,5.220141458994632444e+00
4.390968848242355449e+01,5.853473775244349753e+00
4.392969419834238209e+01,5.833977773869059469e+00
4.394969991426121680e+01,5.237523042168882981e+00
4.396970563018005151e+01,5.203022461941042565e+00
4.398971134609888622e+01,5.399445974943605009e+00
4.400971706201772093e+01,5.322649277210809160e+00
4.402972277793655564e+01,5.872180528501033336e+00
4.404972849385539035e+01,6.305739972072269772e+00
4.406973420977422506e+01,5.616592021091449283e+00
4.408973992569305977e+01,5.537944995993552944e+00
4.410974564161189448e+01,5.107542413793381364e+00
4.412975135753072209e+01,5.844951580793161128e+00
4.414975707344955680e+01,5.055830196725135117e+00
4.416976278936839151e+01,5.285898034294851833e+00
4.418976850528722622e+01,6.073937637946323242e+00
4.420977422120606093e+01,5.621313653138834354e+00
4.422977993712489564e+01,5.452135729400312769e+00
4.424978565304373035e+01,5.175372260364390797e+00
4.426979136896256506e+01,6.207673477170155607e+00
4.428979708488139977e+01,5.537075510882255358e+00
4.430980280080022737e+01,6.473066920082567677e+00
4.432980851671906208e+01,5.612470040941722971e+00
4.434981423263789679e+01,5.476969215867750762e+00
4.436981994855673150e+01,6.205004840472197358e+00
4.438982566447556621e+01,5.024699289016533399e+00
4.440983138039440092e+01,6.359455196763668994e+00
4.442983709631323563e+01,6.134213625086382571e+00
4.444984281223207034e+01,5.697337117149029240e+00
4.446984852815090505e+01,5.455882131518032807e+00
4.448985424406973266e+01,5.766888134470548266e+00
4.450985995998856737e+01,5.824573478038653995e+00
4.452986567590740208e+01,6.275654658576505618e+00
4.454987139182623679e+01,5.827042393076489191e+00
4.456987710774507150e+01,5.433338692344799270e+00
4.458988282366390621e+01,5.617196637892655886e+00
4.460988853958274092e+01,6.517019023263196154e+00
4.462989425550157563e+01,6.369886011822466720e+00
4.464989997142041034e+01,5.993764481502008579e+00
4.466990568733924505e+01,5.815445426493260683e+00
4.468991140325807265e+01,6.272041890224806515e+00
4.470991711917690736e+01,6.136840163070917065e+00
4.472992283509574207e+01,5.839946464246095204e+00
4.474992855101457678e+01,6.316441265922662751e+00
4.476993426693341149e+01,6.334707058443356686e+00
4.478993998285224620e+01,5.895480740756352311e+00
4.480994569877108091e+01,5.191843004897997993e+00
4.482995141468991562e+01,6.566699748168677964e+00
4.484995713060875033e+01,6.310756955561732440e+00
4.486996284652757794e+01,6.620667242360031679e+00
4.488996856244641265e+01,5.991040611289493611e+00
4.490997427836524736e+01,5.762425298530841289e+00
4.492997999428408207e+01,6.077861738192820162e+00
4.494998571020291678e+01,6.051910868675602018e+00
4.496999142612175149e+01,6.317097802811867169e+00
4.498999714204058620e+01,7.157806720498173902e+00
4.501000285795942091e+01,6.888153415534901569e+00
4.503000857387825562e+01,6.931423874289887266e+00
4.505001428979709033e+01,6.992354341410408125e+00
4.507002000571591793e+01,7.036092381517713434e+00
4.509002572163475264e+01,7.162856343041559271e+00
4.511003143755358735e+01,7.711668281103436051e+00
4.513003715347242206e+01,7.602106412078420306e+00
4.515004286939125677e+01,7.768345204711600616e+00
4.517004858531009148e+01,8.268705412164603530e+00
4.519005430122892619e+01,8.678621092262620351e+00
4.521006001714776090e+01,8.922597185024306654e+00
4.523006573306659561e+01,8.217973642017554425e+00
4.525007144898542322e+01,9.315060992732181688e+00
4.527007716490425793e+01,9.299904043771885398e+00
4.529008288082309264e+01,9.969076483813394063e+00
4.531008859674192735e+01,9.797533837975658244e+00
4.533009431266076206e+01,9.893402263166279909e+00
4.535010002857959677e+01,1.055581631170951340e+01
4.537010574449843148e+01,1.044061663770829895e+01
4.539011146041726619e+01,1.021965340039473347e+01
4.541011717633610090e+01,1.012972822685052954e+01
4.543012289225492850e+01,1.044482080023911408e+01
4.545012860817376321e+01,1.020169464345056021e+01
4.547013432409259792e+01,1.066094773330204148e+01
4.549014004001143263e+01,9.786047517526844430e+00
4.551014575593026734e+01,1.067210423485747128e+01
4.553015147184910205e+01,9.878464984873172483e+00
4.555015718776793676e+01,9.166265100476282512e+00
4.557016290368677147e+01,9.744462290311304287e+00
4.559016861960560618e+01,9.712786721604597773e+00
4.561017433552444089e+01,8.973063608386405932e+00
4.563018005144326850e+01,8.218952589099206563e+00
4.565018576736210321e+01,8.545648652748340623e+00
4.567019148328093792e+01,7.861217314509177712e+00
4.569019719919977263e+01,6.910488804356296200e+00
4.571020291511860734e+01,7.533637333911512357e+00
4.573020863103744205e+01,7.016304758585143020e+00
4.575021434695627676e+01,7.169995941222733649e+00
4.577022006287511147e+01,7.626593729832973345e+00
4.579022577879394618e+01,6.571458148451293724e+00
4.581023149471277378e+01,5.734506233209679671e+00
4.583023721063160849e+01,5.820488364055767860e+00
4.585024292655044320e+01,6.111705492835767473e+00
4.587024864246927791e+01,5.389349349331952865e+00
4.589025435838811262e+01,6.832941535241621622e+00
4.591026007430694733e+01,6.230653095403177133e+00
4.593026579022578204e+01,6.322287653898039039e+00
4.595027150614461675e+01,6.127972982626897824e+00
4.597027722206345146e+01,5.826456509405488760e+00
4.599028293798228617e+01,5.840739050911784247e+00
4.601028865390111378e+01,5.447561487553384652e+00
4.603029436981994849e+01,6.315401044542142905e+00
4.605030008573878320e+01,5.970723005485611523e+00
4.607030580165761791e+01,6.162593467637364597e+00
4.609031151757645262e+01,6.681533036898015254e+00
4.611031723349528733e+01,5.758633487641990456e+00
4.613032294941412204e+01,5.764006573433403169e+00
4.615032866533295675e+01,6.316941886489547464e+00
4.617033438125179146e+01,6.195630781375083274e+00
4.619034009717061906e+01,5.848691662829059723e+00
4.621034581308945377e+01,5.546180031074342764e+00
4.623035152900828848e+01,6.674129128375223985e+00
4.625035724492712319e+01,5.129025378060585005e+00
4.627036296084595790e+01,4.975973095518922307e+00
4.629036867676479261e+01,5.071284454703825162e+00
4.631037439268362732e+01,5.842137250762977629e+00
4.633038010860246203e+01,5.629837007981175034e+00
4.635038582452129674e+01,5.856453365039994807e+00
4.637039154044012434e+01,5.681086125117968066e+00
4.639039725635895905e+01,6.240690573548378417e+00
4.641040297227779376e+01,5.979547373877702299e+00
4.643040868819662847e+01,5.959007194882178560e+00
4.645041440411546319e+01,5.744915741502166995e+00
4.647042012003429790e+01,5.200995246581838316e+00
4.649042583595313261e+01,6.159272073391040436e+00
4.651043155187196732e+01,5.808085667016937848e+00
4.653043726779080203e+01,6.126841457190347562e+00
4.655044298370963674e+01,6.057405883543024672e+00
4.657044869962846434e+01,5.742848710296028614e+00
4.659045441554729905e+01,5.877981455864970783e+00
4.661046013146613376e+01,5.586232406612780643e+00
4.663046584738496847e+01,6.314969413866857728e+00
4.665047156330380318e+01,5.442903748796067198e+00
4.667047727922263789e+01,6.244016701538913416e+00
4.669048299514147260e+01,6.263304266207068594e+00
4.671048871106030731e+01,5.979788556931566745e+00
4.673049442697914202e+01,5.842836751260087169e+00
4.675050014289796962e+01,5.475423181263391115e+00
4.677050585881680433e+01,5.804743134957456974e+00
4.679051157473563904e+01,6.729406222273693672e+00
4.681051729065447375e+01,6.331905666623892870e+00
4.683052300657330846e+01,5.727751905941918409e+00
4.685052872249214317e+01,6.212767414533630017e+00
4.687053443841097788e+01,5.859015204910924979e+00
4.689054015432981259e+01,6.148238568152854633e+00
4.691054587024864730e+01,6.473379414308796598e+00
4.693055158616748201e+01,5.726655486881522705e+00
4.695055730208630962e+01,5.365329496603505888e+00
4.697056301800514433e+01,6.015550748248861268e+00
4.699056873392397904e+01,6.145651674486982685e+00
4.701057444984281375e+01,6.421343993378556547e+00
4.703058016576164846e+01,6.773801088844260576e+00
4.705058588168048317e+01,6.008232580746013518e+00
4.707059159759931788e+01,6.555180709261725802e+00
4.709059731351815259e+01,6.026256727656293499e+00
4.711060302943698730e+01,5.655490017380063961e+00
4.713060874535581490e+01,6.833551042648444707e+00
4.715061446127464961e+01,6.932161632956106878e+00
4.717062017719348432e+01,6.201743675974253023e+00
4.719062589311231903e+01,5.474893301606204687e+00
4.721063160903115374e+01,6.071978065292491955e+00
4.723063732494998845e+01,6.013626521154383120e+00
4.725064304086882316e+01,5.560793283942109255e+00
4.727064875678765787e+01,6.668135464391692580e+00
4.729065447270649258e+01,6.523423833539035321e+00
4.731066018862532019e+01,5.834683349090813209e+00
4.733066590454415490e+01,6.356741130193121592e+00
4.735067162046298961e+01,6.925041343544009464e+00
4.737067733638182432e+01,6.997730126525725680e+00
4.739068305230065903e+01,5.292503058558899909e+00
4.741068876821949374e+01,6.217128366381394322e+00
4.743069448413832845e+01,5.525628773976544394e+00
4.745070020005716316e+01,5.937632156384246684e+00
4.747070591597599787e+01,6.156844931600842230e+00
4.749071163189483258e+01,6.423740432003084422e+00
4.751071734781366018e+01,5.966539838300057852e+00
4.753072306373249489e+01,6.977847706233205827e+00
4.755072877965132960e+01,5.941092105422333347e+00
4.757073449557016431e+01,5.447013840421204733e+00
4.759074021148899902e+01,6.085886843480572850e+00
4.761074592740783373e+01,6.569142911788443229e+00
4.763075164332666844e+01,5.933218180669344477e+00
4.765075735924550315e+01,6.575826402601641085e+00
4.767076307516433786e+01,5.629712293085367136e+00
4.769076879108316547e+01,6.017114843462428198e+00
4.771077450700200018e+01,5.932891986833965348e+00
4.773078022292083489e+01,6.922919599433411619e+00
4.775078593883966960e+01,6.424145665166772545e+00
4.777079165475850431e+01,5.580419123612392340e+00
4.779079737067733902e+01,5.662506096635260278e+00
4.781080308659617373e+01,5.568237309546756109e+00
4.783080880251500844e+01,6.771078650826044765e+00
4.785081451843384315e+01,6.284847136477960561e+00
4.787082023435267075e+01,6.392204114773520018e+00
4.789082595027150546e+01,5.650607827070095013e+00
4.791083166619034017e+01,6.665773476115845142e+00
4.793083738210917488e+01,6.534024885202183164e+00
4.795084309802800959e+01,6.323960274525689762e+00
4.797084881394684430e+01,6.299272215570216105e+00
4.799085452986567901e+01,6.479150980209618105e+00
4.801086024578451372e+01,6.061101625290455708e+00
4.803086596170334843e+01,6.871063243767756568e+00
4.805087167762218314e+01,6.594111871407945635e+00
4.807087739354101075e+01,6.909384079973452941e+00
4.809088310945984546e+01,6.879920789776790002e+00
4.811088882537868017e+01,6.842574587513676754e+00
4.813089454129751488e+01,6.958710340735803968e+00
4.815090025721634959e+01,6.863731463432322322e+00
4.817090597313518430e+01,7.697392802058617534e+00
4.819091168905401901e+01,8.043063613491892028e+00
4.821091740497285372e+01,7.769590778146301169e+00
4.823092312089168843e+01,8.126191343633568209e+00
4.825092883681051603e+01,8.135439470381527372e+00
4.827093455272935074e+01,8.410981353441162156e+00
4.829094026864818545e+01,8.192987965209743706e+00
4.831094598456702016e+01,9.030355138042951424e+00
4.833095170048585487e+01,9.400659959504860552e+00
4.835095741640468958e+01,9.627448573485699157e+00
4.837096313232352429e+01,1.084478479683578556e+01
4.839096884824235900e+01,1.079120064748787300e+01
4.841097456416119371e+01,1.183358880021995674e+01
4.843098028008002842e+01,1.311978176123887430e+01
4.845098599599885603e+01,1.328554919211802954e+01
4.847099171191769074e+01,1.477826435248223547e+01
4.849099742783652545e+01,1.535078313522756588e+01
4.851100314375536016e+01,1.692900539085403011e+01
4.853100885967419487e+01,1.800453941914624068e+01
4.855101457559302958e+01,1.904641616420580164e+01
4.857102029151186429e+01,1.971661094247144064e+01
4.859102600743069900e+01,2.133772459285216172e+01
4.861103172334953371e+01,2.285442398811966669e+01
4.863103743926836131e+01,2.416535802704978053e+01
4.865104315518719602e+01,2.418576511760539915e+01
4.867104887110603073e+01,2.573360229187719739e+01
4.869105458702486544e+01,2.635464342067182031e+01
4.871106030294370015e+01,2.741818996783478468e+01
4.873106601886253486e+01,2.699699945895108399e+01
4.875107173478136957e+01,2.698325921251084480e+01
4.877107745070020428e+01,2.675758207936394584e+01
4.879108316661903899e+01,2.669103819523472509e+01
4.881108888253786660e+01,2.569099856333773602e+01
4.883109459845670131e+01,2.534274546454584254e+01
4.885110031437553602e+01,2.443188964459931967e+01
4.887110603029437073e+01,2.284124853576589231e+01
4.889111174621320544e+01,2.170776816028584477e+01
4.891111746213204015e+01,2.034442741408373934e+01
4.893112317805087486e+01,1.813555701587482716e+01
4.895112889396970957e+01,1.743213837936513499e+01
4.897113460988854428e+01,1.597752754971315170e+01
4.899114032580737899e+01,1.519654154214986619e+01
4.901114604172620659e+01,1.431925652471336541e+01
4.903115175764504130e+01,1.345773913187136017e+01
4.905115747356387601e+01,1.303334508633838595e+01
4.907116318948271072e+01,1.291422526247963987e+01
4.909116890540154543e+01,1.193220086181027639e+01
4.911117462132038014e+01,1.114069899915419448e+01
4.913118033723921485e+01,1.140999857537103068e+01
4.915118605315804956e+01,1.095622816876361583e+01
4.917119176907688427e+01,1.188229188184440588e+01
4.919119748499571187e+01,1.103402205334533548e+01
4.921120320091454658e+01,1.125791802499414374e+01
4.923120891683338129e+01,1.181811121950163113e+01
4.925121463275221600e+01,1.249594976652520906e+01
4.927122034867105071e+01,1.332462279278756156e+01
4.929122606458988542e+01,1.324459882795483701e+01
4.931123178050872014e+01,1.405912776796105135e+01
4.933123749642755485e+01,1.591781162848906561e+01
4.935124321234638956e+01,1.716683978936061550e+01
4.937124892826522427e+01,1.766803677843634901e+01
4.939125464418405187e+01,1.944463988028084245e+01
4.941126036010288658e+01,2.117421198757717349e+01
4.943126607602172129e+01,2.331635537308710937e+01
4.945127179194055600e+01,2.491335081552229980e+01
4.947127750785939071e+01,2.708222697145527746e+01
4.949128322377822542e+01,3.070301361382396266e+01
4.951128893969706013e+01,3.297233580149854504e+01
4.953129465561589484e+01,3.772182485168458754e+01
4.955130037153472955e+01,4.054594454328402264e+01
4.957130608745355715e+01,4.392572828591387690e+01
4.959131180337239186e+01,4.826983798311272267e+01
4.961131751929122657e+01,5.183610093602488433e+01
4.963132323521006128e+01,5.654367616549286879e+01
4.965132895112889599e+01,6.031403567143499345e+01
4.967133466704773070e+01,6.412372640829269699e+01
4.969134038296656541e+01,6.818715611085906403e+01
4.971134609888540012e+01,7.041887421363452404e+01
4.973135181480423483e+01,7.312921954495406851e+01
4.975135753072306244e+01,7.443126124452813031e+01
4.977136324664189715e+01,7.575126287077549136e+01
4.979136896256073186e+01,7.561458576141252763e+01
4.981137467847956657e+01,7.418356530645019120e+01
4.983138039439840128e+01,7.220604779399549500e+01
4.985138611031723599e+01,6.945083796605683801e+01
4.987139182623607070e+01,6.539809220106391763e+01
4.989139754215490541e+01,6.174769318990913547e+01
4.991140325807374012e+01,5.738690404400313838e+01
4.993140897399257483e+01,5.268012378843339150e+01
4.995141468991140243e+01,4.813511960609491069e+01
4.997142040583023714e+01,4.293230609892735572e+01
4.999142612174907185e+01,3.870007709251373029e+01
5.001143183766790656e+01,3.418179700770819807e+01
5.003143755358674127e+01,3.039231150202782317e+01
5.005144326950557598e+01,2.726695996637600672e+01
5.007144898542441069e+01,2.431859288547201459e+01
5.009145470134324540e+01,2.203594473401076215e+01
5.011146041726208011e+01,1.987011580014030798e+01
5.013146613318090772e+01,1.761497776049361974e+01
5.015147184909974243e+01,1.618478611487756069e+01
5.017147756501857714e+01,1.384980923089726801e+01
5.019148328093741185e+01,1.275530973008008395e+01
5.021148899685624656e+01,1.227945398870482308e+01
5.023149471277508127e+01,1.173387662956053923e+01
5.025150042869391598e+01,1.104034376204150192e+01
5.027150614461275069e+01,1.076835367641617403e+01
5.029151186053158540e+01,9.999765638173936821e+00
5.031151757645042011e+01,9.022435615207477611e+00
5.033152329236924771e+01,9.499930486794799123e+00
5.035152900828808242e+01,9.004800521103675237e+00
5.037153472420691713e+01,9.460576707040861066e+00
5.039154044012575184e+01,9.028215144880476828e+00
5.041154615604458655e+01,8.790128710388595223e+00
5.043155187196342126e+01,8.503366793284909519e+00
5.045155758788225597e+01,7.954627613115164309e+00
5.047156330380109068e+01,8.146151662563852369e+00
5.049156901971992539e+01,8.117814001969550830e+00
5.051157473563875300e+01,7.888924257103926863e+00
5.053158045155758771e+01,8.253750817472242929e+00
5.055158616747642242e+01,7.813984554023704732e+00
5.057159188339525713e+01,8.243228164576956729e+00
5.059159759931409184e+01,7.065360673788171120e+00
5.061160331523292655e+01,7.105261747158783336e+00
5.063160903115176126e+01,7.158293001013930734e+00
5.065161474707059597e+01,7.588728512096173162e+00
5.067162046298943068e+01,8.401254961924609077e+00
5.069162617890825828e+01,8.085899289574948412e+00
5.071163189482709299e+01,7.484154305714638689e+00
5.073163761074592770e+01,7.458704225459628745e+00
5.075164332666476241e+01,7.618623747764210030e+00
5.077164904258359712e+01,7.341361311290425462e+00
5.079165475850243183e+01,7.908307171099579591e+00
5.081166047442126654e+01,7.639573641593810471e+00
5.083166619034010125e+01,8.255756000833772035e+00
5.085167190625893596e+01,8.261779076325895588e+00
5.087167762217777067e+01,7.886825913855474823e+00
5.089168333809659828e+01,9.058997562425549432e+00
5.091168905401543299e+01,9.718553816395459677e+00
5.093169476993426770e+01,9.183161352927058374e+00
5.095170048585310241e+01,9.725243178423038870e+00
5.097170620177193712e+01,1.005617183515966495e+01
5.099171191769077183e+01,1.055982927903962931e+01
5.101171763360960654e+01,1.070907911424307457e+01
5.103172334952844125e+01,1.147708187472560937e+01
5.105172906544727596e+01,1.295130869116405492e+01
5.107173478136610356e+01,1.303347539741545269e+01
5.109174049728493827e+01,1.452293837020390299e+01
5.111174621320377298e+01,1.466911958758544365e+01
5.113175192912260769e+01,1.592234714884446234e+01
5.115175764504144240e+01,1.689223232485193549e+01
5.117176336096027711e+01,1.819194426293616473e+01
5.119176907687911182e+01,1.862145040204348589e+01
5.121177479279794653e+01,2.001805895054354778e+01
5.123178050871678124e+01,2.006300221485435742e+01
5.125178622463561595e+01,2.173739983236561102e+01
5.127179194055444356e+01,2.210565004298050695e+01
5.129179765647327827e+01,2.236272603310323248e+01
5.131180337239211298e+01,2.217353694996798907e+01
5.133180908831094769e+01,2.256802025472561013e+01
5.135181480422978240e+01,2.182288423912614661e+01
5.137182052014861711e+01,2.152650656465787904e+01
5.139182623606745182e+01,2.074116382571518358e+01
5.141183195198628653e+01,1.949676557926169096e+01
5.143183766790512124e+01,1.902164567392273398e+01
5.145184338382394884e+01,1.757170126830910561e+01
5.147184909974278355e+01,1.603821676337372182e+01
5.149185481566161826e+01,1.525407563625789820e+01
5.151186053158045297e+01,1.501218550790974682e+01
5.153186624749928768e+01,1.311257356840396682e+01
5.155187196341812239e+01,1.244486529069389746e+01
5.157187767933695710e+01,1.145309679062010488e+01
5.159188339525579181e+01,1.043376292778995662e+01
5.161188911117462652e+01,9.383990427102148146e+00
5.163189482709345413e+01,9.602036963445318207e+00
5.165190054301228884e+01,8.591240351984993140e+00
5.167190625893112355e+01,8.799669517668338159e+00
5.169191197484995826e+01,8.442151537488634006e+00
5.171191769076879297e+01,8.343653522967734659e+00
5.173192340668762768e+01,7.967863818139266918e+00
5.175192912260646239e+01,6.902556250410343708e+00
5.177193483852529710e+01,7.491031074460339667e+00
5.179194055444413181e+01,7.789945194613291157e+00
5.181194627036296652e+01,7.335792079499761975e+00
5.183195198628179412e+01,7.404181712424202644e+00
5.185195770220062883e+01,7.183926798848949247e+00
5.187196341811946354e+01,6.896169057812437053e+00
5.189196913403829825e+01,6.781625317842410183e+00
5.191197484995713296e+01,6.691710391139291225e+00
5.193198056587596767e+01,6.611086079837086515e+00
5.195198628179480238e+01,6.923670007153139849e+00
5.197199199771363709e+01,6.752625773730901670e+00
5.199199771363247180e+01,6.629302800906208049e+00
5.201200342955129940e+01,6.208666858696021862e+00
5.203200914547013411e+01,6.565606767542812250e+00
5.205201486138896882e+01,6.105450091179942973e+00
5.207202057730780353e+01,6.348247994591439181e+00
5.209202629322663824e+01,6.897199259163352636e+00
5.211203200914547295e+01,6.694205066406622606e+00
5.213203772506430766e+01,5.744467084767941323e+00
5.215204344098314237e+01,6.589613852906206048e+00
5.217204915690197708e+01,6.028079538638131396e+00
5.219205487282081180e+01,6.638251340750877638e+00
5.221206058873963940e+01,6.295914462470562967e+00
5.223206630465847411e+01,5.916677132532889516e+00
5.225207202057730882e+01,6.850991739696851823e+00
5.227207773649614353e+01,6.377349895378729983e+00
5.229208345241497824e+01,7.089461272278175130e+00
5.231208916833381295e+01,7.085930411565959375e+00
5.233209488425264766e+01,6.379013856679977224e+00
5.235210060017148237e+01,5.990982821672645287e+00
5.237210631609031708e+01,6.549378833429781110e+00
5.239211203200914468e+01,7.080851286736725925e+00
5.241211774792797939e+01,6.488437990849086567e+00
5.243212346384681410e+01,6.624895709469857508e+00
5.245212917976564881e+01,6.672407630739084716e+00
5.247213489568448352e+01,7.579240033884368621e+00
5.249214061160331823e+01,7.137975504478058397e+00
5.251214632752215294e+01,8.018113209552421239e+00
5.253215204344098765e+01,7.347914877613864526e+00
5.255215775935982236e+01,7.409819048911543860e+00
5.257216347527864997e+01,7.737323846827976581e+00
5.259216919119748468e+01,7.615384239254010978e+00
5.261217490711631939e+01,8.305921269201295587e+00
5.263218062303515410e+01,7.661134755564336984e+00
5.265218633895398881e+01,8.073717925165006193e+00
5.267219205487282352e+01,8.442913505998523860e+00
5.269219777079165823e+01,7.770357491853102871e+00
5.271220348671049294e+01,8.320171534339312558e+00
5.273220920262932765e+01,7.710885785568512674e+00
5.275221491854816236e+01,7.633119241718942405e+00
5.277222063446698996e+01,8.221313000642417990e+00
5.279222635038582467e+01,6.987347222556707926e+00
5.281223206630465938e+01,8.407615210969908048e+00
5.283223778222349409e+01,7.975082275035402901e+00
5.285224349814232880e+01,7.801174622261609848e+00
5.287224921406116351e+01,7.071621166777664946e+00
5.289225492997999822e+01,7.886663933117996628e+00
5.291226064589883293e+01,6.910808198810932446e+00
5.293226636181766764e+01,7.267075955662805953e+00
5.295227207773649525e+01,7.720087895304800440e+00
5.297227779365532996e+01,6.565675033790859594e+00
5.299228350957416467e+01,7.982947968785325088e+00
5.301228922549299938e+01,6.415337917614211349e+00
5.303229494141183409e+01,7.529329734346879022e+00
5.305230065733066880e+01,7.039123978945728943e+00
5.307230637324950351e+01,6.825591891438781644e+00
5.309231208916833822e+01,6.469653286583284313e+00
5.311231780508717293e+01,6.036452848569449969e+00
5.313232352100600764e+01,7.042439344963188574e+00
5.315232923692483524e+01,6.612070894895623496e+00
5.317233495284366995e+01,7.396526143773884954e+00
5.319234066876250466e+01,7.407478968710382361e+00
5.321234638468133937e+01,5.730317195355024040e+00
5.323235210060017408e+01,5.754676359928065921e+00
5.325235781651900879e+01,5.943271810130600130e+00
5.327236353243784350e+01,6.557253371119386109e+00
5.329236924835667821e+01,6.626806109140147782e+00
5.331237496427551292e+01,6.182064786314994009e+00
5.333238068019434053e+01,5.882157180861758761e+00
5.335238639611317524e+01,5.444427105027013880e+00
5.337239211203200995e+01,6.423139243320972191e+00
5.339239782795084466e+01,5.721347855787170644e+00
5.341240354386967937e+01,6.387912789508710887e+00
5.343240925978851408e+01,5.582373316399307228e+00
5.345241497570734879e+01,5.818617551402862631e+00
5.347242069162618350e+01,5.803425261920937217e+00
5.349242640754501821e+01,6.208193006833816696e+00
5.351243212346384581e+01,5.461748493708901364e+00
5.353243783938268052e+01,5.837794599569638088e+00
5.355244355530151523e+01,6.222493792825211756e+00
5.357244927122034994e+01,6.015281456091477352e+00
5.359245498713918465e+01,6.302324958849513159e+00
5.361246070305801936e+01,5.552876815372270514e+00
5.363246641897685407e+01,5.469455085157567176e+00
5.365247213489568878e+01,6.023218509816080868e+00
5.367247785081452349e+01,5.446007593480557851e+00
5.369248356673335820e+01,6.424742812645517276e+00
5.371248928265218581e+01,6.098528309129886971e+00
5.373249499857102052e+01,5.838179207545849181e+00
5.375250071448985523e+01,5.910798675475148478e+00
5.377250643040868994e+01,6.084149818331433757e+00
5.379251214632752465e+01,6.686568430615761116e+00
5.381251786224635936e+01,6.046836937879203511e+00
5.383252357816519407e+01,5.622621276464388806e+00
5.385252929408402878e+01,5.993945732496966272e+00
5.387253501000286349e+01,5.508774970490357248e+00
5.389254072592169109e+01,5.933604563834561141e+00
5.391254644184052580e+01,5.673596845929500532e+00
5.393255215775936051e+01,6.044980237123673383e+00
5.395255787367819522e+01,6.529053197269393038e+00
5.397256358959702993e+01,5.559034621460524406e+00
5.399256930551586464e+01,6.363336620075504158e+00
5.401257502143469935e+01,5.614323530484465863e+00
5.403258073735353406e+01,5.810322456149781267e+00
5.405258645327236877e+01,5.157213084561096395e+00
5.407259216919120348e+01,6.012259965165173803e+00
5.409259788511003109e+01,5.865872463433076334e+00
5.411260360102886580e+01,5.805076639836599384e+00
5.413260931694770051e+01,5.397440037034614058e+00
5.415261503286653522e+01,6.157802046297840448e+00
5.417262074878536993e+01,5.779858396430006096e+00
5.419262646470420464e+01,6.009620427167841505e+00
5.421263218062303935e+01,5.417212266300206025e+00
5.423263789654187406e+01,6.203196080015825231e+00
5.425264361246070877e+01,5.244696444779884281e+00
5.427264932837953637e+01,5.815884439869279277e+00
5.429265504429837108e+01,6.049965347397533222e+00
5.431266076021720579e+01,6.062055161628329358e+00
5.433266647613604050e+01,6.290847983586145276e+00
5.435267219205487521e+01,6.087719279311519571e+00
5.437267790797370992e+01,6.556543481441719834e+00
5.439268362389254463e+01,6.455291441580733647e+00
5.441268933981137934e+01,6.446527731503561398e+00
5.443269505573021405e+01,6.328034551424511989e+00
5.445270077164904166e+01,6.201678241252615464e+00
5.447270648756787637e+01,6.338781271243048465e+00
5.449271220348671108e+01,6.053680830556785075e+00
5.451271791940554579e+01,5.664581502390834800e+00
5.453272363532438050e+01,5.993322027910465977e+00
5.455272935124321521e+01,7.109810718892328296e+00
5.457273506716204992e+01,7.195284411854705908e+00
5.459274078308088463e+01,7.170622032611207786e+00
5.461274649899971934e+01,6.899081676200086832e+00
5.463275221491855405e+01,6.950448779061552784e+00
5.465275793083738165e+01,6.584640749309804697e+00
5.467276364675621636e+01,6.363157578037760942e+00
5.469276936267505107e+01,7.238500521999176485e+00
5.471277507859388578e+01,7.783977635252171012e+00
5.473278079451272049e+01,7.594512650449243729e+00
5.475278651043155520e+01,7.312529535256613755e+00
5.477279222635038991e+01,7.685110552292178099e+00
5.479279794226922462e+01,8.276591369499913142e+00
5.481280365818805933e+01,7.600276502507929521e+00
5.483280937410688693e+01,7.102888952641747800e+00
5.485281509002572164e+01,6.730740124744961861e+00
5.487282080594455635e+01,8.411408130243136938e+00
5.489282652186339106e+01,6.813631922026234022e+00
5.491283223778222577e+01,7.532527835731155363e+00
5.493283795370106048e+01,7.073206756976916587e+00
5.495284366961989519e+01,6.929431016133827725e+00
5.497284938553872990e+01,7.168497337870601172e+00
5.499285510145756461e+01,7.387123648667710540e+00
5.501286081737639222e+01,6.859649186222323891e+00
5.503286653329522693e+01,7.174968935628950106e+00
5.505287224921406164e+01,7.564264041936536564e+00
5.507287796513289635e+01,6.988593867043977781e+00
5.509288368105173106e+01,6.919325696397024217e+00
5.511288939697056577e+01,6.832301471215749267e+00
5.513289511288940048e+01,6.830280294399662111e+00
5.515290082880823519e+01,6.796053592921389885e+00
5.517290654472706990e+01,6.602046312888266044e+00
5.519291226064590461e+01,6.778393445223230174e+00
5.521291797656473221e+01,6.342417975397609098e+00
5.523292369248356692e+01,6.122700779475998445e+00
5.525292940840240163e+01,5.950112817858926206e+00
5.527293512432123634e+01,5.720653804167093348e+00
5.529294084024007105e+01,6.916614829048842950e+00
5.531294655615890576e+01,6.251086953187460438e+00
5.533295227207774047e+01,6.763198084380800168e+00
5.535295798799657518e+01,5.784118929091835781e+00
5.537296370391540989e+01,6.891069045774642632e+00
5.539296941983423750e+01,6.114339439745389626e+00
5.541297513575307221e+01,6.642440257139064386e+00
5.543298085167190692e+01,6.444704492373229066e+00
5.545298656759074163e+01,6.355012275647815123e+00
5.547299228350957634e+01,6.562233737129405498e+00
5.549299799942841105e+01,5.764990945713670989e+00
5.551300371534724576e+01,6.028989256699276211e+00
5.553300943126608047e+01,6.419448385866742157e+00
5.555301514718491518e+01,5.956523413422911695e+00
5.557302086310374989e+01,6.564801572365718485e+00
5.559302657902257749e+01,6.486655728891207673e+00
5.561303229494141220e+01,7.199700252365795805e+00
5.563303801086024691e+01,6.738595563745211514e+00
5.565304372677908162e+01,5.945996266919470585e+00
5.567304944269791633e+01,6.335721727982134510e+00
5.569305515861675104e+01,6.044975531167876781e+00
5.571306087453558575e+01,6.208927554010014838e+00
5.573306659045442046e+01,6.912999685889601231e+00
5.575307230637325517e+01,6.248880784734185845e+00
5.577307802229208278e+01,5.802653075456939646e+00
5.579308373821091749e+01,6.141438354133758715e+00
5.581308945412975220e+01,6.651502894140960187e+00
5.583309517004858691e+01,6.473969853872860725e+00
5.585310088596742162e+01,6.792202287792557414e+00
5.587310660188625633e+01,6.228117378650753544e+00
5.589311231780509104e+01,6.290934904454559273e+00
5.591311803372392575e+01,6.136233588546968321e+00
5.593312374964276046e+01,5.946624474192237386e+00
5.595312946556158806e+01,6.417563336727592826e+00
5.597313518148042277e+01,6.165692696993416710e+00
5.599314089739925748e+01,6.205600438400834307e+00
5.601314661331809219e+01,5.942254227883196904e+00
5.603315232923692690e+01,6.270072445405002526e+00
5.605315804515576161e+01,6.115126038447503021e+00
5.607316376107459632e+01,5.854629269731199237e+00
5.609316947699343103e+01,5.652251302404403432e+00
5.611317519291226574e+01,6.213229200102394323e+00
5.613318090883110045e+01,5.611321003198978197e+00
5.615318662474992806e+01,6.310998537914485951e+00
5.617319234066876277e+01,5.987283347826032553e+00
5.619319805658759748e+01,6.311153138563488696e+00
5.621320377250643219e+01,5.953499993587058725e+00
5.623320948842526690e+01,5.888032153700343940e+00
5.625321520434410161e+01,6.935463244455682741e+00
5.627322092026293632e+01,6.956654613901910089e+00
5.629322663618177103e+01,6.503850906355648220e+00
5.631323235210060574e+01,5.897650170808944381e+00
5.633323806801943334e+01,6.182582990217003527e+00
5.635324378393826805e+01,6.610018310043531464e+00
5.637324949985710276e+01,6.225026740984459295e+00
5.639325521577593747e+01,6.741607195541014619e+00
5.641326093169477218e+01,6.192305772724269630e+00
5.643326664761360689e+01,6.577208733330676793e+00
5.645327236353244160e+01,6.309233637628087976e+00
5.647327807945127631e+01,7.083255030943542252e+00
5.649328379537011102e+01,6.908376785514882101e+00
5.651328951128894573e+01,7.043548825007714953e+00
5.653329522720777334e+01,7.686503611434844174e+00
5.655330094312660805e+01,7.490254795203965088e+00
5.657330665904544276e+01,6.229902913399561371e+00
5.659331237496427747e+01,6.968928015438994095e+00
5.661331809088311218e+01,7.445919340972465328e+00
5.663332380680194689e+01,7.240587168611419600e+00
5.665332952272078160e+01,7.114469933564235404e+00
5.667333523863961631e+01,7.906760043898236390e+00
5.669334095455845102e+01,6.931960075522356490e+00
5.671334667047727862e+01,7.308291631657155563e+00
5.673335238639611333e+01,7.298054849800918120e+00
5.675335810231494804e+01,6.192783050040167936e+00
5.677336381823378275e+01,7.580880505549346893e+00
5.679336953415261746e+01,7.492910903334869310e+00
5.681337525007145217e+01,7.483749671256351377e+00
5.683338096599028688e+01,7.143086748590818047e+00
5.685338668190912159e+01,7.288396134691623729e+00
5.687339239782795630e+01,7.224731705701976203e+00
5.689339811374678391e+01,7.520284773706473302e+00
5.691340382966561862e+01,6.778402330518298768e+00
5.693340954558445333e+01,7.457221168635417285e+00
5.695341526150328804e+01,7.807009148593033743e+00
5.697342097742212275e+01,7.820471483479664698e+00
5.699342669334095746e+01,8.340680508399000104e+00
5.701343240925979217e+01,8.627372022983641031e+00
5.703343812517862688e+01,7.826869155151695345e+00
5.705344384109746159e+01,8.205035438573393236e+00
5.707344955701629630e+01,8.689025740649976015e+00
5.709345527293512390e+01,7.773498141859878530e+00
5.711346098885395861e+01,7.754200865433778844e+00
5.713346670477279332e+01,8.151977703768119810e+00
5.715347242069162803e+01,8.363846609453341685e+00
5.717347813661046274e+01,7.499673020957790648e+00
5.719348385252929745e+01,8.324504717822190258e+00
5.721348956844813216e+01,8.311428137208981326e+00
5.723349528436696687e+01,7.861460819530545763e+00
5.725350100028580158e+01,7.490408079914256945e+00
5.727350671620462919e+01,7.620533380346326879e+00
5.729351243212346390e+01,6.983598365462247770e+00
5.731351814804229861e+01,6.917810646966962018e+00
5.733352386396113332e+01,6.822607781180184183e+00
5.735352957987996803e+01,7.763265913336899082e+00
5.737353529579880274e+01,7.207782535807596425e+00
5.739354101171763745e+01,7.345951502182828996e+00
5.741354672763647216e+01,7.191779003659949154e+00
5.743355244355530687e+01,6.107938234765737384e+00
5.745355815947414158e+01,6.579859392897220438e+00
5.747356387539296918e+01,6.520424947969809537e+00
5.749356959131180389e+01,5.988671158717801646e+00
5.751357530723063860e+01,7.028644863820398214e+00
5.753358102314947331e+01,6.545359322345667863e+00
5.755358673906830802e+01,6.218222910552349880e+00
5.757359245498714273e+01,6.695473106280443787e+00
5.759359817090597744e+01,6.200006357629602505e+00
5.761360388682481215e+01,6.172729717351522538e+00
5.763360960274364686e+01,6.661121608864430499e+00
5.765361531866247446e+01,7.139240267019868469e+00
5.767362103458130917e+01,6.832711865456756684e+00
5.769362675050014388e+01,7.197499884000851722e+00
5.771363246641897859e+01,6.630261256776185164e+00
5.773363818233781330e+01,7.010552541441160912e+00
5.775364389825664801e+01,7.045397757307783948e+00
5.777364961417548272e+01,7.083802024839052081e+00
5.779365533009431743e+01,7.109741396331800800e+00
5.781366104601315214e+01,6.805472325500586450e+00
5.783366676193197975e+01,7.387348000248152857e+00
5.785367247785081446e+01,7.763540362151624130e+00
5.787367819376964917e+01,7.313610199248726573e+00
5.789368390968848388e+01,7.286742891460853855e+00
5.791368962560731859e+01,7.346980799582819799e+00
5.793369534152615330e+01,7.385844816259581336e+00
5.795370105744498801e+01,7.517741395495987078e+00
5.797370677336382272e+01,8.516736321843914936e+00
5.799371248928265743e+01,7.253564678279103006e+00
5.801371820520149214e+01,7.878232653675524944e+00
5.803372392112031974e+01,8.207654103335656259e+00
5.805372963703915445e+01,7.825745229456545715e+00
5.807373535295798916e+01,8.997512110974465571e+00
5.809374106887682387e+01,8.829132982567855947e+00
5.811374678479565858e+01,9.930502336945734143e+00
5.813375250071449329e+01,1.014077106661682848e+01
5.815375821663332800e+01,1.012876662059188249e+01
5.817376393255216271e+01,1.154281016821102313e+01
5.819376964847099742e+01,1.182731812331659782e+01
5.821377536438982503e+01,1.301713014855726591e+01
5.823378108030865974e+01,1.373087833882537012e+01
5.825378679622749445e+01,1.491658613519220822e+01
5.827379251214632916e+01,1.704361314212015444e+01
5.829379822806516387e+01,1.820371017111395773e+01
5.831380394398399858e+01,2.003295629415995904e+01
5.833380965990283329e+01,2.220154012139505539e+01
5.835381537582166800e+01,2.392015579360414179e+01
5.837382109174050271e+01,2.611726204857157896e+01
5.839382680765933742e+01,2.983822213946926993e+01
5.841383252357816502e+01,3.276285722139972734e+01
5.843383823949699973e+01,3.418240654985221028e+01
5.845384395541583444e+01,3.728513144972725968e+01
5.847384967133466915e+01,4.092773838525744168e+01
5.849385538725350386e+01,4.272822380461114733e+01
5.851386110317233857e+01,4.598625548239223093e+01
5.853386681909117328e+01,4.787476077572017630e+01
5.855387253501000799e+01,4.924234465946875616e+01
5.857387825092884270e+01,5.136264765570976465e+01
5.859388396684767031e+01,5.220152952052160344e+01
5.861388968276650502e+01,5.169587859951320041e+01
5.863389539868533973e+01,5.129427687792706081e+01
5.865390111460417444e+01,5.127910989404230691e+01
5.867390683052300915e+01,4.913369999404838495e+01
5.869391254644184386e+01,4.720616632240220412e+01
5.871391826236067857e+01,4.494155439708436006e+01
5.873392397827951328e+01,4.271668885664054471e+01
5.875392969419834799e+01,3.982735104600151033e+01
5.877393541011717559e+01,3.747542254160762809e+01
5.879394112603601030e+01,3.434693374583977743e+01
5.881394684195484501e+01,3.146630767753731561e+01
5.883395255787367972e+01,2.959316807684301764e+01
5.885395827379251443e+01,2.773254961985187350e+01
5.887396398971134914e+01,2.519009909290402760e+01
5.889396970563018385e+01,2.333833238433977186e+01
5.891397542154901856e+01,2.225438777545220859e+01
5.893398113746785327e+01,2.079080901854768371e+01
5.895398685338668798e+01,1.878036642804797296e+01
5.897399256930551559e+01,1.851731640552118563e+01
5.899399828522435030e+01,1.858498481864416618e+01
5.901400400114318501e+01,1.771772159500563504e+01
5.903400971706201972e+01,1.746590101810967255e+01
5.905401543298085443e+01,1.818366574455087203e+01
5.907402114889968914e+01,1.847228747843228547e+01
5.909402686481852385e+01,1.837943538840281832e+01
5.911403258073735856e+01,1.939847905113220605e+01
5.913403829665619327e+01,1.845056592829142161e+01
5.915404401257502087e+01,2.000014302705899638e+01
5.917404972849385558e+01,1.996429973390400647e+01
5.919405544441269029e+01,2.049179215181424141e+01
5.921406116033152500e+01,2.028720659698496576e+01
5.923406687625035971e+01,2.054844896915050612e+01
5.925407259216919442e+01,2.013317279873085397e+01
5.927407830808802913e+01,2.025133495754903379e+01
5.929408402400686384e+01,1.982175373461352308e+01
5.931408973992569855e+01,1.916626658110892834e+01
5.933409545584453326e+01,1.848339991559746309e+01
5.935410117176336087e+01,1.729644688743011471e+01
5.937410688768219558e+01,1.699857359721756467e+01
5.939411260360103029e+01,1.684493676279159047e+01
5.941411831951986500e+01,1.483526810109170846e+01
5.943412403543869971e+01,1.420367823500111371e+01
5.945412975135753442e+01,1.384904874679214970e+01
5.947413546727636913e+01,1.328296254916449470e+01
5.949414118319520384e+01,1.198119212696468061e+01
5.951414689911403855e+01,1.171807896882256550e+01
5.953415261503286615e+01,1.119968299850483362e+01
5.955415833095170086e+01,1.071571190976190024e+01
5.957416404687053557e+01,1.011589029466820122e+01
5.959416976278937028e+01,1.007998295231083929e+01
5.961417547870820499e+01,9.320170896215277168e+00
5.963418119462703970e+01,9.447946265319721704e+00
5.965418691054587441e+01,9.402723823047784535e+00
5.967419262646470912e+01,9.555079522252270863e+00
5.969419834238354383e+01,9.599592315531788600e+00
5.971420405830237144e+01,9.354320249303782475e+00
5.973420977422120615e+01,8.757994919604014328e+00
5.975421549014004086e+01,9.492832990810624594e+00
5.977422120605887557e+01,9.393332467929088381e+00
5.979422692197771028e+01,9.415676242096564508e+00
5.981423263789654499e+01,9.287480561353154584e+00
5.983423835381537970e+01,1.053624033968148765e+01
5.985424406973421441e+01,1.039806557933595244e+01
5.987424978565304912e+01,1.019750497316109872e+01
5.989425550157188383e+01,1.119056288395815812e+01
5.991426121749071143e+01,1.194814406209503943e+01
5.993426693340954614e+01,1.190580019482933061e+01
5.995427264932838085e+01,1.355587796769637876e+01
5.997427836524721556e+01,1.340309176184693030e+01
5.999428408116605027e+01,1.391394718889346649e+01
6.001428979708488498e+01,1.543763920353188013e+01
6.003429551300371969e+01,1.667050283260648058e+01
6.005430122892255440e+01,1.785598872209210697e+01
6.007430694484138911e+01,2.031766507204155658e+01
6.009431266076021672e+01,2.099254199261333298e+01
6.011431837667905143e+01,2.212924306861932777e+01
6.013432409259788614e+01,2.420536604928678059e+01
6.015432980851672085e+01,2.621216896475438318e+01
6.017433552443555556e+01,2.822988286319470319e+01
6.019434124035439027e+01,3.027459227056620961e+01
6.021434695627322498e+01,3.164142727905426256e+01
6.023435267219205969e+01,3.391628137814363697e+01
6.025435838811089440e+01,3.439985764896607634e+01
6.027436410402972911e+01,3.527351459819541901e+01
6.029436981994855671e+01,3.547419458733533304e+01
6.031437553586739142e+01,3.667887141212542446e+01
6.033438125178622613e+01,3.618114764274876194e+01
6.035438696770506084e+01,3.510019463825670272e+01
6.037439268362389555e+01,3.476324710512828631e+01
6.039439839954273026e+01,3.206485514736500164e+01
6.041440411546156497e+01,3.150388638088573146e+01
6.043440983138039968e+01,2.902760036005044242e+01
6.045441554729923439e+01,2.779281414981492304e+01
6.047442126321806199e+01,2.470900686640113264e+01
6.049442697913689670e+01,2.325513874808494563e+01
6.051443269505573141e+01,2.207834101493094181e+01
6.053443841097456612e+01,1.968833217680631975e+01
6.055444412689340083e+01,1.810522145181691656e+01
6.057444984281223554e+01,1.605667266367321844e+01
6.059445555873107025e+01,1.522442451118435969e+01
6.061446127464990496e+01,1.395071598104551924e+01
6.063446699056873967e+01,1.239349105353185720e+01
6.065447270648756728e+01,1.273953230991647168e+01
6.067447842240640199e+01,1.234228186131874416e+01
6.069448413832523670e+01,1.066260710636013798e+01
6.071448985424407141e+01,1.048783488127980235e+01
6.073449557016290612e+01,1.063093126653658516e+01
6.075450128608174083e+01,1.008467244868744039e+01
6.077450700200057554e+01,9.772376999877058878e+00
6.079451271791941025e+01,1.032997801116563963e+01
6.081451843383824496e+01,1.017245679510344303e+01
6.083452414975707967e+01,1.058431994281292354e+01
6.085452986567590727e+01,1.076478797261098563e+01
6.087453558159474198e+01,1.067681059112803510e+01
6.089454129751357669e+01,1.149294290388001905e+01
6.091454701343241140e+01,1.146841388416180507e+01
6.093455272935124611e+01,1.167239752765206440e+01
6.095455844527008082e+01,1.265332846109219211e+01
6.097456416118891553e+01,1.324973940257867255e+01
6.099456987710775024e+01,1.334295288865561346e+01
6.101457559302658495e+01,1.416476396364851453e+01
6.103458130894541256e+01,1.381272967583538325e+01
6.105458702486424727e+01,1.474870620368194274e+01
6.107459274078308198e+01,1.424456143655033102e+01
6.109459845670191669e+01,1.490520949883665480e+01
6.111460417262075140e+01,1.479408405961350326e+01
6.113460988853958611e+01,1.481347370918035899e+01
6.115461560445842082e+01,1.421250403496699732e+01
6.117462132037725553e+01,1.387367126356328484e+01
6.119462703629609024e+01,1.374326497941128977e+01
6.121463275221492495e+01,1.416405514462530668e+01
6.123463846813375255e+01,1.296606276015521786e+01
6.125464418405258726e+01,1.197264768794800105e+01
6.127464989997142197e+01,1.157289678038676684e+01
6.129465561589025668e+01,1.049284958782419253e+01
6.131466133180909139e+01,9.737286244486615061e+00
6.133466704772792610e+01,9.392970013715132183e+00
6.135467276364676081e+01,9.268961187799803270e+00
6.137467847956559552e+01,8.350107787711959162e+00
6.139468419548443023e+01,8.976039985926156817e+00
6.141468991140325784e+01,8.219900090473219123e+00
6.143469562732209255e+01,7.768704817263964557e+00
6.145470134324092726e+01,7.768707306634525800e+00
6.147470705915976197e+01,7.527234339964357090e+00
6.149471277507859668e+01,7.352745719877335162e+00
6.151471849099743139e+01,7.051474317108228362e+00
6.153472420691626610e+01,6.897196615771534312e+00
6.155472992283510081e+01,6.690134356043364150e+00
6.157473563875393552e+01,6.787858664122457419e+00
6.159474135467276312e+01,7.396627541101117309e+00
6.161474707059159783e+01,6.933157247892781427e+00
6.163475278651043254e+01,6.667914706238839528e+00
6.165475850242926725e+01,6.262284740841373321e+00
6.167476421834810196e+01,6.798048625454640614e+00
6.169476993426693667e+01,6.251832451354239595e+00
6.171477565018577138e+01,6.642047689194079396e+00
6.173478136610460609e+01,6.697676912346394396e+00
6.175478708202344080e+01,6.777605898942573148e+00
6.177479279794227551e+01,5.472768075124498921e+00
6.179479851386110312e+01,5.725632177481481122e+00
6.181480422977993783e+01,6.050901103118192736e+00
6.183480994569877254e+01,5.704143405586079574e+00
6.185481566161760725e+01,6.679843627577962906e+00
6.187482137753644196e+01,6.033975758427143177e+00
6.189482709345527667e+01,5.637060266620006033e+00
6.191483280937411138e+01,6.366389396764919439e+00
6.193483852529294609e+01,5.844377542375211121e+00
6.195484424121178080e+01,6.804329222145790723e+00
6.197484995713060840e+01,5.939141185566791492e+00
6.199485567304944311e+01,5.829812296009142969e+00
6.201486138896827782e+01,6.533306813100796973e+00
6.203486710488711253e+01,5.865411247291400620e+00
6.205487282080594724e+01,6.634627778621169369e+00
6.207487853672478195e+01,6.092735322685678412e+00
6.209488425264361666e+01,5.703951067366851646e+00
6.211488996856245137e+01,6.184217596783291526e+00
6.213489568448128608e+01,6.767158191311187565e+00
6.215490140040011369e+01,6.192149304883423966e+00
6.217490711631894840e+01,5.819092480670316370e+00
6.219491283223778311e+01,6.217734921557987349e+00
6.221491854815661782e+01,6.672165407480488142e+00
6.223492426407545253e+01,6.261550525017334223e+00
6.225492997999428724e+01,6.461928932415434979e+00
6.227493569591312195e+01,5.612311013871366328e+00
6.229494141183195666e+01,6.272808938500215703e+00
6.231494712775079137e+01,6.173847262628278543e+00
6.233495284366962608e+01,6.174003593638585308e+00
6.235495855958845368e+01,5.931413567675239307e+00
6.237496427550728839e+01,5.430571023116154805e+00
6.239496999142612310e+01,6.447560330944417828e+00
6.241497570734495781e+01,5.546132492183799556e+00
6.243498142326379252e+01,5.524021312368391889e+00
6.245498713918262723e+01,5.829604692594005044e+00
6.247499285510146194e+01,6.391023890380745698e+00
6.249499857102029665e+01,6.454688724475528439e+00
6.251500428693913136e+01,6.423113445134086774e+00
6.253501000285795897e+01,6.386395337298681696e+00
6.255501571877679368e+01,6.962525573362187359e+00
6.257502143469562839e+01,6.737072105928115562e+00
6.259502715061446310e+01,7.095910831365182858e+00
6.261503286653329781e+01,6.711216404343696595e+00
6.263503858245213252e+01,6.667495206151092368e+00
6.265504429837096723e+01,6.921846338259619813e+00
6.267505001428980194e+01,7.719871137486460810e+00
6.269505573020863665e+01,6.672950034584675727e+00
6.271506144612747136e+01,7.538426357602136640e+00
6.273506716204629896e+01,7.330680367882250970e+00
6.275507287796513367e+01,6.981138397149902808e+00
6.277507859388396838e+01,7.911312970335000472e+00
6.279508430980280309e+01,8.545192763634759103e+00
6.281509002572163780e+01,7.956945468010047762e+00
6.283509574164047251e+01,8.461138603409988690e+00
6.285510145755930722e+01,7.662008189418108017e+00
6.287510717347814193e+01,8.198747587441371110e+00
6.289511288939697664e+01,8.323719620009295994e+00
6.291511860531580425e+01,8.423573588116454403e+00
6.293512432123463896e+01,9.385550513020191943e+00
6.295513003715347367e+01,8.701997295642934560e+00
6.297513575307230838e+01,9.951963792577611656e+00
6.299514146899114309e+01,9.999451901941920795e+00
6.301514718490997780e+01,1.046965080990452890e+01
6.303515290082881251e+01,1.071036157036624203e+01
6.305515861674764722e+01,1.094375515130745313e+01
6.307516433266648193e+01,1.191793204684764973e+01
6.309517004858530953e+01,1.139378710369063974e+01
6.311517576450414424e+01,1.208205578166625216e+01
6.313518148042297895e+01,1.229122725158459062e+01
6.315518719634181366e+01,1.361262013346072308e+01
6.317519291226064837e+01,1.363882455364424828e+01
6.319519862817948308e+01,1.308368133212671580e+01
6.321520434409831779e+01,1.365382253114026945e+01
6.323521006001715250e+01,1.457005861556233128e+01
6.325521577593598721e+01,1.449716584492017901e+01
6.327522149185482192e+01,1.455834186018255139e+01
6.329522720777364952e+01,1.352731999895362591e+01
6.331523292369248423e+01,1.412355369565552188e+01
6.333523863961131894e+01,1.349740135315106215e+01
6.335524435553015365e+01,1.271718019119093057e+01
6.337525007144898836e+01,1.283089767289744643e+01
6.339525578736782307e+01,1.174850429535763396e+01
6.341526150328665778e+01,1.251083404193005322e+01
6.343526721920549249e+01,1.226685095544562998e+01
6.345527293512432720e+01,1.052273041836963330e+01
6.347527865104315481e+01,1.072899998829352697e+01
6.349528436696198952e+01,1.058848078878811449e+01
6.351529008288082423e+01,9.370836732614789000e+00
6.353529579879965894e+01,9.697600951261360791e+00
6.355530151471849365e+01,8.301156838091891643e+00
6.357530723063732836e+01,8.412872729055422383e+00
6.359531294655616307e+01,7.922995284823717732e+00
6.361531866247499778e+01,7.835198136107132783e+00
6.363532437839383249e+01,7.612529952332771188e+00
6.365533009431266720e+01,7.352649731098521713e+00
6.367533581023149480e+01,7.192524834491894836e+00
6.369534152615032951e+01,7.154236565010423377e+00
6.371534724206916422e+01,7.309366545409130111e+00
6.373535295798799893e+01,6.830676311785592425e+00
6.375535867390683364e+01,7.015128523115325976e+00
6.377536438982566835e+01,6.105133828123081585e+00
6.379537010574450306e+01,6.612432788258675309e+00
6.381537582166333777e+01,6.946068576696495356e+00
6.383538153758217248e+01,6.760311886052452479e+00
6.385538725350100009e+01,6.780599971913313873e+00
6.387539296941983480e+01,6.812286911246577148e+00
6.389539868533866951e+01,6.543284418525762369e+00
6.391540440125750422e+01,5.905499985812055819e+00
6.393541011717633893e+01,5.979299917471254666e+00
6.395541583309517364e+01,6.746868696567803525e+00
6.397542154901400835e+01,6.279320904662867520e+00
6.399542726493284306e+01,7.376113261048255154e+00
6.401543298085167066e+01,6.854218864065185102e+00
6.403543869677051248e+01,6.632925421590462278e+00
6.405544441268934008e+01,6.634166395090686841e+00
6.407545012860816769e+01,6.746058117322133896e+00
6.409545584452700950e+01,7.047744550470875780e+00
6.411546156044585132e+01,6.826114554018835712e+00
6.413546727636467892e+01,7.317875715152906579e+00
6.415547299228350653e+01,6.447142094099851839e+00
6.417547870820234834e+01,6.323385925366745042e+00
6.419548442412119016e+01,6.646675726313409527e+00
6.421549014004001776e+01,6.774898013994427259e+00
6.423549585595884537e+01,6.840759076783223591e+00
6.425550157187768718e+01,6.658296862136859673e+00
6.427550728779651479e+01,7.370019982890811505e+00
6.429551300371534239e+01,5.737499915505447134e+00
6.431551871963418421e+01,6.858714234094737350e+00
6.433552443555302602e+01,6.948473851382289901e+00
6.435553015147185363e+01,5.581187384603392587e+00
6.437553586739068123e+01,6.166528835742196790e+00
6.439554158330952305e+01,6.194429943000773875e+00
6.441554729922835065e+01,5.882647549300934031e+00
6.443555301514717826e+01,6.200355717981781645e+00
6.445555873106602007e+01,6.366037426094812268e+00
6.447556444698486189e+01,5.836561335861462751e+00
6.449557016290368949e+01,5.828730093844088245e+00
6.451557587882251710e+01,5.739693630670199553e+00
6.453558159474135891e+01,6.280591062176907435e+00
6.455558731066020073e+01,6.086847423794029766e+00
6.457559302657902833e+01,6.404091775176921963e+00
6.459559874249785594e+01,5.970105319707014857e+00
6.461560445841669775e+01,5.388860166674461993e+00
6.463561017433552536e+01,5.390573503860418114e+00
6.465561589025435296e+01,6.056894959661082822e+00
6.467562160617319478e+01,5.412616755894545939e+00
6.469562732209203659e+01,5.655872061280000196e+00
6.471563303801086420e+01,6.586343343236713999e+00
6.473563875392969180e+01,5.926312709850564353e+00
6.475564446984853362e+01,5.520280614111438666e+00
6.477565018576737543e+01,6.299180057433190427e+00
6.479565590168618883e+01,5.311479748188045136e+00
6.481566161760503064e+01,5.807603177965510177e+00
6.483566733352387246e+01,5.795307619145368072e+00
6.485567304944270006e+01,6.087627273765393809e+00
6.487567876536152767e+01,5.798754303175344127e+00
6.489568448128036948e+01,5.459089408090010309e+00
6.491569019719921130e+01,5.996892023227610835e+00
6.493569591311803890e+01,6.349533726495074859e+00
6.495570162903686651e+01,5.407997934268811591e+00
6.497570734495570832e+01,5.953905158379990681e+00
6.499571306087453593e+01,6.233003905678835999e+00
6.501571877679336353e+01,5.393820766354441965e+00
6.503572449271220535e+01,5.328057455942303733e+00
6.505573020863104716e+01,5.757413645827664794e+00
6.507573592454987477e+01,6.597786474812643576e+00
6.509574164046870237e+01,5.569263419048061436e+00
6.511574735638754419e+01,5.717231516382840439e+00
6.513575307230638600e+01,6.409084894654082376e+00
6.515575878822521361e+01,6.410475727941125079e+00
6.517576450414404121e+01,6.038002873530984971e+00
6.519577022006288303e+01,5.811529137675005785e+00
6.521577593598171063e+01,5.509679229796509148e+00
6.523578165190053824e+01,6.085394277979935040e+00
6.525578736781938005e+01,6.270624845498135258e+00
6.527579308373822187e+01,5.692064398169726758e+00
6.529579879965704947e+01,5.831896162882660661e+00
6.531580451557587708e+01,6.618097397663093240e+00
6.533581023149471889e+01,6.101983304433238331e+00
6.535581594741354650e+01,5.605186242114767126e+00
6.537582166333237410e+01,6.351488743594009279e+00
6.539582737925121592e+01,5.835635430851470851e+00
6.541583309517005773e+01,6.293928209963553400e+00
6.543583881108888534e+01,5.730942098451803801e+00
6.545584452700771294e+01,6.490507398925966953e+00
6.547585024292655476e+01,5.515674213625550770e+00
6.549585595884539657e+01,6.249223951720425774e+00
6.551586167476422418e+01,5.641520393266088895e+00
6.553586739068305178e+01,6.769057103107392948e+00
6.555587310660189360e+01,6.578962888225055039e+00
6.557587882252072120e+01,6.325423455822845931e+00
6.559588453843954881e+01,5.984815091948346932e+00
6.561589025435839062e+01,6.261483353201851898e+00
6.563589597027723244e+01,6.596990060636870545e+00
6.565590168619606004e+01,6.794088551230497153e+00
6.567590740211488765e+01,6.049778732934944614e+00
6.569591311803372946e+01,5.987658144709175900e+00
6.571591883395257128e+01,6.487608871898590479e+00
6.573592454987138467e+01,6.220140495118675616e+00
6.575593026579022649e+01,5.772820062740510849e+00
6.577593598170906830e+01,6.100706516701412951e+00
6.579594169762789591e+01,5.693728576144876818e+00
6.581594741354672351e+01,6.211602100882030797e+00
6.583595312946556533e+01,5.366878637311758737e+00
6.585595884538440714e+01,6.520381310559158372e+00
6.587596456130323475e+01,5.890263782777173773e+00
6.589597027722206235e+01,6.358038050031742827e+00
6.591597599314090417e+01,5.921023295955484045e+00
6.593598170905973177e+01,6.349955381680338462e+00
6.595598742497855937e+01,6.524538720227006650e+00
6.597599314089740119e+01,5.901959731233207052e+00
6.599599885681624301e+01,6.502163394549917541e+00
6.601600457273507061e+01,5.888252233319916762e+00
6.603601028865389821e+01,6.309618530946936588e+00
6.605601600457274003e+01,5.697589093438280017e+00
6.607602172049158185e+01,6.751499967430440563e+00
6.609602743641040945e+01,5.784604559302994886e+00
6.611603315232923705e+01,6.374156026594020474e+00
6.613603886824807887e+01,6.200345892438925866e+00
6.615604458416690647e+01,6.934053175633545507e+00
6.617605030008573408e+01,6.378312588618748613e+00
6.619605601600457589e+01,6.238002144355748513e+00
6.621606173192341771e+01,5.313836456314888324e+00
6.623606744784224531e+01,5.404140398241211507e+00
6.625607316376107292e+01,6.371841163701970956e+00
6.627607887967991473e+01,6.068806979819154179e+00
6.629608459559874234e+01,6.005435816374692592e+00
6.631609031151756994e+01,5.497311437420219882e+00
6.633609602743641176e+01,5.953399085684727865e+00
6.635610174335525357e+01,5.513652735390157211e+00
6.637610745927408118e+01,5.224780737679123988e+00
6.639611317519290878e+01,6.126957531485169639e+00
6.641611889111175060e+01,6.242037677726862022e+00
6.643612460703059241e+01,5.586183487865175046e+00
6.645613032294942002e+01,5.793176751940370295e+00
6.647613603886824762e+01,6.049296421652902822e+00
6.649614175478708944e+01,6.069650503818487586e+00
6.651614747070591704e+01,5.319960352497135503e+00
6.653615318662474465e+01,6.014836661065391610e+00
6.655615890254358646e+01,5.344710568206437529e+00
6.657616461846242828e+01,5.153329297183896429e+00
6.659617033438125588e+01,5.834107277336578079e+00
6.661617605030008349e+01,6.363902966428449659e+00
6.663618176621892530e+01,6.584162673773050756e+00
6.665618748213776712e+01,5.875684336781064943e+00
6.667619319805658051e+01,5.438760273001354228e+00
6.669619891397542233e+01,6.377092490401613745e+00
6.671620462989426414e+01,5.957180123605667177e+00
6.673621034581309175e+01,6.415979152794437645e+00
6.675621606173191935e+01,6.683512949928349656e+00
6.677622177765076117e+01,6.687485907005090269e+00
6.679622749356960298e+01,6.124753897834992244e+00
6.681623320948843059e+01,6.018954864332963339e+00
6.683623892540725819e+01,6.606647953061376199e+00
6.685624464132610001e+01,6.221620374400331777e+00
6.687625035724492761e+01,7.380798136572692236e+00
6.689625607316375522e+01,6.213062919821114249e+00
6.691626178908259703e+01,6.075513722599064081e+00
6.693626750500143885e+01,6.156910636008975146e+00
6.695627322092026645e+01,6.758803329005858451e+00
6.697627893683909406e+01,6.602750499378512217e+00
6.699628465275793587e+01,6.280470651987917208e+00
6.701629036867677769e+01,6.166772817655100880e+00
6.703629608459560529e+01,6.973303627973285401e+00
6.705630180051443290e+01,6.701391049462596783e+00
6.707630751643327471e+01,7.231066395614902831e+00
6.709631323235210232e+01,7.137615490299547893e+00
6.711631894827092992e+01,7.425756609006149311e+00
6.713632466418977174e+01,6.441017074422394018e+00
6.715633038010861355e+01,7.183460725390130364e+00
6.717633609602744116e+01,6.772261910623869063e+00
6.719634181194626876e+01,7.251694671693636352e+00
6.721634752786511058e+01,6.724021668413074693e+00
6.723635324378393818e+01,7.046754842422206622e+00
6.725635895970276579e+01,6.766156940694488142e+00
6.727636467562160760e+01,7.169985110261656303e+00
6.729637039154044942e+01,5.996497702359118165e+00
6.731637610745927702e+01,6.028841077460436182e+00
6.733638182337810463e+01,6.433809541417177869e+00
6.735638753929694644e+01,6.757145007175729745e+00
6.737639325521578826e+01,6.937708662869509268e+00
6.739639897113461586e+01,6.760987263428877903e+00
6.741640468705344347e+01,6.227428218669613713e+00
6.743641040297228528e+01,6.258361156104934153e+00
6.745641611889111289e+01,5.855893442056012255e+00
6.747642183480994049e+01,5.831219560287969728e+00
6.749642755072878231e+01,6.316406640711723419e+00
6.751643326664762412e+01,6.300350669715649943e+00
6.753643898256645173e+01,6.247885011499658248e+00
6.755644469848527933e+01,6.456166892163578197e+00
6.757645041440412115e+01,5.939082560321283566e+00
6.759645613032296296e+01,6.360869290442433766e+00
6.761646184624177636e+01,6.731188546053772370e+00
6.763646756216061817e+01,6.672381756353569671e+00
6.765647327807945999e+01,6.367387534615785327e+00
6.767647899399828759e+01,6.700536082807973415e+00
6.769648470991711520e+01,6.427578922789400906e+00
6.771649042583595701e+01,6.520320824199398402e+00
6.773649614175479883e+01,6.462285721175270226e+00
6.775650185767362643e+01,6.727514780191372168e+00
6.777650757359245404e+01,6.797468949676231276e+00
6.779651328951129585e+01,6.202726259115930674e+00
6.781651900543012346e+01,6.430710921113801604e+00
6.783652472134895106e+01,5.953880827358263517e+00
6.785653043726779288e+01,6.528015672400085734e+00
6.787653615318663469e+01,6.494441896514919321e+00
6.789654186910546230e+01,6.468008554689256506e+00
6.791654758502428990e+01,5.842898831922004987e+00
6.793655330094313172e+01,5.441602621676716822e+00
6.795655901686197353e+01,5.706353681896499275e+00
6.797656473278080114e+01,5.658238795633516283e+00
6.799657044869962874e+01,5.874989874464306538e+00
6.801657616461847056e+01,5.627068387078758782e+00
6.803658188053729816e+01,6.052718536789173598e+00
6.805658759645612577e+01,5.218486882414684835e+00
6.807659331237496758e+01,5.879957380627725883e+00
6.809659902829380940e+01,5.673460025293886488e+00
6.811660474421263700e+01,5.537039798661968604e+00
6.813661046013146461e+01,5.953118037883143643e+00
6.815661617605030642e+01,5.911610485607250887e+00
6.817662189196913403e+01,5.977637804103913766e+00
6.819662760788796163e+01,5.259096898902316575e+00
6.821663332380680345e+01,6.010238555334831645e+00
6.823663903972564526e+01,5.742214185554278316e+00
6.825664475564447287e+01,6.280059947779554896e+00
6.827665047156330047e+01,5.820566822538608243e+00
6.829665618748214229e+01,5.585461502575829407e+00
6.831666190340098410e+01,5.765307821432967827e+00
6.833666761931981171e+01,6.207976934262839031e+00
6.835667333523863931e+01,5.238891381756486609e+00
6.837667905115748113e+01,6.546939715875465637e+00
6.839668476707630873e+01,5.412803960170057493e+00
6.841669048299513634e+01,5.466668922594093871e+00
6.843669619891397815e+01,5.161310469408528334e+00
6.845670191483281997e+01,5.343969113568233453e+00
6.847670763075164757e+01,5.619426905571531350e+00
6.849671334667047518e+01,5.403413483757120161e+00
6.851671906258931699e+01,6.051267210664631691e+00
6.853672477850815881e+01,6.524631052819781729e+00
6.855673049442697220e+01,4.880830331020003854e+00
6.857673621034581402e+01,5.762505551693799077e+00
6.859674192626465583e+01,6.342139608170492160e+00
6.861674764218348344e+01,4.991340664319741549e+00
6.863675335810231104e+01,5.818870992755496019e+00
6.865675907402115286e+01,6.095706077040346393e+00
6.867676478993999467e+01,5.502084355771220459e+00
6.869677050585882228e+01,5.587904584193969626e+00
6.871677622177764988e+01,6.241931907100293664e+00
6.873678193769649170e+01,6.025128538599453520e+00
6.875678765361531930e+01,5.521052818147881069e+00
6.877679336953414690e+01,6.270055120870591914e+00
6.879679908545298872e+01,5.229899938672643245e+00
6.881680480137183054e+01,6.179598754614729295e+00
6.883681051729065814e+01,5.942771837541871882e+00
6.885681623320948574e+01,5.546821490091236484e+00
6.887682194912832756e+01,5.431204506333607185e+00
6.889682766504716938e+01,5.438654078138416281e+00
6.891683338096599698e+01,5.412951480292939266e+00
6.893683909688482458e+01,5.586477227276814617e+00
6.895684481280366640e+01,5.968204105840986706e+00
6.897685052872249400e+01,6.131608006722197857e+00
6.899685624464132161e+01,5.686392915419530070e+00
6.901686196056016342e+01,5.742468476392279086e+00
6.903686767647900524e+01,5.341524060459641454e+00
6.905687339239783284e+01,6.252521335194591856e+00
6.907687910831666045e+01,6.275270938277784261e+00
6.909688482423550226e+01,6.215516399132038572e+00
6.911689054015432987e+01,6.506932080910917904e+00
6.913689625607315747e+01,6.132963178263569404e+00
6.915690197199199929e+01,5.481132878217199078e+00
6.917690768791084110e+01,5.481958874069871257e+00
6.919691340382966871e+01,4.968419736488292493e+00
6.921691911974849631e+01,5.892428986742471508e+00
6.923692483566733813e+01,6.307243821534106232e+00
6.925693055158617994e+01,5.913770720517696589e+00
6.927693626750500755e+01,5.113298405221507359e+00
6.929694198342383515e+01,6.392044714015224116e+00
6.931694769934267697e+01,5.102398068664539821e+00
6.933695341526150457e+01,6.219300058577934109e+00
6.935695913118033218e+01,4.852035765495164910e+00
6.937696484709917399e+01,5.089207738050085972e+00
6.939697056301801581e+01,6.181543954383401207e+00
6.941697627893684341e+01,5.926826004172353279e+00
6.943698199485567102e+01,5.588927501282171306e+00
6.945698771077451283e+01,6.176833398262511210e+00
6.947699342669335465e+01,5.317074236840921841e+00
6.949699914261216804e+01,6.321951968628725105e+00
6.951700485853100986e+01,5.430198556756935524e+00
6.953701057444985167e+01,5.678552543361065297e+00
6.955701629036867928e+01,5.904594947178768649e+00
6.957702200628750688e+01,5.970448075143506728e+00
6.959702772220634870e+01,5.275434990154657555e+00
6.961703343812519051e+01,6.055909365049785720e+00
6.963703915404401812e+01,5.169247624486668968e+00
6.965704486996284572e+01,6.090948723255829478e+00
6.967705058588168754e+01,5.675995483872066316e+00
6.969705630180051514e+01,5.156772766438875166e+00
6.971706201771934275e+01,5.050867852305660044e+00
6.973706773363818456e+01,6.317203659897908885e+00
6.975707344955702638e+01,6.019833513679557768e+00
6.977707916547585398e+01,5.253908119263160259e+00
6.979708488139468159e+01,5.763337375741984125e+00
6.981709059731352340e+01,6.020930203157876193e+00
6.983709631323236522e+01,5.586564820162555733e+00
6.985710202915119282e+01,6.077998636135784949e+00
6.987710774507002043e+01,5.648385255156320284e+00
6.989711346098886224e+01,5.662496368695795645e+00
6.991711917690768985e+01,6.183812488615805236e+00
6.993712489282651745e+01,5.840949944736093968e+00
6.995713060874535927e+01,5.738312254061224138e+00
6.997713632466420108e+01,5.153683564580971321e+00
6.999714204058302869e+01,5.740960220329409225e+00
7.001714775650185629e+01,5.881487730138735159e+00
7.003715347242069811e+01,4.945468335585109898e+00
7.005715918833952571e+01,6.115065941377851644e+00
7.007716490425835332e+01,5.873377485830749478e+00
7.009717062017719513e+01,6.157605849307536516e+00
7.011717633609603695e+01,6.072942291067525034e+00
7.013718205201486455e+01,5.654808822578406335e+00
7.015718776793369216e+01,5.600196333536716864e+00
7.017719348385253397e+01,6.107216506329812056e+00
7.019719919977137579e+01,5.106535598875634463e+00
7.021720491569020339e+01,5.867352158503152282e+00
7.023721063160903100e+01,5.859174562801241493e+00
7.025721634752787281e+01,6.149048187430155465e+00
7.027722206344670042e+01,5.953089457971670662e+00
7.029722777936552802e+01,6.626318821661246972e+00
7.031723349528436984e+01,6.488431735944402590e+00
7.033723921120321165e+01,5.886859444216270276e+00
7.035724492712203926e+01,6.100130677760773779e+00
7.037725064304086686e+01,6.015732386941371246e+00
7.039725635895970868e+01,6.167898802975813943e+00
7.041726207487855049e+01,5.838239596954714727e+00
7.043726779079736389e+01,6.856288709111419521e+00
7.045727350671620570e+01,6.388823851311034474e+00
7.047727922263504752e+01,5.486625680470738509e+00
7.049728493855387512e+01,7.041426728914061961e+00
7.051729065447270273e+01,6.232716752668448379e+00
7.053729637039154454e+01,6.274443018099892910e+00
7.055730208631038636e+01,6.420129894786196445e+00
7.057730780222921396e+01,6.467117928444196195e+00
7.059731351814804157e+01,7.432121707793655219e+00
7.061731923406688338e+01,6.601710911356216016e+00
7.063732494998571099e+01,6.714545296118084039e+00
7.065733066590453859e+01,6.093378020375542548e+00
7.067733638182338041e+01,7.340320281942757319e+00
7.069734209774222222e+01,6.836715874780161961e+00
7.071734781366104983e+01,6.814290063282950172e+00
7.073735352957987743e+01,7.121074802597455289e+00
7.075735924549871925e+01,7.557690414273608326e+00
7.077736496141756106e+01,7.333536062435746850e+00
7.079737067733638867e+01,7.570632104056461031e+00
7.081737639325521627e+01,7.556201724225935834e+00
7.083738210917405809e+01,7.780288072609906180e+00
7.085738782509288569e+01,7.990808254985351411e+00
7.087739354101171330e+01,7.219308109239936044e+00
7.089739925693055511e+01,8.319292664939258231e+00
7.091740497284939693e+01,7.572123075561192351e+00
7.093741068876822453e+01,7.738407737723093760e+00
7.095741640468705214e+01,8.276987227929881286e+00
7.097742212060589395e+01,7.469909576560404219e+00
7.099742783652472156e+01,7.151407819426141899e+00
7.101743355244354916e+01,6.801941550805803871e+00
7.103743926836239098e+01,7.406482267240532380e+00
7.105744498428123279e+01,7.728906705298117075e+00
7.107745070020006040e+01,7.340915188286954773e+00
7.109745641611888800e+01,7.251680929503573125e+00
7.111746213203772982e+01,6.782545519056720096e+00
7.113746784795657163e+01,7.134288319291183456e+00
7.115747356387539924e+01,7.052035415905562488e+00
7.117747927979422684e+01,6.661080198574983235e+00
7.119748499571306866e+01,6.943964297609618086e+00
7.121749071163189626e+01,6.652839647549504853e+00
7.123749642755072387e+01,6.725548537945606142e+00
7.125750214346956568e+01,7.156588971432881863e+00
7.127750785938840750e+01,6.492692967749169597e+00
7.129751357530723510e+01,6.185226303029009998e+00
7.131751929122606271e+01,6.987381466405988562e+00
7.133752500714490452e+01,6.305803268674846862e+00
7.135753072306374634e+01,7.493237264872279368e+00
7.137753643898255973e+01,7.735252828573113248e+00
7.139754215490140155e+01,6.928033015264579042e+00
7.141754787082024336e+01,7.262913718074312186e+00
7.143755358673907097e+01,7.228224264415429090e+00
7.145755930265789857e+01,7.716688611694757505e+00
7.147756501857674039e+01,6.926173376910073287e+00
7.149757073449558220e+01,7.778274638889334902e+00
7.151757645041440981e+01,7.108380283245958609e+00
7.153758216633323741e+01,7.435576256085191460e+00
7.155758788225207923e+01,7.642403533465273568e+00
7.157759359817090683e+01,6.544507137804622232e+00
7.159759931408973443e+01,6.438884467985106497e+00
7.161760503000857625e+01,7.157778149642512133e+00
7.163761074592741807e+01,6.504267174463629786e+00
7.165761646184624567e+01,7.336426197537048388e+00
7.167762217776507327e+01,5.893856591162553116e+00
7.169762789368391509e+01,6.410102700565161626e+00
7.171763360960275691e+01,6.637925468710585974e+00
7.173763932552158451e+01,6.581617155703914257e+00
7.175764504144041211e+01,5.635254884192328007e+00
7.177765075735925393e+01,7.123664387171505297e+00
7.179765647327808153e+01,7.068188056153431376e+00
7.181766218919690914e+01,6.109406645869339236e+00
7.183766790511575095e+01,5.538693147975285669e+00
7.185767362103459277e+01,6.543602260402950677e+00
7.187767933695342037e+01,6.397669330991132774e+00
7.189768505287224798e+01,6.527321054189894056e+00
7.191769076879108979e+01,6.406325850515733222e+00
7.193769648470991740e+01,6.146462621509781066e+00
7.195770220062874500e+01,6.541151707818199768e+00
7.197770791654758682e+01,5.578629580110078479e+00
7.199771363246642863e+01,5.915423356057801563e+00
7.201771934838525624e+01,6.352821590297540233e+00
7.203772506430408384e+01,5.747266794996157557e+00
7.205773078022292566e+01,6.152013682007541284e+00
7.207773649614176747e+01,6.113093841752814228e+00
7.209774221206059508e+01,6.305068552168158647e+00
7.211774792797942268e+01,6.096957023621053295e+00
7.213775364389826450e+01,6.654656287400614545e+00
7.215775935981709210e+01,6.535791608399043717e+00
7.217776507573591971e+01,5.853453034813309586e+00
7.219777079165476152e+01,6.240295602932495633e+00
7.221777650757360334e+01,7.353140144265495337e+00
7.223778222349243094e+01,6.756120931900614579e+00
7.225778793941125855e+01,6.722786453893322189e+00
7.227779365533010036e+01,7.489837173155741823e+00
7.229779937124894218e+01,6.245355053688744995e+00
7.231780508716775557e+01,7.823727802819101740e+00
7.233781080308659739e+01,7.162327726512713433e+00
7.235781651900543920e+01,6.702806207182824494e+00
7.237782223492426681e+01,7.172277296304464755e+00
7.239782795084309441e+01,7.284811428296199765e+00
7.241783366676193623e+01,7.725601877278355012e+00
7.243783938268077804e+01,8.217123972694935219e+00
7.245784509859960565e+01,7.716716006156542740e+00
7.247785081451843325e+01,8.401465709681044558e+00
7.249785653043727507e+01,8.789698659642752432e+00
7.251786224635610267e+01,8.198520004137781925e+00
7.253786796227493028e+01,9.202824313092513364e+00
7.255787367819377209e+01,8.811756131687268123e+00
7.257787939411261391e+01,9.509406292966348317e+00
7.259788511003144151e+01,1.035814991567109189e+01
7.261789082595026912e+01,9.750989196054955954e+00
7.263789654186911093e+01,9.606146926861161006e+00
7.265790225778795275e+01,9.816879491743488728e+00
7.267790797370678035e+01,9.767436712033251922e+00
7.269791368962560796e+01,1.023965394203751345e+01
7.271791940554444977e+01,1.032665545606269042e+01
7.273792512146327738e+01,9.965071897832210368e+00
7.275793083738210498e+01,9.832495179176877542e+00
7.277793655330094680e+01,9.337923521024309892e+00
7.279794226921978861e+01,8.748268897152474466e+00
7.281794798513861622e+01,1.008645960057371838e+01
7.283795370105744382e+01,9.595575587375986260e+00
7.285795941697628564e+01,9.306399811516872234e+00
7.287796513289511324e+01,9.183025719255876851e+00
7.289797084881394085e+01,8.971297972209292482e+00
7.291797656473278266e+01,9.307299425276234217e+00
7.293798228065162448e+01,9.214703841403311557e+00
7.295798799657045208e+01,8.253463029075701840e+00
7.297799371248927969e+01,8.136681884074137727e+00
7.299799942840812150e+01,7.090389228624294660e+00
7.301800514432696332e+01,7.968405926438682840e+00
7.303801086024579092e+01,7.273404610337298237e+00
7.305801657616461853e+01,6.904577839893091706e+00
7.307802229208346034e+01,8.071881599283607045e+00
7.309802800800228795e+01,7.024859668148300429e+00
7.311803372392111555e+01,7.019379767329643194e+00
7.313803943983995737e+01,7.540515481941338471e+00
7.315804515575879918e+01,7.413742426383337580e+00
7.317805087167762679e+01,7.426230795708538501e+00
7.319805658759645439e+01,8.335407325984093063e+00
7.321806230351529621e+01,8.296188285739491519e+00
7.323806801943413802e+01,7.750240148644667926e+00
7.325807373535295142e+01,8.494564123769972497e+00
7.327807945127179323e+01,8.487463822857758800e+00
7.329808516719063505e+01,9.981649816582422119e+00
7.331809088310946265e+01,9.508186458592362555e+00
7.333809659902829026e+01,1.058145230803912362e+01
7.335810231494713207e+01,1.070367637085310974e+01
7.337810803086597389e+01,1.207549045840576696e+01
7.339811374678480149e+01,1.175612391969053405e+01
7.341811946270362910e+01,1.290287351710970398e+01
7.343812517862247091e+01,1.260834153268419300e+01
7.345813089454129852e+01,1.336317296643934327e+01
7.347813661046012612e+01,1.412062072158440884e+01
7.349814232637896794e+01,1.457781407727040346e+01
7.351814804229780975e+01,1.462396120738475602e+01
7.353815375821663736e+01,1.467783127484583261e+01
7.355815947413546496e+01,1.449287352436845744e+01
7.357816519005430678e+01,1.553039302921938436e+01
7.359817090597314859e+01,1.398188651129911442e+01
7.361817662189197620e+01,1.414669984214534892e+01
7.363818233781080380e+01,1.384334604062799201e+01
7.365818805372964562e+01,1.288792994074496079e+01
7.367819376964847322e+01,1.300870904090533386e+01
7.369819948556730083e+01,1.165424741677870024e+01
7.371820520148614264e+01,1.123511410192319104e+01
7.373821091740498446e+01,1.077497445473243332e+01
7.375821663332381206e+01,9.470288484448328603e+00
7.377822234924263967e+01,9.250038156244530185e+00
7.379822806516148148e+01,9.616911173467096674e+00
7.381823378108030909e+01,8.500347605541913154e+00
7.383823949699913669e+01,8.610268283957369206e+00
7.385824521291797851e+01,7.731400143632129129e+00
7.387825092883682032e+01,8.506796763446558884e+00
7.389825664475564793e+01,7.940079021858450048e+00
7.391826236067447553e+01,6.585892310894671198e+00
7.393826807659331735e+01,7.433507294269944055e+00
7.395827379251215916e+01,7.095082770645040782e+00
7.397827950843098677e+01,6.401400917276562907e+00
7.399828522434981437e+01,6.820619138724747899e+00
7.401829094026865619e+01,6.703959415970468072e+00
7.403829665618748379e+01,5.820815043403207767e+00
7.405830237210632561e+01,5.962141399889003601e+00
7.407830808802515321e+01,6.281724388256165525e+00
7.409831380394398082e+01,6.355610455034796935e+00
7.411831951986282263e+01,5.986827056722567875e+00
7.413832523578165024e+01,6.822472232926925173e+00
7.415833095170049205e+01,6.875731791521843661e+00
7.417833666761931966e+01,6.565999956619826605e+00
7.419834238353816147e+01,5.901856091432819085e+00
7.421834809945698908e+01,5.934962776883844882e+00
7.423835381537583089e+01,5.934872886432154715e+00
7.425835953129465850e+01,5.445749844721888167e+00
7.427836524721348610e+01,6.391739397848765769e+00
7.429837096313232792e+01,6.702659489049620944e+00
7.431837667905115552e+01,6.339920038302574667e+00
7.433838239496999734e+01,5.782152450995985404e+00
7.435838811088882494e+01,5.543589413705261038e+00
7.437839382680766676e+01,5.997916128151711490e+00
7.439839954272649436e+01,5.739892765277331499e+00
7.441840525864533618e+01,5.672190213391018254e+00
7.443841097456416378e+01,5.842231391266112794e+00
7.445841669048300560e+01,6.070704385335911724e+00
7.447842240640183320e+01,5.970483278667755300e+00
7.449842812232066080e+01,5.823214244014319974e+00
7.451843383823950262e+01,6.494337011400703297e+00
7.453843955415833022e+01,6.461573152710180956e+00
7.455844527007717204e+01,5.818378503084262299e+00
7.457845098599599964e+01,6.082213093275072424e+00
7.459845670191484146e+01,6.511905481432890497e+00
7.461846241783366906e+01,6.697558831534351498e+00
7.463846813375251088e+01,6.078522437903396636e+00
7.465847384967133848e+01,5.839891529877650811e+00
7.467847956559016609e+01,5.759081700224923495e+00
7.469848528150900790e+01,5.178320913359110378e+00
7.471849099742783551e+01,5.727777547861707674e+00
7.473849671334667732e+01,5.922582130362265218e+00
7.475850242926550493e+01,5.432016894624706715e+00
7.477850814518434674e+01,4.994615306041312763e+00
7.479851386110317435e+01,5.604773074111708553e+00
7.481851957702201616e+01,6.468262017595643343e+00
7.483852529294084377e+01,5.138037239609946738e+00
7.485853100885967137e+01,5.908842270528157137e+00
7.487853672477851319e+01,6.170414241848643400e+00
7.489854244069734079e+01,6.227227971075360635e+00
7.491854815661618261e+01,6.073323996137265368e+00
7.493855387253501021e+01,6.693539427283504040e+00
7.495855958845385203e+01,5.921396611960828338e+00
7.497856530437267963e+01,6.030663334193034686e+00
7.499857102029152145e+01,5.938123088744783118e+00
7.501857673621034905e+01,5.792880171274184420e+00
7.503858245212917666e+01,6.200589421661563350e+00
7.505858816804801847e+01,5.115368343077575375e+00
7.507859388396684608e+01,5.847648594783132481e+00
7.509859959988568789e+01,5.768821278016540433e+00
7.511860531580451550e+01,5.810761112310668608e+00
7.513861103172335731e+01,6.097159382479398815e+00
7.515861674764218492e+01,5.817127618076530560e+00
7.517862246356102673e+01,6.542310013427219850e+00
7.519862817947985434e+01,5.843377053344928740e+00
7.521863389539868194e+01,5.819800320626807633e+00
7.523863961131752376e+01,5.034201218967056413e+00
7.525864532723635136e+01,6.088083766260685259e+00
7.527865104315519318e+01,6.047385099230307759e+00
7.529865675907402078e+01,6.639329676408739722e+00
7.531866247499286260e+01,5.022444176912765457e+00
7.533866819091169020e+01,6.609249239532060116e+00
7.535867390683053202e+01,5.279335696475701667e+00
7.537867962274935962e+01,5.437427086610354010e+00
7.539868533866820144e+01,5.154530262583768341e+00
7.541869105458702904e+01,5.880814095159884403e+00
7.543869677050585665e+01,5.816018142925292622e+00
7.545870248642469846e+01,6.562689625998329390e+00
7.547870820234352607e+01,5.300763976945386702e+00
7.549871391826236788e+01,5.584815562132812161e+00
7.551871963418119549e+01,5.693497259382878539e+00
7.553872535010003730e+01,5.783325049383736705e+00
7.555873106601886491e+01,6.050461955861068830e+00
7.557873678193770672e+01,6.130256781967263535e+00
7.559874249785653433e+01,5.425404349591048891e+00
7.561874821377536193e+01,5.845197935727052041e+00
7.563875392969420375e+01,5.700618255538501877e+00
7.565875964561303135e+01,5.885850680224320897e+00
7.567876536153187317e+01,5.793245224584699926e+00
7.569877107745070077e+01,5.304067867104151901e+00
7.571877679336954259e+01,6.580662621579635996e+00
7.573878250928837019e+01,5.942798236816212665e+00
7.575878822520721201e+01,6.027092606513566153e+00
7.577879394112603961e+01,6.613681875104971297e+00
7.579879965704486722e+01,5.814287494868690231e+00
7.581880537296370903e+01,6.509903324340982955e+00
7.583881108888253664e+01,6.234095146152194289e+00
7.585881680480137845e+01,6.251401195086328855e+00
7.587882252072020606e+01,6.508090819842829333e+00
7.589882823663904787e+01,6.410307810497246628e+00
7.591883395255787548e+01,6.663807459015171020e+00
7.593883966847671729e+01,6.325010225673951325e+00
7.595884538439554490e+01,5.912065233352086224e+00
7.597885110031437250e+01,6.128006289208181911e+00
7.599885681623321432e+01,5.310306428356591724e+00
7.601886253215204192e+01,6.414447563344340963e+00
7.603886824807088374e+01,6.075840166933159203e+00
7.605887396398971134e+01,6.108626259255782287e+00
7.607887967990855316e+01,6.176595791420155024e+00
7.609888539582738076e+01,5.851045476847650306e+00
7.611889111174622258e+01,6.468467197630874743e+00
7.613889682766505018e+01,5.922510037720744691e+00
7.615890254358387779e+01,5.886463257473097954e+00
7.617890825950271960e+01,6.230769545805621590e+00
7.619891397542154721e+01,6.142939545969688275e+00
7.621891969134038902e+01,5.631203310617943103e+00
7.623892540725921663e+01,6.607348075636334528e+00
7.625893112317805844e+01,6.449105602625777145e+00
7.627893683909688605e+01,6.182561211043351435e+00
7.629894255501572786e+01,6.005537998393745802e+00
7.631894827093455547e+01,5.940511806971509046e+00
7.633895398685339728e+01,6.337232744154600361e+00
7.635895970277222489e+01,6.445678331045504805e+00
7.637896541869105249e+01,6.530894152447602963e+00
7.639897113460989431e+01,5.596865715922790585e+00
7.641897685052872191e+01,6.688925733087012659e+00
7.643898256644756373e+01,7.014501442404188936e+00
7.645898828236639133e+01,5.943171749766483103e+00
7.647899399828523315e+01,6.757452656727140017e+00
7.649899971420406075e+01,5.777141517974898832e+00
7.651900543012290257e+01,6.659503335426711246e+00
7.653901114604173017e+01,6.335968348945964834e+00
7.655901686196055778e+01,6.517704966776044273e+00
7.657902257787939959e+01,6.710511364923371858e+00
7.659902829379822720e+01,7.137862071177027090e+00
7.661903400971706901e+01,7.255594256045954538e+00
7.663903972563589662e+01,6.626665152804555703e+00
7.665904544155473843e+01,7.018640458103165614e+00
7.667905115747356604e+01,6.503643789623517968e+00
7.669905687339240785e+01,7.199317723985936723e+00
7.671906258931123546e+01,7.149108424053268962e+00
7.673906830523006306e+01,7.625342244707134398e+00
7.675907402114890488e+01,6.551797442575173491e+00
7.677907973706773248e+01,7.112563018803667703e+00
7.679908545298657430e+01,6.516919812291511960e+00
7.681909116890540190e+01,6.525860003422023325e+00
7.683909688482424372e+01,6.678030542527761071e+00
7.685910260074307132e+01,6.999897413417262015e+00
7.687910831666191314e+01,6.261203346556987626e+00
7.689911403258074074e+01,6.656835169591500012e+00
7.691911974849956835e+01,6.917951425226267936e+00
7.693912546441841016e+01,6.426353239217803548e+00
7.695913118033723777e+01,6.467982566873571315e+00
7.697913689625607958e+01,5.995739035949203100e+00
7.699914261217490719e+01,6.730002524804114650e+00
7.701914832809374900e+01,6.418337650555312912e+00
7.703915404401257661e+01,6.635893337031716577e+00
7.705915975993141842e+01,6.480684377253153272e+00
7.707916547585024603e+01,6.331331911137406010e+00
7.709917119176907363e+01,5.773393769790863495e+00
7.711917690768791545e+01,5.864534721240416637e+00
7.713918262360674305e+01,6.246336992637806063e+00
7.715918833952558487e+01,5.993342576308831937e+00
7.717919405544441247e+01,6.160342798496393435e+00
7.719919977136325429e+01,6.005986154483844430e+00
7.721920548728208189e+01,5.899392685607033116e+00
7.723921120320092371e+01,5.878134481009280599e+00
7.725921691911975131e+01,6.361049185873747902e+00
7.727922263503859313e+01,5.934493266002244027e+00
7.729922835095742073e+01,5.530973275022939006e+00
7.731923406687624833e+01,5.517022551852175383e+00
7.733923978279509015e+01,5.361429310405966042e+00
7.735924549871391775e+01,5.903749964436817876e+00
7.737925121463275957e+01,5.735234028412178553e+00
7.739925693055158717e+01,6.313423460957344524e+00
7.741926264647042899e+01,5.820023125731477620e+00
7.743926836238925659e+01,6.010583428890427626e+00
7.745927407830809841e+01,5.419841242978215234e+00
7.747927979422692601e+01,6.689836780014621453e+00
7.749928551014575362e+01,6.161797897180179007e+00
7.751929122606459543e+01,5.504408737315196198e+00
7.753929694198342304e+01,5.813466540371618585e+00
7.755930265790226485e+01,5.386262428675809844e+00
7.757930837382109246e+01,5.858920411321330235e+00
7.759931408973993427e+01,5.123973646115222991e+00
7.761931980565876188e+01,5.970335431504123491e+00
7.763932552157760369e+01,5.782511977108087287e+00
7.765933123749643130e+01,6.437631829783408755e+00
7.767933695341525890e+01,5.899213806193388976e+00
7.769934266933410072e+01,5.635908705847665345e+00
7.771934838525292832e+01,5.441368747944842710e+00
7.773935410117177014e+01,5.692127556441514358e+00
7.775935981709059774e+01,5.460931974383527177e+00
7.777936553300943956e+01,6.262815244712490070e+00
7.779937124892826716e+01,5.869223047906338309e+00
7.781937696484710898e+01,5.651091503111308256e+00
7.783938268076593658e+01,6.019730508055072704e+00
7.785938839668476419e+01,5.396187295249710303e+00
7.787939411260360600e+01,6.275509449384603755e+00
7.789939982852243361e+01,5.012973913316942642e+00
7.791940554444127542e+01,6.222554301055902570e+00
7.793941126036010303e+01,5.456028991929830596e+00
7.795941697627894484e+01,6.535208002245747494e+00
7.797942269219777245e+01,5.810818766569364691e+00
7.799942840811661426e+01,5.463171336009478019e+00
7.801943412403544187e+01,6.290898903454024804e+00
7.803943983995426947e+01,6.574280281184919694e+00
7.805944555587311129e+01,6.506431246734790008e+00
7.807945127179193889e+01,5.735527742751937552e+00
7.809945698771078071e+01,5.630661029945445151e+00
7.811946270362960831e+01,6.195854274728848310e+00
7.813946841954845013e+01,6.134149997399532594e+00
7.815947413546727773e+01,6.570326093620077579e+00
7.817947985138611955e+01,6.069308454815203646e+00
7.819948556730494715e+01,5.673737286248734080e+00
7.821949128322378897e+01,6.452343833787700156e+00
7.823949699914261657e+01,6.750677552299134021e+00
7.825950271506144418e+01,5.809068097127661368e+00
7.827950843098028599e+01,6.038606174298933205e+00
7.829951414689911360e+01,6.187804508277594095e+00
7.831951986281795541e+01,6.585706323469752377e+00
7.833952557873678302e+01,6.412356028985796819e+00
7.835953129465562483e+01,6.873961988540063572e+00
7.837953701057445244e+01,6.288086042664593478e+00
7.839954272649329425e+01,6.759677727450227991e+00
7.841954844241212186e+01,6.938371957470332418e+00
7.843955415833094946e+01,6.561079973376438446e+00
7.845955987424979128e+01,7.083509826625004280e+00
7.847956559016861888e+01,7.122455616438779558e+00
7.849957130608746070e+01,6.403457524485203223e+00
7.851957702200628830e+01,7.870687315574516063e+00
7.853958273792513012e+01,7.476013394955970170e+00
7.855958845384395772e+01,7.732983078043183411e+00
7.857959416976279954e+01,7.400509764621714837e+00
7.859959988568162714e+01,7.576408803606518916e+00
7.861960560160045475e+01,7.244516957701840454e+00
7.863961131751929656e+01,7.279874056797028814e+00
7.865961703343812417e+01,6.536912949821507723e+00
7.867962274935696598e+01,6.550719386916467712e+00
7.869962846527579359e+01,6.876820808670613516e+00
7.871963418119463540e+01,7.671339843607489328e+00
7.873963989711346301e+01,6.496730081393121026e+00
7.875964561303230482e+01,6.979651738361294377e+00
7.877965132895113243e+01,8.138774158881442844e+00
7.879965704486996003e+01,7.576114826789651424e+00
7.881966276078880185e+01,8.014576680389524199e+00
7.883966847670762945e+01,7.655988730819454524e+00
7.885967419262647127e+01,7.322309505035535793e+00
7.887967990854529887e+01,8.309470104405130897e+00
7.889968562446414069e+01,8.131170635980872419e+00
7.891969134038296829e+01,8.834420996081906452e+00
7.893969705630181011e+01,8.288772228782976370e+00
7.895970277222063771e+01,9.175483806702942502e+00
7.897970848813946532e+01,8.630758253121168622e+00
7.899971420405830713e+01,9.775396779564635708e+00
7.901971991997713474e+01,9.645377592157878155e+00
7.903972563589597655e+01,9.601347690427658677e+00
7.905973135181480416e+01,1.033524666785243440e+01
7.907973706773364597e+01,1.058015977423578136e+01
7.909974278365247358e+01,1.063044224983882557e+01
7.911974849957131539e+01,1.120767312988150977e+01
7.913975421549014300e+01,1.036457780461239508e+01
7.915975993140898481e+01,1.101575556513337162e+01
7.917976564732781242e+01,1.070286477475953646e+01
7.919977136324664002e+01,1.044218945784376196e+01
7.921977707916548184e+01,9.680316483062789246e+00
7.923978279508430944e+01,1.007833181760239150e+01
7.925978851100315126e+01,9.645971340667170324e+00
7.927979422692197886e+01,9.301265610398722572e+00
7.929979994284082068e+01,9.789031142389060136e+00
7.931980565875964828e+01,9.393313155416244342e+00
7.933981137467849010e+01,8.035289858035211452e+00
7.935981709059731770e+01,7.660774981954332041e+00
7.937982280651614531e+01,7.704510234095262255e+00
7.939982852243498712e+01,8.015319445460047376e+00
7.941983423835381473e+01,7.426019381969302557e+00
7.943983995427265654e+01,7.099654875766719719e+00
7.945984567019148415e+01,7.221215501959282079e+00
7.947985138611032596e+01,7.005481165979354330e+00
7.949985710202915357e+01,6.816281049252679303e+00
7.951986281794799538e+01,6.674177041762224150e+00
7.953986853386682299e+01,6.711674522710170621e+00
7.955987424978565059e+01,6.180090663988551114e+00
7.957987996570449241e+01,6.536994677295789202e+00
7.959988568162332001e+01,6.005162750127592375e+00
7.961989139754216183e+01,5.796644491560623891e+00
7.963989711346098943e+01,6.016871912220426388e+00
7.965990282937983125e+01,5.759325338620952195e+00
7.967990854529865885e+01,6.730374711205673322e+00
7.969991426121750067e+01,6.667443988767560725e+00
7.971991997713632827e+01,5.961727225588596468e+00
7.973992569305515588e+01,5.827911886486811355e+00
7.975993140897399769e+01,6.625324241189724184e+00
7.977993712489282530e+01,5.932083217188298008e+00
7.979994284081166711e+01,6.842639450828341019e+00
7.981994855673049472e+01,6.136085501443112378e+00
7.983995427264933653e+01,6.210320350667261735e+00
7.985995998856816414e+01,6.322304160649142801e+00
7.987996570448700595e+01,6.160142002654803051e+00
7.989997142040583356e+01,6.590223268926586719e+00
7.991997713632466116e+01,6.571590827905506416e+00
7.993998285224350298e+01,6.427102004527295520e+00
7.995998856816233058e+01,5.783131051386623867e+00
7.997999428408117240e+01,6.902686500311421725e+00
8.000000000000000000e+01,6.288751660102262164e+00
