angle,intensity
1.000000000000000000e+01,6.351273649530009280e+00
1.002000571591883471e+01,7.068139121237767775e+00
1.004001143183766764e+01,7.383802856941365178e+00
1.006001714775650235e+01,7.587292119333818086e+00
1.008002286367533529e+01,7.729967973461471686e+00
1.010002857959417000e+01,7.746625199257384686e+00
1.012003429551300293e+01,8.347510916059212249e+00
1.014004001143183764e+01,7.522227167466080999e+00
1.016004572735067235e+01,8.404908785165201124e+00
1.018005144326950528e+01,8.170349478159177892e+00
1.020005715918833999e+01,8.571154226773909812e+00
1.022006287510717293e+01,8.886892530373147636e+00
1.024006859102600764e+01,9.288856141305103620e+00
1.026007430694484057e+01,9.093711756264724499e+00
1.028008002286367528e+01,8.643392220209642929e+00
1.030008573878250999e+01,9.184543710370023817e+00
1.032009145470134293e+01,9.513599735162152626e+00
1.034009717062017764e+01,1.013091806559694952e+01
1.036010288653901057e+01,9.426608674286020673e+00
1.038010860245784528e+01,9.889852521900202476e+00
1.040011431837667999e+01,1.092760680659297279e+01
1.042012003429551292e+01,1.105855239761663000e+01
1.044012575021434763e+01,1.075153529409593922e+01
1.046013146613318057e+01,1.085684013303356643e+01
1.048013718205201528e+01,1.085567510043575012e+01
1.050014289797084821e+01,1.101211228030713940e+01
1.052014861388968292e+01,1.167045622496301327e+01
1.054015432980851585e+01,1.118773136138887381e+01
1.056016004572735056e+01,1.160547754811857146e+01
1.058016576164618527e+01,1.142693526996257525e+01
1.060017147756501821e+01,1.264048815593246822e+01
1.062017719348385292e+01,1.236392453337177599e+01
1.064018290940268585e+01,1.222435890200184438e+01
1.066018862532152056e+01,1.247041696415057110e+01
1.068019434124035527e+01,1.307407656448352107e+01
1.070020005715918820e+01,1.365350805707215720e+01
1.072020577307802292e+01,1.337416373063940256e+01
1.074021148899685585e+01,1.424558991887236381e+01
1.076021720491569056e+01,1.399103504017582011e+01
1.078022292083452349e+01,1.499412699416559391e+01
1.080022863675335820e+01,1.486578083493404812e+01
1.082023435267219291e+01,1.513105739381769865e+01
1.084024006859102585e+01,1.560775604699820285e+01
1.086024578450986056e+01,1.575146998617114846e+01
1.088025150042869349e+01,1.498280571671126893e+01
1.090025721634752820e+01,1.562176279214624230e+01
1.092026293226636113e+01,1.629309189628171595e+01
1.094026864818519584e+01,1.678514149205549799e+01
1.096027436410403055e+01,1.717512712314176326e+01
1.098028008002286349e+01,1.683558690937868718e+01
1.100028579594169820e+01,1.775096350556410840e+01
1.102029151186053113e+01,1.772792913271968374e+01
1.104029722777936584e+01,1.831007957714800938e+01
1.106030294369819877e+01,1.887346993846346521e+01
1.108030865961703348e+01,1.844106639045986640e+01
1.110031437553586819e+01,1.958779790965160927e+01
1.112032009145470113e+01,1.985703142617425954e+01
1.114032580737353584e+01,2.049574818308448698e+01
1.116033152329236877e+01,1.959618239485007152e+01
1.118033723921120348e+01,1.984647375648361489e+01
1.120034295513003642e+01,2.055599986662300793e+01
1.122034867104887113e+01,2.211826802797371982e+01
1.124035438696770584e+01,2.222939033227778083e+01
1.126036010288653877e+01,2.179389204340061781e+01
1.128036581880537348e+01,2.196454797467735176e+01
1.130037153472420641e+01,2.267808571035861220e+01
1.132037725064304112e+01,2.387149401567947038e+01
1.134038296656187583e+01,2.321171812123589362e+01
1.136038868248070877e+01,2.433492272457384331e+01
1.138039439839954348e+01,2.448644358820838107e+01
1.140040011431837641e+01,2.541055312629747931e+01
1.142040583023721112e+01,2.542367383753826005e+01
1.144041154615604405e+01,2.618264522449894116e+01
1.146041726207487876e+01,2.669742073687327988e+01
1.148042297799371170e+01,2.726229949963342136e+01
1.150042869391254641e+01,2.777749165399748321e+01
1.152043440983138112e+01,2.749638569052833148e+01
1.154044012575021405e+01,2.816726067104436382e+01
1.156044584166904876e+01,2.947762439432323589e+01
1.158045155758788169e+01,2.936490274323403682e+01
1.160045727350671640e+01,3.096610106340658675e+01
1.162046298942555111e+01,3.114763286929872166e+01
1.164046870534438405e+01,3.051910916819211295e+01
1.166047442126321876e+01,3.167693890428971670e+01
1.168048013718205169e+01,3.185130124023885401e+01
1.170048585310088640e+01,3.281931935091532182e+01
1.172049156901971934e+01,3.371309310352399535e+01
1.174049728493855405e+01,3.315745393356526449e+01
1.176050300085738698e+01,3.360920681731836623e+01
1.178050871677622169e+01,3.381475525193418008e+01
1.180051443269505640e+01,3.397128925749449024e+01
1.182052014861388933e+01,3.436604618010979806e+01
1.184052586453272404e+01,3.452846774926380391e+01
1.186053158045155698e+01,3.427319222947927102e+01
1.188053729637039169e+01,3.418361978662007061e+01
1.190054301228922640e+01,3.393688200915737241e+01
1.192054872820805933e+01,3.399690742110932717e+01
1.194055444412689404e+01,3.337508372222190189e+01
1.196056016004572697e+01,3.352482636649903469e+01
1.198056587596456168e+01,3.163604597736702218e+01
1.200057159188339639e+01,3.174063837431991786e+01
1.202057730780222933e+01,3.115527955977097108e+01
1.204058302372106226e+01,2.932482557705186110e+01
1.206058873963989697e+01,2.898071105058094687e+01
1.208059445555873168e+01,2.724809940321221191e+01
1.210060017147756461e+01,2.647896788879100782e+01
1.212060588739639932e+01,2.515062023331009300e+01
1.214061160331523226e+01,2.350749222818884476e+01
1.216061731923406697e+01,2.267831924241313857e+01
1.218062303515290168e+01,2.122316723676424743e+01
1.220062875107173461e+01,1.966312013481377363e+01
1.222063446699056932e+01,1.839245463061761043e+01
1.224064018290940226e+01,1.736905534495258863e+01
1.226064589882823697e+01,1.573295488553630150e+01
1.228065161474707168e+01,1.434015706792870404e+01
1.230065733066590461e+01,1.277754583187835458e+01
1.232066304658473754e+01,1.242754648461636613e+01
1.234066876250357225e+01,1.136133047992734646e+01
1.236067447842240696e+01,9.690446666856470159e+00
1.238068019434123990e+01,9.666923277280419669e+00
1.240068591026007461e+01,8.627701741932305879e+00
1.242069162617890754e+01,7.701846396291704977e+00
1.244069734209774225e+01,6.815335703465705386e+00
1.246070305801657696e+01,6.764249038366082267e+00
1.248070877393540989e+01,6.835375889216576795e+00
1.250071448985424460e+01,5.812775265597205809e+00
1.252072020577307754e+01,6.272681456244328047e+00
1.254072592169191225e+01,5.679484998382870131e+00
1.256073163761074696e+01,5.624956474825945740e+00
1.258073735352957989e+01,5.483149342376450797e+00
1.260074306944841460e+01,5.472007920366772638e+00
1.262074878536724754e+01,5.658896625205166231e+00
1.264075450128608225e+01,5.250516540834734514e+00
1.266076021720491518e+01,5.465518599243058162e+00
1.268076593312374989e+01,4.508218487909171124e+00
1.270077164904258282e+01,4.746774225220521615e+00
1.272077736496141753e+01,5.070951351223510706e+00
1.274078308088025224e+01,3.898159851294570544e+00
1.276078879679908518e+01,4.324237810820298122e+00
1.278079451271791989e+01,4.338102006814121836e+00
1.280080022863675282e+01,3.804702802071039613e+00
1.282080594455558753e+01,3.968841596244704117e+00
1.284081166047442224e+01,4.735589448837370874e+00
1.286081737639325517e+01,4.435193262617044496e+00
1.288082309231208988e+01,4.381219747854606439e+00
1.290082880823092282e+01,3.894044167320405148e+00
1.292083452414975753e+01,3.968843008167293629e+00
1.294084024006859224e+01,4.325831887935361664e+00
1.296084595598742517e+01,4.023042537396506191e+00
1.298085167190625810e+01,4.465794268070586881e+00
1.300085738782509281e+01,3.737628199041486798e+00
1.302086310374392752e+01,4.460738818524050409e+00
1.304086881966276046e+01,3.998735158462052741e+00
1.306087453558159517e+01,3.682445359765740722e+00
1.308088025150042810e+01,3.599075776523716463e+00
1.310088596741926281e+01,3.655970736749015515e+00
1.312089168333809752e+01,3.986397388230814354e+00
1.314089739925693046e+01,3.499677107709364243e+00
1.316090311517576517e+01,3.518582696486478589e+00
1.318090883109459810e+01,3.213300488342080374e+00
1.320091454701343281e+01,4.175548893640158354e+00
1.322092026293226752e+01,3.760880232894506126e+00
1.324092597885110045e+01,3.354667459151043918e+00
1.326093169476993339e+01,3.498247410550574532e+00
1.328093741068876810e+01,3.929995529570042834e+00
1.330094312660760281e+01,3.214985731569573346e+00
1.332094884252643574e+01,4.222492395517219776e+00
1.334095455844527045e+01,3.571731388503090354e+00
1.336096027436410338e+01,3.580140195167739847e+00
1.338096599028293809e+01,3.865604984650055975e+00
1.340097170620177280e+01,4.051410673532520157e+00
1.342097742212060574e+01,3.464414225625368271e+00
1.344098313803944045e+01,3.743808470850976455e+00
1.346098885395827338e+01,3.436329045105509739e+00
1.348099456987710809e+01,3.727370116846878911e+00
1.350100028579594280e+01,3.876650952856131482e+00
1.352100600171477573e+01,4.362876844834667978e+00
1.354101171763361044e+01,3.527093346205280699e+00
1.356101743355244338e+01,3.861495217848752937e+00
1.358102314947127809e+01,3.428115532030443280e+00
1.360102886539011102e+01,3.892261832861144022e+00
1.362103458130894573e+01,4.091996317355475199e+00
1.364104029722777867e+01,4.328570046031980034e+00
1.366104601314661338e+01,4.365185167244195696e+00
1.368105172906544809e+01,3.755667186406126845e+00
1.370105744498428102e+01,3.581569506185458884e+00
1.372106316090311573e+01,3.839847595653819834e+00
1.374106887682194866e+01,4.017874715872326696e+00
1.376107459274078337e+01,2.967610574301918547e+00
1.378108030865961808e+01,4.118791098725808730e+00
1.380108602457845102e+01,2.929263529256587173e+00
1.382109174049728573e+01,3.653995387165037023e+00
1.384109745641611866e+01,3.735714757293211896e+00
1.386110317233495337e+01,4.171849515338222680e+00
1.388110888825378808e+01,3.370904699298254314e+00
1.390111460417262101e+01,4.567275936802381864e+00
1.392112032009145395e+01,4.046678511903760267e+00
1.394112603601028866e+01,3.737217482771220567e+00
1.396113175192912337e+01,4.285559669170536878e+00
1.398113746784795630e+01,4.379036007632739036e+00
1.400114318376679101e+01,3.342938756967278380e+00
1.402114889968562395e+01,3.933670907732031985e+00
1.404115461560445866e+01,3.485528065299190015e+00
1.406116033152329337e+01,4.285858890110742614e+00
1.408116604744212630e+01,4.061317087278382587e+00
1.410117176336095923e+01,3.736246343842891449e+00
1.412117747927979394e+01,3.755935835018326507e+00
1.414118319519862865e+01,3.524637010515836000e+00
1.416118891111746336e+01,4.174361955219167974e+00
1.418119462703629630e+01,3.489801073477580395e+00
1.420120034295512923e+01,3.597707239491373610e+00
1.422120605887396394e+01,3.848985760056723660e+00
1.424121177479279865e+01,3.696366937228349414e+00
1.426121749071163336e+01,4.244417038503550899e+00
1.428122320663046629e+01,3.752803261754348974e+00
1.430122892254929923e+01,4.310750177653161153e+00
1.432123463846813394e+01,4.085363022321281790e+00
1.434124035438696865e+01,3.469331773045464473e+00
1.436124607030580158e+01,3.254951904228450044e+00
1.438125178622463629e+01,3.449483975718652840e+00
1.440125750214346922e+01,3.578611226995024985e+00
1.442126321806230393e+01,3.705875908032159050e+00
1.444126893398113864e+01,3.474055019155675605e+00
1.446127464989997158e+01,4.345239011802473961e+00
1.448128036581880451e+01,4.156285779263885871e+00
1.450128608173763922e+01,4.103401968335284700e+00
1.452129179765647393e+01,3.042601490013527421e+00
1.454129751357530864e+01,3.261126077036952786e+00
1.456130322949414158e+01,3.784166678000910000e+00
1.458130894541297451e+01,3.256550389062308426e+00
1.460131466133180922e+01,4.521290251676383321e+00
1.462132037725064393e+01,3.171901731561897364e+00
1.464132609316947686e+01,4.329053563622641043e+00
1.466133180908831157e+01,3.438057571286032843e+00
1.468133752500714451e+01,3.632319316909185858e+00
1.470134324092597922e+01,3.723186586028874423e+00
1.472134895684481393e+01,3.897685345736987550e+00
1.474135467276364686e+01,4.396778993034229366e+00
1.476136038868247979e+01,3.242904380372719775e+00
1.478136610460131450e+01,3.992244036016538544e+00
1.480137182052014921e+01,3.349107363385005698e+00
1.482137753643898392e+01,3.635029117610958149e+00
1.484138325235781686e+01,4.060251448249982076e+00
1.486138896827664979e+01,3.663627530191646109e+00
1.488139468419548450e+01,3.683147752160075505e+00
1.490140040011431921e+01,3.523118013124830750e+00
1.492140611603315392e+01,4.085273146854346393e+00
1.494141183195198685e+01,4.462008008230100131e+00
1.496141754787081979e+01,4.490651716541323779e+00
1.498142326378965450e+01,3.960986198100942435e+00
1.500142897970848921e+01,4.150033225720058283e+00
1.502143469562732214e+01,3.497616497549820291e+00
1.504144041154615508e+01,3.941185544088225967e+00
1.506144612746498979e+01,3.483348936382797412e+00
1.508145184338382450e+01,4.191058653917226096e+00
1.510145755930265921e+01,4.080492236046460164e+00
1.512146327522149214e+01,3.714116094215514252e+00
1.514146899114032507e+01,4.871066631800880842e+00
1.516147470705915978e+01,4.468481918407643860e+00
1.518148042297799449e+01,3.591024138789386200e+00
1.520148613889682920e+01,5.135158709942059474e+00
1.522149185481566214e+01,4.569962895831293004e+00
1.524149757073449507e+01,4.844743772794909198e+00
1.526150328665332978e+01,4.776658510727280316e+00
1.528150900257216449e+01,4.600101606597564619e+00
1.530151471849099742e+01,4.318298842711175922e+00
1.532152043440983036e+01,5.207364728342042781e+00
1.534152615032866507e+01,4.603095422126373570e+00
1.536153186624749978e+01,4.685527219050200642e+00
1.538153758216633449e+01,4.415538283046383405e+00
1.540154329808516742e+01,4.502418821177345265e+00
1.542154901400400036e+01,4.927890445623070548e+00
1.544155472992283507e+01,5.279865142204982931e+00
1.546156044584166978e+01,5.155146168670320606e+00
1.548156616176050449e+01,5.933895757970141460e+00
1.550157187767933742e+01,4.789004320162053574e+00
1.552157759359817035e+01,5.831906778602655272e+00
1.554158330951700506e+01,5.303661154519637044e+00
1.556158902543583977e+01,5.790725835325845061e+00
1.558159474135467271e+01,5.499418391284200958e+00
1.560160045727350742e+01,6.638323694913142781e+00
1.562160617319234035e+01,7.065561749268086444e+00
1.564161188911117506e+01,6.858558714983934657e+00
1.566161760503000977e+01,6.793316033189396919e+00
1.568162332094884270e+01,7.145196783635418214e+00
1.570162903686767564e+01,7.404679778950538527e+00
1.572163475278651035e+01,7.247844709059734214e+00
1.574164046870534506e+01,8.210376290520709830e+00
1.576164618462417977e+01,8.441381430893491356e+00
1.578165190054301270e+01,7.608300896498350063e+00
1.580165761646184563e+01,8.891063133671190499e+00
1.582166333238068034e+01,7.880476080798349159e+00
1.584166904829951505e+01,9.571981254536154893e+00
1.586167476421834799e+01,9.667727190143871496e+00
1.588168048013718270e+01,9.562737607796067962e+00
1.590168619605601563e+01,9.389578889881610380e+00
1.592169191197485034e+01,1.014635060214039619e+01
1.594169762789368505e+01,1.019181042600780174e+01
1.596170334381251799e+01,1.100653688602710822e+01
1.598170905973135092e+01,1.128686174453061497e+01
1.600171477565018563e+01,1.048741306314192556e+01
1.602172049156902034e+01,1.155795631172748195e+01
1.604172620748785505e+01,1.150354687034687906e+01
1.606173192340668976e+01,1.263899184740379056e+01
1.608173763932552092e+01,1.322087662818260156e+01
1.610174335524435563e+01,1.350326379644868702e+01
1.612174907116319034e+01,1.350022590920072041e+01
1.614175478708202505e+01,1.404768880486141569e+01
1.616176050300085620e+01,1.430255400832621504e+01
1.618176621891969091e+01,1.482033666999717525e+01
1.620177193483852562e+01,1.554814904913598461e+01
1.622177765075736033e+01,1.549344588061068606e+01
1.624178336667619504e+01,1.644078662453725670e+01
1.626178908259502620e+01,1.622359112582454443e+01
1.628179479851386091e+01,1.797548582952693863e+01
1.630180051443269562e+01,1.775170734495549496e+01
1.632180623035153033e+01,1.811188422530247166e+01
1.634181194627036149e+01,1.946710789402697017e+01
1.636181766218919620e+01,1.988803378221411577e+01
1.638182337810803091e+01,2.062153060576159191e+01
1.640182909402686562e+01,2.007844248561804434e+01
1.642183480994570033e+01,2.197403648262615050e+01
1.644184052586453504e+01,2.174970240080174477e+01
1.646184624178336620e+01,2.184684518486638538e+01
1.648185195770220091e+01,2.327528382039823285e+01
1.650185767362103562e+01,2.337663789109244306e+01
1.652186338953986677e+01,2.473012525399458283e+01
1.654186910545870148e+01,2.543126474991304775e+01
1.656187482137753619e+01,2.574004858956361730e+01
1.658188053729637090e+01,2.704793803365532057e+01
1.660188625321520561e+01,2.790987944808345489e+01
1.662189196913404032e+01,2.896134250990970216e+01
1.664189768505287148e+01,2.865666605790012866e+01
1.666190340097170619e+01,2.994615389206392919e+01
1.668190911689054090e+01,3.058906136199210124e+01
1.670191483280937561e+01,3.126589531274590072e+01
1.672192054872820677e+01,3.197046090420714393e+01
1.674192626464704148e+01,3.277216371365109637e+01
1.676193198056587619e+01,3.342965016704498282e+01
1.678193769648471090e+01,3.438988092902863514e+01
1.680194341240354561e+01,3.465114773947509974e+01
1.682194912832238032e+01,3.520836793748307514e+01
1.684195484424121148e+01,3.587787039935133038e+01
1.686196056016004619e+01,3.687113690888248385e+01
1.688196627607888090e+01,3.693658989992145081e+01
1.690197199199771205e+01,3.756352760743493491e+01
1.692197770791654676e+01,3.682693493322551603e+01
1.694198342383538147e+01,3.799614704056973125e+01
1.696198913975421618e+01,3.746632937588981349e+01
1.698199485567305089e+01,3.838153360433800287e+01
1.700200057159188560e+01,3.779276348953055020e+01
1.702200628751071676e+01,3.851746497520659318e+01
1.704201200342955147e+01,3.832311044202403139e+01
1.706201771934838618e+01,3.772238683265433679e+01
1.708202343526722089e+01,3.681368110438954488e+01
1.710202915118605205e+01,3.695317711197647981e+01
1.712203486710488676e+01,3.698075961389944410e+01
1.714204058302372147e+01,3.597256612921571417e+01
1.716204629894255618e+01,3.617233534372387282e+01
1.718205201486139089e+01,3.541592697518889565e+01
1.720205773078022204e+01,3.591464812464248979e+01
1.722206344669905675e+01,3.496507659703861037e+01
1.724206916261789146e+01,3.373622270894326647e+01
1.726207487853672617e+01,3.204193493160941131e+01
1.728208059445555733e+01,3.082885769466817649e+01
1.730208631037439204e+01,3.010550594761776821e+01
1.732209202629322675e+01,2.868442199040143237e+01
1.734209774221206146e+01,2.778567281598683536e+01
1.736210345813089617e+01,2.667364460553457661e+01
1.738210917404973088e+01,2.400322782733397986e+01
1.740211488996856204e+01,2.185260619866813769e+01
1.742212060588739675e+01,2.058089862937310244e+01
1.744212632180623146e+01,1.887630187908961688e+01
1.746213203772506262e+01,1.715201131899253539e+01
1.748213775364389733e+01,1.544586488766704413e+01
1.750214346956273204e+01,1.421753008033147836e+01
1.752214918548156675e+01,1.336473417965930821e+01
1.754215490140040146e+01,1.224642222244821355e+01
1.756216061731923617e+01,1.057508635806572883e+01
1.758216633323806732e+01,9.602777255924976885e+00
1.760217204915690203e+01,9.049617710166236506e+00
1.762217776507573674e+01,8.272385470399910901e+00
1.764218348099457145e+01,8.492916147925850368e+00
1.766218919691340261e+01,6.748230010891979269e+00
1.768219491283223732e+01,7.786851091168164984e+00
1.770220062875107203e+01,6.722018246874528202e+00
1.772220634466990674e+01,6.718600599486066471e+00
1.774221206058874145e+01,6.554874026726031033e+00
1.776221777650757616e+01,5.839659070947712749e+00
1.778222349242640732e+01,5.756495497722635690e+00
1.780222920834524203e+01,5.059570300207715476e+00
1.782223492426407674e+01,6.583517760058053447e+00
1.784224064018290790e+01,5.851674498648025136e+00
1.786224635610174261e+01,6.102673948205536547e+00
1.788225207202057732e+01,5.793306737415834462e+00
1.790225778793941203e+01,5.320556628467452143e+00
1.792226350385824674e+01,5.485959460503080365e+00
1.794226921977708145e+01,6.013712251179045509e+00
1.796227493569591260e+01,5.690249187839027556e+00
1.798228065161474731e+01,5.237150653666043709e+00
1.800228636753358202e+01,5.612203815475272251e+00
1.802229208345241318e+01,5.841491615275376859e+00
1.804229779937124789e+01,5.512806572259357552e+00
1.806230351529008260e+01,5.629837415419725488e+00
1.808230923120891731e+01,5.591838464090471916e+00
1.810231494712775202e+01,6.511426356548088989e+00
1.812232066304658673e+01,6.250184058569307588e+00
1.814232637896542144e+01,5.636459920425958003e+00
1.816233209488425260e+01,5.957195802106363125e+00
1.818233781080308731e+01,6.304568728804293976e+00
1.820234352672191847e+01,6.047885816482452270e+00
1.822234924264075318e+01,5.888482358028428010e+00
1.824235495855958789e+01,6.085492806581243919e+00
1.826236067447842260e+01,6.006815532677022951e+00
1.828236639039725731e+01,7.134954889444850679e+00
1.830237210631609202e+01,6.178679689199771730e+00
1.832237782223492673e+01,6.870572240292095678e+00
1.834238353815375788e+01,6.452743760682267293e+00
1.836238925407259259e+01,7.366159655630249325e+00
1.838239496999142730e+01,6.595615877390172521e+00
1.840240068591025846e+01,7.610606134153890423e+00
1.842240640182909317e+01,7.820881577141126861e+00
1.844241211774792788e+01,6.816623212137008281e+00
1.846241783366676259e+01,7.632223280312977920e+00
1.848242354958559730e+01,8.538347670237698139e+00
1.850242926550443201e+01,7.900756427440503771e+00
1.852243498142326672e+01,8.232003322131541623e+00
1.854244069734209788e+01,8.494908362258893675e+00
1.856244641326093259e+01,8.499669178011469484e+00
1.858245212917976374e+01,8.458611399501400285e+00
1.860245784509859845e+01,9.241299255866138651e+00
1.862246356101743316e+01,8.801060115316628796e+00
1.864246927693626787e+01,8.814580912835074500e+00
1.866247499285510258e+01,9.454835072884916869e+00
1.868248070877393729e+01,9.545063921177943556e+00
1.870248642469277200e+01,1.018104274470053383e+01
1.872249214061160316e+01,1.054542344086653571e+01
1.874249785653043787e+01,1.040607383945199871e+01
1.876250357244927258e+01,1.056759941327460339e+01
1.878250928836810374e+01,1.069109805776148114e+01
1.880251500428693845e+01,1.150489366765901522e+01
1.882252072020577316e+01,1.103966805188973055e+01
1.884252643612460787e+01,1.115717699185504408e+01
1.886253215204344258e+01,1.157374626069702295e+01
1.888253786796227729e+01,1.236813674802506746e+01
1.890254358388111200e+01,1.186301300015695048e+01
1.892254929979994316e+01,1.285805706238205204e+01
1.894255501571877787e+01,1.226939057054215887e+01
1.896256073163760902e+01,1.274879690909534169e+01
1.898256644755644373e+01,1.318038043194742670e+01
1.900257216347527844e+01,1.340760124606255133e+01
1.902257787939411315e+01,1.303694338950568898e+01
1.904258359531294786e+01,1.320694993222584657e+01
1.906258931123178257e+01,1.235125136461103956e+01
1.908259502715061728e+01,1.336795785430898675e+01
1.910260074306944844e+01,1.308986483267551648e+01
1.912260645898828315e+01,1.348256823909809832e+01
1.914261217490711431e+01,1.354248254379344196e+01
1.916261789082594902e+01,1.284148375309660750e+01
1.918262360674478373e+01,1.327039776445944952e+01
1.920262932266361844e+01,1.264416614245185855e+01
1.922263503858245315e+01,1.257413024439228444e+01
1.924264075450128786e+01,1.207257397317853354e+01
1.926264647042012257e+01,1.247188803493590648e+01
1.928265218633895373e+01,1.178800120260351214e+01
1.930265790225778844e+01,1.064235051627298212e+01
1.932266361817662315e+01,1.092972494929490423e+01
1.934266933409545430e+01,9.760070150738023642e+00
1.936267505001428901e+01,9.902802385262887697e+00
1.938268076593312372e+01,1.009128355183509385e+01
1.940268648185195843e+01,9.137163338807058111e+00
1.942269219777079314e+01,8.511756811939800826e+00
1.944269791368962785e+01,9.100650655275142498e+00
1.946270362960846256e+01,7.945831693876108659e+00
1.948270934552729372e+01,7.724898009415081646e+00
1.950271506144612843e+01,7.248663467404210969e+00
1.952272077736495959e+01,7.071517323168105662e+00
1.954272649328379430e+01,6.288595570151199965e+00
1.956273220920262901e+01,5.581926524425600888e+00
1.958273792512146372e+01,6.225564356521159581e+00
1.960274364104029843e+01,5.363107442080090159e+00
1.962274935695913314e+01,5.351095643297682614e+00
1.964275507287796785e+01,5.583574203638204558e+00
1.966276078879679901e+01,4.453972874499246615e+00
1.968276650471563372e+01,4.896049477947956419e+00
1.970277222063446487e+01,4.891235107821815475e+00
1.972277793655329958e+01,4.082883579196472823e+00
1.974278365247213429e+01,4.099003510656618054e+00
1.976278936839096900e+01,4.305946641487894411e+00
1.978279508430980371e+01,4.228191318118873276e+00
1.980280080022863842e+01,3.616795205786187406e+00
1.982280651614747313e+01,4.259308282353507558e+00
1.984281223206630784e+01,4.069031974013340935e+00
1.986281794798513900e+01,3.726435482809550059e+00
1.988282366390397371e+01,3.661690630797336699e+00
1.990282937982280487e+01,3.386116819806717970e+00
1.992283509574163958e+01,3.169046620804594205e+00
1.994284081166047429e+01,3.408107965016949681e+00
1.996284652757930900e+01,3.644741694126757192e+00
1.998285224349814371e+01,3.997121807797626047e+00
2.000285795941697842e+01,4.187631343994601352e+00
2.002286367533581313e+01,3.272069176116790601e+00
2.004286939125464428e+01,3.894398173122808338e+00
2.006287510717347899e+01,4.305083080527015937e+00
2.008288082309231015e+01,3.555904777308212417e+00
2.010288653901114486e+01,4.001060773351827748e+00
2.012289225492997957e+01,3.291878784601250274e+00
2.014289797084881428e+01,4.646606587422503765e+00
2.016290368676764899e+01,3.631977530236547569e+00
2.018290940268648370e+01,3.305141545497980893e+00
2.020291511860531841e+01,4.102304710780438235e+00
2.022292083452414957e+01,3.753949252338297349e+00
2.024292655044298428e+01,4.000045180596105254e+00
2.026293226636181899e+01,3.455338929423986905e+00
2.028293798228065015e+01,3.380303889914024307e+00
2.030294369819948486e+01,3.107500362422348950e+00
2.032294941411831957e+01,3.867438064150809041e+00
2.034295513003715428e+01,3.893679675265726559e+00
2.036296084595598899e+01,3.670026361076242694e+00
2.038296656187482370e+01,3.515688008785835983e+00
2.040297227779365841e+01,4.132551143795600623e+00
2.042297799371248956e+01,3.194955376078744358e+00
2.044298370963132427e+01,4.293818500244038106e+00
2.046298942555015543e+01,3.697977919317422923e+00
2.048299514146899014e+01,3.063211422857830435e+00
2.050300085738782485e+01,3.732422041717635253e+00
2.052300657330665956e+01,3.908843419701119259e+00
2.054301228922549427e+01,3.662019481645328423e+00
2.056301800514432898e+01,3.587002012893231395e+00
2.058302372106316369e+01,4.080698668759428216e+00
2.060302943698199485e+01,3.886083113584881232e+00
2.062303515290082956e+01,3.224036060372590384e+00
2.064304086881966072e+01,3.584666331812017326e+00
2.066304658473849543e+01,4.255007378639628968e+00
2.068305230065733014e+01,3.700807905827850242e+00
2.070305801657616485e+01,3.741391882721735396e+00
2.072306373249499956e+01,3.622949276039607813e+00
2.074306944841383427e+01,3.025643545115610067e+00
2.076307516433266898e+01,4.341352431028044911e+00
2.078308088025150369e+01,3.832784041861739155e+00
2.080308659617033484e+01,3.422782490904673125e+00
2.082309231208916955e+01,3.553903011948733592e+00
2.084309802800800071e+01,3.299923973920880549e+00
2.086310374392683542e+01,4.247831367559445681e+00
2.088310945984567013e+01,4.070538337869979095e+00
2.090311517576450484e+01,4.569287270011116675e+00
2.092312089168333955e+01,3.651838467587267267e+00
2.094312660760217426e+01,4.413707138267412233e+00
2.096313232352100897e+01,4.284957535698406872e+00
2.098313803943984013e+01,3.596105032619631547e+00
2.100314375535867484e+01,4.267592908484735936e+00
2.102314947127750600e+01,3.646861616331530165e+00
2.104315518719634071e+01,4.083908643331199073e+00
2.106316090311517542e+01,4.141096605216500137e+00
2.108316661903401013e+01,4.646364950876503030e+00
2.110317233495284484e+01,4.348288532157338793e+00
2.112317805087167955e+01,3.893576971063964276e+00
2.114318376679051426e+01,4.629047391190935556e+00
2.116318948270934541e+01,4.719844480708223600e+00
2.118319519862818012e+01,3.798053178203243174e+00
2.120320091454701483e+01,3.212035491200497361e+00
2.122320663046584599e+01,4.530992955614463469e+00
2.124321234638468070e+01,3.518954070852184479e+00
2.126321806230351541e+01,4.323603595689936796e+00
2.128322377822235012e+01,3.662541829333802568e+00
2.130322949414118483e+01,4.327358745084399771e+00
2.132323521006001954e+01,4.550929002163252690e+00
2.134324092597885425e+01,4.054543712250901599e+00
2.136324664189768541e+01,4.427500271184003466e+00
2.138325235781652012e+01,4.549579596163727757e+00
2.140325807373535127e+01,4.050626102113777272e+00
2.142326378965418598e+01,4.075445394007689792e+00
2.144326950557302069e+01,3.752739335537423226e+00
2.146327522149185540e+01,4.011408174272064642e+00
2.148328093741069011e+01,3.959901356039134068e+00
2.150328665332952482e+01,4.505249694472317046e+00
2.152329236924835953e+01,4.637749896915838832e+00
2.154329808516719069e+01,4.433223826098569020e+00
2.156330380108602540e+01,3.835250920106338501e+00
2.158330951700485656e+01,4.125549773830697653e+00
2.160331523292369127e+01,4.186419954778322960e+00
2.162332094884252598e+01,3.675247141023833208e+00
2.164332666476136069e+01,3.945538264695865216e+00
2.166333238068019540e+01,3.595663499096207971e+00
2.168333809659903011e+01,3.581294710728362585e+00
2.170334381251786482e+01,4.481550642105009530e+00
2.172334952843669598e+01,4.316266250574409824e+00
2.174335524435553069e+01,3.757406809720061247e+00
2.176336096027436540e+01,4.131387456592232610e+00
2.178336667619319655e+01,4.004462048826792575e+00
2.180337239211203126e+01,4.269343955293219750e+00
2.182337810803086597e+01,4.492154217085985835e+00
2.184338382394970068e+01,3.864186207124971961e+00
2.186338953986853539e+01,3.467626282855458264e+00
2.188339525578737010e+01,3.369443175660388867e+00
2.190340097170620481e+01,4.054294104220951489e+00
2.192340668762503597e+01,4.677914133021042531e+00
2.194341240354387068e+01,3.528468510117766854e+00
2.196341811946270184e+01,3.954332257407001006e+00
2.198342383538153655e+01,4.183077626813441086e+00
2.200342955130037126e+01,4.719297578978743246e+00
2.202343526721920597e+01,5.155762457797302467e+00
2.204344098313804068e+01,4.907301853893743626e+00
2.206344669905687539e+01,4.599289423405432231e+00
2.208345241497571010e+01,4.382625676376291857e+00
2.210345813089454126e+01,4.254498951959760689e+00
2.212346384681337597e+01,4.584077330404136674e+00
2.214346956273221068e+01,4.573636971967943055e+00
2.216347527865104183e+01,4.672945191992139868e+00
2.218348099456987654e+01,4.866961874376735331e+00
2.220348671048871125e+01,4.935600979415411871e+00
2.222349242640754596e+01,4.808094647082022277e+00
2.224349814232638067e+01,5.150642908057434965e+00
2.226350385824521538e+01,5.663869893554812407e+00
2.228350957416405009e+01,5.790780802329470234e+00
2.230351529008288125e+01,5.318710866439734453e+00
2.232352100600171596e+01,5.037687041386833542e+00
2.234352672192054712e+01,4.950568007918738189e+00
2.236353243783938183e+01,5.416019514758142250e+00
2.238353815375821654e+01,4.940356600911457896e+00
2.240354386967705125e+01,5.640476191476031076e+00
2.242354958559588596e+01,6.002670346614237928e+00
2.244355530151472067e+01,5.227655190583081257e+00
2.246356101743355538e+01,6.157299151470137843e+00
2.248356673335238654e+01,6.335266733337139300e+00
2.250357244927122125e+01,6.037731322245859289e+00
2.252357816519005240e+01,5.556943828363179350e+00
2.254358388110888711e+01,6.134277816494465796e+00
2.256358959702772182e+01,6.722622383218013198e+00
2.258359531294655653e+01,6.338752361235000521e+00
2.260360102886539124e+01,6.238812050751602278e+00
2.262360674478422595e+01,6.959416481436682567e+00
2.264361246070306066e+01,5.951024195573555886e+00
2.266361817662189182e+01,5.882167578673499264e+00
2.268362389254072653e+01,5.520351393731232292e+00
2.270362960845956124e+01,5.867200977584460908e+00
2.272363532437839240e+01,5.982983558457309670e+00
2.274364104029722711e+01,6.495290434759363407e+00
2.276364675621606182e+01,5.735357269238058997e+00
2.278365247213489653e+01,5.689662157386456087e+00
2.280365818805373124e+01,5.831819773098789739e+00
2.282366390397256595e+01,5.921916535381789970e+00
2.284366961989140066e+01,6.221994306728065638e+00
2.286367533581023181e+01,5.921756304986030450e+00
2.288368105172906652e+01,5.940808921669704645e+00
2.290368676764789768e+01,5.159389399024993494e+00
2.292369248356673239e+01,5.625972540772636421e+00
2.294369819948556710e+01,5.655600551850574753e+00
2.296370391540440181e+01,4.835174216509561695e+00
2.298370963132323652e+01,5.648119445605411570e+00
2.300371534724207123e+01,4.692370572920941285e+00
2.302372106316090594e+01,5.571520687044692721e+00
2.304372677907973710e+01,5.492423756206164853e+00
2.306373249499857181e+01,5.312065620588688475e+00
2.308373821091740652e+01,5.521790449420996616e+00
2.310374392683623768e+01,4.592426005362972852e+00
2.312374964275507239e+01,4.831378134874052321e+00
2.314375535867390710e+01,4.869857004222790664e+00
2.316376107459274181e+01,4.454972532576007893e+00
2.318376679051157652e+01,4.721218705570587204e+00
2.320377250643041123e+01,4.240436506502217817e+00
2.322377822234924594e+01,4.552814076621492845e+00
2.324378393826807709e+01,4.298576442383047258e+00
2.326378965418691180e+01,3.968953238987586563e+00
2.328379537010574296e+01,4.147532477916895388e+00
2.330380108602457767e+01,4.127285272635253577e+00
2.332380680194341238e+01,4.725812262340623349e+00
2.334381251786224709e+01,4.767425029380180312e+00
2.336381823378108180e+01,5.159955225096973130e+00
2.338382394969991651e+01,4.424136396151790329e+00
2.340382966561875122e+01,4.055856517125104865e+00
2.342383538153758238e+01,4.629616164198456119e+00
2.344384109745641709e+01,4.554871434730920932e+00
2.346384681337524825e+01,5.034764081443404926e+00
2.348385252929408296e+01,4.704730857043442960e+00
2.350385824521291767e+01,4.745760436329367948e+00
2.352386396113175238e+01,4.876969762919298290e+00
2.354386967705058709e+01,5.101083588970780625e+00
2.356387539296942180e+01,5.716567277427866856e+00
2.358388110888825651e+01,5.432118212928399359e+00
2.360388682480708766e+01,5.194647903857647186e+00
2.362389254072592237e+01,5.714375244220623706e+00
2.364389825664475708e+01,5.967475447543252542e+00
2.366390397256358824e+01,4.873831596412338207e+00
2.368390968848242295e+01,5.952452215165466853e+00
2.370391540440125766e+01,5.279222149332654546e+00
2.372392112032009237e+01,5.404759162107326098e+00
2.374392683623892708e+01,5.673276676650929495e+00
2.376393255215776179e+01,6.198668395664233444e+00
2.378393826807659650e+01,7.025903332506377552e+00
2.380394398399542766e+01,6.584482398065944153e+00
2.382394969991426237e+01,6.554919578075548259e+00
2.384395541583309353e+01,7.281848533581605665e+00
2.386396113175192824e+01,6.956129766275490844e+00
2.388396684767076295e+01,6.759997606450396823e+00
2.390397256358959766e+01,7.808404892646548134e+00
2.392397827950843237e+01,7.405581017659015330e+00
2.394398399542726708e+01,8.175304176417586888e+00
2.396398971134610179e+01,8.093831907065320408e+00
2.398399542726493294e+01,7.965424357547385981e+00
2.400400114318376765e+01,8.428117173101435711e+00
2.402400685910260236e+01,8.402767605295537123e+00
2.404401257502143352e+01,9.360434722172630728e+00
2.406401829094026823e+01,9.510206334312570675e+00
2.408402400685910294e+01,9.626810501113856944e+00
2.410402972277793765e+01,1.005528006440705369e+01
2.412403543869677236e+01,9.919824302517991299e+00
2.414404115461560707e+01,9.614128432794846191e+00
2.416404687053444178e+01,9.522609865230114323e+00
2.418405258645327294e+01,9.474899365836389364e+00
2.420405830237210765e+01,1.037153337338788006e+01
2.422406401829093880e+01,1.057353779745512057e+01
2.424406973420977351e+01,1.033928561761095288e+01
2.426407545012860822e+01,1.066276046416585643e+01
2.428408116604744293e+01,1.003868583055001906e+01
2.430408688196627764e+01,1.119885184325354466e+01
2.432409259788511235e+01,1.063292472097464803e+01
2.434409831380394706e+01,9.959571299479941686e+00
2.436410402972277822e+01,1.026804278652334546e+01
2.438410974564161293e+01,1.122741598415261066e+01
2.440411546156044409e+01,1.074315975372741150e+01
2.442412117747927880e+01,1.040096707616086391e+01
2.444412689339811351e+01,1.126101089856058479e+01
2.446413260931694822e+01,9.851531757000742573e+00
2.448413832523578293e+01,1.071568272744963934e+01
2.450414404115461764e+01,1.054035636411308019e+01
2.452414975707345235e+01,1.112113207257784886e+01
2.454415547299228351e+01,1.079500967792365351e+01
2.456416118891111822e+01,1.094142702872683692e+01
2.458416690482995293e+01,1.011829504888386921e+01
2.460417262074878408e+01,9.846937695858455797e+00
2.462417833666761879e+01,9.307689110346254679e+00
2.464418405258645350e+01,8.864349672828547355e+00
2.466418976850528821e+01,9.918005278852870532e+00
2.468419548442412292e+01,9.432708930128884006e+00
2.470420120034295763e+01,8.740495634263027114e+00
2.472420691626179234e+01,8.591037156555158205e+00
2.474421263218062350e+01,8.864759904328659346e+00
2.476421834809945821e+01,8.305490035979303798e+00
2.478422406401828937e+01,8.249666897488788564e+00
2.480422977993712408e+01,7.718696532720008108e+00
2.482423549585595879e+01,8.585542748178312422e+00
2.484424121177479350e+01,7.223368130682710664e+00
2.486424692769362821e+01,7.935487327368322852e+00
2.488425264361246292e+01,7.211195175634280474e+00
2.490425835953129763e+01,7.480644091790509265e+00
2.492426407545012879e+01,7.931299001319591646e+00
2.494426979136896350e+01,7.693886770864642344e+00
2.496427550728779821e+01,6.543965505223742873e+00
2.498428122320662936e+01,7.037455656700944751e+00
2.500428693912546407e+01,6.580148412261686452e+00
2.502429265504429878e+01,7.079767437432416877e+00
2.504429837096313349e+01,6.001368705587918129e+00
2.506430408688196820e+01,6.735801670287131060e+00
2.508430980280080291e+01,5.308878229994679288e+00
2.510431551871963762e+01,5.342663017951148063e+00
2.512432123463846878e+01,6.262486509512722677e+00
2.514432695055730349e+01,5.827913526870975858e+00
2.516433266647613465e+01,4.679019442051699507e+00
2.518433838239496936e+01,4.932639991969725912e+00
2.520434409831380407e+01,4.885870767651779190e+00
2.522434981423263878e+01,4.602071870279566213e+00
2.524435553015147349e+01,4.709388238923455816e+00
2.526436124607030820e+01,5.045871365803899167e+00
2.528436696198914291e+01,4.593873952438796593e+00
2.530437267790797407e+01,5.074178890674298614e+00
2.532437839382680878e+01,4.499228851459021072e+00
2.534438410974563993e+01,4.392137275221825732e+00
2.536438982566447464e+01,5.328851482436300024e+00
2.538439554158330935e+01,3.929796824554221413e+00
2.540440125750214406e+01,4.736164690244017095e+00
2.542440697342097877e+01,4.824734994765893958e+00
2.544441268933981348e+01,5.077605894164095801e+00
2.546441840525864819e+01,4.617320184924956550e+00
2.548442412117747935e+01,4.272377724894166562e+00
2.550442983709631406e+01,4.254288286400582209e+00
2.552443555301514877e+01,4.889431431274374518e+00
2.554444126893397993e+01,4.587592908789217105e+00
2.556444698485281464e+01,5.153170148530648476e+00
2.558445270077164935e+01,4.426526110569699135e+00
2.560445841669048406e+01,3.885027021478949294e+00
2.562446413260931877e+01,4.807513867402337659e+00
2.564446984852815348e+01,4.253474769247521436e+00
2.566447556444698819e+01,4.441096362412820575e+00
2.568448128036581934e+01,4.435786962440205095e+00
2.570448699628465405e+01,4.679666787705994757e+00
2.572449271220348521e+01,4.114935757958990692e+00
2.574449842812231992e+01,4.408777771095480524e+00
2.576450414404115463e+01,4.082263911929945976e+00
2.578450985995998934e+01,4.504697620242733791e+00
2.580451557587882405e+01,4.466581748561480047e+00
2.582452129179765876e+01,4.669247451101298907e+00
2.584452700771649347e+01,4.477427500260372284e+00
2.586453272363532463e+01,5.123715195933820965e+00
2.588453843955415934e+01,4.241156139112162826e+00
2.590454415547299405e+01,4.711865097800192359e+00
2.592454987139182521e+01,5.123785059678938936e+00
2.594455558731065992e+01,5.670242900064076608e+00
2.596456130322949463e+01,5.229182205479316892e+00
2.598456701914832934e+01,5.005955514515308735e+00
2.600457273506716405e+01,5.840705399874756232e+00
2.602457845098599520e+01,5.046646255207518195e+00
2.604458416690482991e+01,4.915777544437587743e+00
2.606458988282366462e+01,5.445935923652111654e+00
2.608459559874249933e+01,5.205532214146020742e+00
2.610460131466133404e+01,6.222265892576974267e+00
2.612460703058016520e+01,5.763747013034981492e+00
2.614461274649899991e+01,5.996467149010889841e+00
2.616461846241783462e+01,6.356037665357021638e+00
2.618462417833666933e+01,6.607848457589830637e+00
2.620462989425550404e+01,6.688559058256021039e+00
2.622463561017433520e+01,7.425429607971041790e+00
2.624464132609316991e+01,7.175191748161452665e+00
2.626464704201200462e+01,7.123375919743068607e+00
2.628465275793083933e+01,8.185374773640520019e+00
2.630465847384967049e+01,8.865095184322456134e+00
2.632466418976850520e+01,8.920128898426302300e+00
2.634466990568733991e+01,9.799227251692455454e+00
2.636467562160617462e+01,9.934573756924834242e+00
2.638468133752500933e+01,1.079150097178525769e+01
2.640468705344384048e+01,1.117186142037176211e+01
2.642469276936267519e+01,1.095397881000505969e+01
2.644469848528150990e+01,1.235459661014480126e+01
2.646470420120034461e+01,1.263292353050355743e+01
2.648470991711917932e+01,1.319393347261628691e+01
2.650471563303801048e+01,1.439307553969874931e+01
2.652472134895684519e+01,1.433199235753249923e+01
2.654472706487567990e+01,1.500824077064839734e+01
2.656473278079451461e+01,1.539206794969741843e+01
2.658473849671334932e+01,1.628964557102438704e+01
2.660474421263218048e+01,1.730909155842553204e+01
2.662474992855101519e+01,1.818775587501345470e+01
2.664475564446984990e+01,1.886085746847891897e+01
2.666476136038868461e+01,1.988968582206388191e+01
2.668476707630751577e+01,2.123784195504762451e+01
2.670477279222635048e+01,2.235555346241634211e+01
2.672477850814518519e+01,2.264616082958132282e+01
2.674478422406401990e+01,2.375080428562071333e+01
2.676478993998285461e+01,2.505670475416978960e+01
2.678479565590168576e+01,2.607570218488133662e+01
2.680480137182052047e+01,2.641680953765193252e+01
2.682480708773935518e+01,2.790088616791354781e+01
2.684481280365818989e+01,2.862433523519180767e+01
2.686481851957702460e+01,3.047737199707361100e+01
2.688482423549585576e+01,3.129552343809947246e+01
2.690482995141469047e+01,3.151308232205284554e+01
2.692483566733352518e+01,3.275880735374698105e+01
2.694484138325235989e+01,3.394448632978176050e+01
2.696484709917119105e+01,3.386664332692618018e+01
2.698485281509002576e+01,3.466621489196194261e+01
2.700485853100886047e+01,3.505501403130354987e+01
2.702486424692769518e+01,3.611809068140967582e+01
2.704486996284652989e+01,3.700543389051417620e+01
2.706487567876536104e+01,3.771392398584067962e+01
2.708488139468419575e+01,3.841902626809833521e+01
2.710488711060303046e+01,3.860248012399808459e+01
2.712489282652186517e+01,3.836475078780104297e+01
2.714489854244069988e+01,3.878680678577121910e+01
2.716490425835953104e+01,3.922363615097609113e+01
2.718490997427836575e+01,3.869872946686965776e+01
2.720491569019720046e+01,3.805942360910847100e+01
2.722492140611603517e+01,3.817807165536297731e+01
2.724492712203486633e+01,3.773213204267531040e+01
2.726493283795370104e+01,3.619361539254318672e+01
2.728493855387253575e+01,3.606028994677873811e+01
2.730494426979137046e+01,3.498635999616934100e+01
2.732494998571020517e+01,3.348119800942462376e+01
2.734495570162903633e+01,3.224747262709659168e+01
2.736496141754787104e+01,3.121699086086766428e+01
2.738496713346670575e+01,2.984060377813478127e+01
2.740497284938554046e+01,2.867552487901627245e+01
2.742497856530437517e+01,2.713263181822883752e+01
2.744498428122320632e+01,2.583847565616439468e+01
2.746498999714204103e+01,2.331384350789901205e+01
2.748499571306087574e+01,2.266673242330023186e+01
2.750500142897971045e+01,2.125107220942774333e+01
2.752500714489854516e+01,2.012088904509775489e+01
2.754501286081737632e+01,1.825254449855411210e+01
2.756501857673621103e+01,1.740888178544766518e+01
2.758502429265504574e+01,1.617858556386841684e+01
2.760503000857388045e+01,1.482889784484988205e+01
2.762503572449271161e+01,1.388537281020999536e+01
2.764504144041154632e+01,1.311556639773252542e+01
2.766504715633038103e+01,1.272238696709323946e+01
2.768505287224921574e+01,1.193921074476843103e+01
2.770505858816805045e+01,1.163980836004909847e+01
2.772506430408688161e+01,1.012896817345806610e+01
2.774507002000571632e+01,9.949325410963389515e+00
2.776507573592455103e+01,9.794435322993900073e+00
2.778508145184338574e+01,9.034738077271029510e+00
2.780508716776222045e+01,7.614737533356978894e+00
2.782509288368105160e+01,7.963316728980410986e+00
2.784509859959988631e+01,6.827264771758231099e+00
2.786510431551872102e+01,6.677905191317707434e+00
2.788511003143755573e+01,6.753394528894590465e+00
2.790511574735638689e+01,6.387373707608444917e+00
2.792512146327522160e+01,5.420078202875294515e+00
2.794512717919405631e+01,5.448197519528961585e+00
2.796513289511289102e+01,4.898388912112810800e+00
2.798513861103172573e+01,4.594940739302214361e+00
2.800514432695055689e+01,4.834266220173740081e+00
2.802515004286939160e+01,4.984417810752175271e+00
2.804515575878822631e+01,4.647487717442984945e+00
2.806516147470706102e+01,5.366606412701232287e+00
2.808516719062589573e+01,5.090586322656343476e+00
2.810517290654472689e+01,4.716698128187713834e+00
2.812517862246356160e+01,4.083371762899847823e+00
2.814518433838239631e+01,4.302632582185248467e+00
2.816519005430123102e+01,4.987316176600266715e+00
2.818519577022006217e+01,4.340691869283219262e+00
2.820520148613889688e+01,4.559535900897223826e+00
2.822520720205773159e+01,4.648043507413918363e+00
2.824521291797656630e+01,5.333651413179230083e+00
2.826521863389540101e+01,4.260668638971544908e+00
2.828522434981423217e+01,4.896098783126936915e+00
2.830523006573306688e+01,3.726439473503105226e+00
2.832523578165190159e+01,3.522702047518336599e+00
2.834524149757073630e+01,4.156326452509334857e+00
2.836524721348957101e+01,4.782199055778421304e+00
2.838525292940840217e+01,4.748306122037778465e+00
2.840525864532723688e+01,4.431998576730139305e+00
2.842526436124607159e+01,4.355205439730358563e+00
2.844527007716490630e+01,4.697590652332526595e+00
2.846527579308374101e+01,4.956146929227441156e+00
2.848528150900257216e+01,4.427103667904477291e+00
2.850528722492140687e+01,4.441033996626721603e+00
2.852529294084024158e+01,4.901451850737577942e+00
2.854529865675907629e+01,3.818086426105517184e+00
2.856530437267790745e+01,4.926689575963560941e+00
2.858531008859674216e+01,4.534581417013779259e+00
2.860531580451557687e+01,4.458179951332343016e+00
2.862532152043441158e+01,5.210351222206165644e+00
2.864532723635324629e+01,4.386682939913637114e+00
2.866533295227207745e+01,4.959725003700773627e+00
2.868533866819091216e+01,5.525030105523934587e+00
2.870534438410974687e+01,4.697814806524736042e+00
2.872535010002858158e+01,4.212760333884270736e+00
2.874535581594741629e+01,4.433505188218529014e+00
2.876536153186624745e+01,4.196359984959086908e+00
2.878536724778508216e+01,4.414694446503061087e+00
2.880537296370391687e+01,5.160245567411203105e+00
2.882537867962275158e+01,5.311098427441836023e+00
2.884538439554158273e+01,5.566578868591033569e+00
2.886539011146041744e+01,4.686048230342324317e+00
2.888539582737925215e+01,5.251444758969687321e+00
2.890540154329808686e+01,3.815773808149844015e+00
2.892540725921692157e+01,5.109183256569501452e+00
2.894541297513575273e+01,4.770516273646516758e+00
2.896541869105458744e+01,5.242998260558527690e+00
2.898542440697342215e+01,4.466499548492992133e+00
2.900543012289225686e+01,4.224580995525251126e+00
2.902543583881109157e+01,4.260767725369614567e+00
2.904544155472992273e+01,4.594694255384368375e+00
2.906544727064875744e+01,4.291040434713742968e+00
2.908545298656759215e+01,4.239558262407314260e+00
2.910545870248642686e+01,4.037936054817675036e+00
2.912546441840525802e+01,3.809282402403251666e+00
2.914547013432409273e+01,4.040289799832609496e+00
2.916547585024292744e+01,3.625595238882531657e+00
2.918548156616176215e+01,4.208647111594051360e+00
2.920548728208059686e+01,4.545606715151429889e+00
2.922549299799942801e+01,4.210880888974391389e+00
2.924549871391826272e+01,3.729631255808585344e+00
2.926550442983709743e+01,3.666059232052014671e+00
2.928551014575593214e+01,4.554223562960926230e+00
2.930551586167476685e+01,4.051027248514005308e+00
2.932552157759359801e+01,3.745348583902778028e+00
2.934552729351243272e+01,3.906767372717427467e+00
2.936553300943126743e+01,4.356157492597088954e+00
2.938553872535010214e+01,3.908823495735248343e+00
2.940554444126893330e+01,5.186375208015720162e+00
2.942555015718776801e+01,3.846501452885931815e+00
2.944555587310660272e+01,4.475520856447625206e+00
2.946556158902543743e+01,4.877044096290374497e+00
2.948556730494427214e+01,4.210313919400382687e+00
2.950557302086310330e+01,4.303512145916700504e+00
2.952557873678193801e+01,5.232971811900647197e+00
2.954558445270077272e+01,5.173092203993824079e+00
2.956559016861960743e+01,4.271372388124611952e+00
2.958559588453844214e+01,4.362984500730909154e+00
2.960560160045727329e+01,4.819614281424951407e+00
2.962560731637610800e+01,4.556577857827098121e+00
2.964561303229494271e+01,4.466514675946203994e+00
2.966561874821377742e+01,5.336259183026582420e+00
2.968562446413261213e+01,4.770713727231250090e+00
2.970563018005144329e+01,4.689179205849677956e+00
2.972563589597027800e+01,4.790583671179541980e+00
2.974564161188911271e+01,5.276784229832864881e+00
2.976564732780794742e+01,4.841820950529100998e+00
2.978565304372677858e+01,5.315363498208093063e+00
2.980565875964561329e+01,5.162831645911619916e+00
2.982566447556444800e+01,5.287487659347393176e+00
2.984567019148328271e+01,4.059760260182127212e+00
2.986567590740211742e+01,4.325707221883691389e+00
2.988568162332094857e+01,4.295980268338151831e+00
2.990568733923978328e+01,3.954537974929776212e+00
2.992569305515861799e+01,5.237495235030332097e+00
2.994569877107745270e+01,5.349787666654822083e+00
2.996570448699628741e+01,4.468174990479377051e+00
2.998571020291511857e+01,5.036344907531010051e+00
3.000571591883395328e+01,3.962308991319058116e+00
3.002572163475278799e+01,3.967417127137522037e+00
3.004572735067162270e+01,4.498014328882661950e+00
3.006573306659045386e+01,4.419039020059738476e+00
3.008573878250928857e+01,4.698645717337059935e+00
3.010574449842812328e+01,4.814772141188111476e+00
3.012575021434695799e+01,5.112885064197120855e+00
3.014575593026579270e+01,4.597312572678214693e+00
3.016576164618462386e+01,4.853058969247678434e+00
3.018576736210345857e+01,4.626556179221189780e+00
3.020577307802229328e+01,4.331517963660765247e+00
3.022577879394112799e+01,4.771217117448721012e+00
3.024578450985996270e+01,4.941428829097154640e+00
3.026579022577879385e+01,4.545874922836876664e+00
3.028579594169762856e+01,5.028164298329377502e+00
3.030580165761646327e+01,4.719508886965872563e+00
3.032580737353529798e+01,4.762261046012966403e+00
3.034581308945412914e+01,4.428875691216902055e+00
3.036581880537296385e+01,4.785630146460175816e+00
3.038582452129179856e+01,4.835247258509349777e+00
3.040583023721063327e+01,4.475371473956110790e+00
3.042583595312946798e+01,4.792596266982544151e+00
3.044584166904829914e+01,4.395285669555265784e+00
3.046584738496713385e+01,5.757338352148977378e+00
3.048585310088596856e+01,5.160177057797552536e+00
3.050585881680480327e+01,4.535981890549045659e+00
3.052586453272363798e+01,5.662296516190718165e+00
3.054587024864246914e+01,5.642670822405320585e+00
3.056587596456130385e+01,5.308548464115030896e+00
3.058588168048013856e+01,5.283129124413314948e+00
3.060588739639897327e+01,5.220762398911880098e+00
3.062589311231780798e+01,5.102265689928412229e+00
3.064589882823663913e+01,5.242601533931858349e+00
3.066590454415547384e+01,5.189354530421644185e+00
3.068591026007430855e+01,5.746932472771265843e+00
3.070591597599314326e+01,6.248697619934652892e+00
3.072592169191197442e+01,6.357458436945057301e+00
3.074592740783080913e+01,6.103353681842791367e+00
3.076593312374964384e+01,6.085945627151779114e+00
3.078593883966847855e+01,5.469524956693399886e+00
3.080594455558731326e+01,6.085827023360655730e+00
3.082595027150614442e+01,6.436325014372057396e+00
3.084595598742497913e+01,6.625555825839534840e+00
3.086596170334381384e+01,5.933049826666868753e+00
3.088596741926264855e+01,6.913982082081970404e+00
3.090597313518148326e+01,6.596778038094579522e+00
3.092597885110031442e+01,7.121744987798482640e+00
3.094598456701914913e+01,6.342969171018871144e+00
3.096599028293798384e+01,6.313496882372541030e+00
3.098599599885681855e+01,7.234669644554031720e+00
3.100600171477564970e+01,6.934376789610583458e+00
3.102600743069448441e+01,7.426719900108234462e+00
3.104601314661331912e+01,6.962105006984362632e+00
3.106601886253215383e+01,6.948267064140337901e+00
3.108602457845098854e+01,6.272530002992890097e+00
3.110603029436981970e+01,7.159121400747659791e+00
3.112603601028865441e+01,6.812424084854651340e+00
3.114604172620748912e+01,6.987821780471545452e+00
3.116604744212632383e+01,7.021576784347075773e+00
3.118605315804515854e+01,6.492073996273745706e+00
3.120605887396398970e+01,7.460536456989453669e+00
3.122606458988282441e+01,7.584305049962264178e+00
3.124607030580165912e+01,6.511784614136147731e+00
3.126607602172049383e+01,6.946386242536314093e+00
3.128608173763932498e+01,6.829061520268472130e+00
3.130608745355815969e+01,6.892198468728885530e+00
3.132609316947699440e+01,6.669243034138333748e+00
3.134609888539582911e+01,7.095431418858988870e+00
3.136610460131466382e+01,6.831327095296325425e+00
3.138611031723349498e+01,6.753119869034742706e+00
3.140611603315232969e+01,6.675331536707229674e+00
3.142612174907116440e+01,6.323566473595059634e+00
3.144612746498999911e+01,6.232385797699965480e+00
3.146613318090883382e+01,6.556368374999557602e+00
3.148613889682766498e+01,6.419982968602917950e+00
3.150614461274649969e+01,6.184577866146861780e+00
3.152615032866533440e+01,5.475865918063671955e+00
3.154615604458416911e+01,5.835535521242764645e+00
3.156616176050300382e+01,5.026262302925776027e+00
3.158616747642183498e+01,5.466945927256552373e+00
3.160617319234066969e+01,5.297376933088784767e+00
3.162617890825950440e+01,5.731945042827694792e+00
3.164618462417833911e+01,5.842026583230048864e+00
3.166619034009717026e+01,5.055063218427188865e+00
3.168619605601600497e+01,4.494028810131134755e+00
3.170620177193483968e+01,4.382811350387096461e+00
3.172620748785367439e+01,5.061775757935249587e+00
3.174621320377250910e+01,4.975663212961448423e+00
3.176621891969134026e+01,3.926678779865101276e+00
3.178622463561017497e+01,4.080698294634416357e+00
3.180623035152900968e+01,3.647499218767699780e+00
3.182623606744784439e+01,4.272549428906460278e+00
3.184624178336667910e+01,3.650000268100107359e+00
3.186624749928551026e+01,4.180503281379031044e+00
3.188625321520434497e+01,4.384430539134521965e+00
3.190625893112317968e+01,3.401166543542569976e+00
3.192626464704201439e+01,3.759976080966992207e+00
3.194627036296084555e+01,4.112182451884823564e+00
3.196627607887968026e+01,4.143324642563315230e+00
3.198628179479851497e+01,3.960284270555261443e+00
3.200628751071734968e+01,4.627269117817029098e+00
3.202629322663618439e+01,3.984595264675532711e+00
3.204629894255501199e+01,4.281394918466260080e+00
3.206630465847385381e+01,3.699572225038921580e+00
3.208631037439268141e+01,4.100932150476959137e+00
3.210631609031152323e+01,3.365819728227321228e+00
3.212632180623035083e+01,4.254977279171664684e+00
3.214632752214918554e+01,4.166848514788407343e+00
3.216633323806802025e+01,4.294570267631128146e+00
3.218633895398685496e+01,4.159824179627173102e+00
3.220634466990568967e+01,4.237517588534581492e+00
3.222635038582451728e+01,4.517231684726458418e+00
3.224635610174335909e+01,3.358639601556249854e+00
3.226636181766218670e+01,4.412855043184161552e+00
3.228636753358102851e+01,3.259457198569786662e+00
3.230637324949985612e+01,3.154262841301595621e+00
3.232637896541869083e+01,4.243426181363225247e+00
3.234638468133752554e+01,4.045715858702499723e+00
3.236639039725636025e+01,4.510433308514318007e+00
3.238639611317519496e+01,3.626252081542844508e+00
3.240640182909402967e+01,3.835028859284266289e+00
3.242640754501286438e+01,3.951336491530243578e+00
3.244641326093169198e+01,4.207763027530928568e+00
3.246641897685053380e+01,4.226389902328620884e+00
3.248642469276936140e+01,3.909849843775107914e+00
3.250643040868819611e+01,4.395365287393454778e+00
3.252643612460703082e+01,3.622105026455573196e+00
3.254644184052586553e+01,4.616639513267595696e+00
3.256644755644470024e+01,3.604352994429567580e+00
3.258645327236353495e+01,4.138232716467678429e+00
3.260645898828236966e+01,4.109255661769243062e+00
3.262646470420119726e+01,3.730177576917851567e+00
3.264647042012003908e+01,4.422177912716289683e+00
3.266647613603886668e+01,3.650403306020792549e+00
3.268648185195770850e+01,4.007763294803865506e+00
3.270648756787653610e+01,3.870089531254020887e+00
3.272649328379537081e+01,3.497291415188604979e+00
3.274649899971420552e+01,3.816643075585043121e+00
3.276650471563304023e+01,3.729614207371228396e+00
3.278651043155187494e+01,4.405629718784302540e+00
3.280651614747070255e+01,4.338660787641382299e+00
3.282652186338954436e+01,3.354465435050099309e+00
3.284652757930837197e+01,3.901059972697408007e+00
3.286653329522721378e+01,3.419829413236620930e+00
3.288653901114604139e+01,4.135120911335550709e+00
3.290654472706487610e+01,3.979414929693769754e+00
3.292655044298371081e+01,4.582667336325800811e+00
3.294655615890254552e+01,3.413770578241698939e+00
3.296656187482138023e+01,4.022550586401375305e+00
3.298656759074020783e+01,4.132636893020659841e+00
3.300657330665904965e+01,4.188562076244421561e+00
3.302657902257787725e+01,3.983433821109713779e+00
3.304658473849671907e+01,4.068068777622737997e+00
3.306659045441554667e+01,3.467689925705559340e+00
3.308659617033438138e+01,3.085155591041110590e+00
3.310660188625321609e+01,4.019323347821438297e+00
3.312660760217205080e+01,4.571540564697231801e+00
3.314661331809088551e+01,4.345970559567972735e+00
3.316661903400971312e+01,4.321535610261774352e+00
3.318662474992855493e+01,4.267212714091529691e+00
3.320663046584738254e+01,4.115360853261190499e+00
3.322663618176622435e+01,4.162834426872069393e+00
3.324664189768505196e+01,4.073205808082392743e+00
3.326664761360388667e+01,4.019326385204582408e+00
3.328665332952272138e+01,4.633767520637526616e+00
3.330665904544155609e+01,3.597962681258296769e+00
3.332666476136039080e+01,4.623660510403643897e+00
3.334667047727922551e+01,3.789785553764069448e+00
3.336667619319806022e+01,3.233841696160678847e+00
3.338668190911688782e+01,3.621297697474494814e+00
3.340668762503572964e+01,4.007377330433538276e+00
3.342669334095455724e+01,4.352878161074004382e+00
3.344669905687339195e+01,4.427125819980116894e+00
3.346670477279222666e+01,3.832043651098839376e+00
3.348671048871106137e+01,4.784165248510056756e+00
3.350671620462989608e+01,4.590842840032047789e+00
3.352672192054873079e+01,4.093151872545519154e+00
3.354672763646756550e+01,4.175889052668869894e+00
3.356673335238639311e+01,5.018235543015501676e+00
3.358673906830523492e+01,4.752795598724366855e+00
3.360674478422406253e+01,4.989001318482067404e+00
3.362675050014290434e+01,4.518189579193831129e+00
3.364675621606173195e+01,4.297392348690215691e+00
3.366676193198056666e+01,4.847412898472567733e+00
3.368676764789940137e+01,5.157383200486600927e+00
3.370677336381823608e+01,5.196810769630034521e+00
3.372677907973707079e+01,5.419795806378494341e+00
3.374678479565589839e+01,5.586838513820806540e+00
3.376679051157474021e+01,5.757366238072663123e+00
3.378679622749356781e+01,6.031713707041093997e+00
3.380680194341240963e+01,6.246163014590152329e+00
3.382680765933123723e+01,7.137825774213995444e+00
3.384681337525007194e+01,6.962642114167540086e+00
3.386681909116890665e+01,7.280812857348975875e+00
3.388682480708774136e+01,6.986762367094559778e+00
3.390683052300657607e+01,7.867133733506570081e+00
3.392683623892540368e+01,7.296890934969930242e+00
3.394684195484424549e+01,8.326688922424281714e+00
3.396684767076307310e+01,8.975502480708451358e+00
3.398685338668191491e+01,9.308197422364171914e+00
3.400685910260074252e+01,8.881011385765489763e+00
3.402686481851957723e+01,8.418679500763857959e+00
3.404687053443841194e+01,1.017033576100590864e+01
3.406687625035724665e+01,1.020641289784560968e+01
3.408688196627608136e+01,1.048608706943975299e+01
3.410688768219490896e+01,1.111586088945315254e+01
3.412689339811375078e+01,1.120021807717285967e+01
3.414689911403257838e+01,1.152591686070132937e+01
3.416690482995142020e+01,1.188467926137263930e+01
3.418691054587024780e+01,1.264573377964557821e+01
3.420691626178908251e+01,1.327903821284291652e+01
3.422692197770791722e+01,1.356783080554522414e+01
3.424692769362675193e+01,1.342909565749122258e+01
3.426693340954558664e+01,1.436089400231892022e+01
3.428693912546442135e+01,1.423677537537378868e+01
3.430694484138325606e+01,1.455025143470730598e+01
3.432695055730208367e+01,1.444266051286542663e+01
3.434695627322092548e+01,1.506890767876852344e+01
3.436696198913975309e+01,1.424462547674318103e+01
3.438696770505858780e+01,1.463970688809530429e+01
3.440697342097742251e+01,1.519147777012558009e+01
3.442697913689625722e+01,1.467601696795952293e+01
3.444698485281509193e+01,1.437519272987379537e+01
3.446699056873392664e+01,1.470538511906863199e+01
3.448699628465276135e+01,1.462494928053839160e+01
3.450700200057158895e+01,1.397095039224965873e+01
3.452700771649043077e+01,1.394639457542643157e+01
3.454701343240925837e+01,1.438879495939101716e+01
3.456701914832810019e+01,1.406023974058069115e+01
3.458702486424692779e+01,1.448079564894650062e+01
3.460703058016576250e+01,1.519967269019772615e+01
3.462703629608459721e+01,1.568780688410736346e+01
3.464704201200343192e+01,1.568417296410377304e+01
3.466704772792226663e+01,1.647318855010027505e+01
3.468705344384109424e+01,1.673166678699443466e+01
3.470705915975993605e+01,1.770710119429579521e+01
3.472706487567876366e+01,1.902230998542278684e+01
3.474707059159760547e+01,1.952357849625120423e+01
3.476707630751643308e+01,2.016035586409026337e+01
3.478708202343526779e+01,2.143661880508559037e+01
3.480708773935410250e+01,2.364179576914056469e+01
3.482709345527293721e+01,2.448006180320248859e+01
3.484709917119177192e+01,2.595180135490986117e+01
3.486710488711059952e+01,2.718504240391451532e+01
3.488711060302944134e+01,2.867077093391645093e+01
3.490711631894826894e+01,2.915315502472132181e+01
3.492712203486711076e+01,3.173202467968188856e+01
3.494712775078593836e+01,3.370909200444620524e+01
3.496713346670477307e+01,3.570783712631784113e+01
3.498713918262360778e+01,3.661436319474785250e+01
3.500714489854244249e+01,3.895120006289435111e+01
3.502715061446127720e+01,4.044095476943389400e+01
3.504715633038010481e+01,4.181740469023395690e+01
3.506716204629894662e+01,4.406495721096921159e+01
3.508716776221777423e+01,4.577722230678231341e+01
3.510717347813661604e+01,4.778813116643680559e+01
3.512717919405544365e+01,5.012157686815290702e+01
3.514718490997427836e+01,5.231767413838572622e+01
3.516719062589311307e+01,5.389587629547352776e+01
3.518719634181194778e+01,5.601825596856319578e+01
3.520720205773078249e+01,5.756601668675224204e+01
3.522720777364961720e+01,5.935999536226078988e+01
3.524721348956845191e+01,5.992218478684601735e+01
3.526721920548727951e+01,6.138568146328512398e+01
3.528722492140612133e+01,6.281884369765253950e+01
3.530723063732494893e+01,6.333140237275692641e+01
3.532723635324378364e+01,6.419926393210361937e+01
3.534724206916261835e+01,6.565895418822803720e+01
3.536724778508145306e+01,6.555863163184019982e+01
3.538725350100028777e+01,6.539016126595753065e+01
3.540725921691912248e+01,6.529062911072612962e+01
3.542726493283795719e+01,6.519143022139049037e+01
3.544727064875678479e+01,6.521175854272884465e+01
3.546727636467562661e+01,6.458065522868716357e+01
3.548728208059445421e+01,6.451924218104659303e+01
3.550728779651329603e+01,6.390327911431118224e+01
3.552729351243212363e+01,6.324212349828768254e+01
3.554729922835095834e+01,6.297710927877162135e+01
3.556730494426979305e+01,6.295012670410847022e+01
3.558731066018862776e+01,6.165444489498776193e+01
3.560731637610746247e+01,6.191658664149403535e+01
3.562732209202629008e+01,6.197950924273867201e+01
3.564732780794513189e+01,6.156702593690590675e+01
3.566733352386395950e+01,6.151901195316135329e+01
3.568733923978280131e+01,6.131415687048917107e+01
3.570734495570162892e+01,6.134374606976043509e+01
3.572735067162046363e+01,6.136467801802237432e+01
3.574735638753929834e+01,6.170815506545916662e+01
3.576736210345813305e+01,6.179108606040787777e+01
3.578736781937696776e+01,6.063254235676986070e+01
3.580737353529579536e+01,6.056607893927402131e+01
3.582737925121463718e+01,6.003089029581796865e+01
3.584738496713346478e+01,5.975428217046493273e+01
3.586739068305230660e+01,5.891206764808439544e+01
3.588739639897113420e+01,5.949107641484828690e+01
3.590740211488996891e+01,5.834525575824167731e+01
3.592740783080880362e+01,5.739365017498146671e+01
3.594741354672763833e+01,5.617356962761575545e+01
3.596741926264647304e+01,5.543923685194435080e+01
3.598742497856530065e+01,5.400822817328180747e+01
3.600743069448414246e+01,5.249468252464070162e+01
3.602743641040297007e+01,5.100556425403987504e+01
3.604744212632181188e+01,4.830008396557281003e+01
3.606744784224063949e+01,4.687559871338747541e+01
3.608745355815947420e+01,4.449423792245021048e+01
3.610745927407830891e+01,4.277873207038766168e+01
3.612746498999714362e+01,4.028903138168648468e+01
3.614747070591597833e+01,3.739859199187316108e+01
3.616747642183481304e+01,3.570326882882248754e+01
3.618748213775364775e+01,3.243810723777632177e+01
3.620748785367247535e+01,3.152547067084781673e+01
3.622749356959131717e+01,2.885856246530685354e+01
3.624749928551014477e+01,2.678352859705571731e+01
3.626750500142897948e+01,2.475146048310094926e+01
3.628751071734781419e+01,2.399842596592061028e+01
3.630751643326664890e+01,2.194372246818425509e+01
3.632752214918548361e+01,2.081298678465502405e+01
3.634752786510431832e+01,1.896060438934722114e+01
3.636753358102315303e+01,1.856419960065662877e+01
3.638753929694198064e+01,1.810523175944054586e+01
3.640754501286082245e+01,1.723031834183674960e+01
3.642755072877965006e+01,1.681927956977633087e+01
3.644755644469849187e+01,1.591416813790308282e+01
3.646756216061731948e+01,1.554964169832547860e+01
3.648756787653615419e+01,1.503845043616719579e+01
3.650757359245498890e+01,1.551112863705357725e+01
3.652757930837382361e+01,1.463838309116786895e+01
3.654758502429265832e+01,1.352834067836972309e+01
3.656759074021148592e+01,1.441226255794887479e+01
3.658759645613032774e+01,1.234380267117253283e+01
3.660760217204915534e+01,1.253164373380706209e+01
3.662760788796799716e+01,1.236857377345075903e+01
3.664761360388682476e+01,1.161491102399253172e+01
3.666761931980565947e+01,1.076349312183901397e+01
3.668762503572449418e+01,1.065394934386481474e+01
3.670763075164332889e+01,9.807750243619860697e+00
3.672763646756216360e+01,9.440134232897442246e+00
3.674764218348099121e+01,9.542873151550150368e+00
3.676764789939983302e+01,9.350068623576905935e+00
3.678765361531866063e+01,9.235813642350599650e+00
3.680765933123750244e+01,9.068704429787945998e+00
3.682766504715633005e+01,8.646317424074494440e+00
3.684767076307516476e+01,7.727165950908956304e+00
3.686767647899399947e+01,8.403619104340217305e+00
3.688768219491283418e+01,8.796143611167517307e+00
3.690768791083166889e+01,8.956583401216981599e+00
3.692769362675049649e+01,8.649181159487827841e+00
3.694769934266933831e+01,9.036866300680090447e+00
3.696770505858816591e+01,7.972239736137048283e+00
3.698771077450700773e+01,8.504450922824259962e+00
3.700771649042583533e+01,9.584657810576578285e+00
3.702772220634467004e+01,8.815550027960007640e+00
3.704772792226350475e+01,9.450137919888348392e+00
3.706773363818233946e+01,9.898606401248414954e+00
3.708773935410117417e+01,9.696921744375000429e+00
3.710774507002000888e+01,9.656755991177076837e+00
3.712775078593884359e+01,9.854533388746961720e+00
3.714775650185767120e+01,9.091086834618868906e+00
3.716776221777651301e+01,9.233084716311562801e+00
3.718776793369534062e+01,8.992633029015864921e+00
3.720777364961417533e+01,8.603334169300634215e+00
3.722777936553301004e+01,8.130461041581080295e+00
3.724778508145184475e+01,8.440945429457379134e+00
3.726779079737067946e+01,8.312245402457303811e+00
3.728779651328951417e+01,8.062146957652366552e+00
3.730780222920834888e+01,7.297575764542173715e+00
3.732780794512717648e+01,7.220011585047831915e+00
3.734781366104601830e+01,6.408360352508392310e+00
3.736781937696484590e+01,6.381166216945091563e+00
3.738782509288368772e+01,5.632784430833011058e+00
3.740783080880251532e+01,6.684889451212741918e+00
3.742783652472135003e+01,6.538855449772031037e+00
3.744784224064018474e+01,6.566179608566459436e+00
3.746784795655901945e+01,5.575375918389910090e+00
3.748785367247785416e+01,5.480257730305890362e+00
3.750785938839668177e+01,6.011552170274685913e+00
3.752786510431552358e+01,5.189719067816361608e+00
3.754787082023435119e+01,5.791270724814247650e+00
3.756787653615319300e+01,5.847686540532997412e+00
3.758788225207202061e+01,5.347915594351670521e+00
3.760788796799085532e+01,5.668488025401497765e+00
3.762789368390969003e+01,4.496842383712736257e+00
3.764789939982852474e+01,4.729940071173985849e+00
3.766790511574735945e+01,4.666177063939295877e+00
3.768791083166618705e+01,4.437740513805748854e+00
3.770791654758502887e+01,5.046007935939367250e+00
3.772792226350385647e+01,4.142802972935335504e+00
3.774792797942269829e+01,4.714247379955423867e+00
3.776793369534152589e+01,4.260469744988251151e+00
3.778793941126036060e+01,4.695069030252372322e+00
3.780794512717919531e+01,4.858191185798290235e+00
3.782795084309803002e+01,5.142231328889894648e+00
3.784795655901686473e+01,4.420865980797705319e+00
3.786796227493569234e+01,4.468055815789582219e+00
3.788796799085453415e+01,4.941740262660361260e+00
3.790797370677336176e+01,4.546961737835749418e+00
3.792797942269220357e+01,5.056577807728871221e+00
3.794798513861103118e+01,4.654377125706251839e+00
3.796799085452986589e+01,4.400752426673251172e+00
3.798799657044870060e+01,3.915915347293224436e+00
3.800800228636753531e+01,4.187225064486993276e+00
3.802800800228637002e+01,3.868524085855550965e+00
3.804801371820520473e+01,4.736740610746452695e+00
3.806801943412403944e+01,4.944580712135831391e+00
3.808802515004286704e+01,5.009491170214727340e+00
3.810803086596170886e+01,3.949679300019827366e+00
3.812803658188053646e+01,4.001343570170298847e+00
3.814804229779937117e+01,5.436060770607236137e+00
3.816804801371820588e+01,4.264249429916276313e+00
3.818805372963704059e+01,4.777922114983674362e+00
3.820805944555587530e+01,4.917919594167655006e+00
3.822806516147471001e+01,5.668426817090063352e+00
3.824807087739354472e+01,4.887357732959081602e+00
3.826807659331237232e+01,5.390644370392720930e+00
3.828808230923121414e+01,4.711207416386995916e+00
3.830808802515004174e+01,5.916193816454351051e+00
3.832809374106888356e+01,5.313080145527258935e+00
3.834809945698771116e+01,4.632687526663048949e+00
3.836810517290654587e+01,5.534467794626609205e+00
3.838811088882538058e+01,5.455789675306192521e+00
3.840811660474421529e+01,5.622823088433458238e+00
3.842812232066305000e+01,5.316514722623672640e+00
3.844812803658187761e+01,6.172407185186319367e+00
3.846813375250071942e+01,4.985020516272106406e+00
3.848813946841954703e+01,5.873957492505638811e+00
3.850814518433838884e+01,6.048974876929164246e+00
3.852815090025721645e+01,6.525313444038076227e+00
3.854815661617605116e+01,6.115037259738302922e+00
3.856816233209488587e+01,6.356509718531372144e+00
3.858816804801372058e+01,6.709426445936379935e+00
3.860817376393255529e+01,6.382925838527501838e+00
3.862817947985138289e+01,6.366967925092461122e+00
3.864818519577022471e+01,6.194155620025032505e+00
3.866819091168905231e+01,6.357589925659421048e+00
3.868819662760789413e+01,7.260979736447650268e+00
3.870820234352672173e+01,7.344502357528842396e+00
3.872820805944555644e+01,7.773707661338153052e+00
3.874821377536439115e+01,7.585829573174446949e+00
3.876821949128322586e+01,7.724063847104778446e+00
3.878822520720206057e+01,7.941438745068891691e+00
3.880823092312088818e+01,7.923672415906712452e+00
3.882823663903972999e+01,8.567510754103178527e+00
3.884824235495855760e+01,8.018383097323320996e+00
3.886824807087739941e+01,9.061745484962903774e+00
3.888825378679622702e+01,8.247148035315476022e+00
3.890825950271506173e+01,9.053595844357349876e+00
3.892826521863389644e+01,8.948538786378808396e+00
3.894827093455273115e+01,8.494085333032266760e+00
3.896827665047156586e+01,9.550214129940341579e+00
3.898828236639040057e+01,9.311487876869614766e+00
3.900828808230923528e+01,8.525645631040031702e+00
3.902829379822806288e+01,8.340956451748541056e+00
3.904829951414690470e+01,8.890239671955800560e+00
3.906830523006573230e+01,8.652488873421679827e+00
3.908831094598456701e+01,8.421851197459705674e+00
3.910831666190340172e+01,8.158356945049538567e+00
3.912832237782223643e+01,7.987272666901324314e+00
3.914832809374107114e+01,7.440359123218338588e+00
3.916833380965990585e+01,7.841194172119529071e+00
3.918833952557874056e+01,7.346043043598778688e+00
3.920834524149756817e+01,6.520457752119097172e+00
3.922835095741640998e+01,7.326441119048226369e+00
3.924835667333523759e+01,6.471039253406771330e+00
3.926836238925407940e+01,6.449682704102263742e+00
3.928836810517290701e+01,7.126538489914267416e+00
3.930837382109174172e+01,6.344434037784729696e+00
3.932837953701057643e+01,7.242093928358945831e+00
3.934838525292941114e+01,6.849508285997734092e+00
3.936839096884824585e+01,7.084126021008921192e+00
3.938839668476707345e+01,6.255449825166575550e+00
3.940840240068591527e+01,7.029890300038898587e+00
3.942840811660474287e+01,6.552151624611642688e+00
3.944841383252358469e+01,6.832959231240101516e+00
3.946841954844241229e+01,5.538168971664941154e+00
3.948842526436124700e+01,7.462403044893529014e+00
3.950843098028008171e+01,7.296330975828562160e+00
3.952843669619891642e+01,7.472589993453193635e+00
3.954844241211775113e+01,6.009134620137121630e+00
3.956844812803657874e+01,7.574667289693650218e+00
3.958845384395542055e+01,6.905627208104117898e+00
3.960845955987424816e+01,7.874224606545441318e+00
3.962846527579308997e+01,6.191587257833917946e+00
3.964847099171191758e+01,7.072333379026246369e+00
3.966847670763075229e+01,7.534223562039858102e+00
3.968848242354958700e+01,8.376494262708934713e+00
3.970848813946842171e+01,6.619750180314593280e+00
3.972849385538725642e+01,9.717787363133229661e+00
3.974849957130608402e+01,8.639444376804434000e+00
3.976850528722492584e+01,9.348475733217728845e+00
3.978851100314375344e+01,7.818051856715958259e+00
3.980851671906259526e+01,9.790710915973328099e+00
3.982852243498142286e+01,1.053513066895741446e+01
3.984852815090025757e+01,1.144664777368891961e+01
3.986853386681909228e+01,9.117064356006466141e+00
3.988853958273792699e+01,1.144991329917415079e+01
3.990854529865676170e+01,1.224983974216947935e+01
3.992855101457559641e+01,1.205527982872007442e+01
3.994855673049443112e+01,9.922929375792458373e+00
3.996856244641325873e+01,1.258649103928325808e+01
3.998856816233210054e+01,1.306032298198888952e+01
4.000857387825092815e+01,1.286915209634748436e+01
4.002857959416976286e+01,1.145836847642190293e+01
4.004858531008859757e+01,1.324044085281554572e+01
4.006859102600743228e+01,1.420373900806066025e+01
4.008859674192626699e+01,1.389874653412244498e+01
4.010860245784510170e+01,1.290067805912721965e+01
4.012860817376393641e+01,1.459924146580013904e+01
4.014861388968276401e+01,1.412648409130791372e+01
4.016861960560160583e+01,1.479971230065605425e+01
4.018862532152043343e+01,1.469349048224521148e+01
4.020863103743927525e+01,1.585967972152426242e+01
4.022863675335810285e+01,1.582045867503941849e+01
4.024864246927693756e+01,1.622223440054496280e+01
4.026864818519577227e+01,1.500040495370767957e+01
4.028865390111460698e+01,1.523386490028449636e+01
4.030865961703344169e+01,1.514441740989111196e+01
4.032866533295226930e+01,1.479230073861056560e+01
4.034867104887111111e+01,1.456698090035105508e+01
4.036867676478993872e+01,1.425139920310480868e+01
4.038868248070878053e+01,1.332178446316825315e+01
4.040868819662760814e+01,1.231750382975426561e+01
4.042869391254644285e+01,1.276012455748250218e+01
4.044869962846527756e+01,1.118219193286614299e+01
4.046870534438411227e+01,1.072978826497212168e+01
4.048871106030294698e+01,9.763405794128406257e+00
4.050871677622177458e+01,8.996205492883381893e+00
4.052872249214061640e+01,8.443181983648738509e+00
4.054872820805944400e+01,8.195307263068492887e+00
4.056873392397828582e+01,7.609090650260312394e+00
4.058873963989711342e+01,7.374734526607047869e+00
4.060874535581594813e+01,5.912707989564449207e+00
4.062875107173478284e+01,6.188032999974916848e+00
4.064875678765361755e+01,6.386219080794329095e+00
4.066876250357245226e+01,5.854313364280056220e+00
4.068876821949127986e+01,6.047144740654401218e+00
4.070877393541012168e+01,6.015124168319087694e+00
4.072877965132894929e+01,5.714533511281572942e+00
4.074878536724779110e+01,4.719431577128393229e+00
4.076879108316661871e+01,5.351657657863102102e+00
4.078879679908545342e+01,5.491756963973759120e+00
4.080880251500428813e+01,5.312423213390155219e+00
4.082880823092312284e+01,6.086606601598504973e+00
4.084881394684195755e+01,5.591952625809499366e+00
4.086881966276079226e+01,5.788597278563143433e+00
4.088882537867962697e+01,6.144724343157523805e+00
4.090883109459845457e+01,4.841697301752073912e+00
4.092883681051729639e+01,5.990778070015200463e+00
4.094884252643612399e+01,5.268613485328833335e+00
4.096884824235495870e+01,5.175484680320778352e+00
4.098885395827379341e+01,6.119958317155663963e+00
4.100885967419262812e+01,6.218750950835350011e+00
4.102886539011146283e+01,5.539548311426374383e+00
4.104887110603029754e+01,5.168401569119250638e+00
4.106887682194913225e+01,5.461067376066432999e+00
4.108888253786795985e+01,5.404068716687754126e+00
4.110888825378680167e+01,5.207577337412434559e+00
4.112889396970562927e+01,5.069188504472987411e+00
4.114889968562447109e+01,5.159948992973256487e+00
4.116890540154329869e+01,4.877078737862717617e+00
4.118891111746213340e+01,5.167388380556509730e+00
4.120891683338096811e+01,4.078838984149982139e+00
4.122892254929980282e+01,5.128529905749592110e+00
4.124892826521863753e+01,4.416826695438638595e+00
4.126893398113746514e+01,4.943248794911212052e+00
4.128893969705630695e+01,5.375107328179804078e+00
4.130894541297513456e+01,4.218159669092859332e+00
4.132895112889397637e+01,4.945558746750115198e+00
4.134895684481280398e+01,4.561703004288892416e+00
4.136896256073163869e+01,3.927152839956479458e+00
4.138896827665047340e+01,4.935577323418267603e+00
4.140897399256930811e+01,4.070836969470766675e+00
4.142897970848814282e+01,3.808037972616697520e+00
4.144898542440697042e+01,3.831274304690469368e+00
4.146899114032581224e+01,4.088988126840306769e+00
4.148899685624463984e+01,4.771461346280506000e+00
4.150900257216348166e+01,3.566179494251424664e+00
4.152900828808230926e+01,3.870675119853661972e+00
4.154901400400114397e+01,3.788098255964500005e+00
4.156901971991997868e+01,3.786743513945067363e+00
4.158902543583881339e+01,3.747372261010485150e+00
4.160903115175764810e+01,3.907205577184314826e+00
4.162903686767647571e+01,3.520800458276683198e+00
4.164904258359531752e+01,3.914432260402615604e+00
4.166904829951414513e+01,3.571636352758504884e+00
4.168905401543298694e+01,4.201731452366432862e+00
4.170905973135181455e+01,3.983865891500587786e+00
4.172906544727064926e+01,4.252426217966554844e+00
4.174907116318948397e+01,4.056027733988460504e+00
4.176907687910831868e+01,4.222370451091657095e+00
4.178908259502715339e+01,3.597633864007325322e+00
4.180908831094598810e+01,4.634174593219158034e+00
4.182909402686482281e+01,4.705062335133302298e+00
4.184909974278365041e+01,4.142643181288106824e+00
4.186910545870249223e+01,4.089562693990605347e+00
4.188911117462131983e+01,3.853526097006328754e+00
4.190911689054015454e+01,4.335950365252904781e+00
4.192912260645898925e+01,4.016409908091026715e+00
4.194912832237782396e+01,3.693037509388742201e+00
4.196913403829665867e+01,4.035589419923942600e+00
4.198913975421549338e+01,4.117604156989298936e+00
4.200914547013432809e+01,4.827742029042812355e+00
4.202915118605316280e+01,3.542272765362168840e+00
4.204915690197199041e+01,3.767708422097208576e+00
4.206916261789082512e+01,3.837217948123845979e+00
4.208916833380965983e+01,4.151516583596300158e+00
4.210917404972849454e+01,4.771605272949320131e+00
4.212917976564732925e+01,4.710881653755785159e+00
4.214918548156616396e+01,3.665607698065841191e+00
4.216919119748499867e+01,4.373981786061781563e+00
4.218919691340383338e+01,3.740972887635676258e+00
4.220920262932266809e+01,3.492406469061277718e+00
4.222920834524150280e+01,3.627907382640360723e+00
4.224921406116033040e+01,3.591379296362114282e+00
4.226921977707916511e+01,3.928647976733295355e+00
4.228922549299799982e+01,4.176872651195313146e+00
4.230923120891683453e+01,3.217611997402139767e+00
4.232923692483566924e+01,3.562172452099831244e+00
4.234924264075450395e+01,3.280122482012235885e+00
4.236924835667333866e+01,3.760440709132859549e+00
4.238925407259217337e+01,3.840447190987287485e+00
4.240925978851100808e+01,3.180596152840092117e+00
4.242926550442983569e+01,3.646324277655517143e+00
4.244927122034867040e+01,4.008676778240541694e+00
4.246927693626750511e+01,3.690748883366459232e+00
4.248928265218633982e+01,3.945706715459462721e+00
4.250928836810517453e+01,3.745364542477317649e+00
4.252929408402400924e+01,3.558187283451934135e+00
4.254929979994284395e+01,4.465445780306843915e+00
4.256930551586167866e+01,3.842886626926928173e+00
4.258931123178051337e+01,3.711451377978331134e+00
4.260931694769934097e+01,4.066688579875117782e+00
4.262932266361817568e+01,4.013949542548017391e+00
4.264932837953701039e+01,3.945867630201953524e+00
4.266933409545584510e+01,3.330106877313916414e+00
4.268933981137467981e+01,3.577356653185701951e+00
4.270934552729351452e+01,3.484057572269982472e+00
4.272935124321234923e+01,3.639503176827277642e+00
4.274935695913118394e+01,4.179738755357769620e+00
4.276936267505001865e+01,2.987580059774746388e+00
4.278936839096885336e+01,4.083747055415233085e+00
4.280937410688768097e+01,4.158972290916200798e+00
4.282937982280651568e+01,3.597793924400245924e+00
4.284938553872535039e+01,3.889899048127106962e+00
4.286939125464418510e+01,3.373459350896586884e+00
4.288939697056301981e+01,3.988948162097927241e+00
4.290940268648185452e+01,4.752123057270311257e+00
4.292940840240068923e+01,3.947475061581030342e+00
4.294941411831952394e+01,3.987525448970953512e+00
4.296941983423835865e+01,4.806656310069679527e+00
4.298942555015718625e+01,4.400811963997439236e+00
4.300943126607602096e+01,3.984213374300596300e+00
4.302943698199485567e+01,4.601277199549160812e+00
4.304944269791369038e+01,4.149816807107586492e+00
4.306944841383252509e+01,4.259128793324424400e+00
4.308945412975135980e+01,3.842929224727063442e+00
4.310945984567019451e+01,4.121536954697317512e+00
4.312946556158902922e+01,5.088335379935928771e+00
4.314947127750786393e+01,4.585285791000311306e+00
4.316947699342669864e+01,5.391089814627406440e+00
4.318948270934552625e+01,4.834310933256729115e+00
4.320948842526436096e+01,4.794554049420160169e+00
4.322949414118319567e+01,5.024848744204538420e+00
4.324949985710203038e+01,5.291507563971286743e+00
4.326950557302086509e+01,5.053195133178014053e+00
4.328951128893969980e+01,5.397908147370561238e+00
4.330951700485853451e+01,5.230420510422962188e+00
4.332952272077736922e+01,5.160722505834169915e+00
4.334952843669620393e+01,5.382020310566527854e+00
4.336953415261503153e+01,5.362647861189266507e+00
4.338953986853386624e+01,5.447497009325532602e+00
4.340954558445270095e+01,5.139644592463117334e+00
4.342955130037153566e+01,5.848612446682485810e+00
4.344955701629037037e+01,6.122394810491201156e+00
4.346956273220920508e+01,5.987884481892694843e+00
4.348956844812803979e+01,6.399203855080925152e+00
4.350957416404687450e+01,5.634837069834657264e+00
4.352957987996570921e+01,5.913141209756957117e+00
4.354958559588453681e+01,6.310573535369016440e+00
4.356959131180337153e+01,5.685280479427772704e+00
4.358959702772220624e+01,5.815933267640629900e+00
4.360960274364104095e+01,6.932456546502976380e+00
4.362960845955987566e+01,7.021525281887002201e+00
4.364961417547871037e+01,6.420184264718274747e+00
4.366961989139754508e+01,6.006183971358213469e+00
4.368962560731637979e+01,6.802063130489666598e+00
4.370963132323521450e+01,7.176024166771108881e+00
4.372963703915404921e+01,6.475545375493917177e+00
4.374964275507287681e+01,7.303539062326308340e+00
4.376964847099171152e+01,7.040307181499934508e+00
4.378965418691054623e+01,7.023451134694067122e+00
4.380965990282938094e+01,7.879224804666665527e+00
4.382966561874821565e+01,7.583587281454645890e+00
4.384967133466705036e+01,7.935919794554379791e+00
4.386967705058588507e+01,7.922721610010292181e+00
4.388968276650471978e+01,6.584150873633486611e+00
4.390968848242355449e+01,7.404416323944944978e+00
4.392969419834238209e+01,7.436409968274965365e+00
4.394969991426121680e+01,6.987153828673498879e+00
4.396970563018005151e+01,8.005250651437096465e+00
4.398971134609888622e+01,8.557475477158602573e+00
4.400971706201772093e+01,8.371162796220108504e+00
4.402972277793655564e+01,8.495827708226000752e+00
4.404972849385539035e+01,7.504503742852202564e+00
4.406973420977422506e+01,7.492721493230328988e+00
4.408973992569305977e+01,8.600452783814327873e+00
4.410974564161189448e+01,8.130080559456484224e+00
4.412975135753072209e+01,7.745242740815468707e+00
4.414975707344955680e+01,7.826839200077289505e+00
4.416976278936839151e+01,7.132099150676404875e+00
4.418976850528722622e+01,8.203998030209760373e+00
4.420977422120606093e+01,8.101025530569984312e+00
4.422977993712489564e+01,6.935416811480207500e+00
4.424978565304373035e+01,7.586260367080557288e+00
4.426979136896256506e+01,6.923601446810918603e+00
4.428979708488139977e+01,7.212719217464336197e+00
4.430980280080022737e+01,6.875346643414357750e+00
4.432980851671906208e+01,7.153981726884363290e+00
4.434981423263789679e+01,7.108391458044419409e+00
4.436981994855673150e+01,7.601672976781713942e+00
4.438982566447556621e+01,6.450001638170629548e+00
4.440983138039440092e+01,6.391099421142278914e+00
4.442983709631323563e+01,7.017132372196918766e+00
4.444984281223207034e+01,6.578363311642601019e+00
4.446984852815090505e+01,6.000106670470797710e+00
4.448985424406973266e+01,5.996333001964202936e+00
4.450985995998856737e+01,5.985397041048761579e+00
4.452986567590740208e+01,5.974478905462119016e+00
4.454987139182623679e+01,5.999868312756822419e+00
4.456987710774507150e+01,5.318556998418136672e+00
4.458988282366390621e+01,5.429011785252408018e+00
4.460988853958274092e+01,5.437350706895887953e+00
4.462989425550157563e+01,6.110850474565477697e+00
4.464989997142041034e+01,4.916577277748790387e+00
4.466990568733924505e+01,5.546799606515156356e+00
4.468991140325807265e+01,4.620255705419804571e+00
4.470991711917690736e+01,5.748488630658853182e+00
4.472992283509574207e+01,4.701275104264828641e+00
4.474992855101457678e+01,4.727342692665167156e+00
4.476993426693341149e+01,4.943546983769913084e+00
4.478993998285224620e+01,4.861936684862582680e+00
4.480994569877108091e+01,5.292569733739026283e+00
4.482995141468991562e+01,5.399829709191596550e+00
4.484995713060875033e+01,5.057269071558657458e+00
4.486996284652757794e+01,5.490740831913744735e+00
4.488996856244641265e+01,5.006813862946530413e+00
4.490997427836524736e+01,5.361375624518037952e+00
4.492997999428408207e+01,6.334676212761785052e+00
4.494998571020291678e+01,5.273831527901438498e+00
4.496999142612175149e+01,5.685924136631136605e+00
4.498999714204058620e+01,6.329668409194066037e+00
4.501000285795942091e+01,5.390433738098803218e+00
4.503000857387825562e+01,5.643316026031465427e+00
4.505001428979709033e+01,6.190548150410762673e+00
4.507002000571591793e+01,6.332218888132304713e+00
4.509002572163475264e+01,6.445937027072367265e+00
4.511003143755358735e+01,5.679661581234157985e+00
4.513003715347242206e+01,5.879989596174239885e+00
4.515004286939125677e+01,5.485170527986891642e+00
4.517004858531009148e+01,5.602159691926480889e+00
4.519005430122892619e+01,5.317120020164685101e+00
4.521006001714776090e+01,4.295940081733006011e+00
4.523006573306659561e+01,4.437041291900403195e+00
4.525007144898542322e+01,4.552743896289024761e+00
4.527007716490425793e+01,5.357601399704386758e+00
4.529008288082309264e+01,4.785726018861231168e+00
4.531008859674192735e+01,5.315492085026320979e+00
4.533009431266076206e+01,4.574877951502895890e+00
4.535010002857959677e+01,3.417565673727059661e+00
4.537010574449843148e+01,4.772712017330597689e+00
4.539011146041726619e+01,4.100940486403652052e+00
4.541011717633610090e+01,3.981722371672791638e+00
4.543012289225492850e+01,3.916062800732782456e+00
4.545012860817376321e+01,3.978666809530541748e+00
4.547013432409259792e+01,4.107142508106769618e+00
4.549014004001143263e+01,4.031009434053858698e+00
4.551014575593026734e+01,4.199908268446096216e+00
4.553015147184910205e+01,4.317668947730481932e+00
4.555015718776793676e+01,3.990760086914815652e+00
4.557016290368677147e+01,3.838151053427876214e+00
4.559016861960560618e+01,3.932259251330478822e+00
4.561017433552444089e+01,4.095991253152775791e+00
4.563018005144326850e+01,4.256833041245571714e+00
4.565018576736210321e+01,3.549876670769393172e+00
4.567019148328093792e+01,3.217245455848262381e+00
4.569019719919977263e+01,4.505877160873573928e+00
4.571020291511860734e+01,3.456655287289676526e+00
4.573020863103744205e+01,3.674873328098342551e+00
4.575021434695627676e+01,4.595807719224249688e+00
4.577022006287511147e+01,3.609429740121631980e+00
4.579022577879394618e+01,4.308935784978521255e+00
4.581023149471277378e+01,3.797897488446707825e+00
4.583023721063160849e+01,3.767372115711157043e+00
4.585024292655044320e+01,4.661321614990617590e+00
4.587024864246927791e+01,3.957506784937344868e+00
4.589025435838811262e+01,4.327405493679945536e+00
4.591026007430694733e+01,4.346704010038419774e+00
4.593026579022578204e+01,3.756382262890040291e+00
4.595027150614461675e+01,4.432123218469794068e+00
4.597027722206345146e+01,4.638204411229564172e+00
4.599028293798228617e+01,4.358397718765016471e+00
4.601028865390111378e+01,3.940038624118469723e+00
4.603029436981994849e+01,4.498005382108889449e+00
4.605030008573878320e+01,5.035691342956031491e+00
4.607030580165761791e+01,4.375371623480346805e+00
4.609031151757645262e+01,4.692679880485622235e+00
4.611031723349528733e+01,4.956184102430078120e+00
4.613032294941412204e+01,5.194437634108396651e+00
4.615032866533295675e+01,4.313859671500360093e+00
4.617033438125179146e+01,4.480448796323091898e+00
4.619034009717061906e+01,4.675160854973547941e+00
4.621034581308945377e+01,4.844278895646068506e+00
4.623035152900828848e+01,4.515277042347864978e+00
4.625035724492712319e+01,5.277258481997382233e+00
4.627036296084595790e+01,5.678613958046965671e+00
4.629036867676479261e+01,5.132583356697475452e+00
4.631037439268362732e+01,5.578538715328641651e+00
4.633038010860246203e+01,5.368883300894029098e+00
4.635038582452129674e+01,5.149382349292418226e+00
4.637039154044012434e+01,4.499885106579558425e+00
4.639039725635895905e+01,5.043729413931727912e+00
4.641040297227779376e+01,5.560144798369226926e+00
4.643040868819662847e+01,5.498666190527488951e+00
4.645041440411546319e+01,4.784311461685873290e+00
4.647042012003429790e+01,4.977328127976829997e+00
4.649042583595313261e+01,4.913017314263722568e+00
4.651043155187196732e+01,4.760157351513342405e+00
4.653043726779080203e+01,4.781623783715418519e+00
4.655044298370963674e+01,5.613824614641632849e+00
4.657044869962846434e+01,4.928490199137325334e+00
4.659045441554729905e+01,5.866890173283734633e+00
4.661046013146613376e+01,4.944405140393527631e+00
4.663046584738496847e+01,5.502988771386114308e+00
4.665047156330380318e+01,6.358665842447654981e+00
4.667047727922263789e+01,6.270544144856936342e+00
4.669048299514147260e+01,5.864867529444855343e+00
4.671048871106030731e+01,6.434426903153447341e+00
4.673049442697914202e+01,6.729518399997593825e+00
4.675050014289796962e+01,5.958766746072207354e+00
4.677050585881680433e+01,7.557325919235653444e+00
4.679051157473563904e+01,7.885049615684748048e+00
4.681051729065447375e+01,7.648591459215277055e+00
4.683052300657330846e+01,7.722883680131358730e+00
4.685052872249214317e+01,8.083077319099661651e+00
4.687053443841097788e+01,8.539815607608668202e+00
4.689054015432981259e+01,8.755655108868605652e+00
4.691054587024864730e+01,9.913428300938074145e+00
4.693055158616748201e+01,1.013320434130061365e+01
4.695055730208630962e+01,1.046520347232969783e+01
4.697056301800514433e+01,1.026074556890793232e+01
4.699056873392397904e+01,1.086857394869270621e+01
4.701057444984281375e+01,1.137586465002408609e+01
4.703058016576164846e+01,1.175438379419154344e+01
4.705058588168048317e+01,1.266191460178036721e+01
4.707059159759931788e+01,1.329873150796279724e+01
4.709059731351815259e+01,1.407997102975688009e+01
4.711060302943698730e+01,1.456421642583558551e+01
4.713060874535581490e+01,1.385905831884019968e+01
4.715061446127464961e+01,1.507649971734654315e+01
4.717062017719348432e+01,1.461829518754704083e+01
4.719062589311231903e+01,1.479880544948109922e+01
4.721063160903115374e+01,1.511618721886974370e+01
4.723063732494998845e+01,1.530813813286671632e+01
4.725064304086882316e+01,1.658509303764548548e+01
4.727064875678765787e+01,1.733532570870130840e+01
4.729065447270649258e+01,1.690779110636167815e+01
4.731066018862532019e+01,1.715627799227830508e+01
4.733066590454415490e+01,1.765252053904059082e+01
4.735067162046298961e+01,1.718629028318750684e+01
4.737067733638182432e+01,1.698665756936519244e+01
4.739068305230065903e+01,1.759347199626191127e+01
4.741068876821949374e+01,1.795694960188261291e+01
4.743069448413832845e+01,1.784855669560153046e+01
4.745070020005716316e+01,1.850431474442729751e+01
4.747070591597599787e+01,1.820385846022985632e+01
4.749071163189483258e+01,1.865965925554980132e+01
4.751071734781366018e+01,1.834370326595633571e+01
4.753072306373249489e+01,1.820278046130446370e+01
4.755072877965132960e+01,1.870110965636816402e+01
4.757073449557016431e+01,1.924905303040935678e+01
4.759074021148899902e+01,1.940837205408526245e+01
4.761074592740783373e+01,1.984963949991795928e+01
4.763075164332666844e+01,1.960244716445476598e+01
4.765075735924550315e+01,1.939871051192012885e+01
4.767076307516433786e+01,2.028720365548900872e+01
4.769076879108316547e+01,2.020847656530541414e+01
4.771077450700200018e+01,2.098036119804762123e+01
4.773078022292083489e+01,2.068259986780784843e+01
4.775078593883966960e+01,2.051028750853526361e+01
4.777079165475850431e+01,2.027414675369252706e+01
4.779079737067733902e+01,1.931714108745401504e+01
4.781080308659617373e+01,1.892299551416248704e+01
4.783080880251500844e+01,1.867776445755197656e+01
4.785081451843384315e+01,1.838376461262775052e+01
4.787082023435267075e+01,1.743414913242841635e+01
4.789082595027150546e+01,1.697978543633307069e+01
4.791083166619034017e+01,1.554196212651439524e+01
4.793083738210917488e+01,1.486802282083898241e+01
4.795084309802800959e+01,1.413747966873715001e+01
4.797084881394684430e+01,1.261073874656859850e+01
4.799085452986567901e+01,1.222611457330303431e+01
4.801086024578451372e+01,1.178007967166770342e+01
4.803086596170334843e+01,1.029528490702041310e+01
4.805087167762218314e+01,9.516577119036959687e+00
4.807087739354101075e+01,9.485916264834003186e+00
4.809088310945984546e+01,8.032868214349377922e+00
4.811088882537868017e+01,7.976029384456745142e+00
4.813089454129751488e+01,7.852515933892250999e+00
4.815090025721634959e+01,7.099912065925051863e+00
4.817090597313518430e+01,6.507864022023560402e+00
4.819091168905401901e+01,6.775022137872442229e+00
4.821091740497285372e+01,5.707695116167824878e+00
4.823092312089168843e+01,5.606513584942000250e+00
4.825092883681051603e+01,5.046698333843730566e+00
4.827093455272935074e+01,4.408344104756021231e+00
4.829094026864818545e+01,4.716148493960940158e+00
4.831094598456702016e+01,5.548673429212260366e+00
4.833095170048585487e+01,4.989400353561320500e+00
4.835095741640468958e+01,5.185803819154109817e+00
4.837096313232352429e+01,4.117449722386792743e+00
4.839096884824235900e+01,4.708526324924198647e+00
4.841097456416119371e+01,4.162674502398591159e+00
4.843098028008002842e+01,4.243423660723744106e+00
4.845098599599885603e+01,3.933999823238372606e+00
4.847099171191769074e+01,4.135653970266820245e+00
4.849099742783652545e+01,4.378650317274264125e+00
4.851100314375536016e+01,4.616122613017624943e+00
4.853100885967419487e+01,4.512365438650384419e+00
4.855101457559302958e+01,4.436996105854182026e+00
4.857102029151186429e+01,3.884312818145536639e+00
4.859102600743069900e+01,4.428105389405329717e+00
4.861103172334953371e+01,3.812543147842741398e+00
4.863103743926836131e+01,3.953953138909699128e+00
4.865104315518719602e+01,3.826974125757613532e+00
4.867104887110603073e+01,4.082441269325165045e+00
4.869105458702486544e+01,3.305744084762066937e+00
4.871106030294370015e+01,3.052973651566765145e+00
4.873106601886253486e+01,4.689956070762998586e+00
4.875107173478136957e+01,4.258538613534296857e+00
4.877107745070020428e+01,3.663437591246289760e+00
4.879108316661903899e+01,4.332371968097763038e+00
4.881108888253786660e+01,3.921172460235094803e+00
4.883109459845670131e+01,3.673555989747344874e+00
4.885110031437553602e+01,3.766438144431315305e+00
4.887110603029437073e+01,3.680557864699279147e+00
4.889111174621320544e+01,3.629508582181100174e+00
4.891111746213204015e+01,3.724997818158031659e+00
4.893112317805087486e+01,4.487292023761090043e+00
4.895112889396970957e+01,3.842629472635220367e+00
4.897113460988854428e+01,3.876444985123776998e+00
4.899114032580737899e+01,3.662508238459444954e+00
4.901114604172620659e+01,3.897033743122623406e+00
4.903115175764504130e+01,3.843339669885033061e+00
4.905115747356387601e+01,3.902793195699229223e+00
4.907116318948271072e+01,3.621184932615995056e+00
4.909116890540154543e+01,4.347245955904670112e+00
4.911117462132038014e+01,4.159200651853368846e+00
4.913118033723921485e+01,3.860196687904303037e+00
4.915118605315804956e+01,4.618313301304414864e+00
4.917119176907688427e+01,3.762635595736727456e+00
4.919119748499571187e+01,4.353773891715403188e+00
4.921120320091454658e+01,4.135353514734369185e+00
4.923120891683338129e+01,4.689510835515322995e+00
4.925121463275221600e+01,4.621916303269353321e+00
4.927122034867105071e+01,4.278057885982290642e+00
4.929122606458988542e+01,4.127705432966801702e+00
4.931123178050872014e+01,3.834726614424368130e+00
4.933123749642755485e+01,4.414428542819515577e+00
4.935124321234638956e+01,4.173884837724830987e+00
4.937124892826522427e+01,3.906069388241956819e+00
4.939125464418405187e+01,4.879780220383500122e+00
4.941126036010288658e+01,3.938268520517739901e+00
4.943126607602172129e+01,5.066871444263968627e+00
4.945127179194055600e+01,5.217729736692662712e+00
4.947127750785939071e+01,4.832099473128939948e+00
4.949128322377822542e+01,4.193883102151549025e+00
4.951128893969706013e+01,4.083703310562224686e+00
4.953129465561589484e+01,4.637969765433886948e+00
4.955130037153472955e+01,4.483720903396037905e+00
4.957130608745355715e+01,5.571753745367980848e+00
4.959131180337239186e+01,5.031449042271102456e+00
4.961131751929122657e+01,4.297774569665151922e+00
4.963132323521006128e+01,4.582392128591370906e+00
4.965132895112889599e+01,4.765669117759804507e+00
4.967133466704773070e+01,4.993668778276566300e+00
4.969134038296656541e+01,4.657237871626769277e+00
4.971134609888540012e+01,4.804861622814208033e+00
4.973135181480423483e+01,4.946157826150361814e+00
4.975135753072306244e+01,5.224651664247715210e+00
4.977136324664189715e+01,5.377142737466479971e+00
4.979136896256073186e+01,4.919933529275637873e+00
4.981137467847956657e+01,5.496829896605325061e+00
4.983138039439840128e+01,4.332947753320701700e+00
4.985138611031723599e+01,5.852338831535148778e+00
4.987139182623607070e+01,5.470283171653869125e+00
4.989139754215490541e+01,5.542878864282558382e+00
4.991140325807374012e+01,6.283719563832367072e+00
4.993140897399257483e+01,5.908202136833798690e+00
4.995141468991140243e+01,6.607900396313658220e+00
4.997142040583023714e+01,6.373709529011632569e+00
4.999142612174907185e+01,6.323180879564391788e+00
5.001143183766790656e+01,6.331364702693822899e+00
5.003143755358674127e+01,7.458386246714161061e+00
5.005144326950557598e+01,6.631122002574037388e+00
5.007144898542441069e+01,6.475440960910886723e+00
5.009145470134324540e+01,7.287985423171063459e+00
5.011146041726208011e+01,7.372675823341129586e+00
5.013146613318090772e+01,7.606038073288757140e+00
5.015147184909974243e+01,6.936053141176265591e+00
5.017147756501857714e+01,7.009481701637693796e+00
5.019148328093741185e+01,7.589552112631245961e+00
5.021148899685624656e+01,7.941139062224820577e+00
5.023149471277508127e+01,8.251974034887997078e+00
5.025150042869391598e+01,7.381862735663139219e+00
5.027150614461275069e+01,7.855572649494535042e+00
5.029151186053158540e+01,8.270456860781166597e+00
5.031151757645042011e+01,7.468564241497214873e+00
5.033152329236924771e+01,7.757774517988446306e+00
5.035152900828808242e+01,8.677911777155101092e+00
5.037153472420691713e+01,7.746312086546494058e+00
5.039154044012575184e+01,8.634646840164451831e+00
5.041154615604458655e+01,8.594323463878961178e+00
5.043155187196342126e+01,8.744641401525257152e+00
5.045155758788225597e+01,8.469013084034378025e+00
5.047156330380109068e+01,8.315074823965028727e+00
5.049156901971992539e+01,9.053042546003826629e+00
5.051157473563875300e+01,8.221178933889092377e+00
5.053158045155758771e+01,8.678252091534092827e+00
5.055158616747642242e+01,9.176240761334543805e+00
5.057159188339525713e+01,8.899410618401464745e+00
5.059159759931409184e+01,7.463548866932142367e+00
5.061160331523292655e+01,8.481253485355193078e+00
5.063160903115176126e+01,7.716823382558578359e+00
5.065161474707059597e+01,8.532899607097562011e+00
5.067162046298943068e+01,7.323958471410966453e+00
5.069162617890825828e+01,7.431165111461792705e+00
5.071163189482709299e+01,6.623219387585226769e+00
5.073163761074592770e+01,6.947381783574938297e+00
5.075164332666476241e+01,6.665373023073691172e+00
5.077164904258359712e+01,6.925877870193756003e+00
5.079165475850243183e+01,6.582143538345984091e+00
5.081166047442126654e+01,6.240340966985057136e+00
5.083166619034010125e+01,6.639996837296482823e+00
5.085167190625893596e+01,6.263502282313930358e+00
5.087167762217777067e+01,6.021272089182717835e+00
5.089168333809659828e+01,6.471774733591581175e+00
5.091168905401543299e+01,6.647808992838912800e+00
5.093169476993426770e+01,6.748135359788534515e+00
5.095170048585310241e+01,7.252086151329281805e+00
5.097170620177193712e+01,7.455167237416445936e+00
5.099171191769077183e+01,7.131703580568832912e+00
5.101171763360960654e+01,7.287114929902652527e+00
5.103172334952844125e+01,8.729469579100339161e+00
5.105172906544727596e+01,7.987569613135880431e+00
5.107173478136610356e+01,9.519990730652381217e+00
5.109174049728493827e+01,9.206409773166852162e+00
5.111174621320377298e+01,9.174467138589644577e+00
5.113175192912260769e+01,9.884939265108560136e+00
5.115175764504144240e+01,1.049417095993725368e+01
5.117176336096027711e+01,1.039455708390129018e+01
5.119176907687911182e+01,1.006275542573405346e+01
5.121177479279794653e+01,1.090813678912159901e+01
5.123178050871678124e+01,1.048530174839997997e+01
5.125178622463561595e+01,1.071864782892977175e+01
5.127179194055444356e+01,1.050115424928518237e+01
5.129179765647327827e+01,1.098962082261320461e+01
5.131180337239211298e+01,1.011872318905088974e+01
5.133180908831094769e+01,1.033189286762316605e+01
5.135181480422978240e+01,9.350846420712583651e+00
5.137182052014861711e+01,9.943305439954190916e+00
5.139182623606745182e+01,9.562254788744132483e+00
5.141183195198628653e+01,8.140016140774886111e+00
5.143183766790512124e+01,7.831843649152247622e+00
5.145184338382394884e+01,7.540660507152672665e+00
5.147184909974278355e+01,7.588518842796615260e+00
5.149185481566161826e+01,7.072394508844364935e+00
5.151186053158045297e+01,6.674376047840027582e+00
5.153186624749928768e+01,5.740879321023282245e+00
5.155187196341812239e+01,5.370180732178349459e+00
5.157187767933695710e+01,5.623435541094382373e+00
5.159188339525579181e+01,5.110929014289795624e+00
5.161188911117462652e+01,5.456806283531214774e+00
5.163189482709345413e+01,5.544499882487239795e+00
5.165190054301228884e+01,5.531242860555844132e+00
5.167190625893112355e+01,5.018044888208263998e+00
5.169191197484995826e+01,3.975632179799513555e+00
5.171191769076879297e+01,4.627761419792854269e+00
5.173192340668762768e+01,4.721941661779252897e+00
5.175192912260646239e+01,4.297784831952948359e+00
5.177193483852529710e+01,3.861840025900596718e+00
5.179194055444413181e+01,4.640372059715439867e+00
5.181194627036296652e+01,4.411029156530068107e+00
5.183195198628179412e+01,4.854108167091957249e+00
5.185195770220062883e+01,4.152088742491170770e+00
5.187196341811946354e+01,3.364060470910192446e+00
5.189196913403829825e+01,4.127266890647066866e+00
5.191197484995713296e+01,4.221621101477189164e+00
5.193198056587596767e+01,4.346985251420108831e+00
5.195198628179480238e+01,4.632266714533901819e+00
5.197199199771363709e+01,3.712495060114126666e+00
5.199199771363247180e+01,3.883792703288137638e+00
5.201200342955129940e+01,4.035907191433504515e+00
5.203200914547013411e+01,4.021698230947150954e+00
5.205201486138896882e+01,4.538328263657138706e+00
5.207202057730780353e+01,3.983814914429812948e+00
5.209202629322663824e+01,4.369667981737062945e+00
5.211203200914547295e+01,4.254717875485038547e+00
5.213203772506430766e+01,4.150051249956129062e+00
5.215204344098314237e+01,4.466650238507504866e+00
5.217204915690197708e+01,4.269949847817019695e+00
5.219205487282081180e+01,4.508460677286052487e+00
5.221206058873963940e+01,4.911735045868265814e+00
5.223206630465847411e+01,4.230894484976149172e+00
5.225207202057730882e+01,5.281583736698671316e+00
5.227207773649614353e+01,4.823537789184316971e+00
5.229208345241497824e+01,5.934163525357778468e+00
5.231208916833381295e+01,5.733300774945478295e+00
5.233209488425264766e+01,5.835246697582038067e+00
5.235210060017148237e+01,5.472604210899044475e+00
5.237210631609031708e+01,6.257646981568377953e+00
5.239211203200914468e+01,6.976847467027297967e+00
5.241211774792797939e+01,6.968417366522265510e+00
5.243212346384681410e+01,8.514289422923642547e+00
5.245212917976564881e+01,8.355857504640130884e+00
5.247213489568448352e+01,9.001147821226243906e+00
5.249214061160331823e+01,9.634302419158085939e+00
5.251214632752215294e+01,9.428202286304113500e+00
5.253215204344098765e+01,9.741633963821989539e+00
5.255215775935982236e+01,9.792114234125595118e+00
5.257216347527864997e+01,1.060734817152962073e+01
5.259216919119748468e+01,1.057436395316376121e+01
5.261217490711631939e+01,1.056130535423270800e+01
5.263218062303515410e+01,1.143965973401858349e+01
5.265218633895398881e+01,1.031624377698947015e+01
5.267219205487282352e+01,9.989937203305778723e+00
5.269219777079165823e+01,1.068200407229086046e+01
5.271220348671049294e+01,1.003838609850515518e+01
5.273220920262932765e+01,1.045045340283422064e+01
5.275221491854816236e+01,9.799857745839620549e+00
5.277222063446698996e+01,9.384970984353836698e+00
5.279222635038582467e+01,7.806722818112076467e+00
5.281223206630465938e+01,8.343656258559134287e+00
5.283223778222349409e+01,7.702244989013038001e+00
5.285224349814232880e+01,7.055979359767672321e+00
5.287224921406116351e+01,6.614544113449131402e+00
5.289225492997999822e+01,6.835378450273083217e+00
5.291226064589883293e+01,6.139914129466180981e+00
5.293226636181766764e+01,5.914806654075186465e+00
5.295227207773649525e+01,5.493036167476294196e+00
5.297227779365532996e+01,5.774165707201611042e+00
5.299228350957416467e+01,5.932741147275228499e+00
5.301228922549299938e+01,6.057252932159585157e+00
5.303229494141183409e+01,5.495520647467243336e+00
5.305230065733066880e+01,5.759041715168405240e+00
5.307230637324950351e+01,4.750114264529141650e+00
5.309231208916833822e+01,5.219810088877298249e+00
5.311231780508717293e+01,5.658325717615237949e+00
5.313232352100600764e+01,5.499993960947259453e+00
5.315232923692483524e+01,5.349208827758929807e+00
5.317233495284366995e+01,5.095188715928423484e+00
5.319234066876250466e+01,5.868246973275093481e+00
5.321234638468133937e+01,5.461154766879602107e+00
5.323235210060017408e+01,5.759285738697908386e+00
5.325235781651900879e+01,5.929077880905907705e+00
5.327236353243784350e+01,6.813196381768412024e+00
5.329236924835667821e+01,5.875736036194258105e+00
5.331237496427551292e+01,6.271297591736394672e+00
5.333238068019434053e+01,6.119733391864391692e+00
5.335238639611317524e+01,6.547363497064784710e+00
5.337239211203200995e+01,5.952216231558819182e+00
5.339239782795084466e+01,7.191705475964464966e+00
5.341240354386967937e+01,6.873822851386268695e+00
5.343240925978851408e+01,7.160965671069803307e+00
5.345241497570734879e+01,6.874232327259749198e+00
5.347242069162618350e+01,7.347164726835432091e+00
5.349242640754501821e+01,8.570187774835371641e+00
5.351243212346384581e+01,9.133521678810369693e+00
5.353243783938268052e+01,8.989666295316192546e+00
5.355244355530151523e+01,1.042256740389755976e+01
5.357244927122034994e+01,1.051372106301714737e+01
5.359245498713918465e+01,1.074464978096140300e+01
5.361246070305801936e+01,1.210035951755384431e+01
5.363246641897685407e+01,1.209405469959268409e+01
5.365247213489568878e+01,1.205773762062079335e+01
5.367247785081452349e+01,1.319816349578512416e+01
5.369248356673335820e+01,1.437268435890427298e+01
5.371248928265218581e+01,1.413389228764213890e+01
5.373249499857102052e+01,1.410018660031172644e+01
5.375250071448985523e+01,1.457523953435684128e+01
5.377250643040868994e+01,1.544835004195692463e+01
5.379251214632752465e+01,1.524719302880872718e+01
5.381251786224635936e+01,1.533260585403746035e+01
5.383252357816519407e+01,1.443268125297908355e+01
5.385252929408402878e+01,1.464342493853706628e+01
5.387253501000286349e+01,1.479267563253318407e+01
5.389254072592169109e+01,1.401474124364614937e+01
5.391254644184052580e+01,1.375788468604570092e+01
5.393255215775936051e+01,1.257624690507239507e+01
5.395255787367819522e+01,1.125881524165657410e+01
5.397256358959702993e+01,1.155270530474011181e+01
5.399256930551586464e+01,1.054968461070706276e+01
5.401257502143469935e+01,1.091424942847845259e+01
5.403258073735353406e+01,9.175676440500414088e+00
5.405258645327236877e+01,8.727727156242348627e+00
5.407259216919120348e+01,8.620813571322937463e+00
5.409259788511003109e+01,8.842860435557010845e+00
5.411260360102886580e+01,8.273529009225644160e+00
5.413260931694770051e+01,7.794476359514074915e+00
5.415261503286653522e+01,8.056476503514179655e+00
5.417262074878536993e+01,7.095402577019554791e+00
5.419262646470420464e+01,7.974918584148878331e+00
5.421263218062303935e+01,8.405030232674036483e+00
5.423263789654187406e+01,8.354856505503121866e+00
5.425264361246070877e+01,7.714766833132118862e+00
5.427264932837953637e+01,7.775362223127685546e+00
5.429265504429837108e+01,7.678653900141861222e+00
5.431266076021720579e+01,8.812726227021077108e+00
5.433266647613604050e+01,9.215215897726745098e+00
5.435267219205487521e+01,8.331664009094989609e+00
5.437267790797370992e+01,9.424343107834900479e+00
5.439268362389254463e+01,9.213387126360281343e+00
5.441268933981137934e+01,8.911321577233305646e+00
5.443269505573021405e+01,1.051612841009029609e+01
5.445270077164904166e+01,1.007490558379138079e+01
5.447270648756787637e+01,9.889525315346851642e+00
5.449271220348671108e+01,9.438424212964013904e+00
5.451271791940554579e+01,1.067554208941345806e+01
5.453272363532438050e+01,1.055468639240881501e+01
5.455272935124321521e+01,9.603423368950362971e+00
5.457273506716204992e+01,9.980432035885538511e+00
5.459274078308088463e+01,9.173258932228304019e+00
5.461274649899971934e+01,9.383006999445310470e+00
5.463275221491855405e+01,9.467892302364504076e+00
5.465275793083738165e+01,9.083451636845886412e+00
5.467276364675621636e+01,8.824459453106499041e+00
5.469276936267505107e+01,8.412006675144047207e+00
5.471277507859388578e+01,8.496833007712549346e+00
5.473278079451272049e+01,8.459265349658886990e+00
5.475278651043155520e+01,7.280111823820647921e+00
5.477279222635038991e+01,7.093969385985368525e+00
5.479279794226922462e+01,7.144737562229328987e+00
5.481280365818805933e+01,6.829185906339106715e+00
5.483280937410688693e+01,6.668358179721577628e+00
5.485281509002572164e+01,6.263721285257231486e+00
5.487282080594455635e+01,5.832347819995663762e+00
5.489282652186339106e+01,5.374311852903780995e+00
5.491283223778222577e+01,6.464216757259613644e+00
5.493283795370106048e+01,6.177321608469341641e+00
5.495284366961989519e+01,5.517415435715349759e+00
5.497284938553872990e+01,5.106638622007567463e+00
5.499285510145756461e+01,4.368666439151795089e+00
5.501286081737639222e+01,5.914913015255358175e+00
5.503286653329522693e+01,5.336940612202523582e+00
5.505287224921406164e+01,4.535161982576743078e+00
5.507287796513289635e+01,4.211425828597175069e+00
5.509288368105173106e+01,4.258730634894416056e+00
5.511288939697056577e+01,4.464027391199172357e+00
5.513289511288940048e+01,4.336675023330894163e+00
5.515290082880823519e+01,4.972705838430073300e+00
5.517290654472706990e+01,5.606613414061824230e+00
5.519291226064590461e+01,4.947032197587663660e+00
5.521291797656473221e+01,4.873075330155145934e+00
5.523292369248356692e+01,4.807785702691829144e+00
5.525292940840240163e+01,5.136003112991136987e+00
5.527293512432123634e+01,5.510296379764277219e+00
5.529294084024007105e+01,4.503247948138606738e+00
5.531294655615890576e+01,4.598229896353680957e+00
5.533295227207774047e+01,5.359160462003243808e+00
5.535295798799657518e+01,4.997637293587949614e+00
5.537296370391540989e+01,5.485480443124650662e+00
5.539296941983423750e+01,4.858246081153575702e+00
5.541297513575307221e+01,4.602893292770586342e+00
5.543298085167190692e+01,5.524560366212860174e+00
5.545298656759074163e+01,5.456215191661454966e+00
5.547299228350957634e+01,5.267743297909646571e+00
5.549299799942841105e+01,5.248636840737809450e+00
5.551300371534724576e+01,4.866715419832265965e+00
5.553300943126608047e+01,6.105624165273074055e+00
5.555301514718491518e+01,5.388520815297507482e+00
5.557302086310374989e+01,4.626067772189094818e+00
5.559302657902257749e+01,5.390711402172911448e+00
5.561303229494141220e+01,4.389484881954442308e+00
5.563303801086024691e+01,5.679414578335075348e+00
5.565304372677908162e+01,4.800274623492626347e+00
5.567304944269791633e+01,4.539846436494346271e+00
5.569305515861675104e+01,4.736458743473219712e+00
5.571306087453558575e+01,4.925586236320833144e+00
5.573306659045442046e+01,5.134352120705893086e+00
5.575307230637325517e+01,4.500479588455687185e+00
5.577307802229208278e+01,5.194684497494979070e+00
5.579308373821091749e+01,4.621674757194996985e+00
5.581308945412975220e+01,4.477340369519948737e+00
5.583309517004858691e+01,5.286010855593516133e+00
5.585310088596742162e+01,4.758008262656834297e+00
5.587310660188625633e+01,5.047526266473184364e+00
5.589311231780509104e+01,4.310821216367862974e+00
5.591311803372392575e+01,4.615738774240922382e+00
5.593312374964276046e+01,4.613097805431338294e+00
5.595312946556158806e+01,5.100814368992864445e+00
5.597313518148042277e+01,3.825373632804617507e+00
5.599314089739925748e+01,4.308985969246602821e+00
5.601314661331809219e+01,4.462910835033283341e+00
5.603315232923692690e+01,5.213707918367541438e+00
5.605315804515576161e+01,5.423473950374871677e+00
5.607316376107459632e+01,5.162084139851529585e+00
5.609316947699343103e+01,4.831604760599618409e+00
5.611317519291226574e+01,5.101282775432339989e+00
5.613318090883110045e+01,4.113591016566549463e+00
5.615318662474992806e+01,4.940107766651410159e+00
5.617319234066876277e+01,4.988588026934190900e+00
5.619319805658759748e+01,5.998495691883341863e+00
5.621320377250643219e+01,6.036564500464061567e+00
5.623320948842526690e+01,5.359512349774202988e+00
5.625321520434410161e+01,6.108061482464975711e+00
5.627322092026293632e+01,5.582586010578745928e+00
5.629322663618177103e+01,6.403301253376739055e+00
5.631323235210060574e+01,6.633699547289177545e+00
5.633323806801943334e+01,6.695269842698365892e+00
5.635324378393826805e+01,7.367405732049243205e+00
5.637324949985710276e+01,7.856071701041677180e+00
5.639325521577593747e+01,7.829045040909408115e+00
5.641326093169477218e+01,8.954145898530882164e+00
5.643326664761360689e+01,9.315708970915149933e+00
5.645327236353244160e+01,1.047193611113117662e+01
5.647327807945127631e+01,1.043564949826523858e+01
5.649328379537011102e+01,1.166016360984224320e+01
5.651328951128894573e+01,1.160244389197168147e+01
5.653329522720777334e+01,1.155972291580668454e+01
5.655330094312660805e+01,1.268881050587802584e+01
5.657330665904544276e+01,1.304826978402197213e+01
5.659331237496427747e+01,1.260637594574838793e+01
5.661331809088311218e+01,1.393091329169902437e+01
5.663332380680194689e+01,1.327469239512113575e+01
5.665332952272078160e+01,1.338996702860998766e+01
5.667333523863961631e+01,1.322447404002191540e+01
5.669334095455845102e+01,1.338841177356147583e+01
5.671334667047727862e+01,1.241378735353404927e+01
5.673335238639611333e+01,1.265216113024747457e+01
5.675335810231494804e+01,1.210074554489572307e+01
5.677336381823378275e+01,1.137499063131634003e+01
5.679336953415261746e+01,1.215416682549448524e+01
5.681337525007145217e+01,1.115154435610303096e+01
5.683338096599028688e+01,1.169548602983663876e+01
5.685338668190912159e+01,1.175863017444530634e+01
5.687339239782795630e+01,1.183265581512570819e+01
5.689339811374678391e+01,1.265690761544794718e+01
5.691340382966561862e+01,1.328849408311611136e+01
5.693340954558445333e+01,1.338522525672635233e+01
5.695341526150328804e+01,1.353939791889576938e+01
5.697342097742212275e+01,1.452916489785725140e+01
5.699342669334095746e+01,1.547516419025845913e+01
5.701343240925979217e+01,1.572580685986320326e+01
5.703343812517862688e+01,1.749319858484823698e+01
5.705344384109746159e+01,1.869284344699488187e+01
5.707344955701629630e+01,1.926126370026802803e+01
5.709345527293512390e+01,2.110814424313567628e+01
5.711346098885395861e+01,2.161234438378934897e+01
5.713346670477279332e+01,2.193348254847781931e+01
5.715347242069162803e+01,2.343852229494369510e+01
5.717347813661046274e+01,2.312431818533443817e+01
5.719348385252929745e+01,2.426072820481903847e+01
5.721348956844813216e+01,2.433354209803431445e+01
5.723349528436696687e+01,2.503537367947686931e+01
5.725350100028580158e+01,2.466240666921445168e+01
5.727350671620462919e+01,2.460884248045076461e+01
5.729351243212346390e+01,2.316828817610429780e+01
5.731351814804229861e+01,2.232107723187820980e+01
5.733352386396113332e+01,2.238397859810569201e+01
5.735352957987996803e+01,2.084114949324622756e+01
5.737353529579880274e+01,2.051167563540677818e+01
5.739354101171763745e+01,1.851593426554618205e+01
5.741354672763647216e+01,1.830465242087010225e+01
5.743355244355530687e+01,1.729811717221609868e+01
5.745355815947414158e+01,1.645451734001987631e+01
5.747356387539296918e+01,1.524085467459418730e+01
5.749356959131180389e+01,1.512743971653646646e+01
5.751357530723063860e+01,1.486491530022997409e+01
5.753358102314947331e+01,1.420696425788364259e+01
5.755358673906830802e+01,1.307965862771156651e+01
5.757359245498714273e+01,1.339013180010016946e+01
5.759359817090597744e+01,1.310386188798817919e+01
5.761360388682481215e+01,1.415797071244737282e+01
5.763360960274364686e+01,1.302352624706970730e+01
5.765361531866247446e+01,1.422443502458370901e+01
5.767362103458130917e+01,1.446238910577637071e+01
5.769362675050014388e+01,1.520071142019875410e+01
5.771363246641897859e+01,1.504054931430278685e+01
5.773363818233781330e+01,1.621465339714040255e+01
5.775364389825664801e+01,1.684025899330832843e+01
5.777364961417548272e+01,1.667986718460846163e+01
5.779365533009431743e+01,1.729090047870227664e+01
5.781366104601315214e+01,1.706279118034769482e+01
5.783366676193197975e+01,1.699529821524055961e+01
5.785367247785081446e+01,1.736207021211076551e+01
5.787367819376964917e+01,1.584609474521099770e+01
5.789368390968848388e+01,1.584115132152097871e+01
5.791368962560731859e+01,1.526241592009667158e+01
5.793369534152615330e+01,1.428162591509855517e+01
5.795370105744498801e+01,1.424296551260876775e+01
5.797370677336382272e+01,1.237156622417704099e+01
5.799371248928265743e+01,1.214516515806683827e+01
5.801371820520149214e+01,1.105257202074366241e+01
5.803372392112031974e+01,1.059376250247614237e+01
5.805372963703915445e+01,9.866023567125413507e+00
5.807373535295798916e+01,9.393661684019923186e+00
5.809374106887682387e+01,7.653370157155360509e+00
5.811374678479565858e+01,7.005744791630349688e+00
5.813375250071449329e+01,7.514445689817096152e+00
5.815375821663332800e+01,5.991545905915112158e+00
5.817376393255216271e+01,5.779130909469216704e+00
5.819376964847099742e+01,6.151153330312425283e+00
5.821377536438982503e+01,5.762482610622337909e+00
5.823378108030865974e+01,5.355310951200112690e+00
5.825378679622749445e+01,5.455869648254978443e+00
5.827379251214632916e+01,4.847859980844232197e+00
5.829379822806516387e+01,5.201856153490910906e+00
5.831380394398399858e+01,4.089227941496613283e+00
5.833380965990283329e+01,4.920819485685028027e+00
5.835381537582166800e+01,3.684763775015900578e+00
5.837382109174050271e+01,4.515537695136226048e+00
5.839382680765933742e+01,4.372706046238389987e+00
5.841383252357816502e+01,4.230317689956508254e+00
5.843383823949699973e+01,4.132115668011466347e+00
5.845384395541583444e+01,4.331173816573629765e+00
5.847384967133466915e+01,4.390415892915466856e+00
5.849385538725350386e+01,4.270092510487279114e+00
5.851386110317233857e+01,3.964625932932754893e+00
5.853386681909117328e+01,3.660235974059065978e+00
5.855387253501000799e+01,3.890539270887998669e+00
5.857387825092884270e+01,4.081108322245208697e+00
5.859388396684767031e+01,4.633266014777055908e+00
5.861388968276650502e+01,4.633624064612972937e+00
5.863389539868533973e+01,3.605490599164243193e+00
5.865390111460417444e+01,3.558540743872085521e+00
5.867390683052300915e+01,4.708828150241865629e+00
5.869391254644184386e+01,4.541091652414376512e+00
5.871391826236067857e+01,4.572344997964039592e+00
5.873392397827951328e+01,3.984642391478788070e+00
5.875392969419834799e+01,4.100023000035410981e+00
5.877393541011717559e+01,3.891327256757525888e+00
5.879394112603601030e+01,3.907198999704544207e+00
5.881394684195484501e+01,3.684841563683991073e+00
5.883395255787367972e+01,5.006636268094017517e+00
5.885395827379251443e+01,4.136446089334127940e+00
5.887396398971134914e+01,4.093146737004241587e+00
5.889396970563018385e+01,3.833352726771026120e+00
5.891397542154901856e+01,3.708106281321203568e+00
5.893398113746785327e+01,3.824799605077704889e+00
5.895398685338668798e+01,4.568564650476335309e+00
5.897399256930551559e+01,4.284751508406856146e+00
5.899399828522435030e+01,4.917444326746470473e+00
5.901400400114318501e+01,4.334475680704212408e+00
5.903400971706201972e+01,5.189441437873460572e+00
5.905401543298085443e+01,4.932695543460816623e+00
5.907402114889968914e+01,4.462623814232090425e+00
5.909402686481852385e+01,4.582984928866153496e+00
5.911403258073735856e+01,4.909572036319553412e+00
5.913403829665619327e+01,4.821162094860175884e+00
5.915404401257502087e+01,4.970056500692179746e+00
5.917404972849385558e+01,4.695808821430542679e+00
5.919405544441269029e+01,4.124311273389420052e+00
5.921406116033152500e+01,4.591515225004657808e+00
5.923406687625035971e+01,4.512305975653638335e+00
5.925407259216919442e+01,4.972052733279281433e+00
5.927407830808802913e+01,4.146094764284008249e+00
5.929408402400686384e+01,4.639965110533577963e+00
5.931408973992569855e+01,4.826997267320448870e+00
5.933409545584453326e+01,4.136738076589873359e+00
5.935410117176336087e+01,4.223079810103040010e+00
5.937410688768219558e+01,4.640816907849593775e+00
5.939411260360103029e+01,3.823820650127320864e+00
5.941411831951986500e+01,4.150824091068202826e+00
5.943412403543869971e+01,4.617371584121471528e+00
5.945412975135753442e+01,4.205851970225232606e+00
5.947413546727636913e+01,4.699999774060742652e+00
5.949414118319520384e+01,4.549623266979331504e+00
5.951414689911403855e+01,3.839953584376711859e+00
5.953415261503286615e+01,4.289938875728494416e+00
5.955415833095170086e+01,3.666031235126461674e+00
5.957416404687053557e+01,4.317579859996214964e+00
5.959416976278937028e+01,4.254539684622651308e+00
5.961417547870820499e+01,4.531122867372799234e+00
5.963418119462703970e+01,4.641033763727292261e+00
5.965418691054587441e+01,4.556355364765824589e+00
5.967419262646470912e+01,4.343079580946700879e+00
5.969419834238354383e+01,3.961336035099741970e+00
5.971420405830237144e+01,4.537456654713227344e+00
5.973420977422120615e+01,4.301251059135468680e+00
5.975421549014004086e+01,4.291528059388777017e+00
5.977422120605887557e+01,4.397379377686916335e+00
5.979422692197771028e+01,4.720340375495399421e+00
5.981423263789654499e+01,3.957133317402670158e+00
5.983423835381537970e+01,4.469016587764217618e+00
5.985424406973421441e+01,4.734209725939299673e+00
5.987424978565304912e+01,4.610901137083073031e+00
5.989425550157188383e+01,4.252520094347891799e+00
5.991426121749071143e+01,3.905587178177215346e+00
5.993426693340954614e+01,4.303755377928213832e+00
5.995427264932838085e+01,5.014395537754415599e+00
5.997427836524721556e+01,4.775978639666675463e+00
5.999428408116605027e+01,4.704720109542372519e+00
6.001428979708488498e+01,4.183060609480367731e+00
6.003429551300371969e+01,5.315887065254973898e+00
6.005430122892255440e+01,4.892736415779331161e+00
6.007430694484138911e+01,4.710059048685841354e+00
6.009431266076021672e+01,5.217717456630428075e+00
6.011431837667905143e+01,5.815075401981646408e+00
6.013432409259788614e+01,5.673410059554219842e+00
6.015432980851672085e+01,5.995126388667916473e+00
6.017433552443555556e+01,5.857841364417193830e+00
6.019434124035439027e+01,5.870599685001932855e+00
6.021434695627322498e+01,6.604311741631375021e+00
6.023435267219205969e+01,6.410547867004069644e+00
6.025435838811089440e+01,5.969967275324483680e+00
6.027436410402972911e+01,6.474813966820402555e+00
6.029436981994855671e+01,6.510546747107992971e+00
6.031437553586739142e+01,6.817500162996203983e+00
6.033438125178622613e+01,7.015925098283082306e+00
6.035438696770506084e+01,7.564869637709269234e+00
6.037439268362389555e+01,6.906937578416455281e+00
6.039439839954273026e+01,7.006812811860518408e+00
6.041440411546156497e+01,6.598817859430665678e+00
6.043440983138039968e+01,6.428677727411289844e+00
6.045441554729923439e+01,6.474772857944889104e+00
6.047442126321806199e+01,5.942708285038724725e+00
6.049442697913689670e+01,6.388509657212395609e+00
6.051443269505573141e+01,6.236065803419699627e+00
6.053443841097456612e+01,6.117976838415074781e+00
6.055444412689340083e+01,4.992681828678641409e+00
6.057444984281223554e+01,5.091801289742341474e+00
6.059445555873107025e+01,5.516698485139219343e+00
6.061446127464990496e+01,5.614518448769555192e+00
6.063446699056873967e+01,5.200902287374224997e+00
6.065447270648756728e+01,5.627379635433669591e+00
6.067447842240640199e+01,5.097641314455955808e+00
6.069448413832523670e+01,5.547704098646876858e+00
6.071448985424407141e+01,5.190274959082531225e+00
6.073449557016290612e+01,5.960603517740684865e+00
6.075450128608174083e+01,5.763221827036232980e+00
6.077450700200057554e+01,5.085459320683293427e+00
6.079451271791941025e+01,6.474779676203809231e+00
6.081451843383824496e+01,6.292351222890438578e+00
6.083452414975707967e+01,6.505909652153111900e+00
6.085452986567590727e+01,6.000121994731951958e+00
6.087453558159474198e+01,6.339719676167840490e+00
6.089454129751357669e+01,6.727443300123669090e+00
6.091454701343241140e+01,6.194548697548055927e+00
6.093455272935124611e+01,6.060900256239087902e+00
6.095455844527008082e+01,6.348171374122010491e+00
6.097456416118891553e+01,7.242151329184199682e+00
6.099456987710775024e+01,6.636779231183720817e+00
6.101457559302658495e+01,7.453469156461793865e+00
6.103458130894541256e+01,7.035765062200434627e+00
6.105458702486424727e+01,6.519729907466885521e+00
6.107459274078308198e+01,7.821858395227673455e+00
6.109459845670191669e+01,7.872961702936972728e+00
6.111460417262075140e+01,7.622282195008191152e+00
6.113460988853958611e+01,7.420311132977071011e+00
6.115461560445842082e+01,6.999921211180875957e+00
6.117462132037725553e+01,7.376290855658535150e+00
6.119462703629609024e+01,6.567886374312765341e+00
6.121463275221492495e+01,7.004133754571157944e+00
6.123463846813375255e+01,6.967303396833429474e+00
6.125464418405258726e+01,6.655497965814221928e+00
6.127464989997142197e+01,5.844666092248786526e+00
6.129465561589025668e+01,6.112288761584239616e+00
6.131466133180909139e+01,5.809991322443821105e+00
6.133466704772792610e+01,5.270389582049112676e+00
6.135467276364676081e+01,6.191524685155055607e+00
6.137467847956559552e+01,6.221376827612719040e+00
6.139468419548443023e+01,4.936248549622030524e+00
6.141468991140325784e+01,5.820501324912315866e+00
6.143469562732209255e+01,5.442907474800401602e+00
6.145470134324092726e+01,5.009520770550023983e+00
6.147470705915976197e+01,4.965211062696051059e+00
6.149471277507859668e+01,6.140038036630620866e+00
6.151471849099743139e+01,5.345206918375161820e+00
6.153472420691626610e+01,5.443846499832604380e+00
6.155472992283510081e+01,5.327181439350487047e+00
6.157473563875393552e+01,5.910860693838395186e+00
6.159474135467276312e+01,5.939053587694804293e+00
6.161474707059159783e+01,5.660807143242223560e+00
6.163475278651043254e+01,5.928937255528753170e+00
6.165475850242926725e+01,6.001595311061526772e+00
6.167476421834810196e+01,6.037612426840164304e+00
6.169476993426693667e+01,5.681762710580814613e+00
6.171477565018577138e+01,5.752299180121208444e+00
6.173478136610460609e+01,5.594421631774604720e+00
6.175478708202344080e+01,4.948020727375606498e+00
6.177479279794227551e+01,5.275796323216174422e+00
6.179479851386110312e+01,6.041081935455565599e+00
6.181480422977993783e+01,5.292489385771272481e+00
6.183480994569877254e+01,5.932367020832014504e+00
6.185481566161760725e+01,4.806199391446486224e+00
6.187482137753644196e+01,5.290644768746054716e+00
6.189482709345527667e+01,5.388251290998027798e+00
6.191483280937411138e+01,5.320067851567465311e+00
6.193483852529294609e+01,4.755850109223873190e+00
6.195484424121178080e+01,4.910475486990981686e+00
6.197484995713060840e+01,4.752241517982902508e+00
6.199485567304944311e+01,4.622541059736251512e+00
6.201486138896827782e+01,5.461954033720868296e+00
6.203486710488711253e+01,5.708431803356970313e+00
6.205487282080594724e+01,4.562871207138132768e+00
6.207487853672478195e+01,4.122717461516632653e+00
6.209488425264361666e+01,5.171016599005809233e+00
6.211488996856245137e+01,5.495480304367905688e+00
6.213489568448128608e+01,4.612676886615624916e+00
6.215490140040011369e+01,4.893618634269442325e+00
6.217490711631894840e+01,4.818525243296603477e+00
6.219491283223778311e+01,5.325515372211106602e+00
6.221491854815661782e+01,5.764686084741684979e+00
6.223492426407545253e+01,5.642310591053478319e+00
6.225492997999428724e+01,5.465935356095457109e+00
6.227493569591312195e+01,5.708417718561789478e+00
6.229494141183195666e+01,5.950707229970101153e+00
6.231494712775079137e+01,5.240531347082589164e+00
6.233495284366962608e+01,6.200030280537873750e+00
6.235495855958845368e+01,5.825678024664266985e+00
6.237496427550728839e+01,6.091214446929871684e+00
6.239496999142612310e+01,7.014129268216912294e+00
6.241497570734495781e+01,6.978473128358314348e+00
6.243498142326379252e+01,7.537189228956730602e+00
6.245498713918262723e+01,7.200467079571599704e+00
6.247499285510146194e+01,7.879055116422645888e+00
6.249499857102029665e+01,9.287683279679967541e+00
6.251500428693913136e+01,8.532811640507667050e+00
6.253501000285795897e+01,9.407749225960731820e+00
6.255501571877679368e+01,9.927756750189050905e+00
6.257502143469562839e+01,1.077951539914675116e+01
6.259502715061446310e+01,1.073442387829654621e+01
6.261503286653329781e+01,1.110512883913651905e+01
6.263503858245213252e+01,1.267379647280077037e+01
6.265504429837096723e+01,1.304493248903769853e+01
6.267505001428980194e+01,1.321380598928159600e+01
6.269505573020863665e+01,1.344503666339461567e+01
6.271506144612747136e+01,1.429747246014819950e+01
6.273506716204629896e+01,1.341604668494341013e+01
6.275507287796513367e+01,1.424443429407631179e+01
6.277507859388396838e+01,1.448253816375093450e+01
6.279508430980280309e+01,1.407595387502217044e+01
6.281509002572163780e+01,1.415318734675283174e+01
6.283509574164047251e+01,1.311416384950676672e+01
6.285510145755930722e+01,1.241585689611315857e+01
6.287510717347814193e+01,1.136543941695255633e+01
6.289511288939697664e+01,1.128052308985193264e+01
6.291511860531580425e+01,1.165271325902116750e+01
6.293512432123463896e+01,1.050211056981057212e+01
6.295513003715347367e+01,1.019898741944630416e+01
6.297513575307230838e+01,1.034574224928835662e+01
6.299514146899114309e+01,1.004269236599011705e+01
6.301514718490997780e+01,9.529204796382241938e+00
6.303515290082881251e+01,9.194393979575311349e+00
6.305515861674764722e+01,9.277210608436540440e+00
6.307516433266648193e+01,8.839629428114790244e+00
6.309517004858530953e+01,9.522889983167839745e+00
6.311517576450414424e+01,1.051543584988668734e+01
6.313518148042297895e+01,1.009829031893172235e+01
6.315518719634181366e+01,1.098640009330886969e+01
6.317519291226064837e+01,1.141774425215373157e+01
6.319519862817948308e+01,1.185470602817537333e+01
6.321520434409831779e+01,1.187555474818045731e+01
6.323521006001715250e+01,1.223484845879766070e+01
6.325521577593598721e+01,1.191340187605412559e+01
6.327522149185482192e+01,1.355298474841303857e+01
6.329522720777364952e+01,1.311343123288941470e+01
6.331523292369248423e+01,1.279922476543509191e+01
6.333523863961131894e+01,1.284085902524988931e+01
6.335524435553015365e+01,1.360699501681020962e+01
6.337525007144898836e+01,1.331116379899446223e+01
6.339525578736782307e+01,1.321786623055479382e+01
6.341526150328665778e+01,1.290443677350843288e+01
6.343526721920549249e+01,1.323231886034862548e+01
6.345527293512432720e+01,1.306410409026233310e+01
6.347527865104315481e+01,1.206139291681425618e+01
6.349528436696198952e+01,1.226823475500247618e+01
6.351529008288082423e+01,1.224505176266906581e+01
6.353529579879965894e+01,1.272395788829186181e+01
6.355530151471849365e+01,1.273236726381722228e+01
6.357530723063732836e+01,1.341123844322674685e+01
6.359531294655616307e+01,1.284619610767540898e+01
6.361531866247499778e+01,1.339136522255969552e+01
6.363532437839383249e+01,1.455691687349635011e+01
6.365533009431266720e+01,1.497277858294252084e+01
6.367533581023149480e+01,1.545263058797405620e+01
6.369534152615032951e+01,1.582896211872788683e+01
6.371534724206916422e+01,1.747755319511208327e+01
6.373535295798799893e+01,1.711686087890819152e+01
6.375535867390683364e+01,1.689204585023825800e+01
6.377536438982566835e+01,1.785018783986764035e+01
6.379537010574450306e+01,1.879534643714358211e+01
6.381537582166333777e+01,1.902575837140295789e+01
6.383538153758217248e+01,1.858159499835364414e+01
6.385538725350100009e+01,1.827133323173537960e+01
6.387539296941983480e+01,1.858707207433480235e+01
6.389539868533866951e+01,1.833508405763420868e+01
6.391540440125750422e+01,1.757939900449272486e+01
6.393541011717633893e+01,1.629720056170630116e+01
6.395541583309517364e+01,1.585562738551502271e+01
6.397542154901400835e+01,1.571165568434859949e+01
6.399542726493284306e+01,1.524874925387417335e+01
6.401543298085167066e+01,1.484582930384786437e+01
6.403543869677051248e+01,1.383275174085041570e+01
6.405544441268934008e+01,1.300236354144382211e+01
6.407545012860816769e+01,1.266522348842410395e+01
6.409545584452700950e+01,1.253180822228765834e+01
6.411546156044585132e+01,1.212301438148262278e+01
6.413546727636467892e+01,1.136365146602082632e+01
6.415547299228350653e+01,1.071709614795310728e+01
6.417547870820234834e+01,1.047794135640297064e+01
6.419548442412119016e+01,1.066379225216899229e+01
6.421549014004001776e+01,9.867227460352271606e+00
6.423549585595884537e+01,9.136341126652876454e+00
6.425550157187768718e+01,9.785944510113298023e+00
6.427550728779651479e+01,8.606293100985677569e+00
6.429551300371534239e+01,9.233618511676187524e+00
6.431551871963418421e+01,7.885788326924844327e+00
6.433552443555302602e+01,9.064903342116963358e+00
6.435553015147185363e+01,8.079297955992677416e+00
6.437553586739068123e+01,8.152881236178700419e+00
6.439554158330952305e+01,7.357041889483102892e+00
6.441554729922835065e+01,7.292346202830229274e+00
6.443555301514717826e+01,7.011805837244086348e+00
6.445555873106602007e+01,6.852205499522069587e+00
6.447556444698486189e+01,6.540427916497984384e+00
6.449557016290368949e+01,6.766061179835974215e+00
6.451557587882251710e+01,6.587609900296191867e+00
6.453558159474135891e+01,5.756778152973382134e+00
6.455558731066020073e+01,6.441260301292489387e+00
6.457559302657902833e+01,6.224348602975890543e+00
6.459559874249785594e+01,5.817666220264976928e+00
6.461560445841669775e+01,6.264217507532101159e+00
6.463561017433552536e+01,5.911681730959015724e+00
6.465561589025435296e+01,5.987992937186628950e+00
6.467562160617319478e+01,6.488388097684819833e+00
6.469562732209203659e+01,7.243287995209668040e+00
6.471563303801086420e+01,6.412836366313390712e+00
6.473563875392969180e+01,6.833895521426456732e+00
6.475564446984853362e+01,6.858258663230747842e+00
6.477565018576737543e+01,7.656696021103305938e+00
6.479565590168618883e+01,7.146710971383450683e+00
6.481566161760503064e+01,7.430740292696184746e+00
6.483566733352387246e+01,6.436098442632655292e+00
6.485567304944270006e+01,7.224505482207188578e+00
6.487567876536152767e+01,7.385565217831535634e+00
6.489568448128036948e+01,7.087861648642484802e+00
6.491569019719921130e+01,6.976900650767074552e+00
6.493569591311803890e+01,7.216698817052421333e+00
6.495570162903686651e+01,7.416555967246621250e+00
6.497570734495570832e+01,6.942550040027430924e+00
6.499571306087453593e+01,7.738695138486059832e+00
6.501571877679336353e+01,7.559687796959359218e+00
6.503572449271220535e+01,7.117902227019062167e+00
6.505573020863104716e+01,7.742832351254117285e+00
6.507573592454987477e+01,8.162055980139387046e+00
6.509574164046870237e+01,8.667416401939277648e+00
6.511574735638754419e+01,9.228434259984844346e+00
6.513575307230638600e+01,9.265395524932593219e+00
6.515575878822521361e+01,1.062628860166448419e+01
6.517576450414404121e+01,1.145611485295438214e+01
6.519577022006288303e+01,1.163958332180458655e+01
6.521577593598171063e+01,1.201086116542691506e+01
6.523578165190053824e+01,1.378152932904611383e+01
6.525578736781938005e+01,1.454737766878698935e+01
6.527579308373822187e+01,1.527388498890595869e+01
6.529579879965704947e+01,1.547102319573736828e+01
6.531580451557587708e+01,1.597118178529554200e+01
6.533581023149471889e+01,1.761353569602124125e+01
6.535581594741354650e+01,1.850454077663031427e+01
6.537582166333237410e+01,1.871682557381902257e+01
6.539582737925121592e+01,1.984736650014889747e+01
6.541583309517005773e+01,1.931451835619751378e+01
6.543583881108888534e+01,1.990848571269510003e+01
6.545584452700771294e+01,2.016438563038312992e+01
6.547585024292655476e+01,1.925415486264079945e+01
6.549585595884539657e+01,1.983666462795690322e+01
6.551586167476422418e+01,1.971690928436550649e+01
6.553586739068305178e+01,1.889257270271601641e+01
6.555587310660189360e+01,1.795986897929203607e+01
6.557587882252072120e+01,1.784953094158192144e+01
6.559588453843954881e+01,1.790755977292003820e+01
6.561589025435839062e+01,1.710779543647321788e+01
6.563589597027723244e+01,1.529186387710285011e+01
6.565590168619606004e+01,1.513281829462406769e+01
6.567590740211488765e+01,1.487754699374900902e+01
6.569591311803372946e+01,1.337930624803408541e+01
6.571591883395257128e+01,1.280235333280103305e+01
6.573592454987138467e+01,1.261626321416365215e+01
6.575593026579022649e+01,1.223168969504975578e+01
6.577593598170906830e+01,1.143001929518732673e+01
6.579594169762789591e+01,1.035662145061948536e+01
6.581594741354672351e+01,9.718165967329172261e+00
6.583595312946556533e+01,9.174717806713323043e+00
6.585595884538440714e+01,8.425043577048498378e+00
6.587596456130323475e+01,8.735802949706714671e+00
6.589597027722206235e+01,8.930204274569227607e+00
6.591597599314090417e+01,8.010808296041997068e+00
6.593598170905973177e+01,7.871153126466602146e+00
6.595598742497855937e+01,7.258635305918017977e+00
6.597599314089740119e+01,7.247005380654256257e+00
6.599599885681624301e+01,7.190322414390651673e+00
6.601600457273507061e+01,7.635108473989962619e+00
6.603601028865389821e+01,7.490917947859177417e+00
6.605601600457274003e+01,8.305731479667867845e+00
6.607602172049158185e+01,8.068590223805051309e+00
6.609602743641040945e+01,8.388435404377350579e+00
6.611603315232923705e+01,8.758938151851047849e+00
6.613603886824807887e+01,8.989668057950249036e+00
6.615604458416690647e+01,9.185874641421518660e+00
6.617605030008573408e+01,9.527006117400121710e+00
6.619605601600457589e+01,9.553331831831187060e+00
6.621606173192341771e+01,1.019845748931390084e+01
6.623606744784224531e+01,1.058661649647457992e+01
6.625607316376107292e+01,1.157768347577664159e+01
6.627607887967991473e+01,1.104308931196206878e+01
6.629608459559874234e+01,1.179321437236333736e+01
6.631609031151756994e+01,1.222603071142822628e+01
6.633609602743641176e+01,1.181285264473898167e+01
6.635610174335525357e+01,1.283538947176221612e+01
6.637610745927408118e+01,1.226887323860428936e+01
6.639611317519290878e+01,1.252874345662977262e+01
6.641611889111175060e+01,1.214796372180102679e+01
6.643612460703059241e+01,1.322058435914506269e+01
6.645613032294942002e+01,1.230321387706074887e+01
6.647613603886824762e+01,1.245081375637672849e+01
6.649614175478708944e+01,1.232863075348398318e+01
6.651614747070591704e+01,1.209464156428948911e+01
6.653615318662474465e+01,1.097396032102831143e+01
6.655615890254358646e+01,1.137113243925012007e+01
6.657616461846242828e+01,1.140055962363796205e+01
6.659617033438125588e+01,1.051664538112883029e+01
6.661617605030008349e+01,1.079992394587726423e+01
6.663618176621892530e+01,9.948818652927098327e+00
6.665618748213776712e+01,9.657441254704922429e+00
6.667619319805658051e+01,8.650241777073489402e+00
6.669619891397542233e+01,9.086963205135473842e+00
6.671620462989426414e+01,9.039806049381180486e+00
6.673621034581309175e+01,7.752468302167121905e+00
6.675621606173191935e+01,7.761595265707329716e+00
6.677622177765076117e+01,6.920174781537641095e+00
6.679622749356960298e+01,6.149165367442007479e+00
6.681623320948843059e+01,6.259657664291169432e+00
6.683623892540725819e+01,6.017474270101486056e+00
6.685624464132610001e+01,5.944075039170885866e+00
6.687625035724492761e+01,5.461378779335579914e+00
6.689625607316375522e+01,5.413245652552864939e+00
6.691626178908259703e+01,5.306661230267583740e+00
6.693626750500143885e+01,5.416700693389874033e+00
6.695627322092026645e+01,5.770119877631659122e+00
6.697627893683909406e+01,5.212187736554148465e+00
6.699628465275793587e+01,4.996294156555659782e+00
6.701629036867677769e+01,4.938297625463720308e+00
6.703629608459560529e+01,4.971581477240596847e+00
6.705630180051443290e+01,5.112885066898320119e+00
6.707630751643327471e+01,4.974966787055942419e+00
6.709631323235210232e+01,4.298470354847329311e+00
6.711631894827092992e+01,4.070214485984089414e+00
6.713632466418977174e+01,4.061426279684374308e+00
6.715633038010861355e+01,3.426282176447996264e+00
6.717633609602744116e+01,4.061087989700567391e+00
6.719634181194626876e+01,4.045218410311913537e+00
6.721634752786511058e+01,4.095869162923014173e+00
6.723635324378393818e+01,3.973450024409438619e+00
6.725635895970276579e+01,3.817773709121524028e+00
6.727636467562160760e+01,3.991169858890978972e+00
6.729637039154044942e+01,4.487291745568729340e+00
6.731637610745927702e+01,3.591951023121792375e+00
6.733638182337810463e+01,3.527104949484213492e+00
6.735638753929694644e+01,3.556729400083858295e+00
6.737639325521578826e+01,3.480366807903442439e+00
6.739639897113461586e+01,3.825168102007347137e+00
6.741640468705344347e+01,4.185379011132199345e+00
6.743641040297228528e+01,4.081854576246755073e+00
6.745641611889111289e+01,3.332644504823941478e+00
6.747642183480994049e+01,4.666805774489996672e+00
6.749642755072878231e+01,4.600231459564416703e+00
6.751643326664762412e+01,4.305850881839251798e+00
6.753643898256645173e+01,4.124334551752106393e+00
6.755644469848527933e+01,3.871261996530175331e+00
6.757645041440412115e+01,4.187343330556553056e+00
6.759645613032296296e+01,3.071586542104339124e+00
6.761646184624177636e+01,3.545719695883447820e+00
6.763646756216061817e+01,4.260309255748754964e+00
6.765647327807945999e+01,4.261227075485323645e+00
6.767647899399828759e+01,4.129396063140723605e+00
6.769648470991711520e+01,4.047681890451120701e+00
6.771649042583595701e+01,3.932188090592232843e+00
6.773649614175479883e+01,3.720183881667892933e+00
6.775650185767362643e+01,3.742399160762670096e+00
6.777650757359245404e+01,4.193909152245652194e+00
6.779651328951129585e+01,3.918689783630184387e+00
6.781651900543012346e+01,3.685106319344342296e+00
6.783652472134895106e+01,4.641650216542414498e+00
6.785653043726779288e+01,3.817982454125243841e+00
6.787653615318663469e+01,3.814311769940909258e+00
6.789654186910546230e+01,3.854334646364447892e+00
6.791654758502428990e+01,4.970446711761175251e+00
6.793655330094313172e+01,4.821263877384329710e+00
6.795655901686197353e+01,3.776230695527676318e+00
6.797656473278080114e+01,3.546429199006626121e+00
6.799657044869962874e+01,4.330286758078199405e+00
6.801657616461847056e+01,4.580974610331461250e+00
6.803658188053729816e+01,4.756204339339554998e+00
6.805658759645612577e+01,5.404320901624856788e+00
6.807659331237496758e+01,4.181718555576233065e+00
6.809659902829380940e+01,5.106084232972299297e+00
6.811660474421263700e+01,5.108306732242798631e+00
6.813661046013146461e+01,5.019436544491080454e+00
6.815661617605030642e+01,5.709523370685158028e+00
6.817662189196913403e+01,4.828076314186026785e+00
6.819662760788796163e+01,5.445348838129031144e+00
6.821663332380680345e+01,5.143858780916934492e+00
6.823663903972564526e+01,5.559906276208140596e+00
6.825664475564447287e+01,5.261114615210552792e+00
6.827665047156330047e+01,4.815886498798665372e+00
6.829665618748214229e+01,4.598660455823102566e+00
6.831666190340098410e+01,4.405928646613795685e+00
6.833666761931981171e+01,4.799600958451575750e+00
6.835667333523863931e+01,4.220528700494719843e+00
6.837667905115748113e+01,4.902536113019865027e+00
6.839668476707630873e+01,5.386659019185190189e+00
6.841669048299513634e+01,5.164785726262003607e+00
6.843669619891397815e+01,4.311633863189941351e+00
6.845670191483281997e+01,4.364170458151972909e+00
6.847670763075164757e+01,3.897629908217179473e+00
6.849671334667047518e+01,3.347128604855834855e+00
6.851671906258931699e+01,3.250513584061853312e+00
6.853672477850815881e+01,4.271050023087882508e+00
6.855673049442697220e+01,3.858912074049875240e+00
6.857673621034581402e+01,3.744104470513332394e+00
6.859674192626465583e+01,4.382277127633058988e+00
6.861674764218348344e+01,3.985867634048857688e+00
6.863675335810231104e+01,4.579382333885565259e+00
6.865675907402115286e+01,4.522775825137216543e+00
6.867676478993999467e+01,3.987435642805134961e+00
6.869677050585882228e+01,4.628069493369900478e+00
6.871677622177764988e+01,4.183457003963577669e+00
6.873678193769649170e+01,4.162992571827189181e+00
6.875678765361531930e+01,4.969045441824744280e+00
6.877679336953414690e+01,4.220652296355673627e+00
6.879679908545298872e+01,4.337214552444220494e+00
6.881680480137183054e+01,3.877942782244034881e+00
6.883681051729065814e+01,4.329949374926750139e+00
6.885681623320948574e+01,3.586721376312945075e+00
6.887682194912832756e+01,4.917847445688005692e+00
6.889682766504716938e+01,4.622186083145547464e+00
6.891683338096599698e+01,4.585109167097448868e+00
6.893683909688482458e+01,4.873209723463863163e+00
6.895684481280366640e+01,4.901983719121210115e+00
6.897685052872249400e+01,4.493503146581445229e+00
6.899685624464132161e+01,5.083519139468762660e+00
6.901686196056016342e+01,5.214718104447896962e+00
6.903686767647900524e+01,4.662514565963176594e+00
6.905687339239783284e+01,4.508215936677100188e+00
6.907687910831666045e+01,4.486054182862492468e+00
6.909688482423550226e+01,5.228350135520554609e+00
6.911689054015432987e+01,4.814249914918485196e+00
6.913689625607315747e+01,5.614605144032285722e+00
6.915690197199199929e+01,5.309053603026997692e+00
6.917690768791084110e+01,5.411441660515816210e+00
6.919691340382966871e+01,6.118537643421069205e+00
6.921691911974849631e+01,5.654822585122042611e+00
6.923692483566733813e+01,5.824044175997594053e+00
6.925693055158617994e+01,5.726314727305839014e+00
6.927693626750500755e+01,5.323055173911866333e+00
6.929694198342383515e+01,5.620906048272635402e+00
6.931694769934267697e+01,5.847687613177619426e+00
6.933695341526150457e+01,6.868643125048003562e+00
6.935695913118033218e+01,6.710293985261257532e+00
6.937696484709917399e+01,6.383608538166294366e+00
6.939697056301801581e+01,6.720693997711272516e+00
6.941697627893684341e+01,6.849847317010555159e+00
6.943698199485567102e+01,7.303435769714718973e+00
6.945698771077451283e+01,6.944249250668219631e+00
6.947699342669335465e+01,7.878233662643046031e+00
6.949699914261216804e+01,7.987763351887762653e+00
6.951700485853100986e+01,8.466934765787318184e+00
6.953701057444985167e+01,7.472605298885277136e+00
6.955701629036867928e+01,7.942565443990520002e+00
6.957702200628750688e+01,7.902561037583455850e+00
6.959702772220634870e+01,8.230813433792926403e+00
6.961703343812519051e+01,9.049539659887683385e+00
6.963703915404401812e+01,8.498544816571850902e+00
6.965704486996284572e+01,9.603413797094747295e+00
6.967705058588168754e+01,8.885125694242214323e+00
6.969705630180051514e+01,8.407781729136354798e+00
6.971706201771934275e+01,8.561383243430432444e+00
6.973706773363818456e+01,8.765202812502673524e+00
6.975707344955702638e+01,7.859979152587583506e+00
6.977707916547585398e+01,9.139813005518657718e+00
6.979708488139468159e+01,7.971096476610940229e+00
6.981709059731352340e+01,7.977940723382124233e+00
6.983709631323236522e+01,7.573220136530872004e+00
6.985710202915119282e+01,7.115203996456771485e+00
6.987710774507002043e+01,6.748226176231455931e+00
6.989711346098886224e+01,7.195586759416810807e+00
6.991711917690768985e+01,6.697389322019292379e+00
6.993712489282651745e+01,6.462689797179153928e+00
6.995713060874535927e+01,5.947497259173534445e+00
6.997713632466420108e+01,6.094441847762324116e+00
6.999714204058302869e+01,5.842772798647970944e+00
7.001714775650185629e+01,6.060646109253625013e+00
7.003715347242069811e+01,5.504252252293979630e+00
7.005715918833952571e+01,4.944535451090845690e+00
7.007716490425835332e+01,6.043644097819448113e+00
7.009717062017719513e+01,5.318269175072794397e+00
7.011717633609603695e+01,5.648099287302576599e+00
7.013718205201486455e+01,4.856480636310010368e+00
7.015718776793369216e+01,5.260568240797627304e+00
7.017719348385253397e+01,4.925778962521896176e+00
7.019719919977137579e+01,4.576404132718031370e+00
7.021720491569020339e+01,5.458326321616048027e+00
7.023721063160903100e+01,4.380112452228919651e+00
7.025721634752787281e+01,5.445271278818409222e+00
7.027722206344670042e+01,5.868232056753923231e+00
7.029722777936552802e+01,5.307555143346842641e+00
7.031723349528436984e+01,5.336549976382648275e+00
7.033723921120321165e+01,4.822022073384441221e+00
7.035724492712203926e+01,5.557221862857922190e+00
7.037725064304086686e+01,5.195762129445854249e+00
7.039725635895970868e+01,5.549849197074669505e+00
7.041726207487855049e+01,5.283049515304544030e+00
7.043726779079736389e+01,5.328555648031435332e+00
7.045727350671620570e+01,5.338750253895852005e+00
7.047727922263504752e+01,4.607907708008021075e+00
7.049728493855387512e+01,4.592978724212196440e+00
7.051729065447270273e+01,4.750683118001240324e+00
7.053729637039154454e+01,4.412704181172381723e+00
7.055730208631038636e+01,4.224767581910056968e+00
7.057730780222921396e+01,5.249118669875729282e+00
7.059731351814804157e+01,4.286480358138007318e+00
7.061731923406688338e+01,4.864619961511964519e+00
7.063732494998571099e+01,3.891079891062362073e+00
7.065733066590453859e+01,4.375162705533985452e+00
7.067733638182338041e+01,3.946527475612410463e+00
7.069734209774222222e+01,4.211776903875765754e+00
7.071734781366104983e+01,4.562442471516471088e+00
7.073735352957987743e+01,4.197898871338757942e+00
7.075735924549871925e+01,4.126519189344934446e+00
7.077736496141756106e+01,4.118169950300838877e+00
7.079737067733638867e+01,4.456417220207343100e+00
7.081737639325521627e+01,4.476038542712631241e+00
7.083738210917405809e+01,4.910033434414167175e+00
7.085738782509288569e+01,4.130928432371232084e+00
7.087739354101171330e+01,4.297124111020006687e+00
7.089739925693055511e+01,4.077179940838165706e+00
7.091740497284939693e+01,4.551577007869663127e+00
7.093741068876822453e+01,3.740981298488680107e+00
7.095741640468705214e+01,3.672122478929488398e+00
7.097742212060589395e+01,4.610202898374330616e+00
7.099742783652472156e+01,4.269744674988911193e+00
7.101743355244354916e+01,3.526638902986060753e+00
7.103743926836239098e+01,3.935070829394247127e+00
7.105744498428123279e+01,3.846843160599479283e+00
7.107745070020006040e+01,3.536120734743005922e+00
7.109745641611888800e+01,3.923471275599762720e+00
7.111746213203772982e+01,3.489322901423676626e+00
7.113746784795657163e+01,3.959867870436219128e+00
7.115747356387539924e+01,3.204060849636730435e+00
7.117747927979422684e+01,3.959963005357354238e+00
7.119748499571306866e+01,3.535312320249418772e+00
7.121749071163189626e+01,3.733266204274701572e+00
7.123749642755072387e+01,3.707731822131916655e+00
7.125750214346956568e+01,3.329127247014378010e+00
7.127750785938840750e+01,4.134729119865269809e+00
7.129751357530723510e+01,3.500664822171894563e+00
7.131751929122606271e+01,4.555732784196712792e+00
7.133752500714490452e+01,4.203469546601466433e+00
7.135753072306374634e+01,4.303226100614222283e+00
7.137753643898255973e+01,4.324418881950116145e+00
7.139754215490140155e+01,4.122525490917992919e+00
7.141754787082024336e+01,3.795651738875718717e+00
7.143755358673907097e+01,3.719944980728495665e+00
7.145755930265789857e+01,3.805737298660682999e+00
7.147756501857674039e+01,4.079325467214323098e+00
7.149757073449558220e+01,4.343101103306151067e+00
7.151757645041440981e+01,4.388031694690593731e+00
7.153758216633323741e+01,4.003051837689580950e+00
7.155758788225207923e+01,4.274462943568695827e+00
7.157759359817090683e+01,4.115196343161902526e+00
7.159759931408973443e+01,4.946283783371738352e+00
7.161760503000857625e+01,4.872918200283089973e+00
7.163761074592741807e+01,4.778741905953089564e+00
7.165761646184624567e+01,4.417323836982131269e+00
7.167762217776507327e+01,4.571509310054707953e+00
7.169762789368391509e+01,4.879162683765144060e+00
7.171763360960275691e+01,3.711868158164925546e+00
7.173763932552158451e+01,3.921574529585047042e+00
7.175764504144041211e+01,5.016924169506973286e+00
7.177765075735925393e+01,5.255147496125334605e+00
7.179765647327808153e+01,4.767859957932969905e+00
7.181766218919690914e+01,3.891488188153294114e+00
7.183766790511575095e+01,4.173298592895388737e+00
7.185767362103459277e+01,5.150527301217677767e+00
7.187767933695342037e+01,4.181515935570626397e+00
7.189768505287224798e+01,4.355266825692049260e+00
7.191769076879108979e+01,3.905279310190564956e+00
7.193769648470991740e+01,4.255209327916281481e+00
7.195770220062874500e+01,4.779066634257060464e+00
7.197770791654758682e+01,4.469113492500060403e+00
7.199771363246642863e+01,5.202720833662513478e+00
7.201771934838525624e+01,4.232516277882284683e+00
7.203772506430408384e+01,4.621832242479552377e+00
7.205773078022292566e+01,4.277003740214498251e+00
7.207773649614176747e+01,4.725587909528611519e+00
7.209774221206059508e+01,4.693300267655150293e+00
7.211774792797942268e+01,4.429347010672157303e+00
7.213775364389826450e+01,4.152799480935133403e+00
7.215775935981709210e+01,4.553038936579639540e+00
7.217776507573591971e+01,3.666492325425307008e+00
7.219777079165476152e+01,4.628365639988051505e+00
7.221777650757360334e+01,3.634491463212163875e+00
7.223778222349243094e+01,3.850034763158315609e+00
7.225778793941125855e+01,3.911009745531194959e+00
7.227779365533010036e+01,3.885768070972725141e+00
7.229779937124894218e+01,3.429871101331428918e+00
7.231780508716775557e+01,4.139319123210306373e+00
7.233781080308659739e+01,3.725425919144209175e+00
7.235781651900543920e+01,3.556578566222131421e+00
7.237782223492426681e+01,3.710268753511629214e+00
7.239782795084309441e+01,4.204571392397348006e+00
7.241783366676193623e+01,3.233403449822244369e+00
7.243783938268077804e+01,4.221150859210120565e+00
7.245784509859960565e+01,4.907934880052867044e+00
7.247785081451843325e+01,3.877209510435399409e+00
7.249785653043727507e+01,4.345955185527328624e+00
7.251786224635610267e+01,3.632133750362326108e+00
7.253786796227493028e+01,4.105492469488079443e+00
7.255787367819377209e+01,5.046364690900169592e+00
7.257787939411261391e+01,4.646280826391830487e+00
7.259788511003144151e+01,4.840316104704763589e+00
7.261789082595026912e+01,5.123380961231114306e+00
7.263789654186911093e+01,5.113180514440506030e+00
7.265790225778795275e+01,4.689494065795621225e+00
7.267790797370678035e+01,5.057332557742171275e+00
7.269791368962560796e+01,4.587704593498120431e+00
7.271791940554444977e+01,4.575844994371646379e+00
7.273792512146327738e+01,4.808503211111240461e+00
7.275793083738210498e+01,4.879062180740954879e+00
7.277793655330094680e+01,4.791728294088419382e+00
7.279794226921978861e+01,4.115217720094586973e+00
7.281794798513861622e+01,5.162317192716947112e+00
7.283795370105744382e+01,4.754482675845776107e+00
7.285795941697628564e+01,4.514888816391859017e+00
7.287796513289511324e+01,4.578180924563225673e+00
7.289797084881394085e+01,3.948324597841478933e+00
7.291797656473278266e+01,4.386899425777405881e+00
7.293798228065162448e+01,4.915117550240581501e+00
7.295798799657045208e+01,4.844001997768761392e+00
7.297799371248927969e+01,4.793849192644425550e+00
7.299799942840812150e+01,4.204335070073274672e+00
7.301800514432696332e+01,3.961331906423734672e+00
7.303801086024579092e+01,5.160325650545404486e+00
7.305801657616461853e+01,4.018769675014632448e+00
7.307802229208346034e+01,4.364669187181108967e+00
7.309802800800228795e+01,3.788877476001818678e+00
7.311803372392111555e+01,3.978354240323714208e+00
7.313803943983995737e+01,4.594676065004231091e+00
7.315804515575879918e+01,4.891170115810762553e+00
7.317805087167762679e+01,4.681291168612722764e+00
7.319805658759645439e+01,5.154676695547598442e+00
7.321806230351529621e+01,4.525705092847163158e+00
7.323806801943413802e+01,4.279877826497751947e+00
7.325807373535295142e+01,4.072119760274850009e+00
7.327807945127179323e+01,4.563352905039824492e+00
7.329808516719063505e+01,4.733299766766982053e+00
7.331809088310946265e+01,4.734964312845531431e+00
7.333809659902829026e+01,5.220295963362906022e+00
7.335810231494713207e+01,5.237227592104368057e+00
7.337810803086597389e+01,5.181686076448995593e+00
7.339811374678480149e+01,4.610836805719265463e+00
7.341811946270362910e+01,5.306021103185683430e+00
7.343812517862247091e+01,5.188420248573326177e+00
7.345813089454129852e+01,5.535580387034439553e+00
7.347813661046012612e+01,6.137047494536931325e+00
7.349814232637896794e+01,5.819908636896103715e+00
7.351814804229780975e+01,6.124341610349983256e+00
7.353815375821663736e+01,5.711494177019648788e+00
7.355815947413546496e+01,6.024329630145233594e+00
7.357816519005430678e+01,5.928620681826656025e+00
7.359817090597314859e+01,6.831807354990135472e+00
7.361817662189197620e+01,7.218622153870056124e+00
7.363818233781080380e+01,6.583801747314137032e+00
7.365818805372964562e+01,7.107836335577666809e+00
7.367819376964847322e+01,6.550571464519334697e+00
7.369819948556730083e+01,6.786948343736245448e+00
7.371820520148614264e+01,6.719983444779072279e+00
7.373821091740498446e+01,6.455481251790386565e+00
7.375821663332381206e+01,7.392590350813180500e+00
7.377822234924263967e+01,6.533118257215328128e+00
7.379822806516148148e+01,6.578419823728260951e+00
7.381823378108030909e+01,7.839351596614809736e+00
7.383823949699913669e+01,6.579779020138055934e+00
7.385824521291797851e+01,6.326105772319474241e+00
7.387825092883682032e+01,7.179066800014302530e+00
7.389825664475564793e+01,7.464797683804725636e+00
7.391826236067447553e+01,7.356136892956964601e+00
7.393826807659331735e+01,7.109740090800286794e+00
7.395827379251215916e+01,6.848148377020005562e+00
7.397827950843098677e+01,7.349884921925671222e+00
7.399828522434981437e+01,8.008172862177739049e+00
7.401829094026865619e+01,7.488767014686514401e+00
7.403829665618748379e+01,6.917919912053426046e+00
7.405830237210632561e+01,6.411411005819266151e+00
7.407830808802515321e+01,6.967827219901575830e+00
7.409831380394398082e+01,6.767972640790020478e+00
7.411831951986282263e+01,7.290478551223567472e+00
7.413832523578165024e+01,6.407876043229371987e+00
7.415833095170049205e+01,6.929788588280452188e+00
7.417833666761931966e+01,7.213638643412533469e+00
7.419834238353816147e+01,7.117966039689475721e+00
7.421834809945698908e+01,7.353941192072213084e+00
7.423835381537583089e+01,6.418668474938701962e+00
7.425835953129465850e+01,7.194676082678919116e+00
7.427836524721348610e+01,7.471627177135099274e+00
7.429837096313232792e+01,6.553984847042247708e+00
7.431837667905115552e+01,7.693482609059644872e+00
7.433838239496999734e+01,7.080200329147745109e+00
7.435838811088882494e+01,7.155863460974909884e+00
7.437839382680766676e+01,7.357797728425776285e+00
7.439839954272649436e+01,7.188506169837807214e+00
7.441840525864533618e+01,6.914264895334612859e+00
7.443841097456416378e+01,7.109710916960645832e+00
7.445841669048300560e+01,7.224448955748123957e+00
7.447842240640183320e+01,6.925040124224985938e+00
7.449842812232066080e+01,7.312400794883098243e+00
7.451843383823950262e+01,6.446535412491432027e+00
7.453843955415833022e+01,7.392160840577419734e+00
7.455844527007717204e+01,7.326991289786778161e+00
7.457845098599599964e+01,7.129068477291624184e+00
7.459845670191484146e+01,6.882154970477994738e+00
7.461846241783366906e+01,7.011219176907822259e+00
7.463846813375251088e+01,7.021753597447524697e+00
7.465847384967133848e+01,7.629380455934027694e+00
7.467847956559016609e+01,7.308093311100886780e+00
7.469848528150900790e+01,8.905611744833525023e+00
7.471849099742783551e+01,8.838673341249624116e+00
7.473849671334667732e+01,8.043205500729712298e+00
7.475850242926550493e+01,8.535753628469587184e+00
7.477850814518434674e+01,8.763064110473923307e+00
7.479851386110317435e+01,9.975719811630607836e+00
7.481851957702201616e+01,9.872346871567796001e+00
7.483852529294084377e+01,1.055895626523060571e+01
7.485853100885967137e+01,1.138919481074958817e+01
7.487853672477851319e+01,1.164739554519997355e+01
7.489854244069734079e+01,1.098482514556872225e+01
7.491854815661618261e+01,1.144103550073874231e+01
7.493855387253501021e+01,1.123978213965344963e+01
7.495855958845385203e+01,9.960096280635031718e+00
7.497856530437267963e+01,1.029037610693231741e+01
7.499857102029152145e+01,9.608363863355631196e+00
7.501857673621034905e+01,1.018415563664747481e+01
7.503858245212917666e+01,1.009376277383603160e+01
7.505858816804801847e+01,9.151777452698823367e+00
7.507859388396684608e+01,9.380827734286143027e+00
7.509859959988568789e+01,9.080421260811247564e+00
7.511860531580451550e+01,8.233448073647721799e+00
7.513861103172335731e+01,8.631356366543403880e+00
7.515861674764218492e+01,8.357527732186646574e+00
7.517862246356102673e+01,7.834664903369843891e+00
7.519862817947985434e+01,8.907819865897890210e+00
7.521863389539868194e+01,8.387177415337163211e+00
7.523863961131752376e+01,7.627144068049656944e+00
7.525864532723635136e+01,8.541871741632812487e+00
7.527865104315519318e+01,8.452796493810248890e+00
7.529865675907402078e+01,8.501145544448164060e+00
7.531866247499286260e+01,8.690082961270729101e+00
7.533866819091169020e+01,8.313207978285642952e+00
7.535867390683053202e+01,8.239478523284883948e+00
7.537867962274935962e+01,8.229718463626651825e+00
7.539868533866820144e+01,8.622894623976819162e+00
7.541869105458702904e+01,7.849385817902312823e+00
7.543869677050585665e+01,7.682930324304876990e+00
7.545870248642469846e+01,7.952358270940949936e+00
7.547870820234352607e+01,7.427740678408019548e+00
7.549871391826236788e+01,7.992035973928834025e+00
7.551871963418119549e+01,6.843316902387409861e+00
7.553872535010003730e+01,6.485447034162687530e+00
7.555873106601886491e+01,6.693117347914434134e+00
7.557873678193770672e+01,5.949341810513526063e+00
7.559874249785653433e+01,6.017142726524921770e+00
7.561874821377536193e+01,6.848405677188472040e+00
7.563875392969420375e+01,5.783859740474198929e+00
7.565875964561303135e+01,5.503324048484099507e+00
7.567876536153187317e+01,5.449668570436769777e+00
7.569877107745070077e+01,5.204246525965152692e+00
7.571877679336954259e+01,4.706391247837631298e+00
7.573878250928837019e+01,4.253222613232235716e+00
7.575878822520721201e+01,4.545700022183501332e+00
7.577879394112603961e+01,4.977454274017039104e+00
7.579879965704486722e+01,4.848496814608976635e+00
7.581880537296370903e+01,5.330658078010037215e+00
7.583881108888253664e+01,4.264791484792189280e+00
7.585881680480137845e+01,4.708183995004452171e+00
7.587882252072020606e+01,4.036106518968163748e+00
7.589882823663904787e+01,4.303280484722504795e+00
7.591883395255787548e+01,3.654196017290369802e+00
7.593883966847671729e+01,4.214911717895079235e+00
7.595884538439554490e+01,4.146026351287217082e+00
7.597885110031437250e+01,4.352135348841471796e+00
7.599885681623321432e+01,4.196898222893613806e+00
7.601886253215204192e+01,4.244945800239989353e+00
7.603886824807088374e+01,4.339271889564940921e+00
7.605887396398971134e+01,4.907746739475143727e+00
7.607887967990855316e+01,3.886612513880651321e+00
7.609888539582738076e+01,3.644563943397739703e+00
7.611889111174622258e+01,4.005029338284215257e+00
7.613889682766505018e+01,4.273480122832859607e+00
7.615890254358387779e+01,4.296572809580620600e+00
7.617890825950271960e+01,5.060727934652733850e+00
7.619891397542154721e+01,4.710190735516266436e+00
7.621891969134038902e+01,4.384364718033670449e+00
7.623892540725921663e+01,4.414647687330313985e+00
7.625893112317805844e+01,3.802357262268805993e+00
7.627893683909688605e+01,4.434157914843129156e+00
7.629894255501572786e+01,5.039637689411350152e+00
7.631894827093455547e+01,4.179027689078655960e+00
7.633895398685339728e+01,5.028944017812132294e+00
7.635895970277222489e+01,3.984347897490494006e+00
7.637896541869105249e+01,4.112353351384867572e+00
7.639897113460989431e+01,4.713468990486513910e+00
7.641897685052872191e+01,4.616041106619304557e+00
7.643898256644756373e+01,5.178092742802343551e+00
7.645898828236639133e+01,4.462925714051098502e+00
7.647899399828523315e+01,4.379864540545881368e+00
7.649899971420406075e+01,4.629610814860098955e+00
7.651900543012290257e+01,3.845301974881435214e+00
7.653901114604173017e+01,3.829915123377002573e+00
7.655901686196055778e+01,4.338370135378562864e+00
7.657902257787939959e+01,4.091065900477405037e+00
7.659902829379822720e+01,3.576177787166951116e+00
7.661903400971706901e+01,3.857973052747428966e+00
7.663903972563589662e+01,4.203586952749696515e+00
7.665904544155473843e+01,3.715361397725520654e+00
7.667905115747356604e+01,3.826798186924346368e+00
7.669905687339240785e+01,3.727141969040169922e+00
7.671906258931123546e+01,3.895038733749888848e+00
7.673906830523006306e+01,4.002130474496101264e+00
7.675907402114890488e+01,3.889946508088243160e+00
7.677907973706773248e+01,4.078125712933637459e+00
7.679908545298657430e+01,3.923971195057003314e+00
7.681909116890540190e+01,3.991590690531094943e+00
7.683909688482424372e+01,3.435456738418752209e+00
7.685910260074307132e+01,3.677278423850853795e+00
7.687910831666191314e+01,3.549951366914800843e+00
7.689911403258074074e+01,3.380031947869687414e+00
7.691911974849956835e+01,3.918280286300928950e+00
7.693912546441841016e+01,3.884506699293726495e+00
7.695913118033723777e+01,4.179405029275309325e+00
7.697913689625607958e+01,4.414602100345722313e+00
7.699914261217490719e+01,4.066486354381355639e+00
7.701914832809374900e+01,3.189864146913383269e+00
7.703915404401257661e+01,3.249112216950273524e+00
7.705915975993141842e+01,3.745316389002983026e+00
7.707916547585024603e+01,3.726988596309332991e+00
7.709917119176907363e+01,3.456627624451731329e+00
7.711917690768791545e+01,3.845889068844288605e+00
7.713918262360674305e+01,4.414638920686470236e+00
7.715918833952558487e+01,3.765338896066109609e+00
7.717919405544441247e+01,3.740079286986314866e+00
7.719919977136325429e+01,3.419131230868324156e+00
7.721920548728208189e+01,4.691729621964841890e+00
7.723921120320092371e+01,4.439488472044732070e+00
7.725921691911975131e+01,4.205265233852359508e+00
7.727922263503859313e+01,4.048304934354447937e+00
7.729922835095742073e+01,4.489969887587587749e+00
7.731923406687624833e+01,3.941382844915140460e+00
7.733923978279509015e+01,4.534013642506457664e+00
7.735924549871391775e+01,4.256061337202288186e+00
7.737925121463275957e+01,4.276857707699498690e+00
7.739925693055158717e+01,4.846312336131640919e+00
7.741926264647042899e+01,4.607573589632373512e+00
7.743926836238925659e+01,3.590657601010450506e+00
7.745927407830809841e+01,4.029545992907727303e+00
7.747927979422692601e+01,4.083164968969872355e+00
7.749928551014575362e+01,4.454055239154601331e+00
7.751929122606459543e+01,3.916835683000541302e+00
7.753929694198342304e+01,4.272912298262132147e+00
7.755930265790226485e+01,3.420750055086793751e+00
7.757930837382109246e+01,4.158719299536057790e+00
7.759931408973993427e+01,3.462900617910235290e+00
7.761931980565876188e+01,3.755868001019278424e+00
7.763932552157760369e+01,3.618255338621688022e+00
7.765933123749643130e+01,4.292742017396832921e+00
7.767933695341525890e+01,4.758233900322060173e+00
7.769934266933410072e+01,4.164958316019595763e+00
7.771934838525292832e+01,4.348960479364213150e+00
7.773935410117177014e+01,4.148590486860019411e+00
7.775935981709059774e+01,4.502394163686682660e+00
7.777936553300943956e+01,4.007621790558768105e+00
7.779937124892826716e+01,4.059213337750133377e+00
7.781937696484710898e+01,3.676874223930674646e+00
7.783938268076593658e+01,3.557809562822082494e+00
7.785938839668476419e+01,4.520477617776035295e+00
7.787939411260360600e+01,4.199629262155315956e+00
7.789939982852243361e+01,3.631758704969326956e+00
7.791940554444127542e+01,4.332430672145282102e+00
7.793941126036010303e+01,4.821748342441207313e+00
7.795941697627894484e+01,4.337656345517954648e+00
7.797942269219777245e+01,4.509413193192004066e+00
7.799942840811661426e+01,4.861391523336126674e+00
7.801943412403544187e+01,3.809535662834460545e+00
7.803943983995426947e+01,3.429535052000278750e+00
7.805944555587311129e+01,3.392934241224511815e+00
7.807945127179193889e+01,4.110791439439500650e+00
7.809945698771078071e+01,4.001546833140150028e+00
7.811946270362960831e+01,3.843184328411564099e+00
7.813946841954845013e+01,4.467585945314418439e+00
7.815947413546727773e+01,4.522995612540678501e+00
7.817947985138611955e+01,3.627887490478637567e+00
7.819948556730494715e+01,4.273392234936792988e+00
7.821949128322378897e+01,4.077031304100923847e+00
7.823949699914261657e+01,3.432318470367552443e+00
7.825950271506144418e+01,4.087647846446294864e+00
7.827950843098028599e+01,4.053907809667183670e+00
7.829951414689911360e+01,3.452125518129450565e+00
7.831951986281795541e+01,4.211986043556095183e+00
7.833952557873678302e+01,4.387330146430774569e+00
7.835953129465562483e+01,4.440932730018522179e+00
7.837953701057445244e+01,4.801801856993079376e+00
7.839954272649329425e+01,4.077642602726585963e+00
7.841954844241212186e+01,4.677271946901965904e+00
7.843955415833094946e+01,3.836620402926200768e+00
7.845955987424979128e+01,5.271297287522166641e+00
7.847956559016861888e+01,4.635139510495358550e+00
7.849957130608746070e+01,5.108578232179966427e+00
7.851957702200628830e+01,5.353963020316767185e+00
7.853958273792513012e+01,5.484290103376449288e+00
7.855958845384395772e+01,3.816289641687173884e+00
7.857959416976279954e+01,4.087165761563896993e+00
7.859959988568162714e+01,4.232028564952376115e+00
7.861960560160045475e+01,4.769413868457736072e+00
7.863961131751929656e+01,4.457989345746625531e+00
7.865961703343812417e+01,3.838044868814525223e+00
7.867962274935696598e+01,5.046006814877280533e+00
7.869962846527579359e+01,4.257184940766341796e+00
7.871963418119463540e+01,4.203467923715038523e+00
7.873963989711346301e+01,4.441751280663454260e+00
7.875964561303230482e+01,4.745440702989647264e+00
7.877965132895113243e+01,4.496278228108721464e+00
7.879965704486996003e+01,4.485451059791985884e+00
7.881966276078880185e+01,4.633306773773522735e+00
7.883966847670762945e+01,4.445243262334773959e+00
7.885967419262647127e+01,5.127642057463455139e+00
7.887967990854529887e+01,3.652026112140635661e+00
7.889968562446414069e+01,4.639871009926032741e+00
7.891969134038296829e+01,4.529873944771972916e+00
7.893969705630181011e+01,4.616237072331071722e+00
7.895970277222063771e+01,3.767230020675994329e+00
7.897970848813946532e+01,3.751325071769981090e+00
7.899971420405830713e+01,3.992719964419181089e+00
7.901971991997713474e+01,4.710805594339007030e+00
7.903972563589597655e+01,4.024580272413445847e+00
7.905973135181480416e+01,4.045275398553263457e+00
7.907973706773364597e+01,4.445834899693834608e+00
7.909974278365247358e+01,4.290719056739261461e+00
7.911974849957131539e+01,4.742526466193433876e+00
7.913975421549014300e+01,4.292612605530001346e+00
7.915975993140898481e+01,3.693651509009493683e+00
7.917976564732781242e+01,4.683571139250356730e+00
7.919977136324664002e+01,3.567387183982068333e+00
7.921977707916548184e+01,4.717166996214682939e+00
7.923978279508430944e+01,4.041712621917771031e+00
7.925978851100315126e+01,4.758405763299496272e+00
7.927979422692197886e+01,4.885093506097003768e+00
7.929979994284082068e+01,4.751419273838649815e+00
7.931980565875964828e+01,5.302009207700779214e+00
7.933981137467849010e+01,4.408531580242899928e+00
7.935981709059731770e+01,4.636014508997956973e+00
7.937982280651614531e+01,5.035638843551637933e+00
7.939982852243498712e+01,4.754999331724266476e+00
7.941983423835381473e+01,5.358417392897955267e+00
7.943983995427265654e+01,4.771596433136698678e+00
7.945984567019148415e+01,4.902345283697091105e+00
7.947985138611032596e+01,5.555065913485281115e+00
7.949985710202915357e+01,4.949297515785887391e+00
7.951986281794799538e+01,5.749256759316674348e+00
7.953986853386682299e+01,5.139190461476523808e+00
7.955987424978565059e+01,4.033175527265512983e+00
7.957987996570449241e+01,4.639919077679500070e+00
7.959988568162332001e+01,4.229116615929036982e+00
7.961989139754216183e+01,4.507273611001879843e+00
7.963989711346098943e+01,5.186157315695568926e+00
7.965990282937983125e+01,4.103920803020441710e+00
7.967990854529865885e+01,4.348890709807259114e+00
7.969991426121750067e+01,4.700510512926643791e+00
7.971991997713632827e+01,4.321140266232982086e+00
7.973992569305515588e+01,4.389316028484931742e+00
7.975993140897399769e+01,3.839096979787421482e+00
7.977993712489282530e+01,3.637555190074167832e+00
7.979994284081166711e+01,3.935529773274242249e+00
7.981994855673049472e+01,4.719861043835609671e+00
7.983995427264933653e+01,4.411423870168772687e+00
7.985995998856816414e+01,4.549531230238295088e+00
7.987996570448700595e+01,3.389478519591731853e+00
7.989997142040583356e+01,3.850454744246821992e+00
7.991997713632466116e+01,4.237776544040679383e+00
7.993998285224350298e+01,3.836022978734232147e+00
7.995998856816233058e+01,3.908940848212855368e+00
7.997999428408117240e+01,3.791816171378336264e+00
8.000000000000000000e+01,3.812244998898856707e+00
