angle,intensity
1.000000000000000000e+01,4.210573385125378820e+00
1.002000571591883471e+01,3.540229873866979737e+00
1.004001143183766764e+01,3.514381262479551182e+00
1.006001714775650235e+01,4.127062552872494905e+00
1.008002286367533529e+01,3.567539302391255607e+00
1.010002857959417000e+01,3.034418547653682463e+00
1.012003429551300293e+01,4.143218203766637409e+00
1.014004001143183764e+01,3.595172426322971404e+00
1.016004572735067235e+01,3.542046790925440281e+00
1.018005144326950528e+01,3.571598222075192730e+00
1.020005715918833999e+01,3.567979854952507246e+00
1.022006287510717293e+01,2.818510008293006575e+00
1.024006859102600764e+01,2.908942081790084622e+00
1.026007430694484057e+01,3.503516505661576019e+00
1.028008002286367528e+01,2.883439295386483359e+00
1.030008573878250999e+01,3.972848415020841184e+00
1.032009145470134293e+01,3.816986211037738386e+00
1.034009717062017764e+01,3.651071204777262214e+00
1.036010288653901057e+01,3.675180573430742115e+00
1.038010860245784528e+01,3.437066282651030757e+00
1.040011431837667999e+01,3.536565898735995805e+00
1.042012003429551292e+01,3.465594662141583626e+00
1.044012575021434763e+01,3.109328299865058653e+00
1.046013146613318057e+01,3.681080385650200348e+00
1.048013718205201528e+01,3.565482521431310836e+00
1.050014289797084821e+01,3.727106733039270203e+00
1.052014861388968292e+01,2.994115158347662398e+00
1.054015432980851585e+01,2.769369290012852147e+00
1.056016004572735056e+01,3.935644414827637938e+00
1.058016576164618527e+01,3.039630380803404197e+00
1.060017147756501821e+01,3.343182455263921771e+00
1.062017719348385292e+01,4.252112797405966482e+00
1.064018290940268585e+01,3.603790160247232865e+00
1.066018862532152056e+01,3.806159694884494016e+00
1.068019434124035527e+01,3.336583956794241246e+00
1.070020005715918820e+01,3.153561461245798725e+00
1.072020577307802292e+01,3.991810308205449243e+00
1.074021148899685585e+01,3.233712332011782209e+00
1.076021720491569056e+01,3.689963867573337275e+00
1.078022292083452349e+01,3.849623912300943473e+00
1.080022863675335820e+01,3.893424839493830447e+00
1.082023435267219291e+01,3.601749988831099092e+00
1.084024006859102585e+01,4.107633975529812353e+00
1.086024578450986056e+01,3.341996315342289137e+00
1.088025150042869349e+01,3.349283727975706615e+00
1.090025721634752820e+01,3.097181163380473112e+00
1.092026293226636113e+01,4.244149373686072479e+00
1.094026864818519584e+01,3.699018769053922018e+00
1.096027436410403055e+01,3.748997676750084107e+00
1.098028008002286349e+01,3.409235924446539556e+00
1.100028579594169820e+01,3.569750669287773182e+00
1.102029151186053113e+01,3.580507935996507740e+00
1.104029722777936584e+01,3.987099265988464758e+00
1.106030294369819877e+01,3.933001695538232312e+00
1.108030865961703348e+01,3.302836821811475865e+00
1.110031437553586819e+01,3.805915965930845690e+00
1.112032009145470113e+01,2.947870605459682825e+00
1.114032580737353584e+01,3.807089702505110917e+00
1.116033152329236877e+01,3.691258094762172703e+00
1.118033723921120348e+01,3.318348523402727679e+00
1.120034295513003642e+01,3.995658011464241710e+00
1.122034867104887113e+01,3.543903726909535479e+00
1.124035438696770584e+01,3.080527247302641491e+00
1.126036010288653877e+01,3.325411013627360468e+00
1.128036581880537348e+01,3.853591403376721125e+00
1.130037153472420641e+01,3.030792115528893937e+00
1.132037725064304112e+01,3.775283687015441814e+00
1.134038296656187583e+01,3.088973596104624519e+00
1.136038868248070877e+01,3.427548750692856139e+00
1.138039439839954348e+01,3.295369772632998462e+00
1.140040011431837641e+01,2.958949333670199522e+00
1.142040583023721112e+01,3.614142919227917528e+00
1.144041154615604405e+01,3.771347463729336269e+00
1.146041726207487876e+01,3.377039465895633530e+00
1.148042297799371170e+01,3.210955531027669174e+00
1.150042869391254641e+01,4.590893387123927916e+00
1.152043440983138112e+01,3.517666336270157235e+00
1.154044012575021405e+01,4.294115760205842847e+00
1.156044584166904876e+01,3.837134267959173783e+00
1.158045155758788169e+01,3.467138347397860088e+00
1.160045727350671640e+01,3.537497419719692004e+00
1.162046298942555111e+01,4.255740854650220228e+00
1.164046870534438405e+01,4.450119020850817009e+00
1.166047442126321876e+01,4.462961968540462898e+00
1.168048013718205169e+01,4.570548490382297047e+00
1.170048585310088640e+01,3.942366441809877387e+00
1.172049156901971934e+01,3.562959533155822811e+00
1.174049728493855405e+01,4.033311038423418537e+00
1.176050300085738698e+01,3.861142944318703307e+00
1.178050871677622169e+01,3.630971875845123265e+00
1.180051443269505640e+01,4.649185442032149673e+00
1.182052014861388933e+01,4.271817696892088456e+00
1.184052586453272404e+01,3.330061677769636574e+00
1.186053158045155698e+01,3.973862411467307787e+00
1.188053729637039169e+01,4.819845233601932399e+00
1.190054301228922640e+01,4.874277159042712526e+00
1.192054872820805933e+01,4.640731126922394090e+00
1.194055444412689404e+01,3.890502121296292248e+00
1.196056016004572697e+01,4.407026424821712141e+00
1.198056587596456168e+01,4.996521814216531077e+00
1.200057159188339639e+01,4.237433066724610953e+00
1.202057730780222933e+01,4.698966215756856357e+00
1.204058302372106226e+01,3.964490032583885437e+00
1.206058873963989697e+01,4.514237736832498626e+00
1.208059445555873168e+01,4.518726258818482222e+00
1.210060017147756461e+01,4.425390083579768152e+00
1.212060588739639932e+01,4.590952124151968405e+00
1.214061160331523226e+01,4.414100164671086901e+00
1.216061731923406697e+01,4.421593893073087145e+00
1.218062303515290168e+01,4.901422392699648078e+00
1.220062875107173461e+01,5.140155785595851512e+00
1.222063446699056932e+01,4.338270917050747855e+00
1.224064018290940226e+01,5.373124567830950937e+00
1.226064589882823697e+01,5.997240275351891192e+00
1.228065161474707168e+01,4.759630241111292293e+00
1.230065733066590461e+01,5.126599467649118225e+00
1.232066304658473754e+01,4.924812524407980341e+00
1.234066876250357225e+01,5.725163495800464020e+00
1.236067447842240696e+01,4.932242505790460640e+00
1.238068019434123990e+01,5.337134625087282203e+00
1.240068591026007461e+01,5.572521411012789194e+00
1.242069162617890754e+01,5.125663872963468926e+00
1.244069734209774225e+01,6.095265370752269263e+00
1.246070305801657696e+01,5.464662734955788359e+00
1.248070877393540989e+01,5.326626945490151144e+00
1.250071448985424460e+01,5.453608331258695152e+00
1.252072020577307754e+01,5.469558487042119665e+00
1.254072592169191225e+01,6.000091647787927585e+00
1.256073163761074696e+01,6.655782323036129711e+00
1.258073735352957989e+01,5.986447287991659039e+00
1.260074306944841460e+01,6.269384662493981963e+00
1.262074878536724754e+01,6.220741696280517985e+00
1.264075450128608225e+01,6.187158325038322637e+00
1.266076021720491518e+01,5.843293967259387323e+00
1.268076593312374989e+01,6.645252467615216929e+00
1.270077164904258282e+01,6.491846888857987885e+00
1.272077736496141753e+01,6.973299073240255552e+00
1.274078308088025224e+01,7.144354381277593369e+00
1.276078879679908518e+01,7.323766228766460884e+00
1.278079451271791989e+01,6.910975271962021438e+00
1.280080022863675282e+01,7.197552314228820691e+00
1.282080594455558753e+01,6.776503385305873373e+00
1.284081166047442224e+01,8.464323220487306898e+00
1.286081737639325517e+01,7.356174155658648850e+00
1.288082309231208988e+01,7.212727244470003463e+00
1.290082880823092282e+01,7.956901204557427221e+00
1.292083452414975753e+01,7.476564578341388767e+00
1.294084024006859224e+01,7.938290752165362285e+00
1.296084595598742517e+01,8.793862436637473579e+00
1.298085167190625810e+01,8.463835043743166864e+00
1.300085738782509281e+01,7.887667527401106327e+00
1.302086310374392752e+01,8.128804962413164859e+00
1.304086881966276046e+01,9.868906719304147757e+00
1.306087453558159517e+01,9.536465883820877565e+00
1.308088025150042810e+01,9.190275501724348928e+00
1.310088596741926281e+01,8.733588692853523128e+00
1.312089168333809752e+01,9.157457061529628461e+00
1.314089739925693046e+01,9.386785712421250594e+00
1.316090311517576517e+01,9.877021945635824807e+00
1.318090883109459810e+01,9.514184051077025472e+00
1.320091454701343281e+01,1.103634901455463790e+01
1.322092026293226752e+01,9.799529324574947964e+00
1.324092597885110045e+01,1.123454757051891129e+01
1.326093169476993339e+01,1.080396130117742182e+01
1.328093741068876810e+01,1.153007891548995012e+01
1.330094312660760281e+01,1.145555612605252449e+01
1.332094884252643574e+01,1.156594690895834532e+01
1.334095455844527045e+01,1.136791228487945560e+01
1.336096027436410338e+01,1.184588496631531918e+01
1.338096599028293809e+01,1.264447933433574889e+01
1.340097170620177280e+01,1.232178060734765879e+01
1.342097742212060574e+01,1.325969926672634713e+01
1.344098313803944045e+01,1.293903232800887082e+01
1.346098885395827338e+01,1.357620419058862282e+01
1.348099456987710809e+01,1.292710511028017706e+01
1.350100028579594280e+01,1.368972797800459773e+01
1.352100600171477573e+01,1.415814982076917872e+01
1.354101171763361044e+01,1.422560960597799706e+01
1.356101743355244338e+01,1.442183692936583839e+01
1.358102314947127809e+01,1.509805818021642310e+01
1.360102886539011102e+01,1.435810877841483091e+01
1.362103458130894573e+01,1.566696514593881773e+01
1.364104029722777867e+01,1.535272614491336540e+01
1.366104601314661338e+01,1.432618751364686460e+01
1.368105172906544809e+01,1.508567024260664269e+01
1.370105744498428102e+01,1.537536247468560191e+01
1.372106316090311573e+01,1.534947999341943436e+01
1.374106887682194866e+01,1.467620063075359482e+01
1.376107459274078337e+01,1.517699718315715529e+01
1.378108030865961808e+01,1.519051609896568600e+01
1.380108602457845102e+01,1.431079476106162574e+01
1.382109174049728573e+01,1.462915989108368642e+01
1.384109745641611866e+01,1.342673120029433598e+01
1.386110317233495337e+01,1.366258478583761971e+01
1.388110888825378808e+01,1.308413428563125436e+01
1.390111460417262101e+01,1.247335160595142334e+01
1.392112032009145395e+01,1.184615711373864499e+01
1.394112603601028866e+01,1.078577826953583418e+01
1.396113175192912337e+01,1.065702840106825278e+01
1.398113746784795630e+01,1.020361116882666863e+01
1.400114318376679101e+01,9.641522215454484623e+00
1.402114889968562395e+01,9.322978179042337388e+00
1.404115461560445866e+01,8.296403098428548617e+00
1.406116033152329337e+01,6.663523054272152635e+00
1.408116604744212630e+01,7.574325244488778530e+00
1.410117176336095923e+01,6.391487607138345517e+00
1.412117747927979394e+01,6.026268518623536075e+00
1.414118319519862865e+01,5.797567427652422722e+00
1.416118891111746336e+01,5.458895791909589512e+00
1.418119462703629630e+01,5.273427841692789997e+00
1.420120034295512923e+01,4.992186743868529675e+00
1.422120605887396394e+01,4.785877447991573774e+00
1.424121177479279865e+01,4.807261614925625537e+00
1.426121749071163336e+01,3.585337512856013209e+00
1.428122320663046629e+01,4.160679803902782581e+00
1.430122892254929923e+01,4.309968826606596082e+00
1.432123463846813394e+01,3.827128564326427451e+00
1.434124035438696865e+01,3.199016794274428310e+00
1.436124607030580158e+01,3.194995474763403287e+00
1.438125178622463629e+01,3.278335904421987301e+00
1.440125750214346922e+01,3.550639094048796185e+00
1.442126321806230393e+01,4.602321192876984490e+00
1.444126893398113864e+01,3.730194437072372526e+00
1.446127464989997158e+01,3.839881135430794679e+00
1.448128036581880451e+01,3.638812813448322192e+00
1.450128608173763922e+01,3.925066832559476637e+00
1.452129179765647393e+01,3.710226582526506611e+00
1.454129751357530864e+01,3.937605074123862625e+00
1.456130322949414158e+01,3.812093157480147099e+00
1.458130894541297451e+01,3.319671836690772260e+00
1.460131466133180922e+01,4.129024735529728041e+00
1.462132037725064393e+01,3.022060971245304373e+00
1.464132609316947686e+01,2.869028315172846622e+00
1.466133180908831157e+01,3.368527661740124746e+00
1.468133752500714451e+01,3.229402873828381537e+00
1.470134324092597922e+01,3.415537256679974654e+00
1.472134895684481393e+01,3.839443408695163207e+00
1.474135467276364686e+01,3.088786889341474051e+00
1.476136038868247979e+01,4.259566315580041618e+00
1.478136610460131450e+01,3.443911379773695103e+00
1.480137182052014921e+01,3.914808577558973823e+00
1.482137753643898392e+01,3.607675581134905052e+00
1.484138325235781686e+01,3.503933011602639702e+00
1.486138896827664979e+01,3.271960002952540858e+00
1.488139468419548450e+01,4.034259778467593094e+00
1.490140040011431921e+01,3.379543987613703226e+00
1.492140611603315392e+01,4.111507318192132665e+00
1.494141183195198685e+01,4.074682117258619840e+00
1.496141754787081979e+01,3.164824694823530571e+00
1.498142326378965450e+01,3.520879896752262539e+00
1.500142897970848921e+01,3.543425713718309389e+00
1.502143469562732214e+01,3.792338969392119896e+00
1.504144041154615508e+01,3.283714449667567425e+00
1.506144612746498979e+01,2.912116356420473728e+00
1.508145184338382450e+01,4.030043979803093812e+00
1.510145755930265921e+01,4.027898437301542955e+00
1.512146327522149214e+01,3.400166168482265050e+00
1.514146899114032507e+01,3.457383523543414938e+00
1.516147470705915978e+01,3.004697324637668032e+00
1.518148042297799449e+01,3.791052500021822702e+00
1.520148613889682920e+01,3.932333717407599405e+00
1.522149185481566214e+01,3.305187587499305302e+00
1.524149757073449507e+01,3.734417412778175738e+00
1.526150328665332978e+01,3.321566504768481476e+00
1.528150900257216449e+01,3.552616971187998907e+00
1.530151471849099742e+01,4.394406972734643091e+00
1.532152043440983036e+01,3.071349967177058993e+00
1.534152615032866507e+01,3.043432506244629465e+00
1.536153186624749978e+01,3.803529229427756064e+00
1.538153758216633449e+01,3.789356410819922694e+00
1.540154329808516742e+01,3.649949805509781431e+00
1.542154901400400036e+01,3.648061208807773070e+00
1.544155472992283507e+01,3.463613788837413665e+00
1.546156044584166978e+01,2.974540213235310926e+00
1.548156616176050449e+01,3.650628874855335937e+00
1.550157187767933742e+01,3.225828535336324521e+00
1.552157759359817035e+01,4.034834814391054181e+00
1.554158330951700506e+01,3.614621228775975581e+00
1.556158902543583977e+01,3.340379863119095738e+00
1.558159474135467271e+01,3.985101753195716690e+00
1.560160045727350742e+01,3.689615072822118869e+00
1.562160617319234035e+01,4.110078824028917666e+00
1.564161188911117506e+01,3.137857576771621915e+00
1.566161760503000977e+01,3.504433827984414940e+00
1.568162332094884270e+01,3.746614995640467960e+00
1.570162903686767564e+01,2.913260423833369472e+00
1.572163475278651035e+01,3.111548502916079428e+00
1.574164046870534506e+01,4.111857812240025112e+00
1.576164618462417977e+01,3.623039947112062009e+00
1.578165190054301270e+01,3.840649654302792371e+00
1.580165761646184563e+01,4.269200746088290366e+00
1.582166333238068034e+01,3.504675755411406080e+00
1.584166904829951505e+01,3.954871750777364081e+00
1.586167476421834799e+01,3.288119632416822036e+00
1.588168048013718270e+01,3.592286598000129061e+00
1.590168619605601563e+01,4.346373256123222895e+00
1.592169191197485034e+01,2.966020518859455279e+00
1.594169762789368505e+01,3.034640820458342603e+00
1.596170334381251799e+01,3.455662679923632297e+00
1.598170905973135092e+01,3.815077860643201646e+00
1.600171477565018563e+01,3.540828672186298931e+00
1.602172049156902034e+01,3.602183756210258103e+00
1.604172620748785505e+01,3.122511062060153719e+00
1.606173192340668976e+01,2.961828988498581339e+00
1.608173763932552092e+01,3.376551948657176005e+00
1.610174335524435563e+01,3.586286303129284647e+00
1.612174907116319034e+01,3.467727949684461297e+00
1.614175478708202505e+01,3.739301930789425743e+00
1.616176050300085620e+01,3.364366753093396500e+00
1.618176621891969091e+01,3.570596034185759216e+00
1.620177193483852562e+01,3.409265980234222670e+00
1.622177765075736033e+01,3.372025175041312828e+00
1.624178336667619504e+01,3.654810897726815000e+00
1.626178908259502620e+01,3.667696635775155478e+00
1.628179479851386091e+01,3.387210766445202914e+00
1.630180051443269562e+01,3.305711102641150756e+00
1.632180623035153033e+01,2.791618554347034653e+00
1.634181194627036149e+01,4.249724008998379432e+00
1.636181766218919620e+01,3.508644083577526551e+00
1.638182337810803091e+01,3.269927360695678242e+00
1.640182909402686562e+01,4.405494445126389991e+00
1.642183480994570033e+01,3.471583914813249905e+00
1.644184052586453504e+01,3.669369889858403511e+00
1.646184624178336620e+01,3.387005242819547401e+00
1.648185195770220091e+01,3.372697226406718318e+00
1.650185767362103562e+01,3.976699920126481658e+00
1.652186338953986677e+01,4.089995162299588927e+00
1.654186910545870148e+01,3.723228172805468361e+00
1.656187482137753619e+01,4.081840142686354866e+00
1.658188053729637090e+01,3.451035956752394718e+00
1.660188625321520561e+01,3.011457691400149184e+00
1.662189196913404032e+01,3.861915830224766033e+00
1.664189768505287148e+01,4.240194982847879324e+00
1.666190340097170619e+01,4.218955754848417783e+00
1.668190911689054090e+01,3.547650173406403873e+00
1.670191483280937561e+01,3.812540201866382983e+00
1.672192054872820677e+01,4.145601485442261591e+00
1.674192626464704148e+01,3.978546732907457972e+00
1.676193198056587619e+01,3.240720770162671904e+00
1.678193769648471090e+01,3.775221215658753238e+00
1.680194341240354561e+01,3.645859738220376123e+00
1.682194912832238032e+01,3.726835019124987269e+00
1.684195484424121148e+01,4.249921774236443461e+00
1.686196056016004619e+01,3.865934388706989466e+00
1.688196627607888090e+01,3.507327378521289063e+00
1.690197199199771205e+01,4.205989041512645521e+00
1.692197770791654676e+01,3.892333468622117820e+00
1.694198342383538147e+01,3.279008291331548364e+00
1.696198913975421618e+01,3.899606849376162199e+00
1.698199485567305089e+01,3.626140087777153909e+00
1.700200057159188560e+01,4.396343068725188985e+00
1.702200628751071676e+01,4.244274949097214034e+00
1.704201200342955147e+01,4.298326546451150421e+00
1.706201771934838618e+01,4.252052635755087628e+00
1.708202343526722089e+01,4.591018383329219077e+00
1.710202915118605205e+01,4.575138522291373633e+00
1.712203486710488676e+01,4.004826586656178300e+00
1.714204058302372147e+01,4.784604002531001044e+00
1.716204629894255618e+01,4.304927297665738450e+00
1.718205201486139089e+01,4.718426036908406118e+00
1.720205773078022204e+01,4.191666714122789017e+00
1.722206344669905675e+01,3.986828113913341021e+00
1.724206916261789146e+01,4.446129763197847140e+00
1.726207487853672617e+01,4.687802976794631427e+00
1.728208059445555733e+01,4.903376389491928222e+00
1.730208631037439204e+01,4.222006611785265484e+00
1.732209202629322675e+01,4.517046045825251710e+00
1.734209774221206146e+01,4.909810795657066684e+00
1.736210345813089617e+01,5.062985362889130592e+00
1.738210917404973088e+01,3.993231644821851667e+00
1.740211488996856204e+01,5.488345593323462168e+00
1.742212060588739675e+01,5.708611334413456362e+00
1.744212632180623146e+01,4.852666167691748633e+00
1.746213203772506262e+01,5.466995103398951450e+00
1.748213775364389733e+01,4.860426178622809346e+00
1.750214346956273204e+01,5.109741484806956890e+00
1.752214918548156675e+01,5.531309662430055063e+00
1.754215490140040146e+01,5.967083493453243292e+00
1.756216061731923617e+01,5.378354412013560015e+00
1.758216633323806732e+01,5.308391708062404568e+00
1.760217204915690203e+01,5.339241481358921959e+00
1.762217776507573674e+01,6.164680366695602487e+00
1.764218348099457145e+01,6.422608511658220998e+00
1.766218919691340261e+01,6.215803587820908582e+00
1.768219491283223732e+01,5.701254282540059393e+00
1.770220062875107203e+01,6.309668128190606851e+00
1.772220634466990674e+01,6.962664616900280379e+00
1.774221206058874145e+01,7.107421685440270309e+00
1.776221777650757616e+01,6.541585866217192624e+00
1.778222349242640732e+01,7.390724365539575125e+00
1.780222920834524203e+01,6.297890917706563840e+00
1.782223492426407674e+01,6.582774751925322576e+00
1.784224064018290790e+01,7.869078466234868507e+00
1.786224635610174261e+01,7.635770141411386547e+00
1.788225207202057732e+01,7.458992648716660234e+00
1.790225778793941203e+01,7.243234017113866940e+00
1.792226350385824674e+01,8.604197619931074570e+00
1.794226921977708145e+01,8.161101930607285837e+00
1.796227493569591260e+01,8.449516507999419446e+00
1.798228065161474731e+01,8.702108308800976744e+00
1.800228636753358202e+01,8.684019440120536615e+00
1.802229208345241318e+01,9.604123879993910151e+00
1.804229779937124789e+01,9.436811195476124681e+00
1.806230351529008260e+01,8.825110939465258042e+00
1.808230923120891731e+01,9.767828930956934386e+00
1.810231494712775202e+01,9.775459333611776103e+00
1.812232066304658673e+01,1.097568528150638656e+01
1.814232637896542144e+01,1.065490964680121344e+01
1.816233209488425260e+01,1.004536277079702700e+01
1.818233781080308731e+01,1.121241251537568218e+01
1.820234352672191847e+01,1.145170531847799111e+01
1.822234924264075318e+01,1.143596251019162935e+01
1.824235495855958789e+01,1.212936026395174594e+01
1.826236067447842260e+01,1.174211344179429872e+01
1.828236639039725731e+01,1.185397341507210989e+01
1.830237210631609202e+01,1.182454738340481804e+01
1.832237782223492673e+01,1.213073967478222670e+01
1.834238353815375788e+01,1.269216070720059975e+01
1.836238925407259259e+01,1.275046115134475144e+01
1.838239496999142730e+01,1.294424920049639383e+01
1.840240068591025846e+01,1.310454259920979325e+01
1.842240640182909317e+01,1.295547122854940980e+01
1.844241211774792788e+01,1.288881644554334294e+01
1.846241783366676259e+01,1.276960107589383853e+01
1.848242354958559730e+01,1.293618769014598513e+01
1.850242926550443201e+01,1.228714123552040149e+01
1.852243498142326672e+01,1.248675772092277469e+01
1.854244069734209788e+01,1.253260907427474535e+01
1.856244641326093259e+01,1.139420380191121929e+01
1.858245212917976374e+01,1.202224681486175939e+01
1.860245784509859845e+01,1.222463549844227870e+01
1.862246356101743316e+01,1.171281211086415297e+01
1.864246927693626787e+01,1.103248838817826893e+01
1.866247499285510258e+01,1.113303110515843386e+01
1.868248070877393729e+01,1.009941600868864420e+01
1.870248642469277200e+01,9.421024961997684244e+00
1.872249214061160316e+01,9.683128797340520677e+00
1.874249785653043787e+01,9.490665017637294198e+00
1.876250357244927258e+01,9.652452848887376646e+00
1.878250928836810374e+01,9.580364866419634140e+00
1.880251500428693845e+01,8.782395009874429448e+00
1.882252072020577316e+01,8.574737314643023467e+00
1.884252643612460787e+01,9.001915433700666824e+00
1.886253215204344258e+01,8.898001109714140711e+00
1.888253786796227729e+01,8.174811472558845438e+00
1.890254358388111200e+01,7.314313733175278998e+00
1.892254929979994316e+01,7.171276803239702957e+00
1.894255501571877787e+01,6.998341287113688303e+00
1.896256073163760902e+01,6.691016303530133769e+00
1.898256644755644373e+01,6.234704356919603896e+00
1.900257216347527844e+01,6.392214171229797515e+00
1.902257787939411315e+01,6.083018913791220506e+00
1.904258359531294786e+01,6.025679967543389637e+00
1.906258931123178257e+01,5.753687045999307692e+00
1.908259502715061728e+01,5.566812807079982051e+00
1.910260074306944844e+01,5.475331880052613620e+00
1.912260645898828315e+01,5.872342458586833125e+00
1.914261217490711431e+01,5.037620956391387850e+00
1.916261789082594902e+01,4.206118986914745506e+00
1.918262360674478373e+01,4.949029614994813642e+00
1.920262932266361844e+01,4.190868334291741881e+00
1.922263503858245315e+01,5.105807966346041837e+00
1.924264075450128786e+01,4.540097764273820502e+00
1.926264647042012257e+01,3.962067044955479123e+00
1.928265218633895373e+01,4.331112053352627278e+00
1.930265790225778844e+01,4.687212739440717257e+00
1.932266361817662315e+01,4.334566964362437602e+00
1.934266933409545430e+01,4.143116716017056333e+00
1.936267505001428901e+01,4.273480879332129057e+00
1.938268076593312372e+01,5.134919044113711806e+00
1.940268648185195843e+01,4.078763723633929139e+00
1.942269219777079314e+01,4.130938890426967269e+00
1.944269791368962785e+01,4.576989229056392716e+00
1.946270362960846256e+01,3.978925574195894654e+00
1.948270934552729372e+01,3.735845656862450959e+00
1.950271506144612843e+01,3.758047914170921544e+00
1.952272077736495959e+01,3.978651510753688392e+00
1.954272649328379430e+01,5.006322804626016421e+00
1.956273220920262901e+01,4.998465533272582029e+00
1.958273792512146372e+01,5.055891240753622284e+00
1.960274364104029843e+01,5.309385106576538504e+00
1.962274935695913314e+01,4.704312063671896027e+00
1.964275507287796785e+01,5.131034639382733076e+00
1.966276078879679901e+01,5.692673499421363914e+00
1.968276650471563372e+01,4.351228767431463140e+00
1.970277222063446487e+01,5.214945845129625113e+00
1.972277793655329958e+01,5.082658700316262212e+00
1.974278365247213429e+01,5.827475066880682064e+00
1.976278936839096900e+01,5.508166275007251755e+00
1.978279508430980371e+01,5.533362407425085117e+00
1.980280080022863842e+01,5.640845915608719174e+00
1.982280651614747313e+01,5.530003313288732514e+00
1.984281223206630784e+01,6.016871268817817864e+00
1.986281794798513900e+01,6.215551904321536369e+00
1.988282366390397371e+01,5.417432651848556269e+00
1.990282937982280487e+01,6.129342219452770024e+00
1.992283509574163958e+01,5.950764563491929948e+00
1.994284081166047429e+01,6.223536064434824766e+00
1.996284652757930900e+01,6.612286827223671892e+00
1.998285224349814371e+01,6.464524609137405342e+00
2.000285795941697842e+01,6.671042611203385597e+00
2.002286367533581313e+01,6.127295646270106033e+00
2.004286939125464428e+01,6.412057810815776193e+00
2.006287510717347899e+01,6.682288414271635446e+00
2.008288082309231015e+01,6.352592626071050574e+00
2.010288653901114486e+01,7.126816133415188048e+00
2.012289225492997957e+01,6.853356304036219981e+00
2.014289797084881428e+01,7.577964645713626268e+00
2.016290368676764899e+01,7.789213827841491522e+00
2.018290940268648370e+01,8.645237004435815109e+00
2.020291511860531841e+01,8.409687836733736432e+00
2.022292083452414957e+01,8.981566469172104661e+00
2.024292655044298428e+01,8.670472503407964382e+00
2.026293226636181899e+01,8.946588517679199271e+00
2.028293798228065015e+01,8.993484529934931970e+00
2.030294369819948486e+01,9.694919134500169733e+00
2.032294941411831957e+01,9.317915934332296146e+00
2.034295513003715428e+01,1.030468164633364125e+01
2.036296084595598899e+01,1.071459322260410296e+01
2.038296656187482370e+01,9.889489477513837556e+00
2.040297227779365841e+01,1.068485737206259145e+01
2.042297799371248956e+01,1.005846388921981216e+01
2.044298370963132427e+01,1.057714028124441086e+01
2.046298942555015543e+01,1.075041984764896341e+01
2.048299514146899014e+01,1.124830654797150586e+01
2.050300085738782485e+01,1.126681509815117899e+01
2.052300657330665956e+01,1.200471808834481280e+01
2.054301228922549427e+01,1.234046882710998005e+01
2.056301800514432898e+01,1.176036247580373839e+01
2.058302372106316369e+01,1.148426276775661492e+01
2.060302943698199485e+01,1.148714886082087538e+01
2.062303515290082956e+01,1.149383198421797303e+01
2.064304086881966072e+01,1.171518574196173290e+01
2.066304658473849543e+01,1.050261935380289202e+01
2.068305230065733014e+01,1.045758095890978900e+01
2.070305801657616485e+01,1.046788405799302168e+01
2.072306373249499956e+01,1.014272588883537551e+01
2.074306944841383427e+01,9.493029736908964011e+00
2.076307516433266898e+01,8.881987708933392511e+00
2.078308088025150369e+01,9.215595114264726107e+00
2.080308659617033484e+01,8.525543637912004868e+00
2.082309231208916955e+01,7.414154919321699566e+00
2.084309802800800071e+01,6.586000356336028538e+00
2.086310374392683542e+01,6.256504290605260366e+00
2.088310945984567013e+01,6.393782563256344531e+00
2.090311517576450484e+01,5.641810439998721449e+00
2.092312089168333955e+01,5.618127959324928256e+00
2.094312660760217426e+01,5.749203693595102749e+00
2.096313232352100897e+01,4.899411927134796230e+00
2.098313803943984013e+01,4.314164223453380131e+00
2.100314375535867484e+01,4.538453229795810451e+00
2.102314947127750600e+01,4.189229401203449221e+00
2.104315518719634071e+01,4.330335083830521903e+00
2.106316090311517542e+01,3.811967208487385239e+00
2.108316661903401013e+01,3.803689953450688499e+00
2.110317233495284484e+01,3.634550588025225792e+00
2.112317805087167955e+01,3.629923617119419355e+00
2.114318376679051426e+01,3.991276025954221041e+00
2.116318948270934541e+01,4.268039643925071402e+00
2.118319519862818012e+01,3.660332060339146487e+00
2.120320091454701483e+01,3.189179904785202524e+00
2.122320663046584599e+01,4.106788460265482499e+00
2.124321234638468070e+01,3.896513343521479378e+00
2.126321806230351541e+01,3.878993758002132086e+00
2.128322377822235012e+01,4.407874305228948408e+00
2.130322949414118483e+01,3.233109449617067810e+00
2.132323521006001954e+01,4.380867487135851945e+00
2.134324092597885425e+01,4.408931829484146192e+00
2.136324664189768541e+01,4.161648673899980722e+00
2.138325235781652012e+01,3.923846381802564842e+00
2.140325807373535127e+01,3.717699264711774365e+00
2.142326378965418598e+01,4.625291105297076655e+00
2.144326950557302069e+01,3.684261329266521834e+00
2.146327522149185540e+01,3.262782711057633733e+00
2.148328093741069011e+01,4.066077818271939037e+00
2.150328665332952482e+01,4.482908489488031556e+00
2.152329236924835953e+01,4.080949057482399667e+00
2.154329808516719069e+01,5.025489472334054852e+00
2.156330380108602540e+01,4.336558498805800355e+00
2.158330951700485656e+01,4.705147799833997446e+00
2.160331523292369127e+01,4.640350715719900876e+00
2.162332094884252598e+01,4.245479153666025240e+00
2.164332666476136069e+01,4.561975994610108387e+00
2.166333238068019540e+01,4.984243084767888909e+00
2.168333809659903011e+01,4.481196595929185733e+00
2.170334381251786482e+01,5.071889745649522219e+00
2.172334952843669598e+01,4.511400479458158586e+00
2.174335524435553069e+01,5.123213932527814762e+00
2.176336096027436540e+01,4.758573710873104545e+00
2.178336667619319655e+01,5.334604276084863983e+00
2.180337239211203126e+01,5.519133576721657164e+00
2.182337810803086597e+01,5.747549720070930235e+00
2.184338382394970068e+01,6.565412268829486919e+00
2.186338953986853539e+01,5.778134766628840069e+00
2.188339525578737010e+01,6.114174738654543972e+00
2.190340097170620481e+01,6.201240613884851705e+00
2.192340668762503597e+01,6.592091490980680035e+00
2.194341240354387068e+01,7.528124051463562338e+00
2.196341811946270184e+01,6.358670105596095468e+00
2.198342383538153655e+01,7.320066021503560449e+00
2.200342955130037126e+01,7.291851697712862901e+00
2.202343526721920597e+01,8.318899757914618220e+00
2.204344098313804068e+01,7.551301335467202946e+00
2.206344669905687539e+01,7.238033653951392310e+00
2.208345241497571010e+01,8.226895577176335905e+00
2.210345813089454126e+01,9.314657367359384210e+00
2.212346384681337597e+01,9.084627452917043655e+00
2.214346956273221068e+01,8.787130598378730895e+00
2.216347527865104183e+01,9.459290466160460653e+00
2.218348099456987654e+01,1.003432952401906419e+01
2.220348671048871125e+01,1.008121033014437273e+01
2.222349242640754596e+01,1.073128557373214065e+01
2.224349814232638067e+01,1.063833189775157173e+01
2.226350385824521538e+01,1.150401152509973457e+01
2.228350957416405009e+01,1.206624320900485259e+01
2.230351529008288125e+01,1.278279426821265119e+01
2.232352100600171596e+01,1.238695196426540512e+01
2.234352672192054712e+01,1.310100900952036795e+01
2.236353243783938183e+01,1.321418322486585417e+01
2.238353815375821654e+01,1.338851904928208825e+01
2.240354386967705125e+01,1.531322394601330750e+01
2.242354958559588596e+01,1.462283849109385514e+01
2.244355530151472067e+01,1.600243218319239347e+01
2.246356101743355538e+01,1.584914598166475841e+01
2.248356673335238654e+01,1.593342245292402737e+01
2.250357244927122125e+01,1.772559641269395314e+01
2.252357816519005240e+01,1.744672228980238771e+01
2.254358388110888711e+01,1.844018590923126411e+01
2.256358959702772182e+01,1.890470547781599109e+01
2.258359531294655653e+01,1.930488485642496599e+01
2.260360102886539124e+01,1.956521771631344464e+01
2.262360674478422595e+01,2.107882190360226105e+01
2.264361246070306066e+01,2.099521405336205504e+01
2.266361817662189182e+01,2.125914335467384930e+01
2.268362389254072653e+01,2.115790521534997737e+01
2.270362960845956124e+01,2.162701304919190548e+01
2.272363532437839240e+01,2.241580111848712420e+01
2.274364104029722711e+01,2.155892650100542340e+01
2.276364675621606182e+01,2.166138959121944652e+01
2.278365247213489653e+01,2.115627709060611039e+01
2.280365818805373124e+01,2.123051950771788299e+01
2.282366390397256595e+01,2.067203238648641062e+01
2.284366961989140066e+01,1.910888167759185663e+01
2.286367533581023181e+01,1.924079703821755061e+01
2.288368105172906652e+01,1.841344490428299707e+01
2.290368676764789768e+01,1.693956349492211544e+01
2.292369248356673239e+01,1.679879646978757535e+01
2.294369819948556710e+01,1.556453165259653559e+01
2.296370391540440181e+01,1.495901043576537148e+01
2.298370963132323652e+01,1.431109422466468928e+01
2.300371534724207123e+01,1.287794462568685283e+01
2.302372106316090594e+01,1.265061851772110302e+01
2.304372677907973710e+01,1.064828939187864165e+01
2.306373249499857181e+01,1.047449167135561154e+01
2.308373821091740652e+01,1.011200659932129042e+01
2.310374392683623768e+01,9.449978707969929559e+00
2.312374964275507239e+01,8.587846223541172108e+00
2.314375535867390710e+01,7.795437796579628653e+00
2.316376107459274181e+01,7.709989180584109647e+00
2.318376679051157652e+01,7.484590688699411132e+00
2.320377250643041123e+01,7.552326351812535421e+00
2.322377822234924594e+01,7.620030436213015790e+00
2.324378393826807709e+01,7.678315614404933598e+00
2.326378965418691180e+01,6.678142717814657736e+00
2.328379537010574296e+01,7.262795259652952140e+00
2.330380108602457767e+01,6.859655886548369885e+00
2.332380680194341238e+01,7.047154399238448441e+00
2.334381251786224709e+01,7.307272501151976130e+00
2.336381823378108180e+01,7.101322900510871783e+00
2.338382394969991651e+01,7.595775576534349760e+00
2.340382966561875122e+01,6.738635106810083819e+00
2.342383538153758238e+01,7.357545418715282892e+00
2.344384109745641709e+01,7.117242986004026051e+00
2.346384681337524825e+01,6.529158995956422906e+00
2.348385252929408296e+01,6.180908642790750029e+00
2.350385824521291767e+01,6.985258130117900421e+00
2.352386396113175238e+01,6.528678503868897920e+00
2.354386967705058709e+01,6.408691273388819276e+00
2.356387539296942180e+01,6.856159438159652453e+00
2.358388110888825651e+01,6.984951722893917747e+00
2.360388682480708766e+01,6.224774119042725040e+00
2.362389254072592237e+01,5.226987086548882999e+00
2.364389825664475708e+01,5.421766990632693961e+00
2.366390397256358824e+01,5.296629848614196945e+00
2.368390968848242295e+01,4.825964306499663792e+00
2.370391540440125766e+01,5.415571496313166477e+00
2.372392112032009237e+01,4.395852566272980155e+00
2.374392683623892708e+01,4.572610022690025033e+00
2.376393255215776179e+01,4.766722486105506640e+00
2.378393826807659650e+01,5.222727824677546593e+00
2.380394398399542766e+01,4.856933336157295500e+00
2.382394969991426237e+01,4.691489510457652834e+00
2.384395541583309353e+01,4.531885303904756412e+00
2.386396113175192824e+01,3.571982743316657327e+00
2.388396684767076295e+01,3.652545761477899333e+00
2.390397256358959766e+01,3.364394088739893540e+00
2.392397827950843237e+01,4.497822235444093764e+00
2.394398399542726708e+01,4.281511306211739587e+00
2.396398971134610179e+01,3.813650483868970209e+00
2.398399542726493294e+01,3.759643950519449440e+00
2.400400114318376765e+01,3.787396961773430881e+00
2.402400685910260236e+01,3.204677773754892378e+00
2.404401257502143352e+01,4.210604719495159465e+00
2.406401829094026823e+01,4.283548770964666907e+00
2.408402400685910294e+01,3.810799568883877608e+00
2.410402972277793765e+01,3.121763477105061302e+00
2.412403543869677236e+01,3.242482317202659559e+00
2.414404115461560707e+01,4.071142219904205106e+00
2.416404687053444178e+01,3.261978048272490049e+00
2.418405258645327294e+01,4.449116007293623554e+00
2.420405830237210765e+01,3.935397209788129125e+00
2.422406401829093880e+01,4.158733103342274973e+00
2.424406973420977351e+01,3.589011884493438664e+00
2.426407545012860822e+01,4.530294457659625351e+00
2.428408116604744293e+01,4.121851912426229170e+00
2.430408688196627764e+01,4.022139667726391643e+00
2.432409259788511235e+01,4.067095146052760235e+00
2.434409831380394706e+01,4.179498149206099633e+00
2.436410402972277822e+01,3.728261046443933857e+00
2.438410974564161293e+01,4.118595661630257254e+00
2.440411546156044409e+01,4.037537061968308194e+00
2.442412117747927880e+01,3.721027098645022235e+00
2.444412689339811351e+01,3.725109646826123999e+00
2.446413260931694822e+01,4.052474413825314592e+00
2.448413832523578293e+01,3.410233413746953435e+00
2.450414404115461764e+01,3.842692147301733918e+00
2.452414975707345235e+01,3.661995887404553063e+00
2.454415547299228351e+01,4.164119064995528419e+00
2.456416118891111822e+01,4.216107515208048717e+00
2.458416690482995293e+01,3.007877717163407461e+00
2.460417262074878408e+01,4.011646262318194545e+00
2.462417833666761879e+01,3.669631141615890435e+00
2.464418405258645350e+01,3.808211525964115385e+00
2.466418976850528821e+01,3.240328729991434287e+00
2.468419548442412292e+01,4.339460574311456931e+00
2.470420120034295763e+01,4.565973032432117051e+00
2.472420691626179234e+01,3.958587067015307603e+00
2.474421263218062350e+01,3.709169516339069439e+00
2.476421834809945821e+01,3.842398544947035255e+00
2.478422406401828937e+01,3.841659862917138124e+00
2.480422977993712408e+01,3.941029733359386444e+00
2.482423549585595879e+01,3.904169682580093781e+00
2.484424121177479350e+01,3.981358414137194934e+00
2.486424692769362821e+01,4.859562024852900564e+00
2.488425264361246292e+01,4.071758528004980171e+00
2.490425835953129763e+01,4.339548067691759492e+00
2.492426407545012879e+01,4.412471217681753544e+00
2.494426979136896350e+01,4.172582393108363874e+00
2.496427550728779821e+01,4.237723138166122006e+00
2.498428122320662936e+01,4.497293006918212654e+00
2.500428693912546407e+01,4.017499014666634061e+00
2.502429265504429878e+01,4.476746388646354546e+00
2.504429837096313349e+01,5.360395187576958875e+00
2.506430408688196820e+01,4.861243605920236632e+00
2.508430980280080291e+01,4.791348943786913672e+00
2.510431551871963762e+01,4.873034569934771909e+00
2.512432123463846878e+01,5.184733536002568144e+00
2.514432695055730349e+01,4.918681695169873969e+00
2.516433266647613465e+01,4.609502929306498409e+00
2.518433838239496936e+01,5.223370055869040129e+00
2.520434409831380407e+01,4.830393650448517207e+00
2.522434981423263878e+01,4.983365681137396308e+00
2.524435553015147349e+01,3.940172171046681271e+00
2.526436124607030820e+01,4.106311574430645095e+00
2.528436696198914291e+01,5.059989288908580463e+00
2.530437267790797407e+01,4.849424004996664372e+00
2.532437839382680878e+01,4.921582291994763381e+00
2.534438410974563993e+01,5.268563427714405556e+00
2.536438982566447464e+01,5.118807989620013821e+00
2.538439554158330935e+01,4.733713376085655788e+00
2.540440125750214406e+01,4.889645243861385104e+00
2.542440697342097877e+01,5.075561555095340793e+00
2.544441268933981348e+01,4.827007547490665296e+00
2.546441840525864819e+01,4.913927928073910323e+00
2.548442412117747935e+01,5.981622105386421140e+00
2.550442983709631406e+01,5.239119996068104967e+00
2.552443555301514877e+01,5.314370940364666396e+00
2.554444126893397993e+01,5.773875562483871349e+00
2.556444698485281464e+01,6.401536729306464224e+00
2.558445270077164935e+01,6.673933826667309610e+00
2.560445841669048406e+01,5.309405413056365930e+00
2.562446413260931877e+01,5.855172885268366656e+00
2.564446984852815348e+01,6.691976690837087460e+00
2.566447556444698819e+01,6.456293201258989534e+00
2.568448128036581934e+01,6.357063126765514660e+00
2.570448699628465405e+01,7.440173407701838215e+00
2.572449271220348521e+01,7.483654732209435778e+00
2.574449842812231992e+01,7.315061206563441942e+00
2.576450414404115463e+01,6.784516759523105733e+00
2.578450985995998934e+01,8.249611928870672628e+00
2.580451557587882405e+01,8.334474884955350049e+00
2.582452129179765876e+01,7.651604001075737571e+00
2.584452700771649347e+01,8.334363935319327510e+00
2.586453272363532463e+01,8.083596274210425037e+00
2.588453843955415934e+01,9.131005297990171243e+00
2.590454415547299405e+01,8.684245481859731441e+00
2.592454987139182521e+01,8.978962346859635346e+00
2.594455558731065992e+01,9.048984010184245363e+00
2.596456130322949463e+01,8.831815394251748330e+00
2.598456701914832934e+01,9.287792877803051184e+00
2.600457273506716405e+01,8.886511877418964644e+00
2.602457845098599520e+01,8.773712647636351392e+00
2.604458416690482991e+01,8.447191064630626300e+00
2.606458988282366462e+01,8.129627956131853850e+00
2.608459559874249933e+01,8.172363762234969187e+00
2.610460131466133404e+01,8.432195131194376359e+00
2.612460703058016520e+01,7.168054119897743881e+00
2.614461274649899991e+01,7.369444328330716942e+00
2.616461846241783462e+01,6.418061726330515526e+00
2.618462417833666933e+01,7.116691907821476093e+00
2.620462989425550404e+01,5.936982248620792824e+00
2.622463561017433520e+01,5.926422021244547977e+00
2.624464132609316991e+01,5.684781356674116992e+00
2.626464704201200462e+01,5.369724742483731106e+00
2.628465275793083933e+01,5.272002129309969476e+00
2.630465847384967049e+01,5.431335481957450639e+00
2.632466418976850520e+01,4.326505128935393962e+00
2.634466990568733991e+01,4.419832688729961490e+00
2.636467562160617462e+01,4.989291595200466389e+00
2.638468133752500933e+01,5.116578567507620079e+00
2.640468705344384048e+01,3.948632033715372636e+00
2.642469276936267519e+01,3.805216586094250175e+00
2.644469848528150990e+01,4.077480617136688856e+00
2.646470420120034461e+01,3.640612177081937517e+00
2.648470991711917932e+01,4.206832215120412499e+00
2.650471563303801048e+01,3.546693884444606759e+00
2.652472134895684519e+01,4.125165376507274217e+00
2.654472706487567990e+01,4.602808793563008649e+00
2.656473278079451461e+01,4.060991319231032293e+00
2.658473849671334932e+01,3.635817998415552754e+00
2.660474421263218048e+01,4.453914500470804505e+00
2.662474992855101519e+01,4.260111503682874279e+00
2.664475564446984990e+01,3.937498623195883063e+00
2.666476136038868461e+01,4.950533053998729116e+00
2.668476707630751577e+01,4.476415475895093365e+00
2.670477279222635048e+01,3.789222711718557512e+00
2.672477850814518519e+01,4.166663582479458228e+00
2.674478422406401990e+01,4.633007163686958307e+00
2.676478993998285461e+01,4.098540876318158332e+00
2.678479565590168576e+01,5.273397546244418699e+00
2.680480137182052047e+01,4.725820474386063452e+00
2.682480708773935518e+01,4.484833825305635457e+00
2.684481280365818989e+01,4.633434030456656139e+00
2.686481851957702460e+01,4.488934993226691539e+00
2.688482423549585576e+01,5.566946554322193208e+00
2.690482995141469047e+01,4.872904246514697668e+00
2.692483566733352518e+01,5.433215084134729977e+00
2.694484138325235989e+01,4.493192172638339699e+00
2.696484709917119105e+01,4.709782559215085485e+00
2.698485281509002576e+01,5.233885551860021579e+00
2.700485853100886047e+01,4.744460019728047762e+00
2.702486424692769518e+01,5.194061846954306283e+00
2.704486996284652989e+01,5.678088184421245188e+00
2.706487567876536104e+01,5.290209671335423636e+00
2.708488139468419575e+01,6.211993568263487475e+00
2.710488711060303046e+01,6.277703887188508247e+00
2.712489282652186517e+01,5.886851329703165270e+00
2.714489854244069988e+01,5.730821336089446660e+00
2.716490425835953104e+01,6.447087826818735046e+00
2.718490997427836575e+01,5.428917743561823883e+00
2.720491569019720046e+01,6.535969380390766581e+00
2.722492140611603517e+01,6.334129876332537101e+00
2.724492712203486633e+01,7.211738071608845502e+00
2.726493283795370104e+01,6.432390714718431823e+00
2.728493855387253575e+01,6.990475152643576884e+00
2.730494426979137046e+01,6.678165565159824624e+00
2.732494998571020517e+01,6.698821549052302871e+00
2.734495570162903633e+01,6.560233082163092533e+00
2.736496141754787104e+01,6.567055478680667413e+00
2.738496713346670575e+01,6.692853015007054651e+00
2.740497284938554046e+01,6.758485756675442602e+00
2.742497856530437517e+01,6.608136769014675949e+00
2.744498428122320632e+01,6.143970111225694808e+00
2.746498999714204103e+01,6.399792024286666603e+00
2.748499571306087574e+01,6.054648416419894374e+00
2.750500142897971045e+01,6.093094697617406297e+00
2.752500714489854516e+01,6.708400389348589066e+00
2.754501286081737632e+01,6.657041316040683832e+00
2.756501857673621103e+01,6.281338278673855413e+00
2.758502429265504574e+01,6.454686826300081393e+00
2.760503000857388045e+01,6.342004216504587788e+00
2.762503572449271161e+01,6.993488976423551051e+00
2.764504144041154632e+01,7.268812416993232439e+00
2.766504715633038103e+01,6.406460302881060720e+00
2.768505287224921574e+01,7.876536955677553742e+00
2.770505858816805045e+01,7.143677728729443288e+00
2.772506430408688161e+01,7.803531788216826470e+00
2.774507002000571632e+01,7.827892559805047945e+00
2.776507573592455103e+01,7.953453809496461524e+00
2.778508145184338574e+01,8.638366407148952320e+00
2.780508716776222045e+01,9.527817731865795281e+00
2.782509288368105160e+01,9.592290509054963721e+00
2.784509859959988631e+01,1.019265643291277001e+01
2.786510431551872102e+01,1.072117870095447678e+01
2.788511003143755573e+01,1.194949168419206487e+01
2.790511574735638689e+01,1.107008861541928368e+01
2.792512146327522160e+01,1.171595376199048921e+01
2.794512717919405631e+01,1.302275099060660324e+01
2.796513289511289102e+01,1.282108837559386316e+01
2.798513861103172573e+01,1.423614062827255999e+01
2.800514432695055689e+01,1.411267286295698398e+01
2.802515004286939160e+01,1.469704288685261773e+01
2.804515575878822631e+01,1.551128761684768165e+01
2.806516147470706102e+01,1.658677394688403339e+01
2.808516719062589573e+01,1.733045810425346644e+01
2.810517290654472689e+01,1.772631086384542698e+01
2.812517862246356160e+01,1.874934750455950194e+01
2.814518433838239631e+01,1.996922859525769667e+01
2.816519005430123102e+01,2.095776116188499572e+01
2.818519577022006217e+01,2.090106536089878375e+01
2.820520148613889688e+01,2.143472961519371012e+01
2.822520720205773159e+01,2.254323296035117252e+01
2.824521291797656630e+01,2.334604510853274917e+01
2.826521863389540101e+01,2.465110655053107536e+01
2.828522434981423217e+01,2.522599742840482406e+01
2.830523006573306688e+01,2.668105637299018795e+01
2.832523578165190159e+01,2.569623529623010683e+01
2.834524149757073630e+01,2.658968673985579301e+01
2.836524721348957101e+01,2.698667477280521609e+01
2.838525292940840217e+01,2.743668901837637719e+01
2.840525864532723688e+01,2.759000569163431749e+01
2.842526436124607159e+01,2.618752573901230818e+01
2.844527007716490630e+01,2.656333729505653096e+01
2.846527579308374101e+01,2.508827995277903966e+01
2.848528150900257216e+01,2.444350925410058650e+01
2.850528722492140687e+01,2.423266927159183481e+01
2.852529294084024158e+01,2.221285240424294827e+01
2.854529865675907629e+01,2.085168964655846224e+01
2.856530437267790745e+01,2.012016595801342334e+01
2.858531008859674216e+01,1.842141632950093211e+01
2.860531580451557687e+01,1.654214348329909612e+01
2.862532152043441158e+01,1.577461673819177790e+01
2.864532723635324629e+01,1.467635690575437124e+01
2.866533295227207745e+01,1.273119063638521276e+01
2.868533866819091216e+01,1.254087431109739548e+01
2.870534438410974687e+01,1.175790038336604049e+01
2.872535010002858158e+01,1.050610077801403008e+01
2.874535581594741629e+01,1.000929581980921768e+01
2.876536153186624745e+01,9.378772425592245554e+00
2.878536724778508216e+01,8.754771109550226527e+00
2.880537296370391687e+01,7.725321727939515881e+00
2.882537867962275158e+01,7.688442472392375215e+00
2.884538439554158273e+01,6.611630354118417152e+00
2.886539011146041744e+01,7.735175667214567063e+00
2.888539582737925215e+01,7.379391928479694052e+00
2.890540154329808686e+01,6.549276379300024153e+00
2.892540725921692157e+01,7.336318959703989506e+00
2.894541297513575273e+01,7.224173121382258422e+00
2.896541869105458744e+01,6.817502643112632654e+00
2.898542440697342215e+01,7.980312587688928261e+00
2.900543012289225686e+01,7.271503496693372703e+00
2.902543583881109157e+01,7.653463285122699133e+00
2.904544155472992273e+01,8.444679109052209753e+00
2.906544727064875744e+01,8.478014913782484285e+00
2.908545298656759215e+01,8.222366353833463037e+00
2.910545870248642686e+01,8.546081077917646596e+00
2.912546441840525802e+01,1.001980683229164981e+01
2.914547013432409273e+01,1.092047076613795298e+01
2.916547585024292744e+01,1.103308406675856546e+01
2.918548156616176215e+01,1.167770069532627275e+01
2.920548728208059686e+01,1.206651536091817967e+01
2.922549299799942801e+01,1.386764163521592330e+01
2.924549871391826272e+01,1.455740864724457850e+01
2.926550442983709743e+01,1.436899982470054837e+01
2.928551014575593214e+01,1.595395977016528732e+01
2.930551586167476685e+01,1.780576315944678001e+01
2.932552157759359801e+01,1.912283215495888200e+01
2.934552729351243272e+01,1.916340059690579523e+01
2.936553300943126743e+01,2.148476018182641667e+01
2.938553872535010214e+01,2.206607380448004818e+01
2.940554444126893330e+01,2.287431193742472502e+01
2.942555015718776801e+01,2.451521447088816075e+01
2.944555587310660272e+01,2.690566396849430575e+01
2.946556158902543743e+01,2.903576450107137319e+01
2.948556730494427214e+01,3.112051096716328047e+01
2.950557302086310330e+01,3.202959112115132001e+01
2.952557873678193801e+01,3.480408441760393146e+01
2.954558445270077272e+01,3.725714470861097993e+01
2.956559016861960743e+01,3.933994523780457797e+01
2.958559588453844214e+01,4.213984113978592916e+01
2.960560160045727329e+01,4.453425180206722445e+01
2.962560731637610800e+01,4.763041700029552317e+01
2.964561303229494271e+01,4.936862151353020067e+01
2.966561874821377742e+01,5.259344366919107472e+01
2.968562446413261213e+01,5.492095769153406337e+01
2.970563018005144329e+01,5.825817100965027606e+01
2.972563589597027800e+01,6.118647166011694338e+01
2.974564161188911271e+01,6.479874254685020674e+01
2.976564732780794742e+01,6.698971003538503055e+01
2.978565304372677858e+01,7.040923892059484501e+01
2.980565875964561329e+01,7.258496028633821595e+01
2.982566447556444800e+01,7.431500096738415095e+01
2.984567019148328271e+01,7.541232610018874993e+01
2.986567590740211742e+01,7.704593913922860793e+01
2.988568162332094857e+01,7.752319971707467516e+01
2.990568733923978328e+01,7.723679917955625740e+01
2.992569305515861799e+01,7.642795559135637973e+01
2.994569877107745270e+01,7.571979925402837353e+01
2.996570448699628741e+01,7.549885402910588539e+01
2.998571020291511857e+01,7.254396692589236295e+01
3.000571591883395328e+01,7.181026732604898655e+01
3.002572163475278799e+01,6.902129630326527376e+01
3.004572735067162270e+01,6.715406029953216205e+01
3.006573306659045386e+01,6.458868043044513740e+01
3.008573878250928857e+01,6.228308208888157083e+01
3.010574449842812328e+01,6.006848088651921103e+01
3.012575021434695799e+01,5.925048220414261380e+01
3.014575593026579270e+01,5.758300743797774857e+01
3.016576164618462386e+01,5.602935037186153977e+01
3.018576736210345857e+01,5.639958261765328018e+01
3.020577307802229328e+01,5.531195679835960988e+01
3.022577879394112799e+01,5.574895167180881117e+01
3.024578450985996270e+01,5.711327014687233827e+01
3.026579022577879385e+01,5.744435049943447780e+01
3.028579594169762856e+01,5.866075709936602323e+01
3.030580165761646327e+01,6.001425215384619349e+01
3.032580737353529798e+01,6.106383307010541017e+01
3.034581308945412914e+01,6.232551943616807222e+01
3.036581880537296385e+01,6.479060767280466848e+01
3.038582452129179856e+01,6.613162924730050918e+01
3.040583023721063327e+01,6.709513727632159430e+01
3.042583595312946798e+01,6.897350900734184620e+01
3.044584166904829914e+01,6.927822688639460580e+01
3.046584738496713385e+01,7.046969373785367452e+01
3.048585310088596856e+01,7.133243114101344418e+01
3.050585881680480327e+01,7.207547017641778098e+01
3.052586453272363798e+01,7.057952489813666830e+01
3.054587024864246914e+01,7.023727704643656011e+01
3.056587596456130385e+01,7.051514077993226692e+01
3.058588168048013856e+01,6.930594169935874049e+01
3.060588739639897327e+01,6.950464491703212389e+01
3.062589311231780798e+01,6.827953551198399396e+01
3.064589882823663913e+01,6.722426613346621593e+01
3.066590454415547384e+01,6.564325599171048964e+01
3.068591026007430855e+01,6.534073503487269363e+01
3.070591597599314326e+01,6.394735800879502108e+01
3.072592169191197442e+01,6.179791947651771977e+01
3.074592740783080913e+01,5.992150850085013758e+01
3.076593312374964384e+01,5.836589710391935881e+01
3.078593883966847855e+01,5.676658586072259993e+01
3.080594455558731326e+01,5.369303404917221201e+01
3.082595027150614442e+01,5.175770982460915093e+01
3.084595598742497913e+01,4.926899803568464620e+01
3.086596170334381384e+01,4.679664896795535611e+01
3.088596741926264855e+01,4.418508158629511229e+01
3.090597313518148326e+01,4.260266339974553773e+01
3.092597885110031442e+01,4.071355222860237433e+01
3.094598456701914913e+01,4.014130610481656447e+01
3.096599028293798384e+01,3.931916067972083795e+01
3.098599599885681855e+01,3.896721841360646010e+01
3.100600171477564970e+01,3.842434725117780658e+01
3.102600743069448441e+01,3.850329057325694748e+01
3.104601314661331912e+01,4.001459439096419146e+01
3.106601886253215383e+01,4.086912734996372620e+01
3.108602457845098854e+01,4.190049290819946748e+01
3.110603029436981970e+01,4.468511683160731707e+01
3.112603601028865441e+01,4.702790965766536857e+01
3.114604172620748912e+01,4.933934826640108184e+01
3.116604744212632383e+01,5.227519656792719616e+01
3.118605315804515854e+01,5.470444884785534612e+01
3.120605887396398970e+01,5.772126408605316783e+01
3.122606458988282441e+01,6.173471778785851427e+01
3.124607030580165912e+01,6.464368615501646786e+01
3.126607602172049383e+01,6.780382390171715201e+01
3.128608173763932498e+01,7.278829206376319405e+01
3.130608745355815969e+01,7.578733081470939226e+01
3.132609316947699440e+01,8.003396820951279267e+01
3.134609888539582911e+01,8.439234307073502350e+01
3.136610460131466382e+01,8.731608590570174044e+01
3.138611031723349498e+01,9.031505858813318355e+01
3.140611603315232969e+01,9.468475655674828317e+01
3.142612174907116440e+01,9.667680998728312147e+01
3.144612746498999911e+01,9.832058045854428485e+01
3.146613318090883382e+01,9.941459129004502415e+01
3.148613889682766498e+01,9.996946784665217933e+01
3.150614461274649969e+01,9.913435725993765857e+01
3.152615032866533440e+01,9.862016962458133662e+01
3.154615604458416911e+01,9.619265493799210276e+01
3.156616176050300382e+01,9.321799967985020885e+01
3.158616747642183498e+01,8.978230362293540168e+01
3.160617319234066969e+01,8.514993230012555614e+01
3.162617890825950440e+01,7.978133164690301271e+01
3.164618462417833911e+01,7.481204406579189481e+01
3.166619034009717026e+01,6.897027719227867237e+01
3.168619605601600497e+01,6.375390592620126995e+01
3.170620177193483968e+01,5.745533896029454013e+01
3.172620748785367439e+01,5.288055265631011537e+01
3.174621320377250910e+01,4.645279211375390105e+01
3.176621891969134026e+01,4.162011427317213474e+01
3.178622463561017497e+01,3.723116948766502787e+01
3.180623035152900968e+01,3.324795968814184022e+01
3.182623606744784439e+01,2.986157831161610687e+01
3.184624178336667910e+01,2.643787467863643315e+01
3.186624749928551026e+01,2.284983198686071404e+01
3.188625321520434497e+01,2.122159220364174814e+01
3.190625893112317968e+01,1.761921805318719692e+01
3.192626464704201439e+01,1.624777437139136893e+01
3.194627036296084555e+01,1.481394381455257125e+01
3.196627607887968026e+01,1.286987325975128016e+01
3.198628179479851497e+01,1.282243784491022964e+01
3.200628751071734968e+01,1.093787540057613228e+01
3.202629322663618439e+01,1.053252326175205056e+01
3.204629894255501199e+01,9.861143796432759956e+00
3.206630465847385381e+01,8.695876120397244335e+00
3.208631037439268141e+01,7.329409284540679081e+00
3.210631609031152323e+01,7.608732180770701348e+00
3.212632180623035083e+01,7.343703396590002264e+00
3.214632752214918554e+01,6.272583541280397412e+00
3.216633323806802025e+01,7.594121583444849222e+00
3.218633895398685496e+01,6.894331648248472888e+00
3.220634466990568967e+01,6.577824393329613883e+00
3.222635038582451728e+01,7.092961981107348990e+00
3.224635610174335909e+01,6.172400733337071621e+00
3.226636181766218670e+01,5.894693135312540910e+00
3.228636753358102851e+01,5.369795706016733838e+00
3.230637324949985612e+01,5.519886809732361677e+00
3.232637896541869083e+01,5.431119072872844455e+00
3.234638468133752554e+01,5.490949092553431221e+00
3.236639039725636025e+01,5.518361205145895454e+00
3.238639611317519496e+01,5.448158538328881306e+00
3.240640182909402967e+01,5.548500754651568556e+00
3.242640754501286438e+01,4.875120468531386031e+00
3.244641326093169198e+01,5.301896938510586743e+00
3.246641897685053380e+01,5.671486258313108486e+00
3.248642469276936140e+01,4.714527222653075000e+00
3.250643040868819611e+01,5.488724161694654491e+00
3.252643612460703082e+01,4.545081982856654434e+00
3.254644184052586553e+01,4.914357331100271509e+00
3.256644755644470024e+01,5.140552564626725385e+00
3.258645327236353495e+01,5.284058432927151827e+00
3.260645898828236966e+01,4.994224461891566769e+00
3.262646470420119726e+01,4.802006595070541728e+00
3.264647042012003908e+01,4.814821606180996305e+00
3.266647613603886668e+01,5.163923845668151102e+00
3.268648185195770850e+01,5.161302485649397198e+00
3.270648756787653610e+01,5.492907550632207148e+00
3.272649328379537081e+01,5.211203988009145860e+00
3.274649899971420552e+01,5.368220831824078942e+00
3.276650471563304023e+01,5.651148866601256593e+00
3.278651043155187494e+01,4.774180706690267506e+00
3.280651614747070255e+01,5.377975734961251142e+00
3.282652186338954436e+01,5.768833105804453965e+00
3.284652757930837197e+01,5.618041700641486891e+00
3.286653329522721378e+01,5.385858221424244974e+00
3.288653901114604139e+01,6.496933709255466205e+00
3.290654472706487610e+01,5.983317919565804388e+00
3.292655044298371081e+01,6.099069841251906432e+00
3.294655615890254552e+01,6.737110226587100570e+00
3.296656187482138023e+01,7.090463374839305999e+00
3.298656759074020783e+01,7.170280478212625042e+00
3.300657330665904965e+01,7.474465687897044575e+00
3.302657902257787725e+01,8.006652525652125263e+00
3.304658473849671907e+01,7.640157181752631033e+00
3.306659045441554667e+01,8.471422476513545519e+00
3.308659617033438138e+01,9.363636895297117846e+00
3.310660188625321609e+01,9.488080344436196967e+00
3.312660760217205080e+01,1.007795012941439872e+01
3.314661331809088551e+01,1.120305794312468350e+01
3.316661903400971312e+01,1.198793577717912839e+01
3.318662474992855493e+01,1.323836350932077899e+01
3.320663046584738254e+01,1.379057643762511276e+01
3.322663618176622435e+01,1.439501538897014399e+01
3.324664189768505196e+01,1.481423302594950187e+01
3.326664761360388667e+01,1.648047580536787393e+01
3.328665332952272138e+01,1.823416296868740361e+01
3.330665904544155609e+01,1.903853627471171350e+01
3.332666476136039080e+01,1.996819346498858394e+01
3.334667047727922551e+01,2.088018679514033948e+01
3.336667619319806022e+01,2.312214551520722949e+01
3.338668190911688782e+01,2.406794569245349180e+01
3.340668762503572964e+01,2.615965143891982336e+01
3.342669334095455724e+01,2.734708208290174980e+01
3.344669905687339195e+01,2.969132373827552840e+01
3.346670477279222666e+01,3.092432674401261750e+01
3.348671048871106137e+01,3.267314168876573888e+01
3.350671620462989608e+01,3.484328822084044219e+01
3.352672192054873079e+01,3.604874219032108584e+01
3.354672763646756550e+01,3.838853036761815929e+01
3.356673335238639311e+01,3.970741274195738413e+01
3.358673906830523492e+01,4.189524694819632344e+01
3.360674478422406253e+01,4.339084593907941922e+01
3.362675050014290434e+01,4.459044827288532531e+01
3.364675621606173195e+01,4.639248688334845383e+01
3.366676193198056666e+01,4.805809408746353029e+01
3.368676764789940137e+01,4.849476056620810027e+01
3.370677336381823608e+01,4.926678507770931503e+01
3.372677907973707079e+01,4.998910345476764405e+01
3.374678479565589839e+01,4.994503430892777374e+01
3.376679051157474021e+01,5.059241792624516876e+01
3.378679622749356781e+01,5.053738057967001396e+01
3.380680194341240963e+01,4.861113389135394414e+01
3.382680765933123723e+01,4.867216496234848933e+01
3.384681337525007194e+01,4.746136461897307868e+01
3.386681909116890665e+01,4.638431967201155715e+01
3.388682480708774136e+01,4.473255050993660120e+01
3.390683052300657607e+01,4.282572780817520197e+01
3.392683623892540368e+01,4.208204076318570230e+01
3.394684195484424549e+01,4.103935678806041665e+01
3.396684767076307310e+01,3.968865671451058574e+01
3.398685338668191491e+01,3.859353168610749663e+01
3.400685910260074252e+01,3.816915863500643979e+01
3.402686481851957723e+01,3.859340577235016667e+01
3.404687053443841194e+01,3.799502559263628143e+01
3.406687625035724665e+01,3.745144139280685636e+01
3.408688196627608136e+01,3.831164028290726264e+01
3.410688768219490896e+01,3.884712116581054175e+01
3.412689339811375078e+01,3.944192215094959408e+01
3.414689911403257838e+01,4.146194708997708744e+01
3.416690482995142020e+01,4.147542667021320995e+01
3.418691054587024780e+01,4.366507071991316025e+01
3.420691626178908251e+01,4.444699836323238173e+01
3.422692197770791722e+01,4.654949758999714504e+01
3.424692769362675193e+01,4.825024949875518132e+01
3.426693340954558664e+01,4.962602677543673479e+01
3.428693912546442135e+01,5.127650803865997631e+01
3.430694484138325606e+01,5.207709679822754367e+01
3.432695055730208367e+01,5.302903318639208408e+01
3.434695627322092548e+01,5.474894848316203877e+01
3.436696198913975309e+01,5.455650905897878999e+01
3.438696770505858780e+01,5.430964180312470546e+01
3.440697342097742251e+01,5.435956281903817455e+01
3.442697913689625722e+01,5.249942760832649924e+01
3.444698485281509193e+01,5.140038591106196719e+01
3.446699056873392664e+01,4.917320670393260684e+01
3.448699628465276135e+01,4.644025568618482680e+01
3.450700200057158895e+01,4.374496397859307706e+01
3.452700771649043077e+01,4.142412771176921638e+01
3.454701343240925837e+01,3.854197257742802663e+01
3.456701914832810019e+01,3.524110705772423557e+01
3.458702486424692779e+01,3.296471575513041330e+01
3.460703058016576250e+01,3.025965886626841694e+01
3.462703629608459721e+01,2.752780649764316934e+01
3.464704201200343192e+01,2.541358977463715263e+01
3.466704772792226663e+01,2.347744493955347878e+01
3.468705344384109424e+01,2.197081621166325505e+01
3.470705915975993605e+01,1.976700562611465628e+01
3.472706487567876366e+01,1.906477813678532485e+01
3.474707059159760547e+01,1.747284033197952624e+01
3.476707630751643308e+01,1.630597799518930557e+01
3.478708202343526779e+01,1.559778049208811623e+01
3.480708773935410250e+01,1.426168555709817198e+01
3.482709345527293721e+01,1.371120116040894743e+01
3.484709917119177192e+01,1.309657419190417826e+01
3.486710488711059952e+01,1.183557669867382955e+01
3.488711060302944134e+01,1.152807172837020744e+01
3.490711631894826894e+01,9.950122275461104948e+00
3.492712203486711076e+01,9.733466724404244985e+00
3.494712775078593836e+01,9.211540205659192182e+00
3.496713346670477307e+01,8.576502318138764736e+00
3.498713918262360778e+01,7.895134589222677413e+00
3.500714489854244249e+01,8.040403696845110915e+00
3.502715061446127720e+01,8.138794394370973961e+00
3.504715633038010481e+01,7.950449562141169935e+00
3.506716204629894662e+01,7.584539693277971395e+00
3.508716776221777423e+01,7.054190353014012871e+00
3.510717347813661604e+01,6.620790084929037533e+00
3.512717919405544365e+01,7.423178300845796329e+00
3.514718490997427836e+01,6.722721811110588419e+00
3.516719062589311307e+01,7.883998221947532414e+00
3.518719634181194778e+01,7.620007175238840524e+00
3.520720205773078249e+01,7.827190196588842852e+00
3.522720777364961720e+01,7.603160079430535845e+00
3.524721348956845191e+01,8.233494383935038741e+00
3.526721920548727951e+01,8.472262747273401118e+00
3.528722492140612133e+01,8.531671081996275774e+00
3.530723063732494893e+01,9.493153664044323037e+00
3.532723635324378364e+01,9.561575957763562172e+00
3.534724206916261835e+01,1.043454483673684763e+01
3.536724778508145306e+01,9.975732730841208706e+00
3.538725350100028777e+01,1.073129274548639245e+01
3.540725921691912248e+01,1.180089301816095571e+01
3.542726493283795719e+01,1.293248737813777538e+01
3.544727064875678479e+01,1.326819933036674470e+01
3.546727636467562661e+01,1.368081326809222986e+01
3.548728208059445421e+01,1.534072062820331794e+01
3.550728779651329603e+01,1.588472004556013317e+01
3.552729351243212363e+01,1.653905937190142694e+01
3.554729922835095834e+01,1.656796218578212887e+01
3.556730494426979305e+01,1.779543592394609419e+01
3.558731066018862776e+01,1.905000430192247762e+01
3.560731637610746247e+01,1.975161428708420530e+01
3.562732209202629008e+01,2.051987088387552305e+01
3.564732780794513189e+01,2.077431143339338249e+01
3.566733352386395950e+01,2.177874793927617603e+01
3.568733923978280131e+01,2.258510796674588050e+01
3.570734495570162892e+01,2.240615550926560218e+01
3.572735067162046363e+01,2.307086363630609327e+01
3.574735638753929834e+01,2.338824436884949876e+01
3.576736210345813305e+01,2.275930865053339858e+01
3.578736781937696776e+01,2.347754219006353082e+01
3.580737353529579536e+01,2.142501274874398831e+01
3.582737925121463718e+01,2.090142665990319415e+01
3.584738496713346478e+01,1.986671112166886388e+01
3.586739068305230660e+01,1.869350364551449672e+01
3.588739639897113420e+01,1.694431736793688970e+01
3.590740211488996891e+01,1.573202395877013693e+01
3.592740783080880362e+01,1.536298711418735863e+01
3.594741354672763833e+01,1.394594491677715986e+01
3.596741926264647304e+01,1.271401507842407241e+01
3.598742497856530065e+01,1.037374143068131715e+01
3.600743069448414246e+01,9.393297990122132290e+00
3.602743641040297007e+01,8.023183579700196688e+00
3.604744212632181188e+01,7.281603401058255542e+00
3.606744784224063949e+01,7.117436970279328534e+00
3.608745355815947420e+01,6.734850747800541271e+00
3.610745927407830891e+01,7.252240274849163448e+00
3.612746498999714362e+01,5.495505669655702974e+00
3.614747070591597833e+01,6.180596298473361117e+00
3.616747642183481304e+01,5.384460450497037698e+00
3.618748213775364775e+01,5.984403181542949923e+00
3.620748785367247535e+01,6.273152603314116504e+00
3.622749356959131717e+01,5.461556283097480424e+00
3.624749928551014477e+01,5.491743313574660945e+00
3.626750500142897948e+01,5.764942446706212920e+00
3.628751071734781419e+01,5.269665687860637604e+00
3.630751643326664890e+01,5.054315044896748432e+00
3.632752214918548361e+01,6.152700960500808058e+00
3.634752786510431832e+01,5.722322252305248824e+00
3.636753358102315303e+01,5.750845424553602925e+00
3.638753929694198064e+01,5.301008806131589424e+00
3.640754501286082245e+01,6.724318578784092892e+00
3.642755072877965006e+01,6.346614321690537075e+00
3.644755644469849187e+01,6.900105611048568122e+00
3.646756216061731948e+01,6.985020558629649656e+00
3.648756787653615419e+01,7.372635593093832540e+00
3.650757359245498890e+01,7.700676545528793326e+00
3.652757930837382361e+01,7.729282983401356333e+00
3.654758502429265832e+01,7.840039114140173737e+00
3.656759074021148592e+01,9.285771807778065323e+00
3.658759645613032774e+01,9.483116209669670837e+00
3.660760217204915534e+01,9.945832499705613117e+00
3.662760788796799716e+01,1.083020410095176800e+01
3.664761360388682476e+01,1.196211593535180562e+01
3.666761931980565947e+01,1.170041632452264935e+01
3.668762503572449418e+01,1.143582481437088916e+01
3.670763075164332889e+01,1.275227436743646692e+01
3.672763646756216360e+01,1.394823997294903428e+01
3.674764218348099121e+01,1.408670685309927606e+01
3.676764789939983302e+01,1.583855147986662004e+01
3.678765361531866063e+01,1.562426716650291603e+01
3.680765933123750244e+01,1.672469423920257370e+01
3.682766504715633005e+01,1.820281113277179585e+01
3.684767076307516476e+01,1.881476859349308484e+01
3.686767647899399947e+01,1.990428519377905658e+01
3.688768219491283418e+01,1.948746870578063906e+01
3.690768791083166889e+01,2.137391705230799843e+01
3.692769362675049649e+01,2.190764510023672074e+01
3.694769934266933831e+01,2.268911456904880453e+01
3.696770505858816591e+01,2.317707750893175955e+01
3.698771077450700773e+01,2.398683607652638727e+01
3.700771649042583533e+01,2.407739163307136465e+01
3.702772220634467004e+01,2.404348635204607376e+01
3.704772792226350475e+01,2.463516822170637965e+01
3.706773363818233946e+01,2.553467673643037728e+01
3.708773935410117417e+01,2.541539252519854131e+01
3.710774507002000888e+01,2.560295875673725163e+01
3.712775078593884359e+01,2.484421130275861245e+01
3.714775650185767120e+01,2.566036000784536952e+01
3.716776221777651301e+01,2.522684714682631935e+01
3.718776793369534062e+01,2.379312795867159736e+01
3.720777364961417533e+01,2.399923884647652272e+01
3.722777936553301004e+01,2.339168912390686472e+01
3.724778508145184475e+01,2.321436588825656600e+01
3.726779079737067946e+01,2.185959781215883169e+01
3.728779651328951417e+01,2.119230803697398358e+01
3.730780222920834888e+01,2.133369694606048839e+01
3.732780794512717648e+01,2.086552836631278751e+01
3.734781366104601830e+01,2.047158474690392183e+01
3.736781937696484590e+01,2.145327839772242839e+01
3.738782509288368772e+01,2.130753037893366653e+01
3.740783080880251532e+01,2.202762326953036620e+01
3.742783652472135003e+01,2.194372877677308864e+01
3.744784224064018474e+01,2.292104342078130230e+01
3.746784795655901945e+01,2.314367305180191181e+01
3.748785367247785416e+01,2.471991237751868198e+01
3.750785938839668177e+01,2.616952696092633701e+01
3.752786510431552358e+01,2.747726860887178191e+01
3.754787082023435119e+01,2.806337876025720135e+01
3.756787653615319300e+01,2.970224220825560835e+01
3.758788225207202061e+01,3.058491608770669146e+01
3.760788796799085532e+01,3.129814276843954701e+01
3.762789368390969003e+01,3.250322558954049157e+01
3.764789939982852474e+01,3.259744139542070940e+01
3.766790511574735945e+01,3.441933851912217079e+01
3.768791083166618705e+01,3.377935935186155803e+01
3.770791654758502887e+01,3.454402000252849803e+01
3.772792226350385647e+01,3.413629232900572674e+01
3.774792797942269829e+01,3.384564680837911510e+01
3.776793369534152589e+01,3.422662019709360948e+01
3.778793941126036060e+01,3.288784960565506310e+01
3.780794512717919531e+01,3.145898033982338760e+01
3.782795084309803002e+01,3.148628632300288643e+01
3.784795655901686473e+01,3.071154909565679958e+01
3.786796227493569234e+01,3.001640318486558812e+01
3.788796799085453415e+01,2.920064925283992352e+01
3.790797370677336176e+01,2.771558940994551890e+01
3.792797942269220357e+01,2.785401604003170206e+01
3.794798513861103118e+01,2.734977832676973009e+01
3.796799085452986589e+01,2.602807178683126210e+01
3.798799657044870060e+01,2.702681333438818001e+01
3.800800228636753531e+01,2.600294135904685078e+01
3.802800800228637002e+01,2.572042773478917610e+01
3.804801371820520473e+01,2.642953862082304894e+01
3.806801943412403944e+01,2.584764940152021495e+01
3.808802515004286704e+01,2.600705101814219233e+01
3.810803086596170886e+01,2.546134861349717227e+01
3.812803658188053646e+01,2.518068453030589993e+01
3.814804229779937117e+01,2.468886808008370792e+01
3.816804801371820588e+01,2.500178707081658303e+01
3.818805372963704059e+01,2.482080911496822040e+01
3.820805944555587530e+01,2.421717432432767936e+01
3.822806516147471001e+01,2.465847188787248001e+01
3.824807087739354472e+01,2.373142130631191904e+01
3.826807659331237232e+01,2.297717435387099982e+01
3.828808230923121414e+01,2.265246500462243162e+01
3.830808802515004174e+01,2.167698955339628952e+01
3.832809374106888356e+01,2.153157985433531252e+01
3.834809945698771116e+01,2.110999648720409283e+01
3.836810517290654587e+01,1.961199243759802968e+01
3.838811088882538058e+01,1.941618952666834730e+01
3.840811660474421529e+01,1.835214698321504656e+01
3.842812232066305000e+01,1.771013239776490167e+01
3.844812803658187761e+01,1.694955396924682489e+01
3.846813375250071942e+01,1.589764643089685592e+01
3.848813946841954703e+01,1.548525142364495011e+01
3.850814518433838884e+01,1.500104349059758491e+01
3.852815090025721645e+01,1.454576485371568140e+01
3.854815661617605116e+01,1.402756836721157896e+01
3.856816233209488587e+01,1.370169055870622010e+01
3.858816804801372058e+01,1.304341107223123331e+01
3.860817376393255529e+01,1.256385490894077250e+01
3.862817947985138289e+01,1.265604807205623850e+01
3.864818519577022471e+01,1.252889693026993712e+01
3.866819091168905231e+01,1.295711753375525888e+01
3.868819662760789413e+01,1.270934372794019040e+01
3.870820234352672173e+01,1.286162226798700381e+01
3.872820805944555644e+01,1.357672934248026664e+01
3.874821377536439115e+01,1.331434727584855082e+01
3.876821949128322586e+01,1.354422010542715782e+01
3.878822520720206057e+01,1.308670443732097688e+01
3.880823092312088818e+01,1.288873461754307748e+01
3.882823663903972999e+01,1.337008672774643081e+01
3.884824235495855760e+01,1.333621572191997018e+01
3.886824807087739941e+01,1.246919973154881589e+01
3.888825378679622702e+01,1.307635846842403282e+01
3.890825950271506173e+01,1.264854730336993427e+01
3.892826521863389644e+01,1.155291999017847004e+01
3.894827093455273115e+01,1.144615624656889707e+01
3.896827665047156586e+01,1.218556883646973432e+01
3.898828236639040057e+01,1.092507570140193707e+01
3.900828808230923528e+01,1.022548849959405715e+01
3.902829379822806288e+01,1.044402932956165841e+01
3.904829951414690470e+01,1.058906789403173221e+01
3.906830523006573230e+01,9.697120958129719526e+00
3.908831094598456701e+01,9.667290765744006364e+00
3.910831666190340172e+01,9.968007245125718896e+00
3.912832237782223643e+01,9.937720560869568232e+00
3.914832809374107114e+01,9.283231960207189104e+00
3.916833380965990585e+01,1.001021181207286403e+01
3.918833952557874056e+01,9.535939894635305336e+00
3.920834524149756817e+01,9.986712420261760315e+00
3.922835095741640998e+01,9.398564957888787319e+00
3.924835667333523759e+01,8.758470751584269465e+00
3.926836238925407940e+01,9.439619421166943525e+00
3.928836810517290701e+01,8.948765118299590426e+00
3.930837382109174172e+01,8.735010987681134154e+00
3.932837953701057643e+01,9.045363198584565723e+00
3.934838525292941114e+01,8.812430538377881817e+00
3.936839096884824585e+01,8.632876020930382310e+00
3.938839668476707345e+01,7.593502595753712114e+00
3.940840240068591527e+01,9.218312750840658154e+00
3.942840811660474287e+01,8.620784320448123594e+00
3.944841383252358469e+01,8.329988263494943368e+00
3.946841954844241229e+01,7.832135582901495141e+00
3.948842526436124700e+01,9.234696251800416533e+00
3.950843098028008171e+01,8.408522394512402798e+00
3.952843669619891642e+01,8.941105335129790888e+00
3.954844241211775113e+01,7.928320542955932027e+00
3.956844812803657874e+01,8.969685294008954202e+00
3.958845384395542055e+01,1.009057663643221403e+01
3.960845955987424816e+01,8.446539012227674448e+00
3.962846527579308997e+01,7.456851984115148824e+00
3.964847099171191758e+01,9.935624786856699586e+00
3.966847670763075229e+01,1.030148167021130767e+01
3.968848242354958700e+01,8.608054822742527534e+00
3.970848813946842171e+01,6.784453911463247167e+00
3.972849385538725642e+01,9.891538151986562610e+00
3.974849957130608402e+01,9.918029721327140891e+00
3.976850528722492584e+01,8.567651694491971170e+00
3.978851100314375344e+01,7.511899520509481398e+00
3.980851671906259526e+01,1.006422230817776864e+01
3.982852243498142286e+01,1.016954697497950733e+01
3.984852815090025757e+01,7.245001612123524559e+00
3.986853386681909228e+01,7.891080270482555115e+00
3.988853958273792699e+01,1.115161628548211681e+01
3.990854529865676170e+01,1.066274940790881587e+01
3.992855101457559641e+01,6.039928535811538879e+00
3.994855673049443112e+01,7.313264901064067125e+00
3.996856244641325873e+01,1.084598977342945503e+01
3.998856816233210054e+01,1.082192276631473149e+01
4.000857387825092815e+01,5.275608077220254266e+00
4.002857959416976286e+01,9.025537526011811806e+00
4.004858531008859757e+01,9.934926255780615278e+00
4.006859102600743228e+01,1.003367570734921621e+01
4.008859674192626699e+01,4.798796557540040197e+00
4.010860245784510170e+01,8.674000130014324128e+00
4.012860817376393641e+01,8.126664651376387383e+00
4.014861388968276401e+01,7.638406344560786820e+00
4.016861960560160583e+01,4.909166297824318903e+00
4.018862532152043343e+01,7.388388801864584465e+00
4.020863103743927525e+01,6.764102304535814625e+00
4.022863675335810285e+01,6.787673394747194777e+00
4.024864246927693756e+01,4.265788393716212212e+00
4.026864818519577227e+01,6.294759223445183238e+00
4.028865390111460698e+01,5.432988429136425879e+00
4.030865961703344169e+01,5.286933932777052370e+00
4.032866533295226930e+01,3.250235557386806917e+00
4.034867104887111111e+01,4.985802790457587008e+00
4.036867676478993872e+01,4.841069595446431784e+00
4.038868248070878053e+01,4.086371894950774575e+00
4.040868819662760814e+01,3.625640613697898029e+00
4.042869391254644285e+01,4.911242383019875035e+00
4.044869962846527756e+01,4.745378580552447545e+00
4.046870534438411227e+01,4.310213468642975165e+00
4.048871106030294698e+01,3.403302511477612757e+00
4.050871677622177458e+01,4.412364509768552878e+00
4.052872249214061640e+01,4.702791701300539806e+00
4.054872820805944400e+01,4.241339568271758509e+00
4.056873392397828582e+01,4.177096703846421732e+00
4.058873963989711342e+01,4.777731140881973815e+00
4.060874535581594813e+01,4.212187714166246266e+00
4.062875107173478284e+01,4.109760784439299819e+00
4.064875678765361755e+01,4.176726443684533940e+00
4.066876250357245226e+01,5.025134292344998421e+00
4.068876821949127986e+01,5.049626341601694435e+00
4.070877393541012168e+01,4.825295194860704129e+00
4.072877965132894929e+01,5.275129434691241848e+00
4.074878536724779110e+01,5.416556962885586302e+00
4.076879108316661871e+01,5.859513263829615681e+00
4.078879679908545342e+01,6.657577643013409485e+00
4.080880251500428813e+01,6.942618287395537102e+00
4.082880823092312284e+01,6.396908572422251638e+00
4.084881394684195755e+01,7.209171292473865122e+00
4.086881966276079226e+01,8.195539511865963078e+00
4.088882537867962697e+01,7.842249626575354071e+00
4.090883109459845457e+01,9.658984794050894607e+00
4.092883681051729639e+01,8.705271795249268862e+00
4.094884252643612399e+01,1.002067506045091427e+01
4.096884824235495870e+01,1.058989269681390688e+01
4.098885395827379341e+01,1.196645212859997187e+01
4.100885967419262812e+01,1.246440241657075276e+01
4.102886539011146283e+01,1.317280824978540466e+01
4.104887110603029754e+01,1.397921453813180648e+01
4.106887682194913225e+01,1.460860468489619279e+01
4.108888253786795985e+01,1.617114800440211297e+01
4.110888825378680167e+01,1.646119305088119944e+01
4.112889396970562927e+01,1.773311039973407333e+01
4.114889968562447109e+01,1.858547042063569421e+01
4.116890540154329869e+01,2.056575542951905788e+01
4.118891111746213340e+01,2.143989130922685149e+01
4.120891683338096811e+01,2.182543337016443274e+01
4.122892254929980282e+01,2.315916835715754729e+01
4.124892826521863753e+01,2.380451520634573370e+01
4.126893398113746514e+01,2.482890652542177889e+01
4.128893969705630695e+01,2.512093546308664571e+01
4.130894541297513456e+01,2.505085305159897757e+01
4.132895112889397637e+01,2.494823596403867327e+01
4.134895684481280398e+01,2.578739118456673651e+01
4.136896256073163869e+01,2.498176185672656757e+01
4.138896827665047340e+01,2.393940378377129719e+01
4.140897399256930811e+01,2.397663574135135889e+01
4.142897970848814282e+01,2.323260781578088086e+01
4.144898542440697042e+01,2.209658922570872264e+01
4.146899114032581224e+01,2.100489143921364388e+01
4.148899685624463984e+01,2.063778185855733938e+01
4.150900257216348166e+01,1.934904858711570341e+01
4.152900828808230926e+01,1.835018539286604522e+01
4.154901400400114397e+01,1.678561785030415621e+01
4.156901971991997868e+01,1.568561514657322853e+01
4.158902543583881339e+01,1.515378838507487913e+01
4.160903115175764810e+01,1.413563776166459363e+01
4.162903686767647571e+01,1.244531569967033668e+01
4.164904258359531752e+01,1.234432489110205644e+01
4.166904829951414513e+01,1.107915645978005159e+01
4.168905401543298694e+01,1.111040336653204008e+01
4.170905973135181455e+01,1.035448857828749603e+01
4.172906544727064926e+01,1.105993252894359102e+01
4.174907116318948397e+01,1.143825709719642347e+01
4.176907687910831868e+01,1.092575882350837801e+01
4.178908259502715339e+01,1.139710898355097335e+01
4.180908831094598810e+01,1.109120357119058475e+01
4.182909402686482281e+01,1.071676017428597305e+01
4.184909974278365041e+01,1.070746175296135227e+01
4.186910545870249223e+01,1.153574470336772073e+01
4.188911117462131983e+01,1.185747361061542016e+01
4.190911689054015454e+01,1.228568925540775325e+01
4.192912260645898925e+01,1.206498756623910396e+01
4.194912832237782396e+01,1.180152597800480763e+01
4.196913403829665867e+01,1.285618214056600195e+01
4.198913975421549338e+01,1.223500262319977239e+01
4.200914547013432809e+01,1.269988660969462657e+01
4.202915118605316280e+01,1.365017672608502153e+01
4.204915690197199041e+01,1.330966494312239590e+01
4.206916261789082512e+01,1.456006570278192136e+01
4.208916833380965983e+01,1.474804222484408633e+01
4.210917404972849454e+01,1.516744423001780362e+01
4.212917976564732925e+01,1.460576863474558351e+01
4.214918548156616396e+01,1.597093661269014575e+01
4.216919119748499867e+01,1.555168908643208781e+01
4.218919691340383338e+01,1.638298476255711833e+01
4.220920262932266809e+01,1.679858370960378977e+01
4.222920834524150280e+01,1.612619327449128193e+01
4.224921406116033040e+01,1.674237037702228648e+01
4.226921977707916511e+01,1.664170167358274099e+01
4.228922549299799982e+01,1.721722002132888463e+01
4.230923120891683453e+01,1.784428617477087897e+01
4.232923692483566924e+01,1.712090841821141751e+01
4.234924264075450395e+01,1.719368906544687903e+01
4.236924835667333866e+01,1.789766979202711639e+01
4.238925407259217337e+01,1.783091957054161725e+01
4.240925978851100808e+01,1.775598853989980341e+01
4.242926550442983569e+01,1.774092021034827482e+01
4.244927122034867040e+01,1.731222352459074543e+01
4.246927693626750511e+01,1.739606545694836726e+01
4.248928265218633982e+01,1.672427866811121788e+01
4.250928836810517453e+01,1.640303513572501970e+01
4.252929408402400924e+01,1.583616367600260944e+01
4.254929979994284395e+01,1.419986444422337968e+01
4.256930551586167866e+01,1.474722030441097331e+01
4.258931123178051337e+01,1.355249191308973167e+01
4.260931694769934097e+01,1.273094988381659753e+01
4.262932266361817568e+01,1.239161997209941113e+01
4.264932837953701039e+01,1.061354241413904909e+01
4.266933409545584510e+01,9.780980748783544954e+00
4.268933981137467981e+01,8.367097857641285330e+00
4.270934552729351452e+01,8.549623410843963711e+00
4.272935124321234923e+01,8.474653069497652069e+00
4.274935695913118394e+01,7.798868734090389054e+00
4.276936267505001865e+01,6.070673221299407452e+00
4.278936839096885336e+01,5.404136164261219122e+00
4.280937410688768097e+01,6.230545341024537720e+00
4.282937982280651568e+01,5.148181124769792838e+00
4.284938553872535039e+01,4.771578345662039311e+00
4.286939125464418510e+01,4.914041044651708212e+00
4.288939697056301981e+01,4.860767411869731269e+00
4.290940268648185452e+01,4.599628853879707435e+00
4.292940840240068923e+01,4.310377459664961108e+00
4.294941411831952394e+01,4.671570429485199405e+00
4.296941983423835865e+01,4.042573797424419801e+00
4.298942555015718625e+01,4.286189170151070371e+00
4.300943126607602096e+01,4.834698099173134977e+00
4.302943698199485567e+01,3.478681434207780310e+00
4.304944269791369038e+01,4.396405714645728935e+00
4.306944841383252509e+01,4.044282793335363557e+00
4.308945412975135980e+01,4.249219112829212719e+00
4.310945984567019451e+01,4.195834359007935888e+00
4.312946556158902922e+01,4.044344717349359186e+00
4.314947127750786393e+01,3.719697549625200494e+00
4.316947699342669864e+01,3.956323131436002782e+00
4.318948270934552625e+01,3.484556664677489923e+00
4.320948842526436096e+01,3.536152265993888211e+00
4.322949414118319567e+01,3.966830304057145984e+00
4.324949985710203038e+01,4.084731135382805078e+00
4.326950557302086509e+01,4.017364491234728163e+00
4.328951128893969980e+01,3.525209087747125380e+00
4.330951700485853451e+01,3.944550774461366593e+00
4.332952272077736922e+01,4.381361410211357388e+00
4.334952843669620393e+01,3.744349824555385897e+00
4.336953415261503153e+01,4.259016911646475556e+00
4.338953986853386624e+01,4.383103412801250265e+00
4.340954558445270095e+01,3.387887925321261928e+00
4.342955130037153566e+01,3.656137637584683908e+00
4.344955701629037037e+01,4.116034452089629703e+00
4.346956273220920508e+01,4.283103195067207380e+00
4.348956844812803979e+01,4.974587927912767604e+00
4.350957416404687450e+01,4.928158489300045630e+00
4.352957987996570921e+01,3.620583739543841162e+00
4.354958559588453681e+01,4.119322654104801806e+00
4.356959131180337153e+01,4.786192460462299181e+00
4.358959702772220624e+01,4.534360302187385727e+00
4.360960274364104095e+01,4.497293273633970578e+00
4.362960845955987566e+01,3.551190617161812835e+00
4.364961417547871037e+01,4.426711781515538568e+00
4.366961989139754508e+01,4.006030629060274073e+00
4.368962560731637979e+01,4.238624961914869260e+00
4.370963132323521450e+01,4.996260088610143590e+00
4.372963703915404921e+01,4.034026201276053492e+00
4.374964275507287681e+01,4.740443182023154733e+00
4.376964847099171152e+01,4.592048685977811573e+00
4.378965418691054623e+01,4.161149247885740365e+00
4.380965990282938094e+01,3.883514701012554582e+00
4.382966561874821565e+01,4.785644364721526323e+00
4.384967133466705036e+01,4.507279239605642474e+00
4.386967705058588507e+01,4.272430191508041375e+00
4.388968276650471978e+01,4.481357606680336225e+00
4.390968848242355449e+01,4.298399550635171096e+00
4.392969419834238209e+01,4.836583235412896364e+00
4.394969991426121680e+01,4.263037042200892301e+00
4.396970563018005151e+01,4.015277692531444842e+00
4.398971134609888622e+01,3.834353296132947619e+00
4.400971706201772093e+01,4.193688373683548853e+00
4.402972277793655564e+01,3.849926398081479739e+00
4.404972849385539035e+01,4.278458063021803426e+00
4.406973420977422506e+01,3.913857401846159600e+00
4.408973992569305977e+01,4.749734561419504786e+00
4.410974564161189448e+01,4.803521388968320593e+00
4.412975135753072209e+01,4.502485652392193671e+00
4.414975707344955680e+01,5.169271742431211791e+00
4.416976278936839151e+01,5.233393182762348772e+00
4.418976850528722622e+01,4.503598965167005197e+00
4.420977422120606093e+01,5.205855824574326718e+00
4.422977993712489564e+01,5.112102109298720443e+00
4.424978565304373035e+01,5.701477347180718525e+00
4.426979136896256506e+01,5.678126863454295403e+00
4.428979708488139977e+01,5.369719296067702707e+00
4.430980280080022737e+01,4.982601203246986188e+00
4.432980851671906208e+01,6.013935813913457551e+00
4.434981423263789679e+01,5.931872883327340418e+00
4.436981994855673150e+01,5.363745757065752962e+00
4.438982566447556621e+01,6.580141540309407233e+00
4.440983138039440092e+01,5.949309095428680472e+00
4.442983709631323563e+01,6.625491363550914947e+00
4.444984281223207034e+01,7.095094322441349632e+00
4.446984852815090505e+01,5.938299803033320501e+00
4.448985424406973266e+01,5.810197420878822072e+00
4.450985995998856737e+01,6.307534948148902032e+00
4.452986567590740208e+01,5.731035756839414574e+00
4.454987139182623679e+01,5.870768688334952579e+00
4.456987710774507150e+01,5.744938798409116032e+00
4.458988282366390621e+01,5.286685643074168439e+00
4.460988853958274092e+01,5.731200766257321888e+00
4.462989425550157563e+01,5.715324707972519569e+00
4.464989997142041034e+01,4.757018082404885106e+00
4.466990568733924505e+01,5.362405526463952299e+00
4.468991140325807265e+01,4.626695916498397843e+00
4.470991711917690736e+01,4.797190722085931114e+00
4.472992283509574207e+01,4.767720428150383327e+00
4.474992855101457678e+01,4.598793930518505491e+00
4.476993426693341149e+01,4.497451397267154150e+00
4.478993998285224620e+01,4.531013961708038273e+00
4.480994569877108091e+01,4.404453783945699641e+00
4.482995141468991562e+01,3.962123898525217403e+00
4.484995713060875033e+01,3.171839189556872274e+00
4.486996284652757794e+01,4.346099640109046369e+00
4.488996856244641265e+01,3.871289327318499840e+00
4.490997427836524736e+01,3.117217157901221558e+00
4.492997999428408207e+01,3.807456472032620276e+00
4.494998571020291678e+01,4.536254908256470486e+00
4.496999142612175149e+01,4.246827039200530507e+00
4.498999714204058620e+01,3.532214873199235328e+00
4.501000285795942091e+01,3.444970673732206112e+00
4.503000857387825562e+01,4.023662649636769117e+00
4.505001428979709033e+01,3.839871512479018367e+00
4.507002000571591793e+01,3.681014535071231109e+00
4.509002572163475264e+01,3.491648308756795771e+00
4.511003143755358735e+01,3.985073443197497678e+00
4.513003715347242206e+01,4.003401108618342974e+00
4.515004286939125677e+01,3.818403363866687439e+00
4.517004858531009148e+01,4.158610887648439558e+00
4.519005430122892619e+01,3.571099741646854397e+00
4.521006001714776090e+01,4.476201724651271974e+00
4.523006573306659561e+01,3.824271240531382787e+00
4.525007144898542322e+01,3.865507269368508414e+00
4.527007716490425793e+01,3.809801649469382490e+00
4.529008288082309264e+01,4.172961347725395953e+00
4.531008859674192735e+01,3.812790508138444334e+00
4.533009431266076206e+01,4.071208467753603344e+00
4.535010002857959677e+01,3.967112632007614437e+00
4.537010574449843148e+01,3.814670837591581432e+00
4.539011146041726619e+01,4.416543497000841256e+00
4.541011717633610090e+01,4.379104456390476408e+00
4.543012289225492850e+01,4.365031391994634191e+00
4.545012860817376321e+01,3.755271847336214552e+00
4.547013432409259792e+01,3.951106958472319519e+00
4.549014004001143263e+01,4.394524774841592318e+00
4.551014575593026734e+01,5.241032111727154330e+00
4.553015147184910205e+01,4.440140541296443644e+00
4.555015718776793676e+01,4.569754427765504445e+00
4.557016290368677147e+01,5.210962765501879979e+00
4.559016861960560618e+01,5.083082151274915361e+00
4.561017433552444089e+01,5.735985344218005544e+00
4.563018005144326850e+01,6.286972929192597093e+00
4.565018576736210321e+01,6.553909831086700777e+00
4.567019148328093792e+01,6.571402952131184527e+00
4.569019719919977263e+01,6.356886530388717205e+00
4.571020291511860734e+01,6.285887288970755549e+00
4.573020863103744205e+01,7.306992954856866618e+00
4.575021434695627676e+01,6.858618014641708172e+00
4.577022006287511147e+01,7.177056508469670248e+00
4.579022577879394618e+01,7.790303922447472829e+00
4.581023149471277378e+01,8.766502384860174857e+00
4.583023721063160849e+01,8.608183269256109327e+00
4.585024292655044320e+01,8.291407865960156442e+00
4.587024864246927791e+01,8.249750756194581314e+00
4.589025435838811262e+01,8.745912402426114340e+00
4.591026007430694733e+01,8.783792813253283427e+00
4.593026579022578204e+01,8.807162575685026695e+00
4.595027150614461675e+01,9.157267793404626488e+00
4.597027722206345146e+01,8.669309649176614840e+00
4.599028293798228617e+01,8.353720346358542770e+00
4.601028865390111378e+01,8.034552441529889677e+00
4.603029436981994849e+01,7.631992650896369135e+00
4.605030008573878320e+01,8.265623104062409965e+00
4.607030580165761791e+01,7.632151865518777001e+00
4.609031151757645262e+01,6.927990447699761134e+00
4.611031723349528733e+01,6.573538830316598691e+00
4.613032294941412204e+01,6.206584349794868061e+00
4.615032866533295675e+01,6.657015971427910017e+00
4.617033438125179146e+01,6.166719618458691876e+00
4.619034009717061906e+01,5.925770949563637480e+00
4.621034581308945377e+01,6.175668794544359130e+00
4.623035152900828848e+01,6.665447408386203421e+00
4.625035724492712319e+01,5.665211754307050818e+00
4.627036296084595790e+01,6.465910696353963871e+00
4.629036867676479261e+01,6.371761730816428937e+00
4.631037439268362732e+01,6.876950805844886716e+00
4.633038010860246203e+01,6.623107665231795949e+00
4.635038582452129674e+01,7.238282449192060319e+00
4.637039154044012434e+01,7.611443465948596554e+00
4.639039725635895905e+01,7.215079790467154197e+00
4.641040297227779376e+01,7.590100340821237523e+00
4.643040868819662847e+01,7.116219870470826159e+00
4.645041440411546319e+01,8.510131599597547947e+00
4.647042012003429790e+01,7.719274291262436805e+00
4.649042583595313261e+01,8.250433707576769748e+00
4.651043155187196732e+01,8.871946033608931970e+00
4.653043726779080203e+01,9.764270449979379762e+00
4.655044298370963674e+01,9.435476906761852689e+00
4.657044869962846434e+01,1.001956084939138769e+01
4.659045441554729905e+01,1.056889561077226958e+01
4.661046013146613376e+01,1.192789559217998452e+01
4.663046584738496847e+01,1.118076555503645153e+01
4.665047156330380318e+01,1.227871177268198721e+01
4.667047727922263789e+01,1.349723876107483633e+01
4.669048299514147260e+01,1.320982676336353201e+01
4.671048871106030731e+01,1.441650286511220358e+01
4.673049442697914202e+01,1.518852499593818628e+01
4.675050014289796962e+01,1.479639586218038616e+01
4.677050585881680433e+01,1.505700150857999198e+01
4.679051157473563904e+01,1.533655891969607055e+01
4.681051729065447375e+01,1.573806474364342378e+01
4.683052300657330846e+01,1.666071937417154913e+01
4.685052872249214317e+01,1.612100978988389244e+01
4.687053443841097788e+01,1.640353438646354789e+01
4.689054015432981259e+01,1.620062954818245515e+01
4.691054587024864730e+01,1.633910762424570606e+01
4.693055158616748201e+01,1.675954444820713007e+01
4.695055730208630962e+01,1.531029016485495831e+01
4.697056301800514433e+01,1.579600237067290180e+01
4.699056873392397904e+01,1.410629440566902382e+01
4.701057444984281375e+01,1.357468588653594921e+01
4.703058016576164846e+01,1.273560177470477583e+01
4.705058588168048317e+01,1.239361233202200907e+01
4.707059159759931788e+01,1.106992516395500203e+01
4.709059731351815259e+01,1.061909136903921436e+01
4.711060302943698730e+01,9.904554406580716730e+00
4.713060874535581490e+01,9.364103711506624350e+00
4.715061446127464961e+01,8.835376349628578652e+00
4.717062017719348432e+01,8.241331159127017969e+00
4.719062589311231903e+01,7.187892725540143246e+00
4.721063160903115374e+01,7.723501977701197063e+00
4.723063732494998845e+01,7.386743026393151723e+00
4.725064304086882316e+01,7.536475306290737919e+00
4.727064875678765787e+01,7.875149126522040355e+00
4.729065447270649258e+01,6.749993426196112090e+00
4.731066018862532019e+01,7.221049347077874714e+00
4.733066590454415490e+01,6.982380973187073181e+00
4.735067162046298961e+01,7.950763039764087381e+00
4.737067733638182432e+01,7.639436527699785984e+00
4.739068305230065903e+01,7.620946360684630605e+00
4.741068876821949374e+01,8.286467709875420695e+00
4.743069448413832845e+01,9.954696935790519063e+00
4.745070020005716316e+01,9.827604077265977622e+00
4.747070591597599787e+01,9.811000447842502581e+00
4.749071163189483258e+01,1.179909362528145778e+01
4.751071734781366018e+01,1.167060836055959783e+01
4.753072306373249489e+01,1.293216085934634663e+01
4.755072877965132960e+01,1.321782559054024375e+01
4.757073449557016431e+01,1.359687563650473052e+01
4.759074021148899902e+01,1.537245851994421386e+01
4.761074592740783373e+01,1.633834938624701749e+01
4.763075164332666844e+01,1.730580721643651287e+01
4.765075735924550315e+01,1.834392999325562101e+01
4.767076307516433786e+01,1.916735904214810660e+01
4.769076879108316547e+01,2.021036359705829000e+01
4.771077450700200018e+01,2.169357196979619218e+01
4.773078022292083489e+01,2.317093473035903628e+01
4.775078593883966960e+01,2.322261266993611173e+01
4.777079165475850431e+01,2.462698397512690462e+01
4.779079737067733902e+01,2.534412753423756115e+01
4.781080308659617373e+01,2.690176170815323076e+01
4.783080880251500844e+01,2.718260442044112324e+01
4.785081451843384315e+01,2.670436175415813906e+01
4.787082023435267075e+01,2.747422115705255763e+01
4.789082595027150546e+01,2.711304289522425393e+01
4.791083166619034017e+01,2.629084644176850105e+01
4.793083738210917488e+01,2.593739792295951574e+01
4.795084309802800959e+01,2.463204684748286155e+01
4.797084881394684430e+01,2.349078030521086902e+01
4.799085452986567901e+01,2.283406394480592638e+01
4.801086024578451372e+01,2.163927982306321240e+01
4.803086596170334843e+01,2.102387683111038541e+01
4.805087167762218314e+01,2.026430191412019255e+01
4.807087739354101075e+01,1.957123165221350547e+01
4.809088310945984546e+01,1.807069278984252492e+01
4.811088882537868017e+01,1.851799153652336116e+01
4.813089454129751488e+01,1.670206593023977604e+01
4.815090025721634959e+01,1.688773637986341214e+01
4.817090597313518430e+01,1.663520828802383278e+01
4.819091168905401901e+01,1.637565910034538419e+01
4.821091740497285372e+01,1.598253537356427145e+01
4.823092312089168843e+01,1.598937233171458594e+01
4.825092883681051603e+01,1.476374149093264165e+01
4.827093455272935074e+01,1.485579867061739634e+01
4.829094026864818545e+01,1.479130729118269372e+01
4.831094598456702016e+01,1.509581010777699994e+01
4.833095170048585487e+01,1.440498402684248447e+01
4.835095741640468958e+01,1.410840921904215861e+01
4.837096313232352429e+01,1.357764503490548691e+01
4.839096884824235900e+01,1.305697614162639653e+01
4.841097456416119371e+01,1.267172158566202711e+01
4.843098028008002842e+01,1.128806257261363299e+01
4.845098599599885603e+01,1.169280166950484023e+01
4.847099171191769074e+01,1.067012131451135559e+01
4.849099742783652545e+01,1.131494231346797541e+01
4.851100314375536016e+01,1.056900288755564965e+01
4.853100885967419487e+01,9.555016835597214708e+00
4.855101457559302958e+01,1.043405473242191128e+01
4.857102029151186429e+01,9.930348446677129459e+00
4.859102600743069900e+01,1.004587573564304037e+01
4.861103172334953371e+01,1.070534032515703515e+01
4.863103743926836131e+01,1.115231560289746326e+01
4.865104315518719602e+01,1.139870986782415585e+01
4.867104887110603073e+01,1.156795801403315593e+01
4.869105458702486544e+01,1.278803123879147741e+01
4.871106030294370015e+01,1.412359451027024271e+01
4.873106601886253486e+01,1.492788923000409795e+01
4.875107173478136957e+01,1.619337913246474869e+01
4.877107745070020428e+01,1.840765055095221214e+01
4.879108316661903899e+01,1.915446035881526754e+01
4.881108888253786660e+01,2.094219500080319563e+01
4.883109459845670131e+01,2.214179674716439550e+01
4.885110031437553602e+01,2.493145866504955066e+01
4.887110603029437073e+01,2.777248579360431791e+01
4.889111174621320544e+01,2.892085554269016612e+01
4.891111746213204015e+01,3.120111863789399109e+01
4.893112317805087486e+01,3.325289353486782318e+01
4.895112889396970957e+01,3.545637516964308134e+01
4.897113460988854428e+01,3.790209780078622970e+01
4.899114032580737899e+01,3.987424900945566719e+01
4.901114604172620659e+01,4.239006613471099882e+01
4.903115175764504130e+01,4.365829094978111158e+01
4.905115747356387601e+01,4.551047877807451414e+01
4.907116318948271072e+01,4.591818518714813990e+01
4.909116890540154543e+01,4.721967331423311265e+01
4.911117462132038014e+01,4.669411981118480526e+01
4.913118033723921485e+01,4.659988370363799959e+01
4.915118605315804956e+01,4.551588395812268573e+01
4.917119176907688427e+01,4.518770884977752189e+01
4.919119748499571187e+01,4.483936948332267036e+01
4.921120320091454658e+01,4.343305367439260323e+01
4.923120891683338129e+01,4.128525176915540840e+01
4.925121463275221600e+01,4.000246330979865661e+01
4.927122034867105071e+01,3.862961492165995026e+01
4.929122606458988542e+01,3.813607823055793489e+01
4.931123178050872014e+01,3.550172886121799820e+01
4.933123749642755485e+01,3.478981846570056291e+01
4.935124321234638956e+01,3.404670908053118694e+01
4.937124892826522427e+01,3.247669988929565221e+01
4.939125464418405187e+01,3.178449681030489415e+01
4.941126036010288658e+01,3.071607511875036778e+01
4.943126607602172129e+01,3.070197346199203281e+01
4.945127179194055600e+01,2.983403784179206752e+01
4.947127750785939071e+01,2.810991442575012300e+01
4.949128322377822542e+01,2.698171586711031722e+01
4.951128893969706013e+01,2.596194109649157156e+01
4.953129465561589484e+01,2.558304953343739641e+01
4.955130037153472955e+01,2.517053826851106635e+01
4.957130608745355715e+01,2.259618175332237655e+01
4.959131180337239186e+01,2.206570265164856437e+01
4.961131751929122657e+01,1.981380582940556678e+01
4.963132323521006128e+01,1.892963615510715414e+01
4.965132895112889599e+01,1.719140062581430328e+01
4.967133466704773070e+01,1.568058619493656813e+01
4.969134038296656541e+01,1.436429722378037788e+01
4.971134609888540012e+01,1.374228532401409808e+01
4.973135181480423483e+01,1.211185582685681794e+01
4.975135753072306244e+01,1.136093503303592556e+01
4.977136324664189715e+01,1.096635934296448056e+01
4.979136896256073186e+01,9.901516558611698215e+00
4.981137467847956657e+01,8.413442735790251703e+00
4.983138039439840128e+01,8.013545349030522402e+00
4.985138611031723599e+01,7.915990649926706979e+00
4.987139182623607070e+01,7.237735016140605993e+00
4.989139754215490541e+01,6.898957158657408328e+00
4.991140325807374012e+01,7.457061591417691204e+00
4.993140897399257483e+01,7.587174769547154085e+00
4.995141468991140243e+01,7.188963406901201836e+00
4.997142040583023714e+01,6.760578375514587179e+00
4.999142612174907185e+01,7.372457594352779253e+00
5.001143183766790656e+01,7.188596614043199828e+00
5.003143755358674127e+01,6.879756957164993914e+00
5.005144326950557598e+01,7.622392313811154452e+00
5.007144898542441069e+01,7.222761492027491848e+00
5.009145470134324540e+01,6.793713595622207002e+00
5.011146041726208011e+01,8.184027132499284818e+00
5.013146613318090772e+01,7.310530872413464110e+00
5.015147184909974243e+01,7.415740667938985453e+00
5.017147756501857714e+01,7.504821223189028778e+00
5.019148328093741185e+01,7.655388806780813127e+00
5.021148899685624656e+01,7.786244928911875363e+00
5.023149471277508127e+01,7.733994126788672929e+00
5.025150042869391598e+01,7.683528435372021015e+00
5.027150614461275069e+01,7.432539406489269140e+00
5.029151186053158540e+01,7.575352718694952969e+00
5.031151757645042011e+01,7.252848595048186908e+00
5.033152329236924771e+01,7.387581854252813329e+00
5.035152900828808242e+01,7.062597010545474063e+00
5.037153472420691713e+01,6.929581647933636290e+00
5.039154044012575184e+01,6.911882278153901993e+00
5.041154615604458655e+01,6.550314759972203582e+00
5.043155187196342126e+01,7.328755176384701642e+00
5.045155758788225597e+01,7.185691814577788605e+00
5.047156330380109068e+01,6.934301215442729927e+00
5.049156901971992539e+01,6.632159316701223162e+00
5.051157473563875300e+01,7.039385241730343523e+00
5.053158045155758771e+01,6.738006864043781796e+00
5.055158616747642242e+01,6.836727448948423103e+00
5.057159188339525713e+01,6.736460635323731516e+00
5.059159759931409184e+01,7.456310730303787437e+00
5.061160331523292655e+01,7.426043636202816600e+00
5.063160903115176126e+01,7.538582631237982667e+00
5.065161474707059597e+01,7.737993255670414960e+00
5.067162046298943068e+01,8.709454727141466179e+00
5.069162617890825828e+01,8.016226983724632049e+00
5.071163189482709299e+01,8.725743989568794490e+00
5.073163761074592770e+01,9.043266617489734926e+00
5.075164332666476241e+01,8.920005088863387499e+00
5.077164904258359712e+01,9.007850102481686605e+00
5.079165475850243183e+01,9.112182154433108749e+00
5.081166047442126654e+01,9.427060780257075834e+00
5.083166619034010125e+01,9.576938242958725311e+00
5.085167190625893596e+01,9.461546071825738480e+00
5.087167762217777067e+01,9.467620096598755808e+00
5.089168333809659828e+01,9.676521233292383783e+00
5.091168905401543299e+01,9.705189698394949716e+00
5.093169476993426770e+01,9.165950182256576539e+00
5.095170048585310241e+01,9.622069990875317558e+00
5.097170620177193712e+01,8.747821878094615755e+00
5.099171191769077183e+01,9.293898421369693352e+00
5.101171763360960654e+01,8.768782803248448943e+00
5.103172334952844125e+01,8.176228144150735844e+00
5.105172906544727596e+01,7.942587922016491220e+00
5.107173478136610356e+01,8.224759261737036198e+00
5.109174049728493827e+01,8.417508587597785308e+00
5.111174621320377298e+01,8.217872658218530191e+00
5.113175192912260769e+01,7.881893223841926144e+00
5.115175764504144240e+01,7.505254032302206113e+00
5.117176336096027711e+01,6.755173283922738747e+00
5.119176907687911182e+01,6.984899863516673690e+00
5.121177479279794653e+01,6.763606268981865455e+00
5.123178050871678124e+01,5.691347671426775889e+00
5.125178622463561595e+01,5.095025343901639303e+00
5.127179194055444356e+01,5.551472209002151104e+00
5.129179765647327827e+01,5.421896705866725341e+00
5.131180337239211298e+01,5.788758838341053092e+00
5.133180908831094769e+01,4.267751564977456447e+00
5.135181480422978240e+01,4.990258004758674204e+00
5.137182052014861711e+01,4.422956898164679629e+00
5.139182623606745182e+01,4.392509195854572113e+00
5.141183195198628653e+01,4.587164988307594449e+00
5.143183766790512124e+01,5.097951833474857253e+00
5.145184338382394884e+01,4.116126181561082120e+00
5.147184909974278355e+01,5.344715343081874792e+00
5.149185481566161826e+01,4.873712952726711123e+00
5.151186053158045297e+01,4.831945812748125846e+00
5.153186624749928768e+01,3.844159934995697192e+00
5.155187196341812239e+01,5.450962802009704511e+00
5.157187767933695710e+01,3.849184361114544206e+00
5.159188339525579181e+01,4.507497401661151315e+00
5.161188911117462652e+01,4.888342352735286056e+00
5.163189482709345413e+01,3.878466188673187709e+00
5.165190054301228884e+01,5.068251566654918605e+00
5.167190625893112355e+01,5.326198127711775143e+00
5.169191197484995826e+01,4.200614942600643609e+00
5.171191769076879297e+01,5.075889421496816212e+00
5.173192340668762768e+01,4.759143846374528586e+00
5.175192912260646239e+01,4.078187151436894808e+00
5.177193483852529710e+01,5.078487280739871323e+00
5.179194055444413181e+01,4.781553072216467193e+00
5.181194627036296652e+01,4.671648201507406561e+00
5.183195198628179412e+01,4.643865488724792989e+00
5.185195770220062883e+01,5.203653420870452351e+00
5.187196341811946354e+01,5.967635281929372759e+00
5.189196913403829825e+01,5.403971822499711308e+00
5.191197484995713296e+01,4.989998945281310050e+00
5.193198056587596767e+01,6.637300364587714441e+00
5.195198628179480238e+01,5.473702571173578946e+00
5.197199199771363709e+01,5.478252168681506440e+00
5.199199771363247180e+01,5.835933771459367314e+00
5.201200342955129940e+01,6.323533755593436112e+00
5.203200914547013411e+01,6.168441247570500607e+00
5.205201486138896882e+01,6.314858378584754739e+00
5.207202057730780353e+01,7.391960794669390822e+00
5.209202629322663824e+01,7.268915936012547263e+00
5.211203200914547295e+01,6.825456190552531943e+00
5.213203772506430766e+01,7.703905876738994962e+00
5.215204344098314237e+01,7.371964942004347598e+00
5.217204915690197708e+01,7.290604263305516142e+00
5.219205487282081180e+01,6.901423442156435328e+00
5.221206058873963940e+01,7.277794580123821078e+00
5.223206630465847411e+01,6.796308034089657113e+00
5.225207202057730882e+01,7.250480120919991833e+00
5.227207773649614353e+01,7.125676697646374791e+00
5.229208345241497824e+01,6.479030576357611260e+00
5.231208916833381295e+01,6.146600267774321225e+00
5.233209488425264766e+01,6.430967071115007094e+00
5.235210060017148237e+01,6.890366823193152968e+00
5.237210631609031708e+01,6.917314002405358764e+00
5.239211203200914468e+01,6.040008137768541729e+00
5.241211774792797939e+01,5.858235064619073285e+00
5.243212346384681410e+01,6.203535397179232191e+00
5.245212917976564881e+01,6.154999451281375933e+00
5.247213489568448352e+01,5.451107949361483129e+00
5.249214061160331823e+01,5.613750297983589377e+00
5.251214632752215294e+01,5.044596802843981820e+00
5.253215204344098765e+01,5.926321301169139133e+00
5.255215775935982236e+01,4.806145466501750008e+00
5.257216347527864997e+01,5.813788426868879533e+00
5.259216919119748468e+01,4.701494222264381406e+00
5.261217490711631939e+01,4.681136862738032534e+00
5.263218062303515410e+01,5.207461070793906188e+00
5.265218633895398881e+01,5.377027978784330031e+00
5.267219205487282352e+01,5.299271497551456989e+00
5.269219777079165823e+01,5.945896914317829740e+00
5.271220348671049294e+01,5.405280940296331771e+00
5.273220920262932765e+01,5.641197014902063600e+00
5.275221491854816236e+01,6.641074546968321002e+00
5.277222063446698996e+01,6.031901335937806863e+00
5.279222635038582467e+01,6.377059979173377968e+00
5.281223206630465938e+01,6.255213390521409345e+00
5.283223778222349409e+01,6.604943757538698001e+00
5.285224349814232880e+01,6.037765671893884800e+00
5.287224921406116351e+01,6.486981103197791754e+00
5.289225492997999822e+01,7.123865124861993081e+00
5.291226064589883293e+01,6.219596740763626563e+00
5.293226636181766764e+01,7.340572567801390669e+00
5.295227207773649525e+01,6.792688248450332367e+00
5.297227779365532996e+01,6.647036848260574615e+00
5.299228350957416467e+01,7.038420348129641013e+00
5.301228922549299938e+01,6.527967093825253642e+00
5.303229494141183409e+01,6.771621418163237927e+00
5.305230065733066880e+01,6.581990933629507268e+00
5.307230637324950351e+01,6.427591810898633184e+00
5.309231208916833822e+01,6.209790666695065298e+00
5.311231780508717293e+01,5.981210205994073270e+00
5.313232352100600764e+01,6.317163007725711488e+00
5.315232923692483524e+01,7.339473696627893062e+00
5.317233495284366995e+01,7.148482345083506218e+00
5.319234066876250466e+01,6.957296629878805483e+00
5.321234638468133937e+01,6.877853818922096352e+00
5.323235210060017408e+01,7.361115898771258159e+00
5.325235781651900879e+01,7.631446762908250747e+00
5.327236353243784350e+01,7.255499642132179794e+00
5.329236924835667821e+01,8.028642822979852767e+00
5.331237496427551292e+01,7.892009475453339640e+00
5.333238068019434053e+01,7.517177547256827630e+00
5.335238639611317524e+01,8.111231076757658087e+00
5.337239211203200995e+01,8.152390625960531878e+00
5.339239782795084466e+01,8.011144176338948597e+00
5.341240354386967937e+01,8.178181478133740967e+00
5.343240925978851408e+01,8.297096815157065208e+00
5.345241497570734879e+01,8.560294118883998493e+00
5.347242069162618350e+01,9.030102062801919516e+00
5.349242640754501821e+01,8.507914269568892962e+00
5.351243212346384581e+01,9.219826720001870868e+00
5.353243783938268052e+01,7.946364904151721476e+00
5.355244355530151523e+01,8.666091031950351464e+00
5.357244927122034994e+01,8.341697340487865375e+00
5.359245498713918465e+01,8.205515377808268340e+00
5.361246070305801936e+01,8.404748539972874966e+00
5.363246641897685407e+01,7.769442458131820217e+00
5.365247213489568878e+01,8.294815555568574084e+00
5.367247785081452349e+01,8.058208122116752747e+00
5.369248356673335820e+01,8.270099875625149366e+00
5.371248928265218581e+01,9.068822692369689520e+00
5.373249499857102052e+01,8.413398197073707507e+00
5.375250071448985523e+01,8.364576213745868571e+00
5.377250643040868994e+01,7.410088638929191340e+00
5.379251214632752465e+01,8.809091639471635204e+00
5.381251786224635936e+01,8.196586365669748631e+00
5.383252357816519407e+01,7.769480598467130683e+00
5.385252929408402878e+01,7.705078655978351954e+00
5.387253501000286349e+01,7.831782518427020001e+00
5.389254072592169109e+01,7.338681731149572229e+00
5.391254644184052580e+01,6.906658111811788459e+00
5.393255215775936051e+01,7.677772036525560395e+00
5.395255787367819522e+01,6.966982995223644615e+00
5.397256358959702993e+01,6.484630154528661983e+00
5.399256930551586464e+01,5.724537316483292670e+00
5.401257502143469935e+01,6.105887298048724432e+00
5.403258073735353406e+01,6.405172611018150164e+00
5.405258645327236877e+01,5.732769460698435182e+00
5.407259216919120348e+01,5.900715987369491877e+00
5.409259788511003109e+01,5.290368268207905622e+00
5.411260360102886580e+01,5.445696307066964614e+00
5.413260931694770051e+01,5.168074355364299599e+00
5.415261503286653522e+01,4.614641285037996532e+00
5.417262074878536993e+01,5.155355753547052444e+00
5.419262646470420464e+01,4.592767646732189846e+00
5.421263218062303935e+01,5.126380706383861785e+00
5.423263789654187406e+01,4.611051920065165177e+00
5.425264361246070877e+01,5.128756334343890444e+00
5.427264932837953637e+01,4.522722140307304350e+00
5.429265504429837108e+01,4.918829154195477393e+00
5.431266076021720579e+01,4.891634636069702502e+00
5.433266647613604050e+01,4.104583492127872546e+00
5.435267219205487521e+01,4.756652281872304044e+00
5.437267790797370992e+01,4.114524626164643095e+00
5.439268362389254463e+01,4.159323817067968498e+00
5.441268933981137934e+01,4.003618797383832195e+00
5.443269505573021405e+01,4.360077009035764561e+00
5.445270077164904166e+01,4.486223978822513558e+00
5.447270648756787637e+01,4.377312694587859099e+00
5.449271220348671108e+01,5.239486818579599081e+00
5.451271791940554579e+01,4.774366697632364875e+00
5.453272363532438050e+01,4.904012700239483102e+00
5.455272935124321521e+01,5.108139068383373171e+00
5.457273506716204992e+01,4.543327965825612935e+00
5.459274078308088463e+01,4.115038349051223676e+00
5.461274649899971934e+01,4.527602017832896841e+00
5.463275221491855405e+01,5.278317074637856265e+00
5.465275793083738165e+01,5.130213982667482853e+00
5.467276364675621636e+01,5.299708657194151407e+00
5.469276936267505107e+01,5.577038599910698835e+00
5.471277507859388578e+01,5.774405738515109299e+00
5.473278079451272049e+01,6.128482277166025227e+00
5.475278651043155520e+01,5.518492197742984828e+00
5.477279222635038991e+01,5.728314043799605848e+00
5.479279794226922462e+01,6.713076345771030518e+00
5.481280365818805933e+01,7.346403481009428305e+00
5.483280937410688693e+01,8.159791221916890436e+00
5.485281509002572164e+01,7.530868768027065840e+00
5.487282080594455635e+01,8.655786662803906850e+00
5.489282652186339106e+01,9.962902041526952246e+00
5.491283223778222577e+01,1.041766173719590327e+01
5.493283795370106048e+01,1.179124036380527230e+01
5.495284366961989519e+01,1.213203452896031820e+01
5.497284938553872990e+01,1.302799578772174449e+01
5.499285510145756461e+01,1.453231064289629160e+01
5.501286081737639222e+01,1.484619319799463000e+01
5.503286653329522693e+01,1.529269116880582224e+01
5.505287224921406164e+01,1.775069164217565998e+01
5.507287796513289635e+01,1.863541804792462742e+01
5.509288368105173106e+01,1.958125732477101266e+01
5.511288939697056577e+01,2.186116382624446786e+01
5.513289511288940048e+01,2.256464962380935191e+01
5.515290082880823519e+01,2.370954092729711959e+01
5.517290654472706990e+01,2.512009397778069086e+01
5.519291226064590461e+01,2.637199495654449422e+01
5.521291797656473221e+01,2.829565747776938167e+01
5.523292369248356692e+01,2.940988343635185132e+01
5.525292940840240163e+01,3.028418419035864773e+01
5.527293512432123634e+01,3.098810195343692442e+01
5.529294084024007105e+01,3.178170937026371234e+01
5.531294655615890576e+01,3.304195932548480386e+01
5.533295227207774047e+01,3.391293862613760979e+01
5.535295798799657518e+01,3.397977489812514307e+01
5.537296370391540989e+01,3.380772127975521357e+01
5.539296941983423750e+01,3.473569650961373156e+01
5.541297513575307221e+01,3.451096132992758214e+01
5.543298085167190692e+01,3.433893596569229345e+01
5.545298656759074163e+01,3.476035418863266102e+01
5.547299228350957634e+01,3.528581275863729871e+01
5.549299799942841105e+01,3.507479532706116743e+01
5.551300371534724576e+01,3.607656208339393089e+01
5.553300943126608047e+01,3.470349289824863348e+01
5.555301514718491518e+01,3.549368285577999416e+01
5.557302086310374989e+01,3.522926971486214143e+01
5.559302657902257749e+01,3.550541456320004841e+01
5.561303229494141220e+01,3.393913102385008074e+01
5.563303801086024691e+01,3.495811714496723255e+01
5.565304372677908162e+01,3.408673555870166183e+01
5.567304944269791633e+01,3.242282452817546812e+01
5.569305515861675104e+01,3.208921859880879879e+01
5.571306087453558575e+01,3.100380613817628017e+01
5.573306659045442046e+01,2.974124679949004957e+01
5.575307230637325517e+01,2.831575332360300123e+01
5.577307802229208278e+01,2.736667471511410099e+01
5.579308373821091749e+01,2.558482943907340257e+01
5.581308945412975220e+01,2.478120803477987266e+01
5.583309517004858691e+01,2.296467215795941286e+01
5.585310088596742162e+01,2.137282656457711028e+01
5.587310660188625633e+01,2.155555971694316497e+01
5.589311231780509104e+01,1.936268066710262659e+01
5.591311803372392575e+01,1.925612386188749170e+01
5.593312374964276046e+01,1.875723427441400304e+01
5.595312946556158806e+01,1.905032479091126163e+01
5.597313518148042277e+01,1.911851399923308037e+01
5.599314089739925748e+01,1.835271313063935850e+01
5.601314661331809219e+01,1.928395767281506323e+01
5.603315232923692690e+01,1.882743631067820189e+01
5.605315804515576161e+01,1.912700458077248555e+01
5.607316376107459632e+01,2.011687322186379134e+01
5.609316947699343103e+01,2.049498221689268718e+01
5.611317519291226574e+01,2.015260820383196716e+01
5.613318090883110045e+01,2.058131890794415142e+01
5.615318662474992806e+01,2.187209488826422898e+01
5.617319234066876277e+01,2.111345615645328877e+01
5.619319805658759748e+01,2.106391068310917802e+01
5.621320377250643219e+01,2.162871830168893439e+01
5.623320948842526690e+01,2.137674157622800308e+01
5.625321520434410161e+01,2.149582029225003765e+01
5.627322092026293632e+01,2.131894170512485687e+01
5.629322663618177103e+01,2.220513669191402428e+01
5.631323235210060574e+01,2.189325393466760161e+01
5.633323806801943334e+01,2.181492611488272360e+01
5.635324378393826805e+01,2.283116876631794412e+01
5.637324949985710276e+01,2.316550971565368400e+01
5.639325521577593747e+01,2.352214973005964183e+01
5.641326093169477218e+01,2.362553022868151942e+01
5.643326664761360689e+01,2.410339500429242321e+01
5.645327236353244160e+01,2.375171809518875321e+01
5.647327807945127631e+01,2.454153090217614519e+01
5.649328379537011102e+01,2.348939230922276522e+01
5.651328951128894573e+01,2.434813183609068687e+01
5.653329522720777334e+01,2.360390058953690584e+01
5.655330094312660805e+01,2.348479305588323740e+01
5.657330665904544276e+01,2.247984041006693090e+01
5.659331237496427747e+01,2.217181066635005493e+01
5.661331809088311218e+01,2.217872163394882179e+01
5.663332380680194689e+01,2.202435770425644179e+01
5.665332952272078160e+01,2.128102357472873507e+01
5.667333523863961631e+01,2.046497112768479099e+01
5.669334095455845102e+01,2.031060632080412631e+01
5.671334667047727862e+01,1.966759025148980911e+01
5.673335238639611333e+01,1.875891536465190512e+01
5.675335810231494804e+01,1.793988999375418203e+01
5.677336381823378275e+01,1.738341766539087274e+01
5.679336953415261746e+01,1.622945423096614093e+01
5.681337525007145217e+01,1.656261937261548667e+01
5.683338096599028688e+01,1.463103939758571315e+01
5.685338668190912159e+01,1.398135914468498342e+01
5.687339239782795630e+01,1.410721796761933788e+01
5.689339811374678391e+01,1.232341911953162850e+01
5.691340382966561862e+01,1.229183400591452724e+01
5.693340954558445333e+01,1.063189015057580988e+01
5.695341526150328804e+01,1.094986231644804420e+01
5.697342097742212275e+01,1.028436803900413210e+01
5.699342669334095746e+01,1.013820664393604076e+01
5.701343240925979217e+01,9.030937684293530054e+00
5.703343812517862688e+01,8.549346627292337075e+00
5.705344384109746159e+01,8.925519066066136986e+00
5.707344955701629630e+01,8.113844894283191778e+00
5.709345527293512390e+01,8.060786202804566258e+00
5.711346098885395861e+01,8.471539443364051181e+00
5.713346670477279332e+01,7.051999092741394470e+00
5.715347242069162803e+01,7.843862020727024209e+00
5.717347813661046274e+01,7.921195834978020933e+00
5.719348385252929745e+01,7.474499932291513105e+00
5.721348956844813216e+01,6.668802416672850342e+00
5.723349528436696687e+01,6.632770341844226536e+00
5.725350100028580158e+01,6.916176608093669742e+00
5.727350671620462919e+01,7.086292404317545035e+00
5.729351243212346390e+01,6.919388096141106281e+00
5.731351814804229861e+01,6.856744543771983835e+00
5.733352386396113332e+01,7.059895780116539399e+00
5.735352957987996803e+01,7.094223606336695021e+00
5.737353529579880274e+01,6.844788665366528413e+00
5.739354101171763745e+01,6.602218431567640877e+00
5.741354672763647216e+01,6.755307917198734025e+00
5.743355244355530687e+01,6.341499248304501180e+00
5.745355815947414158e+01,6.519723780882689113e+00
5.747356387539296918e+01,6.407041120240455356e+00
5.749356959131180389e+01,6.811857929917911392e+00
5.751357530723063860e+01,7.459009926129878565e+00
5.753358102314947331e+01,7.468385423329346295e+00
5.755358673906830802e+01,7.551960037457850383e+00
5.757359245498714273e+01,7.081937895697089758e+00
5.759359817090597744e+01,6.437818672195248837e+00
5.761360388682481215e+01,7.434636010145903029e+00
5.763360960274364686e+01,6.384590891808036517e+00
5.765361531866247446e+01,7.514519387337687206e+00
5.767362103458130917e+01,6.604749499498268506e+00
5.769362675050014388e+01,7.733566637972679736e+00
5.771363246641897859e+01,7.517924623657575189e+00
5.773363818233781330e+01,6.714557487475581787e+00
5.775364389825664801e+01,7.255402010896808029e+00
5.777364961417548272e+01,7.699020805887133889e+00
5.779365533009431743e+01,7.422697602096903324e+00
5.781366104601315214e+01,6.758506768848222990e+00
5.783366676193197975e+01,7.659870630424299165e+00
5.785367247785081446e+01,6.776064533168248083e+00
5.787367819376964917e+01,6.915515433267263035e+00
5.789368390968848388e+01,6.412973065157395069e+00
5.791368962560731859e+01,6.256830429760822376e+00
5.793369534152615330e+01,6.943417549509605990e+00
5.795370105744498801e+01,6.048238745991997511e+00
5.797370677336382272e+01,5.915276842248990974e+00
5.799371248928265743e+01,6.043068783785295217e+00
5.801371820520149214e+01,5.660024455975102953e+00
5.803372392112031974e+01,6.054575934615643362e+00
5.805372963703915445e+01,5.867767729220325634e+00
5.807373535295798916e+01,6.495385766103371594e+00
5.809374106887682387e+01,5.874711068257607138e+00
5.811374678479565858e+01,5.770101045916210758e+00
5.813375250071449329e+01,6.599254778457638082e+00
5.815375821663332800e+01,5.989709986156743327e+00
5.817376393255216271e+01,6.385281228435053080e+00
5.819376964847099742e+01,6.661436281683268845e+00
5.821377536438982503e+01,6.397679965630667098e+00
5.823378108030865974e+01,6.895231857706773049e+00
5.825378679622749445e+01,6.916038207158848650e+00
5.827379251214632916e+01,7.798355344983286308e+00
5.829379822806516387e+01,7.453341025959275612e+00
5.831380394398399858e+01,7.568936264412297277e+00
5.833380965990283329e+01,8.535815799205384025e+00
5.835381537582166800e+01,9.081400229928284773e+00
5.837382109174050271e+01,9.875316387385904449e+00
5.839382680765933742e+01,1.088877611247930588e+01
5.841383252357816502e+01,1.058326819659448859e+01
5.843383823949699973e+01,1.191443413873860102e+01
5.845384395541583444e+01,1.323682873745724109e+01
5.847384967133466915e+01,1.392283026617334230e+01
5.849385538725350386e+01,1.517997935470896209e+01
5.851386110317233857e+01,1.522638375178891934e+01
5.853386681909117328e+01,1.688778710846119324e+01
5.855387253501000799e+01,1.825623230972250255e+01
5.857387825092884270e+01,1.931701828501953955e+01
5.859388396684767031e+01,1.890118146821805212e+01
5.861388968276650502e+01,1.961211022250438063e+01
5.863389539868533973e+01,2.007158702109783732e+01
5.865390111460417444e+01,2.013227975303689732e+01
5.867390683052300915e+01,2.060153968103789879e+01
5.869391254644184386e+01,2.006278703366861293e+01
5.871391826236067857e+01,1.988728724067069464e+01
5.873392397827951328e+01,1.859506542233631876e+01
5.875392969419834799e+01,1.944931393748282034e+01
5.877393541011717559e+01,1.799890878206428368e+01
5.879394112603601030e+01,1.812716433915871761e+01
5.881394684195484501e+01,1.678569407198704866e+01
5.883395255787367972e+01,1.696196135831362994e+01
5.885395827379251443e+01,1.593348714665653176e+01
5.887396398971134914e+01,1.575936959188789288e+01
5.889396970563018385e+01,1.526336195789994576e+01
5.891397542154901856e+01,1.449117998450769385e+01
5.893398113746785327e+01,1.432672447574945451e+01
5.895398685338668798e+01,1.389347527459158549e+01
5.897399256930551559e+01,1.299539974265183417e+01
5.899399828522435030e+01,1.416325841927522511e+01
5.901400400114318501e+01,1.346946634828935707e+01
5.903400971706201972e+01,1.343074479576322844e+01
5.905401543298085443e+01,1.256182707131147680e+01
5.907402114889968914e+01,1.306748080987104466e+01
5.909402686481852385e+01,1.380942543783146093e+01
5.911403258073735856e+01,1.279320313209994175e+01
5.913403829665619327e+01,1.318333557165584224e+01
5.915404401257502087e+01,1.343264442595575403e+01
5.917404972849385558e+01,1.256262808780504692e+01
5.919405544441269029e+01,1.250564195445188354e+01
5.921406116033152500e+01,1.296285598687771667e+01
5.923406687625035971e+01,1.246597389089235186e+01
5.925407259216919442e+01,1.236746771541606549e+01
5.927407830808802913e+01,1.196435998134382217e+01
5.929408402400686384e+01,1.231362014958747864e+01
5.931408973992569855e+01,1.216470147010352143e+01
5.933409545584453326e+01,1.173514043674995655e+01
5.935410117176336087e+01,1.170106662652299789e+01
5.937410688768219558e+01,1.230092981281734410e+01
5.939411260360103029e+01,1.197977208401748506e+01
5.941411831951986500e+01,1.207140007363210188e+01
5.943412403543869971e+01,1.181562363070029598e+01
5.945412975135753442e+01,1.174323354552788956e+01
5.947413546727636913e+01,1.205266614082291099e+01
5.949414118319520384e+01,1.330598191157849008e+01
5.951414689911403855e+01,1.316926885405181658e+01
5.953415261503286615e+01,1.251347100583030958e+01
5.955415833095170086e+01,1.306837766798181555e+01
5.957416404687053557e+01,1.279907858152335720e+01
5.959416976278937028e+01,1.386177734294846609e+01
5.961417547870820499e+01,1.299065448495193564e+01
5.963418119462703970e+01,1.355555552210028125e+01
5.965418691054587441e+01,1.317889897340846872e+01
5.967419262646470912e+01,1.246613953151110543e+01
5.969419834238354383e+01,1.202144119765048558e+01
5.971420405830237144e+01,1.168951657188201310e+01
5.973420977422120615e+01,1.161061511019218173e+01
5.975421549014004086e+01,1.144985440649188391e+01
5.977422120605887557e+01,1.070903082100037906e+01
5.979422692197771028e+01,9.931887741669156000e+00
5.981423263789654499e+01,9.924004587747411676e+00
5.983423835381537970e+01,9.476082837829736150e+00
5.985424406973421441e+01,9.059047462725477118e+00
5.987424978565304912e+01,8.621712968064381144e+00
5.989425550157188383e+01,8.596392323287425086e+00
5.991426121749071143e+01,8.333238514704012445e+00
5.993426693340954614e+01,7.442741348087308140e+00
5.995427264932838085e+01,7.743285019679639447e+00
5.997427836524721556e+01,8.439407017202380956e+00
5.999428408116605027e+01,7.584566512577437969e+00
6.001428979708488498e+01,7.558364638876343022e+00
6.003429551300371969e+01,8.166209371562160868e+00
6.005430122892255440e+01,7.636339635741327569e+00
6.007430694484138911e+01,8.452974845190160735e+00
6.009431266076021672e+01,6.856031227861793198e+00
6.011431837667905143e+01,8.265561223169381577e+00
6.013432409259788614e+01,7.430149344127650046e+00
6.015432980851672085e+01,6.971418337486666950e+00
6.017433552443555556e+01,7.454417701736020696e+00
6.019434124035439027e+01,7.827370748689496338e+00
6.021434695627322498e+01,6.645127556663875446e+00
6.023435267219205969e+01,7.495402365642311437e+00
6.025435838811089440e+01,7.808239509286480029e+00
6.027436410402972911e+01,7.507491719080846337e+00
6.029436981994855671e+01,7.509423145544323219e+00
6.031437553586739142e+01,7.630536676373414373e+00
6.033438125178622613e+01,7.671494344534140808e+00
6.035438696770506084e+01,8.118656224762519358e+00
6.037439268362389555e+01,8.259920825636736907e+00
6.039439839954273026e+01,8.348332909015454106e+00
6.041440411546156497e+01,8.244931924978621041e+00
6.043440983138039968e+01,9.208293538673824941e+00
6.045441554729923439e+01,9.782596859474994133e+00
6.047442126321806199e+01,9.731602585909540082e+00
6.049442697913689670e+01,8.931248855714043700e+00
6.051443269505573141e+01,8.579488114306315083e+00
6.053443841097456612e+01,9.116868278797220171e+00
6.055444412689340083e+01,7.909781770476172369e+00
6.057444984281223554e+01,8.444874892752942230e+00
6.059445555873107025e+01,7.208767823976877764e+00
6.061446127464990496e+01,8.094045932156342715e+00
6.063446699056873967e+01,6.990262194385111982e+00
6.065447270648756728e+01,7.239133098671292288e+00
6.067447842240640199e+01,6.742597432863559170e+00
6.069448413832523670e+01,6.062544016181762530e+00
6.071448985424407141e+01,6.761793682747214262e+00
6.073449557016290612e+01,5.771232031553175545e+00
6.075450128608174083e+01,5.405919183340889944e+00
6.077450700200057554e+01,5.368401570371835518e+00
6.079451271791941025e+01,5.680530137998729856e+00
6.081451843383824496e+01,4.930048499559391395e+00
6.083452414975707967e+01,5.408074643433028683e+00
6.085452986567590727e+01,5.237910349079841765e+00
6.087453558159474198e+01,5.391717217307461674e+00
6.089454129751357669e+01,5.538923952109152005e+00
6.091454701343241140e+01,4.979345037729966172e+00
6.093455272935124611e+01,5.039647689851071810e+00
6.095455844527008082e+01,5.707191248836077868e+00
6.097456416118891553e+01,5.275965388778251608e+00
6.099456987710775024e+01,4.641175940963684354e+00
6.101457559302658495e+01,4.856111920423550110e+00
6.103458130894541256e+01,5.512358309174418380e+00
6.105458702486424727e+01,6.140556406598669525e+00
6.107459274078308198e+01,6.304512242708869785e+00
6.109459845670191669e+01,6.404878227844760019e+00
6.111460417262075140e+01,7.512583042261701038e+00
6.113460988853958611e+01,8.355002902575943580e+00
6.115461560445842082e+01,8.911670080396827842e+00
6.117462132037725553e+01,8.623185476123879312e+00
6.119462703629609024e+01,9.628059399616976322e+00
6.121463275221492495e+01,1.028359680515500330e+01
6.123463846813375255e+01,1.086020416537067490e+01
6.125464418405258726e+01,1.109754358628101301e+01
6.127464989997142197e+01,1.124585956432906642e+01
6.129465561589025668e+01,1.244634523599216180e+01
6.131466133180909139e+01,1.212371713944430773e+01
6.133466704772792610e+01,1.294317866667989492e+01
6.135467276364676081e+01,1.241386464918961607e+01
6.137467847956559552e+01,1.296256708661365131e+01
6.139468419548443023e+01,1.364399292072357461e+01
6.141468991140325784e+01,1.220204011360124774e+01
6.143469562732209255e+01,1.282805217051181756e+01
6.145470134324092726e+01,1.351028452722300166e+01
6.147470705915976197e+01,1.331168152308621444e+01
6.149471277507859668e+01,1.348748428378486075e+01
6.151471849099743139e+01,1.275712629299067657e+01
6.153472420691626610e+01,1.344056365785295526e+01
6.155472992283510081e+01,1.322347345546188535e+01
6.157473563875393552e+01,1.244105621654429505e+01
6.159474135467276312e+01,1.343291918635820892e+01
6.161474707059159783e+01,1.350996538661979685e+01
6.163475278651043254e+01,1.311197489357952684e+01
6.165475850242926725e+01,1.239024734024552288e+01
6.167476421834810196e+01,1.189754831816843250e+01
6.169476993426693667e+01,1.270431504853397442e+01
6.171477565018577138e+01,1.210526739015454822e+01
6.173478136610460609e+01,1.164374264147448379e+01
6.175478708202344080e+01,1.174575628584867104e+01
6.177479279794227551e+01,1.151321196038663430e+01
6.179479851386110312e+01,1.162403266589292095e+01
6.181480422977993783e+01,1.199350874141366674e+01
6.183480994569877254e+01,1.103695381836293521e+01
6.185481566161760725e+01,1.129926134791170611e+01
6.187482137753644196e+01,1.230361289747236953e+01
6.189482709345527667e+01,1.255539851071220170e+01
6.191483280937411138e+01,1.138037219451669202e+01
6.193483852529294609e+01,1.261617320847591373e+01
6.195484424121178080e+01,1.273632777537292782e+01
6.197484995713060840e+01,1.254021693248959757e+01
6.199485567304944311e+01,1.193939438406183662e+01
6.201486138896827782e+01,1.267158527709372962e+01
6.203486710488711253e+01,1.306970303789486820e+01
6.205487282080594724e+01,1.309358595113767976e+01
6.207487853672478195e+01,1.267140169885039214e+01
6.209488425264361666e+01,1.343735941396211153e+01
6.211488996856245137e+01,1.218915340363367505e+01
6.213489568448128608e+01,1.288833148127086758e+01
6.215490140040011369e+01,1.297146200826022522e+01
6.217490711631894840e+01,1.279991645504252062e+01
6.219491283223778311e+01,1.296039826888622670e+01
6.221491854815661782e+01,1.253547536298848186e+01
6.223492426407545253e+01,1.256059066827882020e+01
6.225492997999428724e+01,1.343702102649308472e+01
6.227493569591312195e+01,1.328841620935805778e+01
6.229494141183195666e+01,1.271517287151025322e+01
6.231494712775079137e+01,1.214533416786412623e+01
6.233495284366962608e+01,1.289637813031582425e+01
6.235495855958845368e+01,1.239749783625777368e+01
6.237496427550728839e+01,1.269398738817824324e+01
6.239496999142612310e+01,1.172238226815012396e+01
6.241497570734495781e+01,1.179982010693307970e+01
6.243498142326379252e+01,1.200604331643259570e+01
6.245498713918262723e+01,1.157717685054398160e+01
6.247499285510146194e+01,1.135146035517697172e+01
6.249499857102029665e+01,1.036192452702147904e+01
6.251500428693913136e+01,1.027939244182758927e+01
6.253501000285795897e+01,9.748102305836130910e+00
6.255501571877679368e+01,8.876727245885781770e+00
6.257502143469562839e+01,1.010922826826132059e+01
6.259502715061446310e+01,9.535098550274970108e+00
6.261503286653329781e+01,8.983154585118299451e+00
6.263503858245213252e+01,8.527188004740526850e+00
6.265504429837096723e+01,8.932144466051031628e+00
6.267505001428980194e+01,8.908704510447757130e+00
6.269505573020863665e+01,9.384695833892848782e+00
6.271506144612747136e+01,9.216635271367209725e+00
6.273506716204629896e+01,9.309664592403949612e+00
6.275507287796513367e+01,9.760774056695678880e+00
6.277507859388396838e+01,1.033315359593899885e+01
6.279508430980280309e+01,9.866111338383536378e+00
6.281509002572163780e+01,1.055697312073661109e+01
6.283509574164047251e+01,1.094839276134152151e+01
6.285510145755930722e+01,1.143506281748060971e+01
6.287510717347814193e+01,1.147082812163126952e+01
6.289511288939697664e+01,1.164576611559153463e+01
6.291511860531580425e+01,1.196527419109424706e+01
6.293512432123463896e+01,1.221950857574049820e+01
6.295513003715347367e+01,1.188394375934302261e+01
6.297513575307230838e+01,1.203730219401537482e+01
6.299514146899114309e+01,1.250779571699386494e+01
6.301514718490997780e+01,1.230459862284888040e+01
6.303515290082881251e+01,1.217869641076392284e+01
6.305515861674764722e+01,1.307121731249931429e+01
6.307516433266648193e+01,1.321729151314324113e+01
6.309517004858530953e+01,1.325118649079456645e+01
6.311517576450414424e+01,1.313904278413455096e+01
6.313518148042297895e+01,1.309892884127047807e+01
6.315518719634181366e+01,1.395541152745751035e+01
6.317519291226064837e+01,1.444682451709314108e+01
6.319519862817948308e+01,1.464768749571234352e+01
6.321520434409831779e+01,1.498009952654912169e+01
6.323521006001715250e+01,1.561470292280163541e+01
6.325521577593598721e+01,1.573198463675100278e+01
6.327522149185482192e+01,1.568939418321167167e+01
6.329522720777364952e+01,1.626358393026347215e+01
6.331523292369248423e+01,1.663019753615017393e+01
6.333523863961131894e+01,1.644111315084619562e+01
6.335524435553015365e+01,1.679012283208795964e+01
6.337525007144898836e+01,1.773356613730661735e+01
6.339525578736782307e+01,1.817762408507352845e+01
6.341526150328665778e+01,1.833380395371003146e+01
6.343526721920549249e+01,1.819619499389244766e+01
6.345527293512432720e+01,1.997102101788103212e+01
6.347527865104315481e+01,2.010843439828716228e+01
6.349528436696198952e+01,2.043385373219699019e+01
6.351529008288082423e+01,2.054001675577295316e+01
6.353529579879965894e+01,2.122425157142291496e+01
6.355530151471849365e+01,2.242679659596457498e+01
6.357530723063732836e+01,2.291159761647732296e+01
6.359531294655616307e+01,2.301533069298838541e+01
6.361531866247499778e+01,2.416684898123880032e+01
6.363532437839383249e+01,2.539584790213751830e+01
6.365533009431266720e+01,2.551041983814531733e+01
6.367533581023149480e+01,2.754963073567553522e+01
6.369534152615032951e+01,2.848572791801252535e+01
6.371534724206916422e+01,2.878080309577883966e+01
6.373535295798799893e+01,2.880646664431281323e+01
6.375535867390683364e+01,2.863239059940189080e+01
6.377536438982566835e+01,2.890952725277612245e+01
6.379537010574450306e+01,2.764131392144559740e+01
6.381537582166333777e+01,2.766850518387576585e+01
6.383538153758217248e+01,2.613118290312140246e+01
6.385538725350100009e+01,2.523878276227270590e+01
6.387539296941983480e+01,2.308465642001362639e+01
6.389539868533866951e+01,2.179181356928176427e+01
6.391540440125750422e+01,1.963117280901607131e+01
6.393541011717633893e+01,1.853145367969457169e+01
6.395541583309517364e+01,1.618733405215931853e+01
6.397542154901400835e+01,1.529590593108142826e+01
6.399542726493284306e+01,1.340977116049511864e+01
6.401543298085167066e+01,1.190385911158067955e+01
6.403543869677051248e+01,1.043439349235497282e+01
6.405544441268934008e+01,9.238620064874773163e+00
6.407545012860816769e+01,8.830614706816607651e+00
6.409545584452700950e+01,8.032089810762716553e+00
6.411546156044585132e+01,7.103290830024155511e+00
6.413546727636467892e+01,6.827104796938940012e+00
6.415547299228350653e+01,7.235739077445325407e+00
6.417547870820234834e+01,6.323036226794911840e+00
6.419548442412119016e+01,5.705584613397955529e+00
6.421549014004001776e+01,6.285199545288522316e+00
6.423549585595884537e+01,5.874879070151888705e+00
6.425550157187768718e+01,5.855415887571354894e+00
6.427550728779651479e+01,4.910403917854178069e+00
6.429551300371534239e+01,5.075067069831717959e+00
6.431551871963418421e+01,5.211120436923983412e+00
6.433552443555302602e+01,4.660966530672238761e+00
6.435553015147185363e+01,5.287809930710701600e+00
6.437553586739068123e+01,4.793114677537508861e+00
6.439554158330952305e+01,4.551766574519913178e+00
6.441554729922835065e+01,5.014498558939718187e+00
6.443555301514717826e+01,5.397702507746020117e+00
6.445555873106602007e+01,4.225106085399126243e+00
6.447556444698486189e+01,5.506714663153869260e+00
6.449557016290368949e+01,4.854197704347479991e+00
6.451557587882251710e+01,5.126931269925395718e+00
6.453558159474135891e+01,5.390665595510368391e+00
6.455558731066020073e+01,4.684112030039009333e+00
6.457559302657902833e+01,5.501301314066036063e+00
6.459559874249785594e+01,6.071390736365639640e+00
6.461560445841669775e+01,5.182376063703084235e+00
6.463561017433552536e+01,6.084088937776372497e+00
6.465561589025435296e+01,6.132900328354170760e+00
6.467562160617319478e+01,5.883584886646790579e+00
6.469562732209203659e+01,5.201440747674279663e+00
6.471563303801086420e+01,6.140018038410529400e+00
6.473563875392969180e+01,7.160239605392151319e+00
6.475564446984853362e+01,6.442533316512202290e+00
6.477565018576737543e+01,6.846734836975739036e+00
6.479565590168618883e+01,7.144520851187969868e+00
6.481566161760503064e+01,7.112298282899701896e+00
6.483566733352387246e+01,7.369540752276785511e+00
6.485567304944270006e+01,6.875696277561843317e+00
6.487567876536152767e+01,7.524572830251379685e+00
6.489568448128036948e+01,7.078427734571349994e+00
6.491569019719921130e+01,7.639694544383637265e+00
6.493569591311803890e+01,7.541378136425141321e+00
6.495570162903686651e+01,7.154071260547997468e+00
6.497570734495570832e+01,6.863826484457289823e+00
6.499571306087453593e+01,7.105068649801698832e+00
6.501571877679336353e+01,6.996246508512830253e+00
6.503572449271220535e+01,6.959899281108672398e+00
6.505573020863104716e+01,6.472872129502903249e+00
6.507573592454987477e+01,5.880594326899365676e+00
6.509574164046870237e+01,6.287013741007187129e+00
6.511574735638754419e+01,6.108235148064833808e+00
6.513575307230638600e+01,5.782785622004232629e+00
6.515575878822521361e+01,5.571314516189584509e+00
6.517576450414404121e+01,6.221270714369230070e+00
6.519577022006288303e+01,6.558164392548810895e+00
6.521577593598171063e+01,6.476754289421461586e+00
6.523578165190053824e+01,6.065170621863433809e+00
6.525578736781938005e+01,6.002930414138304194e+00
6.527579308373822187e+01,5.789373067480639179e+00
6.529579879965704947e+01,6.998984920192674153e+00
6.531580451557587708e+01,7.213891070063959354e+00
6.533581023149471889e+01,6.908314378214715390e+00
6.535581594741354650e+01,7.002193975434615858e+00
6.537582166333237410e+01,6.030188712949149377e+00
6.539582737925121592e+01,6.583947198625455854e+00
6.541583309517005773e+01,5.768866219794322348e+00
6.543583881108888534e+01,6.663286399873211252e+00
6.545584452700771294e+01,6.060262222418858258e+00
6.547585024292655476e+01,6.508090576456057263e+00
6.549585595884539657e+01,6.367794637004108971e+00
6.551586167476422418e+01,7.109989163113941579e+00
6.553586739068305178e+01,6.520911199293927929e+00
6.555587310660189360e+01,6.096720780426017505e+00
6.557587882252072120e+01,6.453744570846245310e+00
6.559588453843954881e+01,6.790775654810731865e+00
6.561589025435839062e+01,5.511489564385520623e+00
6.563589597027723244e+01,6.741994159518231555e+00
6.565590168619606004e+01,6.064402841289119550e+00
6.567590740211488765e+01,5.924546232019419989e+00
6.569591311803372946e+01,5.758208383136549813e+00
6.571591883395257128e+01,6.409522533136397193e+00
6.573592454987138467e+01,7.016184424776910511e+00
6.575593026579022649e+01,6.306207810397369329e+00
6.577593598170906830e+01,6.833810668150831269e+00
6.579594169762789591e+01,6.175581819624060387e+00
6.581594741354672351e+01,6.428451930657722357e+00
6.583595312946556533e+01,7.212576566393805066e+00
6.585595884538440714e+01,7.079052167112527272e+00
6.587596456130323475e+01,6.832273871163064172e+00
6.589597027722206235e+01,7.143591994320795280e+00
6.591597599314090417e+01,7.247975428344597404e+00
6.593598170905973177e+01,6.946994661531300963e+00
6.595598742497855937e+01,7.059297521051322022e+00
6.597599314089740119e+01,7.666523684968225005e+00
6.599599885681624301e+01,8.044971699621623173e+00
6.601600457273507061e+01,8.313475346921849862e+00
6.603601028865389821e+01,8.965633550506963090e+00
6.605601600457274003e+01,8.231661236087751021e+00
6.607602172049158185e+01,9.212071644907400270e+00
6.609602743641040945e+01,9.518572380941652256e+00
6.611603315232923705e+01,9.507499169499050495e+00
6.613603886824807887e+01,9.706407256331644362e+00
6.615604458416690647e+01,1.101847603167860257e+01
6.617605030008573408e+01,1.063056978064212998e+01
6.619605601600457589e+01,1.109964393729000776e+01
6.621606173192341771e+01,1.277322397356296158e+01
6.623606744784224531e+01,1.239971748169297605e+01
6.625607316376107292e+01,1.273162507356469675e+01
6.627607887967991473e+01,1.264083194000300381e+01
6.629608459559874234e+01,1.244681070222702779e+01
6.631609031151756994e+01,1.195253180879806010e+01
6.633609602743641176e+01,1.208341784813199382e+01
6.635610174335525357e+01,1.190194240989617036e+01
6.637610745927408118e+01,1.099787375764462283e+01
6.639611317519290878e+01,1.146344166557527799e+01
6.641611889111175060e+01,1.098398919183947697e+01
6.643612460703059241e+01,1.009687949114294625e+01
6.645613032294942002e+01,9.950152421569413264e+00
6.647613603886824762e+01,9.293513206258809944e+00
6.649614175478708944e+01,9.395956063779568268e+00
6.651614747070591704e+01,8.350449978398323481e+00
6.653615318662474465e+01,9.466474404811938470e+00
6.655615890254358646e+01,9.183118226584674915e+00
6.657616461846242828e+01,8.587127476639484058e+00
6.659617033438125588e+01,8.331087205563852294e+00
6.661617605030008349e+01,7.911464725470077397e+00
6.663618176621892530e+01,8.096627848457909948e+00
6.665618748213776712e+01,7.946515212653186389e+00
6.667619319805658051e+01,7.692272096903241874e+00
6.669619891397542233e+01,7.814478915489145194e+00
6.671620462989426414e+01,7.452380275589856495e+00
6.673621034581309175e+01,7.124433565651276723e+00
6.675621606173191935e+01,7.709475387607131580e+00
6.677622177765076117e+01,7.817518906152649549e+00
6.679622749356960298e+01,8.224105254615039939e+00
6.681623320948843059e+01,7.596008028179292992e+00
6.683623892540725819e+01,8.170922012910775578e+00
6.685624464132610001e+01,7.491814222620238439e+00
6.687625035724492761e+01,7.786428917350173506e+00
6.689625607316375522e+01,7.195921068844389978e+00
6.691626178908259703e+01,7.129405772420186693e+00
6.693626750500143885e+01,6.934466165196394805e+00
6.695627322092026645e+01,7.588220427750500541e+00
6.697627893683909406e+01,7.520827275314307059e+00
6.699628465275793587e+01,7.897960031316145546e+00
6.701629036867677769e+01,7.574650237228201632e+00
6.703629608459560529e+01,7.539140130790819683e+00
6.705630180051443290e+01,7.612718542771309771e+00
6.707630751643327471e+01,8.692411520956046189e+00
6.709631323235210232e+01,9.074012008137707141e+00
6.711631894827092992e+01,8.498623787629616899e+00
6.713632466418977174e+01,8.164913755096121051e+00
6.715633038010861355e+01,8.744610109501991246e+00
6.717633609602744116e+01,8.535665341585968235e+00
6.719634181194626876e+01,8.197278177998132520e+00
6.721634752786511058e+01,8.176896976289972585e+00
6.723635324378393818e+01,8.810311385165515929e+00
6.725635895970276579e+01,8.426809609893519237e+00
6.727636467562160760e+01,8.846575034883029431e+00
6.729637039154044942e+01,8.582709070649585215e+00
6.731637610745927702e+01,7.948657426655145741e+00
6.733638182337810463e+01,7.917837661346214695e+00
6.735638753929694644e+01,8.333366383320402804e+00
6.737639325521578826e+01,8.420779342745234430e+00
6.739639897113461586e+01,7.630623585596538305e+00
6.741640468705344347e+01,7.987986284631464429e+00
6.743641040297228528e+01,7.395655284513113159e+00
6.745641611889111289e+01,7.551992827325922697e+00
6.747642183480994049e+01,8.264981053248881437e+00
6.749642755072878231e+01,7.659261918149018022e+00
6.751643326664762412e+01,8.328688497312539241e+00
6.753643898256645173e+01,7.415905399367377804e+00
6.755644469848527933e+01,7.295934511474316153e+00
6.757645041440412115e+01,7.316127521588046356e+00
6.759645613032296296e+01,7.838412311232993979e+00
6.761646184624177636e+01,7.335410461231084867e+00
6.763646756216061817e+01,7.587972185941877612e+00
6.765647327807945999e+01,8.127164796928742163e+00
6.767647899399828759e+01,7.845032625288329342e+00
6.769648470991711520e+01,7.433323511846231746e+00
6.771649042583595701e+01,7.889077785992293812e+00
6.773649614175479883e+01,8.145536554661839901e+00
6.775650185767362643e+01,7.510661686877871723e+00
6.777650757359245404e+01,7.503147743821218185e+00
6.779651328951129585e+01,8.507797029917384179e+00
6.781651900543012346e+01,7.938815611245365389e+00
6.783652472134895106e+01,7.171333389766695987e+00
6.785653043726779288e+01,7.495560599842379546e+00
6.787653615318663469e+01,7.426858225995126794e+00
6.789654186910546230e+01,6.720868908168327494e+00
6.791654758502428990e+01,7.039030512440022314e+00
6.793655330094313172e+01,7.466280120784457353e+00
6.795655901686197353e+01,7.096628004780719756e+00
6.797656473278080114e+01,7.039043144768353244e+00
6.799657044869962874e+01,6.887635500808945821e+00
6.801657616461847056e+01,6.803033243777083072e+00
6.803658188053729816e+01,6.621501166844677044e+00
6.805658759645612577e+01,5.844479120438386133e+00
6.807659331237496758e+01,5.522378792054611907e+00
6.809659902829380940e+01,7.009219149072389854e+00
6.811660474421263700e+01,5.719282369395507715e+00
6.813661046013146461e+01,6.013730005157238878e+00
6.815661617605030642e+01,5.415918374067040020e+00
6.817662189196913403e+01,5.457645510513276399e+00
6.819662760788796163e+01,5.153305345118685210e+00
6.821663332380680345e+01,5.903157790003564998e+00
6.823663903972564526e+01,5.469149807760132376e+00
6.825664475564447287e+01,5.269830535966805840e+00
6.827665047156330047e+01,5.397246438543934488e+00
6.829665618748214229e+01,5.750996509527774414e+00
6.831666190340098410e+01,4.751684765432834467e+00
6.833666761931981171e+01,5.453995582260238173e+00
6.835667333523863931e+01,4.150939615174634056e+00
6.837667905115748113e+01,4.949302933542562677e+00
6.839668476707630873e+01,5.279891315344861447e+00
6.841669048299513634e+01,4.144890479236865488e+00
6.843669619891397815e+01,4.910946445971010377e+00
6.845670191483281997e+01,4.527114919517805980e+00
6.847670763075164757e+01,3.893665603688830856e+00
6.849671334667047518e+01,4.470721013078280848e+00
6.851671906258931699e+01,5.330533789062368299e+00
6.853672477850815881e+01,5.242325088508788866e+00
6.855673049442697220e+01,4.993223441850596522e+00
6.857673621034581402e+01,5.298169095770580483e+00
6.859674192626465583e+01,5.201858628999559642e+00
6.861674764218348344e+01,4.911904678179146444e+00
6.863675335810231104e+01,5.310114008933648044e+00
6.865675907402115286e+01,5.484363222282807371e+00
6.867676478993999467e+01,5.100975745534061190e+00
6.869677050585882228e+01,6.321345987383990561e+00
6.871677622177764988e+01,5.219633172451644043e+00
6.873678193769649170e+01,6.568735170169333060e+00
6.875678765361531930e+01,6.656274613977733345e+00
6.877679336953414690e+01,6.182667149101177984e+00
6.879679908545298872e+01,6.231911275290341834e+00
6.881680480137183054e+01,6.439073751083319586e+00
6.883681051729065814e+01,5.664590961318406670e+00
6.885681623320948574e+01,5.475895263125459600e+00
6.887682194912832756e+01,6.516713357232159609e+00
6.889682766504716938e+01,5.880314787289336209e+00
6.891683338096599698e+01,5.851406285214859615e+00
6.893683909688482458e+01,6.055909978123491300e+00
6.895684481280366640e+01,7.247243367073386011e+00
6.897685052872249400e+01,6.774868595806168514e+00
6.899685624464132161e+01,7.870522568155583265e+00
6.901686196056016342e+01,7.729171487929896500e+00
6.903686767647900524e+01,7.633013022005140868e+00
6.905687339239783284e+01,7.744237704339640871e+00
6.907687910831666045e+01,8.164224727875339482e+00
6.909688482423550226e+01,8.699030754814927491e+00
6.911689054015432987e+01,8.624972751323319642e+00
6.913689625607315747e+01,8.043333620990907207e+00
6.915690197199199929e+01,9.302978918925338903e+00
6.917690768791084110e+01,8.684679365777082438e+00
6.919691340382966871e+01,8.870281305759263546e+00
6.921691911974849631e+01,9.356866325955271790e+00
6.923692483566733813e+01,9.680691406412105238e+00
6.925693055158617994e+01,9.169138163987559764e+00
6.927693626750500755e+01,8.782102940189766116e+00
6.929694198342383515e+01,9.339945044399563301e+00
6.931694769934267697e+01,9.379743994235354876e+00
6.933695341526150457e+01,8.665882888391873706e+00
6.935695913118033218e+01,8.573470617712134256e+00
6.937696484709917399e+01,9.239093260997293555e+00
6.939697056301801581e+01,8.548287817621245566e+00
6.941697627893684341e+01,8.561770306714022283e+00
6.943698199485567102e+01,8.460004347039504324e+00
6.945698771077451283e+01,8.607382155158344261e+00
6.947699342669335465e+01,7.709735703231137549e+00
6.949699914261216804e+01,8.639872946793527575e+00
6.951700485853100986e+01,8.850781061561590946e+00
6.953701057444985167e+01,8.705445402330390436e+00
6.955701629036867928e+01,8.535687051540303827e+00
6.957702200628750688e+01,8.508301648276098916e+00
6.959702772220634870e+01,8.287206334148391917e+00
6.961703343812519051e+01,8.542008586715533980e+00
6.963703915404401812e+01,8.131732716800208038e+00
6.965704486996284572e+01,8.154714616012377348e+00
6.967705058588168754e+01,8.005150150861872760e+00
6.969705630180051514e+01,7.908141588009285350e+00
6.971706201771934275e+01,7.252093939502472608e+00
6.973706773363818456e+01,7.019944358095848713e+00
6.975707344955702638e+01,7.548799786392720534e+00
6.977707916547585398e+01,6.739665538556586455e+00
6.979708488139468159e+01,7.301077249706127148e+00
6.981709059731352340e+01,5.829652013240179897e+00
6.983709631323236522e+01,6.013450299288083833e+00
6.985710202915119282e+01,5.380955321673017266e+00
6.987710774507002043e+01,5.373307892595393653e+00
6.989711346098886224e+01,5.259733951955167797e+00
6.991711917690768985e+01,5.552020440234120002e+00
6.993712489282651745e+01,4.469793129867108306e+00
6.995713060874535927e+01,5.233451209658478653e+00
6.997713632466420108e+01,4.967822949492621376e+00
6.999714204058302869e+01,4.926038703569785682e+00
7.001714775650185629e+01,5.264586971077268807e+00
7.003715347242069811e+01,4.322323774709011523e+00
7.005715918833952571e+01,4.986251189196430289e+00
7.007716490425835332e+01,4.926622820143471415e+00
7.009717062017719513e+01,4.976507689155472036e+00
7.011717633609603695e+01,4.904580845829036306e+00
7.013718205201486455e+01,4.862711687545792749e+00
7.015718776793369216e+01,5.501561824783655297e+00
7.017719348385253397e+01,5.029842046190104554e+00
7.019719919977137579e+01,6.142593271349829465e+00
7.021720491569020339e+01,5.943683020793979921e+00
7.023721063160903100e+01,6.419487570590235670e+00
7.025721634752787281e+01,6.157648213063598774e+00
7.027722206344670042e+01,6.938731734031123644e+00
7.029722777936552802e+01,6.835202475688086921e+00
7.031723349528436984e+01,6.926028606330085324e+00
7.033723921120321165e+01,7.053094045083866170e+00
7.035724492712203926e+01,7.579432857566634318e+00
7.037725064304086686e+01,8.251872537548536002e+00
7.039725635895970868e+01,8.139181926674705636e+00
7.041726207487855049e+01,8.667014642281763770e+00
7.043726779079736389e+01,8.340641443824615919e+00
7.045727350671620570e+01,9.384946470084958747e+00
7.047727922263504752e+01,9.592729606208246551e+00
7.049728493855387512e+01,9.382054216620097975e+00
7.051729065447270273e+01,8.788653474376291186e+00
7.053729637039154454e+01,8.086010692035825898e+00
7.055730208631038636e+01,8.326155147202634055e+00
7.057730780222921396e+01,9.431103516741233150e+00
7.059731351814804157e+01,8.523671356227950469e+00
7.061731923406688338e+01,7.568446848138837169e+00
7.063732494998571099e+01,8.693268476009274437e+00
7.065733066590453859e+01,8.611531464466686714e+00
7.067733638182338041e+01,7.509830365659301066e+00
7.069734209774222222e+01,8.860960447292445252e+00
7.071734781366104983e+01,8.237214117631918242e+00
7.073735352957987743e+01,7.396983326533016267e+00
7.075735924549871925e+01,8.212507491005011317e+00
7.077736496141756106e+01,7.959342209920412969e+00
7.079737067733638867e+01,7.702773822689623628e+00
7.081737639325521627e+01,8.117883824142227311e+00
7.083738210917405809e+01,8.376361454802271567e+00
7.085738782509288569e+01,7.941513699637194001e+00
7.087739354101171330e+01,7.515148757959554615e+00
7.089739925693055511e+01,7.894044170199391530e+00
7.091740497284939693e+01,8.004340286678788274e+00
7.093741068876822453e+01,7.609647836599016557e+00
7.095741640468705214e+01,6.344895019567999839e+00
7.097742212060589395e+01,6.209467786969439906e+00
7.099742783652472156e+01,6.661973645415478984e+00
7.101743355244354916e+01,6.853745672391935884e+00
7.103743926836239098e+01,6.562774423852864913e+00
7.105744498428123279e+01,5.828336253163364233e+00
7.107745070020006040e+01,6.217659593644474292e+00
7.109745641611888800e+01,5.797621982040586985e+00
7.111746213203772982e+01,5.524477733170643390e+00
7.113746784795657163e+01,5.039177092510886524e+00
7.115747356387539924e+01,5.185538722498239217e+00
7.117747927979422684e+01,5.517768497510193271e+00
7.119748499571306866e+01,5.550627867021766804e+00
7.121749071163189626e+01,4.800992109640190186e+00
7.123749642755072387e+01,5.605217257358202865e+00
7.125750214346956568e+01,5.751583688605691691e+00
7.127750785938840750e+01,5.663344904965997628e+00
7.129751357530723510e+01,5.518456972617252099e+00
7.131751929122606271e+01,5.869228297739473632e+00
7.133752500714490452e+01,6.247424505013399632e+00
7.135753072306374634e+01,6.113636223072228759e+00
7.137753643898255973e+01,5.888897029683267448e+00
7.139754215490140155e+01,5.781922570624306701e+00
7.141754787082024336e+01,6.560822693079504830e+00
7.143755358673907097e+01,6.331377557843387294e+00
7.145755930265789857e+01,5.926430871656744870e+00
7.147756501857674039e+01,6.898022213149805459e+00
7.149757073449558220e+01,7.280292146565933820e+00
7.151757645041440981e+01,7.100192251886184636e+00
7.153758216633323741e+01,7.036893448627049352e+00
7.155758788225207923e+01,6.289058345123987870e+00
7.157759359817090683e+01,7.911754786735897937e+00
7.159759931408973443e+01,7.078073651278213418e+00
7.161760503000857625e+01,7.168991103574590795e+00
7.163761074592741807e+01,8.377215929933637284e+00
7.165761646184624567e+01,7.874622831039638449e+00
7.167762217776507327e+01,7.646670057379228780e+00
7.169762789368391509e+01,8.743069915280642590e+00
7.171763360960275691e+01,8.407333350519110127e+00
7.173763932552158451e+01,9.236365971278647891e+00
7.175764504144041211e+01,9.481443494195966437e+00
7.177765075735925393e+01,1.021736345933469892e+01
7.179765647327808153e+01,1.040092698151604544e+01
7.181766218919690914e+01,1.030742406847819481e+01
7.183766790511575095e+01,1.102660302536560977e+01
7.185767362103459277e+01,1.060972987865190298e+01
7.187767933695342037e+01,1.163081004092763493e+01
7.189768505287224798e+01,1.199324725770527778e+01
7.191769076879108979e+01,1.179465302035450769e+01
7.193769648470991740e+01,1.224650701535475150e+01
7.195770220062874500e+01,1.344723914448252877e+01
7.197770791654758682e+01,1.335502814029682028e+01
7.199771363246642863e+01,1.365520662661882234e+01
7.201771934838525624e+01,1.419492909633809852e+01
7.203772506430408384e+01,1.413682484864690636e+01
7.205773078022292566e+01,1.505971029465858813e+01
7.207773649614176747e+01,1.554003946469142150e+01
7.209774221206059508e+01,1.642381274361669696e+01
7.211774792797942268e+01,1.715698488921982801e+01
7.213775364389826450e+01,1.762589956447654060e+01
7.215775935981709210e+01,1.815817237448536758e+01
7.217776507573591971e+01,1.825305741628685396e+01
7.219777079165476152e+01,1.895180968605878036e+01
7.221777650757360334e+01,2.002130484008490896e+01
7.223778222349243094e+01,1.966930349153757618e+01
7.225778793941125855e+01,1.967874305879840335e+01
7.227779365533010036e+01,1.980560904321923488e+01
7.229779937124894218e+01,1.983708321183661383e+01
7.231780508716775557e+01,1.851235321119444421e+01
7.233781080308659739e+01,1.956385487145851698e+01
7.235781651900543920e+01,1.840623267733483104e+01
7.237782223492426681e+01,1.827284089746222762e+01
7.239782795084309441e+01,1.714949283863384721e+01
7.241783366676193623e+01,1.708149685420461594e+01
7.243783938268077804e+01,1.662935535597916825e+01
7.245784509859960565e+01,1.550135267803836214e+01
7.247785081451843325e+01,1.454703161462008154e+01
7.249785653043727507e+01,1.474919384777862064e+01
7.251786224635610267e+01,1.422800422092678474e+01
7.253786796227493028e+01,1.449962161132368088e+01
7.255787367819377209e+01,1.347401559683802219e+01
7.257787939411261391e+01,1.327582501415125904e+01
7.259788511003144151e+01,1.312404882368599957e+01
7.261789082595026912e+01,1.312955414048677660e+01
7.263789654186911093e+01,1.182975712914731758e+01
7.265790225778795275e+01,1.292479710239132018e+01
7.267790797370678035e+01,1.261987739930560792e+01
7.269791368962560796e+01,1.196501896952835509e+01
7.271791940554444977e+01,1.143063066127269778e+01
7.273792512146327738e+01,1.222954811219572591e+01
7.275793083738210498e+01,1.217425036400491223e+01
7.277793655330094680e+01,1.135393650908919838e+01
7.279794226921978861e+01,1.182064967467673355e+01
7.281794798513861622e+01,1.161632752458886841e+01
7.283795370105744382e+01,1.237804987055880979e+01
7.285795941697628564e+01,1.246330533042326394e+01
7.287796513289511324e+01,1.356544803336186433e+01
7.289797084881394085e+01,1.375454279435853699e+01
7.291797656473278266e+01,1.344190306133979185e+01
7.293798228065162448e+01,1.464625632394174914e+01
7.295798799657045208e+01,1.476159250451262395e+01
7.297799371248927969e+01,1.370528197673205462e+01
7.299799942840812150e+01,1.446995605147085229e+01
7.301800514432696332e+01,1.513531725309760922e+01
7.303801086024579092e+01,1.448393441738404164e+01
7.305801657616461853e+01,1.391461588074253086e+01
7.307802229208346034e+01,1.379101030307747067e+01
7.309802800800228795e+01,1.375253186839570319e+01
7.311803372392111555e+01,1.418914955357720054e+01
7.313803943983995737e+01,1.327500333890037965e+01
7.315804515575879918e+01,1.290837043358653347e+01
7.317805087167762679e+01,1.317821067506631394e+01
7.319805658759645439e+01,1.262473463212671732e+01
7.321806230351529621e+01,1.329600424333201047e+01
7.323806801943413802e+01,1.201751249921416331e+01
7.325807373535295142e+01,1.112866122806164704e+01
7.327807945127179323e+01,1.090102436953045384e+01
7.329808516719063505e+01,1.060971873801447174e+01
7.331809088310946265e+01,1.011512060920610878e+01
7.333809659902829026e+01,1.024009909297738474e+01
7.335810231494713207e+01,9.074207150738276439e+00
7.337810803086597389e+01,8.820324942752895581e+00
7.339811374678480149e+01,8.117033657225077192e+00
7.341811946270362910e+01,8.408680409071834561e+00
7.343812517862247091e+01,8.047048421996993994e+00
7.345813089454129852e+01,7.136031593835335585e+00
7.347813661046012612e+01,8.099427115981921332e+00
7.349814232637896794e+01,7.486667794019318478e+00
7.351814804229780975e+01,8.260582259524477777e+00
7.353815375821663736e+01,6.863818750414441894e+00
7.355815947413546496e+01,7.640290994244183231e+00
7.357816519005430678e+01,7.611979058280317290e+00
7.359817090597314859e+01,7.219955115835145598e+00
7.361817662189197620e+01,7.400511901394732917e+00
7.363818233781080380e+01,7.531508562232287929e+00
7.365818805372964562e+01,7.571649062936129049e+00
7.367819376964847322e+01,7.508591724721879856e+00
7.369819948556730083e+01,7.586222734846096216e+00
7.371820520148614264e+01,7.775607976864046478e+00
7.373821091740498446e+01,8.258765388733765533e+00
7.375821663332381206e+01,7.791427771040214445e+00
7.377822234924263967e+01,7.876355707776774295e+00
7.379822806516148148e+01,7.392322122803607343e+00
7.381823378108030909e+01,6.834762292787804228e+00
7.383823949699913669e+01,6.747266773728992639e+00
7.385824521291797851e+01,6.993999603149513078e+00
7.387825092883682032e+01,7.203535451880654250e+00
7.389825664475564793e+01,7.284092141657762198e+00
7.391826236067447553e+01,6.288468492993390058e+00
7.393826807659331735e+01,6.700588905632247183e+00
7.395827379251215916e+01,6.169475727318211256e+00
7.397827950843098677e+01,6.274356354573537686e+00
7.399828522434981437e+01,6.628112831114349568e+00
7.401829094026865619e+01,5.862917624503991121e+00
7.403829665618748379e+01,5.919799917509676490e+00
7.405830237210632561e+01,6.136636706259874785e+00
7.407830808802515321e+01,6.066145710807993474e+00
7.409831380394398082e+01,6.174404485620778260e+00
7.411831951986282263e+01,5.661233847411101472e+00
7.413832523578165024e+01,5.590279731266317498e+00
7.415833095170049205e+01,6.248001653283543178e+00
7.417833666761931966e+01,5.105998653093145379e+00
7.419834238353816147e+01,4.608867722271861922e+00
7.421834809945698908e+01,5.453668997148417574e+00
7.423835381537583089e+01,5.648422381609028875e+00
7.425835953129465850e+01,5.494911079181053815e+00
7.427836524721348610e+01,5.391066432576653966e+00
7.429837096313232792e+01,5.376430178857727782e+00
7.431837667905115552e+01,5.267664568319522900e+00
7.433838239496999734e+01,5.361342912670451710e+00
7.435838811088882494e+01,5.591064605615317262e+00
7.437839382680766676e+01,5.706646539928672546e+00
7.439839954272649436e+01,4.653264576636841454e+00
7.441840525864533618e+01,5.865190277157378063e+00
7.443841097456416378e+01,5.768793229482036544e+00
7.445841669048300560e+01,5.750539296587833249e+00
7.447842240640183320e+01,5.215092270744721148e+00
7.449842812232066080e+01,5.471020941418376360e+00
7.451843383823950262e+01,5.980087545819409378e+00
7.453843955415833022e+01,5.407116020098539977e+00
7.455844527007717204e+01,5.898954076745482666e+00
7.457845098599599964e+01,6.148634390578756381e+00
7.459845670191484146e+01,5.393356052443444959e+00
7.461846241783366906e+01,5.680872928636383712e+00
7.463846813375251088e+01,5.270949337872906426e+00
7.465847384967133848e+01,5.396051796420977098e+00
7.467847956559016609e+01,5.450814144526770377e+00
7.469848528150900790e+01,5.513025470187979948e+00
7.471849099742783551e+01,5.542888848677689495e+00
7.473849671334667732e+01,5.622857166465378143e+00
7.475850242926550493e+01,5.986173082566276449e+00
7.477850814518434674e+01,5.422677136631127048e+00
7.479851386110317435e+01,4.574235040903407601e+00
7.481851957702201616e+01,5.138892479033732918e+00
7.483852529294084377e+01,5.911159342001020001e+00
7.485853100885967137e+01,4.859829087003284087e+00
7.487853672477851319e+01,4.967703545904997853e+00
7.489854244069734079e+01,5.477391617461588424e+00
7.491854815661618261e+01,5.452588545212079474e+00
7.493855387253501021e+01,5.734968721858100693e+00
7.495855958845385203e+01,6.244661694922566397e+00
7.497856530437267963e+01,5.858842019425107850e+00
7.499857102029152145e+01,6.144280213819534708e+00
7.501857673621034905e+01,5.813474636755996627e+00
7.503858245212917666e+01,5.412655871299181243e+00
7.505858816804801847e+01,6.907378983795970484e+00
7.507859388396684608e+01,6.422998786849563047e+00
7.509859959988568789e+01,5.688986304825183637e+00
7.511860531580451550e+01,6.481467236439726776e+00
7.513861103172335731e+01,5.484201217083320756e+00
7.515861674764218492e+01,6.703696986789873691e+00
7.517862246356102673e+01,5.731934809359731986e+00
7.519862817947985434e+01,5.317146271083013076e+00
7.521863389539868194e+01,5.080416732623577403e+00
7.523863961131752376e+01,5.880013948976605676e+00
7.525864532723635136e+01,5.261609986675007455e+00
7.527865104315519318e+01,5.379013531323495911e+00
7.529865675907402078e+01,5.158576127236821129e+00
7.531866247499286260e+01,5.664377029894335003e+00
7.533866819091169020e+01,5.092423856785340597e+00
7.535867390683053202e+01,4.738621846334999610e+00
7.537867962274935962e+01,5.454991612865370598e+00
7.539868533866820144e+01,4.528750030478718713e+00
7.541869105458702904e+01,4.871311055912945776e+00
7.543869677050585665e+01,4.899557201040130927e+00
7.545870248642469846e+01,4.730543884980825453e+00
7.547870820234352607e+01,4.990022223745009811e+00
7.549871391826236788e+01,5.344900292086670390e+00
7.551871963418119549e+01,5.438515152622779070e+00
7.553872535010003730e+01,4.706392974526560025e+00
7.555873106601886491e+01,5.012730746146654148e+00
7.557873678193770672e+01,5.369315327890710421e+00
7.559874249785653433e+01,6.029681981902860421e+00
7.561874821377536193e+01,5.666479170302957336e+00
7.563875392969420375e+01,5.410463538676794748e+00
7.565875964561303135e+01,5.886307291645085371e+00
7.567876536153187317e+01,4.972389140509100969e+00
7.569877107745070077e+01,5.338731174797800350e+00
7.571877679336954259e+01,4.792605323031619236e+00
7.573878250928837019e+01,5.653420951997379262e+00
7.575878822520721201e+01,5.741651013777209656e+00
7.577879394112603961e+01,5.716917889256917462e+00
7.579879965704486722e+01,4.844006142540660420e+00
7.581880537296370903e+01,5.207355602331628752e+00
7.583881108888253664e+01,5.615086025926756541e+00
7.585881680480137845e+01,5.071468125735095533e+00
7.587882252072020606e+01,4.875192775418280000e+00
7.589882823663904787e+01,5.767702964389466835e+00
7.591883395255787548e+01,5.052911248035346858e+00
7.593883966847671729e+01,5.193515261506682634e+00
7.595884538439554490e+01,5.749635327863976464e+00
7.597885110031437250e+01,5.082598479516792445e+00
7.599885681623321432e+01,5.390623792144238813e+00
7.601886253215204192e+01,5.230208800091356025e+00
7.603886824807088374e+01,4.635678850930188055e+00
7.605887396398971134e+01,6.003779196148403940e+00
7.607887967990855316e+01,5.324693298676993258e+00
7.609888539582738076e+01,4.711687715534580434e+00
7.611889111174622258e+01,5.255430638487957218e+00
7.613889682766505018e+01,5.204260165873861865e+00
7.615890254358387779e+01,4.579846560510015152e+00
7.617890825950271960e+01,4.596777160903789294e+00
7.619891397542154721e+01,5.000427705545924972e+00
7.621891969134038902e+01,4.879326208100240869e+00
7.623892540725921663e+01,4.571922692196466187e+00
7.625893112317805844e+01,4.125345680102988410e+00
7.627893683909688605e+01,4.514383276732116812e+00
7.629894255501572786e+01,5.212063920354955471e+00
7.631894827093455547e+01,4.593238914371765347e+00
7.633895398685339728e+01,3.626865066303520013e+00
7.635895970277222489e+01,4.820237704224109798e+00
7.637896541869105249e+01,3.817604893732482019e+00
7.639897113460989431e+01,3.572543431046312001e+00
7.641897685052872191e+01,4.190614657863548587e+00
7.643898256644756373e+01,4.424844230416251634e+00
7.645898828236639133e+01,3.668447900263810624e+00
7.647899399828523315e+01,3.645097579294902967e+00
7.649899971420406075e+01,4.840736734841970090e+00
7.651900543012290257e+01,4.661886443349226639e+00
7.653901114604173017e+01,4.029131952830973695e+00
7.655901686196055778e+01,4.047423629808708512e+00
7.657902257787939959e+01,3.922011481896836127e+00
7.659902829379822720e+01,3.415958673690110636e+00
7.661903400971706901e+01,4.334957587175511051e+00
7.663903972563589662e+01,3.408266001774365783e+00
7.665904544155473843e+01,3.832119331565357001e+00
7.667905115747356604e+01,4.405829426023569084e+00
7.669905687339240785e+01,4.043127163984855166e+00
7.671906258931123546e+01,4.040942864388688882e+00
7.673906830523006306e+01,3.316962310284234938e+00
7.675907402114890488e+01,3.435784181427866013e+00
7.677907973706773248e+01,3.952289952330267475e+00
7.679908545298657430e+01,3.318688533715209665e+00
7.681909116890540190e+01,3.007385671719987830e+00
7.683909688482424372e+01,3.696962122267878570e+00
7.685910260074307132e+01,3.501984274901031924e+00
7.687910831666191314e+01,3.299752796579327185e+00
7.689911403258074074e+01,3.527830712688474701e+00
7.691911974849956835e+01,4.105197369621932602e+00
7.693912546441841016e+01,3.507875127049325137e+00
7.695913118033723777e+01,3.664610766037886602e+00
7.697913689625607958e+01,4.041477444336267766e+00
7.699914261217490719e+01,4.348377597058529886e+00
7.701914832809374900e+01,3.605618708170281739e+00
7.703915404401257661e+01,3.325244050369080995e+00
7.705915975993141842e+01,3.777397402485289213e+00
7.707916547585024603e+01,3.896808399264582778e+00
7.709917119176907363e+01,4.208698700722676378e+00
7.711917690768791545e+01,3.115991092550366215e+00
7.713918262360674305e+01,4.234255439478791239e+00
7.715918833952558487e+01,3.918138241956746537e+00
7.717919405544441247e+01,3.188863910785202815e+00
7.719919977136325429e+01,3.734908503263162149e+00
7.721920548728208189e+01,3.560503711254077608e+00
7.723921120320092371e+01,3.376477074846251814e+00
7.725921691911975131e+01,3.931849017317913031e+00
7.727922263503859313e+01,4.014458932440692962e+00
7.729922835095742073e+01,3.268823309926038867e+00
7.731923406687624833e+01,3.745062327443453132e+00
7.733923978279509015e+01,3.690198804366742635e+00
7.735924549871391775e+01,3.121485900968449911e+00
7.737925121463275957e+01,3.773650443571263668e+00
7.739925693055158717e+01,4.553874603207615834e+00
7.741926264647042899e+01,3.626641818864803746e+00
7.743926836238925659e+01,4.097927891809785450e+00
7.745927407830809841e+01,3.658709639060835350e+00
7.747927979422692601e+01,4.132629348527137481e+00
7.749928551014575362e+01,3.326481408032765152e+00
7.751929122606459543e+01,3.854163573267249010e+00
7.753929694198342304e+01,3.442768101002030789e+00
7.755930265790226485e+01,4.223945322776534894e+00
7.757930837382109246e+01,4.141888237616693225e+00
7.759931408973993427e+01,3.723738107659116281e+00
7.761931980565876188e+01,4.530842623830478644e+00
7.763932552157760369e+01,3.918047894562760369e+00
7.765933123749643130e+01,4.141161756520632231e+00
7.767933695341525890e+01,2.948073890712507694e+00
7.769934266933410072e+01,3.931675846006748909e+00
7.771934838525292832e+01,3.823923941339317789e+00
7.773935410117177014e+01,4.516021697797211409e+00
7.775935981709059774e+01,4.049164347457730351e+00
7.777936553300943956e+01,3.908928123796092446e+00
7.779937124892826716e+01,4.344816965804260356e+00
7.781937696484710898e+01,3.200541458080096380e+00
7.783938268076593658e+01,3.729482272441592805e+00
7.785938839668476419e+01,3.362189993799153065e+00
7.787939411260360600e+01,4.426920392919435621e+00
7.789939982852243361e+01,3.504129299997742475e+00
7.791940554444127542e+01,4.114366244571178832e+00
7.793941126036010303e+01,3.900764981926967412e+00
7.795941697627894484e+01,4.045840345532759841e+00
7.797942269219777245e+01,4.098003765707725954e+00
7.799942840811661426e+01,3.679133955861651817e+00
7.801943412403544187e+01,3.598805900249019807e+00
7.803943983995426947e+01,4.759713234170396490e+00
7.805944555587311129e+01,5.129717658261435886e+00
7.807945127179193889e+01,5.085234069037291249e+00
7.809945698771078071e+01,4.322012440760703456e+00
7.811946270362960831e+01,5.302254867216230849e+00
7.813946841954845013e+01,5.543284534519953510e+00
7.815947413546727773e+01,5.121469805098108452e+00
7.817947985138611955e+01,5.876348470436914440e+00
7.819948556730494715e+01,6.114864592507117003e+00
7.821949128322378897e+01,6.254363871268580510e+00
7.823949699914261657e+01,7.762087932910052501e+00
7.825950271506144418e+01,6.539900376241770452e+00
7.827950843098028599e+01,7.745056315513066281e+00
7.829951414689911360e+01,7.327407967848272641e+00
7.831951986281795541e+01,7.710238418518032155e+00
7.833952557873678302e+01,7.936740272487277537e+00
7.835953129465562483e+01,7.579749547827038469e+00
7.837953701057445244e+01,7.403669272474496132e+00
7.839954272649329425e+01,8.358598219093991588e+00
7.841954844241212186e+01,7.614654080886372967e+00
7.843955415833094946e+01,7.859679111850496724e+00
7.845955987424979128e+01,8.700288373157716748e+00
7.847956559016861888e+01,8.405105191812801024e+00
7.849957130608746070e+01,9.156235356688549487e+00
7.851957702200628830e+01,8.625027529516870572e+00
7.853958273792513012e+01,9.206552050869856174e+00
7.855958845384395772e+01,9.603783894935446597e+00
7.857959416976279954e+01,8.937134784156569367e+00
7.859959988568162714e+01,8.288511922235507257e+00
7.861960560160045475e+01,8.244297763360890485e+00
7.863961131751929656e+01,8.554596235032061458e+00
7.865961703343812417e+01,8.467143140462855655e+00
7.867962274935696598e+01,8.086786840851370783e+00
7.869962846527579359e+01,7.774164271596665898e+00
7.871963418119463540e+01,7.807676750190781334e+00
7.873963989711346301e+01,6.966321510220087276e+00
7.875964561303230482e+01,6.766526496614739372e+00
7.877965132895113243e+01,6.710290617605320307e+00
7.879965704486996003e+01,6.680305568830029017e+00
7.881966276078880185e+01,6.394104516312834718e+00
7.883966847670762945e+01,5.415680115389469584e+00
7.885967419262647127e+01,6.367799033121348984e+00
7.887967990854529887e+01,6.578666119209634289e+00
7.889968562446414069e+01,5.417198642748405568e+00
7.891969134038296829e+01,6.874882147852235725e+00
7.893969705630181011e+01,5.569866564121538133e+00
7.895970277222063771e+01,6.712580025829254282e+00
7.897970848813946532e+01,6.707834925134230630e+00
7.899971420405830713e+01,6.362057309590356979e+00
7.901971991997713474e+01,7.134758210859965644e+00
7.903972563589597655e+01,7.241459487955925312e+00
7.905973135181480416e+01,7.374330714839370415e+00
7.907973706773364597e+01,7.151963585670535473e+00
7.909974278365247358e+01,7.749319166882413512e+00
7.911974849957131539e+01,7.995651814022671999e+00
7.913975421549014300e+01,7.162081717936082725e+00
7.915975993140898481e+01,6.823849640842015063e+00
7.917976564732781242e+01,7.687063928961038073e+00
7.919977136324664002e+01,7.060660515872387855e+00
7.921977707916548184e+01,7.492849199951683303e+00
7.923978279508430944e+01,7.323739746862537814e+00
7.925978851100315126e+01,6.979580493847558742e+00
7.927979422692197886e+01,7.032999489373283453e+00
7.929979994284082068e+01,7.454780864702622800e+00
7.931980565875964828e+01,7.538907903292273005e+00
7.933981137467849010e+01,8.557494467074455713e+00
7.935981709059731770e+01,7.712091010412725822e+00
7.937982280651614531e+01,7.657290853457260127e+00
7.939982852243498712e+01,8.229764925358114880e+00
7.941983423835381473e+01,8.703910314874610421e+00
7.943983995427265654e+01,8.377889483763643952e+00
7.945984567019148415e+01,9.088633192356123658e+00
7.947985138611032596e+01,9.112829618350717809e+00
7.949985710202915357e+01,9.329836787241017504e+00
7.951986281794799538e+01,9.646964377316219696e+00
7.953986853386682299e+01,1.000972701441919099e+01
7.955987424978565059e+01,9.144663742314023125e+00
7.957987996570449241e+01,9.653855884535889942e+00
7.959988568162332001e+01,9.430492406844484421e+00
7.961989139754216183e+01,9.347175404747403604e+00
7.963989711346098943e+01,9.536611166981924015e+00
7.965990282937983125e+01,9.715415934232270345e+00
7.967990854529865885e+01,9.022416308777611249e+00
7.969991426121750067e+01,9.489007089179107624e+00
7.971991997713632827e+01,8.867606896137436578e+00
7.973992569305515588e+01,8.709074742361162080e+00
7.975993140897399769e+01,9.083748201531973265e+00
7.977993712489282530e+01,8.943696354941488735e+00
7.979994284081166711e+01,8.752228168701392974e+00
7.981994855673049472e+01,8.610421890953885438e+00
7.983995427264933653e+01,8.487497752742768853e+00
7.985995998856816414e+01,8.188339197040424011e+00
7.987996570448700595e+01,7.820016835175131575e+00
7.989997142040583356e+01,8.339985506022198791e+00
7.991997713632466116e+01,8.050938882710809708e+00
7.993998285224350298e+01,8.614299767554612686e+00
7.995998856816233058e+01,7.979522553375579363e+00
7.997999428408117240e+01,8.464183796025315232e+00
8.000000000000000000e+01,5.424934059493702776e+00
