angle,intensity
1.000000000000000000e+01,1.207312194033567820e+00
1.002000571591883471e+01,4.320630008329760408e+00
1.004001143183766764e+01,4.615973096806531117e+00
1.006001714775650235e+01,4.376823887907468347e+00
1.008002286367533529e+01,4.241757220122083893e+00
1.010002857959417000e+01,4.722219660210177139e+00
1.012003429551300293e+01,3.957722716810395447e+00
1.014004001143183764e+01,4.372919450589351165e+00
1.016004572735067235e+01,4.062627434360969403e+00
1.018005144326950528e+01,4.372226511000222082e+00
1.020005715918833999e+01,4.320507724379631043e+00
1.022006287510717293e+01,4.000622685254349165e+00
1.024006859102600764e+01,4.962139480931746505e+00
1.026007430694484057e+01,4.473777758673561422e+00
1.028008002286367528e+01,4.502369266912103818e+00
1.030008573878250999e+01,5.088611156306237504e+00
1.032009145470134293e+01,5.656194307858298131e+00
1.034009717062017764e+01,4.515636794141296484e+00
1.036010288653901057e+01,5.256606652652979328e+00
1.038010860245784528e+01,5.402518266813574499e+00
1.040011431837667999e+01,5.105774240546129938e+00
1.042012003429551292e+01,5.460806356060430744e+00
1.044012575021434763e+01,5.525945448189770737e+00
1.046013146613318057e+01,5.906264921332331497e+00
1.048013718205201528e+01,6.047274436004208553e+00
1.050014289797084821e+01,6.940717353222127350e+00
1.052014861388968292e+01,6.661283401566588935e+00
1.054015432980851585e+01,6.340694126818651633e+00
1.056016004572735056e+01,7.194727382460179399e+00
1.058016576164618527e+01,7.053825954543103904e+00
1.060017147756501821e+01,6.330523548815834012e+00
1.062017719348385292e+01,6.740970917167107501e+00
1.064018290940268585e+01,7.319538300208174419e+00
1.066018862532152056e+01,7.534119490228997407e+00
1.068019434124035527e+01,7.551936930660471781e+00
1.070020005715918820e+01,7.574869590799560015e+00
1.072020577307802292e+01,8.536918202783459364e+00
1.074021148899685585e+01,8.032002324207587307e+00
1.076021720491569056e+01,7.768822095131072913e+00
1.078022292083452349e+01,8.141815787582933339e+00
1.080022863675335820e+01,8.940297217111890404e+00
1.082023435267219291e+01,8.280669101838149970e+00
1.084024006859102585e+01,8.452692012723085568e+00
1.086024578450986056e+01,9.292110309893793385e+00
1.088025150042869349e+01,9.146822780621373994e+00
1.090025721634752820e+01,9.944909847907679179e+00
1.092026293226636113e+01,9.705635213069637501e+00
1.094026864818519584e+01,9.362732139303439283e+00
1.096027436410403055e+01,9.598496303521658390e+00
1.098028008002286349e+01,1.053800154444352266e+01
1.100028579594169820e+01,1.050064662064892040e+01
1.102029151186053113e+01,1.034390231884452582e+01
1.104029722777936584e+01,1.145543947836599408e+01
1.106030294369819877e+01,1.053339395796958300e+01
1.108030865961703348e+01,1.127075615460256763e+01
1.110031437553586819e+01,1.164745582985729833e+01
1.112032009145470113e+01,1.154334052122726284e+01
1.114032580737353584e+01,1.196274006223995201e+01
1.116033152329236877e+01,1.242187857079218105e+01
1.118033723921120348e+01,1.214418372519898170e+01
1.120034295513003642e+01,1.233545100341352629e+01
1.122034867104887113e+01,1.344650015720885072e+01
1.124035438696770584e+01,1.273605489529982648e+01
1.126036010288653877e+01,1.336190822265899669e+01
1.128036581880537348e+01,1.382397702539248741e+01
1.130037153472420641e+01,1.403722722066109441e+01
1.132037725064304112e+01,1.446329738592289971e+01
1.134038296656187583e+01,1.487868480774533353e+01
1.136038868248070877e+01,1.525096328303086324e+01
1.138039439839954348e+01,1.446488934835961793e+01
1.140040011431837641e+01,1.494636498640952915e+01
1.142040583023721112e+01,1.529140107615152999e+01
1.144041154615604405e+01,1.606002632943239306e+01
1.146041726207487876e+01,1.620740800900895096e+01
1.148042297799371170e+01,1.680565727507502061e+01
1.150042869391254641e+01,1.633281805739262182e+01
1.152043440983138112e+01,1.681805692732086044e+01
1.154044012575021405e+01,1.642243399963676609e+01
1.156044584166904876e+01,1.761038281280738360e+01
1.158045155758788169e+01,1.650526265510236001e+01
1.160045727350671640e+01,1.688676035418530930e+01
1.162046298942555111e+01,1.626507192302970850e+01
1.164046870534438405e+01,1.738344668977556751e+01
1.166047442126321876e+01,1.641000392635972105e+01
1.168048013718205169e+01,1.667419582727606553e+01
1.170048585310088640e+01,1.633346637855927952e+01
1.172049156901971934e+01,1.606063012311482652e+01
1.174049728493855405e+01,1.629844762852612305e+01
1.176050300085738698e+01,1.558551778514178565e+01
1.178050871677622169e+01,1.550707669956635826e+01
1.180051443269505640e+01,1.454429507900212748e+01
1.182052014861388933e+01,1.348020783636309616e+01
1.184052586453272404e+01,1.369930752424040321e+01
1.186053158045155698e+01,1.184579192443325368e+01
1.188053729637039169e+01,1.121098781189272131e+01
1.190054301228922640e+01,1.045824082592862680e+01
1.192054872820805933e+01,1.115602376426057418e+01
1.194055444412689404e+01,9.463306786987690344e+00
1.196056016004572697e+01,8.676347055400112751e+00
1.198056587596456168e+01,9.160304115116767676e+00
1.200057159188339639e+01,8.576117096589214839e+00
1.202057730780222933e+01,7.770041543717951527e+00
1.204058302372106226e+01,7.339251384208038687e+00
1.206058873963989697e+01,7.413857013589849387e+00
1.208059445555873168e+01,6.955315213832577115e+00
1.210060017147756461e+01,8.115826043338911333e+00
1.212060588739639932e+01,7.052366261550757187e+00
1.214061160331523226e+01,8.192162360870295146e+00
1.216061731923406697e+01,7.815063781548120758e+00
1.218062303515290168e+01,8.141278755701772951e+00
1.220062875107173461e+01,7.140186523412733521e+00
1.222063446699056932e+01,8.269044320893302213e+00
1.224064018290940226e+01,8.506381380333220221e+00
1.226064589882823697e+01,8.140515183262255761e+00
1.228065161474707168e+01,8.501762484210665605e+00
1.230065733066590461e+01,8.266660048268922978e+00
1.232066304658473754e+01,8.440768195216305614e+00
1.234066876250357225e+01,8.420795023639314536e+00
1.236067447842240696e+01,9.262024184180122077e+00
1.238068019434123990e+01,8.102828698191043344e+00
1.240068591026007461e+01,9.112742446477339442e+00
1.242069162617890754e+01,8.262784953919645403e+00
1.244069734209774225e+01,8.357993873845972033e+00
1.246070305801657696e+01,8.702708576989557798e+00
1.248070877393540989e+01,9.179895433257200921e+00
1.250071448985424460e+01,9.186846096220426361e+00
1.252072020577307754e+01,9.190738354391664089e+00
1.254072592169191225e+01,8.904367463931004423e+00
1.256073163761074696e+01,9.163849220436350862e+00
1.258073735352957989e+01,9.253535243811262134e+00
1.260074306944841460e+01,8.607524184727838090e+00
1.262074878536724754e+01,9.094735702667223975e+00
1.264075450128608225e+01,9.801606736448864154e+00
1.266076021720491518e+01,9.065592525950695091e+00
1.268076593312374989e+01,8.426597597790417282e+00
1.270077164904258282e+01,8.439536302163647363e+00
1.272077736496141753e+01,8.975414956773914099e+00
1.274078308088025224e+01,8.933394285885690067e+00
1.276078879679908518e+01,9.085089535843975384e+00
1.278079451271791989e+01,8.316471123502230611e+00
1.280080022863675282e+01,8.653808586933539715e+00
1.282080594455558753e+01,8.440544275587456013e+00
1.284081166047442224e+01,9.401668916611338744e+00
1.286081737639325517e+01,9.028195626447832467e+00
1.288082309231208988e+01,8.884108963933375236e+00
1.290082880823092282e+01,9.169710078172240486e+00
1.292083452414975753e+01,9.510458627608754156e+00
1.294084024006859224e+01,9.648048869988535614e+00
1.296084595598742517e+01,9.327428599681425681e+00
1.298085167190625810e+01,1.006113760876040786e+01
1.300085738782509281e+01,1.000146380997340323e+01
1.302086310374392752e+01,9.543958395423681296e+00
1.304086881966276046e+01,1.070943316295139702e+01
1.306087453558159517e+01,1.092730278923133369e+01
1.308088025150042810e+01,1.004015929218164871e+01
1.310088596741926281e+01,1.129679016583986062e+01
1.312089168333809752e+01,1.144690275130233381e+01
1.314089739925693046e+01,1.184554818348603433e+01
1.316090311517576517e+01,1.162039981218681461e+01
1.318090883109459810e+01,1.216776807270642635e+01
1.320091454701343281e+01,1.257428532340360405e+01
1.322092026293226752e+01,1.210858064857890426e+01
1.324092597885110045e+01,1.173963348545761143e+01
1.326093169476993339e+01,1.251137396136407709e+01
1.328093741068876810e+01,1.280288748749663696e+01
1.330094312660760281e+01,1.323722701532917156e+01
1.332094884252643574e+01,1.247605336937004239e+01
1.334095455844527045e+01,1.339853787808873165e+01
1.336096027436410338e+01,1.259058065277197258e+01
1.338096599028293809e+01,1.242070361465536443e+01
1.340097170620177280e+01,1.241178629965869007e+01
1.342097742212060574e+01,1.287012812062178213e+01
1.344098313803944045e+01,1.237047936418144900e+01
1.346098885395827338e+01,1.169286874129062603e+01
1.348099456987710809e+01,1.149409168873360088e+01
1.350100028579594280e+01,1.206230808267356913e+01
1.352100600171477573e+01,1.077802187031877601e+01
1.354101171763361044e+01,1.009748010984113797e+01
1.356101743355244338e+01,1.046752662156490565e+01
1.358102314947127809e+01,9.884133586133543758e+00
1.360102886539011102e+01,8.870159841391171085e+00
1.362103458130894573e+01,8.158389884201342923e+00
1.364104029722777867e+01,7.646366292469291892e+00
1.366104601314661338e+01,7.588359337135403671e+00
1.368105172906544809e+01,7.576436660304361581e+00
1.370105744498428102e+01,7.279122835603748953e+00
1.372106316090311573e+01,6.562977013520280067e+00
1.374106887682194866e+01,5.305730971904859317e+00
1.376107459274078337e+01,5.480083491205395063e+00
1.378108030865961808e+01,6.046312092321953102e+00
1.380108602457845102e+01,4.702320127107524783e+00
1.382109174049728573e+01,5.046398621011691787e+00
1.384109745641611866e+01,4.653068594123835666e+00
1.386110317233495337e+01,4.847833211406827658e+00
1.388110888825378808e+01,4.805907868165816055e+00
1.390111460417262101e+01,5.106864895983816766e+00
1.392112032009145395e+01,4.485518577087899139e+00
1.394112603601028866e+01,4.010396719345216354e+00
1.396113175192912337e+01,3.606703709215988596e+00
1.398113746784795630e+01,3.898148590071777164e+00
1.400114318376679101e+01,3.600886364832673436e+00
1.402114889968562395e+01,3.776963361800160790e+00
1.404115461560445866e+01,3.069239331814446636e+00
1.406116033152329337e+01,2.951251355389349129e+00
1.408116604744212630e+01,3.181124223542437068e+00
1.410117176336095923e+01,3.003033264035167349e+00
1.412117747927979394e+01,3.232353747254623766e+00
1.414118319519862865e+01,3.120567813962830783e+00
1.416118891111746336e+01,3.467285243474973022e+00
1.418119462703629630e+01,3.129062545415183028e+00
1.420120034295512923e+01,2.734597617302914507e+00
1.422120605887396394e+01,2.779224965869280695e+00
1.424121177479279865e+01,2.716587112587029118e+00
1.426121749071163336e+01,2.357201745612522714e+00
1.428122320663046629e+01,2.479728615499917854e+00
1.430122892254929923e+01,2.916613678453674030e+00
1.432123463846813394e+01,2.504038665668013142e+00
1.434124035438696865e+01,2.855781230047173658e+00
1.436124607030580158e+01,2.788282653725662197e+00
1.438125178622463629e+01,2.347345548418152461e+00
1.440125750214346922e+01,3.379981081785728314e+00
1.442126321806230393e+01,3.022629032000452742e+00
1.444126893398113864e+01,2.833547083130522282e+00
1.446127464989997158e+01,3.292148310389229948e+00
1.448128036581880451e+01,3.394510385823516607e+00
1.450128608173763922e+01,3.143475484612998194e+00
1.452129179765647393e+01,3.468486305619320920e+00
1.454129751357530864e+01,2.621278080370861296e+00
1.456130322949414158e+01,2.768369924061933940e+00
1.458130894541297451e+01,3.047703777010554393e+00
1.460131466133180922e+01,3.531451516355774700e+00
1.462132037725064393e+01,3.674228022972677365e+00
1.464132609316947686e+01,2.949391736411582698e+00
1.466133180908831157e+01,3.594577626841302553e+00
1.468133752500714451e+01,3.689403728472990807e+00
1.470134324092597922e+01,3.103322436352780045e+00
1.472134895684481393e+01,3.560774404306991769e+00
1.474135467276364686e+01,3.003435223916304686e+00
1.476136038868247979e+01,3.430983190787263215e+00
1.478136610460131450e+01,3.133691528124511905e+00
1.480137182052014921e+01,4.170275594668980901e+00
1.482137753643898392e+01,4.574069397377238388e+00
1.484138325235781686e+01,4.702042328078059441e+00
1.486138896827664979e+01,4.882162689248173315e+00
1.488139468419548450e+01,4.051685159972999273e+00
1.490140040011431921e+01,4.162243147001550625e+00
1.492140611603315392e+01,4.885353987197347259e+00
1.494141183195198685e+01,4.246312657547888669e+00
1.496141754787081979e+01,4.145374984137754737e+00
1.498142326378965450e+01,4.465643613191231154e+00
1.500142897970848921e+01,5.497426850310592528e+00
1.502143469562732214e+01,4.675884529473717244e+00
1.504144041154615508e+01,5.032619251013734640e+00
1.506144612746498979e+01,4.733419633172584184e+00
1.508145184338382450e+01,4.682671865256067711e+00
1.510145755930265921e+01,5.190559712753675115e+00
1.512146327522149214e+01,5.509943251503298001e+00
1.514146899114032507e+01,5.478562632724885972e+00
1.516147470705915978e+01,6.276047498849786521e+00
1.518148042297799449e+01,6.276353352123945406e+00
1.520148613889682920e+01,5.633248319554577499e+00
1.522149185481566214e+01,5.897232761120473121e+00
1.524149757073449507e+01,6.748925128672397022e+00
1.526150328665332978e+01,6.838667272340412495e+00
1.528150900257216449e+01,7.317007328708263536e+00
1.530151471849099742e+01,7.807465738352434848e+00
1.532152043440983036e+01,8.210166863936391834e+00
1.534152615032866507e+01,7.036438761660650520e+00
1.536153186624749978e+01,8.855286982900068438e+00
1.538153758216633449e+01,8.429404096834259619e+00
1.540154329808516742e+01,8.784893856769663500e+00
1.542154901400400036e+01,9.145819703222899832e+00
1.544155472992283507e+01,9.375920821040047315e+00
1.546156044584166978e+01,9.254366202546455256e+00
1.548156616176050449e+01,9.342725916296789279e+00
1.550157187767933742e+01,1.022608130515278191e+01
1.552157759359817035e+01,1.085472990560025508e+01
1.554158330951700506e+01,9.955727749868843901e+00
1.556158902543583977e+01,1.135893596065100297e+01
1.558159474135467271e+01,1.105566446395456914e+01
1.560160045727350742e+01,1.155335267296741009e+01
1.562160617319234035e+01,1.186217678581966695e+01
1.564161188911117506e+01,1.198137564598471450e+01
1.566161760503000977e+01,1.224190032097347469e+01
1.568162332094884270e+01,1.298550157123202986e+01
1.570162903686767564e+01,1.303067250921303710e+01
1.572163475278651035e+01,1.426789592085181013e+01
1.574164046870534506e+01,1.463019688555300313e+01
1.576164618462417977e+01,1.430089323225857179e+01
1.578165190054301270e+01,1.506131249627651947e+01
1.580165761646184563e+01,1.563930780554936462e+01
1.582166333238068034e+01,1.529369954067931303e+01
1.584166904829951505e+01,1.673783359631563883e+01
1.586167476421834799e+01,1.709967822564555817e+01
1.588168048013718270e+01,1.777688136388215767e+01
1.590168619605601563e+01,1.767604202765160082e+01
1.592169191197485034e+01,1.857892850663558448e+01
1.594169762789368505e+01,1.888924039986296677e+01
1.596170334381251799e+01,1.896957724063962658e+01
1.598170905973135092e+01,1.996780869946695702e+01
1.600171477565018563e+01,2.044003734088006041e+01
1.602172049156902034e+01,2.175270866527186797e+01
1.604172620748785505e+01,2.158720097237362623e+01
1.606173192340668976e+01,2.350629929716336619e+01
1.608173763932552092e+01,2.333878048988302467e+01
1.610174335524435563e+01,2.401685695049674507e+01
1.612174907116319034e+01,2.419184986988656405e+01
1.614175478708202505e+01,2.562096125101255950e+01
1.616176050300085620e+01,2.618825832135687648e+01
1.618176621891969091e+01,2.626885130778819999e+01
1.620177193483852562e+01,2.760711496618495531e+01
1.622177765075736033e+01,2.840898567867161262e+01
1.624178336667619504e+01,2.887916058763071447e+01
1.626178908259502620e+01,2.984794180232660921e+01
1.628179479851386091e+01,3.130831920877502839e+01
1.630180051443269562e+01,3.112711518860249527e+01
1.632180623035153033e+01,3.207458706649578062e+01
1.634181194627036149e+01,3.236518349644456549e+01
1.636181766218919620e+01,3.370828389695090976e+01
1.638182337810803091e+01,3.380676437329532291e+01
1.640182909402686562e+01,3.433895796610575246e+01
1.642183480994570033e+01,3.426320663869964278e+01
1.644184052586453504e+01,3.480716311707113420e+01
1.646184624178336620e+01,3.479913724133024289e+01
1.648185195770220091e+01,3.460695495230964269e+01
1.650185767362103562e+01,3.346096750646485418e+01
1.652186338953986677e+01,3.444024306356772769e+01
1.654186910545870148e+01,3.330315256116426781e+01
1.656187482137753619e+01,3.182244855702044006e+01
1.658188053729637090e+01,3.183607102848865722e+01
1.660188625321520561e+01,3.049867771196578659e+01
1.662189196913404032e+01,2.796456622914750767e+01
1.664189768505287148e+01,2.727458946753198532e+01
1.666190340097170619e+01,2.603944375075729667e+01
1.668190911689054090e+01,2.448675959721165540e+01
1.670191483280937561e+01,2.294261118758920759e+01
1.672192054872820677e+01,2.162769580962043392e+01
1.674192626464704148e+01,2.091798499316724858e+01
1.676193198056587619e+01,1.935564520143518052e+01
1.678193769648471090e+01,1.807936219886703810e+01
1.680194341240354561e+01,1.713623569810244973e+01
1.682194912832238032e+01,1.587585049924902236e+01
1.684195484424121148e+01,1.510496399004475165e+01
1.686196056016004619e+01,1.433934953742174478e+01
1.688196627607888090e+01,1.332904917292109204e+01
1.690197199199771205e+01,1.327404055539114225e+01
1.692197770791654676e+01,1.238687301096780580e+01
1.694198342383538147e+01,1.148528453437542574e+01
1.696198913975421618e+01,1.145775983019339250e+01
1.698199485567305089e+01,1.245339812926438938e+01
1.700200057159188560e+01,1.166597548174711108e+01
1.702200628751071676e+01,1.103360256477450996e+01
1.704201200342955147e+01,1.199719107776843963e+01
1.706201771934838618e+01,1.167608847862191013e+01
1.708202343526722089e+01,1.120032292798731000e+01
1.710202915118605205e+01,1.189340811340692561e+01
1.712203486710488676e+01,1.211551461133247187e+01
1.714204058302372147e+01,1.218197866825162556e+01
1.716204629894255618e+01,1.266341942302104151e+01
1.718205201486139089e+01,1.270574202109518680e+01
1.720205773078022204e+01,1.274615047825531811e+01
1.722206344669905675e+01,1.221548872091062599e+01
1.724206916261789146e+01,1.290455632533926789e+01
1.726207487853672617e+01,1.399434087729943954e+01
1.728208059445555733e+01,1.356236750112644529e+01
1.730208631037439204e+01,1.341730340677861122e+01
1.732209202629322675e+01,1.433094183514783282e+01
1.734209774221206146e+01,1.322168412153170536e+01
1.736210345813089617e+01,1.387062332256405917e+01
1.738210917404973088e+01,1.388930805615168040e+01
1.740211488996856204e+01,1.418690958124050105e+01
1.742212060588739675e+01,1.380804939381030572e+01
1.744212632180623146e+01,1.423828812630615381e+01
1.746213203772506262e+01,1.356182210996862558e+01
1.748213775364389733e+01,1.376631809320410227e+01
1.750214346956273204e+01,1.329477212752569315e+01
1.752214918548156675e+01,1.416691297383849601e+01
1.754215490140040146e+01,1.408024467045436445e+01
1.756216061731923617e+01,1.461089102128454797e+01
1.758216633323806732e+01,1.443470539284116505e+01
1.760217204915690203e+01,1.525576408526981353e+01
1.762217776507573674e+01,1.574116334282510188e+01
1.764218348099457145e+01,1.562891701718107740e+01
1.766218919691340261e+01,1.584948039828823951e+01
1.768219491283223732e+01,1.683013446640615030e+01
1.770220062875107203e+01,1.757938920884286205e+01
1.772220634466990674e+01,1.766721948947284915e+01
1.774221206058874145e+01,1.884523781601579628e+01
1.776221777650757616e+01,1.935082105336128677e+01
1.778222349242640732e+01,2.005530960459124756e+01
1.780222920834524203e+01,2.030834004908605550e+01
1.782223492426407674e+01,2.207642970024772922e+01
1.784224064018290790e+01,2.259138755928857378e+01
1.786224635610174261e+01,2.450239631751637503e+01
1.788225207202057732e+01,2.492429599272999496e+01
1.790225778793941203e+01,2.584014112101172600e+01
1.792226350385824674e+01,2.699942661900260887e+01
1.794226921977708145e+01,2.759405424892682390e+01
1.796227493569591260e+01,2.829892343833055790e+01
1.798228065161474731e+01,2.949302658803042831e+01
1.800228636753358202e+01,3.034438272498581668e+01
1.802229208345241318e+01,3.158180449731786865e+01
1.804229779937124789e+01,3.239726755899330612e+01
1.806230351529008260e+01,3.354387575287719869e+01
1.808230923120891731e+01,3.516032994610023366e+01
1.810231494712775202e+01,3.629714537918425776e+01
1.812232066304658673e+01,3.706851874605355590e+01
1.814232637896542144e+01,3.796042470961018722e+01
1.816233209488425260e+01,3.978099348122054835e+01
1.818233781080308731e+01,3.970732217813433351e+01
1.820234352672191847e+01,4.113267349311196597e+01
1.822234924264075318e+01,4.265278631920480024e+01
1.824235495855958789e+01,4.396808799638164800e+01
1.826236067447842260e+01,4.479940872683226871e+01
1.828236639039725731e+01,4.655981664877419490e+01
1.830237210631609202e+01,4.776738191341715378e+01
1.832237782223492673e+01,4.873645094117074450e+01
1.834238353815375788e+01,4.989815115213103525e+01
1.836238925407259259e+01,5.225255743405264042e+01
1.838239496999142730e+01,5.310029542397391822e+01
1.840240068591025846e+01,5.514211332121045928e+01
1.842240640182909317e+01,5.568803924217802859e+01
1.844241211774792788e+01,5.723335155106584438e+01
1.846241783366676259e+01,5.794526481793895556e+01
1.848242354958559730e+01,5.900269343370840147e+01
1.850242926550443201e+01,6.071009471190654239e+01
1.852243498142326672e+01,6.101685087893396542e+01
1.854244069734209788e+01,6.127256327956652626e+01
1.856244641326093259e+01,6.357676258449360773e+01
1.858245212917976374e+01,6.387769410239679502e+01
1.860245784509859845e+01,6.374804324395338284e+01
1.862246356101743316e+01,6.558318653440547052e+01
1.864246927693626787e+01,6.580707893778668449e+01
1.866247499285510258e+01,6.686320334342448746e+01
1.868248070877393729e+01,6.847171481388937764e+01
1.870248642469277200e+01,6.984718929407790711e+01
1.872249214061160316e+01,7.043041537612035086e+01
1.874249785653043787e+01,7.198287638468636374e+01
1.876250357244927258e+01,7.240869976744818359e+01
1.878250928836810374e+01,7.392163714857642276e+01
1.880251500428693845e+01,7.553645251468549304e+01
1.882252072020577316e+01,7.697204822351017128e+01
1.884252643612460787e+01,7.766280046830758010e+01
1.886253215204344258e+01,7.941911598339648037e+01
1.888253786796227729e+01,8.055996278825600143e+01
1.890254358388111200e+01,8.167279243647396925e+01
1.892254929979994316e+01,8.206399787907812993e+01
1.894255501571877787e+01,8.256720254657335545e+01
1.896256073163760902e+01,8.347274116252877718e+01
1.898256644755644373e+01,8.314178909598926737e+01
1.900257216347527844e+01,8.260965182532059714e+01
1.902257787939411315e+01,8.191684088174559975e+01
1.904258359531294786e+01,8.105923168780451249e+01
1.906258931123178257e+01,7.947797231635199466e+01
1.908259502715061728e+01,7.831615492852449734e+01
1.910260074306944844e+01,7.554786222990915689e+01
1.912260645898828315e+01,7.356998514621841423e+01
1.914261217490711431e+01,7.212226142954919794e+01
1.916261789082594902e+01,6.913283017829797927e+01
1.918262360674478373e+01,6.657824244942555936e+01
1.920262932266361844e+01,6.370044876305287573e+01
1.922263503858245315e+01,6.105923300316796087e+01
1.924264075450128786e+01,5.699213758900400961e+01
1.926264647042012257e+01,5.478364273866306888e+01
1.928265218633895373e+01,5.210377736893947542e+01
1.930265790225778844e+01,4.879340376950706570e+01
1.932266361817662315e+01,4.571323235877270008e+01
1.934266933409545430e+01,4.329893709743991792e+01
1.936267505001428901e+01,4.044262362273052247e+01
1.938268076593312372e+01,3.817913542323714182e+01
1.940268648185195843e+01,3.536762344649265799e+01
1.942269219777079314e+01,3.265103672528309886e+01
1.944269791368962785e+01,2.907582342384561969e+01
1.946270362960846256e+01,2.695774467688208631e+01
1.948270934552729372e+01,2.453531246202853211e+01
1.950271506144612843e+01,2.131961400676673435e+01
1.952272077736495959e+01,1.977688880780078762e+01
1.954272649328379430e+01,1.792029947425007919e+01
1.956273220920262901e+01,1.564040257659499034e+01
1.958273792512146372e+01,1.406570351620576709e+01
1.960274364104029843e+01,1.214087305067416978e+01
1.962274935695913314e+01,1.123881593543919344e+01
1.964275507287796785e+01,9.856910804820298466e+00
1.966276078879679901e+01,1.001553216243351407e+01
1.968276650471563372e+01,8.350085552467106709e+00
1.970277222063446487e+01,7.944248967234520009e+00
1.972277793655329958e+01,7.263033249231897415e+00
1.974278365247213429e+01,7.033297530032461609e+00
1.976278936839096900e+01,6.197270995017682971e+00
1.978279508430980371e+01,6.111252622479851127e+00
1.980280080022863842e+01,6.342398293978241952e+00
1.982280651614747313e+01,5.812678078801283732e+00
1.984281223206630784e+01,5.152297962544587939e+00
1.986281794798513900e+01,5.600689988405143538e+00
1.988282366390397371e+01,4.999216789974758157e+00
1.990282937982280487e+01,4.836032393573466592e+00
1.992283509574163958e+01,4.886937252290866063e+00
1.994284081166047429e+01,4.994581600483240180e+00
1.996284652757930900e+01,5.027662565571105802e+00
1.998285224349814371e+01,5.190791469350074294e+00
2.000285795941697842e+01,4.426685336277271787e+00
2.002286367533581313e+01,4.370566840498044670e+00
2.004286939125464428e+01,5.503586402198116012e+00
2.006287510717347899e+01,5.388779746412897254e+00
2.008288082309231015e+01,4.703181816315487040e+00
2.010288653901114486e+01,4.732946891390655608e+00
2.012289225492997957e+01,5.314973103063262982e+00
2.014289797084881428e+01,4.727516550644569548e+00
2.016290368676764899e+01,4.487965998110455601e+00
2.018290940268648370e+01,4.789754031626693553e+00
2.020291511860531841e+01,4.352828628409952216e+00
2.022292083452414957e+01,4.758356500825787982e+00
2.024292655044298428e+01,4.786372371121450087e+00
2.026293226636181899e+01,4.240500366803354737e+00
2.028293798228065015e+01,3.927614493328670520e+00
2.030294369819948486e+01,4.964181467468415931e+00
2.032294941411831957e+01,3.848878086293329392e+00
2.034295513003715428e+01,4.115038957716793178e+00
2.036296084595598899e+01,4.813142399168424568e+00
2.038296656187482370e+01,3.901084476674223644e+00
2.040297227779365841e+01,4.766365744837007590e+00
2.042297799371248956e+01,4.346804807259630365e+00
2.044298370963132427e+01,4.360592924232172152e+00
2.046298942555015543e+01,5.018997177361075757e+00
2.048299514146899014e+01,4.451502243250716973e+00
2.050300085738782485e+01,4.740474899138197529e+00
2.052300657330665956e+01,4.893521865991413478e+00
2.054301228922549427e+01,4.639150990790801288e+00
2.056301800514432898e+01,4.604466419202790206e+00
2.058302372106316369e+01,3.729557288212518529e+00
2.060302943698199485e+01,3.810199522940315831e+00
2.062303515290082956e+01,5.139283625651177800e+00
2.064304086881966072e+01,5.033564246199910386e+00
2.066304658473849543e+01,4.937222569557454754e+00
2.068305230065733014e+01,4.185056187955844109e+00
2.070305801657616485e+01,4.565184388561037032e+00
2.072306373249499956e+01,3.871308303575554888e+00
2.074306944841383427e+01,4.013355285516835735e+00
2.076307516433266898e+01,4.433019754110476995e+00
2.078308088025150369e+01,4.568704465135498438e+00
2.080308659617033484e+01,4.274557430410326653e+00
2.082309231208916955e+01,4.712775572844055461e+00
2.084309802800800071e+01,4.807782337231667924e+00
2.086310374392683542e+01,4.599982676000607285e+00
2.088310945984567013e+01,3.999149777263479422e+00
2.090311517576450484e+01,3.834534153930410305e+00
2.092312089168333955e+01,4.813284834225809661e+00
2.094312660760217426e+01,4.188523747500455308e+00
2.096313232352100897e+01,4.347076638810959182e+00
2.098313803943984013e+01,5.230434370273803424e+00
2.100314375535867484e+01,5.037584623005582074e+00
2.102314947127750600e+01,4.827264468468364988e+00
2.104315518719634071e+01,4.790759115594218187e+00
2.106316090311517542e+01,4.782905051289596088e+00
2.108316661903401013e+01,4.709487370495056169e+00
2.110317233495284484e+01,4.672155579751420262e+00
2.112317805087167955e+01,4.424694201067906008e+00
2.114318376679051426e+01,4.721887471338590103e+00
2.116318948270934541e+01,4.062809108359412669e+00
2.118319519862818012e+01,4.478967901112863359e+00
2.120320091454701483e+01,5.144741133031027758e+00
2.122320663046584599e+01,4.108413083059415882e+00
2.124321234638468070e+01,4.450172027895293425e+00
2.126321806230351541e+01,4.822802393092140427e+00
2.128322377822235012e+01,4.178355248414817424e+00
2.130322949414118483e+01,5.411605710220444010e+00
2.132323521006001954e+01,4.805985833734969681e+00
2.134324092597885425e+01,4.550804059571673221e+00
2.136324664189768541e+01,4.674158261253471558e+00
2.138325235781652012e+01,4.164183021273945684e+00
2.140325807373535127e+01,4.943842533938952677e+00
2.142326378965418598e+01,5.221774375307654203e+00
2.144326950557302069e+01,4.927417442987833240e+00
2.146327522149185540e+01,4.548417285517283304e+00
2.148328093741069011e+01,5.092238723878453222e+00
2.150328665332952482e+01,4.665930404295405509e+00
2.152329236924835953e+01,4.736454936416927275e+00
2.154329808516719069e+01,5.080804698584252321e+00
2.156330380108602540e+01,5.045485390733439601e+00
2.158330951700485656e+01,4.203609341324971105e+00
2.160331523292369127e+01,5.417858018126435304e+00
2.162332094884252598e+01,5.104425748744151115e+00
2.164332666476136069e+01,5.470690966673329214e+00
2.166333238068019540e+01,4.508476091815809994e+00
2.168333809659903011e+01,5.385488410576594553e+00
2.170334381251786482e+01,5.122748586708093299e+00
2.172334952843669598e+01,5.865514219917026040e+00
2.174335524435553069e+01,6.124733109742213522e+00
2.176336096027436540e+01,5.204540992047132164e+00
2.178336667619319655e+01,6.343935711382142628e+00
2.180337239211203126e+01,5.981905656607577448e+00
2.182337810803086597e+01,6.130404747969114609e+00
2.184338382394970068e+01,6.371106952849810767e+00
2.186338953986853539e+01,6.275432413399725462e+00
2.188339525578737010e+01,6.412611309239212076e+00
2.190340097170620481e+01,6.963145244296741865e+00
2.192340668762503597e+01,6.978194614889202896e+00
2.194341240354387068e+01,7.308459867503504626e+00
2.196341811946270184e+01,7.269137101390658273e+00
2.198342383538153655e+01,8.280310446679193248e+00
2.200342955130037126e+01,7.089977167942782543e+00
2.202343526721920597e+01,8.180458038557116396e+00
2.204344098313804068e+01,8.518397892215194389e+00
2.206344669905687539e+01,8.075165838522600836e+00
2.208345241497571010e+01,8.918682839296838694e+00
2.210345813089454126e+01,8.703567490920237404e+00
2.212346384681337597e+01,1.017813459984366986e+01
2.214346956273221068e+01,1.043852348063703239e+01
2.216347527865104183e+01,1.050538340641490720e+01
2.218348099456987654e+01,1.088477474700965431e+01
2.220348671048871125e+01,1.078897884591203571e+01
2.222349242640754596e+01,1.184376395658278724e+01
2.224349814232638067e+01,1.131988492893088427e+01
2.226350385824521538e+01,1.219461594914813674e+01
2.228350957416405009e+01,1.217005381497265759e+01
2.230351529008288125e+01,1.251952760595193936e+01
2.232352100600171596e+01,1.354043410499800970e+01
2.234352672192054712e+01,1.332622476955176616e+01
2.236353243783938183e+01,1.451535525299142648e+01
2.238353815375821654e+01,1.410012392429439743e+01
2.240354386967705125e+01,1.481926737189869492e+01
2.242354958559588596e+01,1.537323707360848601e+01
2.244355530151472067e+01,1.514127378656976219e+01
2.246356101743355538e+01,1.614450837690977636e+01
2.248356673335238654e+01,1.593352352099174318e+01
2.250357244927122125e+01,1.724386814556022429e+01
2.252357816519005240e+01,1.714921976687463356e+01
2.254358388110888711e+01,1.753081442437306592e+01
2.256358959702772182e+01,1.802503386925126350e+01
2.258359531294655653e+01,1.898410618046806775e+01
2.260360102886539124e+01,1.928442108969878888e+01
2.262360674478422595e+01,2.040498168683009439e+01
2.264361246070306066e+01,2.015108851538091272e+01
2.266361817662189182e+01,2.078139112674344702e+01
2.268362389254072653e+01,2.151336202626391625e+01
2.270362960845956124e+01,2.244727942486372996e+01
2.272363532437839240e+01,2.327371636676109645e+01
2.274364104029722711e+01,2.396172618689017852e+01
2.276364675621606182e+01,2.479136024344542477e+01
2.278365247213489653e+01,2.549653455011971914e+01
2.280365818805373124e+01,2.588606815833466257e+01
2.282366390397256595e+01,2.707752590235806878e+01
2.284366961989140066e+01,2.764317416472715649e+01
2.286367533581023181e+01,2.857926303445801608e+01
2.288368105172906652e+01,2.960460550505659683e+01
2.290368676764789768e+01,2.974365469907306547e+01
2.292369248356673239e+01,2.989301536765510292e+01
2.294369819948556710e+01,2.993382845183753815e+01
2.296370391540440181e+01,3.070395749578895916e+01
2.298370963132323652e+01,3.064831654743148448e+01
2.300371534724207123e+01,2.974297944121675741e+01
2.302372106316090594e+01,2.999023204838515611e+01
2.304372677907973710e+01,2.847476603630430603e+01
2.306373249499857181e+01,2.843415184166527965e+01
2.308373821091740652e+01,2.748780744723188008e+01
2.310374392683623768e+01,2.639896554295178177e+01
2.312374964275507239e+01,2.422077020614478116e+01
2.314375535867390710e+01,2.269488917739001721e+01
2.316376107459274181e+01,2.149081927794482283e+01
2.318376679051157652e+01,1.947322489693877046e+01
2.320377250643041123e+01,1.870754538473898876e+01
2.322377822234924594e+01,1.672440836074523318e+01
2.324378393826807709e+01,1.551726095225791369e+01
2.326378965418691180e+01,1.424401370943093070e+01
2.328379537010574296e+01,1.298428251554306989e+01
2.330380108602457767e+01,1.204330920032864505e+01
2.332380680194341238e+01,1.094797118135245739e+01
2.334381251786224709e+01,1.006434099550298100e+01
2.336381823378108180e+01,1.108502356702528857e+01
2.338382394969991651e+01,9.669272495541283874e+00
2.340382966561875122e+01,9.837739760731292193e+00
2.342383538153758238e+01,1.024140478287840317e+01
2.344384109745641709e+01,1.004956534596296969e+01
2.346384681337524825e+01,9.254773570650662862e+00
2.348385252929408296e+01,9.795579793970560445e+00
2.350385824521291767e+01,8.864678749433164029e+00
2.352386396113175238e+01,8.689565636804530868e+00
2.354386967705058709e+01,9.075479922452188930e+00
2.356387539296942180e+01,9.758823432804330622e+00
2.358388110888825651e+01,8.668102060141837484e+00
2.360388682480708766e+01,8.921244633596550955e+00
2.362389254072592237e+01,9.371873105008674543e+00
2.364389825664475708e+01,8.802066073454023254e+00
2.366390397256358824e+01,9.132589770084411640e+00
2.368390968848242295e+01,9.103859068132560850e+00
2.370391540440125766e+01,9.820267907720555911e+00
2.372392112032009237e+01,8.707405668070494542e+00
2.374392683623892708e+01,8.866978932420732207e+00
2.376393255215776179e+01,8.621587152910741736e+00
2.378393826807659650e+01,8.742985555723262081e+00
2.380394398399542766e+01,8.923835772868686789e+00
2.382394969991426237e+01,8.482342276266482628e+00
2.384395541583309353e+01,9.462670461683387657e+00
2.386396113175192824e+01,9.592435399678333141e+00
2.388396684767076295e+01,8.782812532495142932e+00
2.390397256358959766e+01,8.866954075750507869e+00
2.392397827950843237e+01,8.934814502923952517e+00
2.394398399542726708e+01,8.848226416971041175e+00
2.396398971134610179e+01,1.008640094106490714e+01
2.398399542726493294e+01,1.007648033543744148e+01
2.400400114318376765e+01,1.039562315956958471e+01
2.402400685910260236e+01,1.002428396765382601e+01
2.404401257502143352e+01,1.010475606294511586e+01
2.406401829094026823e+01,9.351925391000776244e+00
2.408402400685910294e+01,9.895119055934117114e+00
2.410402972277793765e+01,1.034401038582024057e+01
2.412403543869677236e+01,9.844893791691793794e+00
2.414404115461560707e+01,1.055475548980126455e+01
2.416404687053444178e+01,1.157188283616175006e+01
2.418405258645327294e+01,1.073368031298379321e+01
2.420405830237210765e+01,1.117787208892519679e+01
2.422406401829093880e+01,1.228119262056181782e+01
2.424406973420977351e+01,1.115524744481096775e+01
2.426407545012860822e+01,1.232831047302273397e+01
2.428408116604744293e+01,1.185190600856171805e+01
2.430408688196627764e+01,1.302258434424637557e+01
2.432409259788511235e+01,1.375639797323391100e+01
2.434409831380394706e+01,1.399394312370006865e+01
2.436410402972277822e+01,1.425877049035259070e+01
2.438410974564161293e+01,1.602458395795488855e+01
2.440411546156044409e+01,1.573293215833718328e+01
2.442412117747927880e+01,1.654969320194811644e+01
2.444412689339811351e+01,1.707356916564200588e+01
2.446413260931694822e+01,1.776047923245395666e+01
2.448413832523578293e+01,1.898998823726390839e+01
2.450414404115461764e+01,1.968080965344981692e+01
2.452414975707345235e+01,2.066581103629744831e+01
2.454415547299228351e+01,2.105108454443698918e+01
2.456416118891111822e+01,2.293958252559028210e+01
2.458416690482995293e+01,2.425798822697036172e+01
2.460417262074878408e+01,2.454801267516968011e+01
2.462417833666761879e+01,2.613806850236758095e+01
2.464418405258645350e+01,2.771235470781573795e+01
2.466418976850528821e+01,2.870940207214802342e+01
2.468419548442412292e+01,2.955272958107067183e+01
2.470420120034295763e+01,3.086857495654597727e+01
2.472420691626179234e+01,3.215334519878185660e+01
2.474421263218062350e+01,3.429609799629943723e+01
2.476421834809945821e+01,3.532800693433857475e+01
2.478422406401828937e+01,3.700681028805995254e+01
2.480422977993712408e+01,3.708992153641266754e+01
2.482423549585595879e+01,3.871731852206522717e+01
2.484424121177479350e+01,3.981885845030063820e+01
2.486424692769362821e+01,4.021121606249420921e+01
2.488425264361246292e+01,4.152427843479574676e+01
2.490425835953129763e+01,4.112206955793003260e+01
2.492426407545012879e+01,4.196930590853899190e+01
2.494426979136896350e+01,4.100924674404021886e+01
2.496427550728779821e+01,4.272726245841956683e+01
2.498428122320662936e+01,4.225149286837185514e+01
2.500428693912546407e+01,4.205831390532929248e+01
2.502429265504429878e+01,4.224766302937037210e+01
2.504429837096313349e+01,4.200474810404164572e+01
2.506430408688196820e+01,4.220740553260046113e+01
2.508430980280080291e+01,4.292697781203555252e+01
2.510431551871963762e+01,4.354935973201155264e+01
2.512432123463846878e+01,4.323787868237050702e+01
2.514432695055730349e+01,4.480848475577160883e+01
2.516433266647613465e+01,4.551650609663776237e+01
2.518433838239496936e+01,4.668041601505298388e+01
2.520434409831380407e+01,4.768226876859773000e+01
2.522434981423263878e+01,4.813810016649692614e+01
2.524435553015147349e+01,5.002253674250773230e+01
2.526436124607030820e+01,5.028106089907787180e+01
2.528436696198914291e+01,5.050218361443164383e+01
2.530437267790797407e+01,5.170361544207532489e+01
2.532437839382680878e+01,5.178961532399156908e+01
2.534438410974563993e+01,5.216727054430627675e+01
2.536438982566447464e+01,5.269195289463561238e+01
2.538439554158330935e+01,5.238138012277880762e+01
2.540440125750214406e+01,5.112068479451944825e+01
2.542440697342097877e+01,5.110076039553735683e+01
2.544441268933981348e+01,4.938902693380870090e+01
2.546441840525864819e+01,4.787828426720137287e+01
2.548442412117747935e+01,4.654061858170828003e+01
2.550442983709631406e+01,4.632778440194669400e+01
2.552443555301514877e+01,4.463076096078993515e+01
2.554444126893397993e+01,4.407811284028355914e+01
2.556444698485281464e+01,4.186171166598730764e+01
2.558445270077164935e+01,4.155014103238055867e+01
2.560445841669048406e+01,3.906084879086244399e+01
2.562446413260931877e+01,3.901829664295026134e+01
2.564446984852815348e+01,3.819170318089776117e+01
2.566447556444698819e+01,3.615381874230443060e+01
2.568448128036581934e+01,3.500746474531249675e+01
2.570448699628465405e+01,3.326997358721853004e+01
2.572449271220348521e+01,3.112083648470739305e+01
2.574449842812231992e+01,2.953248566164318589e+01
2.576450414404115463e+01,2.888333081773670230e+01
2.578450985995998934e+01,2.698681702475066402e+01
2.580451557587882405e+01,2.520417279481002737e+01
2.582452129179765876e+01,2.485503657831376856e+01
2.584452700771649347e+01,2.415584013920617679e+01
2.586453272363532463e+01,2.189829704947054267e+01
2.588453843955415934e+01,2.061757212968678488e+01
2.590454415547299405e+01,1.984512532362081316e+01
2.592454987139182521e+01,1.866926091531643550e+01
2.594455558731065992e+01,1.828376740920854360e+01
2.596456130322949463e+01,1.694682724218432313e+01
2.598456701914832934e+01,1.689208498701855632e+01
2.600457273506716405e+01,1.693307737142405500e+01
2.602457845098599520e+01,1.687454974539017272e+01
2.604458416690482991e+01,1.626678144699026518e+01
2.606458988282366462e+01,1.581173666269713962e+01
2.608459559874249933e+01,1.529205466804125102e+01
2.610460131466133404e+01,1.502769803593391629e+01
2.612460703058016520e+01,1.416112977285898822e+01
2.614461274649899991e+01,1.384426584086530099e+01
2.616461846241783462e+01,1.281787741236037803e+01
2.618462417833666933e+01,1.301790140801627160e+01
2.620462989425550404e+01,1.335635163402412218e+01
2.622463561017433520e+01,1.204331377804202852e+01
2.624464132609316991e+01,1.232875196080791014e+01
2.626464704201200462e+01,1.175350369537198247e+01
2.628465275793083933e+01,1.134389460070067557e+01
2.630465847384967049e+01,1.109553105559506747e+01
2.632466418976850520e+01,1.087358024591767247e+01
2.634466990568733991e+01,1.107925530002489367e+01
2.636467562160617462e+01,1.093372570049552550e+01
2.638468133752500933e+01,1.060124480263561964e+01
2.640468705344384048e+01,1.111784404671629467e+01
2.642469276936267519e+01,1.129126969277166559e+01
2.644469848528150990e+01,1.178568703575688481e+01
2.646470420120034461e+01,1.183863580654525904e+01
2.648470991711917932e+01,1.258586350044610569e+01
2.650471563303801048e+01,1.280890461554013982e+01
2.652472134895684519e+01,1.334251328853641283e+01
2.654472706487567990e+01,1.385026483855630630e+01
2.656473278079451461e+01,1.500957800659605468e+01
2.658473849671334932e+01,1.555534439550020487e+01
2.660474421263218048e+01,1.558460392085701329e+01
2.662474992855101519e+01,1.629148075771164628e+01
2.664475564446984990e+01,1.717021871531666477e+01
2.666476136038868461e+01,1.765386591261936289e+01
2.668476707630751577e+01,1.916182241173675038e+01
2.670477279222635048e+01,2.019141525028667061e+01
2.672477850814518519e+01,2.081473633804329637e+01
2.674478422406401990e+01,2.088667282060551145e+01
2.676478993998285461e+01,2.184138374332725618e+01
2.678479565590168576e+01,2.355619652804214326e+01
2.680480137182052047e+01,2.455014767688503596e+01
2.682480708773935518e+01,2.542847534136853938e+01
2.684481280365818989e+01,2.629856600242597153e+01
2.686481851957702460e+01,2.760141124486699482e+01
2.688482423549585576e+01,2.949686686389049584e+01
2.690482995141469047e+01,3.001269307043047263e+01
2.692483566733352518e+01,3.077129313864127624e+01
2.694484138325235989e+01,3.228867281582520832e+01
2.696484709917119105e+01,3.327929914173012094e+01
2.698485281509002576e+01,3.449255484504030278e+01
2.700485853100886047e+01,3.478085528899856627e+01
2.702486424692769518e+01,3.577315036602386300e+01
2.704486996284652989e+01,3.598595612749161177e+01
2.706487567876536104e+01,3.623580346360765958e+01
2.708488139468419575e+01,3.653491851587902062e+01
2.710488711060303046e+01,3.610777995900765802e+01
2.712489282652186517e+01,3.583923034069678693e+01
2.714489854244069988e+01,3.536742597544410671e+01
2.716490425835953104e+01,3.454141554844497364e+01
2.718490997427836575e+01,3.420056020790242002e+01
2.720491569019720046e+01,3.306588434981657088e+01
2.722492140611603517e+01,3.102280058913696337e+01
2.724492712203486633e+01,3.027510598124008112e+01
2.726493283795370104e+01,2.833492940010308203e+01
2.728493855387253575e+01,2.731891872460947468e+01
2.730494426979137046e+01,2.515708119778725660e+01
2.732494998571020517e+01,2.461410093604220606e+01
2.734495570162903633e+01,2.297348046762735052e+01
2.736496141754787104e+01,2.146564153152894505e+01
2.738496713346670575e+01,2.076508789224516960e+01
2.740497284938554046e+01,1.993027952623626220e+01
2.742497856530437517e+01,1.888479505173705775e+01
2.744498428122320632e+01,1.831351963831280827e+01
2.746498999714204103e+01,1.787804782777109835e+01
2.748499571306087574e+01,1.771018836957521003e+01
2.750500142897971045e+01,1.692916689663011454e+01
2.752500714489854516e+01,1.759010582315458748e+01
2.754501286081737632e+01,1.679470479988175313e+01
2.756501857673621103e+01,1.769078646166663304e+01
2.758502429265504574e+01,1.802583348731995017e+01
2.760503000857388045e+01,1.844918544812652073e+01
2.762503572449271161e+01,1.836536372477401358e+01
2.764504144041154632e+01,1.909892311163641665e+01
2.766504715633038103e+01,2.001945060140301536e+01
2.768505287224921574e+01,2.107887348773441616e+01
2.770505858816805045e+01,2.190170192740726662e+01
2.772506430408688161e+01,2.307391001616429804e+01
2.774507002000571632e+01,2.237035135606485170e+01
2.776507573592455103e+01,2.397511099577334903e+01
2.778508145184338574e+01,2.426953192423184902e+01
2.780508716776222045e+01,2.538679707587635903e+01
2.782509288368105160e+01,2.473019081773828987e+01
2.784509859959988631e+01,2.597344919235820981e+01
2.786510431551872102e+01,2.600291042177656564e+01
2.788511003143755573e+01,2.556103880285441932e+01
2.790511574735638689e+01,2.594243745938030798e+01
2.792512146327522160e+01,2.558351200254858426e+01
2.794512717919405631e+01,2.573095683089616159e+01
2.796513289511289102e+01,2.518005602767165030e+01
2.798513861103172573e+01,2.497124620569911002e+01
2.800514432695055689e+01,2.392264355572053702e+01
2.802515004286939160e+01,2.342838540755777998e+01
2.804515575878822631e+01,2.383905704800228520e+01
2.806516147470706102e+01,2.200918331086566226e+01
2.808516719062589573e+01,2.218531432147899451e+01
2.810517290654472689e+01,2.138092935953700291e+01
2.812517862246356160e+01,2.185534631934176275e+01
2.814518433838239631e+01,2.116941190502867798e+01
2.816519005430123102e+01,2.138478352010219652e+01
2.818519577022006217e+01,2.196658110137882147e+01
2.820520148613889688e+01,2.184212454263639103e+01
2.822520720205773159e+01,2.281899879827513544e+01
2.824521291797656630e+01,2.173370679738950173e+01
2.826521863389540101e+01,2.277009292257022821e+01
2.828522434981423217e+01,2.317308583378544640e+01
2.830523006573306688e+01,2.341535173950637727e+01
2.832523578165190159e+01,2.425010124362052721e+01
2.834524149757073630e+01,2.393555218107736238e+01
2.836524721348957101e+01,2.403438412630440268e+01
2.838525292940840217e+01,2.364437520707176787e+01
2.840525864532723688e+01,2.450365042867123222e+01
2.842526436124607159e+01,2.378750059356762492e+01
2.844527007716490630e+01,2.297350225413764235e+01
2.846527579308374101e+01,2.227614669752675525e+01
2.848528150900257216e+01,2.095836838080450448e+01
2.850528722492140687e+01,2.070799513011480997e+01
2.852529294084024158e+01,1.985781785755165885e+01
2.854529865675907629e+01,1.833321552087967277e+01
2.856530437267790745e+01,1.726966433170872861e+01
2.858531008859674216e+01,1.645524491611587337e+01
2.860531580451557687e+01,1.559340864684896211e+01
2.862532152043441158e+01,1.397221198883028848e+01
2.864532723635324629e+01,1.265090037393583522e+01
2.866533295227207745e+01,1.216956431598581112e+01
2.868533866819091216e+01,1.174230222165140702e+01
2.870534438410974687e+01,1.028366799293008427e+01
2.872535010002858158e+01,1.026912358168227080e+01
2.874535581594741629e+01,9.320650972186834693e+00
2.876536153186624745e+01,1.013421788458002482e+01
2.878536724778508216e+01,9.074313632557094778e+00
2.880537296370391687e+01,9.532360269197099001e+00
2.882537867962275158e+01,8.443534165548173931e+00
2.884538439554158273e+01,9.098345614354519384e+00
2.886539011146041744e+01,9.171682930666467115e+00
2.888539582737925215e+01,8.315419245843573393e+00
2.890540154329808686e+01,8.508279876363944894e+00
2.892540725921692157e+01,9.602804323529792185e+00
2.894541297513575273e+01,9.829027750276694064e+00
2.896541869105458744e+01,9.249721653038193381e+00
2.898542440697342215e+01,9.756138198665981420e+00
2.900543012289225686e+01,1.026767582962124337e+01
2.902543583881109157e+01,1.002978889424252884e+01
2.904544155472992273e+01,1.037437312815594304e+01
2.906544727064875744e+01,1.018086050430333955e+01
2.908545298656759215e+01,1.041473050967777780e+01
2.910545870248642686e+01,1.035456823841373719e+01
2.912546441840525802e+01,1.029476294330240904e+01
2.914547013432409273e+01,1.167398609132465381e+01
2.916547585024292744e+01,1.126417507311451693e+01
2.918548156616176215e+01,1.099284634743931122e+01
2.920548728208059686e+01,1.102528057923565186e+01
2.922549299799942801e+01,1.156672740835082180e+01
2.924549871391826272e+01,1.214338945982225937e+01
2.926550442983709743e+01,1.272584497952279037e+01
2.928551014575593214e+01,1.190126478558986634e+01
2.930551586167476685e+01,1.264034636923140553e+01
2.932552157759359801e+01,1.300988774386312841e+01
2.934552729351243272e+01,1.313538871890976267e+01
2.936553300943126743e+01,1.328724908741980570e+01
2.938553872535010214e+01,1.369982772757155587e+01
2.940554444126893330e+01,1.353046797098171794e+01
2.942555015718776801e+01,1.465344086057756101e+01
2.944555587310660272e+01,1.509743809866359499e+01
2.946556158902543743e+01,1.491347448807643872e+01
2.948556730494427214e+01,1.580404092484307199e+01
2.950557302086310330e+01,1.650890372066313461e+01
2.952557873678193801e+01,1.726846441571541035e+01
2.954558445270077272e+01,1.754934396989732193e+01
2.956559016861960743e+01,1.777750795340560686e+01
2.958559588453844214e+01,1.864667834232811217e+01
2.960560160045727329e+01,1.934476103205681596e+01
2.962560731637610800e+01,1.947889555230385383e+01
2.964561303229494271e+01,2.061792957170047202e+01
2.966561874821377742e+01,2.094243648776742361e+01
2.968562446413261213e+01,2.165355560925241107e+01
2.970563018005144329e+01,2.170853673090646652e+01
2.972563589597027800e+01,2.267331249192125853e+01
2.974564161188911271e+01,2.361762063949121426e+01
2.976564732780794742e+01,2.363460849195991997e+01
2.978565304372677858e+01,2.406675937479132443e+01
2.980565875964561329e+01,2.493315740055336960e+01
2.982566447556444800e+01,2.577250873820818100e+01
2.984567019148328271e+01,2.562746145918641716e+01
2.986567590740211742e+01,2.552718327727933456e+01
2.988568162332094857e+01,2.587359073897164308e+01
2.990568733923978328e+01,2.513197551001309549e+01
2.992569305515861799e+01,2.508653549530296445e+01
2.994569877107745270e+01,2.512978418412259174e+01
2.996570448699628741e+01,2.495348860959505544e+01
2.998571020291511857e+01,2.404227460397246219e+01
3.000571591883395328e+01,2.369725897987400742e+01
3.002572163475278799e+01,2.425085684488936266e+01
3.004572735067162270e+01,2.371017177760088401e+01
3.006573306659045386e+01,2.366250193536316004e+01
3.008573878250928857e+01,2.257404806858837176e+01
3.010574449842812328e+01,2.298562042774213054e+01
3.012575021434695799e+01,2.309603501228311018e+01
3.014575593026579270e+01,2.314688742581987313e+01
3.016576164618462386e+01,2.317435909635072377e+01
3.018576736210345857e+01,2.344736767717305881e+01
3.020577307802229328e+01,2.352941058071487745e+01
3.022577879394112799e+01,2.377046835117103996e+01
3.024578450985996270e+01,2.400322161276225330e+01
3.026579022577879385e+01,2.477602559560671125e+01
3.028579594169762856e+01,2.469697084027190570e+01
3.030580165761646327e+01,2.546146989830314311e+01
3.032580737353529798e+01,2.546720956222264221e+01
3.034581308945412914e+01,2.568458493445516666e+01
3.036581880537296385e+01,2.634462595000984919e+01
3.038582452129179856e+01,2.682734254464638468e+01
3.040583023721063327e+01,2.713969792806813075e+01
3.042583595312946798e+01,2.677445633687074888e+01
3.044584166904829914e+01,2.631461605564666684e+01
3.046584738496713385e+01,2.616682198160147976e+01
3.048585310088596856e+01,2.514911981227649562e+01
3.050585881680480327e+01,2.531569861062193993e+01
3.052586453272363798e+01,2.442636655325199513e+01
3.054587024864246914e+01,2.441561207727701088e+01
3.056587596456130385e+01,2.299236685893444943e+01
3.058588168048013856e+01,2.247040500969090715e+01
3.060588739639897327e+01,2.181467172882641137e+01
3.062589311231780798e+01,2.095155160753492396e+01
3.064589882823663913e+01,2.050926947376226650e+01
3.066590454415547384e+01,1.980950955160950144e+01
3.068591026007430855e+01,1.961128779220656781e+01
3.070591597599314326e+01,1.799140683938295382e+01
3.072592169191197442e+01,1.733498685691334629e+01
3.074592740783080913e+01,1.773274501762280408e+01
3.076593312374964384e+01,1.678283650685298056e+01
3.078593883966847855e+01,1.601278053511384769e+01
3.080594455558731326e+01,1.610544935190531390e+01
3.082595027150614442e+01,1.643031311169711373e+01
3.084595598742497913e+01,1.552274076369737443e+01
3.086596170334381384e+01,1.626573567051021385e+01
3.088596741926264855e+01,1.580806927936130180e+01
3.090597313518148326e+01,1.621126279515391388e+01
3.092597885110031442e+01,1.571612532986028832e+01
3.094598456701914913e+01,1.655835511316652031e+01
3.096599028293798384e+01,1.581139590279141771e+01
3.098599599885681855e+01,1.637529158344349156e+01
3.100600171477564970e+01,1.583149286031884628e+01
3.102600743069448441e+01,1.598399191238176797e+01
3.104601314661331912e+01,1.536349449711566706e+01
3.106601886253215383e+01,1.545490503900889401e+01
3.108602457845098854e+01,1.527141532439591742e+01
3.110603029436981970e+01,1.500866911726866171e+01
3.112603601028865441e+01,1.481056046549540461e+01
3.114604172620748912e+01,1.367474824816791212e+01
3.116604744212632383e+01,1.468684255934475047e+01
3.118605315804515854e+01,1.340022779114677220e+01
3.120605887396398970e+01,1.256873420929323615e+01
3.122606458988282441e+01,1.263871691072492354e+01
3.124607030580165912e+01,1.265446769819237538e+01
3.126607602172049383e+01,1.170526061504460813e+01
3.128608173763932498e+01,1.175407760291902903e+01
3.130608745355815969e+01,1.055378060757782066e+01
3.132609316947699440e+01,1.035377716776843293e+01
3.134609888539582911e+01,9.965314608183337697e+00
3.136610460131466382e+01,1.057577577791509427e+01
3.138611031723349498e+01,1.092041314494846205e+01
3.140611603315232969e+01,1.035014830713154943e+01
3.142612174907116440e+01,1.024590540143621631e+01
3.144612746498999911e+01,9.479618836230482515e+00
3.146613318090883382e+01,9.248440394078210502e+00
3.148613889682766498e+01,9.534526760898238251e+00
3.150614461274649969e+01,1.019543232975702551e+01
3.152615032866533440e+01,1.010574443051265447e+01
3.154615604458416911e+01,9.426238160647734787e+00
3.156616176050300382e+01,9.132142578060907567e+00
3.158616747642183498e+01,8.735110655846970218e+00
3.160617319234066969e+01,9.406249220722616045e+00
3.162617890825950440e+01,8.738580563308113724e+00
3.164618462417833911e+01,8.643999128477762639e+00
3.166619034009717026e+01,8.584152457318140250e+00
3.168619605601600497e+01,8.643781143495155916e+00
3.170620177193483968e+01,8.236795508405315047e+00
3.172620748785367439e+01,7.723951551728275078e+00
3.174621320377250910e+01,7.445230739977407808e+00
3.176621891969134026e+01,7.056894266364191814e+00
3.178622463561017497e+01,7.227895240699901080e+00
3.180623035152900968e+01,6.114195594404177925e+00
3.182623606744784439e+01,6.216113090074019354e+00
3.184624178336667910e+01,6.820995180775302202e+00
3.186624749928551026e+01,6.649978654088897656e+00
3.188625321520434497e+01,7.486070312357398393e+00
3.190625893112317968e+01,6.952719792968055756e+00
3.192626464704201439e+01,6.600375190129780023e+00
3.194627036296084555e+01,6.735929311567895539e+00
3.196627607887968026e+01,6.735471355367405266e+00
3.198628179479851497e+01,7.348392657609745804e+00
3.200628751071734968e+01,6.879220702053473246e+00
3.202629322663618439e+01,6.244354842204110412e+00
3.204629894255501199e+01,6.553678910994749529e+00
3.206630465847385381e+01,7.443207474225641107e+00
3.208631037439268141e+01,7.430840207437086065e+00
3.210631609031152323e+01,7.355462024090680728e+00
3.212632180623035083e+01,6.995452084181785324e+00
3.214632752214918554e+01,7.240308281511376620e+00
3.216633323806802025e+01,7.697974442011501495e+00
3.218633895398685496e+01,7.542361541872855568e+00
3.220634466990568967e+01,7.481276099655314482e+00
3.222635038582451728e+01,8.172442724646982626e+00
3.224635610174335909e+01,8.103822325968121021e+00
3.226636181766218670e+01,9.172806755473445151e+00
3.228636753358102851e+01,8.522360644102331406e+00
3.230637324949985612e+01,8.806562192605790429e+00
3.232637896541869083e+01,8.586663500185483855e+00
3.234638468133752554e+01,9.540759526789972966e+00
3.236639039725636025e+01,9.305718866099462971e+00
3.238639611317519496e+01,9.824193659235934462e+00
3.240640182909402967e+01,1.059635817941422964e+01
3.242640754501286438e+01,9.858831846491920459e+00
3.244641326093169198e+01,1.103670566918357387e+01
3.246641897685053380e+01,1.120566248103690121e+01
3.248642469276936140e+01,1.156112669824984707e+01
3.250643040868819611e+01,1.161798096133048119e+01
3.252643612460703082e+01,1.114741034198324066e+01
3.254644184052586553e+01,1.150664010707894036e+01
3.256644755644470024e+01,1.231074654750520736e+01
3.258645327236353495e+01,1.194431835035231515e+01
3.260645898828236966e+01,1.247945805912312878e+01
3.262646470420119726e+01,1.181977096005884675e+01
3.264647042012003908e+01,1.249782923841869930e+01
3.266647613603886668e+01,1.194506731458779747e+01
3.268648185195770850e+01,1.194966411605095935e+01
3.270648756787653610e+01,1.209296697944860988e+01
3.272649328379537081e+01,1.265397070728577411e+01
3.274649899971420552e+01,1.194581530584410523e+01
3.276650471563304023e+01,1.092615163160792235e+01
3.278651043155187494e+01,1.137352247846038367e+01
3.280651614747070255e+01,1.080666487506409368e+01
3.282652186338954436e+01,1.027814492486765729e+01
3.284652757930837197e+01,1.024922675105404579e+01
3.286653329522721378e+01,1.015820270330001307e+01
3.288653901114604139e+01,9.614391757912375880e+00
3.290654472706487610e+01,9.754092778359813920e+00
3.292655044298371081e+01,9.955525681422493278e+00
3.294655615890254552e+01,1.000121104294835561e+01
3.296656187482138023e+01,1.010648094170419853e+01
3.298656759074020783e+01,1.025524440147080085e+01
3.300657330665904965e+01,1.015584893732489924e+01
3.302657902257787725e+01,1.038267241957387554e+01
3.304658473849671907e+01,1.134927860876308614e+01
3.306659045441554667e+01,1.144161068127019831e+01
3.308659617033438138e+01,1.042398602945635666e+01
3.310660188625321609e+01,1.147809954313665060e+01
3.312660760217205080e+01,1.246485286096281087e+01
3.314661331809088551e+01,1.229725355072905835e+01
3.316661903400971312e+01,1.203178266863798385e+01
3.318662474992855493e+01,1.214485712153216035e+01
3.320663046584738254e+01,1.276045055486222246e+01
3.322663618176622435e+01,1.250629596542819755e+01
3.324664189768505196e+01,1.372143064636075849e+01
3.326664761360388667e+01,1.334082602821348473e+01
3.328665332952272138e+01,1.454643113467913729e+01
3.330665904544155609e+01,1.407656843176079065e+01
3.332666476136039080e+01,1.447797700331326887e+01
3.334667047727922551e+01,1.439956023925784123e+01
3.336667619319806022e+01,1.402092964459758306e+01
3.338668190911688782e+01,1.453216825785817790e+01
3.340668762503572964e+01,1.542714196105827540e+01
3.342669334095455724e+01,1.508992094013223806e+01
3.344669905687339195e+01,1.567715801695279154e+01
3.346670477279222666e+01,1.568004055688820486e+01
3.348671048871106137e+01,1.492858917002878272e+01
3.350671620462989608e+01,1.618470189715263530e+01
3.352672192054873079e+01,1.654076722645827147e+01
3.354672763646756550e+01,1.602282408623649701e+01
3.356673335238639311e+01,1.572176321709722480e+01
3.358673906830523492e+01,1.652523217148299040e+01
3.360674478422406253e+01,1.662826846272080772e+01
3.362675050014290434e+01,1.728480272835877329e+01
3.364675621606173195e+01,1.652434493599709953e+01
3.366676193198056666e+01,1.678375991815478940e+01
3.368676764789940137e+01,1.810791748787663380e+01
3.370677336381823608e+01,1.713799144740965374e+01
3.372677907973707079e+01,1.720025710540544850e+01
3.374678479565589839e+01,1.801369627752006508e+01
3.376679051157474021e+01,1.775377357975556336e+01
3.378679622749356781e+01,1.751554503129523610e+01
3.380680194341240963e+01,1.800088210653742493e+01
3.382680765933123723e+01,1.812239587093188575e+01
3.384681337525007194e+01,1.872933866862453556e+01
3.386681909116890665e+01,1.829647395917887565e+01
3.388682480708774136e+01,1.742037751982871185e+01
3.390683052300657607e+01,1.730310188294255980e+01
3.392683623892540368e+01,1.787909094798705567e+01
3.394684195484424549e+01,1.764385041823781819e+01
3.396684767076307310e+01,1.705940494271482777e+01
3.398685338668191491e+01,1.591654458855274967e+01
3.400685910260074252e+01,1.510355358240026646e+01
3.402686481851957723e+01,1.425518098942730383e+01
3.404687053443841194e+01,1.394757501983714576e+01
3.406687625035724665e+01,1.316150505058805820e+01
3.408688196627608136e+01,1.201813591188688868e+01
3.410688768219490896e+01,1.153401907151941685e+01
3.412689339811375078e+01,1.178194270933444443e+01
3.414689911403257838e+01,1.050343523652468392e+01
3.416690482995142020e+01,1.036601749230836234e+01
3.418691054587024780e+01,9.850385216116158915e+00
3.420691626178908251e+01,8.250290327288180237e+00
3.422692197770791722e+01,7.541670049015558597e+00
3.424692769362675193e+01,7.156390765936647469e+00
3.426693340954558664e+01,8.003950415647262062e+00
3.428693912546442135e+01,7.132069278693123238e+00
3.430694484138325606e+01,7.235676908383814165e+00
3.432695055730208367e+01,7.371097470017515363e+00
3.434695627322092548e+01,7.116050100204940776e+00
3.436696198913975309e+01,7.255729620160535021e+00
3.438696770505858780e+01,6.927961475650032064e+00
3.440697342097742251e+01,6.334675697873347389e+00
3.442697913689625722e+01,6.704729619256891482e+00
3.444698485281509193e+01,6.462727436613919352e+00
3.446699056873392664e+01,6.777625861791213957e+00
3.448699628465276135e+01,6.900742835759357874e+00
3.450700200057158895e+01,6.902667903769462043e+00
3.452700771649043077e+01,7.117329046212864441e+00
3.454701343240925837e+01,7.090530931285459637e+00
3.456701914832810019e+01,7.045997941853375579e+00
3.458702486424692779e+01,7.104980664058484052e+00
3.460703058016576250e+01,8.016100851126239490e+00
3.462703629608459721e+01,7.001516727572941967e+00
3.464704201200343192e+01,8.137075291911800790e+00
3.466704772792226663e+01,7.774048326498213868e+00
3.468705344384109424e+01,8.017381408311386792e+00
3.470705915975993605e+01,8.385924453926699940e+00
3.472706487567876366e+01,8.395083535596898017e+00
3.474707059159760547e+01,8.141817307794541492e+00
3.476707630751643308e+01,8.808604590175139748e+00
3.478708202343526779e+01,9.283254924846849221e+00
3.480708773935410250e+01,9.975495663080112152e+00
3.482709345527293721e+01,1.072536496479365908e+01
3.484709917119177192e+01,1.122020316107190396e+01
3.486710488711059952e+01,1.034562540959514898e+01
3.488711060302944134e+01,1.196848817960205480e+01
3.490711631894826894e+01,1.211294151162464416e+01
3.492712203486711076e+01,1.227947204567282391e+01
3.494712775078593836e+01,1.252250729100528837e+01
3.496713346670477307e+01,1.382400838590143799e+01
3.498713918262360778e+01,1.431469044654235567e+01
3.500714489854244249e+01,1.482169135993718001e+01
3.502715061446127720e+01,1.591516201743905157e+01
3.504715633038010481e+01,1.579841931766955376e+01
3.506716204629894662e+01,1.632343593321803965e+01
3.508716776221777423e+01,1.677000781907394966e+01
3.510717347813661604e+01,1.737000767990974381e+01
3.512717919405544365e+01,1.764735047081083152e+01
3.514718490997427836e+01,1.818152846582696824e+01
3.516719062589311307e+01,1.755007746401517466e+01
3.518719634181194778e+01,1.766504931670888823e+01
3.520720205773078249e+01,1.787842996528144468e+01
3.522720777364961720e+01,1.900234024356788964e+01
3.524721348956845191e+01,1.913937543882185111e+01
3.526721920548727951e+01,1.879226081901061107e+01
3.528722492140612133e+01,1.797525870204863452e+01
3.530723063732494893e+01,1.912396888673397299e+01
3.532723635324378364e+01,1.822882145203380944e+01
3.534724206916261835e+01,1.910431576884947447e+01
3.536724778508145306e+01,1.988330077276240004e+01
3.538725350100028777e+01,1.988469653001732951e+01
3.540725921691912248e+01,2.002797671258750256e+01
3.542726493283795719e+01,2.003301631817399908e+01
3.544727064875678479e+01,1.969233864992671101e+01
3.546727636467562661e+01,1.961166568072977512e+01
3.548728208059445421e+01,2.044744298602216759e+01
3.550728779651329603e+01,2.045821519520347564e+01
3.552729351243212363e+01,2.102307870343312857e+01
3.554729922835095834e+01,2.031000855250187342e+01
3.556730494426979305e+01,2.016440190655016806e+01
3.558731066018862776e+01,2.069855449923971236e+01
3.560731637610746247e+01,1.947963940005522332e+01
3.562732209202629008e+01,1.954137283188586949e+01
3.564732780794513189e+01,1.992717858815863963e+01
3.566733352386395950e+01,1.837182222263103171e+01
3.568733923978280131e+01,1.864455906323945555e+01
3.570734495570162892e+01,1.769856289713337816e+01
3.572735067162046363e+01,1.783899610051726370e+01
3.574735638753929834e+01,1.835926396638088676e+01
3.576736210345813305e+01,1.704411584661762902e+01
3.578736781937696776e+01,1.710324698668263466e+01
3.580737353529579536e+01,1.762673554726848835e+01
3.582737925121463718e+01,1.681193564289387155e+01
3.584738496713346478e+01,1.622561243228452810e+01
3.586739068305230660e+01,1.710850321501948912e+01
3.588739639897113420e+01,1.692980497925277916e+01
3.590740211488996891e+01,1.671018482641050795e+01
3.592740783080880362e+01,1.710015690367444563e+01
3.594741354672763833e+01,1.758723281882416600e+01
3.596741926264647304e+01,1.813085220985398038e+01
3.598742497856530065e+01,1.818308803315176547e+01
3.600743069448414246e+01,1.886116233979532453e+01
3.602743641040297007e+01,1.813643979527305561e+01
3.604744212632181188e+01,1.876800106727471018e+01
3.606744784224063949e+01,1.859824053667487931e+01
3.608745355815947420e+01,1.835577014715329369e+01
3.610745927407830891e+01,1.924870541451230821e+01
3.612746498999714362e+01,1.788737526216175766e+01
3.614747070591597833e+01,1.818317410010677193e+01
3.616747642183481304e+01,1.735517869233697397e+01
3.618748213775364775e+01,1.687273590459300365e+01
3.620748785367247535e+01,1.708665162078083810e+01
3.622749356959131717e+01,1.549148047259839700e+01
3.624749928551014477e+01,1.615657426201972413e+01
3.626750500142897948e+01,1.581060363681142356e+01
3.628751071734781419e+01,1.448797246919817994e+01
3.630751643326664890e+01,1.481515793995777130e+01
3.632752214918548361e+01,1.476324795855100014e+01
3.634752786510431832e+01,1.504271493872183640e+01
3.636753358102315303e+01,1.397608406512410539e+01
3.638753929694198064e+01,1.452298674763489927e+01
3.640754501286082245e+01,1.449561408228789361e+01
3.642755072877965006e+01,1.403469542103298551e+01
3.644755644469849187e+01,1.437931609070580485e+01
3.646756216061731948e+01,1.411562896866262307e+01
3.648756787653615419e+01,1.479857901467055825e+01
3.650757359245498890e+01,1.400001576437828810e+01
3.652757930837382361e+01,1.460671268845202597e+01
3.654758502429265832e+01,1.442330474907769400e+01
3.656759074021148592e+01,1.431366000094673652e+01
3.658759645613032774e+01,1.366412397297864700e+01
3.660760217204915534e+01,1.316567158086431633e+01
3.662760788796799716e+01,1.403764567341002589e+01
3.664761360388682476e+01,1.339863660712179261e+01
3.666761931980565947e+01,1.287574997562811419e+01
3.668762503572449418e+01,1.228525955482274234e+01
3.670763075164332889e+01,1.251225326661297821e+01
3.672763646756216360e+01,1.141036315064740059e+01
3.674764218348099121e+01,1.179127265963695947e+01
3.676764789939983302e+01,1.057066982509764941e+01
3.678765361531866063e+01,9.338033744531198721e+00
3.680765933123750244e+01,1.001773973967861942e+01
3.682766504715633005e+01,9.180290236533046766e+00
3.684767076307516476e+01,8.864509671334324992e+00
3.686767647899399947e+01,8.323591333751892307e+00
3.688768219491283418e+01,8.575537334299795589e+00
3.690768791083166889e+01,7.946940770293790202e+00
3.692769362675049649e+01,7.906208885581540891e+00
3.694769934266933831e+01,8.096318079077803986e+00
3.696770505858816591e+01,7.724949323004864254e+00
3.698771077450700773e+01,7.479980430673377256e+00
3.700771649042583533e+01,7.379691743224004341e+00
3.702772220634467004e+01,7.151985969491853723e+00
3.704772792226350475e+01,7.303221120785069687e+00
3.706773363818233946e+01,7.899169600517303991e+00
3.708773935410117417e+01,7.778648197761942384e+00
3.710774507002000888e+01,8.429462455993238734e+00
3.712775078593884359e+01,9.217110925620669803e+00
3.714775650185767120e+01,9.223277294421405870e+00
3.716776221777651301e+01,8.542496516016196750e+00
3.718776793369534062e+01,9.488291142794080812e+00
3.720777364961417533e+01,9.040081155806028335e+00
3.722777936553301004e+01,1.026037137412817657e+01
3.724778508145184475e+01,1.031034571377019304e+01
3.726779079737067946e+01,1.051441352066799872e+01
3.728779651328951417e+01,1.123351128641284014e+01
3.730780222920834888e+01,1.180708015711092962e+01
3.732780794512717648e+01,1.229377268616868868e+01
3.734781366104601830e+01,1.313539899663110333e+01
3.736781937696484590e+01,1.350345418562072375e+01
3.738782509288368772e+01,1.353929498654511931e+01
3.740783080880251532e+01,1.457291428520734833e+01
3.742783652472135003e+01,1.467324676221883095e+01
3.744784224064018474e+01,1.467763852720409190e+01
3.746784795655901945e+01,1.535364893594918101e+01
3.748785367247785416e+01,1.503807407897327053e+01
3.750785938839668177e+01,1.553231869503088625e+01
3.752786510431552358e+01,1.587723647623864309e+01
3.754787082023435119e+01,1.613091419049410291e+01
3.756787653615319300e+01,1.547760264544882247e+01
3.758788225207202061e+01,1.602369503900138881e+01
3.760788796799085532e+01,1.532562127810445674e+01
3.762789368390969003e+01,1.473730544109580975e+01
3.764789939982852474e+01,1.426971698937755306e+01
3.766790511574735945e+01,1.446989361270412644e+01
3.768791083166618705e+01,1.340158527252973286e+01
3.770791654758502887e+01,1.336994982299218293e+01
3.772792226350385647e+01,1.334306868531528956e+01
3.774792797942269829e+01,1.259304167804148022e+01
3.776793369534152589e+01,1.268065430321286513e+01
3.778793941126036060e+01,1.230707653115220168e+01
3.780794512717919531e+01,1.207082798901343423e+01
3.782795084309803002e+01,1.197458282871998492e+01
3.784795655901686473e+01,1.176614557021397189e+01
3.786796227493569234e+01,1.241681556241541529e+01
3.788796799085453415e+01,1.125311864081540847e+01
3.790797370677336176e+01,1.153231494548171909e+01
3.792797942269220357e+01,1.240646158950056588e+01
3.794798513861103118e+01,1.212803921595166123e+01
3.796799085452986589e+01,1.182076147291035184e+01
3.798799657044870060e+01,1.221266074841814131e+01
3.800800228636753531e+01,1.237721228384140204e+01
3.802800800228637002e+01,1.289167167259299696e+01
3.804801371820520473e+01,1.225525981218767413e+01
3.806801943412403944e+01,1.305645149480763578e+01
3.808802515004286704e+01,1.253914672766877025e+01
3.810803086596170886e+01,1.281460035646682982e+01
3.812803658188053646e+01,1.262056906725566030e+01
3.814804229779937117e+01,1.309585859218530146e+01
3.816804801371820588e+01,1.293999852384438753e+01
3.818805372963704059e+01,1.333679261100457047e+01
3.820805944555587530e+01,1.392533277995140928e+01
3.822806516147471001e+01,1.442185788374846389e+01
3.824807087739354472e+01,1.356031602073227305e+01
3.826807659331237232e+01,1.459758070641225558e+01
3.828808230923121414e+01,1.459810316849715406e+01
3.830808802515004174e+01,1.577079512800485617e+01
3.832809374106888356e+01,1.571740826957602088e+01
3.834809945698771116e+01,1.572049332587656423e+01
3.836810517290654587e+01,1.611737433761133076e+01
3.838811088882538058e+01,1.656658395118793337e+01
3.840811660474421529e+01,1.731238649119334028e+01
3.842812232066305000e+01,1.708061973975907222e+01
3.844812803658187761e+01,1.925200782307354430e+01
3.846813375250071942e+01,1.855104034813716396e+01
3.848813946841954703e+01,1.953980726592290296e+01
3.850814518433838884e+01,1.902808222888078404e+01
3.852815090025721645e+01,1.902226033632186386e+01
3.854815661617605116e+01,1.976441076887071802e+01
3.856816233209488587e+01,1.974615264972281636e+01
3.858816804801372058e+01,1.986255330559271215e+01
3.860817376393255529e+01,1.970418208558631079e+01
3.862817947985138289e+01,1.930181081456692738e+01
3.864818519577022471e+01,1.914180964446055455e+01
3.866819091168905231e+01,1.913126204858209434e+01
3.868819662760789413e+01,1.832190539418603237e+01
3.870820234352672173e+01,1.868640668691053719e+01
3.872820805944555644e+01,1.882931263191976967e+01
3.874821377536439115e+01,1.793824491808118893e+01
3.876821949128322586e+01,1.786986804076216373e+01
3.878822520720206057e+01,1.764286975959342385e+01
3.880823092312088818e+01,1.757589816893827006e+01
3.882823663903972999e+01,1.856869740755736586e+01
3.884824235495855760e+01,1.794676039437794657e+01
3.886824807087739941e+01,1.764621565054320840e+01
3.888825378679622702e+01,1.880772948426348989e+01
3.890825950271506173e+01,1.820916230970763650e+01
3.892826521863389644e+01,1.891739916117091269e+01
3.894827093455273115e+01,1.866415220527946772e+01
3.896827665047156586e+01,1.851409324116752231e+01
3.898828236639040057e+01,1.863422505707026033e+01
3.900828808230923528e+01,1.895837510719273666e+01
3.902829379822806288e+01,2.028062413756729399e+01
3.904829951414690470e+01,1.983569314085232804e+01
3.906830523006573230e+01,2.009453021373346715e+01
3.908831094598456701e+01,2.126584726274897008e+01
3.910831666190340172e+01,2.181843072510792325e+01
3.912832237782223643e+01,2.168054563704210835e+01
3.914832809374107114e+01,2.278914682061727959e+01
3.916833380965990585e+01,2.286407266041961961e+01
3.918833952557874056e+01,2.370353645468711079e+01
3.920834524149756817e+01,2.403485543828719173e+01
3.922835095741640998e+01,2.471612198514931080e+01
3.924835667333523759e+01,2.444299872585527567e+01
3.926836238925407940e+01,2.532345990308596839e+01
3.928836810517290701e+01,2.469560779926063177e+01
3.930837382109174172e+01,2.514146933261726602e+01
3.932837953701057643e+01,2.463003540010574710e+01
3.934838525292941114e+01,2.453412714346196211e+01
3.936839096884824585e+01,2.391014213001550104e+01
3.938839668476707345e+01,2.324600884212318519e+01
3.940840240068591527e+01,2.331410455171716123e+01
3.942840811660474287e+01,2.184447464795008642e+01
3.944841383252358469e+01,2.145753483759616742e+01
3.946841954844241229e+01,1.953815256453464144e+01
3.948842526436124700e+01,2.017616866094208206e+01
3.950843098028008171e+01,1.918430984210485946e+01
3.952843669619891642e+01,1.786966857616296167e+01
3.954844241211775113e+01,1.704887322647766368e+01
3.956844812803657874e+01,1.602996786329855183e+01
3.958845384395542055e+01,1.670614109217946464e+01
3.960845955987424816e+01,1.425427038107335065e+01
3.962846527579308997e+01,1.414512272722006969e+01
3.964847099171191758e+01,1.364303198971483155e+01
3.966847670763075229e+01,1.320554615613507821e+01
3.968848242354958700e+01,1.173972266267162290e+01
3.970848813946842171e+01,1.241707319073673688e+01
3.972849385538725642e+01,1.301590865299314181e+01
3.974849957130608402e+01,1.270711709952504620e+01
3.976850528722492584e+01,1.125596453412264886e+01
3.978851100314375344e+01,1.115205746433949230e+01
3.980851671906259526e+01,1.368657088188683879e+01
3.982852243498142286e+01,1.398076795127289884e+01
3.984852815090025757e+01,1.081379326922428241e+01
3.986853386681909228e+01,1.250626425992909319e+01
3.988853958273792699e+01,1.405200548417672834e+01
3.990854529865676170e+01,1.438360269358339139e+01
3.992855101457559641e+01,1.042978200988616777e+01
3.994855673049443112e+01,1.311209656718971495e+01
3.996856244641325873e+01,1.499795221531917377e+01
3.998856816233210054e+01,1.423116844914840939e+01
4.000857387825092815e+01,1.059213766351838792e+01
4.002857959416976286e+01,1.402478045165372755e+01
4.004858531008859757e+01,1.444906628562626061e+01
4.006859102600743228e+01,1.442041035477227773e+01
4.008859674192626699e+01,1.184766711880155121e+01
4.010860245784510170e+01,1.497001171346293447e+01
4.012860817376393641e+01,1.524054470766700220e+01
4.014861388968276401e+01,1.476472432241388866e+01
4.016861960560160583e+01,1.241508941989060233e+01
4.018862532152043343e+01,1.410733476759301297e+01
4.020863103743927525e+01,1.419799939252188992e+01
4.022863675335810285e+01,1.383089745077831800e+01
4.024864246927693756e+01,1.242878223081431344e+01
4.026864818519577227e+01,1.391002457701642747e+01
4.028865390111460698e+01,1.331933073298651138e+01
4.030865961703344169e+01,1.360230363132104614e+01
4.032866533295226930e+01,1.257982891715583307e+01
4.034867104887111111e+01,1.261204217995272003e+01
4.036867676478993872e+01,1.366629399223127450e+01
4.038868248070878053e+01,1.298956669492081417e+01
4.040868819662760814e+01,1.242942607002373379e+01
4.042869391254644285e+01,1.390102395320104378e+01
4.044869962846527756e+01,1.358050274986616657e+01
4.046870534438411227e+01,1.290613559562354951e+01
4.048871106030294698e+01,1.364378392045891530e+01
4.050871677622177458e+01,1.412200368063407119e+01
4.052872249214061640e+01,1.365680801607674866e+01
4.054872820805944400e+01,1.356064320054064609e+01
4.056873392397828582e+01,1.375644917488757457e+01
4.058873963989711342e+01,1.418418826053447823e+01
4.060874535581594813e+01,1.352592313140374358e+01
4.062875107173478284e+01,1.411731381830411181e+01
4.064875678765361755e+01,1.400508508154270970e+01
4.066876250357245226e+01,1.350216553596944458e+01
4.068876821949127986e+01,1.311404223275096825e+01
4.070877393541012168e+01,1.303572364787644844e+01
4.072877965132894929e+01,1.309527628191498572e+01
4.074878536724779110e+01,1.355655957668998823e+01
4.076879108316661871e+01,1.282303411024934903e+01
4.078879679908545342e+01,1.300377337220106355e+01
4.080880251500428813e+01,1.256492678443016331e+01
4.082880823092312284e+01,1.320659573043606194e+01
4.084881394684195755e+01,1.357105822450151145e+01
4.086881966276079226e+01,1.396021075669482236e+01
4.088882537867962697e+01,1.448852219469111624e+01
4.090883109459845457e+01,1.444320378087618550e+01
4.092883681051729639e+01,1.510552308254275644e+01
4.094884252643612399e+01,1.564585499828991999e+01
4.096884824235495870e+01,1.659359034710450231e+01
4.098885395827379341e+01,1.632539692597496384e+01
4.100885967419262812e+01,1.742226973279870705e+01
4.102886539011146283e+01,1.796691766346597774e+01
4.104887110603029754e+01,1.904676521845278359e+01
4.106887682194913225e+01,1.935836391847833582e+01
4.108888253786795985e+01,1.995589425904279324e+01
4.110888825378680167e+01,2.092235852453414324e+01
4.112889396970562927e+01,2.047784826999576424e+01
4.114889968562447109e+01,2.067893616707740279e+01
4.116890540154329869e+01,2.171471033904198578e+01
4.118891111746213340e+01,2.234492327601674333e+01
4.120891683338096811e+01,2.234084355511746622e+01
4.122892254929980282e+01,2.230331790738470943e+01
4.124892826521863753e+01,2.265819699565996359e+01
4.126893398113746514e+01,2.267362928897230390e+01
4.128893969705630695e+01,2.197863596058303415e+01
4.130894541297513456e+01,2.169448276470282266e+01
4.132895112889397637e+01,2.275026138593229774e+01
4.134895684481280398e+01,2.331764185992152250e+01
4.136896256073163869e+01,2.209915293715732076e+01
4.138896827665047340e+01,2.224882808801529066e+01
4.140897399256930811e+01,2.311224688432215402e+01
4.142897970848814282e+01,2.233149828106945023e+01
4.144898542440697042e+01,2.218249852334266237e+01
4.146899114032581224e+01,2.193004507843966877e+01
4.148899685624463984e+01,2.164472545707794282e+01
4.150900257216348166e+01,2.163896929308782902e+01
4.152900828808230926e+01,2.084639683651992925e+01
4.154901400400114397e+01,2.094153161985367717e+01
4.156901971991997868e+01,2.142946538278861368e+01
4.158902543583881339e+01,2.064567172182949406e+01
4.160903115175764810e+01,1.975610052635597214e+01
4.162903686767647571e+01,1.930523053429490332e+01
4.164904258359531752e+01,1.970339743593982362e+01
4.166904829951414513e+01,2.015270261019480458e+01
4.168905401543298694e+01,1.896659157293756692e+01
4.170905973135181455e+01,1.857696294753497668e+01
4.172906544727064926e+01,1.757852779613165950e+01
4.174907116318948397e+01,1.729445476607740062e+01
4.176907687910831868e+01,1.745260106873362105e+01
4.178908259502715339e+01,1.597695532394756768e+01
4.180908831094598810e+01,1.563770147897534279e+01
4.182909402686482281e+01,1.457497178233637669e+01
4.184909974278365041e+01,1.466310793598649553e+01
4.186910545870249223e+01,1.354090441908431686e+01
4.188911117462131983e+01,1.298611264616487659e+01
4.190911689054015454e+01,1.306464973706084720e+01
4.192912260645898925e+01,1.196379665840746398e+01
4.194912832237782396e+01,1.115145535625010531e+01
4.196913403829665867e+01,1.087114506392360624e+01
4.198913975421549338e+01,1.078450118858509299e+01
4.200914547013432809e+01,1.084543040917276535e+01
4.202915118605316280e+01,9.766865762938808260e+00
4.204915690197199041e+01,1.002969038121581136e+01
4.206916261789082512e+01,1.053206686079038690e+01
4.208916833380965983e+01,9.974548042163760897e+00
4.210917404972849454e+01,1.022708836625932527e+01
4.212917976564732925e+01,1.060929993277386529e+01
4.214918548156616396e+01,1.079302783061627125e+01
4.216919119748499867e+01,1.102856730173871114e+01
4.218919691340383338e+01,1.069623926100385347e+01
4.220920262932266809e+01,1.078328743213570284e+01
4.222920834524150280e+01,1.071150915642321877e+01
4.224921406116033040e+01,1.199782401261427900e+01
4.226921977707916511e+01,1.160637268627780472e+01
4.228922549299799982e+01,1.311119590492156206e+01
4.230923120891683453e+01,1.302888168925491286e+01
4.232923692483566924e+01,1.227018389949005694e+01
4.234924264075450395e+01,1.391606310885213915e+01
4.236924835667333866e+01,1.398804511625387548e+01
4.238925407259217337e+01,1.434718353328930185e+01
4.240925978851100808e+01,1.508457605442678684e+01
4.242926550442983569e+01,1.459906783156069388e+01
4.244927122034867040e+01,1.480144749899371881e+01
4.246927693626750511e+01,1.486344064715557067e+01
4.248928265218633982e+01,1.527981806001620413e+01
4.250928836810517453e+01,1.488810452449910926e+01
4.252929408402400924e+01,1.468021556168834252e+01
4.254929979994284395e+01,1.493467629050278589e+01
4.256930551586167866e+01,1.461486623912384530e+01
4.258931123178051337e+01,1.410165126388963408e+01
4.260931694769934097e+01,1.310848638441243352e+01
4.262932266361817568e+01,1.350133554082278842e+01
4.264932837953701039e+01,1.357448495381254716e+01
4.266933409545584510e+01,1.367387450868566745e+01
4.268933981137467981e+01,1.317341910696685581e+01
4.270934552729351452e+01,1.351567249815962590e+01
4.272935124321234923e+01,1.265860812350831566e+01
4.274935695913118394e+01,1.325615327354934436e+01
4.276936267505001865e+01,1.395395370524099121e+01
4.278936839096885336e+01,1.282290332589063020e+01
4.280937410688768097e+01,1.216294350408485059e+01
4.282937982280651568e+01,1.250938154526841828e+01
4.284938553872535039e+01,1.216713686204986544e+01
4.286939125464418510e+01,1.176476680789426688e+01
4.288939697056301981e+01,1.056342455547754255e+01
4.290940268648185452e+01,1.012018290413259791e+01
4.292940840240068923e+01,1.048411129720511070e+01
4.294941411831952394e+01,1.048700949570321228e+01
4.296941983423835865e+01,9.042648544190461379e+00
4.298942555015718625e+01,8.845745131935180083e+00
4.300943126607602096e+01,8.833261806522555659e+00
4.302943698199485567e+01,8.765904447725045401e+00
4.304944269791369038e+01,8.615624502831675358e+00
4.306944841383252509e+01,9.248648202116081407e+00
4.308945412975135980e+01,8.915195196589678517e+00
4.310945984567019451e+01,8.969164957528427351e+00
4.312946556158902922e+01,9.158131445186953101e+00
4.314947127750786393e+01,8.943252999084275956e+00
4.316947699342669864e+01,9.544991072871784610e+00
4.318948270934552625e+01,1.035497041549411890e+01
4.320948842526436096e+01,1.060035229996143791e+01
4.322949414118319567e+01,1.086561311500094185e+01
4.324949985710203038e+01,1.173058620991013612e+01
4.326950557302086509e+01,1.115211384483286139e+01
4.328951128893969980e+01,1.199715663105406271e+01
4.330951700485853451e+01,1.351324498554846443e+01
4.332952272077736922e+01,1.266505361594435364e+01
4.334952843669620393e+01,1.365258520608440662e+01
4.336953415261503153e+01,1.384101530325397533e+01
4.338953986853386624e+01,1.514456650745081490e+01
4.340954558445270095e+01,1.549288952840065647e+01
4.342955130037153566e+01,1.602839074635048888e+01
4.344955701629037037e+01,1.580940019077207737e+01
4.346956273220920508e+01,1.672736845558199548e+01
4.348956844812803979e+01,1.610688627079510482e+01
4.350957416404687450e+01,1.610758281887692789e+01
4.352957987996570921e+01,1.564565855494583424e+01
4.354958559588453681e+01,1.597859289577344022e+01
4.356959131180337153e+01,1.559415378746499670e+01
4.358959702772220624e+01,1.494418682157093414e+01
4.360960274364104095e+01,1.468756566583390821e+01
4.362960845955987566e+01,1.470038674631146591e+01
4.364961417547871037e+01,1.374569033647962613e+01
4.366961989139754508e+01,1.321313454762324824e+01
4.368962560731637979e+01,1.237463419887887639e+01
4.370963132323521450e+01,1.190852612421261547e+01
4.372963703915404921e+01,1.148174561315577868e+01
4.374964275507287681e+01,1.135191415690190198e+01
4.376964847099171152e+01,1.081646779702842665e+01
4.378965418691054623e+01,9.756718360265617562e+00
4.380965990282938094e+01,9.278060266444011717e+00
4.382966561874821565e+01,9.859163138893086042e+00
4.384967133466705036e+01,8.431887879264044372e+00
4.386967705058588507e+01,8.762537221372525664e+00
4.388968276650471978e+01,9.091264254364585184e+00
4.390968848242355449e+01,9.219345004704969426e+00
4.392969419834238209e+01,8.521193685594276701e+00
4.394969991426121680e+01,8.702329804370766198e+00
4.396970563018005151e+01,7.931006231500850490e+00
4.398971134609888622e+01,8.261695804585698966e+00
4.400971706201772093e+01,8.495653073854363413e+00
4.402972277793655564e+01,7.728473648501845261e+00
4.404972849385539035e+01,8.279932211305094825e+00
4.406973420977422506e+01,8.741335339192239928e+00
4.408973992569305977e+01,7.593847312854147269e+00
4.410974564161189448e+01,7.861339958554217411e+00
4.412975135753072209e+01,8.432959031413176376e+00
4.414975707344955680e+01,7.565190066933849877e+00
4.416976278936839151e+01,8.218352193484767199e+00
4.418976850528722622e+01,6.942412601141004558e+00
4.420977422120606093e+01,7.180108269040875513e+00
4.422977993712489564e+01,7.608381985440582973e+00
4.424978565304373035e+01,7.308478158126138879e+00
4.426979136896256506e+01,7.757474342995937633e+00
4.428979708488139977e+01,7.646335256568848493e+00
4.430980280080022737e+01,7.399705809137952173e+00
4.432980851671906208e+01,7.681016775988394940e+00
4.434981423263789679e+01,7.804165474033483818e+00
4.436981994855673150e+01,7.781195818077618398e+00
4.438982566447556621e+01,6.791928837268933705e+00
4.440983138039440092e+01,7.644447966955007168e+00
4.442983709631323563e+01,7.094527071451864231e+00
4.444984281223207034e+01,7.473645756807494323e+00
4.446984852815090505e+01,7.245344458825444534e+00
4.448985424406973266e+01,7.055324271013432735e+00
4.450985995998856737e+01,7.614374484858954517e+00
4.452986567590740208e+01,7.038130367245226893e+00
4.454987139182623679e+01,7.195935918304286361e+00
4.456987710774507150e+01,7.237125777936999960e+00
4.458988282366390621e+01,7.447463002250965580e+00
4.460988853958274092e+01,6.637524256626512908e+00
4.462989425550157563e+01,7.396467949092592420e+00
4.464989997142041034e+01,7.758188337807276014e+00
4.466990568733924505e+01,8.063548609481596685e+00
4.468991140325807265e+01,7.805510130053647799e+00
4.470991711917690736e+01,8.227613582306894102e+00
4.472992283509574207e+01,8.396187755052045176e+00
4.474992855101457678e+01,7.153631059323484642e+00
4.476993426693341149e+01,6.928323040513371112e+00
4.478993998285224620e+01,7.906628506810179147e+00
4.480994569877108091e+01,7.857443372960451811e+00
4.482995141468991562e+01,7.591198310700992380e+00
4.484995713060875033e+01,7.483854138609879136e+00
4.486996284652757794e+01,7.242699783001043556e+00
4.488996856244641265e+01,7.814224566599374810e+00
4.490997427836524736e+01,8.146807941529971231e+00
4.492997999428408207e+01,8.097315333719965480e+00
4.494998571020291678e+01,8.158819963524441832e+00
4.496999142612175149e+01,8.379346580727615290e+00
4.498999714204058620e+01,8.173857852994732553e+00
4.501000285795942091e+01,8.303462945840738740e+00
4.503000857387825562e+01,8.477819602739444349e+00
4.505001428979709033e+01,8.986849626391844481e+00
4.507002000571591793e+01,8.139440799766537893e+00
4.509002572163475264e+01,8.933027370623065622e+00
4.511003143755358735e+01,9.243944415735104059e+00
4.513003715347242206e+01,8.888061843227443859e+00
4.515004286939125677e+01,9.454990137115494520e+00
4.517004858531009148e+01,9.779493905290165046e+00
4.519005430122892619e+01,1.050611183063593401e+01
4.521006001714776090e+01,1.006028565249013518e+01
4.523006573306659561e+01,9.222253998098834060e+00
4.525007144898542322e+01,1.007796800775696688e+01
4.527007716490425793e+01,1.040503848797079556e+01
4.529008288082309264e+01,1.011279484371219795e+01
4.531008859674192735e+01,1.043362780809480483e+01
4.533009431266076206e+01,1.071556517597288227e+01
4.535010002857959677e+01,1.123603774258328514e+01
4.537010574449843148e+01,1.184559230105164396e+01
4.539011146041726619e+01,1.134389493267600812e+01
4.541011717633610090e+01,1.186402196049434821e+01
4.543012289225492850e+01,1.297710807509575659e+01
4.545012860817376321e+01,1.219643441690426400e+01
4.547013432409259792e+01,1.264683375529112652e+01
4.549014004001143263e+01,1.385452544983451872e+01
4.551014575593026734e+01,1.380440921525820386e+01
4.553015147184910205e+01,1.388896979083256511e+01
4.555015718776793676e+01,1.392363879956886308e+01
4.557016290368677147e+01,1.455282760263148489e+01
4.559016861960560618e+01,1.390146607971456305e+01
4.561017433552444089e+01,1.452415023123604776e+01
4.563018005144326850e+01,1.408623595154080377e+01
4.565018576736210321e+01,1.386879869345635896e+01
4.567019148328093792e+01,1.443849791373346392e+01
4.569019719919977263e+01,1.336525226974229241e+01
4.571020291511860734e+01,1.256335984081433388e+01
4.573020863103744205e+01,1.319893266784648489e+01
4.575021434695627676e+01,1.306961333251108570e+01
4.577022006287511147e+01,1.296759827206244431e+01
4.579022577879394618e+01,1.283278547893584687e+01
4.581023149471277378e+01,1.293640215331975263e+01
4.583023721063160849e+01,1.282717678334914702e+01
4.585024292655044320e+01,1.339730432289593054e+01
4.587024864246927791e+01,1.280130527638589655e+01
4.589025435838811262e+01,1.383233252872971519e+01
4.591026007430694733e+01,1.378818399737274447e+01
4.593026579022578204e+01,1.403161586253096260e+01
4.595027150614461675e+01,1.423448725656962210e+01
4.597027722206345146e+01,1.458014877163900636e+01
4.599028293798228617e+01,1.383225294517324144e+01
4.601028865390111378e+01,1.458683870587930187e+01
4.603029436981994849e+01,1.459435412859434322e+01
4.605030008573878320e+01,1.510427826044498367e+01
4.607030580165761791e+01,1.473280449772272860e+01
4.609031151757645262e+01,1.477231281924194306e+01
4.611031723349528733e+01,1.474060490734623130e+01
4.613032294941412204e+01,1.520666710711629044e+01
4.615032866533295675e+01,1.468960204537733816e+01
4.617033438125179146e+01,1.468482654319906189e+01
4.619034009717061906e+01,1.428718813908194818e+01
4.621034581308945377e+01,1.451702591701399570e+01
4.623035152900828848e+01,1.423658891190741116e+01
4.625035724492712319e+01,1.315409624324461646e+01
4.627036296084595790e+01,1.370894516363342852e+01
4.629036867676479261e+01,1.374265752199185187e+01
4.631037439268362732e+01,1.359649419310402685e+01
4.633038010860246203e+01,1.279638264466388797e+01
4.635038582452129674e+01,1.234530260642097765e+01
4.637039154044012434e+01,1.215203913552176829e+01
4.639039725635895905e+01,1.200935389563009892e+01
4.641040297227779376e+01,1.219705643868187650e+01
4.643040868819662847e+01,1.102361333719102632e+01
4.645041440411546319e+01,1.230234249049116713e+01
4.647042012003429790e+01,1.162203951088849152e+01
4.649042583595313261e+01,1.321805763510110765e+01
4.651043155187196732e+01,1.329534763404837783e+01
4.653043726779080203e+01,1.400586438842400128e+01
4.655044298370963674e+01,1.388919494182768055e+01
4.657044869962846434e+01,1.500482797343294195e+01
4.659045441554729905e+01,1.505047667514398313e+01
4.661046013146613376e+01,1.628831782839446163e+01
4.663046584738496847e+01,1.649996302540041171e+01
4.665047156330380318e+01,1.749913854331510166e+01
4.667047727922263789e+01,1.843833467678354054e+01
4.669048299514147260e+01,1.910476033061664936e+01
4.671048871106030731e+01,1.937188475586586023e+01
4.673049442697914202e+01,1.934183915218111594e+01
4.675050014289796962e+01,1.994387265146479038e+01
4.677050585881680433e+01,1.970321613740333433e+01
4.679051157473563904e+01,1.947824601740350658e+01
4.681051729065447375e+01,2.023026681280004624e+01
4.683052300657330846e+01,2.006999866011641487e+01
4.685052872249214317e+01,1.901025873229367136e+01
4.687053443841097788e+01,1.791091280501717620e+01
4.689054015432981259e+01,1.847769884881123303e+01
4.691054587024864730e+01,1.787356309550184719e+01
4.693055158616748201e+01,1.649058200423245424e+01
4.695055730208630962e+01,1.585143918721914602e+01
4.697056301800514433e+01,1.578959165181146673e+01
4.699056873392397904e+01,1.568137499232881105e+01
4.701057444984281375e+01,1.509261089905088227e+01
4.703058016576164846e+01,1.419672481279003406e+01
4.705058588168048317e+01,1.463781341445017148e+01
4.707059159759931788e+01,1.485070963551887679e+01
4.709059731351815259e+01,1.461951795326185000e+01
4.711060302943698730e+01,1.333909109875153121e+01
4.713060874535581490e+01,1.383572162906376235e+01
4.715061446127464961e+01,1.314760940145202639e+01
4.717062017719348432e+01,1.351452168253820219e+01
4.719062589311231903e+01,1.323228292122011140e+01
4.721063160903115374e+01,1.281223080497860245e+01
4.723063732494998845e+01,1.249691262118334834e+01
4.725064304086882316e+01,1.316406401474320376e+01
4.727064875678765787e+01,1.270415930813677363e+01
4.729065447270649258e+01,1.244881777758816810e+01
4.731066018862532019e+01,1.240443786608874532e+01
4.733066590454415490e+01,1.190041433080556921e+01
4.735067162046298961e+01,1.202017389638078804e+01
4.737067733638182432e+01,1.132909017537074092e+01
4.739068305230065903e+01,1.081689474529946793e+01
4.741068876821949374e+01,1.024970276689282045e+01
4.743069448413832845e+01,1.006309316412914256e+01
4.745070020005716316e+01,1.021252665132206516e+01
4.747070591597599787e+01,8.681051618953018689e+00
4.749071163189483258e+01,9.386894597592624123e+00
4.751071734781366018e+01,9.567489956887905933e+00
4.753072306373249489e+01,8.701674372000598012e+00
4.755072877965132960e+01,7.902603583220416894e+00
4.757073449557016431e+01,8.356692876676909520e+00
4.759074021148899902e+01,7.692802260117330704e+00
4.761074592740783373e+01,7.949575883213563898e+00
4.763075164332666844e+01,7.667835683502680411e+00
4.765075735924550315e+01,7.986601679091640094e+00
4.767076307516433786e+01,7.303980748959832070e+00
4.769076879108316547e+01,7.801210938835906106e+00
4.771077450700200018e+01,8.387218965812131444e+00
4.773078022292083489e+01,7.625067885580826044e+00
4.775078593883966960e+01,8.796038398816373061e+00
4.777079165475850431e+01,7.928843906198661529e+00
4.779079737067733902e+01,8.406233618262842100e+00
4.781080308659617373e+01,8.532601918934664909e+00
4.783080880251500844e+01,9.744021328267958637e+00
4.785081451843384315e+01,9.360937685817756204e+00
4.787082023435267075e+01,9.635200268566007864e+00
4.789082595027150546e+01,1.108559623269045069e+01
4.791083166619034017e+01,1.082808793491834187e+01
4.793083738210917488e+01,1.158050204155705565e+01
4.795084309802800959e+01,1.107594289081024286e+01
4.797084881394684430e+01,1.292222733421797543e+01
4.799085452986567901e+01,1.298941497129295897e+01
4.801086024578451372e+01,1.372141010110255621e+01
4.803086596170334843e+01,1.413270321902471771e+01
4.805087167762218314e+01,1.444021075968420753e+01
4.807087739354101075e+01,1.418725590639588852e+01
4.809088310945984546e+01,1.495630254414494864e+01
4.811088882537868017e+01,1.584433191487933712e+01
4.813089454129751488e+01,1.592824148164853426e+01
4.815090025721634959e+01,1.637665201688604810e+01
4.817090597313518430e+01,1.630826604541609015e+01
4.819091168905401901e+01,1.631941189250105850e+01
4.821091740497285372e+01,1.593951121066557697e+01
4.823092312089168843e+01,1.485192172103376507e+01
4.825092883681051603e+01,1.523601887976064972e+01
4.827093455272935074e+01,1.521290904125766374e+01
4.829094026864818545e+01,1.493926325720995507e+01
4.831094598456702016e+01,1.458356843214968634e+01
4.833095170048585487e+01,1.450272409990613554e+01
4.835095741640468958e+01,1.394986401756005279e+01
4.837096313232352429e+01,1.312531113914060299e+01
4.839096884824235900e+01,1.403995407638673143e+01
4.841097456416119371e+01,1.308950793371558774e+01
4.843098028008002842e+01,1.278404987612435306e+01
4.845098599599885603e+01,1.232773327316822431e+01
4.847099171191769074e+01,1.194148169153679362e+01
4.849099742783652545e+01,1.181701778532318592e+01
4.851100314375536016e+01,1.099961248534534164e+01
4.853100885967419487e+01,1.105658117655662309e+01
4.855101457559302958e+01,1.038356566354172372e+01
4.857102029151186429e+01,1.095164539724978070e+01
4.859102600743069900e+01,9.976678201782707589e+00
4.861103172334953371e+01,9.289894671254394609e+00
4.863103743926836131e+01,9.405601952862141957e+00
4.865104315518719602e+01,9.133173119373342530e+00
4.867104887110603073e+01,8.780677533013646396e+00
4.869105458702486544e+01,9.138627135108645660e+00
4.871106030294370015e+01,8.226494332742836590e+00
4.873106601886253486e+01,8.627838877955701591e+00
4.875107173478136957e+01,7.765514427905208628e+00
4.877107745070020428e+01,8.390971304763187533e+00
4.879108316661903899e+01,7.861583718980243773e+00
4.881108888253786660e+01,8.371283939017498454e+00
4.883109459845670131e+01,7.499285991897670201e+00
4.885110031437553602e+01,8.039691602762893297e+00
4.887110603029437073e+01,8.484907554350442638e+00
4.889111174621320544e+01,8.115070428426747640e+00
4.891111746213204015e+01,8.771465068448952351e+00
4.893112317805087486e+01,8.956271676527762793e+00
4.895112889396970957e+01,9.325671863498742553e+00
4.897113460988854428e+01,8.997853019773847549e+00
4.899114032580737899e+01,9.264891561766486205e+00
4.901114604172620659e+01,8.886284221495651892e+00
4.903115175764504130e+01,9.500316263948569429e+00
4.905115747356387601e+01,1.003303170497136776e+01
4.907116318948271072e+01,9.603390769281256567e+00
4.909116890540154543e+01,9.890724502662967765e+00
4.911117462132038014e+01,1.033564141421166127e+01
4.913118033723921485e+01,1.028200545044456149e+01
4.915118605315804956e+01,1.065468676724817065e+01
4.917119176907688427e+01,1.072385561135874354e+01
4.919119748499571187e+01,1.048151502340630792e+01
4.921120320091454658e+01,1.003862989063986610e+01
4.923120891683338129e+01,1.025137200465741927e+01
4.925121463275221600e+01,1.019769321978233911e+01
4.927122034867105071e+01,1.057060747839042492e+01
4.929122606458988542e+01,1.070259013725493169e+01
4.931123178050872014e+01,1.078191362799944386e+01
4.933123749642755485e+01,9.989026201572615449e+00
4.935124321234638956e+01,9.265185841508500886e+00
4.937124892826522427e+01,9.457417785446283531e+00
4.939125464418405187e+01,9.582079276304526161e+00
4.941126036010288658e+01,9.198017235929487612e+00
4.943126607602172129e+01,1.051794546825449572e+01
4.945127179194055600e+01,8.995666487734421679e+00
4.947127750785939071e+01,1.018645913722995644e+01
4.949128322377822542e+01,1.025597091229822944e+01
4.951128893969706013e+01,9.928759350509688275e+00
4.953129465561589484e+01,1.054196989663699036e+01
4.955130037153472955e+01,1.028549232681716319e+01
4.957130608745355715e+01,1.014933057518280535e+01
4.959131180337239186e+01,1.041108053684395784e+01
4.961131751929122657e+01,1.076662077417443086e+01
4.963132323521006128e+01,1.079934513713693178e+01
4.965132895112889599e+01,1.107556271166252060e+01
4.967133466704773070e+01,1.184131122198437680e+01
4.969134038296656541e+01,1.166139638390328059e+01
4.971134609888540012e+01,1.181913012214513969e+01
4.973135181480423483e+01,1.223951437574361023e+01
4.975135753072306244e+01,1.305735755337781967e+01
4.977136324664189715e+01,1.304915608182081499e+01
4.979136896256073186e+01,1.292222803220272098e+01
4.981137467847956657e+01,1.415142550983883751e+01
4.983138039439840128e+01,1.463190655504796567e+01
4.985138611031723599e+01,1.479522590666610071e+01
4.987139182623607070e+01,1.464350048488373446e+01
4.989139754215490541e+01,1.501089705625460624e+01
4.991140325807374012e+01,1.664678977006144578e+01
4.993140897399257483e+01,1.641399562122392553e+01
4.995141468991140243e+01,1.702990325105734115e+01
4.997142040583023714e+01,1.743939031883191504e+01
4.999142612174907185e+01,1.780099093163937241e+01
5.001143183766790656e+01,1.729673430711261872e+01
5.003143755358674127e+01,1.744505177128156959e+01
5.005144326950557598e+01,1.747513215352527283e+01
5.007144898542441069e+01,1.736524574802249887e+01
5.009145470134324540e+01,1.711604109442945187e+01
5.011146041726208011e+01,1.697312691400891538e+01
5.013146613318090772e+01,1.608318441943637467e+01
5.015147184909974243e+01,1.658936841425902387e+01
5.017147756501857714e+01,1.510676175053963632e+01
5.019148328093741185e+01,1.460493050192713937e+01
5.021148899685624656e+01,1.478106935408642642e+01
5.023149471277508127e+01,1.416289719313332718e+01
5.025150042869391598e+01,1.303739755588775395e+01
5.027150614461275069e+01,1.318957274487403630e+01
5.029151186053158540e+01,1.284659983180592135e+01
5.031151757645042011e+01,1.265427761851943345e+01
5.033152329236924771e+01,1.133855068579755709e+01
5.035152900828808242e+01,1.194231038346940288e+01
5.037153472420691713e+01,1.246733789097607925e+01
5.039154044012575184e+01,1.237451900788560977e+01
5.041154615604458655e+01,1.099851272251042644e+01
5.043155187196342126e+01,1.121545713180448267e+01
5.045155758788225597e+01,1.152560427712914048e+01
5.047156330380109068e+01,1.189373354751024259e+01
5.049156901971992539e+01,1.282441274615389304e+01
5.051157473563875300e+01,1.286143693779521158e+01
5.053158045155758771e+01,1.250824111680769590e+01
5.055158616747642242e+01,1.344399063862603683e+01
5.057159188339525713e+01,1.341183775463877836e+01
5.059159759931409184e+01,1.427876030049138478e+01
5.061160331523292655e+01,1.508122973428062608e+01
5.063160903115176126e+01,1.583056688632331088e+01
5.065161474707059597e+01,1.673725633980910033e+01
5.067162046298943068e+01,1.730707052390970802e+01
5.069162617890825828e+01,1.839901387846162351e+01
5.071163189482709299e+01,1.909876956461085484e+01
5.073163761074592770e+01,1.997041029463593986e+01
5.075164332666476241e+01,2.059915791602188051e+01
5.077164904258359712e+01,2.083784538480566084e+01
5.079165475850243183e+01,2.112538727170144881e+01
5.081166047442126654e+01,2.124065356088244982e+01
5.083166619034010125e+01,2.114683422870777108e+01
5.085167190625893596e+01,2.117417811348400392e+01
5.087167762217777067e+01,2.092841586988520675e+01
5.089168333809659828e+01,2.203538978037098772e+01
5.091168905401543299e+01,2.178607881156001014e+01
5.093169476993426770e+01,2.044097873250603215e+01
5.095170048585310241e+01,2.080604272517344810e+01
5.097170620177193712e+01,1.985258351276129218e+01
5.099171191769077183e+01,2.055531882302997815e+01
5.101171763360960654e+01,2.012232355916823323e+01
5.103172334952844125e+01,1.996280004362760963e+01
5.105172906544727596e+01,2.057498996892558907e+01
5.107173478136610356e+01,1.929466634725308438e+01
5.109174049728493827e+01,1.921950242367643824e+01
5.111174621320377298e+01,1.921879323588519384e+01
5.113175192912260769e+01,1.982762525438889867e+01
5.115175764504144240e+01,1.902217564004065764e+01
5.117176336096027711e+01,1.867489172453155177e+01
5.119176907687911182e+01,1.838542234393960229e+01
5.121177479279794653e+01,1.841028257386378897e+01
5.123178050871678124e+01,1.700669326281771987e+01
5.125178622463561595e+01,1.755942653528038377e+01
5.127179194055444356e+01,1.682455483836763221e+01
5.129179765647327827e+01,1.570339891686723632e+01
5.131180337239211298e+01,1.604457406359784954e+01
5.133180908831094769e+01,1.533446124870873817e+01
5.135181480422978240e+01,1.549018815884232936e+01
5.137182052014861711e+01,1.517560596557959229e+01
5.139182623606745182e+01,1.414786922015528248e+01
5.141183195198628653e+01,1.469036609754794398e+01
5.143183766790512124e+01,1.407517151609649453e+01
5.145184338382394884e+01,1.529388606170729403e+01
5.147184909974278355e+01,1.471473489200510443e+01
5.149185481566161826e+01,1.488688824649705289e+01
5.151186053158045297e+01,1.480237139572032845e+01
5.153186624749928768e+01,1.651414233098699214e+01
5.155187196341812239e+01,1.644893131126922725e+01
5.157187767933695710e+01,1.640790483727923998e+01
5.159188339525579181e+01,1.615845591768059109e+01
5.161188911117462652e+01,1.710927994384639206e+01
5.163189482709345413e+01,1.762472306263809685e+01
5.165190054301228884e+01,1.700423226635955842e+01
5.167190625893112355e+01,1.717312552851666396e+01
5.169191197484995826e+01,1.756793898285035027e+01
5.171191769076879297e+01,1.816710829377213443e+01
5.173192340668762768e+01,1.874516091096446502e+01
5.175192912260646239e+01,1.856303162108275728e+01
5.177193483852529710e+01,1.889049947026760279e+01
5.179194055444413181e+01,1.854522880513839667e+01
5.181194627036296652e+01,1.798305516486134081e+01
5.183195198628179412e+01,1.853214565987756401e+01
5.185195770220062883e+01,1.911705712998191231e+01
5.187196341811946354e+01,1.822510234795367268e+01
5.189196913403829825e+01,1.914595976398691946e+01
5.191197484995713296e+01,1.831198445162232247e+01
5.193198056587596767e+01,1.918653799393040416e+01
5.195198628179480238e+01,1.836785525204419045e+01
5.197199199771363709e+01,1.786259575232809027e+01
5.199199771363247180e+01,1.781197934717177134e+01
5.201200342955129940e+01,1.914876051237605736e+01
5.203200914547013411e+01,1.871730999671310869e+01
5.205201486138896882e+01,1.741456040801572414e+01
5.207202057730780353e+01,1.765110496376874849e+01
5.209202629322663824e+01,1.719655629666533514e+01
5.211203200914547295e+01,1.732959624316254832e+01
5.213203772506430766e+01,1.753280784995574493e+01
5.215204344098314237e+01,1.682350967632922334e+01
5.217204915690197708e+01,1.664750359156289861e+01
5.219205487282081180e+01,1.667000849746505153e+01
5.221206058873963940e+01,1.569149374348075909e+01
5.223206630465847411e+01,1.603868010267660438e+01
5.225207202057730882e+01,1.585857477458362119e+01
5.227207773649614353e+01,1.552020926711048432e+01
5.229208345241497824e+01,1.577364919075386318e+01
5.231208916833381295e+01,1.492445860654602718e+01
5.233209488425264766e+01,1.508697619542645718e+01
5.235210060017148237e+01,1.521974620623392838e+01
5.237210631609031708e+01,1.389337985196692316e+01
5.239211203200914468e+01,1.473998450744455724e+01
5.241211774792797939e+01,1.382130404271059732e+01
5.243212346384681410e+01,1.349160293217665973e+01
5.245212917976564881e+01,1.338725787307449266e+01
5.247213489568448352e+01,1.284855910868564699e+01
5.249214061160331823e+01,1.342869501496695506e+01
5.251214632752215294e+01,1.292117589291983037e+01
5.253215204344098765e+01,1.312973053463150208e+01
5.255215775935982236e+01,1.336803794634475295e+01
5.257216347527864997e+01,1.333470617599351726e+01
5.259216919119748468e+01,1.322627411194212854e+01
5.261217490711631939e+01,1.482680885130202242e+01
5.263218062303515410e+01,1.380350375192027812e+01
5.265218633895398881e+01,1.491741630662288998e+01
5.267219205487282352e+01,1.530118076615136680e+01
5.269219777079165823e+01,1.475711102635222360e+01
5.271220348671049294e+01,1.555649682596725292e+01
5.273220920262932765e+01,1.584537505081941511e+01
5.275221491854816236e+01,1.621336516062497779e+01
5.277222063446698996e+01,1.671608456083767180e+01
5.279222635038582467e+01,1.716250659161270065e+01
5.281223206630465938e+01,1.792860413523925089e+01
5.283223778222349409e+01,1.749575884126566550e+01
5.285224349814232880e+01,1.789097006735271123e+01
5.287224921406116351e+01,1.753430978518591488e+01
5.289225492997999822e+01,1.759603942674753796e+01
5.291226064589883293e+01,1.774488605113165107e+01
5.293226636181766764e+01,1.706077930628122985e+01
5.295227207773649525e+01,1.704791489933940341e+01
5.297227779365532996e+01,1.677810328127105066e+01
5.299228350957416467e+01,1.644751437891200752e+01
5.301228922549299938e+01,1.656714895943561316e+01
5.303229494141183409e+01,1.495928240111420138e+01
5.305230065733066880e+01,1.607436089502120780e+01
5.307230637324950351e+01,1.445392549056121823e+01
5.309231208916833822e+01,1.377853782089459500e+01
5.311231780508717293e+01,1.355442500879563639e+01
5.313232352100600764e+01,1.373829411229687381e+01
5.315232923692483524e+01,1.196558391165645041e+01
5.317233495284366995e+01,1.234098974938300408e+01
5.319234066876250466e+01,1.168558854025876315e+01
5.321234638468133937e+01,1.133723514949551969e+01
5.323235210060017408e+01,1.091584005812404357e+01
5.325235781651900879e+01,9.240257883050386312e+00
5.327236353243784350e+01,9.389709166316613675e+00
5.329236924835667821e+01,9.750622835035407832e+00
5.331237496427551292e+01,9.423547620541700809e+00
5.333238068019434053e+01,9.351015430923460769e+00
5.335238639611317524e+01,8.355437887748804471e+00
5.337239211203200995e+01,9.219212127816247104e+00
5.339239782795084466e+01,8.830891909960298491e+00
5.341240354386967937e+01,7.866910577295685769e+00
5.343240925978851408e+01,8.937714598914535458e+00
5.345241497570734879e+01,8.386294218308684378e+00
5.347242069162618350e+01,8.387133727294552088e+00
5.349242640754501821e+01,8.752925280401438357e+00
5.351243212346384581e+01,8.116717243291693862e+00
5.353243783938268052e+01,8.872684090034706372e+00
5.355244355530151523e+01,8.527339742869294525e+00
5.357244927122034994e+01,9.157419932956244679e+00
5.359245498713918465e+01,1.018084209771169313e+01
5.361246070305801936e+01,9.917224365201434466e+00
5.363246641897685407e+01,9.875195915571714167e+00
5.365247213489568878e+01,1.016407318062922371e+01
5.367247785081452349e+01,1.064604624832533375e+01
5.369248356673335820e+01,1.145693118204565053e+01
5.371248928265218581e+01,1.201011312567014322e+01
5.373249499857102052e+01,1.214530991682056893e+01
5.375250071448985523e+01,1.152992541814487737e+01
5.377250643040868994e+01,1.205125747298786543e+01
5.379251214632752465e+01,1.217379694869077156e+01
5.381251786224635936e+01,1.228933920046117834e+01
5.383252357816519407e+01,1.148058559759104114e+01
5.385252929408402878e+01,1.198480086775968978e+01
5.387253501000286349e+01,1.174778076189452136e+01
5.389254072592169109e+01,1.144238849422758086e+01
5.391254644184052580e+01,1.207915390500874331e+01
5.393255215775936051e+01,1.103990239936418760e+01
5.395255787367819522e+01,1.148200025089058940e+01
5.397256358959702993e+01,1.065604768316258166e+01
5.399256930551586464e+01,1.128087711931758363e+01
5.401257502143469935e+01,1.021139094546810355e+01
5.403258073735353406e+01,1.123613368314891048e+01
5.405258645327236877e+01,1.066018467586395957e+01
5.407259216919120348e+01,1.103709666094698250e+01
5.409259788511003109e+01,1.136625251165114037e+01
5.411260360102886580e+01,1.128875105742912410e+01
5.413260931694770051e+01,9.951635768460874942e+00
5.415261503286653522e+01,1.030963059917942637e+01
5.417262074878536993e+01,1.011128298873571651e+01
5.419262646470420464e+01,1.044404709830602229e+01
5.421263218062303935e+01,1.024021412335800107e+01
5.423263789654187406e+01,9.530866703700890952e+00
5.425264361246070877e+01,1.072216970767341948e+01
5.427264932837953637e+01,1.057719929183063812e+01
5.429265504429837108e+01,9.616411851734124383e+00
5.431266076021720579e+01,1.108388433099263359e+01
5.433266647613604050e+01,1.065829034381528650e+01
5.435267219205487521e+01,1.070303079571413818e+01
5.437267790797370992e+01,1.098561489814871983e+01
5.439268362389254463e+01,1.034863715205491097e+01
5.441268933981137934e+01,1.113311592036595599e+01
5.443269505573021405e+01,1.140459558740235479e+01
5.445270077164904166e+01,1.082947854519225928e+01
5.447270648756787637e+01,1.159366375072733391e+01
5.449271220348671108e+01,1.087431942259433271e+01
5.451271791940554579e+01,1.079295234847162277e+01
5.453272363532438050e+01,1.112017572785840613e+01
5.455272935124321521e+01,1.146110436207856331e+01
5.457273506716204992e+01,1.133534760912951889e+01
5.459274078308088463e+01,1.102956343098638925e+01
5.461274649899971934e+01,1.138669020334113213e+01
5.463275221491855405e+01,1.036910795672465291e+01
5.465275793083738165e+01,1.181964144838900665e+01
5.467276364675621636e+01,1.094870337476052669e+01
5.469276936267505107e+01,1.144495589625378429e+01
5.471277507859388578e+01,1.142220740398589029e+01
5.473278079451272049e+01,1.237442173948791080e+01
5.475278651043155520e+01,1.345954431452248201e+01
5.477279222635038991e+01,1.366857854562702812e+01
5.479279794226922462e+01,1.441158721517996710e+01
5.481280365818805933e+01,1.454995576795733037e+01
5.483280937410688693e+01,1.452479023496584887e+01
5.485281509002572164e+01,1.517254421608747705e+01
5.487282080594455635e+01,1.587288906527057009e+01
5.489282652186339106e+01,1.659221246484723267e+01
5.491283223778222577e+01,1.707756797464327292e+01
5.493283795370106048e+01,1.736667997556846288e+01
5.495284366961989519e+01,1.748543072735418846e+01
5.497284938553872990e+01,1.806730896283877286e+01
5.499285510145756461e+01,1.789680725429307273e+01
5.501286081737639222e+01,1.900527285904648167e+01
5.503286653329522693e+01,1.801405608849863782e+01
5.505287224921406164e+01,1.809011913680216921e+01
5.507287796513289635e+01,1.827654535268654001e+01
5.509288368105173106e+01,1.784319425176077445e+01
5.511288939697056577e+01,1.858091748726542392e+01
5.513289511288940048e+01,1.771473237602456408e+01
5.515290082880823519e+01,1.753991945408823128e+01
5.517290654472706990e+01,1.735405857467564061e+01
5.519291226064590461e+01,1.657181099390549051e+01
5.521291797656473221e+01,1.723740397880523645e+01
5.523292369248356692e+01,1.727858062644621384e+01
5.525292940840240163e+01,1.689512745500092805e+01
5.527293512432123634e+01,1.674632908976641943e+01
5.529294084024007105e+01,1.605834699570305446e+01
5.531294655615890576e+01,1.660267491034263543e+01
5.533295227207774047e+01,1.554547501831198808e+01
5.535295798799657518e+01,1.558024206240380671e+01
5.537296370391540989e+01,1.530179742715338342e+01
5.539296941983423750e+01,1.501780769653186454e+01
5.541297513575307221e+01,1.575400975822456573e+01
5.543298085167190692e+01,1.573655434115615925e+01
5.545298656759074163e+01,1.523638990286008266e+01
5.547299228350957634e+01,1.468908474863628477e+01
5.549299799942841105e+01,1.512372081017000980e+01
5.551300371534724576e+01,1.481459188621487044e+01
5.553300943126608047e+01,1.479004815948320939e+01
5.555301514718491518e+01,1.401678744370301288e+01
5.557302086310374989e+01,1.393912725646659645e+01
5.559302657902257749e+01,1.347855307364822686e+01
5.561303229494141220e+01,1.398148304347944126e+01
5.563303801086024691e+01,1.280019770102177112e+01
5.565304372677908162e+01,1.298318489886231575e+01
5.567304944269791633e+01,1.281386979625801814e+01
5.569305515861675104e+01,1.187716549966967250e+01
5.571306087453558575e+01,1.302320173449872343e+01
5.573306659045442046e+01,1.206869351935835510e+01
5.575307230637325517e+01,1.244059518062587344e+01
5.577307802229208278e+01,1.152595540319688538e+01
5.579308373821091749e+01,1.128208968729218320e+01
5.581308945412975220e+01,1.109474164290476139e+01
5.583309517004858691e+01,1.189277371189585075e+01
5.585310088596742162e+01,1.175119754863082733e+01
5.587310660188625633e+01,1.217310918803230813e+01
5.589311231780509104e+01,1.190191553031573335e+01
5.591311803372392575e+01,1.134693348224000786e+01
5.593312374964276046e+01,1.233884982307078459e+01
5.595312946556158806e+01,1.188296970159939825e+01
5.597313518148042277e+01,1.241869821989206280e+01
5.599314089739925748e+01,1.237669701129650690e+01
5.601314661331809219e+01,1.255500065174950919e+01
5.603315232923692690e+01,1.410343343933655547e+01
5.605315804515576161e+01,1.406849651357410380e+01
5.607316376107459632e+01,1.360928479996920615e+01
5.609316947699343103e+01,1.361029975574511752e+01
5.611317519291226574e+01,1.379744677837503630e+01
5.613318090883110045e+01,1.440935439463749290e+01
5.615318662474992806e+01,1.522030299246404184e+01
5.617319234066876277e+01,1.509481465690283564e+01
5.619319805658759748e+01,1.478838857784834104e+01
5.621320377250643219e+01,1.449203317638515820e+01
5.623320948842526690e+01,1.458387761267310800e+01
5.625321520434410161e+01,1.447549474676860726e+01
5.627322092026293632e+01,1.393916033603550986e+01
5.629322663618177103e+01,1.486343095884669552e+01
5.631323235210060574e+01,1.420234012961967807e+01
5.633323806801943334e+01,1.393433780150443901e+01
5.635324378393826805e+01,1.420606660834074120e+01
5.637324949985710276e+01,1.359282220880253078e+01
5.639325521577593747e+01,1.350765236073225495e+01
5.641326093169477218e+01,1.277418027549165913e+01
5.643326664761360689e+01,1.191898023318987931e+01
5.645327236353244160e+01,1.272010875383021933e+01
5.647327807945127631e+01,1.288431351729085073e+01
5.649328379537011102e+01,1.166331024969707642e+01
5.651328951128894573e+01,1.209622484425008437e+01
5.653329522720777334e+01,1.075911762432031793e+01
5.655330094312660805e+01,1.091689744091458003e+01
5.657330665904544276e+01,1.084274385425268683e+01
5.659331237496427747e+01,1.072202068980578105e+01
5.661331809088311218e+01,1.172665806483942497e+01
5.663332380680194689e+01,1.127564191253521386e+01
5.665332952272078160e+01,1.164613740934026609e+01
5.667333523863961631e+01,1.146944132298464325e+01
5.669334095455845102e+01,1.094118375493274797e+01
5.671334667047727862e+01,1.202077510644740777e+01
5.673335238639611333e+01,1.087331126347527288e+01
5.675335810231494804e+01,1.211116723060125722e+01
5.677336381823378275e+01,1.206741032120838497e+01
5.679336953415261746e+01,1.152198009820187785e+01
5.681337525007145217e+01,1.240199531153586854e+01
5.683338096599028688e+01,1.215227777383385366e+01
5.685338668190912159e+01,1.312074340673278883e+01
5.687339239782795630e+01,1.375726871493350956e+01
5.689339811374678391e+01,1.362849750505790247e+01
5.691340382966561862e+01,1.386329473227782749e+01
5.693340954558445333e+01,1.396476436682440081e+01
5.695341526150328804e+01,1.315314241803619133e+01
5.697342097742212275e+01,1.347596589277749146e+01
5.699342669334095746e+01,1.359639849718632831e+01
5.701343240925979217e+01,1.369909233077792088e+01
5.703343812517862688e+01,1.333027008180332551e+01
5.705344384109746159e+01,1.308446555169837566e+01
5.707344955701629630e+01,1.310359450729028907e+01
5.709345527293512390e+01,1.289984210972492029e+01
5.711346098885395861e+01,1.261944140109044810e+01
5.713346670477279332e+01,1.245938664486584102e+01
5.715347242069162803e+01,1.362744338116317344e+01
5.717347813661046274e+01,1.250378332612592658e+01
5.719348385252929745e+01,1.358118813054138485e+01
5.721348956844813216e+01,1.321830426021800875e+01
5.723349528436696687e+01,1.314141454771561612e+01
5.725350100028580158e+01,1.391283457175431337e+01
5.727350671620462919e+01,1.338214654718849950e+01
5.729351243212346390e+01,1.244313436047948684e+01
5.731351814804229861e+01,1.254457968363788112e+01
5.733352386396113332e+01,1.313037587696470432e+01
5.735352957987996803e+01,1.234979627028042515e+01
5.737353529579880274e+01,1.146798459685163607e+01
5.739354101171763745e+01,1.190320460877651954e+01
5.741354672763647216e+01,1.145014500444982630e+01
5.743355244355530687e+01,1.136105199974266178e+01
5.745355815947414158e+01,1.214698626117701608e+01
5.747356387539296918e+01,1.191386049439920924e+01
5.749356959131180389e+01,1.102660474066832919e+01
5.751357530723063860e+01,1.282643407141276981e+01
5.753358102314947331e+01,1.270207941257875817e+01
5.755358673906830802e+01,1.329457256475876292e+01
5.757359245498714273e+01,1.296290562224522525e+01
5.759359817090597744e+01,1.412584538508060561e+01
5.761360388682481215e+01,1.469532575794218410e+01
5.763360960274364686e+01,1.537099813278215521e+01
5.765361531866247446e+01,1.577953255506991503e+01
5.767362103458130917e+01,1.619022421785184207e+01
5.769362675050014388e+01,1.735837220350282095e+01
5.771363246641897859e+01,1.739313809608382044e+01
5.773363818233781330e+01,1.769074676303927873e+01
5.775364389825664801e+01,1.838732152175884949e+01
5.777364961417548272e+01,1.700455343970203614e+01
5.779365533009431743e+01,1.667840669532991171e+01
5.781366104601315214e+01,1.609596930584371677e+01
5.783366676193197975e+01,1.664402086721095486e+01
5.785367247785081446e+01,1.669331715220088697e+01
5.787367819376964917e+01,1.529652995914010560e+01
5.789368390968848388e+01,1.468421966620159225e+01
5.791368962560731859e+01,1.488269920168428762e+01
5.793369534152615330e+01,1.412391863540140591e+01
5.795370105744498801e+01,1.466627863662450082e+01
5.797370677336382272e+01,1.361332489867229611e+01
5.799371248928265743e+01,1.349620032920977764e+01
5.801371820520149214e+01,1.355190221031002018e+01
5.803372392112031974e+01,1.366512135010372830e+01
5.805372963703915445e+01,1.370472697531878836e+01
5.807373535295798916e+01,1.336741065390374317e+01
5.809374106887682387e+01,1.465470154297630323e+01
5.811374678479565858e+01,1.388176811214686346e+01
5.813375250071449329e+01,1.349855367861146327e+01
5.815375821663332800e+01,1.348712889901131184e+01
5.817376393255216271e+01,1.425890810953729826e+01
5.819376964847099742e+01,1.430038480004865420e+01
5.821377536438982503e+01,1.398423228879624958e+01
5.823378108030865974e+01,1.401175585150713943e+01
5.825378679622749445e+01,1.388162007013299792e+01
5.827379251214632916e+01,1.441881382561998493e+01
5.829379822806516387e+01,1.464602610167009544e+01
5.831380394398399858e+01,1.473771874603495746e+01
5.833380965990283329e+01,1.347493624792736000e+01
5.835381537582166800e+01,1.367245229368722903e+01
5.837382109174050271e+01,1.373807604005504857e+01
5.839382680765933742e+01,1.352899925052044416e+01
5.841383252357816502e+01,1.377174918645735779e+01
5.843383823949699973e+01,1.359488114844102569e+01
5.845384395541583444e+01,1.344046519543166163e+01
5.847384967133466915e+01,1.237320180123448665e+01
5.849385538725350386e+01,1.276499361575323732e+01
5.851386110317233857e+01,1.276415614952745692e+01
5.853386681909117328e+01,1.274221547008195365e+01
5.855387253501000799e+01,1.361060837541861090e+01
5.857387825092884270e+01,1.273660708575433276e+01
5.859388396684767031e+01,1.291080527250399612e+01
5.861388968276650502e+01,1.345103812367588958e+01
5.863389539868533973e+01,1.245478146926949847e+01
5.865390111460417444e+01,1.334349642801983649e+01
5.867390683052300915e+01,1.424629953581385422e+01
5.869391254644184386e+01,1.405792427457957317e+01
5.871391826236067857e+01,1.338241829360512014e+01
5.873392397827951328e+01,1.362952404613677793e+01
5.875392969419834799e+01,1.475807603589450601e+01
5.877393541011717559e+01,1.545961439522023362e+01
5.879394112603601030e+01,1.515502744469497998e+01
5.881394684195484501e+01,1.574804782573527184e+01
5.883395255787367972e+01,1.525289492930341417e+01
5.885395827379251443e+01,1.612492506905853062e+01
5.887396398971134914e+01,1.656017262750759755e+01
5.889396970563018385e+01,1.695768536657734771e+01
5.891397542154901856e+01,1.689341723386128180e+01
5.893398113746785327e+01,1.699849141000994024e+01
5.895398685338668798e+01,1.698453378493214672e+01
5.897399256930551559e+01,1.689551188385388159e+01
5.899399828522435030e+01,1.708824258569330468e+01
5.901400400114318501e+01,1.716202665035073593e+01
5.903400971706201972e+01,1.739005439243589635e+01
5.905401543298085443e+01,1.771839340579759181e+01
5.907402114889968914e+01,1.783865547104795013e+01
5.909402686481852385e+01,1.776044979143678049e+01
5.911403258073735856e+01,1.853427090593808302e+01
5.913403829665619327e+01,1.748667666900242068e+01
5.915404401257502087e+01,1.779286911830219253e+01
5.917404972849385558e+01,1.795309730542166449e+01
5.919405544441269029e+01,1.709112429403725741e+01
5.921406116033152500e+01,1.790828652903737250e+01
5.923406687625035971e+01,1.673105096278756321e+01
5.925407259216919442e+01,1.553696686995610854e+01
5.927407830808802913e+01,1.593464356963718132e+01
5.929408402400686384e+01,1.486489305722458454e+01
5.931408973992569855e+01,1.513548027702303145e+01
5.933409545584453326e+01,1.400294977714471933e+01
5.935410117176336087e+01,1.334607285153503042e+01
5.937410688768219558e+01,1.303783221611657339e+01
5.939411260360103029e+01,1.282370618245520255e+01
5.941411831951986500e+01,1.210366112461696986e+01
5.943412403543869971e+01,1.223387285823057802e+01
5.945412975135753442e+01,1.193182506989539249e+01
5.947413546727636913e+01,1.127602347792484849e+01
5.949414118319520384e+01,1.157310499814146354e+01
5.951414689911403855e+01,1.137834819202878478e+01
5.953415261503286615e+01,1.213219109335637569e+01
5.955415833095170086e+01,1.159806629397279742e+01
5.957416404687053557e+01,1.252292330831501488e+01
5.959416976278937028e+01,1.249579759689007830e+01
5.961417547870820499e+01,1.253223545972453934e+01
5.963418119462703970e+01,1.336633666311732682e+01
5.965418691054587441e+01,1.314208529068912412e+01
5.967419262646470912e+01,1.375060473856213328e+01
5.969419834238354383e+01,1.266938940107781164e+01
5.971420405830237144e+01,1.349461991176355369e+01
5.973420977422120615e+01,1.300215465688167527e+01
5.975421549014004086e+01,1.203908528386393861e+01
5.977422120605887557e+01,1.244234294060503387e+01
5.979422692197771028e+01,1.315742485245138305e+01
5.981423263789654499e+01,1.257019906139112919e+01
5.983423835381537970e+01,1.187320879105786453e+01
5.985424406973421441e+01,1.217376968946220295e+01
5.987424978565304912e+01,1.255694335054660016e+01
5.989425550157188383e+01,1.171215438781995033e+01
5.991426121749071143e+01,1.184573802413829213e+01
5.993426693340954614e+01,1.120473304048866581e+01
5.995427264932838085e+01,1.192703288888807123e+01
5.997427836524721556e+01,1.114997349370370472e+01
5.999428408116605027e+01,1.085573014455667717e+01
6.001428979708488498e+01,1.124830493423435485e+01
6.003429551300371969e+01,1.089902881616164620e+01
6.005430122892255440e+01,1.126305238627888627e+01
6.007430694484138911e+01,1.107713383643549498e+01
6.009431266076021672e+01,1.007680323934556199e+01
6.011431837667905143e+01,1.083855450362069561e+01
6.013432409259788614e+01,1.006918057401834332e+01
6.015432980851672085e+01,9.877684938133542758e+00
6.017433552443555556e+01,9.786453645297971349e+00
6.019434124035439027e+01,1.006245362255080167e+01
6.021434695627322498e+01,1.012582531758683935e+01
6.023435267219205969e+01,1.078411146131821496e+01
6.025435838811089440e+01,9.860598473359068805e+00
6.027436410402972911e+01,1.074078337051431475e+01
6.029436981994855671e+01,9.955621363499822962e+00
6.031437553586739142e+01,1.029471605779439969e+01
6.033438125178622613e+01,1.016730633634903214e+01
6.035438696770506084e+01,9.880930628052240650e+00
6.037439268362389555e+01,1.023540760235893465e+01
6.039439839954273026e+01,1.022163460669176516e+01
6.041440411546156497e+01,9.760027474407657166e+00
6.043440983138039968e+01,1.008439354714571579e+01
6.045441554729923439e+01,9.533853868875555193e+00
6.047442126321806199e+01,1.021776905924602730e+01
6.049442697913689670e+01,1.001374439293244123e+01
6.051443269505573141e+01,1.006744943603577980e+01
6.053443841097456612e+01,9.213694268690380440e+00
6.055444412689340083e+01,9.524302804585865090e+00
6.057444984281223554e+01,1.013549772864543286e+01
6.059445555873107025e+01,9.370473479538652839e+00
6.061446127464990496e+01,8.845128855944636825e+00
6.063446699056873967e+01,8.948116836956675257e+00
6.065447270648756728e+01,8.632413314359920875e+00
6.067447842240640199e+01,9.515954127305228383e+00
6.069448413832523670e+01,9.050223036553818545e+00
6.071448985424407141e+01,9.353039010940358722e+00
6.073449557016290612e+01,8.961211691687804404e+00
6.075450128608174083e+01,8.423009582879341650e+00
6.077450700200057554e+01,8.994163825423473924e+00
6.079451271791941025e+01,8.535856080584697025e+00
6.081451843383824496e+01,9.323516431042630614e+00
6.083452414975707967e+01,9.893944080580968858e+00
6.085452986567590727e+01,9.274048824459823592e+00
6.087453558159474198e+01,9.012271241152763679e+00
6.089454129751357669e+01,8.829780170149057028e+00
6.091454701343241140e+01,1.006765687923657637e+01
6.093455272935124611e+01,9.902152002932869124e+00
6.095455844527008082e+01,9.966533973555254278e+00
6.097456416118891553e+01,9.356597116411993653e+00
6.099456987710775024e+01,1.056914194383425354e+01
6.101457559302658495e+01,1.048693677586202888e+01
6.103458130894541256e+01,9.598600287532171649e+00
6.105458702486424727e+01,1.032069730114159078e+01
6.107459274078308198e+01,1.020701274719232998e+01
6.109459845670191669e+01,9.332971990244201876e+00
6.111460417262075140e+01,9.492775456335847295e+00
6.113460988853958611e+01,8.972846184471869435e+00
6.115461560445842082e+01,9.283591695973768765e+00
6.117462132037725553e+01,8.667594076367301170e+00
6.119462703629609024e+01,8.565797735556746062e+00
6.121463275221492495e+01,8.830038166493595853e+00
6.123463846813375255e+01,8.399789201933915095e+00
6.125464418405258726e+01,8.802900196839900104e+00
6.127464989997142197e+01,8.510257348933759403e+00
6.129465561589025668e+01,8.644602581774766037e+00
6.131466133180909139e+01,8.031267682665967911e+00
6.133466704772792610e+01,7.839807383202131774e+00
6.135467276364676081e+01,7.821126465444359077e+00
6.137467847956559552e+01,7.925502764434569691e+00
6.139468419548443023e+01,8.501816421070614638e+00
6.141468991140325784e+01,8.508949121714408648e+00
6.143469562732209255e+01,8.296530829899626980e+00
6.145470134324092726e+01,8.537832962981807938e+00
6.147470705915976197e+01,8.666878067140867614e+00
6.149471277507859668e+01,9.127933218400512416e+00
6.151471849099743139e+01,9.295122949164856152e+00
6.153472420691626610e+01,1.043909719724624985e+01
6.155472992283510081e+01,9.896997017267176844e+00
6.157473563875393552e+01,1.052285973453038537e+01
6.159474135467276312e+01,1.070284420652088464e+01
6.161474707059159783e+01,1.099613707901478499e+01
6.163475278651043254e+01,1.218086777624754902e+01
6.165475850242926725e+01,1.277542296316372727e+01
6.167476421834810196e+01,1.291697991318865313e+01
6.169476993426693667e+01,1.338877446870863253e+01
6.171477565018577138e+01,1.411095797706581578e+01
6.173478136610460609e+01,1.464292751754349275e+01
6.175478708202344080e+01,1.495684527256408636e+01
6.177479279794227551e+01,1.505594059297369114e+01
6.179479851386110312e+01,1.492427216309113724e+01
6.181480422977993783e+01,1.528702276774975211e+01
6.183480994569877254e+01,1.535064401911133913e+01
6.185481566161760725e+01,1.548390655066001642e+01
6.187482137753644196e+01,1.519275236809254892e+01
6.189482709345527667e+01,1.495044463847901106e+01
6.191483280937411138e+01,1.417388730012940101e+01
6.193483852529294609e+01,1.450729164997862419e+01
6.195484424121178080e+01,1.416153320732438559e+01
6.197484995713060840e+01,1.355074425902571456e+01
6.199485567304944311e+01,1.311436463149105336e+01
6.201486138896827782e+01,1.238872936816194681e+01
6.203486710488711253e+01,1.151411762698439034e+01
6.205487282080594724e+01,1.218482776890765962e+01
6.207487853672478195e+01,1.094146415946429229e+01
6.209488425264361666e+01,1.050381754310075166e+01
6.211488996856245137e+01,1.133219720808137509e+01
6.213489568448128608e+01,1.033856600220192945e+01
6.215490140040011369e+01,1.015609331481611832e+01
6.217490711631894840e+01,9.524242151504388687e+00
6.219491283223778311e+01,9.303241639300921406e+00
6.221491854815661782e+01,8.813947407581029125e+00
6.223492426407545253e+01,8.846980803650247083e+00
6.225492997999428724e+01,9.199901807021841904e+00
6.227493569591312195e+01,9.318622753886758758e+00
6.229494141183195666e+01,9.332178819093813971e+00
6.231494712775079137e+01,8.637373597833743588e+00
6.233495284366962608e+01,9.155270084143555920e+00
6.235495855958845368e+01,8.555497452369493772e+00
6.237496427550728839e+01,9.255442272645343138e+00
6.239496999142612310e+01,9.499909931442410027e+00
6.241497570734495781e+01,9.103313496720970122e+00
6.243498142326379252e+01,9.158466921614383693e+00
6.245498713918262723e+01,9.483976274407464047e+00
6.247499285510146194e+01,9.877543798776848405e+00
6.249499857102029665e+01,9.714787464100881564e+00
6.251500428693913136e+01,9.143323678338765248e+00
6.253501000285795897e+01,9.911580149137982687e+00
6.255501571877679368e+01,9.055296463773055748e+00
6.257502143469562839e+01,9.578246784964283833e+00
6.259502715061446310e+01,8.570294183381399478e+00
6.261503286653329781e+01,8.240432833967627602e+00
6.263503858245213252e+01,8.569124041406787740e+00
6.265504429837096723e+01,9.235221193029110154e+00
6.267505001428980194e+01,8.926143629394204027e+00
6.269505573020863665e+01,7.827872853483141213e+00
6.271506144612747136e+01,8.306116627487714510e+00
6.273506716204629896e+01,8.276306992270569651e+00
6.275507287796513367e+01,8.096577250694821259e+00
6.277507859388396838e+01,8.869586154311150494e+00
6.279508430980280309e+01,7.418440406196707748e+00
6.281509002572163780e+01,8.526353910047699713e+00
6.283509574164047251e+01,8.714876380453857152e+00
6.285510145755930722e+01,7.326127615815371641e+00
6.287510717347814193e+01,7.881666822983621756e+00
6.289511288939697664e+01,8.230686198066223369e+00
6.291511860531580425e+01,7.833155301342038968e+00
6.293512432123463896e+01,7.967903275786316186e+00
6.295513003715347367e+01,8.766657327173987824e+00
6.297513575307230838e+01,7.895442901357256460e+00
6.299514146899114309e+01,8.082528777703741341e+00
6.301514718490997780e+01,7.517227302208855377e+00
6.303515290082881251e+01,7.484278273986266328e+00
6.305515861674764722e+01,7.743892525123294845e+00
6.307516433266648193e+01,8.057005389627398984e+00
6.309517004858530953e+01,8.409723654266386461e+00
6.311517576450414424e+01,9.212008770472493779e+00
6.313518148042297895e+01,8.777221080380170903e+00
6.315518719634181366e+01,8.607184217189775666e+00
6.317519291226064837e+01,9.241421125262579750e+00
6.319519862817948308e+01,9.151601074419971837e+00
6.321520434409831779e+01,1.007652135920380942e+01
6.323521006001715250e+01,9.672459050112546919e+00
6.325521577593598721e+01,9.733995286448845263e+00
6.327522149185482192e+01,1.025450848471553833e+01
6.329522720777364952e+01,9.976586380733348136e+00
6.331523292369248423e+01,1.017759084344837106e+01
6.333523863961131894e+01,9.814991586364733678e+00
6.335524435553015365e+01,1.021914614134377075e+01
6.337525007144898836e+01,1.090990178904758423e+01
6.339525578736782307e+01,1.015992968038182909e+01
6.341526150328665778e+01,1.080169497740302731e+01
6.343526721920549249e+01,1.022858447936692627e+01
6.345527293512432720e+01,9.546602100708064143e+00
6.347527865104315481e+01,9.845457363568385745e+00
6.349528436696198952e+01,1.028031069715315482e+01
6.351529008288082423e+01,1.035733473834748963e+01
6.353529579879965894e+01,9.896279825466413271e+00
6.355530151471849365e+01,9.778905240653278597e+00
6.357530723063732836e+01,1.012705580556051466e+01
6.359531294655616307e+01,9.999193808766595026e+00
6.361531866247499778e+01,9.701418170700740973e+00
6.363532437839383249e+01,1.037936838942050777e+01
6.365533009431266720e+01,1.070618446793672618e+01
6.367533581023149480e+01,1.049676301576428017e+01
6.369534152615032951e+01,1.047829895679820744e+01
6.371534724206916422e+01,1.074998225195459867e+01
6.373535295798799893e+01,1.125756527299216714e+01
6.375535867390683364e+01,9.850678782411128154e+00
6.377536438982566835e+01,1.076117410091223903e+01
6.379537010574450306e+01,1.105276110381870147e+01
6.381537582166333777e+01,1.109272034758184944e+01
6.383538153758217248e+01,1.118873120471395310e+01
6.385538725350100009e+01,1.145830682569509662e+01
6.387539296941983480e+01,1.115838801161482152e+01
6.389539868533866951e+01,1.122422512992976706e+01
6.391540440125750422e+01,1.219008139413452874e+01
6.393541011717633893e+01,1.191975053885819591e+01
6.395541583309517364e+01,1.153182623793170336e+01
6.397542154901400835e+01,1.154294971017269233e+01
6.399542726493284306e+01,1.224024015861996517e+01
6.401543298085167066e+01,1.147686124036396293e+01
6.403543869677051248e+01,1.162672676790322335e+01
6.405544441268934008e+01,1.072685523108603611e+01
6.407545012860816769e+01,1.089632191385736348e+01
6.409545584452700950e+01,9.875780513492527390e+00
6.411546156044585132e+01,1.042692013305629750e+01
6.413546727636467892e+01,9.276362250276527277e+00
6.415547299228350653e+01,9.735115329096167613e+00
6.417547870820234834e+01,9.117417657326662095e+00
6.419548442412119016e+01,9.325317625513539710e+00
6.421549014004001776e+01,9.130971592028437556e+00
6.423549585595884537e+01,7.893930320188726313e+00
6.425550157187768718e+01,8.984637302370135359e+00
6.427550728779651479e+01,7.960084115559869389e+00
6.429551300371534239e+01,8.036955907343315886e+00
6.431551871963418421e+01,8.459398440763187921e+00
6.433552443555302602e+01,7.819098749209609345e+00
6.435553015147185363e+01,7.985052539291294771e+00
6.437553586739068123e+01,8.556446614887279978e+00
6.439554158330952305e+01,8.409524531967226935e+00
6.441554729922835065e+01,8.283701456035149846e+00
6.443555301514717826e+01,8.981502809739200899e+00
6.445555873106602007e+01,8.938334035962775204e+00
6.447556444698486189e+01,9.239665397898001231e+00
6.449557016290368949e+01,9.841456942787832674e+00
6.451557587882251710e+01,9.275215643101896390e+00
6.453558159474135891e+01,9.585614481495467132e+00
6.455558731066020073e+01,9.714409767042401000e+00
6.457559302657902833e+01,9.646167378648890178e+00
6.459559874249785594e+01,1.029244727545848370e+01
6.461560445841669775e+01,1.050300094367286441e+01
6.463561017433552536e+01,1.029146174252420387e+01
6.465561589025435296e+01,9.696757588981981257e+00
6.467562160617319478e+01,1.074910859489132520e+01
6.469562732209203659e+01,1.081081760711427897e+01
6.471563303801086420e+01,1.068026892265740102e+01
6.473563875392969180e+01,1.054468526894493863e+01
6.475564446984853362e+01,1.044004557131669308e+01
6.477565018576737543e+01,1.076832960753397472e+01
6.479565590168618883e+01,1.109836510104168106e+01
6.481566161760503064e+01,1.062163673635272509e+01
6.483566733352387246e+01,1.022852023314868397e+01
6.485567304944270006e+01,1.030114430829174665e+01
6.487567876536152767e+01,1.097615305569955169e+01
6.489568448128036948e+01,9.608780604534100434e+00
6.491569019719921130e+01,1.007910486018819540e+01
6.493569591311803890e+01,9.894225855949791537e+00
6.495570162903686651e+01,9.936538334501953784e+00
6.497570734495570832e+01,9.576453631558955237e+00
6.499571306087453593e+01,9.285347744772158407e+00
6.501571877679336353e+01,9.691152334139029989e+00
6.503572449271220535e+01,9.162846189189862045e+00
6.505573020863104716e+01,9.028278101204127992e+00
6.507573592454987477e+01,1.021716704975088774e+01
6.509574164046870237e+01,9.963987723553298537e+00
6.511574735638754419e+01,9.451578313635312867e+00
6.513575307230638600e+01,9.698114181966742464e+00
6.515575878822521361e+01,9.576846072767970952e+00
6.517576450414404121e+01,1.055988599846731901e+01
6.519577022006288303e+01,1.035089337269296017e+01
6.521577593598171063e+01,1.037738894863566941e+01
6.523578165190053824e+01,9.777315899397098775e+00
6.525578736781938005e+01,1.045934066773722648e+01
6.527579308373822187e+01,1.084314373985516688e+01
6.529579879965704947e+01,1.023521138603453551e+01
6.531580451557587708e+01,1.090245530968083898e+01
6.533581023149471889e+01,1.078967332497180465e+01
6.535581594741354650e+01,1.069299526436616077e+01
6.537582166333237410e+01,1.067279659377889089e+01
6.539582737925121592e+01,1.041200726423368295e+01
6.541583309517005773e+01,1.095295956070860122e+01
6.543583881108888534e+01,1.102069787240433207e+01
6.545584452700771294e+01,1.156507034880202234e+01
6.547585024292655476e+01,1.170633329249463017e+01
6.549585595884539657e+01,1.196957877326869379e+01
6.551586167476422418e+01,1.269252436162338782e+01
6.553586739068305178e+01,1.249554065728887053e+01
6.555587310660189360e+01,1.332238027870850416e+01
6.557587882252072120e+01,1.298114540666496630e+01
6.559588453843954881e+01,1.305538823959615513e+01
6.561589025435839062e+01,1.369745838194961252e+01
6.563589597027723244e+01,1.343784154050422508e+01
6.565590168619606004e+01,1.335567578401423106e+01
6.567590740211488765e+01,1.361690010008103258e+01
6.569591311803372946e+01,1.371192464631876717e+01
6.571591883395257128e+01,1.318402914864671160e+01
6.573592454987138467e+01,1.315333397048074282e+01
6.575593026579022649e+01,1.332203967339912865e+01
6.577593598170906830e+01,1.381631423421855231e+01
6.579594169762789591e+01,1.310451169112208980e+01
6.581594741354672351e+01,1.237610311530090890e+01
6.583595312946556533e+01,1.311897948840090322e+01
6.585595884538440714e+01,1.171463321464287866e+01
6.587596456130323475e+01,1.144088804272704607e+01
6.589597027722206235e+01,1.173980793696478031e+01
6.591597599314090417e+01,1.161629803848734532e+01
6.593598170905973177e+01,1.084737272485208237e+01
6.595598742497855937e+01,1.151860057005833404e+01
6.597599314089740119e+01,1.181632785136966390e+01
6.599599885681624301e+01,1.117939166708358201e+01
6.601600457273507061e+01,1.118716950945040267e+01
6.603601028865389821e+01,1.155101675997175015e+01
6.605601600457274003e+01,1.222025837640176249e+01
6.607602172049158185e+01,1.217817177853394028e+01
6.609602743641040945e+01,1.238069591164598293e+01
6.611603315232923705e+01,1.245963500211884067e+01
6.613603886824807887e+01,1.200581708607481879e+01
6.615604458416690647e+01,1.224646476356405245e+01
6.617605030008573408e+01,1.249567245032900686e+01
6.619605601600457589e+01,1.237254628184697225e+01
6.621606173192341771e+01,1.225912654872494656e+01
6.623606744784224531e+01,1.234290820381157339e+01
6.625607316376107292e+01,1.275891163189352895e+01
6.627607887967991473e+01,1.255815997023411690e+01
6.629608459559874234e+01,1.193278653659922917e+01
6.631609031151756994e+01,1.135067323474135748e+01
6.633609602743641176e+01,1.208765183729002324e+01
6.635610174335525357e+01,1.154568686294125257e+01
6.637610745927408118e+01,1.087436200471317882e+01
6.639611317519290878e+01,1.088447726550540473e+01
6.641611889111175060e+01,1.024068377042841149e+01
6.643612460703059241e+01,1.046730721411093690e+01
6.645613032294942002e+01,1.103690831489149105e+01
6.647613603886824762e+01,1.116065972987881949e+01
6.649614175478708944e+01,1.061200075933992082e+01
6.651614747070591704e+01,1.029837634241107125e+01
6.653615318662474465e+01,1.037728474412006463e+01
6.655615890254358646e+01,1.073807264592774757e+01
6.657616461846242828e+01,1.091346702422362469e+01
6.659617033438125588e+01,1.081129154292357519e+01
6.661617605030008349e+01,1.073845880710437228e+01
6.663618176621892530e+01,9.760406475878284027e+00
6.665618748213776712e+01,1.037059257793534606e+01
6.667619319805658051e+01,9.794253725014890222e+00
6.669619891397542233e+01,1.000203671477857625e+01
6.671620462989426414e+01,1.019012320787069115e+01
6.673621034581309175e+01,1.031830340831901438e+01
6.675621606173191935e+01,9.147736952111197084e+00
6.677622177765076117e+01,9.186132712409436962e+00
6.679622749356960298e+01,9.519605451842378940e+00
6.681623320948843059e+01,9.540540157500503327e+00
6.683623892540725819e+01,9.452007702743696171e+00
6.685624464132610001e+01,9.468163902766661977e+00
6.687625035724492761e+01,9.881753157941771448e+00
6.689625607316375522e+01,8.717621162332513052e+00
6.691626178908259703e+01,8.953625874461192069e+00
6.693626750500143885e+01,9.572523865439206858e+00
6.695627322092026645e+01,9.069838686444084530e+00
6.697627893683909406e+01,8.952455816361325702e+00
6.699628465275793587e+01,8.919225972874052388e+00
6.701629036867677769e+01,9.495195857775744486e+00
6.703629608459560529e+01,8.821351172131192797e+00
6.705630180051443290e+01,8.760180266863581977e+00
6.707630751643327471e+01,8.417374886887785124e+00
6.709631323235210232e+01,8.385247339678347345e+00
6.711631894827092992e+01,9.269983918140368928e+00
6.713632466418977174e+01,9.328519651402213952e+00
6.715633038010861355e+01,9.150960315685745528e+00
6.717633609602744116e+01,8.826522306835787646e+00
6.719634181194626876e+01,9.631062566156053606e+00
6.721634752786511058e+01,9.298077805962376985e+00
6.723635324378393818e+01,1.007363487737003638e+01
6.725635895970276579e+01,1.036858722705276392e+01
6.727636467562160760e+01,1.037538974801774927e+01
6.729637039154044942e+01,1.086397650549922034e+01
6.731637610745927702e+01,1.020136453100004204e+01
6.733638182337810463e+01,1.098867701455327328e+01
6.735638753929694644e+01,1.125416443730097527e+01
6.737639325521578826e+01,1.124442624749001496e+01
6.739639897113461586e+01,1.145782193550585681e+01
6.741640468705344347e+01,1.130597924771161544e+01
6.743641040297228528e+01,1.100384201254759553e+01
6.745641611889111289e+01,1.129737912646491260e+01
6.747642183480994049e+01,1.186001597799631924e+01
6.749642755072878231e+01,1.101564617640049804e+01
6.751643326664762412e+01,1.154800521186753315e+01
6.753643898256645173e+01,1.129645293425883246e+01
6.755644469848527933e+01,1.065481116870248002e+01
6.757645041440412115e+01,1.015651124421113138e+01
6.759645613032296296e+01,1.029008548686896418e+01
6.761646184624177636e+01,1.042722254021214745e+01
6.763646756216061817e+01,1.021689657282126973e+01
6.765647327807945999e+01,9.971545404501517496e+00
6.767647899399828759e+01,1.027276163887610672e+01
6.769648470991711520e+01,8.973066440820669953e+00
6.771649042583595701e+01,9.268551330152945411e+00
6.773649614175479883e+01,9.541423501575913235e+00
6.775650185767362643e+01,9.275965603893990163e+00
6.777650757359245404e+01,9.552233603264545181e+00
6.779651328951129585e+01,8.665717592070574682e+00
6.781651900543012346e+01,9.662418044975151332e+00
6.783652472134895106e+01,1.005256657925682973e+01
6.785653043726779288e+01,9.457894208996130203e+00
6.787653615318663469e+01,1.018146065080379614e+01
6.789654186910546230e+01,9.331952983088045883e+00
6.791654758502428990e+01,9.844236316941319842e+00
6.793655330094313172e+01,1.004414852014373061e+01
6.795655901686197353e+01,1.021952277512206919e+01
6.797656473278080114e+01,1.042709196722635845e+01
6.799657044869962874e+01,1.064905958794010132e+01
6.801657616461847056e+01,1.028798297438810216e+01
6.803658188053729816e+01,1.050632660044222533e+01
6.805658759645612577e+01,1.094299680193258695e+01
6.807659331237496758e+01,1.047518988907171789e+01
6.809659902829380940e+01,1.049642748552443194e+01
6.811660474421263700e+01,1.144854406350886400e+01
6.813661046013146461e+01,1.018552885949974396e+01
6.815661617605030642e+01,1.017368458985627733e+01
6.817662189196913403e+01,1.044837750823259093e+01
6.819662760788796163e+01,1.042139380526434778e+01
6.821663332380680345e+01,1.041201794857909491e+01
6.823663903972564526e+01,1.079288701396943750e+01
6.825664475564447287e+01,1.056574274569800664e+01
6.827665047156330047e+01,9.759305395122918725e+00
6.829665618748214229e+01,1.021646280667972562e+01
6.831666190340098410e+01,9.701627649679535281e+00
6.833666761931981171e+01,9.990201632489178252e+00
6.835667333523863931e+01,9.864134923869169569e+00
6.837667905115748113e+01,9.404330357920990480e+00
6.839668476707630873e+01,9.084690404606291736e+00
6.841669048299513634e+01,9.589123646062192918e+00
6.843669619891397815e+01,9.477659028939228847e+00
6.845670191483281997e+01,8.348420281486786720e+00
6.847670763075164757e+01,8.725444174351967064e+00
6.849671334667047518e+01,8.398894574567195903e+00
6.851671906258931699e+01,8.692912129935933763e+00
6.853672477850815881e+01,7.784639702225160995e+00
6.855673049442697220e+01,8.236774394879027739e+00
6.857673621034581402e+01,7.648324551602286192e+00
6.859674192626465583e+01,8.560296132162079630e+00
6.861674764218348344e+01,8.590840631387791859e+00
6.863675335810231104e+01,8.940113072723049115e+00
6.865675907402115286e+01,9.181533617843063766e+00
6.867676478993999467e+01,8.714776449120320123e+00
6.869677050585882228e+01,8.909937715012809178e+00
6.871677622177764988e+01,9.008350309214257834e+00
6.873678193769649170e+01,9.303519437745366716e+00
6.875678765361531930e+01,1.010264005270087040e+01
6.877679336953414690e+01,9.135904285077929288e+00
6.879679908545298872e+01,9.025526136263859911e+00
6.881680480137183054e+01,9.355288907948567712e+00
6.883681051729065814e+01,9.507175795378188354e+00
6.885681623320948574e+01,9.396733614843165938e+00
6.887682194912832756e+01,9.205237799833616563e+00
6.889682766504716938e+01,9.404154313493847894e+00
6.891683338096599698e+01,8.968610739674728549e+00
6.893683909688482458e+01,8.519226454283566952e+00
6.895684481280366640e+01,8.644588064564812768e+00
6.897685052872249400e+01,8.408182338856725835e+00
6.899685624464132161e+01,8.755783712322854129e+00
6.901686196056016342e+01,8.126485242677398801e+00
6.903686767647900524e+01,7.734995531240267397e+00
6.905687339239783284e+01,8.760385676791589304e+00
6.907687910831666045e+01,8.181520728052745994e+00
6.909688482423550226e+01,7.843158217536279508e+00
6.911689054015432987e+01,8.001246800309056439e+00
6.913689625607315747e+01,7.948098327758108539e+00
6.915690197199199929e+01,8.820459969149634816e+00
6.917690768791084110e+01,9.109743287061384365e+00
6.919691340382966871e+01,9.036656240634194148e+00
6.921691911974849631e+01,8.131980171516991263e+00
6.923692483566733813e+01,8.583053685944058486e+00
6.925693055158617994e+01,8.995233162301145668e+00
6.927693626750500755e+01,8.929730569202854795e+00
6.929694198342383515e+01,9.473993879531910522e+00
6.931694769934267697e+01,9.512590823787522964e+00
6.933695341526150457e+01,9.627085114283801204e+00
6.935695913118033218e+01,1.006715952525195767e+01
6.937696484709917399e+01,9.949002306249607130e+00
6.939697056301801581e+01,1.003891558226118974e+01
6.941697627893684341e+01,1.012014202907999483e+01
6.943698199485567102e+01,1.055719758400575792e+01
6.945698771077451283e+01,9.489136875184174258e+00
6.947699342669335465e+01,1.118819529373998378e+01
6.949699914261216804e+01,1.007704080985804396e+01
6.951700485853100986e+01,9.943726089336596630e+00
6.953701057444985167e+01,1.078287340498898139e+01
6.955701629036867928e+01,1.159150736567816509e+01
6.957702200628750688e+01,1.114272061211567433e+01
6.959702772220634870e+01,1.129437936998813896e+01
6.961703343812519051e+01,1.186148734312413744e+01
6.963703915404401812e+01,1.204904968423867473e+01
6.965704486996284572e+01,1.203626454391805467e+01
6.967705058588168754e+01,1.161717207367100890e+01
6.969705630180051514e+01,1.156084868453169534e+01
6.971706201771934275e+01,1.175680594471243445e+01
6.973706773363818456e+01,1.085314523668309405e+01
6.975707344955702638e+01,1.061978500336899778e+01
6.977707916547585398e+01,1.057702333668125050e+01
6.979708488139468159e+01,1.133166365370786544e+01
6.981709059731352340e+01,1.092406135704773362e+01
6.983709631323236522e+01,1.081995830431771388e+01
6.985710202915119282e+01,1.014670152635234857e+01
6.987710774507002043e+01,1.064162414110037780e+01
6.989711346098886224e+01,9.616621844620073745e+00
6.991711917690768985e+01,1.065590820524388604e+01
6.993712489282651745e+01,1.082313160808324426e+01
6.995713060874535927e+01,1.022050164169419517e+01
6.997713632466420108e+01,1.073982796507073267e+01
6.999714204058302869e+01,9.583635687941431058e+00
7.001714775650185629e+01,1.031033241144456980e+01
7.003715347242069811e+01,9.674810766763830117e+00
7.005715918833952571e+01,9.081983943718929808e+00
7.007716490425835332e+01,8.950635665888619030e+00
7.009717062017719513e+01,9.335461275500330558e+00
7.011717633609603695e+01,9.369339341074647720e+00
7.013718205201486455e+01,9.146107952873515856e+00
7.015718776793369216e+01,8.621480784798045249e+00
7.017719348385253397e+01,8.611553941752539743e+00
7.019719919977137579e+01,8.823599117107997714e+00
7.021720491569020339e+01,7.793738781409548011e+00
7.023721063160903100e+01,8.944561127841920367e+00
7.025721634752787281e+01,8.722255750037978927e+00
7.027722206344670042e+01,9.040730766308998412e+00
7.029722777936552802e+01,9.694433127000625205e+00
7.031723349528436984e+01,8.323862613887882844e+00
7.033723921120321165e+01,9.191143580898403442e+00
7.035724492712203926e+01,9.744898916446430803e+00
7.037725064304086686e+01,9.602553237634580796e+00
7.039725635895970868e+01,9.962371931959106419e+00
7.041726207487855049e+01,9.968608331750967722e+00
7.043726779079736389e+01,9.803426545308859374e+00
7.045727350671620570e+01,1.054367254734675541e+01
7.047727922263504752e+01,1.041545002275519138e+01
7.049728493855387512e+01,1.058437672614596359e+01
7.051729065447270273e+01,1.025422866206788974e+01
7.053729637039154454e+01,1.039980059471376350e+01
7.055730208631038636e+01,1.006839197176741862e+01
7.057730780222921396e+01,1.013551721049538656e+01
7.059731351814804157e+01,1.075200767839702465e+01
7.061731923406688338e+01,1.107254760376775593e+01
7.063732494998571099e+01,1.109133997976139163e+01
7.065733066590453859e+01,1.075470062999248455e+01
7.067733638182338041e+01,1.105963691539545302e+01
7.069734209774222222e+01,1.015779803435089157e+01
7.071734781366104983e+01,1.047869306188929706e+01
7.073735352957987743e+01,9.883134806539720429e+00
7.075735924549871925e+01,1.031499793315725455e+01
7.077736496141756106e+01,9.302616408745697285e+00
7.079737067733638867e+01,9.485709882046020169e+00
7.081737639325521627e+01,9.150155958679937029e+00
7.083738210917405809e+01,9.374845649330923791e+00
7.085738782509288569e+01,9.005305060386923799e+00
7.087739354101171330e+01,8.155085627093569656e+00
7.089739925693055511e+01,8.619108064159954452e+00
7.091740497284939693e+01,9.097726232982672911e+00
7.093741068876822453e+01,8.431354492608420514e+00
7.095741640468705214e+01,7.900960807101151673e+00
7.097742212060589395e+01,9.011648739971372279e+00
7.099742783652472156e+01,7.602735900001087010e+00
7.101743355244354916e+01,8.278381215164811735e+00
7.103743926836239098e+01,8.299944781435151242e+00
7.105744498428123279e+01,9.090929275955573985e+00
7.107745070020006040e+01,8.478335277103331791e+00
7.109745641611888800e+01,9.411812123905647809e+00
7.111746213203772982e+01,9.206528546729558116e+00
7.113746784795657163e+01,9.758371744127996905e+00
7.115747356387539924e+01,1.035061639807883438e+01
7.117747927979422684e+01,1.071286396956083742e+01
7.119748499571306866e+01,1.076182994190273412e+01
7.121749071163189626e+01,1.080428298279333532e+01
7.123749642755072387e+01,1.044588357675065282e+01
7.125750214346956568e+01,1.108739739696411419e+01
7.127750785938840750e+01,1.173892944450718190e+01
7.129751357530723510e+01,1.095253219622465757e+01
7.131751929122606271e+01,1.151707402335114239e+01
7.133752500714490452e+01,1.115549784997831040e+01
7.135753072306374634e+01,1.120419521766528703e+01
7.137753643898255973e+01,1.144656374189893100e+01
7.139754215490140155e+01,1.164133142955823530e+01
7.141754787082024336e+01,1.144726849998608387e+01
7.143755358673907097e+01,1.027507027471646950e+01
7.145755930265789857e+01,1.186521420194157983e+01
7.147756501857674039e+01,1.052707619620351664e+01
7.149757073449558220e+01,1.085506449283602137e+01
7.151757645041440981e+01,1.083963097170712686e+01
7.153758216633323741e+01,1.092720325251508129e+01
7.155758788225207923e+01,1.041209105259300927e+01
7.157759359817090683e+01,1.098907694127723644e+01
7.159759931408973443e+01,1.041975016955431244e+01
7.161760503000857625e+01,1.167154781023694810e+01
7.163761074592741807e+01,1.063925348909955204e+01
7.165761646184624567e+01,1.185182426205585671e+01
7.167762217776507327e+01,1.113244519480858585e+01
7.169762789368391509e+01,1.179775552274795913e+01
7.171763360960275691e+01,1.077578962478491320e+01
7.173763932552158451e+01,1.199440771475346956e+01
7.175764504144041211e+01,1.183295229545933402e+01
7.177765075735925393e+01,1.128711002870290159e+01
7.179765647327808153e+01,1.292366974333564755e+01
7.181766218919690914e+01,1.221146770183954722e+01
7.183766790511575095e+01,1.265682906718767242e+01
7.185767362103459277e+01,1.271781237989786817e+01
7.187767933695342037e+01,1.255493234998750474e+01
7.189768505287224798e+01,1.351077214510137381e+01
7.191769076879108979e+01,1.224873353242355378e+01
7.193769648470991740e+01,1.283437144948742237e+01
7.195770220062874500e+01,1.277784269006563100e+01
7.197770791654758682e+01,1.266285177006484197e+01
7.199771363246642863e+01,1.266258352553980870e+01
7.201771934838525624e+01,1.176749740803589006e+01
7.203772506430408384e+01,1.199301737023202463e+01
7.205773078022292566e+01,1.055314323659777465e+01
7.207773649614176747e+01,1.003483710814193941e+01
7.209774221206059508e+01,1.081870897657201880e+01
7.211774792797942268e+01,1.059942031484851377e+01
7.213775364389826450e+01,9.683429950224574867e+00
7.215775935981709210e+01,9.906217025555694278e+00
7.217776507573591971e+01,9.251904323618063586e+00
7.219777079165476152e+01,8.573378612688772549e+00
7.221777650757360334e+01,8.258613233557358768e+00
7.223778222349243094e+01,8.670736592686852262e+00
7.225778793941125855e+01,8.341431624069326034e+00
7.227779365533010036e+01,8.302649310863971621e+00
7.229779937124894218e+01,8.514771714544556502e+00
7.231780508716775557e+01,8.014442987345297809e+00
7.233781080308659739e+01,8.274158109229988511e+00
7.235781651900543920e+01,8.477273317542348252e+00
7.237782223492426681e+01,8.347048359235152759e+00
7.239782795084309441e+01,8.184286882758298631e+00
7.241783366676193623e+01,8.276528124837128075e+00
7.243783938268077804e+01,7.860726158716900613e+00
7.245784509859960565e+01,8.819301743223780576e+00
7.247785081451843325e+01,9.192116978402292915e+00
7.249785653043727507e+01,9.509044401524436196e+00
7.251786224635610267e+01,8.725424721810549400e+00
7.253786796227493028e+01,9.566723248770895083e+00
7.255787367819377209e+01,9.541135614102634221e+00
7.257787939411261391e+01,9.597687151718947263e+00
7.259788511003144151e+01,9.428997009387472872e+00
7.261789082595026912e+01,9.818225825312202559e+00
7.263789654186911093e+01,1.049991789387497221e+01
7.265790225778795275e+01,9.899960810236155595e+00
7.267790797370678035e+01,1.009727483902302403e+01
7.269791368962560796e+01,1.068586697355868331e+01
7.271791940554444977e+01,1.018513751456116267e+01
7.273792512146327738e+01,1.024043238428214231e+01
7.275793083738210498e+01,1.095029750859826478e+01
7.277793655330094680e+01,1.156264242614003201e+01
7.279794226921978861e+01,1.094777155321293272e+01
7.281794798513861622e+01,1.099863201574062543e+01
7.283795370105744382e+01,1.030944503328221629e+01
7.285795941697628564e+01,1.081492859489023672e+01
7.287796513289511324e+01,1.034369672587195765e+01
7.289797084881394085e+01,1.092120010864851665e+01
7.291797656473278266e+01,1.034302734220323394e+01
7.293798228065162448e+01,9.774313153279702959e+00
7.295798799657045208e+01,9.818394483980936727e+00
7.297799371248927969e+01,1.005949569156808643e+01
7.299799942840812150e+01,1.030628266658106362e+01
7.301800514432696332e+01,1.031237573741916869e+01
7.303801086024579092e+01,1.009740864384785120e+01
7.305801657616461853e+01,9.898813851405030562e+00
7.307802229208346034e+01,9.700370612632477574e+00
7.309802800800228795e+01,1.017832653132840370e+01
7.311803372392111555e+01,1.046386920177060631e+01
7.313803943983995737e+01,1.008213202553673327e+01
7.315804515575879918e+01,1.042941719396943512e+01
7.317805087167762679e+01,1.052066215047939934e+01
7.319805658759645439e+01,9.890669427320604612e+00
7.321806230351529621e+01,1.008678639286476653e+01
7.323806801943413802e+01,1.015121533693065281e+01
7.325807373535295142e+01,9.711213969956858705e+00
7.327807945127179323e+01,9.606689188476172703e+00
7.329808516719063505e+01,1.045446176271183347e+01
7.331809088310946265e+01,1.121212939355710958e+01
7.333809659902829026e+01,1.081706463461547862e+01
7.335810231494713207e+01,1.135453004335799676e+01
7.337810803086597389e+01,1.137723178546168157e+01
7.339811374678480149e+01,1.126393758599443551e+01
7.341811946270362910e+01,1.189065293838593362e+01
7.343812517862247091e+01,1.098027733752757129e+01
7.345813089454129852e+01,1.148395107664090098e+01
7.347813661046012612e+01,1.219855213719086251e+01
7.349814232637896794e+01,1.237028626841381218e+01
7.351814804229780975e+01,1.268668930505145909e+01
7.353815375821663736e+01,1.245444653209938934e+01
7.355815947413546496e+01,1.276927283497968979e+01
7.357816519005430678e+01,1.244268372355100993e+01
7.359817090597314859e+01,1.214795352784130600e+01
7.361817662189197620e+01,1.292231918406699975e+01
7.363818233781080380e+01,1.259222755606534960e+01
7.365818805372964562e+01,1.275641625020392311e+01
7.367819376964847322e+01,1.265546494895913376e+01
7.369819948556730083e+01,1.238545435874463863e+01
7.371820520148614264e+01,1.142638488124629070e+01
7.373821091740498446e+01,1.173981668352375252e+01
7.375821663332381206e+01,1.106617965702093365e+01
7.377822234924263967e+01,1.135231555968339556e+01
7.379822806516148148e+01,1.147486791516089610e+01
7.381823378108030909e+01,1.138227165620926584e+01
7.383823949699913669e+01,1.091131412317932003e+01
7.385824521291797851e+01,1.164110438470942732e+01
7.387825092883682032e+01,1.057440695680586273e+01
7.389825664475564793e+01,1.093347043185902834e+01
7.391826236067447553e+01,1.010955594850257455e+01
7.393826807659331735e+01,1.044661100232466566e+01
7.395827379251215916e+01,1.056018474678738528e+01
7.397827950843098677e+01,1.104469005318850705e+01
7.399828522434981437e+01,9.625274430779711565e+00
7.401829094026865619e+01,1.005102447219130113e+01
7.403829665618748379e+01,9.524789417991158302e+00
7.405830237210632561e+01,9.646762880055543832e+00
7.407830808802515321e+01,9.566464259168638407e+00
7.409831380394398082e+01,1.045500459849821695e+01
7.411831951986282263e+01,1.008222146914535777e+01
7.413832523578165024e+01,9.639664910174913004e+00
7.415833095170049205e+01,1.059582150549844570e+01
7.417833666761931966e+01,1.038679407365565943e+01
7.419834238353816147e+01,1.068774578763605554e+01
7.421834809945698908e+01,1.094860626791958147e+01
7.423835381537583089e+01,1.101435707932195740e+01
7.425835953129465850e+01,1.128473817829300430e+01
7.427836524721348610e+01,1.131703266890382586e+01
7.429837096313232792e+01,1.128320928953289837e+01
7.431837667905115552e+01,1.127325466125646614e+01
7.433838239496999734e+01,1.127580191190678960e+01
7.435838811088882494e+01,1.112744371778079788e+01
7.437839382680766676e+01,1.037085804465401573e+01
7.439839954272649436e+01,1.142123566632349174e+01
7.441840525864533618e+01,1.076934711462041960e+01
7.443841097456416378e+01,1.040436718892410184e+01
7.445841669048300560e+01,1.003201290752174835e+01
7.447842240640183320e+01,1.099484005496489303e+01
7.449842812232066080e+01,1.004413944651670931e+01
7.451843383823950262e+01,1.055868102335972480e+01
7.453843955415833022e+01,9.377344573726585253e+00
7.455844527007717204e+01,9.720270037104404182e+00
7.457845098599599964e+01,1.036280832578582611e+01
7.459845670191484146e+01,9.816141460521837558e+00
7.461846241783366906e+01,1.030125503925479435e+01
7.463846813375251088e+01,1.047698219706898470e+01
7.465847384967133848e+01,1.144306565963131206e+01
7.467847956559016609e+01,1.055721205071510482e+01
7.469848528150900790e+01,1.169279413131517131e+01
7.471849099742783551e+01,1.230148555964853863e+01
7.473849671334667732e+01,1.112962734564097822e+01
7.475850242926550493e+01,1.159979152653523826e+01
7.477850814518434674e+01,1.180786578154399891e+01
7.479851386110317435e+01,1.114385913904761338e+01
7.481851957702201616e+01,1.131024113887128735e+01
7.483852529294084377e+01,1.211685373968031953e+01
7.485853100885967137e+01,1.148945571134002464e+01
7.487853672477851319e+01,1.125668335889940330e+01
7.489854244069734079e+01,1.135744215727231676e+01
7.491854815661618261e+01,1.113146431861591523e+01
7.493855387253501021e+01,1.061631912445309212e+01
7.495855958845385203e+01,1.064297949273953137e+01
7.497856530437267963e+01,9.719983898305599723e+00
7.499857102029152145e+01,1.009003714674345353e+01
7.501857673621034905e+01,9.047756847113655354e+00
7.503858245212917666e+01,9.610205725871011850e+00
7.505858816804801847e+01,9.972133898549884634e+00
7.507859388396684608e+01,9.391133417457496080e+00
7.509859959988568789e+01,1.026445960726789153e+01
7.511860531580451550e+01,9.819539728282343560e+00
7.513861103172335731e+01,1.068337643111606106e+01
7.515861674764218492e+01,9.425035200270535540e+00
7.517862246356102673e+01,9.532944022199828282e+00
7.519862817947985434e+01,9.396136233530731019e+00
7.521863389539868194e+01,9.409639800007038701e+00
7.523863961131752376e+01,9.786395868485806560e+00
7.525864532723635136e+01,9.343822889033390311e+00
7.527865104315519318e+01,8.528431738900415837e+00
7.529865675907402078e+01,8.806514480551216550e+00
7.531866247499286260e+01,8.620080738375538232e+00
7.533866819091169020e+01,8.456655488216336281e+00
7.535867390683053202e+01,8.966889990756376605e+00
7.537867962274935962e+01,7.906562245915304210e+00
7.539868533866820144e+01,7.985546675917889914e+00
7.541869105458702904e+01,7.973403238077095168e+00
7.543869677050585665e+01,8.362634713385560303e+00
7.545870248642469846e+01,8.703355702247318249e+00
7.547870820234352607e+01,7.588977501858845010e+00
7.549871391826236788e+01,7.637729951450667798e+00
7.551871963418119549e+01,7.626243039981375205e+00
7.553872535010003730e+01,7.674529599405096825e+00
7.555873106601886491e+01,8.608300528148454589e+00
7.557873678193770672e+01,8.083350929575130905e+00
7.559874249785653433e+01,7.679879368604979106e+00
7.561874821377536193e+01,8.160068492651440408e+00
7.563875392969420375e+01,8.894500139814052631e+00
7.565875964561303135e+01,8.897119990684400292e+00
7.567876536153187317e+01,9.306932893672524187e+00
7.569877107745070077e+01,9.120812292228755780e+00
7.571877679336954259e+01,8.831419684363762457e+00
7.573878250928837019e+01,9.831910206193615664e+00
7.575878822520721201e+01,1.044996652608279675e+01
7.577879394112603961e+01,1.031462416975149488e+01
7.579879965704486722e+01,1.044278825783270293e+01
7.581880537296370903e+01,1.042325109540799488e+01
7.583881108888253664e+01,1.050940910137205364e+01
7.585881680480137845e+01,1.160512834807783733e+01
7.587882252072020606e+01,1.135469402348078916e+01
7.589882823663904787e+01,1.090614991946576673e+01
7.591883395255787548e+01,1.110437723997313597e+01
7.593883966847671729e+01,1.109720669343455057e+01
7.595884538439554490e+01,1.084782344965154977e+01
7.597885110031437250e+01,1.177629302528143818e+01
7.599885681623321432e+01,1.036530250458774738e+01
7.601886253215204192e+01,1.109617578047178199e+01
7.603886824807088374e+01,1.144999295293530750e+01
7.605887396398971134e+01,1.015093172724141013e+01
7.607887967990855316e+01,9.717110196286085966e+00
7.609888539582738076e+01,1.030266273014396994e+01
7.611889111174622258e+01,9.475863793883444686e+00
7.613889682766505018e+01,9.486935820176682910e+00
7.615890254358387779e+01,9.844787730089821665e+00
7.617890825950271960e+01,9.285854343726247961e+00
7.619891397542154721e+01,1.029716321599180695e+01
7.621891969134038902e+01,1.009213190222253509e+01
7.623892540725921663e+01,1.032894759913778593e+01
7.625893112317805844e+01,1.050226625272114589e+01
7.627893683909688605e+01,1.042205922324665579e+01
7.629894255501572786e+01,1.082248340477450199e+01
7.631894827093455547e+01,9.973443975709049170e+00
7.633895398685339728e+01,1.058947429298305742e+01
7.635895970277222489e+01,1.043651011232760695e+01
7.637896541869105249e+01,1.011396655056750404e+01
7.639897113460989431e+01,1.077378848528984001e+01
7.641897685052872191e+01,1.029213942472326515e+01
7.643898256644756373e+01,9.795633581391363975e+00
7.645898828236639133e+01,1.056470378042315872e+01
7.647899399828523315e+01,1.038463885870658210e+01
7.649899971420406075e+01,1.095637091796274731e+01
7.651900543012290257e+01,1.054478273483058537e+01
7.653901114604173017e+01,1.003036501958083804e+01
7.655901686196055778e+01,1.057380726689761907e+01
7.657902257787939959e+01,1.005686960388069728e+01
7.659902829379822720e+01,1.032632629091142817e+01
7.661903400971706901e+01,9.955576241463006681e+00
7.663903972563589662e+01,1.023123683806125683e+01
7.665904544155473843e+01,1.103658146458691114e+01
7.667905115747356604e+01,1.016397435134365601e+01
7.669905687339240785e+01,9.788351466776649801e+00
7.671906258931123546e+01,1.076945786734921739e+01
7.673906830523006306e+01,1.031918389615980303e+01
7.675907402114890488e+01,1.009882955509295499e+01
7.677907973706773248e+01,1.038438984888373184e+01
7.679908545298657430e+01,1.029005994780049882e+01
7.681909116890540190e+01,9.771004406370883189e+00
7.683909688482424372e+01,9.339894349593162559e+00
7.685910260074307132e+01,9.086047908448998456e+00
7.687910831666191314e+01,9.436146501573084322e+00
7.689911403258074074e+01,9.502169369521098474e+00
7.691911974849956835e+01,9.014887182919066433e+00
7.693912546441841016e+01,9.397249088508489834e+00
7.695913118033723777e+01,8.159353203173624891e+00
7.697913689625607958e+01,8.115218474898304279e+00
7.699914261217490719e+01,8.552286312744897145e+00
7.701914832809374900e+01,7.292857429869245678e+00
7.703915404401257661e+01,7.901010621547982282e+00
7.705915975993141842e+01,7.379235785433939654e+00
7.707916547585024603e+01,7.591912948618647405e+00
7.709917119176907363e+01,8.189329572775925215e+00
7.711917690768791545e+01,8.118922889052120340e+00
7.713918262360674305e+01,8.026652686502572465e+00
7.715918833952558487e+01,7.686274561368561464e+00
7.717919405544441247e+01,8.443158227799381521e+00
7.719919977136325429e+01,8.362623835709847242e+00
7.721920548728208189e+01,7.548606463666762245e+00
7.723921120320092371e+01,7.739673600961868516e+00
7.725921691911975131e+01,8.183987064811763190e+00
7.727922263503859313e+01,8.001953416135851427e+00
7.729922835095742073e+01,8.091559197602766318e+00
7.731923406687624833e+01,8.384681238022560379e+00
7.733923978279509015e+01,7.935799228419162077e+00
7.735924549871391775e+01,8.139466474133993046e+00
7.737925121463275957e+01,9.123964419555319338e+00
7.739925693055158717e+01,9.703608962103913882e+00
7.741926264647042899e+01,9.258558474625253609e+00
7.743926836238925659e+01,8.678534194690261216e+00
7.745927407830809841e+01,9.827351378507829693e+00
7.747927979422692601e+01,1.013431519955377347e+01
7.749928551014575362e+01,9.973516232585662777e+00
7.751929122606459543e+01,1.033551795910663351e+01
7.753929694198342304e+01,1.047384973448157197e+01
7.755930265790226485e+01,1.086562389340532420e+01
7.757930837382109246e+01,1.088750622490402087e+01
7.759931408973993427e+01,1.198943949552432819e+01
7.761931980565876188e+01,1.180543966663506161e+01
7.763932552157760369e+01,1.183737835472821587e+01
7.765933123749643130e+01,1.212822986379498502e+01
7.767933695341525890e+01,1.224926643062571152e+01
7.769934266933410072e+01,1.228620162568037344e+01
7.771934838525292832e+01,1.246328154467276050e+01
7.773935410117177014e+01,1.296270055828906465e+01
7.775935981709059774e+01,1.287628576962819160e+01
7.777936553300943956e+01,1.218061799176501658e+01
7.779937124892826716e+01,1.202857173895999665e+01
7.781937696484710898e+01,1.220701937194850295e+01
7.783938268076593658e+01,1.228527506179902318e+01
7.785938839668476419e+01,1.214314287829230565e+01
7.787939411260360600e+01,1.184425682541563596e+01
7.789939982852243361e+01,1.128485574109569001e+01
7.791940554444127542e+01,1.080312832506494125e+01
7.793941126036010303e+01,1.033614477888288441e+01
7.795941697627894484e+01,1.136164304711756756e+01
7.797942269219777245e+01,9.764993577194456265e+00
7.799942840811661426e+01,1.021160418745172649e+01
7.801943412403544187e+01,1.024044462466015126e+01
7.803943983995426947e+01,1.064543942428968926e+01
7.805944555587311129e+01,9.739393206586374419e+00
7.807945127179193889e+01,9.933634843064904629e+00
7.809945698771078071e+01,9.398154655194227658e+00
7.811946270362960831e+01,9.596070980966638686e+00
7.813946841954845013e+01,8.613405871356849985e+00
7.815947413546727773e+01,8.120069306063843584e+00
7.817947985138611955e+01,8.758078228348685101e+00
7.819948556730494715e+01,8.601134486172165694e+00
7.821949128322378897e+01,8.143399757054336163e+00
7.823949699914261657e+01,8.429707260564558879e+00
7.825950271506144418e+01,7.002812931654315065e+00
7.827950843098028599e+01,8.321617341146829716e+00
7.829951414689911360e+01,7.847701176132991563e+00
7.831951986281795541e+01,6.769442658500847365e+00
7.833952557873678302e+01,7.236336832187103774e+00
7.835953129465562483e+01,7.567800586916883177e+00
7.837953701057445244e+01,7.962338213067779336e+00
7.839954272649329425e+01,8.162476057069488533e+00
7.841954844241212186e+01,7.187530959694007571e+00
7.843955415833094946e+01,6.920717558744715170e+00
7.845955987424979128e+01,7.402598903471630187e+00
7.847956559016861888e+01,7.023162449061804757e+00
7.849957130608746070e+01,7.546361695440671369e+00
7.851957702200628830e+01,7.304658078676776967e+00
7.853958273792513012e+01,7.595448363384782908e+00
7.855958845384395772e+01,7.372010425672122835e+00
7.857959416976279954e+01,6.867345998073918878e+00
7.859959988568162714e+01,6.799460291295369885e+00
7.861960560160045475e+01,7.533642849838292577e+00
7.863961131751929656e+01,8.025159634891014804e+00
7.865961703343812417e+01,7.515012957808820282e+00
7.867962274935696598e+01,7.397429261337551409e+00
7.869962846527579359e+01,7.983483806988796339e+00
7.871963418119463540e+01,7.595604507870678646e+00
7.873963989711346301e+01,7.680256762857678332e+00
7.875964561303230482e+01,7.837849435377584939e+00
7.877965132895113243e+01,8.102189071107869012e+00
7.879965704486996003e+01,8.025676789136367617e+00
7.881966276078880185e+01,9.131121408281686058e+00
7.883966847670762945e+01,8.972918377093151321e+00
7.885967419262647127e+01,8.473416809496653102e+00
7.887967990854529887e+01,8.427247853295893876e+00
7.889968562446414069e+01,7.930099209694514428e+00
7.891969134038296829e+01,8.090538336973921218e+00
7.893969705630181011e+01,8.557254680285877768e+00
7.895970277222063771e+01,8.810123366490927310e+00
7.897970848813946532e+01,8.085048461191870928e+00
7.899971420405830713e+01,7.942559360128344181e+00
7.901971991997713474e+01,7.947976638280515260e+00
7.903972563589597655e+01,7.915247330347462196e+00
7.905973135181480416e+01,7.874218567491725551e+00
7.907973706773364597e+01,7.738342285989499914e+00
7.909974278365247358e+01,6.812134267711128288e+00
7.911974849957131539e+01,7.505140438359159560e+00
7.913975421549014300e+01,7.149060002814426440e+00
7.915975993140898481e+01,7.368726467178612793e+00
7.917976564732781242e+01,7.264326764828734184e+00
7.919977136324664002e+01,6.653407592608591159e+00
7.921977707916548184e+01,6.909775052405727536e+00
7.923978279508430944e+01,7.567019531208803329e+00
7.925978851100315126e+01,7.313730110128796369e+00
7.927979422692197886e+01,7.531467509638122948e+00
7.929979994284082068e+01,7.652953039957992587e+00
7.931980565875964828e+01,7.129123163262578444e+00
7.933981137467849010e+01,7.047746971387008230e+00
7.935981709059731770e+01,6.863381247792592177e+00
7.937982280651614531e+01,7.632351475876304470e+00
7.939982852243498712e+01,7.323323828896736387e+00
7.941983423835381473e+01,6.876578136257544216e+00
7.943983995427265654e+01,7.169988600613010910e+00
7.945984567019148415e+01,6.896742033898501489e+00
7.947985138611032596e+01,6.705704149628125776e+00
7.949985710202915357e+01,7.097011719554449982e+00
7.951986281794799538e+01,7.368923146750397279e+00
7.953986853386682299e+01,7.587965233881588389e+00
7.955987424978565059e+01,7.162671389711464442e+00
7.957987996570449241e+01,7.127074921434101817e+00
7.959988568162332001e+01,7.534295212168668598e+00
7.961989139754216183e+01,7.297390287878922521e+00
7.963989711346098943e+01,7.232428988173008833e+00
7.965990282937983125e+01,6.870704040624641351e+00
7.967990854529865885e+01,7.164087683346484603e+00
7.969991426121750067e+01,7.216800957743011224e+00
7.971991997713632827e+01,7.489157458077333018e+00
7.973992569305515588e+01,6.980731872499944757e+00
7.975993140897399769e+01,7.684223408628255036e+00
7.977993712489282530e+01,7.458834281291634838e+00
7.979994284081166711e+01,7.637746840914108049e+00
7.981994855673049472e+01,7.220359233098577967e+00
7.983995427264933653e+01,7.101644500444127317e+00
7.985995998856816414e+01,6.244464582306378020e+00
7.987996570448700595e+01,6.767104072354181099e+00
7.989997142040583356e+01,6.138166332051559593e+00
7.991997713632466116e+01,6.493758053737806790e+00
7.993998285224350298e+01,6.566037427416080874e+00
7.995998856816233058e+01,7.042012797529558554e+00
7.997999428408117240e+01,6.981773222444589422e+00
8.000000000000000000e+01,5.854666304910562502e+00
