angle,intensity
1.000000000000000000e+01,6.257889487160403164e+00
1.002000571591883471e+01,5.617281851339406273e+00
1.004001143183766764e+01,6.122368323326725204e+00
1.006001714775650235e+01,6.417246135463188672e+00
1.008002286367533529e+01,5.983578102000812748e+00
1.010002857959417000e+01,5.819985737138173576e+00
1.012003429551300293e+01,6.429203069836188611e+00
1.014004001143183764e+01,6.120248925931059958e+00
1.016004572735067235e+01,6.681249033394660586e+00
1.018005144326950528e+01,6.127506346740171139e+00
1.020005715918833999e+01,5.859647210807610307e+00
1.022006287510717293e+01,5.923939224279942906e+00
1.024006859102600764e+01,5.924003075013438036e+00
1.026007430694484057e+01,6.026473471755357636e+00
1.028008002286367528e+01,6.513713574008031415e+00
1.030008573878250999e+01,5.688910747333268958e+00
1.032009145470134293e+01,5.692782120858161932e+00
1.034009717062017764e+01,6.775064532079151824e+00
1.036010288653901057e+01,6.272602138338181810e+00
1.038010860245784528e+01,6.824547596605273547e+00
1.040011431837667999e+01,5.829334152100754451e+00
1.042012003429551292e+01,6.640154988649998202e+00
1.044012575021434763e+01,6.338793541211897420e+00
1.046013146613318057e+01,5.999255113560225894e+00
1.048013718205201528e+01,6.072179243788500713e+00
1.050014289797084821e+01,6.448391245840094044e+00
1.052014861388968292e+01,6.073630694176200606e+00
1.054015432980851585e+01,5.959515214533729122e+00
1.056016004572735056e+01,6.893224665873896484e+00
1.058016576164618527e+01,6.784519633907124536e+00
1.060017147756501821e+01,5.958857035736342844e+00
1.062017719348385292e+01,5.518374288222097412e+00
1.064018290940268585e+01,5.856547218226906715e+00
1.066018862532152056e+01,6.793996968431869732e+00
1.068019434124035527e+01,5.953744955861512977e+00
1.070020005715918820e+01,6.340268928318970154e+00
1.072020577307802292e+01,5.827469107271342708e+00
1.074021148899685585e+01,6.441391613300897490e+00
1.076021720491569056e+01,6.756716445833175655e+00
1.078022292083452349e+01,6.716771744486967677e+00
1.080022863675335820e+01,6.912486665501258898e+00
1.082023435267219291e+01,5.945885954223097514e+00
1.084024006859102585e+01,6.226817568560992555e+00
1.086024578450986056e+01,5.904117157452430042e+00
1.088025150042869349e+01,5.878951613756324690e+00
1.090025721634752820e+01,6.813952677947924030e+00
1.092026293226636113e+01,6.442273587672099566e+00
1.094026864818519584e+01,6.592634680634627209e+00
1.096027436410403055e+01,6.555592761443513439e+00
1.098028008002286349e+01,7.019394075260715127e+00
1.100028579594169820e+01,6.765257818404514012e+00
1.102029151186053113e+01,5.864788426084123429e+00
1.104029722777936584e+01,7.055201223294622181e+00
1.106030294369819877e+01,6.807777433298700664e+00
1.108030865961703348e+01,6.020095072034026273e+00
1.110031437553586819e+01,7.515870541407187133e+00
1.112032009145470113e+01,6.671538877968685277e+00
1.114032580737353584e+01,7.795522542188761506e+00
1.116033152329236877e+01,7.180168576053914009e+00
1.118033723921120348e+01,7.501140807992115356e+00
1.120034295513003642e+01,6.459253403116540504e+00
1.122034867104887113e+01,7.689892893666085527e+00
1.124035438696770584e+01,7.271058949431898455e+00
1.126036010288653877e+01,7.555114806396629135e+00
1.128036581880537348e+01,7.477794809155504652e+00
1.130037153472420641e+01,7.774021714209166767e+00
1.132037725064304112e+01,7.511549987293790309e+00
1.134038296656187583e+01,7.981199085075289190e+00
1.136038868248070877e+01,7.874548298884683106e+00
1.138039439839954348e+01,8.701614711503431465e+00
1.140040011431837641e+01,8.099199827979415289e+00
1.142040583023721112e+01,8.494667862507474965e+00
1.144041154615604405e+01,8.377567488736598733e+00
1.146041726207487876e+01,7.987629932323958570e+00
1.148042297799371170e+01,8.179783005542629937e+00
1.150042869391254641e+01,9.027312997759610269e+00
1.152043440983138112e+01,9.396240940021048260e+00
1.154044012575021405e+01,9.141157069154093762e+00
1.156044584166904876e+01,8.935485334038734351e+00
1.158045155758788169e+01,9.434087561383588394e+00
1.160045727350671640e+01,9.912933167487896213e+00
1.162046298942555111e+01,1.010402693619345271e+01
1.164046870534438405e+01,9.351591940962297400e+00
1.166047442126321876e+01,1.050399701685802256e+01
1.168048013718205169e+01,1.006178893451285461e+01
1.170048585310088640e+01,1.042475886171248334e+01
1.172049156901971934e+01,1.040285010960506540e+01
1.174049728493855405e+01,1.085346850421550791e+01
1.176050300085738698e+01,1.044186363632133663e+01
1.178050871677622169e+01,1.119039073499819459e+01
1.180051443269505640e+01,1.062622953669179537e+01
1.182052014861388933e+01,1.151335513508332653e+01
1.184052586453272404e+01,1.222197393403539678e+01
1.186053158045155698e+01,1.231278453424727815e+01
1.188053729637039169e+01,1.261487326632442318e+01
1.190054301228922640e+01,1.242401386492151261e+01
1.192054872820805933e+01,1.236539200707917807e+01
1.194055444412689404e+01,1.220317953449521120e+01
1.196056016004572697e+01,1.281058868684948848e+01
1.198056587596456168e+01,1.285835172074126653e+01
1.200057159188339639e+01,1.308628149890299142e+01
1.202057730780222933e+01,1.402625483415233987e+01
1.204058302372106226e+01,1.436068114517698291e+01
1.206058873963989697e+01,1.378249211488584614e+01
1.208059445555873168e+01,1.480698204774683546e+01
1.210060017147756461e+01,1.432339020037538191e+01
1.212060588739639932e+01,1.545031833056894044e+01
1.214061160331523226e+01,1.491312977633978321e+01
1.216061731923406697e+01,1.567966055457681129e+01
1.218062303515290168e+01,1.630346207521637325e+01
1.220062875107173461e+01,1.534573017357800850e+01
1.222063446699056932e+01,1.619502362462655753e+01
1.224064018290940226e+01,1.658181023240679153e+01
1.226064589882823697e+01,1.691329170722920949e+01
1.228065161474707168e+01,1.746328961485724562e+01
1.230065733066590461e+01,1.775745023106338039e+01
1.232066304658473754e+01,1.874804513646959236e+01
1.234066876250357225e+01,1.832387509855186636e+01
1.236067447842240696e+01,1.845715333024883620e+01
1.238068019434123990e+01,1.972541143346208514e+01
1.240068591026007461e+01,1.976338432371085219e+01
1.242069162617890754e+01,1.991266565687918444e+01
1.244069734209774225e+01,2.118547012378351369e+01
1.246070305801657696e+01,2.080444281270883522e+01
1.248070877393540989e+01,2.151562614419720632e+01
1.250071448985424460e+01,2.236683555925222322e+01
1.252072020577307754e+01,2.192896421821122033e+01
1.254072592169191225e+01,2.229113606199030428e+01
1.256073163761074696e+01,2.276152537249151209e+01
1.258073735352957989e+01,2.278851860279207031e+01
1.260074306944841460e+01,2.403270946830920707e+01
1.262074878536724754e+01,2.422507775208896419e+01
1.264075450128608225e+01,2.481635537093614374e+01
1.266076021720491518e+01,2.592545988216576092e+01
1.268076593312374989e+01,2.544095769910846272e+01
1.270077164904258282e+01,2.697233535119138637e+01
1.272077736496141753e+01,2.749164901515652204e+01
1.274078308088025224e+01,2.696626991889313985e+01
1.276078879679908518e+01,2.775537606774458155e+01
1.278079451271791989e+01,2.899884025875212501e+01
1.280080022863675282e+01,2.946310084087693681e+01
1.282080594455558753e+01,2.987536021912108097e+01
1.284081166047442224e+01,3.041172859856755650e+01
1.286081737639325517e+01,3.092364875307952943e+01
1.288082309231208988e+01,3.165985877628622802e+01
1.290082880823092282e+01,3.212450296841382880e+01
1.292083452414975753e+01,3.264195962522260430e+01
1.294084024006859224e+01,3.335111693308661529e+01
1.296084595598742517e+01,3.445431784768798877e+01
1.298085167190625810e+01,3.535055619777790525e+01
1.300085738782509281e+01,3.596580887655531455e+01
1.302086310374392752e+01,3.604339857035965622e+01
1.304086881966276046e+01,3.707599998464099400e+01
1.306087453558159517e+01,3.827204145981647798e+01
1.308088025150042810e+01,3.799376718883291915e+01
1.310088596741926281e+01,3.885986612153760689e+01
1.312089168333809752e+01,3.958778765133806843e+01
1.314089739925693046e+01,4.026868535233799662e+01
1.316090311517576517e+01,4.071873384705517651e+01
1.318090883109459810e+01,4.161979854727790240e+01
1.320091454701343281e+01,4.267081695321334678e+01
1.322092026293226752e+01,4.261281440462039427e+01
1.324092597885110045e+01,4.239322263244203981e+01
1.326093169476993339e+01,4.300113876834367943e+01
1.328093741068876810e+01,4.391143793056855316e+01
1.330094312660760281e+01,4.305384927039802534e+01
1.332094884252643574e+01,4.416465548558056042e+01
1.334095455844527045e+01,4.293423116232511205e+01
1.336096027436410338e+01,4.327485663823011208e+01
1.338096599028293809e+01,4.302123581357858484e+01
1.340097170620177280e+01,4.219688308176104385e+01
1.342097742212060574e+01,4.214618280699174591e+01
1.344098313803944045e+01,4.150197269287292556e+01
1.346098885395827338e+01,3.968580910466967282e+01
1.348099456987710809e+01,3.787570238082781771e+01
1.350100028579594280e+01,3.684571291889162126e+01
1.352100600171477573e+01,3.526752299436929405e+01
1.354101171763361044e+01,3.335897146426515292e+01
1.356101743355244338e+01,3.123521357715424784e+01
1.358102314947127809e+01,2.993775229724368003e+01
1.360102886539011102e+01,2.836509535444129426e+01
1.362103458130894573e+01,2.650345867074462447e+01
1.364104029722777867e+01,2.371960698492344477e+01
1.366104601314661338e+01,2.179943438723195470e+01
1.368105172906544809e+01,2.065759143338245707e+01
1.370105744498428102e+01,1.815744082718230246e+01
1.372106316090311573e+01,1.737281429889937101e+01
1.374106887682194866e+01,1.668107157753317793e+01
1.376107459274078337e+01,1.441249097378974575e+01
1.378108030865961808e+01,1.335147791516847349e+01
1.380108602457845102e+01,1.308781690605144732e+01
1.382109174049728573e+01,1.213130132006283191e+01
1.384109745641611866e+01,1.172310315815878567e+01
1.386110317233495337e+01,1.111395420369203357e+01
1.388110888825378808e+01,1.096245974814108770e+01
1.390111460417262101e+01,1.022250742179186034e+01
1.392112032009145395e+01,9.849586989855197317e+00
1.394112603601028866e+01,9.960309087392399618e+00
1.396113175192912337e+01,9.935607939662176591e+00
1.398113746784795630e+01,9.549923592791945026e+00
1.400114318376679101e+01,8.528515705051912477e+00
1.402114889968562395e+01,1.002797904947961527e+01
1.404115461560445866e+01,8.916671737921779695e+00
1.406116033152329337e+01,8.490273114886212724e+00
1.408116604744212630e+01,8.858540282387487252e+00
1.410117176336095923e+01,8.770761052371755184e+00
1.412117747927979394e+01,9.674881902172307591e+00
1.414118319519862865e+01,9.571505457319998911e+00
1.416118891111746336e+01,8.791389105421238526e+00
1.418119462703629630e+01,9.044384204608476807e+00
1.420120034295512923e+01,9.123203492089981381e+00
1.422120605887396394e+01,9.649336658491996843e+00
1.424121177479279865e+01,9.733998868024428930e+00
1.426121749071163336e+01,8.739765570699447039e+00
1.428122320663046629e+01,9.579552273648449301e+00
1.430122892254929923e+01,9.576665311507657208e+00
1.432123463846813394e+01,1.059541188985194360e+01
1.434124035438696865e+01,1.119587783634338862e+01
1.436124607030580158e+01,9.845237075322483378e+00
1.438125178622463629e+01,1.067904622554862470e+01
1.440125750214346922e+01,1.092390728183839776e+01
1.442126321806230393e+01,1.092936588103502160e+01
1.444126893398113864e+01,1.203444819124385567e+01
1.446127464989997158e+01,1.106850651998737689e+01
1.448128036581880451e+01,1.149263700866598192e+01
1.450128608173763922e+01,1.208472220079214665e+01
1.452129179765647393e+01,1.309700133997595017e+01
1.454129751357530864e+01,1.277070198692121039e+01
1.456130322949414158e+01,1.406043952561808297e+01
1.458130894541297451e+01,1.427989453848761769e+01
1.460131466133180922e+01,1.429406394452684914e+01
1.462132037725064393e+01,1.452946036060969703e+01
1.464132609316947686e+01,1.471773459652972527e+01
1.466133180908831157e+01,1.524878678461758064e+01
1.468133752500714451e+01,1.571741328685127925e+01
1.470134324092597922e+01,1.619943738407536671e+01
1.472134895684481393e+01,1.802051932921111899e+01
1.474135467276364686e+01,1.774510043383586932e+01
1.476136038868247979e+01,1.824428895845536402e+01
1.478136610460131450e+01,1.810675587402825215e+01
1.480137182052014921e+01,1.912390340118313503e+01
1.482137753643898392e+01,1.933942400579254439e+01
1.484138325235781686e+01,2.050670679311685163e+01
1.486138896827664979e+01,2.152478138666391771e+01
1.488139468419548450e+01,2.186257156563549842e+01
1.490140040011431921e+01,2.323749576124577132e+01
1.492140611603315392e+01,2.310402285881258422e+01
1.494141183195198685e+01,2.402000924011498029e+01
1.496141754787081979e+01,2.602145111290334967e+01
1.498142326378965450e+01,2.676642545688932273e+01
1.500142897970848921e+01,2.621219867219738120e+01
1.502143469562732214e+01,2.761655236892248411e+01
1.504144041154615508e+01,2.813126032813900679e+01
1.506144612746498979e+01,3.012473108728584137e+01
1.508145184338382450e+01,3.099659002799381824e+01
1.510145755930265921e+01,3.194137127112526287e+01
1.512146327522149214e+01,3.174455232459439102e+01
1.514146899114032507e+01,3.281451200507224542e+01
1.516147470705915978e+01,3.445623107195271473e+01
1.518148042297799449e+01,3.596477587921684460e+01
1.520148613889682920e+01,3.642732243661427560e+01
1.522149185481566214e+01,3.815253798955235709e+01
1.524149757073449507e+01,3.926708355384444360e+01
1.526150328665332978e+01,4.072382653012645903e+01
1.528150900257216449e+01,4.153132204845856990e+01
1.530151471849099742e+01,4.265628144016032763e+01
1.532152043440983036e+01,4.412127904073457785e+01
1.534152615032866507e+01,4.587415765385130584e+01
1.536153186624749978e+01,4.656454889455423540e+01
1.538153758216633449e+01,4.800755925851251504e+01
1.540154329808516742e+01,4.959371421462520857e+01
1.542154901400400036e+01,5.136991956475522159e+01
1.544155472992283507e+01,5.337797169897520888e+01
1.546156044584166978e+01,5.462906634977922238e+01
1.548156616176050449e+01,5.613909078065235292e+01
1.550157187767933742e+01,5.764848767521175432e+01
1.552157759359817035e+01,5.969852562245092997e+01
1.554158330951700506e+01,6.150289773788568937e+01
1.556158902543583977e+01,6.294914891587771422e+01
1.558159474135467271e+01,6.450730955746578843e+01
1.560160045727350742e+01,6.637300080318746609e+01
1.562160617319234035e+01,6.848710611685285699e+01
1.564161188911117506e+01,7.106795155933923525e+01
1.566161760503000977e+01,7.274106224210314053e+01
1.568162332094884270e+01,7.413344196274729825e+01
1.570162903686767564e+01,7.624882504914154424e+01
1.572163475278651035e+01,7.822624553364997269e+01
1.574164046870534506e+01,7.982130229496323182e+01
1.576164618462417977e+01,8.174748897587895158e+01
1.578165190054301270e+01,8.361698763486917585e+01
1.580165761646184563e+01,8.583403513644245209e+01
1.582166333238068034e+01,8.813560940713162495e+01
1.584166904829951505e+01,8.998419362755453221e+01
1.586167476421834799e+01,9.114203661032740911e+01
1.588168048013718270e+01,9.264393255693595108e+01
1.590168619605601563e+01,9.457396094274835718e+01
1.592169191197485034e+01,9.534942414022781065e+01
1.594169762789368505e+01,9.630881444213021325e+01
1.596170334381251799e+01,9.773536844546103453e+01
1.598170905973135092e+01,9.788545895790035445e+01
1.600171477565018563e+01,9.908729795537865925e+01
1.602172049156902034e+01,9.927457860918620725e+01
1.604172620748785505e+01,9.907719328165006800e+01
1.606173192340668976e+01,9.946339153276484524e+01
1.608173763932552092e+01,9.969430790321710845e+01
1.610174335524435563e+01,9.856451763608015426e+01
1.612174907116319034e+01,9.777667685722423130e+01
1.614175478708202505e+01,9.653023881158793529e+01
1.616176050300085620e+01,9.650356899997137816e+01
1.618176621891969091e+01,9.525224229779806251e+01
1.620177193483852562e+01,9.377610991482845293e+01
1.622177765075736033e+01,9.259877345299227613e+01
1.624178336667619504e+01,9.044909893564030767e+01
1.626178908259502620e+01,8.802706655880732001e+01
1.628179479851386091e+01,8.635229364344669989e+01
1.630180051443269562e+01,8.316305007532616855e+01
1.632180623035153033e+01,8.059878119900803028e+01
1.634181194627036149e+01,7.706136192976066468e+01
1.636181766218919620e+01,7.422615411850983946e+01
1.638182337810803091e+01,7.066829011222304757e+01
1.640182909402686562e+01,6.751101476331507456e+01
1.642183480994570033e+01,6.462025016305248926e+01
1.644184052586453504e+01,6.195791465414544064e+01
1.646184624178336620e+01,5.861072450265011469e+01
1.648185195770220091e+01,5.536285044650683318e+01
1.650185767362103562e+01,5.202634245614089537e+01
1.652186338953986677e+01,5.023502601173003512e+01
1.654186910545870148e+01,4.815530813887207273e+01
1.656187482137753619e+01,4.492909789702553525e+01
1.658188053729637090e+01,4.298516741701308774e+01
1.660188625321520561e+01,4.106321552043488055e+01
1.662189196913404032e+01,3.901805548487998010e+01
1.664189768505287148e+01,3.675650231704308624e+01
1.666190340097170619e+01,3.468637574241658683e+01
1.668190911689054090e+01,3.253390315192199722e+01
1.670191483280937561e+01,3.104820669704293579e+01
1.672192054872820677e+01,2.897615110254595194e+01
1.674192626464704148e+01,2.756654529505512841e+01
1.676193198056587619e+01,2.463925936121297866e+01
1.678193769648471090e+01,2.336474034234607089e+01
1.680194341240354561e+01,2.116517415692747051e+01
1.682194912832238032e+01,2.054492434970529402e+01
1.684195484424121148e+01,1.847383547902158085e+01
1.686196056016004619e+01,1.750351810522321472e+01
1.688196627607888090e+01,1.604062443517606340e+01
1.690197199199771205e+01,1.444303735554088064e+01
1.692197770791654676e+01,1.444553410314703790e+01
1.694198342383538147e+01,1.388718365585252812e+01
1.696198913975421618e+01,1.258958094790046900e+01
1.698199485567305089e+01,1.135299017365229979e+01
1.700200057159188560e+01,1.138088173659063607e+01
1.702200628751071676e+01,1.082475818673248291e+01
1.704201200342955147e+01,1.132117530150707552e+01
1.706201771934838618e+01,1.036161354758416486e+01
1.708202343526722089e+01,1.029483182257610352e+01
1.710202915118605205e+01,9.807548940712369046e+00
1.712203486710488676e+01,9.266395037839918913e+00
1.714204058302372147e+01,9.231524912020091733e+00
1.716204629894255618e+01,9.301831913663214380e+00
1.718205201486139089e+01,9.564578561235764553e+00
1.720205773078022204e+01,8.744697555351997664e+00
1.722206344669905675e+01,9.351429004168906545e+00
1.724206916261789146e+01,9.403947483964035570e+00
1.726207487853672617e+01,9.185682213854731160e+00
1.728208059445555733e+01,9.418666156342178297e+00
1.730208631037439204e+01,8.484828638480733431e+00
1.732209202629322675e+01,9.523813417313160556e+00
1.734209774221206146e+01,9.377026483242483224e+00
1.736210345813089617e+01,9.553112387344883771e+00
1.738210917404973088e+01,9.425940246107387566e+00
1.740211488996856204e+01,9.839641523091652076e+00
1.742212060588739675e+01,9.739055625642825120e+00
1.744212632180623146e+01,9.933272200331714430e+00
1.746213203772506262e+01,9.647855770729961478e+00
1.748213775364389733e+01,9.914011997537169663e+00
1.750214346956273204e+01,1.109929431934614641e+01
1.752214918548156675e+01,1.071887462119387102e+01
1.754215490140040146e+01,1.078576654909156574e+01
1.756216061731923617e+01,1.083031050477222301e+01
1.758216633323806732e+01,1.089658388998246608e+01
1.760217204915690203e+01,1.155836310638847308e+01
1.762217776507573674e+01,1.116032415492399466e+01
1.764218348099457145e+01,1.121058176560870123e+01
1.766218919691340261e+01,1.203563580855509230e+01
1.768219491283223732e+01,1.212672267546462024e+01
1.770220062875107203e+01,1.297066280381795167e+01
1.772220634466990674e+01,1.323641861460868796e+01
1.774221206058874145e+01,1.259761563702241816e+01
1.776221777650757616e+01,1.417096191425101637e+01
1.778222349242640732e+01,1.452246354076528512e+01
1.780222920834524203e+01,1.353570585360728273e+01
1.782223492426407674e+01,1.453197627368589195e+01
1.784224064018290790e+01,1.594560303681992863e+01
1.786224635610174261e+01,1.526725672356820418e+01
1.788225207202057732e+01,1.578394406675809947e+01
1.790225778793941203e+01,1.601867303062817882e+01
1.792226350385824674e+01,1.639425752378974366e+01
1.794226921977708145e+01,1.675945599507462447e+01
1.796227493569591260e+01,1.777723801722071073e+01
1.798228065161474731e+01,1.878352084342597905e+01
1.800228636753358202e+01,1.940939483917752284e+01
1.802229208345241318e+01,1.890107228158801433e+01
1.804229779937124789e+01,1.942972612295575630e+01
1.806230351529008260e+01,2.077600442411609549e+01
1.808230923120891731e+01,2.124262308637162988e+01
1.810231494712775202e+01,2.048528280410316071e+01
1.812232066304658673e+01,2.110088046946682638e+01
1.814232637896542144e+01,2.217002055477804845e+01
1.816233209488425260e+01,2.233983739313859829e+01
1.818233781080308731e+01,2.326447404965425747e+01
1.820234352672191847e+01,2.328402408213217711e+01
1.822234924264075318e+01,2.352267330365442533e+01
1.824235495855958789e+01,2.378585900629256855e+01
1.826236067447842260e+01,2.380646437095706958e+01
1.828236639039725731e+01,2.421031044163849799e+01
1.830237210631609202e+01,2.508881650906116789e+01
1.832237782223492673e+01,2.512979881168051932e+01
1.834238353815375788e+01,2.534735440763443393e+01
1.836238925407259259e+01,2.533091253108295504e+01
1.838239496999142730e+01,2.592013705609725704e+01
1.840240068591025846e+01,2.532225483547572509e+01
1.842240640182909317e+01,2.584916188192457298e+01
1.844241211774792788e+01,2.619596463884302295e+01
1.846241783366676259e+01,2.561361488773320616e+01
1.848242354958559730e+01,2.598384483809751089e+01
1.850242926550443201e+01,2.599252187586252560e+01
1.852243498142326672e+01,2.660486997902215478e+01
1.854244069734209788e+01,2.629078867096001559e+01
1.856244641326093259e+01,2.660881403292643910e+01
1.858245212917976374e+01,2.792104118994821960e+01
1.860245784509859845e+01,2.832646579477343352e+01
1.862246356101743316e+01,2.805938429022741332e+01
1.864246927693626787e+01,2.833521884238757593e+01
1.866247499285510258e+01,2.980728320776044882e+01
1.868248070877393729e+01,3.015407282854220838e+01
1.870248642469277200e+01,3.145222076653054444e+01
1.872249214061160316e+01,3.147464784490361112e+01
1.874249785653043787e+01,3.237288485114484615e+01
1.876250357244927258e+01,3.340427201544513025e+01
1.878250928836810374e+01,3.421044219721466817e+01
1.880251500428693845e+01,3.479563997656651964e+01
1.882252072020577316e+01,3.543569509005507001e+01
1.884252643612460787e+01,3.656570186748695761e+01
1.886253215204344258e+01,3.782400057505138591e+01
1.888253786796227729e+01,3.784689291120309917e+01
1.890254358388111200e+01,3.807878306496854748e+01
1.892254929979994316e+01,3.884122552259414363e+01
1.894255501571877787e+01,3.980462521244905361e+01
1.896256073163760902e+01,4.005279668066106069e+01
1.898256644755644373e+01,3.939914641472998369e+01
1.900257216347527844e+01,4.005771556878384843e+01
1.902257787939411315e+01,3.994859354732426482e+01
1.904258359531294786e+01,3.846203101560766413e+01
1.906258931123178257e+01,3.883176323461611190e+01
1.908259502715061728e+01,3.796382486906911424e+01
1.910260074306944844e+01,3.692853391423358289e+01
1.912260645898828315e+01,3.641252975098954892e+01
1.914261217490711431e+01,3.394255363428326433e+01
1.916261789082594902e+01,3.303971457330524686e+01
1.918262360674478373e+01,3.195052929827854271e+01
1.920262932266361844e+01,3.000220407940221889e+01
1.922263503858245315e+01,2.823839389197696903e+01
1.924264075450128786e+01,2.674258732330485344e+01
1.926264647042012257e+01,2.491021198506181378e+01
1.928265218633895373e+01,2.230001731226882811e+01
1.930265790225778844e+01,2.159802879464614378e+01
1.932266361817662315e+01,1.956941587127506921e+01
1.934266933409545430e+01,1.879697693706993533e+01
1.936267505001428901e+01,1.703908787731136698e+01
1.938268076593312372e+01,1.565023903386971504e+01
1.940268648185195843e+01,1.476483840589736474e+01
1.942269219777079314e+01,1.438641161141727842e+01
1.944269791368962785e+01,1.282096351857089900e+01
1.946270362960846256e+01,1.216117888800269498e+01
1.948270934552729372e+01,1.108795473327569425e+01
1.950271506144612843e+01,1.071705505921145729e+01
1.952272077736495959e+01,1.087338556941945100e+01
1.954272649328379430e+01,9.635968764894512262e+00
1.956273220920262901e+01,9.186869395424608342e+00
1.958273792512146372e+01,9.468952112826499956e+00
1.960274364104029843e+01,8.304890140717400726e+00
1.962274935695913314e+01,8.300740468566056407e+00
1.964275507287796785e+01,8.520462168201781594e+00
1.966276078879679901e+01,7.611998936461203513e+00
1.968276650471563372e+01,7.471326497578338000e+00
1.970277222063446487e+01,7.383633945363975215e+00
1.972277793655329958e+01,6.325903949745239174e+00
1.974278365247213429e+01,6.176720946091043274e+00
1.976278936839096900e+01,6.981991132852339632e+00
1.978279508430980371e+01,5.605067805689210481e+00
1.980280080022863842e+01,6.522093848182574760e+00
1.982280651614747313e+01,5.922249741141444979e+00
1.984281223206630784e+01,5.082205148200093170e+00
1.986281794798513900e+01,5.392381872083882755e+00
1.988282366390397371e+01,5.942366656537986458e+00
1.990282937982280487e+01,6.155178812170778002e+00
1.992283509574163958e+01,5.560726288270945616e+00
1.994284081166047429e+01,4.584228460931049298e+00
1.996284652757930900e+01,5.874875690492691760e+00
1.998285224349814371e+01,5.004527634016497473e+00
2.000285795941697842e+01,4.620576281734218860e+00
2.002286367533581313e+01,4.564114282613846107e+00
2.004286939125464428e+01,4.179313163029723555e+00
2.006287510717347899e+01,5.424144531531477575e+00
2.008288082309231015e+01,5.616051065451388880e+00
2.010288653901114486e+01,5.064348057618298427e+00
2.012289225492997957e+01,4.696763100347196129e+00
2.014289797084881428e+01,4.757594762879122641e+00
2.016290368676764899e+01,5.241189082702478075e+00
2.018290940268648370e+01,5.574487894681786848e+00
2.020291511860531841e+01,5.624473109421358252e+00
2.022292083452414957e+01,4.935426790315593948e+00
2.024292655044298428e+01,4.744928184825836226e+00
2.026293226636181899e+01,4.951809559251349135e+00
2.028293798228065015e+01,5.370001323197942433e+00
2.030294369819948486e+01,5.557348435870204995e+00
2.032294941411831957e+01,5.317753753236743819e+00
2.034295513003715428e+01,5.905106886952435907e+00
2.036296084595598899e+01,5.426135840149507672e+00
2.038296656187482370e+01,4.851624211920078977e+00
2.040297227779365841e+01,5.659316377609837190e+00
2.042297799371248956e+01,4.943377572476464366e+00
2.044298370963132427e+01,5.595194179867197803e+00
2.046298942555015543e+01,5.221725796334274250e+00
2.048299514146899014e+01,5.543139302849644068e+00
2.050300085738782485e+01,6.402714600485365004e+00
2.052300657330665956e+01,6.620565638319412471e+00
2.054301228922549427e+01,6.140050572623485081e+00
2.056301800514432898e+01,6.543838566873788842e+00
2.058302372106316369e+01,6.891002093439961840e+00
2.060302943698199485e+01,6.409796897228624779e+00
2.062303515290082956e+01,5.781873904195558467e+00
2.064304086881966072e+01,6.698255367729769816e+00
2.066304658473849543e+01,6.798731925449597036e+00
2.068305230065733014e+01,6.342478791936301263e+00
2.070305801657616485e+01,7.282307888812696639e+00
2.072306373249499956e+01,6.866573540307109980e+00
2.074306944841383427e+01,7.439731266183013503e+00
2.076307516433266898e+01,7.285230259399118502e+00
2.078308088025150369e+01,7.342507793381338743e+00
2.080308659617033484e+01,7.987230456820533675e+00
2.082309231208916955e+01,7.157141161315183631e+00
2.084309802800800071e+01,8.699936232993184859e+00
2.086310374392683542e+01,7.149271019767807545e+00
2.088310945984567013e+01,8.312829135507710632e+00
2.090311517576450484e+01,8.471066647766825497e+00
2.092312089168333955e+01,8.002757173631716014e+00
2.094312660760217426e+01,8.147962042317287157e+00
2.096313232352100897e+01,8.273779894062961660e+00
2.098313803943984013e+01,8.238716862460805146e+00
2.100314375535867484e+01,8.648452290129794662e+00
2.102314947127750600e+01,8.146131740627525986e+00
2.104315518719634071e+01,7.779764266686752805e+00
2.106316090311517542e+01,8.180037766428648993e+00
2.108316661903401013e+01,7.871440866154898686e+00
2.110317233495284484e+01,7.639175329434849893e+00
2.112317805087167955e+01,8.046359606706598555e+00
2.114318376679051426e+01,7.723864056673312106e+00
2.116318948270934541e+01,7.259167539575193118e+00
2.118319519862818012e+01,7.663219511982013010e+00
2.120320091454701483e+01,7.614656479679708490e+00
2.122320663046584599e+01,7.403906837591946122e+00
2.124321234638468070e+01,7.977666990560679849e+00
2.126321806230351541e+01,7.940359079523763519e+00
2.128322377822235012e+01,8.206971748392042798e+00
2.130322949414118483e+01,7.859854625571745856e+00
2.132323521006001954e+01,8.281162417810186582e+00
2.134324092597885425e+01,7.694931147789576542e+00
2.136324664189768541e+01,8.362383789953661051e+00
2.138325235781652012e+01,7.730045728551006690e+00
2.140325807373535127e+01,8.209831286990729282e+00
2.142326378965418598e+01,8.356706506436953674e+00
2.144326950557302069e+01,7.768907492704057560e+00
2.146327522149185540e+01,8.444356360846530407e+00
2.148328093741069011e+01,7.823680014801253968e+00
2.150328665332952482e+01,7.145560354067411524e+00
2.152329236924835953e+01,7.266421450743564492e+00
2.154329808516719069e+01,6.900191346018269556e+00
2.156330380108602540e+01,6.781991593238103633e+00
2.158330951700485656e+01,6.591351643210568767e+00
2.160331523292369127e+01,6.879850356392145372e+00
2.162332094884252598e+01,7.285537108697949904e+00
2.164332666476136069e+01,5.868624880765077378e+00
2.166333238068019540e+01,6.058104824815622180e+00
2.168333809659903011e+01,6.642235135880673269e+00
2.170334381251786482e+01,6.340841057073246745e+00
2.172334952843669598e+01,5.933234915079564686e+00
2.174335524435553069e+01,5.382939134480091425e+00
2.176336096027436540e+01,6.791246683747868218e+00
2.178336667619319655e+01,5.404320866197059203e+00
2.180337239211203126e+01,6.115507895650798886e+00
2.182337810803086597e+01,6.044664345189836752e+00
2.184338382394970068e+01,5.923101166123459826e+00
2.186338953986853539e+01,5.990582537675507524e+00
2.188339525578737010e+01,6.403951350006541254e+00
2.190340097170620481e+01,5.704670458698925195e+00
2.192340668762503597e+01,6.475622577000784474e+00
2.194341240354387068e+01,6.412352237959892065e+00
2.196341811946270184e+01,6.953357034559598304e+00
2.198342383538153655e+01,6.939722687882122543e+00
2.200342955130037126e+01,7.304792272845967105e+00
2.202343526721920597e+01,7.095291142529561057e+00
2.204344098313804068e+01,7.300771230783092314e+00
2.206344669905687539e+01,6.836821219002613859e+00
2.208345241497571010e+01,7.450444248176570916e+00
2.210345813089454126e+01,7.027916340027832831e+00
2.212346384681337597e+01,7.575682833215900303e+00
2.214346956273221068e+01,8.072660441321968250e+00
2.216347527865104183e+01,7.975910989370718518e+00
2.218348099456987654e+01,7.443281865802805264e+00
2.220348671048871125e+01,8.062962388222100429e+00
2.222349242640754596e+01,8.322403721098336149e+00
2.224349814232638067e+01,7.854312305630877233e+00
2.226350385824521538e+01,8.723853209475707970e+00
2.228350957416405009e+01,8.309107621925807763e+00
2.230351529008288125e+01,8.008985544219486385e+00
2.232352100600171596e+01,8.653429167243121611e+00
2.234352672192054712e+01,8.136689529063259485e+00
2.236353243783938183e+01,8.346231740447690228e+00
2.238353815375821654e+01,8.718887235087597887e+00
2.240354386967705125e+01,8.080465849223928743e+00
2.242354958559588596e+01,7.598554974639053938e+00
2.244355530151472067e+01,8.552294140646541365e+00
2.246356101743355538e+01,7.298141909809311656e+00
2.248356673335238654e+01,6.878875823935757694e+00
2.250357244927122125e+01,6.956996504488852651e+00
2.252357816519005240e+01,7.123299597908962610e+00
2.254358388110888711e+01,7.551683765956310523e+00
2.256358959702772182e+01,6.866772463138758553e+00
2.258359531294655653e+01,7.542620797973063063e+00
2.260360102886539124e+01,7.395261481248975421e+00
2.262360674478422595e+01,6.491783098702777366e+00
2.264361246070306066e+01,6.374109050182914515e+00
2.266361817662189182e+01,6.924396499700197438e+00
2.268362389254072653e+01,6.634997425143076555e+00
2.270362960845956124e+01,6.696838310641675562e+00
2.272363532437839240e+01,6.746193178929637213e+00
2.274364104029722711e+01,6.296805388880035714e+00
2.276364675621606182e+01,6.527573183792716449e+00
2.278365247213489653e+01,6.745018874492711092e+00
2.280365818805373124e+01,6.715642053398882538e+00
2.282366390397256595e+01,7.021427154084569189e+00
2.284366961989140066e+01,7.348989924501833748e+00
2.286367533581023181e+01,6.988232735784887240e+00
2.288368105172906652e+01,7.427116254016814523e+00
2.290368676764789768e+01,7.463363618185208992e+00
2.292369248356673239e+01,7.271329292829697977e+00
2.294369819948556710e+01,7.807238201357099783e+00
2.296370391540440181e+01,7.244227904100291937e+00
2.298370963132323652e+01,7.756269326180292190e+00
2.300371534724207123e+01,7.005828190522406018e+00
2.302372106316090594e+01,7.934888104466150338e+00
2.304372677907973710e+01,7.902763869125037033e+00
2.306373249499857181e+01,8.182167805954303930e+00
2.308373821091740652e+01,7.472686870624955624e+00
2.310374392683623768e+01,8.290648388598867768e+00
2.312374964275507239e+01,7.615146310151294173e+00
2.314375535867390710e+01,8.508997579887791929e+00
2.316376107459274181e+01,9.292026363358598218e+00
2.318376679051157652e+01,8.549718906902299409e+00
2.320377250643041123e+01,8.025233398862470224e+00
2.322377822234924594e+01,8.755413210574182870e+00
2.324378393826807709e+01,8.576615069855877849e+00
2.326378965418691180e+01,8.825493932532733510e+00
2.328379537010574296e+01,8.994839226209947469e+00
2.330380108602457767e+01,8.409621573261041760e+00
2.332380680194341238e+01,8.060608545822281812e+00
2.334381251786224709e+01,8.490374278358387983e+00
2.336381823378108180e+01,7.765485075683159266e+00
2.338382394969991651e+01,7.741897815867169186e+00
2.340382966561875122e+01,6.447067904989554066e+00
2.342383538153758238e+01,7.090624437833737304e+00
2.344384109745641709e+01,6.174224372013583206e+00
2.346384681337524825e+01,5.958252984586707157e+00
2.348385252929408296e+01,6.769953221941275245e+00
2.350385824521291767e+01,5.362280352738798328e+00
2.352386396113175238e+01,6.274377660188787509e+00
2.354386967705058709e+01,5.768110197936502814e+00
2.356387539296942180e+01,5.370986432297251589e+00
2.358388110888825651e+01,5.230590810329492690e+00
2.360388682480708766e+01,4.500047613461390483e+00
2.362389254072592237e+01,4.340383730870958523e+00
2.364389825664475708e+01,4.849419061122924646e+00
2.366390397256358824e+01,4.536989723815602282e+00
2.368390968848242295e+01,5.432181905181606929e+00
2.370391540440125766e+01,4.334385274688921541e+00
2.372392112032009237e+01,4.478840921118969476e+00
2.374392683623892708e+01,4.446501987872947481e+00
2.376393255215776179e+01,5.214707417358727781e+00
2.378393826807659650e+01,5.344457874058702096e+00
2.380394398399542766e+01,4.562563992565394244e+00
2.382394969991426237e+01,4.720132939593955079e+00
2.384395541583309353e+01,5.353726713399151294e+00
2.386396113175192824e+01,4.068088360948397764e+00
2.388396684767076295e+01,4.644355805571326989e+00
2.390397256358959766e+01,4.745238028014195919e+00
2.392397827950843237e+01,4.704365392870803575e+00
2.394398399542726708e+01,4.786377958644935759e+00
2.396398971134610179e+01,4.006148002534538399e+00
2.398399542726493294e+01,4.651098059332732682e+00
2.400400114318376765e+01,4.142288893037894937e+00
2.402400685910260236e+01,4.059688016388617982e+00
2.404401257502143352e+01,3.594660990528463884e+00
2.406401829094026823e+01,4.000152748417318271e+00
2.408402400685910294e+01,3.347563643898725516e+00
2.410402972277793765e+01,4.062305818684843750e+00
2.412403543869677236e+01,3.665511903234992985e+00
2.414404115461560707e+01,4.205135333895254846e+00
2.416404687053444178e+01,3.448453632949673775e+00
2.418405258645327294e+01,4.019466295417660540e+00
2.420405830237210765e+01,2.954187451804645814e+00
2.422406401829093880e+01,3.173747017678229643e+00
2.424406973420977351e+01,3.330618555274037274e+00
2.426407545012860822e+01,3.230708762656335331e+00
2.428408116604744293e+01,3.166324099364912215e+00
2.430408688196627764e+01,2.566036190158533792e+00
2.432409259788511235e+01,2.666383321888540436e+00
2.434409831380394706e+01,2.944752506487870569e+00
2.436410402972277822e+01,2.624262822004594931e+00
2.438410974564161293e+01,3.365755839920598014e+00
2.440411546156044409e+01,2.881560721728541274e+00
2.442412117747927880e+01,3.081988621885153989e+00
2.444412689339811351e+01,2.674123482349256342e+00
2.446413260931694822e+01,2.870813216674143575e+00
2.448413832523578293e+01,2.844910930967286866e+00
2.450414404115461764e+01,2.549149968438785940e+00
2.452414975707345235e+01,3.507026878333144637e+00
2.454415547299228351e+01,2.960260742194007477e+00
2.456416118891111822e+01,3.794420765701962850e+00
2.458416690482995293e+01,2.473960098280541864e+00
2.460417262074878408e+01,3.172867421591396564e+00
2.462417833666761879e+01,2.271849666629578657e+00
2.464418405258645350e+01,3.255047404917370990e+00
2.466418976850528821e+01,3.481136173461692351e+00
2.468419548442412292e+01,2.419478021093417919e+00
2.470420120034295763e+01,3.433131396906804689e+00
2.472420691626179234e+01,3.623372273370462526e+00
2.474421263218062350e+01,3.768314282219028755e+00
2.476421834809945821e+01,2.113977425992933146e+00
2.478422406401828937e+01,3.142034967928256428e+00
2.480422977993712408e+01,2.837567932826768669e+00
2.482423549585595879e+01,2.550163527873498204e+00
2.484424121177479350e+01,3.130704768026367102e+00
2.486424692769362821e+01,3.500150576229849264e+00
2.488425264361246292e+01,3.372238550830747528e+00
2.490425835953129763e+01,2.772783290646139154e+00
2.492426407545012879e+01,3.794692658963747967e+00
2.494426979136896350e+01,2.297722501581735077e+00
2.496427550728779821e+01,3.196929501724648404e+00
2.498428122320662936e+01,3.549379398971301836e+00
2.500428693912546407e+01,4.082791784154564674e+00
2.502429265504429878e+01,3.486150225023679106e+00
2.504429837096313349e+01,3.817735063866007472e+00
2.506430408688196820e+01,3.606840084379449252e+00
2.508430980280080291e+01,3.382090800752073356e+00
2.510431551871963762e+01,3.626625413864949188e+00
2.512432123463846878e+01,2.875422401759056612e+00
2.514432695055730349e+01,4.166755125679792116e+00
2.516433266647613465e+01,4.027208892851218636e+00
2.518433838239496936e+01,3.669596505778616624e+00
2.520434409831380407e+01,4.416168439703264781e+00
2.522434981423263878e+01,4.329092533644576690e+00
2.524435553015147349e+01,3.855087275667873570e+00
2.526436124607030820e+01,4.453727238006812250e+00
2.528436696198914291e+01,5.103845453006474742e+00
2.530437267790797407e+01,5.044529507089642095e+00
2.532437839382680878e+01,4.254857530070518479e+00
2.534438410974563993e+01,4.601646355584925630e+00
2.536438982566447464e+01,4.915019148383423797e+00
2.538439554158330935e+01,5.101079468742905298e+00
2.540440125750214406e+01,5.322811904196644406e+00
2.542440697342097877e+01,6.260115891250410236e+00
2.544441268933981348e+01,5.502512534853631010e+00
2.546441840525864819e+01,5.137054983816909726e+00
2.548442412117747935e+01,6.181926986726303141e+00
2.550442983709631406e+01,7.167531259291189727e+00
2.552443555301514877e+01,6.557064003829873755e+00
2.554444126893397993e+01,6.002727016295818174e+00
2.556444698485281464e+01,6.307822314031912292e+00
2.558445270077164935e+01,7.172138036507005765e+00
2.560445841669048406e+01,7.807655227959557465e+00
2.562446413260931877e+01,8.145219774683958747e+00
2.564446984852815348e+01,8.926600091227495426e+00
2.566447556444698819e+01,9.120509275293111173e+00
2.568448128036581934e+01,9.090024213237532180e+00
2.570448699628465405e+01,9.249403511511538056e+00
2.572449271220348521e+01,1.003779657612767551e+01
2.574449842812231992e+01,1.023903600850902862e+01
2.576450414404115463e+01,1.129892421903769062e+01
2.578450985995998934e+01,1.167353434223739939e+01
2.580451557587882405e+01,1.150193179381855302e+01
2.582452129179765876e+01,1.204929810178255778e+01
2.584452700771649347e+01,1.240994100543008827e+01
2.586453272363532463e+01,1.331413064923108891e+01
2.588453843955415934e+01,1.336363182755070689e+01
2.590454415547299405e+01,1.394993018014496400e+01
2.592454987139182521e+01,1.508283794035849823e+01
2.594455558731065992e+01,1.558146961049740753e+01
2.596456130322949463e+01,1.665033450905317025e+01
2.598456701914832934e+01,1.645204454957634610e+01
2.600457273506716405e+01,1.707555846759619200e+01
2.602457845098599520e+01,1.791415252725633778e+01
2.604458416690482991e+01,1.900304968851241938e+01
2.606458988282366462e+01,1.853310492455247882e+01
2.608459559874249933e+01,1.924892193727675505e+01
2.610460131466133404e+01,1.928439799430248769e+01
2.612460703058016520e+01,1.942267274079818407e+01
2.614461274649899991e+01,2.071149128941510398e+01
2.616461846241783462e+01,1.997000501999071531e+01
2.618462417833666933e+01,2.053605772896229098e+01
2.620462989425550404e+01,2.085434016921141165e+01
2.622463561017433520e+01,2.081635519208844443e+01
2.624464132609316991e+01,2.036903927006352433e+01
2.626464704201200462e+01,1.961060123751829565e+01
2.628465275793083933e+01,2.000247790827464911e+01
2.630465847384967049e+01,2.014195462051080199e+01
2.632466418976850520e+01,1.871197968443837567e+01
2.634466990568733991e+01,1.928474970792690613e+01
2.636467562160617462e+01,1.793786549675832021e+01
2.638468133752500933e+01,1.766950883854907772e+01
2.640468705344384048e+01,1.799835225139005956e+01
2.642469276936267519e+01,1.800703535414744749e+01
2.644469848528150990e+01,1.720123969140697540e+01
2.646470420120034461e+01,1.742716676456922897e+01
2.648470991711917932e+01,1.690730616650819940e+01
2.650471563303801048e+01,1.730803433142520475e+01
2.652472134895684519e+01,1.712477324248297350e+01
2.654472706487567990e+01,1.762625010560376637e+01
2.656473278079451461e+01,1.757546034106122335e+01
2.658473849671334932e+01,1.840347018683057101e+01
2.660474421263218048e+01,1.816678937922005943e+01
2.662474992855101519e+01,1.850547741548616543e+01
2.664475564446984990e+01,1.881658716225308581e+01
2.666476136038868461e+01,1.824918552371280356e+01
2.668476707630751577e+01,1.966077543481301859e+01
2.670477279222635048e+01,1.868382853460347093e+01
2.672477850814518519e+01,1.924171358734254511e+01
2.674478422406401990e+01,1.939258161487449073e+01
2.676478993998285461e+01,1.877880466633740042e+01
2.678479565590168576e+01,1.911102225808829758e+01
2.680480137182052047e+01,1.853480261210535929e+01
2.682480708773935518e+01,1.881425108903635746e+01
2.684481280365818989e+01,1.786837045169267313e+01
2.686481851957702460e+01,1.762260857779164525e+01
2.688482423549585576e+01,1.835598734215109573e+01
2.690482995141469047e+01,1.717844047714727651e+01
2.692483566733352518e+01,1.742525308856644273e+01
2.694484138325235989e+01,1.676232778443504046e+01
2.696484709917119105e+01,1.684319065673044236e+01
2.698485281509002576e+01,1.663355679068531856e+01
2.700485853100886047e+01,1.650870246305721878e+01
2.702486424692769518e+01,1.547599660995854975e+01
2.704486996284652989e+01,1.647131146657666179e+01
2.706487567876536104e+01,1.653587363116543685e+01
2.708488139468419575e+01,1.572968711753815541e+01
2.710488711060303046e+01,1.565921947548757664e+01
2.712489282652186517e+01,1.515532651209314885e+01
2.714489854244069988e+01,1.415641426234710920e+01
2.716490425835953104e+01,1.425410103640604476e+01
2.718490997427836575e+01,1.344533789815121061e+01
2.720491569019720046e+01,1.378322244977645994e+01
2.722492140611603517e+01,1.318089198371652593e+01
2.724492712203486633e+01,1.265830840933469759e+01
2.726493283795370104e+01,1.129247108692181101e+01
2.728493855387253575e+01,1.069401179646198230e+01
2.730494426979137046e+01,1.034969221338942802e+01
2.732494998571020517e+01,9.305852992365473142e+00
2.734495570162903633e+01,9.292538808649098314e+00
2.736496141754787104e+01,7.999948636553583015e+00
2.738496713346670575e+01,8.050013613883226782e+00
2.740497284938554046e+01,6.988583397642861961e+00
2.742497856530437517e+01,6.930615807982363208e+00
2.744498428122320632e+01,6.525042231083349797e+00
2.746498999714204103e+01,5.916499165707691077e+00
2.748499571306087574e+01,6.061199475967764094e+00
2.750500142897971045e+01,5.676479010514965395e+00
2.752500714489854516e+01,5.895081843851230019e+00
2.754501286081737632e+01,4.697116088159724256e+00
2.756501857673621103e+01,4.928618810245589898e+00
2.758502429265504574e+01,5.525041135486270960e+00
2.760503000857388045e+01,5.422075899555029110e+00
2.762503572449271161e+01,3.942178739812892019e+00
2.764504144041154632e+01,4.589377517394950701e+00
2.766504715633038103e+01,4.256553302245271730e+00
2.768505287224921574e+01,4.739954615107764724e+00
2.770505858816805045e+01,4.083792818365100885e+00
2.772506430408688161e+01,4.440688688865553679e+00
2.774507002000571632e+01,4.561668437956248212e+00
2.776507573592455103e+01,4.304818491035217853e+00
2.778508145184338574e+01,3.597295797368043058e+00
2.780508716776222045e+01,3.966285074260044397e+00
2.782509288368105160e+01,3.911772372151336441e+00
2.784509859959988631e+01,3.971787468598704685e+00
2.786510431551872102e+01,3.890416311594761645e+00
2.788511003143755573e+01,4.203270384513450253e+00
2.790511574735638689e+01,3.807172597520101398e+00
2.792512146327522160e+01,4.296302760397574971e+00
2.794512717919405631e+01,3.505374434392259708e+00
2.796513289511289102e+01,3.713980299456361323e+00
2.798513861103172573e+01,4.176599880706108436e+00
2.800514432695055689e+01,4.014645594905829284e+00
2.802515004286939160e+01,4.232219283854255387e+00
2.804515575878822631e+01,3.682452844891610511e+00
2.806516147470706102e+01,4.216348721855001536e+00
2.808516719062589573e+01,3.917655560035977036e+00
2.810517290654472689e+01,4.601986916938584748e+00
2.812517862246356160e+01,4.664314722506697208e+00
2.814518433838239631e+01,4.117482808116714743e+00
2.816519005430123102e+01,4.442474899469145200e+00
2.818519577022006217e+01,5.003744599470271837e+00
2.820520148613889688e+01,5.453722216511257770e+00
2.822520720205773159e+01,4.518304582375768597e+00
2.824521291797656630e+01,5.207750363925075732e+00
2.826521863389540101e+01,4.996829147828107054e+00
2.828522434981423217e+01,4.988578014523746162e+00
2.830523006573306688e+01,6.400568084633796673e+00
2.832523578165190159e+01,6.180722811938619721e+00
2.834524149757073630e+01,6.162518740495358749e+00
2.836524721348957101e+01,6.525714913807090234e+00
2.838525292940840217e+01,6.189830471110123966e+00
2.840525864532723688e+01,5.656523001180342902e+00
2.842526436124607159e+01,6.325722132452064272e+00
2.844527007716490630e+01,7.099168778441975469e+00
2.846527579308374101e+01,6.809786836541676713e+00
2.848528150900257216e+01,5.876014140441890632e+00
2.850528722492140687e+01,6.623385040428818371e+00
2.852529294084024158e+01,7.244736696671440157e+00
2.854529865675907629e+01,7.716395491401101481e+00
2.856530437267790745e+01,7.452894649249599546e+00
2.858531008859674216e+01,7.498057179167530784e+00
2.860531580451557687e+01,7.404806258835923138e+00
2.862532152043441158e+01,7.355105261357865132e+00
2.864532723635324629e+01,7.751790750980308786e+00
2.866533295227207745e+01,7.962878347160271986e+00
2.868533866819091216e+01,7.604611852295601437e+00
2.870534438410974687e+01,8.534205358242466843e+00
2.872535010002858158e+01,8.106311397708017452e+00
2.874535581594741629e+01,8.981383889862968317e+00
2.876536153186624745e+01,7.928473434050243185e+00
2.878536724778508216e+01,7.883095169894697385e+00
2.880537296370391687e+01,8.417459722679138778e+00
2.882537867962275158e+01,9.247684381338409310e+00
2.884538439554158273e+01,8.825838978962092796e+00
2.886539011146041744e+01,9.039886000112572262e+00
2.888539582737925215e+01,9.767627799560209212e+00
2.890540154329808686e+01,9.554442918700130960e+00
2.892540725921692157e+01,9.701050693396361169e+00
2.894541297513575273e+01,1.020852670639006377e+01
2.896541869105458744e+01,1.003749480916986236e+01
2.898542440697342215e+01,1.062939019553434505e+01
2.900543012289225686e+01,1.062616907144814604e+01
2.902543583881109157e+01,1.022982346551199839e+01
2.904544155472992273e+01,1.050746159283619541e+01
2.906544727064875744e+01,1.138318767715827207e+01
2.908545298656759215e+01,1.150144319729083442e+01
2.910545870248642686e+01,1.127992385012646537e+01
2.912546441840525802e+01,1.187266063093867885e+01
2.914547013432409273e+01,1.058360881325615743e+01
2.916547585024292744e+01,1.111417993648485236e+01
2.918548156616176215e+01,9.812535844450920308e+00
2.920548728208059686e+01,1.118589335097161630e+01
2.922549299799942801e+01,9.626481314274029089e+00
2.924549871391826272e+01,9.806195428196875952e+00
2.926550442983709743e+01,9.721767737877495819e+00
2.928551014575593214e+01,9.148048989532163944e+00
2.930551586167476685e+01,9.036372131365894234e+00
2.932552157759359801e+01,7.943829389005567343e+00
2.934552729351243272e+01,7.786902996497567564e+00
2.936553300943126743e+01,7.120576655707105296e+00
2.938553872535010214e+01,7.141579850353757308e+00
2.940554444126893330e+01,6.820482872399503904e+00
2.942555015718776801e+01,6.387764678828999010e+00
2.944555587310660272e+01,6.148922376946515556e+00
2.946556158902543743e+01,5.646941152891009175e+00
2.948556730494427214e+01,5.891377900430294190e+00
2.950557302086310330e+01,5.981310460058530509e+00
2.952557873678193801e+01,5.113147577288583712e+00
2.954558445270077272e+01,5.263098174420984598e+00
2.956559016861960743e+01,5.594736408697155383e+00
2.958559588453844214e+01,5.565844721869074974e+00
2.960560160045727329e+01,5.774824338812521773e+00
2.962560731637610800e+01,5.962927001286780104e+00
2.964561303229494271e+01,5.971832447937294397e+00
2.966561874821377742e+01,6.125978831116764667e+00
2.968562446413261213e+01,5.803392831322536694e+00
2.970563018005144329e+01,5.988480368692293609e+00
2.972563589597027800e+01,6.571860256520931642e+00
2.974564161188911271e+01,6.783713565319168026e+00
2.976564732780794742e+01,6.624071527201612852e+00
2.978565304372677858e+01,7.067361953222801141e+00
2.980565875964561329e+01,7.399859814164094551e+00
2.982566447556444800e+01,7.688663410586395131e+00
2.984567019148328271e+01,8.674906937621360115e+00
2.986567590740211742e+01,8.334550300769153708e+00
2.988568162332094857e+01,8.497995569949793548e+00
2.990568733923978328e+01,9.043007746299734251e+00
2.992569305515861799e+01,9.908841675251998993e+00
2.994569877107745270e+01,1.032341057344942925e+01
2.996570448699628741e+01,1.044503293198552285e+01
2.998571020291511857e+01,1.103685605835924122e+01
3.000571591883395328e+01,1.206666788567575566e+01
3.002572163475278799e+01,1.267064519320059901e+01
3.004572735067162270e+01,1.370901163796863997e+01
3.006573306659045386e+01,1.386919382792805067e+01
3.008573878250928857e+01,1.487430870215790968e+01
3.010574449842812328e+01,1.554716628202210771e+01
3.012575021434695799e+01,1.616530022818609069e+01
3.014575593026579270e+01,1.699669309550693086e+01
3.016576164618462386e+01,1.851029083616021609e+01
3.018576736210345857e+01,1.963563192823322368e+01
3.020577307802229328e+01,2.003756532061146345e+01
3.022577879394112799e+01,2.085262460622873704e+01
3.024578450985996270e+01,2.135392462713001294e+01
3.026579022577879385e+01,2.217194383956939774e+01
3.028579594169762856e+01,2.309840035916658607e+01
3.030580165761646327e+01,2.405197334980845625e+01
3.032580737353529798e+01,2.371710149288333014e+01
3.034581308945412914e+01,2.401038230769933435e+01
3.036581880537296385e+01,2.541662122812343938e+01
3.038582452129179856e+01,2.525504577544646878e+01
3.040583023721063327e+01,2.572288110634396219e+01
3.042583595312946798e+01,2.550325152027408393e+01
3.044584166904829914e+01,2.636255941858725294e+01
3.046584738496713385e+01,2.616667355788540661e+01
3.048585310088596856e+01,2.648604030605548587e+01
3.050585881680480327e+01,2.615815751813484624e+01
3.052586453272363798e+01,2.452009049130936447e+01
3.054587024864246914e+01,2.414681830388345318e+01
3.056587596456130385e+01,2.410039277678182401e+01
3.058588168048013856e+01,2.301696095552298260e+01
3.060588739639897327e+01,2.267670181493576820e+01
3.062589311231780798e+01,2.250397973908230753e+01
3.064589882823663913e+01,2.212979710543147149e+01
3.066590454415547384e+01,2.090362061741713973e+01
3.068591026007430855e+01,2.074673060798870239e+01
3.070591597599314326e+01,1.886375976107537866e+01
3.072592169191197442e+01,1.870558180252593417e+01
3.074592740783080913e+01,1.835806150429957739e+01
3.076593312374964384e+01,1.757793505649042487e+01
3.078593883966847855e+01,1.778341417382418399e+01
3.080594455558731326e+01,1.642131060531963982e+01
3.082595027150614442e+01,1.667885972200244282e+01
3.084595598742497913e+01,1.611738799010730006e+01
3.086596170334381384e+01,1.583599996065347248e+01
3.088596741926264855e+01,1.499636759321803048e+01
3.090597313518148326e+01,1.517563817973933027e+01
3.092597885110031442e+01,1.466527506413070725e+01
3.094598456701914913e+01,1.442070042047587819e+01
3.096599028293798384e+01,1.446577872668770759e+01
3.098599599885681855e+01,1.370306870742124161e+01
3.100600171477564970e+01,1.314619663828213625e+01
3.102600743069448441e+01,1.304678267030714167e+01
3.104601314661331912e+01,1.290353866833559060e+01
3.106601886253215383e+01,1.272599175682614714e+01
3.108602457845098854e+01,1.251129717395353858e+01
3.110603029436981970e+01,1.123056277676856496e+01
3.112603601028865441e+01,1.177199946539814945e+01
3.114604172620748912e+01,1.148203442449324641e+01
3.116604744212632383e+01,9.780407057545112082e+00
3.118605315804515854e+01,9.762660468826741322e+00
3.120605887396398970e+01,9.374403375924874382e+00
3.122606458988282441e+01,9.876195353718102865e+00
3.124607030580165912e+01,9.053439569097633921e+00
3.126607602172049383e+01,9.302513665825488332e+00
3.128608173763932498e+01,9.202031789195508793e+00
3.130608745355815969e+01,8.779414000643571470e+00
3.132609316947699440e+01,8.529886345855015151e+00
3.134609888539582911e+01,9.541610364832212809e+00
3.136610460131466382e+01,8.431610294149322726e+00
3.138611031723349498e+01,9.635893085178867778e+00
3.140611603315232969e+01,9.275716578734774842e+00
3.142612174907116440e+01,9.446310358035271193e+00
3.144612746498999911e+01,9.015652535733305939e+00
3.146613318090883382e+01,9.618658303152225031e+00
3.148613889682766498e+01,9.516448465252286937e+00
3.150614461274649969e+01,1.069434380937792994e+01
3.152615032866533440e+01,1.030128349039984137e+01
3.154615604458416911e+01,1.005024345718372913e+01
3.156616176050300382e+01,1.063221682331305118e+01
3.158616747642183498e+01,1.146752300792178758e+01
3.160617319234066969e+01,1.123325006435974771e+01
3.162617890825950440e+01,1.158767846762220088e+01
3.164618462417833911e+01,1.136040451235796667e+01
3.166619034009717026e+01,1.243375251450738794e+01
3.168619605601600497e+01,1.217072296215461691e+01
3.170620177193483968e+01,1.194007106412476382e+01
3.172620748785367439e+01,1.192801929255175963e+01
3.174621320377250910e+01,1.186560327607631748e+01
3.176621891969134026e+01,1.174375051585922591e+01
3.178622463561017497e+01,1.251700558838495780e+01
3.180623035152900968e+01,1.258110557215726466e+01
3.182623606744784439e+01,1.236582620099239804e+01
3.184624178336667910e+01,1.288827786877979875e+01
3.186624749928551026e+01,1.289019536399409205e+01
3.188625321520434497e+01,1.369560713044360156e+01
3.190625893112317968e+01,1.339029215060293510e+01
3.192626464704201439e+01,1.406352613683398900e+01
3.194627036296084555e+01,1.490106275085321386e+01
3.196627607887968026e+01,1.532443906091390851e+01
3.198628179479851497e+01,1.523457766427244486e+01
3.200628751071734968e+01,1.677347676538195742e+01
3.202629322663618439e+01,1.609172455459940920e+01
3.204629894255501199e+01,1.668558193147828561e+01
3.206630465847385381e+01,1.697717887715056406e+01
3.208631037439268141e+01,1.726019799307781355e+01
3.210631609031152323e+01,1.739108434681580562e+01
3.212632180623035083e+01,1.797848339788019345e+01
3.214632752214918554e+01,1.905605939469691279e+01
3.216633323806802025e+01,1.917411897886555749e+01
3.218633895398685496e+01,1.934891474006565204e+01
3.220634466990568967e+01,1.804856366382900390e+01
3.222635038582451728e+01,1.881164477629088694e+01
3.224635610174335909e+01,1.795943755035263933e+01
3.226636181766218670e+01,1.887195778005655455e+01
3.228636753358102851e+01,1.818459026602143069e+01
3.230637324949985612e+01,1.760396605845985363e+01
3.232637896541869083e+01,1.812176829471884076e+01
3.234638468133752554e+01,1.671125310505958339e+01
3.236639039725636025e+01,1.522029027623971942e+01
3.238639611317519496e+01,1.505461337202123318e+01
3.240640182909402967e+01,1.383832430957077619e+01
3.242640754501286438e+01,1.347116116223895332e+01
3.244641326093169198e+01,1.299868727831933057e+01
3.246641897685053380e+01,1.213783584684609629e+01
3.248642469276936140e+01,1.089996796656815725e+01
3.250643040868819611e+01,1.038308590001279619e+01
3.252643612460703082e+01,9.986301879837863993e+00
3.254644184052586553e+01,8.735284431651361814e+00
3.256644755644470024e+01,8.377906148057130409e+00
3.258645327236353495e+01,8.303162382524163831e+00
3.260645898828236966e+01,7.716619922513951124e+00
3.262646470420119726e+01,7.261857391671866502e+00
3.264647042012003908e+01,6.956559115448337494e+00
3.266647613603886668e+01,8.015243489605095917e+00
3.268648185195770850e+01,7.779069004037642898e+00
3.270648756787653610e+01,7.119852139168791894e+00
3.272649328379537081e+01,7.634880042286482649e+00
3.274649899971420552e+01,8.359739922787934319e+00
3.276650471563304023e+01,7.780565553123295786e+00
3.278651043155187494e+01,8.081392696266016529e+00
3.280651614747070255e+01,8.054027328554219878e+00
3.282652186338954436e+01,8.047104816699677698e+00
3.284652757930837197e+01,8.419816687977395020e+00
3.286653329522721378e+01,9.219617963070122713e+00
3.288653901114604139e+01,9.236029206637670796e+00
3.290654472706487610e+01,9.620303666549574473e+00
3.292655044298371081e+01,1.097124116333185206e+01
3.294655615890254552e+01,1.026119545907579322e+01
3.296656187482138023e+01,1.072391750387547305e+01
3.298656759074020783e+01,1.145835812918883079e+01
3.300657330665904965e+01,1.217360038698691760e+01
3.302657902257787725e+01,1.164317922786900361e+01
3.304658473849671907e+01,1.248222819075716927e+01
3.306659045441554667e+01,1.375808112694778629e+01
3.308659617033438138e+01,1.329978388071750750e+01
3.310660188625321609e+01,1.439277565234296397e+01
3.312660760217205080e+01,1.492876144833679319e+01
3.314661331809088551e+01,1.470912821149605776e+01
3.316661903400971312e+01,1.589936314069043277e+01
3.318662474992855493e+01,1.553671372215505997e+01
3.320663046584738254e+01,1.640535302405177731e+01
3.322663618176622435e+01,1.632047327096457323e+01
3.324664189768505196e+01,1.682111880763260103e+01
3.326664761360388667e+01,1.720581575472264291e+01
3.328665332952272138e+01,1.738798887704304263e+01
3.330665904544155609e+01,1.811028378572767394e+01
3.332666476136039080e+01,1.729164870187912584e+01
3.334667047727922551e+01,1.714314400471660349e+01
3.336667619319806022e+01,1.725527088287878286e+01
3.338668190911688782e+01,1.735374391265290583e+01
3.340668762503572964e+01,1.626262769016811660e+01
3.342669334095455724e+01,1.605850025850880058e+01
3.344669905687339195e+01,1.567486363485715017e+01
3.346670477279222666e+01,1.569973829124115916e+01
3.348671048871106137e+01,1.476735512531882577e+01
3.350671620462989608e+01,1.469929926466417314e+01
3.352672192054873079e+01,1.324797099828458968e+01
3.354672763646756550e+01,1.329806286792026171e+01
3.356673335238639311e+01,1.212109260487599727e+01
3.358673906830523492e+01,1.079173185161857873e+01
3.360674478422406253e+01,1.088896955704284508e+01
3.362675050014290434e+01,1.036067958356442453e+01
3.364675621606173195e+01,1.072576655985670335e+01
3.366676193198056666e+01,1.042702850330325859e+01
3.368676764789940137e+01,9.948546915723738948e+00
3.370677336381823608e+01,9.479899225242439442e+00
3.372677907973707079e+01,8.967910179075762045e+00
3.374678479565589839e+01,9.236778550855675007e+00
3.376679051157474021e+01,9.088541560602209302e+00
3.378679622749356781e+01,9.994616083458586431e+00
3.380680194341240963e+01,9.647613839791162604e+00
3.382680765933123723e+01,1.059540217337839607e+01
3.384681337525007194e+01,1.025125489484321406e+01
3.386681909116890665e+01,1.015666221710815798e+01
3.388682480708774136e+01,1.143931639340686601e+01
3.390683052300657607e+01,1.051244564539074133e+01
3.392683623892540368e+01,1.118129981863930666e+01
3.394684195484424549e+01,1.183078516394264668e+01
3.396684767076307310e+01,1.168065313916233094e+01
3.398685338668191491e+01,1.181105329886708688e+01
3.400685910260074252e+01,1.205256283948554241e+01
3.402686481851957723e+01,1.202571203865131721e+01
3.404687053443841194e+01,1.303431102654800178e+01
3.406687625035724665e+01,1.223659876628362397e+01
3.408688196627608136e+01,1.279793920547822594e+01
3.410688768219490896e+01,1.261610738977001844e+01
3.412689339811375078e+01,1.324584292146617592e+01
3.414689911403257838e+01,1.283690862139957289e+01
3.416690482995142020e+01,1.226929515834936169e+01
3.418691054587024780e+01,1.204321959842676293e+01
3.420691626178908251e+01,1.226427148978794257e+01
3.422692197770791722e+01,1.136969385252644571e+01
3.424692769362675193e+01,1.133829976981319021e+01
3.426693340954558664e+01,1.102524486570292694e+01
3.428693912546442135e+01,1.045823092503326457e+01
3.430694484138325606e+01,1.009895674552718425e+01
3.432695055730208367e+01,8.850407258213401462e+00
3.434695627322092548e+01,8.735690964019585891e+00
3.436696198913975309e+01,9.310804796160418562e+00
3.438696770505858780e+01,7.948614814293501141e+00
3.440697342097742251e+01,7.510647902048620317e+00
3.442697913689625722e+01,7.244699364356720572e+00
3.444698485281509193e+01,6.294625545202362282e+00
3.446699056873392664e+01,6.305676612287486549e+00
3.448699628465276135e+01,5.876352745982179826e+00
3.450700200057158895e+01,5.807868237310284343e+00
3.452700771649043077e+01,5.207074780565597472e+00
3.454701343240925837e+01,5.167612292092273130e+00
3.456701914832810019e+01,3.985179618650074751e+00
3.458702486424692779e+01,4.663878925420213761e+00
3.460703058016576250e+01,4.654183926996047660e+00
3.462703629608459721e+01,4.407247776075786660e+00
3.464704201200343192e+01,4.238185963502385079e+00
3.466704772792226663e+01,4.612001086840010089e+00
3.468705344384109424e+01,3.996037101148629311e+00
3.470705915975993605e+01,3.780936661821070466e+00
3.472706487567876366e+01,4.520230034373713401e+00
3.474707059159760547e+01,4.533989078566350805e+00
3.476707630751643308e+01,4.124126405590465616e+00
3.478708202343526779e+01,4.822407344789056971e+00
3.480708773935410250e+01,5.205359508479530106e+00
3.482709345527293721e+01,4.641289215792031797e+00
3.484709917119177192e+01,5.985604425168988385e+00
3.486710488711059952e+01,6.484130336437326392e+00
3.488711060302944134e+01,6.120939693748911559e+00
3.490711631894826894e+01,6.108490634168017408e+00
3.492712203486711076e+01,6.767405993496382166e+00
3.494712775078593836e+01,6.914147069175291094e+00
3.496713346670477307e+01,7.314163010874818127e+00
3.498713918262360778e+01,6.816626495890847792e+00
3.500714489854244249e+01,7.720248672678527768e+00
3.502715061446127720e+01,8.668527116614914263e+00
3.504715633038010481e+01,8.409149418599600523e+00
3.506716204629894662e+01,8.311070072333993863e+00
3.508716776221777423e+01,9.095986104399042205e+00
3.510717347813661604e+01,9.530523879366750606e+00
3.512717919405544365e+01,8.942774451452093487e+00
3.514718490997427836e+01,9.487705232459489935e+00
3.516719062589311307e+01,1.014913009175585756e+01
3.518719634181194778e+01,1.036166159019542121e+01
3.520720205773078249e+01,1.010966119802840524e+01
3.522720777364961720e+01,1.045680844217202043e+01
3.524721348956845191e+01,9.667453639271128552e+00
3.526721920548727951e+01,1.025482819650056499e+01
3.528722492140612133e+01,1.040335903833843467e+01
3.530723063732494893e+01,1.078908108500665719e+01
3.532723635324378364e+01,1.050812260760825012e+01
3.534724206916261835e+01,1.046844360524573503e+01
3.536724778508145306e+01,1.012840829157273959e+01
3.538725350100028777e+01,1.073483135649111375e+01
3.540725921691912248e+01,1.078314667086480227e+01
3.542726493283795719e+01,9.937512118260393379e+00
3.544727064875678479e+01,1.002702924176439225e+01
3.546727636467562661e+01,9.702736931688711763e+00
3.548728208059445421e+01,8.847095799200030086e+00
3.550728779651329603e+01,8.946753551824318862e+00
3.552729351243212363e+01,8.279619312150309440e+00
3.554729922835095834e+01,7.819796659056029497e+00
3.556730494426979305e+01,7.520982510130003185e+00
3.558731066018862776e+01,7.470294966376252788e+00
3.560731637610746247e+01,6.958680808809002194e+00
3.562732209202629008e+01,7.007462841503116380e+00
3.564732780794513189e+01,6.612408820894186690e+00
3.566733352386395950e+01,5.619019514300423346e+00
3.568733923978280131e+01,5.165301390967528050e+00
3.570734495570162892e+01,5.077764295181236065e+00
3.572735067162046363e+01,5.716201991063732279e+00
3.574735638753929834e+01,4.684980998892026349e+00
3.576736210345813305e+01,4.561556290574319661e+00
3.578736781937696776e+01,4.745021924599129193e+00
3.580737353529579536e+01,5.273179532926382862e+00
3.582737925121463718e+01,4.792495393586992947e+00
3.584738496713346478e+01,5.470549837193681597e+00
3.586739068305230660e+01,4.536966889773294653e+00
3.588739639897113420e+01,4.202558726335121619e+00
3.590740211488996891e+01,4.219794868173117663e+00
3.592740783080880362e+01,4.964474475839194767e+00
3.594741354672763833e+01,5.299872464310567466e+00
3.596741926264647304e+01,4.764529771687516124e+00
3.598742497856530065e+01,5.130043333156812935e+00
3.600743069448414246e+01,4.105854258034067783e+00
3.602743641040297007e+01,4.679561885683540368e+00
3.604744212632181188e+01,5.804422554223932273e+00
3.606744784224063949e+01,4.677491338266035470e+00
3.608745355815947420e+01,5.263728495202892432e+00
3.610745927407830891e+01,5.897514579456924366e+00
3.612746498999714362e+01,5.047306854808152998e+00
3.614747070591597833e+01,5.155183765247601357e+00
3.616747642183481304e+01,5.479574492062745605e+00
3.618748213775364775e+01,5.866152526829480962e+00
3.620748785367247535e+01,5.950935974402831619e+00
3.622749356959131717e+01,5.618152918078242131e+00
3.624749928551014477e+01,6.166888898942143982e+00
3.626750500142897948e+01,6.369616415118098729e+00
3.628751071734781419e+01,5.834472177116183822e+00
3.630751643326664890e+01,5.847162547558914625e+00
3.632752214918548361e+01,6.310417625338075709e+00
3.634752786510431832e+01,6.587791788286634365e+00
3.636753358102315303e+01,6.075410482101453624e+00
3.638753929694198064e+01,6.647504333730014814e+00
3.640754501286082245e+01,7.146403293509513865e+00
3.642755072877965006e+01,6.078367462661988796e+00
3.644755644469849187e+01,6.451799403937418020e+00
3.646756216061731948e+01,7.611091359301600967e+00
3.648756787653615419e+01,7.297229411485313122e+00
3.650757359245498890e+01,6.238878296253933087e+00
3.652757930837382361e+01,7.015529364469708540e+00
3.654758502429265832e+01,6.822873272836883274e+00
3.656759074021148592e+01,6.414262795556132879e+00
3.658759645613032774e+01,6.340254579557702996e+00
3.660760217204915534e+01,6.543695723130873887e+00
3.662760788796799716e+01,4.812070020087207745e+00
3.664761360388682476e+01,5.266144844691000415e+00
3.666761931980565947e+01,5.058400831921689544e+00
3.668762503572449418e+01,4.582771507909983555e+00
3.670763075164332889e+01,4.309064637657344043e+00
3.672763646756216360e+01,4.130274774411696548e+00
3.674764218348099121e+01,4.607477786326110269e+00
3.676764789939983302e+01,4.163446563149641122e+00
3.678765361531866063e+01,4.161999058506166804e+00
3.680765933123750244e+01,3.993541918742273378e+00
3.682766504715633005e+01,4.588127291472330782e+00
3.684767076307516476e+01,3.875836233005269804e+00
3.686767647899399947e+01,4.381125615601822787e+00
3.688768219491283418e+01,4.776942371737936455e+00
3.690768791083166889e+01,4.315796186371072984e+00
3.692769362675049649e+01,3.721414726622830571e+00
3.694769934266933831e+01,4.430759584018544750e+00
3.696770505858816591e+01,4.836924761957559937e+00
3.698771077450700773e+01,4.794809272871548345e+00
3.700771649042583533e+01,5.001447872194276556e+00
3.702772220634467004e+01,4.765850747408776122e+00
3.704772792226350475e+01,5.113581241740804195e+00
3.706773363818233946e+01,4.985882177521128611e+00
3.708773935410117417e+01,4.879490443453768478e+00
3.710774507002000888e+01,5.524742993948418501e+00
3.712775078593884359e+01,5.130267957668856127e+00
3.714775650185767120e+01,5.589662499791116623e+00
3.716776221777651301e+01,4.999736551620785008e+00
3.718776793369534062e+01,5.525433354704252231e+00
3.720777364961417533e+01,5.554744422070749366e+00
3.722777936553301004e+01,5.450453068598946516e+00
3.724778508145184475e+01,5.765809909589933113e+00
3.726779079737067946e+01,5.246359621106105209e+00
3.728779651328951417e+01,5.914543334693950882e+00
3.730780222920834888e+01,5.413716515707095667e+00
3.732780794512717648e+01,5.860504832930478969e+00
3.734781366104601830e+01,5.447676656579696797e+00
3.736781937696484590e+01,4.585902176608582792e+00
3.738782509288368772e+01,5.877278111728154286e+00
3.740783080880251532e+01,4.833090907108344325e+00
3.742783652472135003e+01,5.151970166953486974e+00
3.744784224064018474e+01,4.396681867830753987e+00
3.746784795655901945e+01,4.358031454978217312e+00
3.748785367247785416e+01,3.930031522638743890e+00
3.750785938839668177e+01,4.947024908803571819e+00
3.752786510431552358e+01,3.402009565768134181e+00
3.754787082023435119e+01,3.704055566225465945e+00
3.756787653615319300e+01,3.822770364848600444e+00
3.758788225207202061e+01,3.406472309399116938e+00
3.760788796799085532e+01,3.245814627525677842e+00
3.762789368390969003e+01,2.985133482204059163e+00
3.764789939982852474e+01,2.697327652443850088e+00
3.766790511574735945e+01,3.172635582208206628e+00
3.768791083166618705e+01,2.802371035161081103e+00
3.770791654758502887e+01,3.081814166962511869e+00
3.772792226350385647e+01,3.058487562902083123e+00
3.774792797942269829e+01,3.065468738511555102e+00
3.776793369534152589e+01,3.409222186981171632e+00
3.778793941126036060e+01,3.562429936678639386e+00
3.780794512717919531e+01,2.290020095869532479e+00
3.782795084309803002e+01,2.876637072989258748e+00
3.784795655901686473e+01,2.585100937203471005e+00
3.786796227493569234e+01,3.081797316245868501e+00
3.788796799085453415e+01,3.240078779523632324e+00
3.790797370677336176e+01,3.573450553029201338e+00
3.792797942269220357e+01,3.681582492131213247e+00
3.794798513861103118e+01,3.306294035296459377e+00
3.796799085452986589e+01,2.685344787813483070e+00
3.798799657044870060e+01,2.721089348084881010e+00
3.800800228636753531e+01,2.898576549278101044e+00
3.802800800228637002e+01,3.043148433685061161e+00
3.804801371820520473e+01,3.972409142685425998e+00
3.806801943412403944e+01,3.175343659497563475e+00
3.808802515004286704e+01,3.229447753563558621e+00
3.810803086596170886e+01,3.196501744015472823e+00
3.812803658188053646e+01,3.170511533766805279e+00
3.814804229779937117e+01,4.308384286470706925e+00
3.816804801371820588e+01,4.480747534904560681e+00
3.818805372963704059e+01,3.384719824754649942e+00
3.820805944555587530e+01,4.419444659821883725e+00
3.822806516147471001e+01,3.755424613613235429e+00
3.824807087739354472e+01,4.835144564547523061e+00
3.826807659331237232e+01,4.428224503110238075e+00
3.828808230923121414e+01,4.418946212774635285e+00
3.830808802515004174e+01,5.237308318274878971e+00
3.832809374106888356e+01,4.805845397228637239e+00
3.834809945698771116e+01,4.988466496590008958e+00
3.836810517290654587e+01,5.207596114854649905e+00
3.838811088882538058e+01,6.164010941096053742e+00
3.840811660474421529e+01,5.825066258613100345e+00
3.842812232066305000e+01,6.145604699717639008e+00
3.844812803658187761e+01,5.844441296903044147e+00
3.846813375250071942e+01,6.549352582697540726e+00
3.848813946841954703e+01,6.153822147668428499e+00
3.850814518433838884e+01,6.419400766855815732e+00
3.852815090025721645e+01,7.154919852233209809e+00
3.854815661617605116e+01,7.158324861213766432e+00
3.856816233209488587e+01,7.935877648353530489e+00
3.858816804801372058e+01,7.820970775703099065e+00
3.860817376393255529e+01,9.143430661458468833e+00
3.862817947985138289e+01,9.554154422237923328e+00
3.864818519577022471e+01,9.413900360546417545e+00
3.866819091168905231e+01,1.002597042727310850e+01
3.868819662760789413e+01,1.105481961944039604e+01
3.870820234352672173e+01,1.075571825793673852e+01
3.872820805944555644e+01,1.206983374032826539e+01
3.874821377536439115e+01,1.267141160566617586e+01
3.876821949128322586e+01,1.236046165157487664e+01
3.878822520720206057e+01,1.373996501355647126e+01
3.880823092312088818e+01,1.352613379902695101e+01
3.882823663903972999e+01,1.418680961186282374e+01
3.884824235495855760e+01,1.508666050196779018e+01
3.886824807087739941e+01,1.549785765465711052e+01
3.888825378679622702e+01,1.518226267398920903e+01
3.890825950271506173e+01,1.606300897290186569e+01
3.892826521863389644e+01,1.574005798009618928e+01
3.894827093455273115e+01,1.573673131020547444e+01
3.896827665047156586e+01,1.616233982979536066e+01
3.898828236639040057e+01,1.542984179757540808e+01
3.900828808230923528e+01,1.580576237934474726e+01
3.902829379822806288e+01,1.615846103280443202e+01
3.904829951414690470e+01,1.560585988678814928e+01
3.906830523006573230e+01,1.506255550453741776e+01
3.908831094598456701e+01,1.542285088249712821e+01
3.910831666190340172e+01,1.484656477895252280e+01
3.912832237782223643e+01,1.469020921345936159e+01
3.914832809374107114e+01,1.368533789584588867e+01
3.916833380965990585e+01,1.384725818608391634e+01
3.918833952557874056e+01,1.352517840345858247e+01
3.920834524149756817e+01,1.343659903666879885e+01
3.922835095741640998e+01,1.337628970965334219e+01
3.924835667333523759e+01,1.205231749286163279e+01
3.926836238925407940e+01,1.241393929519399464e+01
3.928836810517290701e+01,1.116347848179819024e+01
3.930837382109174172e+01,1.077351316977715712e+01
3.932837953701057643e+01,9.739797006226295295e+00
3.934838525292941114e+01,1.017608903066548187e+01
3.936839096884824585e+01,9.064960526701977273e+00
3.938839668476707345e+01,8.897880872320651946e+00
3.940840240068591527e+01,8.162950526436564047e+00
3.942840811660474287e+01,8.392683089370033045e+00
3.944841383252358469e+01,8.132387633407267558e+00
3.946841954844241229e+01,7.723716700205914165e+00
3.948842526436124700e+01,7.320189967894156879e+00
3.950843098028008171e+01,8.261756211928343419e+00
3.952843669619891642e+01,7.827690774025012566e+00
3.954844241211775113e+01,7.335767284567232593e+00
3.956844812803657874e+01,7.538798947169839337e+00
3.958845384395542055e+01,7.573841454460554345e+00
3.960845955987424816e+01,7.554674726535412610e+00
3.962846527579308997e+01,8.377894434320166894e+00
3.964847099171191758e+01,8.477092443233429364e+00
3.966847670763075229e+01,8.018374748270751695e+00
3.968848242354958700e+01,7.454253782139391937e+00
3.970848813946842171e+01,8.232257771605411278e+00
3.972849385538725642e+01,8.864992721942446252e+00
3.974849957130608402e+01,8.183699091753936727e+00
3.976850528722492584e+01,7.399872992801716620e+00
3.978851100314375344e+01,8.148998501994842769e+00
3.980851671906259526e+01,8.624603496805534064e+00
3.982852243498142286e+01,8.770920935399210805e+00
3.984852815090025757e+01,8.367781995132499873e+00
3.986853386681909228e+01,7.988288316682391255e+00
3.988853958273792699e+01,7.853456650306276821e+00
3.990854529865676170e+01,8.850332009538069755e+00
3.992855101457559641e+01,7.739137441608256118e+00
3.994855673049443112e+01,8.788216437528332037e+00
3.996856244641325873e+01,8.562673648938755377e+00
3.998856816233210054e+01,8.476642930824324296e+00
4.000857387825092815e+01,8.674168170316008286e+00
4.002857959416976286e+01,9.593864430660499210e+00
4.004858531008859757e+01,9.514483891823291017e+00
4.006859102600743228e+01,1.023257336963387587e+01
4.008859674192626699e+01,9.404165548289519450e+00
4.010860245784510170e+01,1.102712580073628246e+01
4.012860817376393641e+01,1.090796076042339813e+01
4.014861388968276401e+01,1.193129156479976771e+01
4.016861960560160583e+01,1.099903431039193613e+01
4.018862532152043343e+01,1.272987586897296275e+01
4.020863103743927525e+01,1.223705303792537791e+01
4.022863675335810285e+01,1.298543626550323538e+01
4.024864246927693756e+01,1.224342785841489878e+01
4.026864818519577227e+01,1.341067545651170967e+01
4.028865390111460698e+01,1.352422167929822194e+01
4.030865961703344169e+01,1.326964362506044992e+01
4.032866533295226930e+01,1.294302070779627201e+01
4.034867104887111111e+01,1.256531142180718774e+01
4.036867676478993872e+01,1.265659434071359790e+01
4.038868248070878053e+01,1.245435760613036891e+01
4.040868819662760814e+01,1.136045863184637739e+01
4.042869391254644285e+01,1.147059658661574488e+01
4.044869962846527756e+01,1.085519548185229688e+01
4.046870534438411227e+01,1.003549573580064802e+01
4.048871106030294698e+01,9.612334604712279074e+00
4.050871677622177458e+01,8.940567875960043764e+00
4.052872249214061640e+01,9.215562785558892855e+00
4.054872820805944400e+01,8.716672477889439108e+00
4.056873392397828582e+01,7.710116226570527864e+00
4.058873963989711342e+01,8.084364504249101913e+00
4.060874535581594813e+01,8.843648117969827638e+00
4.062875107173478284e+01,7.394895551742424189e+00
4.064875678765361755e+01,7.478717515310105313e+00
4.066876250357245226e+01,8.045129700866258560e+00
4.068876821949127986e+01,8.683191763845041322e+00
4.070877393541012168e+01,8.205625999461464204e+00
4.072877965132894929e+01,8.443686725276526417e+00
4.074878536724779110e+01,9.498011876495469963e+00
4.076879108316661871e+01,9.587877062124711358e+00
4.078879679908545342e+01,1.006766822523082539e+01
4.080880251500428813e+01,1.065263889153542465e+01
4.082880823092312284e+01,1.042933996834275590e+01
4.084881394684195755e+01,1.055378324932348733e+01
4.086881966276079226e+01,1.138423160203064199e+01
4.088882537867962697e+01,1.145675640474391344e+01
4.090883109459845457e+01,1.271359694761872916e+01
4.092883681051729639e+01,1.306362756668914926e+01
4.094884252643612399e+01,1.409021346918860118e+01
4.096884824235495870e+01,1.388059976133434859e+01
4.098885395827379341e+01,1.380588087383818419e+01
4.100885967419262812e+01,1.503462949448107189e+01
4.102886539011146283e+01,1.582976298392011927e+01
4.104887110603029754e+01,1.610207968369964959e+01
4.106887682194913225e+01,1.703190142524956130e+01
4.108888253786795985e+01,1.752705217396438542e+01
4.110888825378680167e+01,1.791651832090630592e+01
4.112889396970562927e+01,1.845519811169847912e+01
4.114889968562447109e+01,1.920075100474805652e+01
4.116890540154329869e+01,1.909657859737174590e+01
4.118891111746213340e+01,1.969513640025890311e+01
4.120891683338096811e+01,2.085300236297820220e+01
4.122892254929980282e+01,2.075787890988268458e+01
4.124892826521863753e+01,2.070282540759267320e+01
4.126893398113746514e+01,2.044565584834543870e+01
4.128893969705630695e+01,2.039264575725247397e+01
4.130894541297513456e+01,1.964747200279640538e+01
4.132895112889397637e+01,1.962096808798898451e+01
4.134895684481280398e+01,1.930808505476093728e+01
4.136896256073163869e+01,1.860366768988647479e+01
4.138896827665047340e+01,1.756155174305056477e+01
4.140897399256930811e+01,1.631277251017585783e+01
4.142897970848814282e+01,1.595418214424443626e+01
4.144898542440697042e+01,1.476388086221475859e+01
4.146899114032581224e+01,1.547287667915783160e+01
4.148899685624463984e+01,1.366031217224677263e+01
4.150900257216348166e+01,1.402582100048460134e+01
4.152900828808230926e+01,1.332394034935100358e+01
4.154901400400114397e+01,1.169233350771495594e+01
4.156901971991997868e+01,1.213170143197276118e+01
4.158902543583881339e+01,1.218072074052573583e+01
4.160903115175764810e+01,1.049793149945715776e+01
4.162903686767647571e+01,1.050020769382481234e+01
4.164904258359531752e+01,1.072205784150792240e+01
4.166904829951414513e+01,1.060802380360100017e+01
4.168905401543298694e+01,1.004483848923111999e+01
4.170905973135181455e+01,9.759342874752926278e+00
4.172906544727064926e+01,1.021095359190485041e+01
4.174907116318948397e+01,1.002252034112358103e+01
4.176907687910831868e+01,9.718656088180001262e+00
4.178908259502715339e+01,9.089384474416991821e+00
4.180908831094598810e+01,9.253543081777868551e+00
4.182909402686482281e+01,9.340334075434148176e+00
4.184909974278365041e+01,9.558172108992749827e+00
4.186910545870249223e+01,1.022237382593593935e+01
4.188911117462131983e+01,1.022171094343977771e+01
4.190911689054015454e+01,1.031253006847187592e+01
4.192912260645898925e+01,1.006628476879644296e+01
4.194912832237782396e+01,1.019292254744104298e+01
4.196913403829665867e+01,1.012833158513564058e+01
4.198913975421549338e+01,1.168019390729624973e+01
4.200914547013432809e+01,1.165171459300533563e+01
4.202915118605316280e+01,1.138336050797879828e+01
4.204915690197199041e+01,1.146291897378266711e+01
4.206916261789082512e+01,1.276159054539715854e+01
4.208916833380965983e+01,1.180483518000716003e+01
4.210917404972849454e+01,1.217293896147131171e+01
4.212917976564732925e+01,1.292084472552855168e+01
4.214918548156616396e+01,1.204655797453599142e+01
4.216919119748499867e+01,1.154159300381901865e+01
4.218919691340383338e+01,1.203964227227370642e+01
4.220920262932266809e+01,1.193469816170693321e+01
4.222920834524150280e+01,1.199920453338150494e+01
4.224921406116033040e+01,1.246576400781284555e+01
4.226921977707916511e+01,1.186272261666852934e+01
4.228922549299799982e+01,1.179218009543319212e+01
4.230923120891683453e+01,1.186513819903728439e+01
4.232923692483566924e+01,1.266802053171262799e+01
4.234924264075450395e+01,1.305435914560218258e+01
4.236924835667333866e+01,1.201349107144766393e+01
4.238925407259217337e+01,1.310314357571022725e+01
4.240925978851100808e+01,1.348080816795592796e+01
4.242926550442983569e+01,1.373576483019688155e+01
4.244927122034867040e+01,1.388596692815156075e+01
4.246927693626750511e+01,1.462110592871767523e+01
4.248928265218633982e+01,1.454291533071594777e+01
4.250928836810517453e+01,1.451577719790949139e+01
4.252929408402400924e+01,1.615098869722996966e+01
4.254929979994284395e+01,1.591686869314285602e+01
4.256930551586167866e+01,1.587667875941300721e+01
4.258931123178051337e+01,1.733510813186695998e+01
4.260931694769934097e+01,1.718544552990381646e+01
4.262932266361817568e+01,1.759537352894709272e+01
4.264932837953701039e+01,1.719759595574701194e+01
4.266933409545584510e+01,1.789026015356493815e+01
4.268933981137467981e+01,1.816306499678245245e+01
4.270934552729351452e+01,1.822694036950415963e+01
4.272935124321234923e+01,1.808320509939316167e+01
4.274935695913118394e+01,1.873568581486294704e+01
4.276936267505001865e+01,1.855758452980445128e+01
4.278936839096885336e+01,1.772122409832186207e+01
4.280937410688768097e+01,1.864170430206464601e+01
4.282937982280651568e+01,1.814718998023426266e+01
4.284938553872535039e+01,1.744167979823972559e+01
4.286939125464418510e+01,1.639691235817203108e+01
4.288939697056301981e+01,1.534183275713879802e+01
4.290940268648185452e+01,1.460896580230506103e+01
4.292940840240068923e+01,1.365879454675755156e+01
4.294941411831952394e+01,1.372250999955270956e+01
4.296941983423835865e+01,1.298754612243193662e+01
4.298942555015718625e+01,1.175811267765476487e+01
4.300943126607602096e+01,1.046461189194485542e+01
4.302943698199485567e+01,9.160996782475191225e+00
4.304944269791369038e+01,8.926380482538668559e+00
4.306944841383252509e+01,8.175930502238230702e+00
4.308945412975135980e+01,8.050674686670465263e+00
4.310945984567019451e+01,7.808520972808651095e+00
4.312946556158902922e+01,6.340044634641543553e+00
4.314947127750786393e+01,6.641967360130008657e+00
4.316947699342669864e+01,6.212128181652596837e+00
4.318948270934552625e+01,5.846252049964267172e+00
4.320948842526436096e+01,4.682697888821246934e+00
4.322949414118319567e+01,4.663804087896339823e+00
4.324949985710203038e+01,5.198775121256085541e+00
4.326950557302086509e+01,5.031215643829671791e+00
4.328951128893969980e+01,4.415266286207829793e+00
4.330951700485853451e+01,5.077745776649175369e+00
4.332952272077736922e+01,5.008214837991140200e+00
4.334952843669620393e+01,4.685933269625346398e+00
4.336953415261503153e+01,5.320462403607653989e+00
4.338953986853386624e+01,5.184544499077830437e+00
4.340954558445270095e+01,5.603649801259733110e+00
4.342955130037153566e+01,5.638816855924954297e+00
4.344955701629037037e+01,7.031007854718977157e+00
4.346956273220920508e+01,7.308949172040954068e+00
4.348956844812803979e+01,7.091950865718828823e+00
4.350957416404687450e+01,7.341351196181198802e+00
4.352957987996570921e+01,7.499835130815016626e+00
4.354958559588453681e+01,8.055383824890508748e+00
4.356959131180337153e+01,8.313216438905410399e+00
4.358959702772220624e+01,8.662000770758158552e+00
4.360960274364104095e+01,9.792654797464276584e+00
4.362960845955987566e+01,9.910149342520636395e+00
4.364961417547871037e+01,1.078708145305096799e+01
4.366961989139754508e+01,1.024220290473869710e+01
4.368962560731637979e+01,1.065472587518988590e+01
4.370963132323521450e+01,1.112306567772556676e+01
4.372963703915404921e+01,1.158201698359955856e+01
4.374964275507287681e+01,1.149813073833969312e+01
4.376964847099171152e+01,1.091423636047012380e+01
4.378965418691054623e+01,1.097363416814745030e+01
4.380965990282938094e+01,1.112677925959273928e+01
4.382966561874821565e+01,1.079837833279274584e+01
4.384967133466705036e+01,1.093166365588025357e+01
4.386967705058588507e+01,1.008952520273849984e+01
4.388968276650471978e+01,1.006869114019491818e+01
4.390968848242355449e+01,9.308058011014932021e+00
4.392969419834238209e+01,8.781760882661922452e+00
4.394969991426121680e+01,9.640832947262165220e+00
4.396970563018005151e+01,8.313565443421705226e+00
4.398971134609888622e+01,8.572010384102906499e+00
4.400971706201772093e+01,7.587868073505779520e+00
4.402972277793655564e+01,7.442907352762807349e+00
4.404972849385539035e+01,7.021694827247145554e+00
4.406973420977422506e+01,6.961935860310551227e+00
4.408973992569305977e+01,5.938646006906739494e+00
4.410974564161189448e+01,6.274387885643896823e+00
4.412975135753072209e+01,6.108982748032125265e+00
4.414975707344955680e+01,6.468584081557097853e+00
4.416976278936839151e+01,6.367810486744264864e+00
4.418976850528722622e+01,5.713750643724898381e+00
4.420977422120606093e+01,5.566203363199385024e+00
4.422977993712489564e+01,6.474679115013524111e+00
4.424978565304373035e+01,6.219236294566906409e+00
4.426979136896256506e+01,6.765458903285850312e+00
4.428979708488139977e+01,6.752887646230996133e+00
4.430980280080022737e+01,7.373412149617887934e+00
4.432980851671906208e+01,6.457502053743523263e+00
4.434981423263789679e+01,6.722113487221399453e+00
4.436981994855673150e+01,6.667504149176398442e+00
4.438982566447556621e+01,6.870622771856272237e+00
4.440983138039440092e+01,6.803338243195293344e+00
4.442983709631323563e+01,7.632020037019396241e+00
4.444984281223207034e+01,7.484520481594728381e+00
4.446984852815090505e+01,7.503329063583745295e+00
4.448985424406973266e+01,7.327807595006185615e+00
4.450985995998856737e+01,6.403529371694828498e+00
4.452986567590740208e+01,7.459781970564344888e+00
4.454987139182623679e+01,6.707233215662700587e+00
4.456987710774507150e+01,6.685972626499165017e+00
4.458988282366390621e+01,6.981699312103451405e+00
4.460988853958274092e+01,6.222974476178738001e+00
4.462989425550157563e+01,6.465110519815896239e+00
4.464989997142041034e+01,5.854789001887786171e+00
4.466990568733924505e+01,6.541722697093984351e+00
4.468991140325807265e+01,6.234700962927553824e+00
4.470991711917690736e+01,6.151414719156518274e+00
4.472992283509574207e+01,5.264651162752866931e+00
4.474992855101457678e+01,5.682000374147953892e+00
4.476993426693341149e+01,5.525360689692995209e+00
4.478993998285224620e+01,5.230598104868729337e+00
4.480994569877108091e+01,4.720716113705750061e+00
4.482995141468991562e+01,5.121478877964213083e+00
4.484995713060875033e+01,5.236920327184678925e+00
4.486996284652757794e+01,4.414106237081868223e+00
4.488996856244641265e+01,5.894700495581663091e+00
4.490997427836524736e+01,5.340603856547755157e+00
4.492997999428408207e+01,5.160653980165062826e+00
4.494998571020291678e+01,5.703201799440410724e+00
4.496999142612175149e+01,5.118465008112791814e+00
4.498999714204058620e+01,5.755254312027862085e+00
4.501000285795942091e+01,5.137878178923198647e+00
4.503000857387825562e+01,5.572626838953890882e+00
4.505001428979709033e+01,5.309373090365460790e+00
4.507002000571591793e+01,6.260266051127990394e+00
4.509002572163475264e+01,5.534957330059732783e+00
4.511003143755358735e+01,5.766303857555669765e+00
4.513003715347242206e+01,5.996507507102228018e+00
4.515004286939125677e+01,6.638209816826169174e+00
4.517004858531009148e+01,6.353264573383841984e+00
4.519005430122892619e+01,6.034913062651614091e+00
4.521006001714776090e+01,5.740087275546057910e+00
4.523006573306659561e+01,6.126196125680253957e+00
4.525007144898542322e+01,6.213054565162103415e+00
4.527007716490425793e+01,6.046822656980059385e+00
4.529008288082309264e+01,6.253555148692228727e+00
4.531008859674192735e+01,6.104019884153476738e+00
4.533009431266076206e+01,5.675835889894771391e+00
4.535010002857959677e+01,4.940391158819581463e+00
4.537010574449843148e+01,5.519180701004155587e+00
4.539011146041726619e+01,5.372502238368155325e+00
4.541011717633610090e+01,5.685624497946429656e+00
4.543012289225492850e+01,4.996791397604615881e+00
4.545012860817376321e+01,4.928034518400501440e+00
4.547013432409259792e+01,5.167552964481274991e+00
4.549014004001143263e+01,5.288822128059523564e+00
4.551014575593026734e+01,5.159755677553151898e+00
4.553015147184910205e+01,5.161546566804133818e+00
4.555015718776793676e+01,4.929626866430112386e+00
4.557016290368677147e+01,4.708783085238091637e+00
4.559016861960560618e+01,4.932485012328426066e+00
4.561017433552444089e+01,4.289557030707658036e+00
4.563018005144326850e+01,4.385370448028337975e+00
4.565018576736210321e+01,4.916009112802550263e+00
4.567019148328093792e+01,4.527878701082558521e+00
4.569019719919977263e+01,4.596505299174132197e+00
4.571020291511860734e+01,4.529635452505643478e+00
4.573020863103744205e+01,4.652044892433083945e+00
4.575021434695627676e+01,4.531249556204148377e+00
4.577022006287511147e+01,4.331419300902410008e+00
4.579022577879394618e+01,4.584882202138969021e+00
4.581023149471277378e+01,4.729318350537564442e+00
4.583023721063160849e+01,4.551207788838366852e+00
4.585024292655044320e+01,4.110494382118800694e+00
4.587024864246927791e+01,3.865180433279043370e+00
4.589025435838811262e+01,3.352604107774380005e+00
4.591026007430694733e+01,4.747189209125503240e+00
4.593026579022578204e+01,3.310043909451160005e+00
4.595027150614461675e+01,3.699653627570539172e+00
4.597027722206345146e+01,3.900478095669314360e+00
4.599028293798228617e+01,2.841226513753894345e+00
4.601028865390111378e+01,3.542613807249349822e+00
4.603029436981994849e+01,3.775263408280791211e+00
4.605030008573878320e+01,3.158275970061764859e+00
4.607030580165761791e+01,4.088735207898699819e+00
4.609031151757645262e+01,3.799318075671808792e+00
4.611031723349528733e+01,2.568742427381245363e+00
4.613032294941412204e+01,3.096544369659149254e+00
4.615032866533295675e+01,3.297744106713971668e+00
4.617033438125179146e+01,3.627487622318953164e+00
4.619034009717061906e+01,3.528328180179224560e+00
4.621034581308945377e+01,3.779820292339522325e+00
4.623035152900828848e+01,4.013353669937751889e+00
4.625035724492712319e+01,3.651832392878706202e+00
4.627036296084595790e+01,3.418697696434423783e+00
4.629036867676479261e+01,4.019200233963895919e+00
4.631037439268362732e+01,4.541130765519136858e+00
4.633038010860246203e+01,4.454201137323444470e+00
4.635038582452129674e+01,5.119936451763064333e+00
4.637039154044012434e+01,5.185680408222429705e+00
4.639039725635895905e+01,4.741118249568348375e+00
4.641040297227779376e+01,5.435291102634893790e+00
4.643040868819662847e+01,5.092568862219241765e+00
4.645041440411546319e+01,4.309378989632087986e+00
4.647042012003429790e+01,6.066763210239958681e+00
4.649042583595313261e+01,6.227257516156383232e+00
4.651043155187196732e+01,5.075262672122578422e+00
4.653043726779080203e+01,5.905934421503360454e+00
4.655044298370963674e+01,5.819982070136938468e+00
4.657044869962846434e+01,5.761398731984996857e+00
4.659045441554729905e+01,5.622523866477170174e+00
4.661046013146613376e+01,5.415769449819801906e+00
4.663046584738496847e+01,6.286349628175122106e+00
4.665047156330380318e+01,6.351214409774977199e+00
4.667047727922263789e+01,6.190694161416544716e+00
4.669048299514147260e+01,5.810586209143346004e+00
4.671048871106030731e+01,5.586904857461115981e+00
4.673049442697914202e+01,5.703018220939991778e+00
4.675050014289796962e+01,6.253145847742196395e+00
4.677050585881680433e+01,6.107565953214704635e+00
4.679051157473563904e+01,7.006863899071946733e+00
4.681051729065447375e+01,6.328912268294356380e+00
4.683052300657330846e+01,6.029588007448944964e+00
4.685052872249214317e+01,6.062487675804309362e+00
4.687053443841097788e+01,6.012176223852845780e+00
4.689054015432981259e+01,6.730567361815772642e+00
4.691054587024864730e+01,6.371022744992229647e+00
4.693055158616748201e+01,6.853601577989248739e+00
4.695055730208630962e+01,6.756647214113272071e+00
4.697056301800514433e+01,7.001973807219652457e+00
4.699056873392397904e+01,6.500513908132001362e+00
4.701057444984281375e+01,6.630218106818785095e+00
4.703058016576164846e+01,7.054753699161545377e+00
4.705058588168048317e+01,7.101170319522952745e+00
4.707059159759931788e+01,6.821313599825102436e+00
4.709059731351815259e+01,7.505931218405619276e+00
4.711060302943698730e+01,7.430933197049689909e+00
4.713060874535581490e+01,7.300337770887590949e+00
4.715061446127464961e+01,6.901152788111785341e+00
4.717062017719348432e+01,7.375494132176937612e+00
4.719062589311231903e+01,6.963834664016865794e+00
4.721063160903115374e+01,7.126049727740284112e+00
4.723063732494998845e+01,7.841672214631566717e+00
4.725064304086882316e+01,6.515234819581539050e+00
4.727064875678765787e+01,6.518863132945437400e+00
4.729065447270649258e+01,6.981430941324754613e+00
4.731066018862532019e+01,6.863357365237513719e+00
4.733066590454415490e+01,6.830019242476627284e+00
4.735067162046298961e+01,6.415745072623538547e+00
4.737067733638182432e+01,7.784164833928080895e+00
4.739068305230065903e+01,6.990184196744980483e+00
4.741068876821949374e+01,8.262336243146988224e+00
4.743069448413832845e+01,7.040770745265513497e+00
4.745070020005716316e+01,7.969854799605375462e+00
4.747070591597599787e+01,8.283775490266952701e+00
4.749071163189483258e+01,8.142304802429745081e+00
4.751071734781366018e+01,8.246573594356839010e+00
4.753072306373249489e+01,9.248258430149185472e+00
4.755072877965132960e+01,9.119193341126891283e+00
4.757073449557016431e+01,8.861499782744992615e+00
4.759074021148899902e+01,9.169008457097575615e+00
4.761074592740783373e+01,9.751248840928429473e+00
4.763075164332666844e+01,9.478213415761926441e+00
4.765075735924550315e+01,9.138977509204883276e+00
4.767076307516433786e+01,9.082369861579087100e+00
4.769076879108316547e+01,9.548504049888485667e+00
4.771077450700200018e+01,9.484636187549005726e+00
4.773078022292083489e+01,9.390555762160488484e+00
4.775078593883966960e+01,9.183766526596826907e+00
4.777079165475850431e+01,9.381722721076476645e+00
4.779079737067733902e+01,9.387439042007633461e+00
4.781080308659617373e+01,8.288104589455226545e+00
4.783080880251500844e+01,7.794085955957825718e+00
4.785081451843384315e+01,8.164515319971194174e+00
4.787082023435267075e+01,8.264835588233164998e+00
4.789082595027150546e+01,7.740627829699590734e+00
4.791083166619034017e+01,7.441574203695235923e+00
4.793083738210917488e+01,6.676174154036559116e+00
4.795084309802800959e+01,7.290038250473960701e+00
4.797084881394684430e+01,6.517438607386571547e+00
4.799085452986567901e+01,6.777020741487790545e+00
4.801086024578451372e+01,6.457612266828991032e+00
4.803086596170334843e+01,4.946778538899694766e+00
4.805087167762218314e+01,6.147624390031966257e+00
4.807087739354101075e+01,5.368591991326315593e+00
4.809088310945984546e+01,5.527463577494710734e+00
4.811088882537868017e+01,5.240572971384066747e+00
4.813089454129751488e+01,5.488072186901035820e+00
4.815090025721634959e+01,4.475006329469002786e+00
4.817090597313518430e+01,3.917126154538243199e+00
4.819091168905401901e+01,4.923397793521392174e+00
4.821091740497285372e+01,3.918668876128765355e+00
4.823092312089168843e+01,4.323562044071202592e+00
4.825092883681051603e+01,4.272336212931177712e+00
4.827093455272935074e+01,4.941990147245798326e+00
4.829094026864818545e+01,3.974412131204803078e+00
4.831094598456702016e+01,4.306422287493905543e+00
4.833095170048585487e+01,4.030160024431184596e+00
4.835095741640468958e+01,5.119561508886730117e+00
4.837096313232352429e+01,4.438776043546658556e+00
4.839096884824235900e+01,3.484721648841034636e+00
4.841097456416119371e+01,4.604860449115705023e+00
4.843098028008002842e+01,4.591767561143450749e+00
4.845098599599885603e+01,4.123589161210456489e+00
4.847099171191769074e+01,4.354456215826329135e+00
4.849099742783652545e+01,3.598185053748764961e+00
4.851100314375536016e+01,4.592601388964551390e+00
4.853100885967419487e+01,3.642267969039591158e+00
4.855101457559302958e+01,3.322506509817114484e+00
4.857102029151186429e+01,4.039378241323865026e+00
4.859102600743069900e+01,3.220577655297573560e+00
4.861103172334953371e+01,3.537155074975862235e+00
4.863103743926836131e+01,3.659029290539629553e+00
4.865104315518719602e+01,3.485326826959222135e+00
4.867104887110603073e+01,4.257775416821388603e+00
4.869105458702486544e+01,2.854591980823124153e+00
4.871106030294370015e+01,3.668827327251202863e+00
4.873106601886253486e+01,3.814007667454305306e+00
4.875107173478136957e+01,3.122484472944472067e+00
4.877107745070020428e+01,3.532363627047826249e+00
4.879108316661903899e+01,3.648332215571995274e+00
4.881108888253786660e+01,3.721775784428484002e+00
4.883109459845670131e+01,3.632378897546100216e+00
4.885110031437553602e+01,2.816542611458831669e+00
4.887110603029437073e+01,3.744676717324723292e+00
4.889111174621320544e+01,4.087387644330283898e+00
4.891111746213204015e+01,4.329263755114578949e+00
4.893112317805087486e+01,4.199890186964674754e+00
4.895112889396970957e+01,4.678487108338473810e+00
4.897113460988854428e+01,4.065452976312806221e+00
4.899114032580737899e+01,5.331823203227751051e+00
4.901114604172620659e+01,4.290088087254512850e+00
4.903115175764504130e+01,5.125364337317684260e+00
4.905115747356387601e+01,5.276782016187812729e+00
4.907116318948271072e+01,5.842798808101610675e+00
4.909116890540154543e+01,5.465715653111290706e+00
4.911117462132038014e+01,5.115385126306366104e+00
4.913118033723921485e+01,5.754970260350035005e+00
4.915118605315804956e+01,5.741291298807263743e+00
4.917119176907688427e+01,6.232589328328393741e+00
4.919119748499571187e+01,5.323916152951539971e+00
4.921120320091454658e+01,6.777837322558992739e+00
4.923120891683338129e+01,7.034658284194579281e+00
4.925121463275221600e+01,6.071272076321718281e+00
4.927122034867105071e+01,6.596063779096612123e+00
4.929122606458988542e+01,6.206075924488583695e+00
4.931123178050872014e+01,6.731876085019542266e+00
4.933123749642755485e+01,6.124015414666846624e+00
4.935124321234638956e+01,6.340494377760942157e+00
4.937124892826522427e+01,5.605888963059183716e+00
4.939125464418405187e+01,6.130714265262417584e+00
4.941126036010288658e+01,5.231720207295573744e+00
4.943126607602172129e+01,5.515591549084193801e+00
4.945127179194055600e+01,5.313941542449899025e+00
4.947127750785939071e+01,5.416097492105269140e+00
4.949128322377822542e+01,4.593591077037485704e+00
4.951128893969706013e+01,5.982315368130238120e+00
4.953129465561589484e+01,6.104704572384537897e+00
4.955130037153472955e+01,5.330701520821305550e+00
4.957130608745355715e+01,5.505159665956012027e+00
4.959131180337239186e+01,5.135690971762038259e+00
4.961131751929122657e+01,5.735004150545043089e+00
4.963132323521006128e+01,5.349194046836179162e+00
4.965132895112889599e+01,4.769954470002707225e+00
4.967133466704773070e+01,5.354173548829440854e+00
4.969134038296656541e+01,5.463446483523709318e+00
4.971134609888540012e+01,5.281549136523241650e+00
4.973135181480423483e+01,5.871396976815770330e+00
4.975135753072306244e+01,5.853025307716722025e+00
4.977136324664189715e+01,5.420424965631660541e+00
4.979136896256073186e+01,5.530442883033346746e+00
4.981137467847956657e+01,5.760086730313116021e+00
4.983138039439840128e+01,5.354662573599219044e+00
4.985138611031723599e+01,5.211021442350340038e+00
4.987139182623607070e+01,5.262986631563125073e+00
4.989139754215490541e+01,6.000584993135674949e+00
4.991140325807374012e+01,5.326608774342433072e+00
4.993140897399257483e+01,6.480800171300882262e+00
4.995141468991140243e+01,5.297276925181680696e+00
4.997142040583023714e+01,5.420998744891823762e+00
4.999142612174907185e+01,5.010312336357714891e+00
5.001143183766790656e+01,5.548336895786546208e+00
5.003143755358674127e+01,5.066966573705258270e+00
5.005144326950557598e+01,6.191523499334536496e+00
5.007144898542441069e+01,5.380343698317043177e+00
5.009145470134324540e+01,5.786076190026792077e+00
5.011146041726208011e+01,6.330881253707293155e+00
5.013146613318090772e+01,5.602124458371707583e+00
5.015147184909974243e+01,5.854382028785010128e+00
5.017147756501857714e+01,6.276863266777118255e+00
5.019148328093741185e+01,6.049729706248716532e+00
5.021148899685624656e+01,6.449784878267135646e+00
5.023149471277508127e+01,7.050215969139806305e+00
5.025150042869391598e+01,7.004966017086800889e+00
5.027150614461275069e+01,7.415347433101377561e+00
5.029151186053158540e+01,6.410241595122693425e+00
5.031151757645042011e+01,7.053382996925918746e+00
5.033152329236924771e+01,6.088746191686805531e+00
5.035152900828808242e+01,6.637019008073981041e+00
5.037153472420691713e+01,6.904441869537798482e+00
5.039154044012575184e+01,6.833170615288606697e+00
5.041154615604458655e+01,7.267383529893187699e+00
5.043155187196342126e+01,6.095420468575434292e+00
5.045155758788225597e+01,6.725727038145008052e+00
5.047156330380109068e+01,6.831316197828941839e+00
5.049156901971992539e+01,6.027634601400869485e+00
5.051157473563875300e+01,5.407495226734553739e+00
5.053158045155758771e+01,6.149157384980135532e+00
5.055158616747642242e+01,5.282846024794114470e+00
5.057159188339525713e+01,5.651926572917451708e+00
5.059159759931409184e+01,5.838249026779354089e+00
5.061160331523292655e+01,5.825832263966123747e+00
5.063160903115176126e+01,5.867020445415906948e+00
5.065161474707059597e+01,5.940372523835268481e+00
5.067162046298943068e+01,5.872567964969208631e+00
5.069162617890825828e+01,6.038621343244184203e+00
5.071163189482709299e+01,6.628711220666030357e+00
5.073163761074592770e+01,6.634804563690207324e+00
5.075164332666476241e+01,7.087469830756933042e+00
5.077164904258359712e+01,7.112085718698111236e+00
5.079165475850243183e+01,6.644454218882044572e+00
5.081166047442126654e+01,6.535308255774173070e+00
5.083166619034010125e+01,6.556744528128657379e+00
5.085167190625893596e+01,5.979503292474172227e+00
5.087167762217777067e+01,5.921528450472456129e+00
5.089168333809659828e+01,6.252368298062890517e+00
5.091168905401543299e+01,5.954491834531518535e+00
5.093169476993426770e+01,6.071159034287422429e+00
5.095170048585310241e+01,6.646308578612340590e+00
5.097170620177193712e+01,6.086863696442545546e+00
5.099171191769077183e+01,5.741462039925018246e+00
5.101171763360960654e+01,6.140683079487128992e+00
5.103172334952844125e+01,5.005126347527174779e+00
5.105172906544727596e+01,5.857116723680822368e+00
5.107173478136610356e+01,5.349169655479810714e+00
5.109174049728493827e+01,5.238203189659616399e+00
5.111174621320377298e+01,5.995233610608636354e+00
5.113175192912260769e+01,4.778219148257555560e+00
5.115175764504144240e+01,4.723034868827752142e+00
5.117176336096027711e+01,5.710390510478230652e+00
5.119176907687911182e+01,5.235360582745825830e+00
5.121177479279794653e+01,5.953498315677297370e+00
5.123178050871678124e+01,5.820494021099179349e+00
5.125178622463561595e+01,6.580145493363464659e+00
5.127179194055444356e+01,6.821162364989777238e+00
5.129179765647327827e+01,6.835400203761082594e+00
5.131180337239211298e+01,7.143867906415078295e+00
5.133180908831094769e+01,8.308234450012541572e+00
5.135181480422978240e+01,7.851358873940595728e+00
5.137182052014861711e+01,7.489004159913323022e+00
5.139182623606745182e+01,8.968521825380086909e+00
5.141183195198628653e+01,8.758213823130367004e+00
5.143183766790512124e+01,8.655398579248572588e+00
5.145184338382394884e+01,8.318560505916973824e+00
5.147184909974278355e+01,8.714333924627059247e+00
5.149185481566161826e+01,8.437172900756209515e+00
5.151186053158045297e+01,8.501990489753220359e+00
5.153186624749928768e+01,8.938022194089654704e+00
5.155187196341812239e+01,8.936139410666360305e+00
5.157187767933695710e+01,7.632677225820287958e+00
5.159188339525579181e+01,8.547312184213364361e+00
5.161188911117462652e+01,8.220779459524884203e+00
5.163189482709345413e+01,7.317221974731676681e+00
5.165190054301228884e+01,7.622292411577537230e+00
5.167190625893112355e+01,7.718092452667014491e+00
5.169191197484995826e+01,7.270059717227008278e+00
5.171191769076879297e+01,6.424983698672269483e+00
5.173192340668762768e+01,6.421882086723171845e+00
5.175192912260646239e+01,6.303163216850512285e+00
5.177193483852529710e+01,5.719028853182607008e+00
5.179194055444413181e+01,5.442750439151971875e+00
5.181194627036296652e+01,6.092794495753182105e+00
5.183195198628179412e+01,5.136017278935443464e+00
5.185195770220062883e+01,5.211818886375207960e+00
5.187196341811946354e+01,5.177698302577111278e+00
5.189196913403829825e+01,5.998737858862352113e+00
5.191197484995713296e+01,5.296483155443183932e+00
5.193198056587596767e+01,5.717058480634889861e+00
5.195198628179480238e+01,5.485545587229731623e+00
5.197199199771363709e+01,5.147152797184286754e+00
5.199199771363247180e+01,4.744732917069471867e+00
5.201200342955129940e+01,4.802332394942699700e+00
5.203200914547013411e+01,4.702875110869685571e+00
5.205201486138896882e+01,5.113823307030159526e+00
5.207202057730780353e+01,5.590146276671292824e+00
5.209202629322663824e+01,4.630972565123949281e+00
5.211203200914547295e+01,4.977428851240208729e+00
5.213203772506430766e+01,4.607245792385096905e+00
5.215204344098314237e+01,5.015304273009686398e+00
5.217204915690197708e+01,4.317322300525806789e+00
5.219205487282081180e+01,4.331996805529726657e+00
5.221206058873963940e+01,4.523344872112007309e+00
5.223206630465847411e+01,4.124148910502873022e+00
5.225207202057730882e+01,4.408805019688169402e+00
5.227207773649614353e+01,3.882855041929009321e+00
5.229208345241497824e+01,3.010755232049048935e+00
5.231208916833381295e+01,3.760442802853656730e+00
5.233209488425264766e+01,2.911967942166645784e+00
5.235210060017148237e+01,2.973900965612368275e+00
5.237210631609031708e+01,3.072440346581402082e+00
5.239211203200914468e+01,2.032077805921750357e+00
5.241211774792797939e+01,2.665299531306418501e+00
5.243212346384681410e+01,2.609191238293547599e+00
5.245212917976564881e+01,2.647953508940487755e+00
5.247213489568448352e+01,1.940840471012188040e+00
5.249214061160331823e+01,2.144840263342916220e+00
5.251214632752215294e+01,1.832216169962411767e+00
5.253215204344098765e+01,2.183945584890260250e+00
5.255215775935982236e+01,3.092535686723366872e+00
5.257216347527864997e+01,2.531625277137801167e+00
5.259216919119748468e+01,2.061514677205273038e+00
5.261217490711631939e+01,2.384394750027798882e+00
5.263218062303515410e+01,1.986111755508524812e+00
5.265218633895398881e+01,2.295716555045324903e+00
5.267219205487282352e+01,3.034293804558007679e+00
5.269219777079165823e+01,2.171998909015256274e+00
5.271220348671049294e+01,2.021645387535043525e+00
5.273220920262932765e+01,2.740860551645425858e+00
5.275221491854816236e+01,2.710932882864474980e+00
5.277222063446698996e+01,2.626290438308851449e+00
5.279222635038582467e+01,3.471415322312262575e+00
5.281223206630465938e+01,3.522068615570851158e+00
5.283223778222349409e+01,3.425458257658503758e+00
5.285224349814232880e+01,3.476074345882390393e+00
5.287224921406116351e+01,3.217500212435144835e+00
5.289225492997999822e+01,2.812131258112279930e+00
5.291226064589883293e+01,3.531195161134770277e+00
5.293226636181766764e+01,2.862499446735220054e+00
5.295227207773649525e+01,3.220618143571837511e+00
5.297227779365532996e+01,3.842525460338939158e+00
5.299228350957416467e+01,3.331308538579519585e+00
5.301228922549299938e+01,3.600337890178696654e+00
5.303229494141183409e+01,3.553808761906382507e+00
5.305230065733066880e+01,4.080337026532943057e+00
5.307230637324950351e+01,4.397368252724836779e+00
5.309231208916833822e+01,3.468722910906334445e+00
5.311231780508717293e+01,4.685133796885271096e+00
5.313232352100600764e+01,5.173249024813108221e+00
5.315232923692483524e+01,4.758878686398501756e+00
5.317233495284366995e+01,4.965700542775533854e+00
5.319234066876250466e+01,5.573278185861832768e+00
5.321234638468133937e+01,5.103085439355226960e+00
5.323235210060017408e+01,6.254874152568396184e+00
5.325235781651900879e+01,4.819185671545040961e+00
5.327236353243784350e+01,5.869896526305069528e+00
5.329236924835667821e+01,5.640077594802436423e+00
5.331237496427551292e+01,5.813181255045398288e+00
5.333238068019434053e+01,5.744135133592901177e+00
5.335238639611317524e+01,5.378810022039662186e+00
5.337239211203200995e+01,6.144326253807486538e+00
5.339239782795084466e+01,6.239121155164705002e+00
5.341240354386967937e+01,5.612787933859956446e+00
5.343240925978851408e+01,4.621293805189829129e+00
5.345241497570734879e+01,4.758049473022424536e+00
5.347242069162618350e+01,4.636656201044784709e+00
5.349242640754501821e+01,4.914946868106770062e+00
5.351243212346384581e+01,3.932305040698035548e+00
5.353243783938268052e+01,4.432241930514213557e+00
5.355244355530151523e+01,3.547152134035081783e+00
5.357244927122034994e+01,3.650230047961565027e+00
5.359245498713918465e+01,3.556646725246734420e+00
5.361246070305801936e+01,4.277120557431910441e+00
5.363246641897685407e+01,3.224402630262868108e+00
5.365247213489568878e+01,3.410634599052986271e+00
5.367247785081452349e+01,3.789300234152645608e+00
5.369248356673335820e+01,3.317486711539936906e+00
5.371248928265218581e+01,3.766733696295501588e+00
5.373249499857102052e+01,2.929184592223356809e+00
5.375250071448985523e+01,3.369187936861377963e+00
5.377250643040868994e+01,3.425767724601163078e+00
5.379251214632752465e+01,3.855182270484719176e+00
5.381251786224635936e+01,3.781617234607950184e+00
5.383252357816519407e+01,4.343481153293823560e+00
5.385252929408402878e+01,4.130870997648436571e+00
5.387253501000286349e+01,4.426136064960500605e+00
5.389254072592169109e+01,4.857008015639239673e+00
5.391254644184052580e+01,4.245487934782863348e+00
5.393255215775936051e+01,4.382028875331969608e+00
5.395255787367819522e+01,4.560308741483867223e+00
5.397256358959702993e+01,5.110490443423188367e+00
5.399256930551586464e+01,4.573542742084371504e+00
5.401257502143469935e+01,4.670205996459863229e+00
5.403258073735353406e+01,4.259792472740392633e+00
5.405258645327236877e+01,4.372282378708411521e+00
5.407259216919120348e+01,4.901431437041679828e+00
5.409259788511003109e+01,5.300419131158280450e+00
5.411260360102886580e+01,4.617842738002381431e+00
5.413260931694770051e+01,4.597111136479085758e+00
5.415261503286653522e+01,4.705374768526433549e+00
5.417262074878536993e+01,4.829771929254274454e+00
5.419262646470420464e+01,4.726259054824337724e+00
5.421263218062303935e+01,4.804435855880131889e+00
5.423263789654187406e+01,3.770629674072293547e+00
5.425264361246070877e+01,4.300074874393325253e+00
5.427264932837953637e+01,3.716744196332295580e+00
5.429265504429837108e+01,4.655061163302358196e+00
5.431266076021720579e+01,4.064839376244659519e+00
5.433266647613604050e+01,3.559152147275973288e+00
5.435267219205487521e+01,3.011415444539225827e+00
5.437267790797370992e+01,3.367632623355376165e+00
5.439268362389254463e+01,3.696740918813429033e+00
5.441268933981137934e+01,2.750486233461659324e+00
5.443269505573021405e+01,2.824102521046214953e+00
5.445270077164904166e+01,3.388081039256298777e+00
5.447270648756787637e+01,3.371726814475033862e+00
5.449271220348671108e+01,2.094719228008156797e+00
5.451271791940554579e+01,2.594616590002837953e+00
5.453272363532438050e+01,1.906052566612228993e+00
5.455272935124321521e+01,2.986426712107035364e+00
5.457273506716204992e+01,2.719672983388766063e+00
5.459274078308088463e+01,2.007929345264243715e+00
5.461274649899971934e+01,2.454853471817671551e+00
5.463275221491855405e+01,2.368951190647685667e+00
5.465275793083738165e+01,2.150182437679095671e+00
5.467276364675621636e+01,1.864957653655089365e+00
5.469276936267505107e+01,1.322815667270737183e+00
5.471277507859388578e+01,2.020456906879926962e+00
5.473278079451272049e+01,1.593306010052148558e+00
5.475278651043155520e+01,1.565594142685648560e+00
5.477279222635038991e+01,2.317846341579106628e+00
5.479279794226922462e+01,1.986219760236802578e+00
5.481280365818805933e+01,1.013012126195433904e+00
5.483280937410688693e+01,1.720199163169406020e+00
5.485281509002572164e+01,2.225912607244063146e+00
5.487282080594455635e+01,1.408263543759098013e+00
5.489282652186339106e+01,2.035698916773295508e+00
5.491283223778222577e+01,1.824514563798785183e+00
5.493283795370106048e+01,1.827870624994928583e+00
5.495284366961989519e+01,1.841997314970947652e+00
5.497284938553872990e+01,1.515741947968568537e+00
5.499285510145756461e+01,2.289436513364910830e+00
5.501286081737639222e+01,1.610640378769423009e+00
5.503286653329522693e+01,2.207723203758710007e+00
5.505287224921406164e+01,2.249037166028403867e+00
5.507287796513289635e+01,1.796025069510599703e+00
5.509288368105173106e+01,1.702216215165237578e+00
5.511288939697056577e+01,1.985648082143374182e+00
5.513289511288940048e+01,1.974480128317011252e+00
5.515290082880823519e+01,1.877536664979905012e+00
5.517290654472706990e+01,2.011708247528876115e+00
5.519291226064590461e+01,2.417624515046993494e+00
5.521291797656473221e+01,1.669385539229310211e+00
5.523292369248356692e+01,1.597326979338299591e+00
5.525292940840240163e+01,1.851054125733242461e+00
5.527293512432123634e+01,1.688396396106501385e+00
5.529294084024007105e+01,2.633558244249684321e+00
5.531294655615890576e+01,1.717648057800389205e+00
5.533295227207774047e+01,1.608685554916226668e+00
5.535295798799657518e+01,1.461010898896739185e+00
5.537296370391540989e+01,2.094051620788660806e+00
5.539296941983423750e+01,1.944069521915584797e+00
5.541297513575307221e+01,1.478540094049484388e+00
5.543298085167190692e+01,1.831644399872960793e+00
5.545298656759074163e+01,1.529844301795662886e+00
5.547299228350957634e+01,1.749160698187103957e+00
5.549299799942841105e+01,1.153452420308645587e+00
5.551300371534724576e+01,2.029718673288025244e+00
5.553300943126608047e+01,1.992600307714927688e+00
5.555301514718491518e+01,2.531669023379367722e+00
5.557302086310374989e+01,1.535987271843556989e+00
5.559302657902257749e+01,3.032843266230969448e+00
5.561303229494141220e+01,2.477983061263604014e+00
5.563303801086024691e+01,2.401234942573347908e+00
5.565304372677908162e+01,1.892840947339753388e+00
5.567304944269791633e+01,2.150267781387695365e+00
5.569305515861675104e+01,3.303954931208271439e+00
5.571306087453558575e+01,2.809655812056026214e+00
5.573306659045442046e+01,3.181657310733290167e+00
5.575307230637325517e+01,2.819182301703966331e+00
5.577307802229208278e+01,2.548395662200947598e+00
5.579308373821091749e+01,3.408034204854499372e+00
5.581308945412975220e+01,3.535449139244080108e+00
5.583309517004858691e+01,3.661372783273901810e+00
5.585310088596742162e+01,3.483362376994184828e+00
5.587310660188625633e+01,3.927788766839253931e+00
5.589311231780509104e+01,3.195253775598906998e+00
5.591311803372392575e+01,3.330242958159672639e+00
5.593312374964276046e+01,3.544661428987824880e+00
5.595312946556158806e+01,4.817818224841756702e+00
5.597313518148042277e+01,3.939915854404333118e+00
5.599314089739925748e+01,4.924649462563102986e+00
5.601314661331809219e+01,4.388782700136378168e+00
5.603315232923692690e+01,4.154099217215736495e+00
5.605315804515576161e+01,4.776651617917039516e+00
5.607316376107459632e+01,4.079984520800428172e+00
5.609316947699343103e+01,4.173678431285360091e+00
5.611317519291226574e+01,4.533314500203404762e+00
5.613318090883110045e+01,3.915805183733074735e+00
5.615318662474992806e+01,4.043509050470752264e+00
5.617319234066876277e+01,3.761885796791110348e+00
5.619319805658759748e+01,5.312253021232908878e+00
5.621320377250643219e+01,4.728116812594162610e+00
5.623320948842526690e+01,3.889313082787936082e+00
5.625321520434410161e+01,4.576658076079802129e+00
5.627322092026293632e+01,4.841604673929697178e+00
5.629322663618177103e+01,4.681182868297535826e+00
5.631323235210060574e+01,5.460472607290309810e+00
5.633323806801943334e+01,4.854102590867992895e+00
5.635324378393826805e+01,3.949178667257643660e+00
5.637324949985710276e+01,4.748758497303297688e+00
5.639325521577593747e+01,4.347954981909750494e+00
5.641326093169477218e+01,4.163765775866773211e+00
5.643326664761360689e+01,3.913679204963329106e+00
5.645327236353244160e+01,3.918495106393164562e+00
5.647327807945127631e+01,4.523765633995746605e+00
5.649328379537011102e+01,4.387700938783180682e+00
5.651328951128894573e+01,4.322376169859059480e+00
5.653329522720777334e+01,3.722329512140636787e+00
5.655330094312660805e+01,3.655483213912563478e+00
5.657330665904544276e+01,4.440105029825708982e+00
5.659331237496427747e+01,3.735808769925287542e+00
5.661331809088311218e+01,3.347305324061837339e+00
5.663332380680194689e+01,3.603612453208879352e+00
5.665332952272078160e+01,3.685225636452555964e+00
5.667333523863961631e+01,3.638034768520289841e+00
5.669334095455845102e+01,3.936305834731486542e+00
5.671334667047727862e+01,3.605606950206747818e+00
5.673335238639611333e+01,3.334492363209377253e+00
5.675335810231494804e+01,3.185708191017634583e+00
5.677336381823378275e+01,3.239346892564762381e+00
5.679336953415261746e+01,4.326308165635133207e+00
5.681337525007145217e+01,3.367101039883591440e+00
5.683338096599028688e+01,3.449553632247817525e+00
5.685338668190912159e+01,3.313556903926659913e+00
5.687339239782795630e+01,3.911434462369725917e+00
5.689339811374678391e+01,4.002568442460906262e+00
5.691340382966561862e+01,3.404910244079818682e+00
5.693340954558445333e+01,3.579627677235224681e+00
5.695341526150328804e+01,3.825510749490082407e+00
5.697342097742212275e+01,3.740268384161803183e+00
5.699342669334095746e+01,4.492443129038023564e+00
5.701343240925979217e+01,3.255935272535661618e+00
5.703343812517862688e+01,3.533170613100129032e+00
5.705344384109746159e+01,3.395957001686491949e+00
5.707344955701629630e+01,3.771173098956984937e+00
5.709345527293512390e+01,3.793029450754631160e+00
5.711346098885395861e+01,3.977175339282503330e+00
5.713346670477279332e+01,4.651572282073983544e+00
5.715347242069162803e+01,3.522545188649561787e+00
5.717347813661046274e+01,4.401373702295930279e+00
5.719348385252929745e+01,4.618461696341238820e+00
5.721348956844813216e+01,4.050742676947372445e+00
5.723349528436696687e+01,5.107751019582013718e+00
5.725350100028580158e+01,5.181823736774738620e+00
5.727350671620462919e+01,5.120962926583604080e+00
5.729351243212346390e+01,5.570636251401418271e+00
5.731351814804229861e+01,5.501326951060076631e+00
5.733352386396113332e+01,5.837590641402655933e+00
5.735352957987996803e+01,5.357034792559684178e+00
5.737353529579880274e+01,6.164944777373324136e+00
5.739354101171763745e+01,6.096962319457647439e+00
5.741354672763647216e+01,6.175593891818621728e+00
5.743355244355530687e+01,6.370251584628027430e+00
5.745355815947414158e+01,6.029019860151670684e+00
5.747356387539296918e+01,6.567680962164288871e+00
5.749356959131180389e+01,6.202735268979235883e+00
5.751357530723063860e+01,6.392477921941480012e+00
5.753358102314947331e+01,6.268309834410448644e+00
5.755358673906830802e+01,6.093221543657222128e+00
5.757359245498714273e+01,6.645537303305819599e+00
5.759359817090597744e+01,6.625856026740460258e+00
5.761360388682481215e+01,6.616233787603803762e+00
5.763360960274364686e+01,6.025217647162516954e+00
5.765361531866247446e+01,6.595837562356054562e+00
5.767362103458130917e+01,6.289549771249751231e+00
5.769362675050014388e+01,6.195326701647942080e+00
5.771363246641897859e+01,5.796932285162680998e+00
5.773363818233781330e+01,5.888872099091768675e+00
5.775364389825664801e+01,5.348725456372958931e+00
5.777364961417548272e+01,5.210934342674911512e+00
5.779365533009431743e+01,5.186945842556024644e+00
5.781366104601315214e+01,4.689519324178638371e+00
5.783366676193197975e+01,5.319492492987162535e+00
5.785367247785081446e+01,5.093941441029503636e+00
5.787367819376964917e+01,5.087674695747045561e+00
5.789368390968848388e+01,4.558453751478599436e+00
5.791368962560731859e+01,4.722479880676651476e+00
5.793369534152615330e+01,4.899579240756541942e+00
5.795370105744498801e+01,4.980765497310597922e+00
5.797370677336382272e+01,4.782210418588962675e+00
5.799371248928265743e+01,5.082494570505137865e+00
5.801371820520149214e+01,5.058830312301296317e+00
5.803372392112031974e+01,5.759340445791288232e+00
5.805372963703915445e+01,6.136043174032384862e+00
5.807373535295798916e+01,5.809200985161997011e+00
5.809374106887682387e+01,6.235502553909407553e+00
5.811374678479565858e+01,6.958121147271002727e+00
5.813375250071449329e+01,6.963276287210818261e+00
5.815375821663332800e+01,6.817675937311499901e+00
5.817376393255216271e+01,6.122372932504617893e+00
5.819376964847099742e+01,7.260746335633330162e+00
5.821377536438982503e+01,6.301785861658644627e+00
5.823378108030865974e+01,6.865921602128926438e+00
5.825378679622749445e+01,7.263774429489163964e+00
5.827379251214632916e+01,5.884363375160332588e+00
5.829379822806516387e+01,6.791870351610056034e+00
5.831380394398399858e+01,6.902178226370830671e+00
5.833380965990283329e+01,6.341804346439122497e+00
5.835381537582166800e+01,6.889547455839244883e+00
5.837382109174050271e+01,6.058646473701674751e+00
5.839382680765933742e+01,5.731799283345225149e+00
5.841383252357816502e+01,5.716680026176168994e+00
5.843383823949699973e+01,5.154032356713456053e+00
5.845384395541583444e+01,4.635552125194355000e+00
5.847384967133466915e+01,5.081139636129968551e+00
5.849385538725350386e+01,4.715054069711695384e+00
5.851386110317233857e+01,4.359493140582902271e+00
5.853386681909117328e+01,4.171171881194956299e+00
5.855387253501000799e+01,5.196373566654522769e+00
5.857387825092884270e+01,4.396969682910826904e+00
5.859388396684767031e+01,5.105529466006766270e+00
5.861388968276650502e+01,4.127771298951995682e+00
5.863389539868533973e+01,5.717674177222734855e+00
5.865390111460417444e+01,5.064098862253436195e+00
5.867390683052300915e+01,5.280659419587946601e+00
5.869391254644184386e+01,5.529531315831213156e+00
5.871391826236067857e+01,5.398115325091531247e+00
5.873392397827951328e+01,5.441070142791637920e+00
5.875392969419834799e+01,5.449700638060609670e+00
5.877393541011717559e+01,5.419249565622930476e+00
5.879394112603601030e+01,5.307924452542270188e+00
5.881394684195484501e+01,5.825322894933719908e+00
5.883395255787367972e+01,6.213680472717544312e+00
5.885395827379251443e+01,6.758171843412371871e+00
5.887396398971134914e+01,7.023626462011368865e+00
5.889396970563018385e+01,6.634917916173113994e+00
5.891397542154901856e+01,6.824799025494733939e+00
5.893398113746785327e+01,7.184975075757198404e+00
5.895398685338668798e+01,7.448260781380255935e+00
5.897399256930551559e+01,7.955367436810751869e+00
5.899399828522435030e+01,7.914925655335360410e+00
5.901400400114318501e+01,7.111690658103603901e+00
5.903400971706201972e+01,7.662796228950251809e+00
5.905401543298085443e+01,7.263007629173456436e+00
5.907402114889968914e+01,7.618850468681814370e+00
5.909402686481852385e+01,7.562904480895431547e+00
5.911403258073735856e+01,7.807276947628383645e+00
5.913403829665619327e+01,7.917561924555615249e+00
5.915404401257502087e+01,7.974792565442918146e+00
5.917404972849385558e+01,7.549631448603028261e+00
5.919405544441269029e+01,6.968520558886000416e+00
5.921406116033152500e+01,6.701206759275308400e+00
5.923406687625035971e+01,6.562091419974910522e+00
5.925407259216919442e+01,6.058648374036252449e+00
5.927407830808802913e+01,6.426091303818843414e+00
5.929408402400686384e+01,6.614507400374163737e+00
5.931408973992569855e+01,6.310532380184410428e+00
5.933409545584453326e+01,5.485403623099035286e+00
5.935410117176336087e+01,6.083647885469472882e+00
5.937410688768219558e+01,6.248197468442928226e+00
5.939411260360103029e+01,4.869351556489624144e+00
5.941411831951986500e+01,5.206810869375861017e+00
5.943412403543869971e+01,5.528364563133591147e+00
5.945412975135753442e+01,4.963165269612963115e+00
5.947413546727636913e+01,5.722198439766016165e+00
5.949414118319520384e+01,5.534542906723546096e+00
5.951414689911403855e+01,5.003830552699817247e+00
5.953415261503286615e+01,5.261246219948292335e+00
5.955415833095170086e+01,5.584882988446111085e+00
5.957416404687053557e+01,4.407570295550440775e+00
5.959416976278937028e+01,4.457791987863972238e+00
5.961417547870820499e+01,4.778880570011942552e+00
5.963418119462703970e+01,4.630376155783852532e+00
5.965418691054587441e+01,4.828558242756168184e+00
5.967419262646470912e+01,4.288981646381105683e+00
5.969419834238354383e+01,5.232223101398328247e+00
5.971420405830237144e+01,4.291995109951875165e+00
5.973420977422120615e+01,5.183502340065999192e+00
5.975421549014004086e+01,4.271494747556799254e+00
5.977422120605887557e+01,4.282412913173095248e+00
5.979422692197771028e+01,4.017930991539070185e+00
5.981423263789654499e+01,4.546105584637647468e+00
5.983423835381537970e+01,4.881743517334905746e+00
5.985424406973421441e+01,4.506927905505984100e+00
5.987424978565304912e+01,3.842528742404479836e+00
5.989425550157188383e+01,4.515315833288196856e+00
5.991426121749071143e+01,4.249252312252737696e+00
5.993426693340954614e+01,4.389731070062694585e+00
5.995427264932838085e+01,4.829718704599629930e+00
5.997427836524721556e+01,4.487845971411802637e+00
5.999428408116605027e+01,4.955561397466306417e+00
6.001428979708488498e+01,4.472563651818213692e+00
6.003429551300371969e+01,5.435862032254798137e+00
6.005430122892255440e+01,5.073219836557856688e+00
6.007430694484138911e+01,4.134300480090355556e+00
6.009431266076021672e+01,4.133188696894444014e+00
6.011431837667905143e+01,3.853176610294406501e+00
6.013432409259788614e+01,4.371710086983915389e+00
6.015432980851672085e+01,4.076135672904047880e+00
6.017433552443555556e+01,3.647226906490697473e+00
6.019434124035439027e+01,4.263517914995157199e+00
6.021434695627322498e+01,3.912930703595660198e+00
6.023435267219205969e+01,4.121923423489596949e+00
6.025435838811089440e+01,3.479123380845698943e+00
6.027436410402972911e+01,2.866433170292678412e+00
6.029436981994855671e+01,4.269003030135932519e+00
6.031437553586739142e+01,3.751687191401482657e+00
6.033438125178622613e+01,3.307769562984860912e+00
6.035438696770506084e+01,3.384680903265022245e+00
6.037439268362389555e+01,4.078119614107741597e+00
6.039439839954273026e+01,3.209759398188301027e+00
6.041440411546156497e+01,3.615946057652849710e+00
6.043440983138039968e+01,3.723898379468082886e+00
6.045441554729923439e+01,4.069401404256772992e+00
6.047442126321806199e+01,3.224727037863914347e+00
6.049442697913689670e+01,3.897850307091358601e+00
6.051443269505573141e+01,3.584806171535984909e+00
6.053443841097456612e+01,3.009313364676378999e+00
6.055444412689340083e+01,3.769116334883696240e+00
6.057444984281223554e+01,3.843558116325668017e+00
6.059445555873107025e+01,3.987421213134383358e+00
6.061446127464990496e+01,4.162821183644695999e+00
6.063446699056873967e+01,2.838029388293903388e+00
6.065447270648756728e+01,3.073116170928224644e+00
6.067447842240640199e+01,3.545094508691583712e+00
6.069448413832523670e+01,3.645066309471975963e+00
6.071448985424407141e+01,3.271937537228366999e+00
6.073449557016290612e+01,3.154524130644505320e+00
6.075450128608174083e+01,3.074552830491680488e+00
6.077450700200057554e+01,2.785419315111955729e+00
6.079451271791941025e+01,3.262899906855146526e+00
6.081451843383824496e+01,2.665501903116552995e+00
6.083452414975707967e+01,3.761979954779023583e+00
6.085452986567590727e+01,3.148412139597786208e+00
6.087453558159474198e+01,4.026748881937320945e+00
6.089454129751357669e+01,3.055581721058944211e+00
6.091454701343241140e+01,3.124392551772731785e+00
6.093455272935124611e+01,2.835756392981145346e+00
6.095455844527008082e+01,3.216655548114603747e+00
6.097456416118891553e+01,3.662266057183141577e+00
6.099456987710775024e+01,3.616783382964469773e+00
6.101457559302658495e+01,2.710464714336248360e+00
6.103458130894541256e+01,3.013287419665162226e+00
6.105458702486424727e+01,2.929615784419332236e+00
6.107459274078308198e+01,3.500846437551377033e+00
6.109459845670191669e+01,2.657184688390975325e+00
6.111460417262075140e+01,3.717411333226430692e+00
6.113460988853958611e+01,3.997664200309629656e+00
6.115461560445842082e+01,3.577957038400723988e+00
6.117462132037725553e+01,4.037897320021624381e+00
6.119462703629609024e+01,3.430628422293005464e+00
6.121463275221492495e+01,3.153018573807541358e+00
6.123463846813375255e+01,3.687705942817161464e+00
6.125464418405258726e+01,3.423972315535683819e+00
6.127464989997142197e+01,3.083480792258196601e+00
6.129465561589025668e+01,2.909184344669598854e+00
6.131466133180909139e+01,3.457626642251417248e+00
6.133466704772792610e+01,2.820503817279463199e+00
6.135467276364676081e+01,3.119321698136139798e+00
6.137467847956559552e+01,3.429724555774831707e+00
6.139468419548443023e+01,3.426069903273790906e+00
6.141468991140325784e+01,3.534029614680938902e+00
6.143469562732209255e+01,3.799881992742273340e+00
6.145470134324092726e+01,4.205488907630365425e+00
6.147470705915976197e+01,3.558229293328164733e+00
6.149471277507859668e+01,4.016287031391877704e+00
6.151471849099743139e+01,4.032305913213611426e+00
6.153472420691626610e+01,4.216836691548540017e+00
6.155472992283510081e+01,3.980706059595944257e+00
6.157473563875393552e+01,4.065459091111097933e+00
6.159474135467276312e+01,3.494622273838025261e+00
6.161474707059159783e+01,4.058544133852769242e+00
6.163475278651043254e+01,3.824220704786694291e+00
6.165475850242926725e+01,3.206686426712878735e+00
6.167476421834810196e+01,3.530647770222479664e+00
6.169476993426693667e+01,3.072674505152355628e+00
6.171477565018577138e+01,3.429959352061230593e+00
6.173478136610460609e+01,3.112824131048015808e+00
6.175478708202344080e+01,3.375578772196182964e+00
6.177479279794227551e+01,2.747199081487282868e+00
6.179479851386110312e+01,2.576940062754607741e+00
6.181480422977993783e+01,2.854023214616577597e+00
6.183480994569877254e+01,2.636826088360656239e+00
6.185481566161760725e+01,2.385445491697818721e+00
6.187482137753644196e+01,3.153462413985408830e+00
6.189482709345527667e+01,1.906768779078496179e+00
6.191483280937411138e+01,1.834187959572311399e+00
6.193483852529294609e+01,1.734767530077415909e+00
6.195484424121178080e+01,2.099053892781411523e+00
6.197484995713060840e+01,2.558143857331870663e+00
6.199485567304944311e+01,1.530504352535845713e+00
6.201486138896827782e+01,2.165607901693581194e+00
6.203486710488711253e+01,2.256981657037001820e+00
6.205487282080594724e+01,1.930184160902457702e+00
6.207487853672478195e+01,2.333464472676555879e+00
6.209488425264361666e+01,1.805027030500618412e+00
6.211488996856245137e+01,1.591584394694377291e+00
6.213489568448128608e+01,2.003799105712597672e+00
6.215490140040011369e+01,2.381075205465824851e+00
6.217490711631894840e+01,2.676102937237874624e+00
6.219491283223778311e+01,2.497999733305977799e+00
6.221491854815661782e+01,2.293912740456168109e+00
6.223492426407545253e+01,1.756054177424741569e+00
6.225492997999428724e+01,2.544809576894985437e+00
6.227493569591312195e+01,3.476925279482340869e+00
6.229494141183195666e+01,3.235201713690595504e+00
6.231494712775079137e+01,3.752977591608438246e+00
6.233495284366962608e+01,3.313999297194434313e+00
6.235495855958845368e+01,3.818673728838019699e+00
6.237496427550728839e+01,2.771665343826171579e+00
6.239496999142612310e+01,3.925266832433866426e+00
6.241497570734495781e+01,3.514139790681274800e+00
6.243498142326379252e+01,2.796191311070050922e+00
6.245498713918262723e+01,3.805672078452549290e+00
6.247499285510146194e+01,3.842326471656601683e+00
6.249499857102029665e+01,3.681319000023817622e+00
6.251500428693913136e+01,3.722291146881111068e+00
6.253501000285795897e+01,3.166639808137288625e+00
6.255501571877679368e+01,3.775578073280066782e+00
6.257502143469562839e+01,3.587027606741835406e+00
6.259502715061446310e+01,3.802977978855774488e+00
6.261503286653329781e+01,4.023232249638081015e+00
6.263503858245213252e+01,3.249809437489243447e+00
6.265504429837096723e+01,4.238556583141509293e+00
6.267505001428980194e+01,3.783331832728797028e+00
6.269505573020863665e+01,3.543754099522702816e+00
6.271506144612747136e+01,3.334104140200724320e+00
6.273506716204629896e+01,2.759819751615248506e+00
6.275507287796513367e+01,4.231509744691282826e+00
6.277507859388396838e+01,2.984026708986782239e+00
6.279508430980280309e+01,2.754295948284747109e+00
6.281509002572163780e+01,3.080220301269161354e+00
6.283509574164047251e+01,2.578725727401803169e+00
6.285510145755930722e+01,3.249189549252189835e+00
6.287510717347814193e+01,2.867385516104943743e+00
6.289511288939697664e+01,2.693852793822285374e+00
6.291511860531580425e+01,3.091657093005279577e+00
6.293512432123463896e+01,2.800251891972839857e+00
6.295513003715347367e+01,2.468186934972599111e+00
6.297513575307230838e+01,3.198427455399805552e+00
6.299514146899114309e+01,2.365381511432246953e+00
6.301514718490997780e+01,3.036937797128002714e+00
6.303515290082881251e+01,2.728297153615702797e+00
6.305515861674764722e+01,2.721420878320397474e+00
6.307516433266648193e+01,2.617957118385725757e+00
6.309517004858530953e+01,1.838864339127786351e+00
6.311517576450414424e+01,2.636030138356217023e+00
6.313518148042297895e+01,3.394961318508427084e+00
6.315518719634181366e+01,3.169614138349426291e+00
6.317519291226064837e+01,2.916110519544806934e+00
6.319519862817948308e+01,2.697416403923993400e+00
6.321520434409831779e+01,3.510187204200367006e+00
6.323521006001715250e+01,3.161664731703320186e+00
6.325521577593598721e+01,3.019367854394612749e+00
6.327522149185482192e+01,2.951376063256569537e+00
6.329522720777364952e+01,2.720081555372354742e+00
6.331523292369248423e+01,3.021109620154428299e+00
6.333523863961131894e+01,4.001134048893649542e+00
6.335524435553015365e+01,3.115148639957247667e+00
6.337525007144898836e+01,2.731603165370271924e+00
6.339525578736782307e+01,3.431892258910965054e+00
6.341526150328665778e+01,2.883648382317018921e+00
6.343526721920549249e+01,3.058775529897117984e+00
6.345527293512432720e+01,3.218445843116788829e+00
6.347527865104315481e+01,3.006169217138494609e+00
6.349528436696198952e+01,3.871214737403405159e+00
6.351529008288082423e+01,3.576420270127424139e+00
6.353529579879965894e+01,3.066937089377628212e+00
6.355530151471849365e+01,3.849312113491500487e+00
6.357530723063732836e+01,3.627691925732348999e+00
6.359531294655616307e+01,3.774181347987078716e+00
6.361531866247499778e+01,4.332700221488323677e+00
6.363532437839383249e+01,4.180811926289433877e+00
6.365533009431266720e+01,4.431026096488313470e+00
6.367533581023149480e+01,3.533862221442056750e+00
6.369534152615032951e+01,3.913910569645528525e+00
6.371534724206916422e+01,3.908958624547711924e+00
6.373535295798799893e+01,3.328244457973364767e+00
6.375535867390683364e+01,4.354565566772265583e+00
6.377536438982566835e+01,3.375516943961206273e+00
6.379537010574450306e+01,4.207205757520057432e+00
6.381537582166333777e+01,3.336864571159187776e+00
6.383538153758217248e+01,3.915547413355320749e+00
6.385538725350100009e+01,4.049810910422706023e+00
6.387539296941983480e+01,3.452175478420999255e+00
6.389539868533866951e+01,2.985233144699398267e+00
6.391540440125750422e+01,3.462584306770896792e+00
6.393541011717633893e+01,3.638737854803970606e+00
6.395541583309517364e+01,3.142371419384092590e+00
6.397542154901400835e+01,3.294752755990555393e+00
6.399542726493284306e+01,3.935936257422064877e+00
6.401543298085167066e+01,3.439682290617875893e+00
6.403543869677051248e+01,3.522804820038150986e+00
6.405544441268934008e+01,3.064792478527387232e+00
6.407545012860816769e+01,3.522953789599587715e+00
6.409545584452700950e+01,4.173905178671664551e+00
6.411546156044585132e+01,2.929355549722404639e+00
6.413546727636467892e+01,3.183019214234986904e+00
6.415547299228350653e+01,4.373707645817585643e+00
6.417547870820234834e+01,3.511334744567724986e+00
6.419548442412119016e+01,3.758616991300484322e+00
6.421549014004001776e+01,3.891745181124182107e+00
6.423549585595884537e+01,4.321664508506399827e+00
6.425550157187768718e+01,4.932283361136197364e+00
6.427550728779651479e+01,3.997591927576217508e+00
6.429551300371534239e+01,4.423654785012002932e+00
6.431551871963418421e+01,5.558076059350952391e+00
6.433552443555302602e+01,4.678242607942149078e+00
6.435553015147185363e+01,5.403746742311878570e+00
6.437553586739068123e+01,5.320544161002575656e+00
6.439554158330952305e+01,5.697879594877072407e+00
6.441554729922835065e+01,6.101448607708206850e+00
6.443555301514717826e+01,6.343167069933215885e+00
6.445555873106602007e+01,5.087988310248516832e+00
6.447556444698486189e+01,5.464412561329953455e+00
6.449557016290368949e+01,5.968422791100513436e+00
6.451557587882251710e+01,5.728335914060429523e+00
6.453558159474135891e+01,5.721211021478481484e+00
6.455558731066020073e+01,6.156438385761358489e+00
6.457559302657902833e+01,5.662513500515125031e+00
6.459559874249785594e+01,5.191607329288293826e+00
6.461560445841669775e+01,4.804323998939531215e+00
6.463561017433552536e+01,4.764606548777513773e+00
6.465561589025435296e+01,5.232235605697951542e+00
6.467562160617319478e+01,5.164552047199496343e+00
6.469562732209203659e+01,4.907143119827045652e+00
6.471563303801086420e+01,4.926660677559338453e+00
6.473563875392969180e+01,4.441273839969924531e+00
6.475564446984853362e+01,4.589038356622509696e+00
6.477565018576737543e+01,4.796314005846676665e+00
6.479565590168618883e+01,4.836464062249597795e+00
6.481566161760503064e+01,4.728502485362970020e+00
6.483566733352387246e+01,4.482056676157292863e+00
6.485567304944270006e+01,4.016429894551022173e+00
6.487567876536152767e+01,4.837148621394097070e+00
6.489568448128036948e+01,4.336986690629642816e+00
6.491569019719921130e+01,5.273692886789397960e+00
6.493569591311803890e+01,5.480528186684625602e+00
6.495570162903686651e+01,5.394339171707408731e+00
6.497570734495570832e+01,4.461986170510302330e+00
6.499571306087453593e+01,5.267171177827460582e+00
6.501571877679336353e+01,5.104195292670535622e+00
6.503572449271220535e+01,5.309916098756414016e+00
6.505573020863104716e+01,5.287961349621784990e+00
6.507573592454987477e+01,5.456700081868971708e+00
6.509574164046870237e+01,4.888748423917538055e+00
6.511574735638754419e+01,5.208542641097571035e+00
6.513575307230638600e+01,5.468967702238194839e+00
6.515575878822521361e+01,5.561849245627215055e+00
6.517576450414404121e+01,5.373133820052238718e+00
6.519577022006288303e+01,4.482447105796348197e+00
6.521577593598171063e+01,5.377724843394856791e+00
6.523578165190053824e+01,4.620279735966630774e+00
6.525578736781938005e+01,4.260946519917837350e+00
6.527579308373822187e+01,4.416978628820728225e+00
6.529579879965704947e+01,3.970814866678111343e+00
6.531580451557587708e+01,4.370882052161381814e+00
6.533581023149471889e+01,3.388105266441967522e+00
6.535581594741354650e+01,4.224833787409253638e+00
6.537582166333237410e+01,3.684164381587817338e+00
6.539582737925121592e+01,3.892227535731926480e+00
6.541583309517005773e+01,4.671591350126240272e+00
6.543583881108888534e+01,4.559912932321288359e+00
6.545584452700771294e+01,4.126601492911500912e+00
6.547585024292655476e+01,4.254209537881640912e+00
6.549585595884539657e+01,4.525803120208759189e+00
6.551586167476422418e+01,5.032484861105579910e+00
6.553586739068305178e+01,4.050147126522032792e+00
6.555587310660189360e+01,4.878793696405071323e+00
6.557587882252072120e+01,4.794165993589965424e+00
6.559588453843954881e+01,4.759649103073565257e+00
6.561589025435839062e+01,5.405163227215828314e+00
6.563589597027723244e+01,5.066474430662239570e+00
6.565590168619606004e+01,5.612641218471228655e+00
6.567590740211488765e+01,5.681410980912295017e+00
6.569591311803372946e+01,6.366074337364972635e+00
6.571591883395257128e+01,5.642952771622264052e+00
6.573592454987138467e+01,5.405037168741604781e+00
6.575593026579022649e+01,5.181942362324278406e+00
6.577593598170906830e+01,5.243885648607955474e+00
6.579594169762789591e+01,5.310577477347110609e+00
6.581594741354672351e+01,5.715413664684827033e+00
6.583595312946556533e+01,5.068995107848937920e+00
6.585595884538440714e+01,5.444442251405337885e+00
6.587596456130323475e+01,5.174744460321020867e+00
6.589597027722206235e+01,4.580209184065336281e+00
6.591597599314090417e+01,5.179960072258274373e+00
6.593598170905973177e+01,4.924506856051820591e+00
6.595598742497855937e+01,4.688406587815933335e+00
6.597599314089740119e+01,4.493716744210514591e+00
6.599599885681624301e+01,3.710922806879596969e+00
6.601600457273507061e+01,4.999509716323927933e+00
6.603601028865389821e+01,3.355953888999247958e+00
6.605601600457274003e+01,4.313950744674768245e+00
6.607602172049158185e+01,3.681775723619578500e+00
6.609602743641040945e+01,4.073436642458435841e+00
6.611603315232923705e+01,3.792010826977911364e+00
6.613603886824807887e+01,4.553742109884370670e+00
6.615604458416690647e+01,4.202522919222543507e+00
6.617605030008573408e+01,3.149892929076393955e+00
6.619605601600457589e+01,3.454397507144452817e+00
6.621606173192341771e+01,2.925653133350896606e+00
6.623606744784224531e+01,3.999990110420803102e+00
6.625607316376107292e+01,2.857922192227371649e+00
6.627607887967991473e+01,3.467204540559464476e+00
6.629608459559874234e+01,3.046354202410996415e+00
6.631609031151756994e+01,3.300570142677378360e+00
6.633609602743641176e+01,3.282097579986806846e+00
6.635610174335525357e+01,3.391312674371581792e+00
6.637610745927408118e+01,3.129358209364745846e+00
6.639611317519290878e+01,2.616021800718287160e+00
6.641611889111175060e+01,3.429492854407395264e+00
6.643612460703059241e+01,3.857410003069290827e+00
6.645613032294942002e+01,3.184901253535811438e+00
6.647613603886824762e+01,3.265351801019069633e+00
6.649614175478708944e+01,2.592038579383312502e+00
6.651614747070591704e+01,2.639408247904078575e+00
6.653615318662474465e+01,2.871372539030888404e+00
6.655615890254358646e+01,2.382557666628048132e+00
6.657616461846242828e+01,3.456771129686700306e+00
6.659617033438125588e+01,2.588383341477227262e+00
6.661617605030008349e+01,2.147365060105407508e+00
6.663618176621892530e+01,3.002502680251447842e+00
6.665618748213776712e+01,2.875305239497594645e+00
6.667619319805658051e+01,2.605988932889603760e+00
6.669619891397542233e+01,2.526591338796783770e+00
6.671620462989426414e+01,2.684569751456538977e+00
6.673621034581309175e+01,3.547161748921241475e+00
6.675621606173191935e+01,3.062639557812213198e+00
6.677622177765076117e+01,3.102775684010052881e+00
6.679622749356960298e+01,3.480314928376976535e+00
6.681623320948843059e+01,2.625215804047941415e+00
6.683623892540725819e+01,3.052925523405740194e+00
6.685624464132610001e+01,3.017386760059747708e+00
6.687625035724492761e+01,2.727931025690663702e+00
6.689625607316375522e+01,3.133142863366134012e+00
6.691626178908259703e+01,2.840713217953206193e+00
6.693626750500143885e+01,2.485644061942706706e+00
6.695627322092026645e+01,2.495378858780826103e+00
6.697627893683909406e+01,2.796083646329603489e+00
6.699628465275793587e+01,3.261574237521942088e+00
6.701629036867677769e+01,2.453364692590500162e+00
6.703629608459560529e+01,2.284323128170904660e+00
6.705630180051443290e+01,2.502847523031744625e+00
6.707630751643327471e+01,2.642120782119787847e+00
6.709631323235210232e+01,2.418477738529881016e+00
6.711631894827092992e+01,2.380136849822321210e+00
6.713632466418977174e+01,2.364460527348508201e+00
6.715633038010861355e+01,2.721965521405076860e+00
6.717633609602744116e+01,2.311957067811982292e+00
6.719634181194626876e+01,2.696602316626512952e+00
6.721634752786511058e+01,2.512010530737841751e+00
6.723635324378393818e+01,2.618077874569001651e+00
6.725635895970276579e+01,3.039151773214490149e+00
6.727636467562160760e+01,2.234292825512223857e+00
6.729637039154044942e+01,2.340867157493070838e+00
6.731637610745927702e+01,1.968798067901052606e+00
6.733638182337810463e+01,3.175704928038410202e+00
6.735638753929694644e+01,1.787985520136512463e+00
6.737639325521578826e+01,2.137476978799538685e+00
6.739639897113461586e+01,2.339508079600657986e+00
6.741640468705344347e+01,2.574592978108878327e+00
6.743641040297228528e+01,2.713476973553131000e+00
6.745641611889111289e+01,2.934939802723343316e+00
6.747642183480994049e+01,2.857481432543287792e+00
6.749642755072878231e+01,3.365710165635964479e+00
6.751643326664762412e+01,3.414284251334071207e+00
6.753643898256645173e+01,3.499988130041177481e+00
6.755644469848527933e+01,3.529595853730276733e+00
6.757645041440412115e+01,3.421067230657021341e+00
6.759645613032296296e+01,3.863525283887474515e+00
6.761646184624177636e+01,3.919239822874659218e+00
6.763646756216061817e+01,3.973709556611711324e+00
6.765647327807945999e+01,4.081953432688059991e+00
6.767647899399828759e+01,3.745976504789706674e+00
6.769648470991711520e+01,3.574234917982258786e+00
6.771649042583595701e+01,4.310703638912898761e+00
6.773649614175479883e+01,3.790770943931542902e+00
6.775650185767362643e+01,3.992687316396393182e+00
6.777650757359245404e+01,4.182970909681459126e+00
6.779651328951129585e+01,4.204970001270382340e+00
6.781651900543012346e+01,3.172383425275466351e+00
6.783652472134895106e+01,2.824888051581462278e+00
6.785653043726779288e+01,3.164063701494924885e+00
6.787653615318663469e+01,3.730427664957118417e+00
6.789654186910546230e+01,3.133569634357836975e+00
6.791654758502428990e+01,2.739218046803845397e+00
6.793655330094313172e+01,3.000379243700246334e+00
6.795655901686197353e+01,2.632797788765626201e+00
6.797656473278080114e+01,2.562997504238802016e+00
6.799657044869962874e+01,2.330177637150324887e+00
6.801657616461847056e+01,2.440754061165523847e+00
6.803658188053729816e+01,2.407709473319216809e+00
6.805658759645612577e+01,2.147195074747838994e+00
6.807659331237496758e+01,2.373660479410328428e+00
6.809659902829380940e+01,2.178686252173131166e+00
6.811660474421263700e+01,1.514047906383357178e+00
6.813661046013146461e+01,1.367566101190260897e+00
6.815661617605030642e+01,1.893719110919366733e+00
6.817662189196913403e+01,1.482593928094115610e+00
6.819662760788796163e+01,1.704702063954754321e+00
6.821663332380680345e+01,1.247425425934724608e+00
6.823663903972564526e+01,1.966374361377729585e+00
6.825664475564447287e+01,1.714165201108353020e+00
6.827665047156330047e+01,1.399381993326552553e+00
6.829665618748214229e+01,1.380510812108307839e+00
6.831666190340098410e+01,1.571966922073870121e+00
6.833666761931981171e+01,1.308176581697289231e+00
6.835667333523863931e+01,1.281367385588497276e+00
6.837667905115748113e+01,1.334673253766216483e+00
6.839668476707630873e+01,1.549926830853574078e+00
6.841669048299513634e+01,6.819759610070816880e-01
6.843669619891397815e+01,9.335314608702834915e-01
6.845670191483281997e+01,9.224143920234961769e-01
6.847670763075164757e+01,1.424639196795056906e+00
6.849671334667047518e+01,8.836738946338882350e-01
6.851671906258931699e+01,1.558383841397125824e+00
6.853672477850815881e+01,1.683358165613705104e+00
6.855673049442697220e+01,2.051150940800087419e+00
6.857673621034581402e+01,1.490294890994931620e+00
6.859674192626465583e+01,1.506249869015997334e+00
6.861674764218348344e+01,2.325550594405556559e+00
6.863675335810231104e+01,9.718234556587811435e-01
6.865675907402115286e+01,8.631132884254995030e-01
6.867676478993999467e+01,1.967082295751208854e+00
6.869677050585882228e+01,1.274400122884917330e+00
6.871677622177764988e+01,1.394498885886852335e+00
6.873678193769649170e+01,1.582539623531921347e+00
6.875678765361531930e+01,1.739865044120829651e+00
6.877679336953414690e+01,1.645161393494005253e+00
6.879679908545298872e+01,1.101933507625665554e+00
6.881680480137183054e+01,1.701690098833729792e+00
6.883681051729065814e+01,1.702570303664605600e+00
6.885681623320948574e+01,1.540187388250828349e+00
6.887682194912832756e+01,1.030737142747623736e+00
6.889682766504716938e+01,1.824254861009103390e+00
6.891683338096599698e+01,1.728473500942403707e+00
6.893683909688482458e+01,1.496653938389424399e+00
6.895684481280366640e+01,1.395204425401017412e+00
6.897685052872249400e+01,1.196623875103531409e+00
6.899685624464132161e+01,1.659336470985622203e+00
6.901686196056016342e+01,1.910026651253225571e+00
6.903686767647900524e+01,1.717795866135457761e+00
6.905687339239783284e+01,1.040741207695218051e+00
6.907687910831666045e+01,1.617861744579421002e+00
6.909688482423550226e+01,2.709651689559095189e+00
6.911689054015432987e+01,2.588781982218999467e+00
6.913689625607315747e+01,1.756763079353650614e+00
6.915690197199199929e+01,2.605310223382494961e+00
6.917690768791084110e+01,2.110587624238596138e+00
6.919691340382966871e+01,2.386826164360119407e+00
6.921691911974849631e+01,2.404775117920805005e+00
6.923692483566733813e+01,2.788315711983474721e+00
6.925693055158617994e+01,1.911261655965592832e+00
6.927693626750500755e+01,2.688983580683623309e+00
6.929694198342383515e+01,2.288867654765403437e+00
6.931694769934267697e+01,2.758698689930874526e+00
6.933695341526150457e+01,2.164198538227523727e+00
6.935695913118033218e+01,2.993878379533555290e+00
6.937696484709917399e+01,2.106680273522073321e+00
6.939697056301801581e+01,2.386448472667502596e+00
6.941697627893684341e+01,3.198682626079913938e+00
6.943698199485567102e+01,3.417313125354848324e+00
6.945698771077451283e+01,3.041860818774096309e+00
6.947699342669335465e+01,2.859330963109649293e+00
6.949699914261216804e+01,2.782356113573097200e+00
6.951700485853100986e+01,3.072531786829197920e+00
6.953701057444985167e+01,2.992376116609487546e+00
6.955701629036867928e+01,3.810742370989226302e+00
6.957702200628750688e+01,2.576759945251585471e+00
6.959702772220634870e+01,3.376526846232353662e+00
6.961703343812519051e+01,3.303807639880899316e+00
6.963703915404401812e+01,3.383724215598482576e+00
6.965704486996284572e+01,3.431724816903855668e+00
6.967705058588168754e+01,3.444742553121006523e+00
6.969705630180051514e+01,4.038250900184110925e+00
6.971706201771934275e+01,2.623384675744907746e+00
6.973706773363818456e+01,3.087291447669931799e+00
6.975707344955702638e+01,3.382755171970074581e+00
6.977707916547585398e+01,2.561988129637336797e+00
6.979708488139468159e+01,2.964646407592273825e+00
6.981709059731352340e+01,2.223187624703502507e+00
6.983709631323236522e+01,3.400632343044709849e+00
6.985710202915119282e+01,2.216267689280492448e+00
6.987710774507002043e+01,2.781109876140904547e+00
6.989711346098886224e+01,2.366836718472112189e+00
6.991711917690768985e+01,2.380376240840676338e+00
6.993712489282651745e+01,3.082503272997231036e+00
6.995713060874535927e+01,2.633323115657955071e+00
6.997713632466420108e+01,2.268544101311225525e+00
6.999714204058302869e+01,2.709516311693120016e+00
7.001714775650185629e+01,2.871545148985264362e+00
7.003715347242069811e+01,3.355183045539027908e+00
7.005715918833952571e+01,2.690812228359436453e+00
7.007716490425835332e+01,2.708915279564536149e+00
7.009717062017719513e+01,3.803973753400870628e+00
7.011717633609603695e+01,2.710860463120731367e+00
7.013718205201486455e+01,3.364680034906477601e+00
7.015718776793369216e+01,3.154918352407620308e+00
7.017719348385253397e+01,2.782880592679532583e+00
7.019719919977137579e+01,3.416392115751366809e+00
7.021720491569020339e+01,4.058155642099084304e+00
7.023721063160903100e+01,3.824450329332524490e+00
7.025721634752787281e+01,3.733212834029003169e+00
7.027722206344670042e+01,3.632494323771684464e+00
7.029722777936552802e+01,4.043065283697227841e+00
7.031723349528436984e+01,3.844659849683789155e+00
7.033723921120321165e+01,3.192238431644358609e+00
7.035724492712203926e+01,4.120012493206479220e+00
7.037725064304086686e+01,3.571597385417867976e+00
7.039725635895970868e+01,3.002357847835752658e+00
7.041726207487855049e+01,3.829682424135060437e+00
7.043726779079736389e+01,3.629573157900965796e+00
7.045727350671620570e+01,2.626349563007098986e+00
7.047727922263504752e+01,2.897775585190077052e+00
7.049728493855387512e+01,2.346120745179702816e+00
7.051729065447270273e+01,2.414418524736110072e+00
7.053729637039154454e+01,2.872525111707003198e+00
7.055730208631038636e+01,2.820382772450516384e+00
7.057730780222921396e+01,2.623075679203259902e+00
7.059731351814804157e+01,2.165588314933444281e+00
7.061731923406688338e+01,2.430301816994763442e+00
7.063732494998571099e+01,2.141466692789434134e+00
7.065733066590453859e+01,1.221832669776749647e+00
7.067733638182338041e+01,2.193623187032640143e+00
7.069734209774222222e+01,2.699472058828710441e+00
7.071734781366104983e+01,2.000647513982259262e+00
7.073735352957987743e+01,2.176318323135722377e+00
7.075735924549871925e+01,1.525906087296255986e+00
7.077736496141756106e+01,1.077091724911675374e+00
7.079737067733638867e+01,1.627571142424490969e+00
7.081737639325521627e+01,1.541961619835405806e+00
7.083738210917405809e+01,1.976618044974767896e+00
7.085738782509288569e+01,2.137912537480914033e+00
7.087739354101171330e+01,1.253809148402102780e+00
7.089739925693055511e+01,1.621432359309493254e+00
7.091740497284939693e+01,1.878698904685482951e+00
7.093741068876822453e+01,1.131413495219697474e+00
7.095741640468705214e+01,1.859384160437406619e+00
7.097742212060589395e+01,1.494209065198381925e+00
7.099742783652472156e+01,1.583910405138929445e+00
7.101743355244354916e+01,2.203314835124419169e+00
7.103743926836239098e+01,1.240327666741248835e+00
7.105744498428123279e+01,1.289712062478436172e+00
7.107745070020006040e+01,1.908481295764618224e+00
7.109745641611888800e+01,2.425937750775740476e+00
7.111746213203772982e+01,1.616451236513734013e+00
7.113746784795657163e+01,1.507813551845742506e+00
7.115747356387539924e+01,1.912584316520467453e+00
7.117747927979422684e+01,3.145493350937113686e+00
7.119748499571306866e+01,2.722309489336833366e+00
7.121749071163189626e+01,2.161099557376469082e+00
7.123749642755072387e+01,2.861389726431394998e+00
7.125750214346956568e+01,2.676382870285284987e+00
7.127750785938840750e+01,2.869575108600148194e+00
7.129751357530723510e+01,2.895951212268186303e+00
7.131751929122606271e+01,3.332615562028776957e+00
7.133752500714490452e+01,2.860645880947763509e+00
7.135753072306374634e+01,3.663980246228547344e+00
7.137753643898255973e+01,3.113105774970356343e+00
7.139754215490140155e+01,3.037533908614223233e+00
7.141754787082024336e+01,2.838637634024796963e+00
7.143755358673907097e+01,3.377316558233190769e+00
7.145755930265789857e+01,2.672739132411672713e+00
7.147756501857674039e+01,2.566986779616558856e+00
7.149757073449558220e+01,3.043774265069649765e+00
7.151757645041440981e+01,3.360128243126246694e+00
7.153758216633323741e+01,2.460399233350034187e+00
7.155758788225207923e+01,2.035288086791986473e+00
7.157759359817090683e+01,2.582617164159415779e+00
7.159759931408973443e+01,2.545076967729792194e+00
7.161760503000857625e+01,2.821122842570697564e+00
7.163761074592741807e+01,2.567145566985177485e+00
7.165761646184624567e+01,1.961344997749609576e+00
7.167762217776507327e+01,1.752965488291333473e+00
7.169762789368391509e+01,2.855202092819167703e+00
7.171763360960275691e+01,2.590519765996505797e+00
7.173763932552158451e+01,1.741656065169404410e+00
7.175764504144041211e+01,2.235272468010623292e+00
7.177765075735925393e+01,1.824812545661440577e+00
7.179765647327808153e+01,2.298099764697182579e+00
7.181766218919690914e+01,2.221883168065080572e+00
7.183766790511575095e+01,2.711494979165145480e+00
7.185767362103459277e+01,2.208121833128483757e+00
7.187767933695342037e+01,2.209764130119800551e+00
7.189768505287224798e+01,1.996791216847238593e+00
7.191769076879108979e+01,2.056841261944574395e+00
7.193769648470991740e+01,2.229285724941922453e+00
7.195770220062874500e+01,2.480605448362706245e+00
7.197770791654758682e+01,3.011281827779973774e+00
7.199771363246642863e+01,3.015761879704503379e+00
7.201771934838525624e+01,3.362056769443955595e+00
7.203772506430408384e+01,3.180157828895781691e+00
7.205773078022292566e+01,3.156789383100581770e+00
7.207773649614176747e+01,2.796576318482340007e+00
7.209774221206059508e+01,2.814221929999478622e+00
7.211774792797942268e+01,2.134631067287817707e+00
7.213775364389826450e+01,2.734283189658536450e+00
7.215775935981709210e+01,2.937959957383181830e+00
7.217776507573591971e+01,2.985212849133975777e+00
7.219777079165476152e+01,2.358692664384031801e+00
7.221777650757360334e+01,1.865538233622517694e+00
7.223778222349243094e+01,2.397364297192427607e+00
7.225778793941125855e+01,3.208898002638887359e+00
7.227779365533010036e+01,2.146030410098474395e+00
7.229779937124894218e+01,2.620370497278853072e+00
7.231780508716775557e+01,2.295724373568813981e+00
7.233781080308659739e+01,2.399545299953492972e+00
7.235781651900543920e+01,2.653612263293140039e+00
7.237782223492426681e+01,3.327582564730137804e+00
7.239782795084309441e+01,3.325577973009014698e+00
7.241783366676193623e+01,3.053451079314857264e+00
7.243783938268077804e+01,2.615758873031831300e+00
7.245784509859960565e+01,3.394252360626942355e+00
7.247785081451843325e+01,2.900288215943787495e+00
7.249785653043727507e+01,3.735574831338863699e+00
7.251786224635610267e+01,2.633559909640929231e+00
7.253786796227493028e+01,2.977378411807668712e+00
7.255787367819377209e+01,3.580834252737105317e+00
7.257787939411261391e+01,3.613047447987430605e+00
7.259788511003144151e+01,3.883141340411800702e+00
7.261789082595026912e+01,3.654711442997610860e+00
7.263789654186911093e+01,3.561360556750560402e+00
7.265790225778795275e+01,4.085117435867133828e+00
7.267790797370678035e+01,3.427064742873045855e+00
7.269791368962560796e+01,3.628136395438068540e+00
7.271791940554444977e+01,4.164220833453020632e+00
7.273792512146327738e+01,3.796500274965860733e+00
7.275793083738210498e+01,3.884634559954917243e+00
7.277793655330094680e+01,3.517345098428029004e+00
7.279794226921978861e+01,4.108655291497523621e+00
7.281794798513861622e+01,3.231711988838671168e+00
7.283795370105744382e+01,3.213730786576840082e+00
7.285795941697628564e+01,3.762648257768234750e+00
7.287796513289511324e+01,3.512854527473255217e+00
7.289797084881394085e+01,2.655696109950510309e+00
7.291797656473278266e+01,3.035424827332138697e+00
7.293798228065162448e+01,3.158716950414154567e+00
7.295798799657045208e+01,3.311652272068550840e+00
7.297799371248927969e+01,3.150457218835532203e+00
7.299799942840812150e+01,3.571819159722625869e+00
7.301800514432696332e+01,2.555690462157331311e+00
7.303801086024579092e+01,3.078521689040805143e+00
7.305801657616461853e+01,2.723891967025529048e+00
7.307802229208346034e+01,3.164500000810106517e+00
7.309802800800228795e+01,3.231562199738637453e+00
7.311803372392111555e+01,3.000946050922288499e+00
7.313803943983995737e+01,2.408268347576588919e+00
7.315804515575879918e+01,2.548878871047101757e+00
7.317805087167762679e+01,2.455233840222058816e+00
7.319805658759645439e+01,3.382924715967268625e+00
7.321806230351529621e+01,3.428121895390224605e+00
7.323806801943413802e+01,2.335970101689373024e+00
7.325807373535295142e+01,2.570157703192182730e+00
7.327807945127179323e+01,3.562345236882499044e+00
7.329808516719063505e+01,2.769084440558517102e+00
7.331809088310946265e+01,3.064874077271611874e+00
7.333809659902829026e+01,3.295735808787921606e+00
7.335810231494713207e+01,2.469987992995780868e+00
7.337810803086597389e+01,2.932154118083112770e+00
7.339811374678480149e+01,2.840077738455115686e+00
7.341811946270362910e+01,2.753594840656869547e+00
7.343812517862247091e+01,3.358814404456502700e+00
7.345813089454129852e+01,3.094062196820745569e+00
7.347813661046012612e+01,2.765541781631254636e+00
7.349814232637896794e+01,3.381844364557253790e+00
7.351814804229780975e+01,1.980592616171772402e+00
7.353815375821663736e+01,2.159708436484328864e+00
7.355815947413546496e+01,2.795205547298182047e+00
7.357816519005430678e+01,2.353385725401294426e+00
7.359817090597314859e+01,2.718760121058724444e+00
7.361817662189197620e+01,2.714002847790091710e+00
7.363818233781080380e+01,2.526699042061837375e+00
7.365818805372964562e+01,2.767980801459423823e+00
7.367819376964847322e+01,1.887996660066454169e+00
7.369819948556730083e+01,2.893900418273592567e+00
7.371820520148614264e+01,2.228542060341319075e+00
7.373821091740498446e+01,2.842772232491678874e+00
7.375821663332381206e+01,3.380068589767344811e+00
7.377822234924263967e+01,2.522535268083931914e+00
7.379822806516148148e+01,3.075214408606071093e+00
7.381823378108030909e+01,2.286753454613930092e+00
7.383823949699913669e+01,3.314019207479715234e+00
7.385824521291797851e+01,3.902653383846272028e+00
7.387825092883682032e+01,4.089264795683018150e+00
7.389825664475564793e+01,3.044521461202755130e+00
7.391826236067447553e+01,3.824573515569891669e+00
7.393826807659331735e+01,3.346025743361966676e+00
7.395827379251215916e+01,3.545644660788762614e+00
7.397827950843098677e+01,4.064931456406369215e+00
7.399828522434981437e+01,3.101050413818156937e+00
7.401829094026865619e+01,3.303257714097848741e+00
7.403829665618748379e+01,3.901448569631304153e+00
7.405830237210632561e+01,2.972713719705684099e+00
7.407830808802515321e+01,3.287971159504551544e+00
7.409831380394398082e+01,3.239928652416847576e+00
7.411831951986282263e+01,3.654750687359571870e+00
7.413832523578165024e+01,2.887103519192729895e+00
7.415833095170049205e+01,3.294226657875604314e+00
7.417833666761931966e+01,3.288518972037426380e+00
7.419834238353816147e+01,3.616638931200369278e+00
7.421834809945698908e+01,2.698284031555144402e+00
7.423835381537583089e+01,2.879216863928265369e+00
7.425835953129465850e+01,3.869009477255813678e+00
7.427836524721348610e+01,3.403157737385157589e+00
7.429837096313232792e+01,3.112768570197729012e+00
7.431837667905115552e+01,3.981681001399115516e+00
7.433838239496999734e+01,2.959371372109722120e+00
7.435838811088882494e+01,4.794348087312400253e+00
7.437839382680766676e+01,3.449233280106080990e+00
7.439839954272649436e+01,4.964580768946531109e+00
7.441840525864533618e+01,5.085727288713605354e+00
7.443841097456416378e+01,4.987911208814441721e+00
7.445841669048300560e+01,4.365385844393850689e+00
7.447842240640183320e+01,4.308250551678704632e+00
7.449842812232066080e+01,4.571938299974480202e+00
7.451843383823950262e+01,4.912047962766815878e+00
7.453843955415833022e+01,4.643646547238835964e+00
7.455844527007717204e+01,5.419517150604293398e+00
7.457845098599599964e+01,4.951135465410656522e+00
7.459845670191484146e+01,4.799763127677860730e+00
7.461846241783366906e+01,4.675099980892897022e+00
7.463846813375251088e+01,4.331972821566660414e+00
7.465847384967133848e+01,4.334342424697963381e+00
7.467847956559016609e+01,4.399267253730701377e+00
7.469848528150900790e+01,4.713581859860397572e+00
7.471849099742783551e+01,4.463033423589370940e+00
7.473849671334667732e+01,3.515697222427452306e+00
7.475850242926550493e+01,3.946002155513125942e+00
7.477850814518434674e+01,3.556810853918435100e+00
7.479851386110317435e+01,3.792686659814389571e+00
7.481851957702201616e+01,2.977660034629862729e+00
7.483852529294084377e+01,3.400759483950561268e+00
7.485853100885967137e+01,2.651355762141089034e+00
7.487853672477851319e+01,3.031116956684241082e+00
7.489854244069734079e+01,2.975333852810997826e+00
7.491854815661618261e+01,3.350641612273444814e+00
7.493855387253501021e+01,2.119764016427047704e+00
7.495855958845385203e+01,2.524224895772706034e+00
7.497856530437267963e+01,2.889610234940430455e+00
7.499857102029152145e+01,2.659706269996082284e+00
7.501857673621034905e+01,2.659264343043563183e+00
7.503858245212917666e+01,2.004314249650756441e+00
7.505858816804801847e+01,3.533519795586249401e+00
7.507859388396684608e+01,3.171457432531188392e+00
7.509859959988568789e+01,3.518865138630353773e+00
7.511860531580451550e+01,3.178165573728239046e+00
7.513861103172335731e+01,2.728079505383546710e+00
7.515861674764218492e+01,3.566133854402259828e+00
7.517862246356102673e+01,2.755902590215566050e+00
7.519862817947985434e+01,3.781320032383890251e+00
7.521863389539868194e+01,2.982602104504237683e+00
7.523863961131752376e+01,3.524625388840364693e+00
7.525864532723635136e+01,3.471978845296101568e+00
7.527865104315519318e+01,2.917427883252764254e+00
7.529865675907402078e+01,2.640204229185243001e+00
7.531866247499286260e+01,2.855690777754048781e+00
7.533866819091169020e+01,2.623196524070698921e+00
7.535867390683053202e+01,2.948108297444061776e+00
7.537867962274935962e+01,2.516502365965695098e+00
7.539868533866820144e+01,3.287327791469585314e+00
7.541869105458702904e+01,2.394051198767970234e+00
7.543869677050585665e+01,2.476344865838454368e+00
7.545870248642469846e+01,2.308799446125646693e+00
7.547870820234352607e+01,2.536664234332645318e+00
7.549871391826236788e+01,2.021731522897166844e+00
7.551871963418119549e+01,2.781329127584911021e+00
7.553872535010003730e+01,1.570340609413068744e+00
7.555873106601886491e+01,2.516592145916116685e+00
7.557873678193770672e+01,2.540889008767999613e+00
7.559874249785653433e+01,2.796643336650137091e+00
7.561874821377536193e+01,2.875962518717312566e+00
7.563875392969420375e+01,2.411069023048169058e+00
7.565875964561303135e+01,2.614399857684515993e+00
7.567876536153187317e+01,2.719566990660020167e+00
7.569877107745070077e+01,1.918262482402313118e+00
7.571877679336954259e+01,2.847398432833001536e+00
7.573878250928837019e+01,1.816302652196734257e+00
7.575878822520721201e+01,2.086999230963743734e+00
7.577879394112603961e+01,2.272390293654153126e+00
7.579879965704486722e+01,2.058879454552458022e+00
7.581880537296370903e+01,2.759460435907653775e+00
7.583881108888253664e+01,2.226027919793490017e+00
7.585881680480137845e+01,1.888985419001534272e+00
7.587882252072020606e+01,1.703998400350854148e+00
7.589882823663904787e+01,2.165528739341539222e+00
7.591883395255787548e+01,2.302340679706460946e+00
7.593883966847671729e+01,2.536032322067992339e+00
7.595884538439554490e+01,2.068801642332235957e+00
7.597885110031437250e+01,3.073540917667456185e+00
7.599885681623321432e+01,2.111204240279998867e+00
7.601886253215204192e+01,2.646605987527214765e+00
7.603886824807088374e+01,2.149082607987234717e+00
7.605887396398971134e+01,3.008706621047433583e+00
7.607887967990855316e+01,2.924313370463311745e+00
7.609888539582738076e+01,3.104021453935496222e+00
7.611889111174622258e+01,3.478750705597125403e+00
7.613889682766505018e+01,3.621556717926273983e+00
7.615890254358387779e+01,3.408407931937878388e+00
7.617890825950271960e+01,3.453307025524763318e+00
7.619891397542154721e+01,2.786641264870461043e+00
7.621891969134038902e+01,3.131812689017668738e+00
7.623892540725921663e+01,2.399461850116757500e+00
7.625893112317805844e+01,2.962320638513269877e+00
7.627893683909688605e+01,2.790149895068946506e+00
7.629894255501572786e+01,2.941677515476142091e+00
7.631894827093455547e+01,2.611415774823044877e+00
7.633895398685339728e+01,2.717063943772381585e+00
7.635895970277222489e+01,2.187909096449221824e+00
7.637896541869105249e+01,2.109311529280200492e+00
7.639897113460989431e+01,3.217839372596793535e+00
7.641897685052872191e+01,2.383024493084099138e+00
7.643898256644756373e+01,2.955933189831243091e+00
7.645898828236639133e+01,2.008630829488589509e+00
7.647899399828523315e+01,2.814032409541335156e+00
7.649899971420406075e+01,2.808590035966818554e+00
7.651900543012290257e+01,2.717053011078490066e+00
7.653901114604173017e+01,2.088853949753941119e+00
7.655901686196055778e+01,2.580949042705313001e+00
7.657902257787939959e+01,2.605592890918345894e+00
7.659902829379822720e+01,3.005666939198106569e+00
7.661903400971706901e+01,2.567913026514658803e+00
7.663903972563589662e+01,2.342261660040552584e+00
7.665904544155473843e+01,2.876717549721939271e+00
7.667905115747356604e+01,2.269940848814238521e+00
7.669905687339240785e+01,2.432791295798473641e+00
7.671906258931123546e+01,3.242327735714214398e+00
7.673906830523006306e+01,2.518080744156873330e+00
7.675907402114890488e+01,3.250104752415036380e+00
7.677907973706773248e+01,2.476909927643769826e+00
7.679908545298657430e+01,2.696018155970551611e+00
7.681909116890540190e+01,2.663469450708689568e+00
7.683909688482424372e+01,2.578248045651232001e+00
7.685910260074307132e+01,3.029890275015992174e+00
7.687910831666191314e+01,1.896536708440030861e+00
7.689911403258074074e+01,3.028647192295155666e+00
7.691911974849956835e+01,2.114030255229242705e+00
7.693912546441841016e+01,2.792473001159023305e+00
7.695913118033723777e+01,2.995608833628859546e+00
7.697913689625607958e+01,1.950590095828332871e+00
7.699914261217490719e+01,2.851735891594696426e+00
7.701914832809374900e+01,2.644287873170992675e+00
7.703915404401257661e+01,1.613503467075003694e+00
7.705915975993141842e+01,2.473335912673356507e+00
7.707916547585024603e+01,1.959125800982948196e+00
7.709917119176907363e+01,2.394538972985849057e+00
7.711917690768791545e+01,2.549283304054088539e+00
7.713918262360674305e+01,1.863115241726940319e+00
7.715918833952558487e+01,2.018919108212105407e+00
7.717919405544441247e+01,2.429065810310157669e+00
7.719919977136325429e+01,1.534686882080345871e+00
7.721920548728208189e+01,1.687162706988529992e+00
7.723921120320092371e+01,1.764221252208516333e+00
7.725921691911975131e+01,1.810399472005689958e+00
7.727922263503859313e+01,1.428736177405884877e+00
7.729922835095742073e+01,1.373192849441252861e+00
7.731923406687624833e+01,1.666266638272065226e+00
7.733923978279509015e+01,2.242576664194238845e+00
7.735924549871391775e+01,1.415146164182600863e+00
7.737925121463275957e+01,2.624307194465917537e+00
7.739925693055158717e+01,2.483428726518571494e+00
7.741926264647042899e+01,2.183402378664085042e+00
7.743926836238925659e+01,2.098491225599187437e+00
7.745927407830809841e+01,2.920401543452760151e+00
7.747927979422692601e+01,2.550294759646547060e+00
7.749928551014575362e+01,2.644027761951061706e+00
7.751929122606459543e+01,2.773257471539831265e+00
7.753929694198342304e+01,3.772872290520302485e+00
7.755930265790226485e+01,2.974746046688808487e+00
7.757930837382109246e+01,2.926552665683258780e+00
7.759931408973993427e+01,3.604333084702868284e+00
7.761931980565876188e+01,3.132356065792037292e+00
7.763932552157760369e+01,3.140565222281143321e+00
7.765933123749643130e+01,3.441721054835102045e+00
7.767933695341525890e+01,3.136030325897830373e+00
7.769934266933410072e+01,3.651147406200445644e+00
7.771934838525292832e+01,3.683330687852786056e+00
7.773935410117177014e+01,4.508794778395277980e+00
7.775935981709059774e+01,4.134824499281164023e+00
7.777936553300943956e+01,4.177288790820515629e+00
7.779937124892826716e+01,4.552124639938016415e+00
7.781937696484710898e+01,4.091621089649647658e+00
7.783938268076593658e+01,3.939616346878098252e+00
7.785938839668476419e+01,3.778305563882207174e+00
7.787939411260360600e+01,4.598783093813183953e+00
7.789939982852243361e+01,3.734116881099082352e+00
7.791940554444127542e+01,3.936104997539703554e+00
7.793941126036010303e+01,4.207298360026168638e+00
7.795941697627894484e+01,3.455372278412973230e+00
7.797942269219777245e+01,2.858681814101394991e+00
7.799942840811661426e+01,3.164671883899311311e+00
7.801943412403544187e+01,3.007520087281157384e+00
7.803943983995426947e+01,3.002026907645918286e+00
7.805944555587311129e+01,3.812473347745727992e+00
7.807945127179193889e+01,3.696055298937249489e+00
7.809945698771078071e+01,3.088930561835903532e+00
7.811946270362960831e+01,3.130019245869898104e+00
7.813946841954845013e+01,2.728161673502539575e+00
7.815947413546727773e+01,2.681611229227822690e+00
7.817947985138611955e+01,3.026266603077647055e+00
7.819948556730494715e+01,1.866130714632605603e+00
7.821949128322378897e+01,2.784363142824744841e+00
7.823949699914261657e+01,2.588090410863941315e+00
7.825950271506144418e+01,2.816165224786374210e+00
7.827950843098028599e+01,2.037497613590157908e+00
7.829951414689911360e+01,2.536940143760594069e+00
7.831951986281795541e+01,1.631576868262248903e+00
7.833952557873678302e+01,2.271241634796970832e+00
7.835953129465562483e+01,1.881236573528910938e+00
7.837953701057445244e+01,2.127938584537161226e+00
7.839954272649329425e+01,1.885687054025634746e+00
7.841954844241212186e+01,2.421606917252257851e+00
7.843955415833094946e+01,2.345242983733656139e+00
7.845955987424979128e+01,2.688458860057404642e+00
7.847956559016861888e+01,3.006876473578949938e+00
7.849957130608746070e+01,2.500810616238807516e+00
7.851957702200628830e+01,1.868977663703865755e+00
7.853958273792513012e+01,2.809765759124447371e+00
7.855958845384395772e+01,1.893927158176170744e+00
7.857959416976279954e+01,1.491555068084810420e+00
7.859959988568162714e+01,2.019656099621711220e+00
7.861960560160045475e+01,1.954684480936743407e+00
7.863961131751929656e+01,1.702108269840219457e+00
7.865961703343812417e+01,2.272636060293130367e+00
7.867962274935696598e+01,2.185986552804410454e+00
7.869962846527579359e+01,3.109551097967560906e+00
7.871963418119463540e+01,2.401512103009570076e+00
7.873963989711346301e+01,2.692805736510660353e+00
7.875964561303230482e+01,2.145168011230224714e+00
7.877965132895113243e+01,1.806188120263305663e+00
7.879965704486996003e+01,1.850958566954998163e+00
7.881966276078880185e+01,2.165225141543254850e+00
7.883966847670762945e+01,2.311829740026480451e+00
7.885967419262647127e+01,2.312087298482041753e+00
7.887967990854529887e+01,2.026261239717634943e+00
7.889968562446414069e+01,2.459337350843756820e+00
7.891969134038296829e+01,2.441019452778158794e+00
7.893969705630181011e+01,2.548128166190867017e+00
7.895970277222063771e+01,2.604279349735311833e+00
7.897970848813946532e+01,2.419820649517464783e+00
7.899971420405830713e+01,2.290215551771281888e+00
7.901971991997713474e+01,2.687062657137751387e+00
7.903972563589597655e+01,2.155188938272194932e+00
7.905973135181480416e+01,1.959259701807652299e+00
7.907973706773364597e+01,1.855629013894074308e+00
7.909974278365247358e+01,2.063723918314086525e+00
7.911974849957131539e+01,2.824992971163275080e+00
7.913975421549014300e+01,2.261756782278668609e+00
7.915975993140898481e+01,2.600795010117980866e+00
7.917976564732781242e+01,2.376375026468234619e+00
7.919977136324664002e+01,1.971181688805557997e+00
7.921977707916548184e+01,2.393116299708147654e+00
7.923978279508430944e+01,1.419846391010215259e+00
7.925978851100315126e+01,2.744015091568412945e+00
7.927979422692197886e+01,2.053786331897864414e+00
7.929979994284082068e+01,2.135718033987176412e+00
7.931980565875964828e+01,2.347784407880703750e+00
7.933981137467849010e+01,2.482889631299195710e+00
7.935981709059731770e+01,2.535853520850393394e+00
7.937982280651614531e+01,2.444551757625615274e+00
7.939982852243498712e+01,2.374019651398570740e+00
7.941983423835381473e+01,2.414149921004138388e+00
7.943983995427265654e+01,1.926299148269702943e+00
7.945984567019148415e+01,1.815644471752427602e+00
7.947985138611032596e+01,1.435778841335439315e+00
7.949985710202915357e+01,2.071561979991623392e+00
7.951986281794799538e+01,2.650059765559370284e+00
7.953986853386682299e+01,2.035236835904341124e+00
7.955987424978565059e+01,2.671791059604265772e+00
7.957987996570449241e+01,2.084479381858770353e+00
7.959988568162332001e+01,1.721116139588738880e+00
7.961989139754216183e+01,1.966533201560522359e+00
7.963989711346098943e+01,2.802256523570040514e+00
7.965990282937983125e+01,1.945856001909248345e+00
7.967990854529865885e+01,2.281732205242116951e+00
7.969991426121750067e+01,2.032997326151267270e+00
7.971991997713632827e+01,1.644009405274982960e+00
7.973992569305515588e+01,2.697263324275581908e+00
7.975993140897399769e+01,2.579287263733122337e+00
7.977993712489282530e+01,2.345046199997945724e+00
7.979994284081166711e+01,2.039636054358067607e+00
7.981994855673049472e+01,1.250852995443228366e+00
7.983995427264933653e+01,1.658753974689041399e+00
7.985995998856816414e+01,2.095776906681192653e+00
7.987996570448700595e+01,1.896729123023620733e+00
7.989997142040583356e+01,2.071647249810457225e+00
7.991997713632466116e+01,1.996015989951164693e+00
7.993998285224350298e+01,2.449024912938472909e+00
7.995998856816233058e+01,2.188115007306866477e+00
7.997999428408117240e+01,1.251064686712111129e+00
8.000000000000000000e+01,1.411500960540594152e+00
