angle,intensity
1.000000000000000000e+01,2.732921439386339468e+00
1.002000571591883471e+01,1.600265477656186519e+01
1.004001143183766764e+01,1.577565136511674737e+01
1.006001714775650235e+01,1.597114291036602296e+01
1.008002286367533529e+01,1.602158561093673228e+01
1.010002857959417000e+01,1.604713032197323841e+01
1.012003429551300293e+01,1.582752607683788959e+01
1.014004001143183764e+01,1.562738077304386053e+01
1.016004572735067235e+01,1.627715200592675515e+01
1.018005144326950528e+01,1.594269462846581753e+01
1.020005715918833999e+01,1.593239714684245634e+01
1.022006287510717293e+01,1.629764578072632020e+01
1.024006859102600764e+01,1.540103190131045707e+01
1.026007430694484057e+01,1.537273209962284071e+01
1.028008002286367528e+01,1.543313581721255545e+01
1.030008573878250999e+01,1.514498817907400507e+01
1.032009145470134293e+01,1.584415845921504307e+01
1.034009717062017764e+01,1.548868133474690190e+01
1.036010288653901057e+01,1.570467843197353375e+01
1.038010860245784528e+01,1.598722026446983335e+01
1.040011431837667999e+01,1.585748903382753738e+01
1.042012003429551292e+01,1.586558592652272992e+01
1.044012575021434763e+01,1.521508607685913184e+01
1.046013146613318057e+01,1.495500466558510055e+01
1.048013718205201528e+01,1.445726424245878050e+01
1.050014289797084821e+01,1.529146388319527006e+01
1.052014861388968292e+01,1.476317835079938590e+01
1.054015432980851585e+01,1.453321566496359196e+01
1.056016004572735056e+01,1.430375336559566435e+01
1.058016576164618527e+01,1.407605856459612781e+01
1.060017147756501821e+01,1.293487306731380748e+01
1.062017719348385292e+01,1.377982743638531460e+01
1.064018290940268585e+01,1.278713602391157700e+01
1.066018862532152056e+01,1.150714947103232788e+01
1.068019434124035527e+01,1.133579397715175041e+01
1.070020005715918820e+01,9.912833761880913030e+00
1.072020577307802292e+01,9.972362241935114113e+00
1.074021148899685585e+01,9.439191717889753974e+00
1.076021720491569056e+01,8.543274900383329040e+00
1.078022292083452349e+01,7.341347222289199337e+00
1.080022863675335820e+01,7.502602363686414755e+00
1.082023435267219291e+01,6.245687435206441762e+00
1.084024006859102585e+01,5.449656113949401970e+00
1.086024578450986056e+01,5.906454323906261017e+00
1.088025150042869349e+01,5.377830892962812470e+00
1.090025721634752820e+01,5.049434114582286526e+00
1.092026293226636113e+01,4.945481926045861343e+00
1.094026864818519584e+01,4.442983993127787912e+00
1.096027436410403055e+01,4.239729452563032908e+00
1.098028008002286349e+01,4.174204106037278983e+00
1.100028579594169820e+01,4.499713160110401233e+00
1.102029151186053113e+01,4.482212395356934387e+00
1.104029722777936584e+01,4.076062948088075899e+00
1.106030294369819877e+01,4.664611152560807383e+00
1.108030865961703348e+01,4.113393062026618807e+00
1.110031437553586819e+01,4.368046602176662851e+00
1.112032009145470113e+01,3.689695061110731977e+00
1.114032580737353584e+01,3.561130230750956471e+00
1.116033152329236877e+01,3.513602433629782418e+00
1.118033723921120348e+01,3.779537996743732808e+00
1.120034295513003642e+01,4.163861718430840853e+00
1.122034867104887113e+01,3.823329498621018452e+00
1.124035438696770584e+01,3.615997312619087634e+00
1.126036010288653877e+01,3.433225077739838760e+00
1.128036581880537348e+01,3.506318140857632493e+00
1.130037153472420641e+01,3.695556854814692649e+00
1.132037725064304112e+01,3.362089928684965479e+00
1.134038296656187583e+01,3.627733247532518135e+00
1.136038868248070877e+01,3.302065862904163929e+00
1.138039439839954348e+01,4.209534738426494727e+00
1.140040011431837641e+01,3.707431080798533785e+00
1.142040583023721112e+01,4.155479881524264840e+00
1.144041154615604405e+01,3.975863336387113200e+00
1.146041726207487876e+01,4.074439495778525711e+00
1.148042297799371170e+01,3.837924880101371450e+00
1.150042869391254641e+01,3.647392106795567468e+00
1.152043440983138112e+01,3.130288601933378878e+00
1.154044012575021405e+01,2.925982348737059979e+00
1.156044584166904876e+01,3.073646738895489783e+00
1.158045155758788169e+01,4.235406230070486444e+00
1.160045727350671640e+01,3.339818964506999333e+00
1.162046298942555111e+01,3.513321220214057572e+00
1.164046870534438405e+01,3.843725042455647944e+00
1.166047442126321876e+01,4.380695520754521510e+00
1.168048013718205169e+01,3.643529946737763314e+00
1.170048585310088640e+01,3.603001364743292356e+00
1.172049156901971934e+01,3.963520657469341568e+00
1.174049728493855405e+01,3.863479343662524101e+00
1.176050300085738698e+01,3.883707999767461061e+00
1.178050871677622169e+01,3.334060079633074825e+00
1.180051443269505640e+01,4.028457628249961786e+00
1.182052014861388933e+01,3.397668871172966121e+00
1.184052586453272404e+01,3.522744933556037683e+00
1.186053158045155698e+01,4.336600715340455103e+00
1.188053729637039169e+01,3.804842892435584378e+00
1.190054301228922640e+01,3.420473621676719755e+00
1.192054872820805933e+01,3.570623617524126825e+00
1.194055444412689404e+01,3.549113029773651729e+00
1.196056016004572697e+01,4.214908978015784236e+00
1.198056587596456168e+01,3.843913170251142652e+00
1.200057159188339639e+01,3.571037908011968742e+00
1.202057730780222933e+01,4.013802665032130790e+00
1.204058302372106226e+01,3.802175651018319336e+00
1.206058873963989697e+01,3.789122951752156965e+00
1.208059445555873168e+01,4.109369588152809172e+00
1.210060017147756461e+01,3.736191430165828109e+00
1.212060588739639932e+01,3.617561654318107056e+00
1.214061160331523226e+01,3.117975933684158818e+00
1.216061731923406697e+01,3.780155471115393517e+00
1.218062303515290168e+01,3.350499547945321677e+00
1.220062875107173461e+01,4.219596119984243110e+00
1.222063446699056932e+01,3.810133554542710854e+00
1.224064018290940226e+01,3.364666491790943237e+00
1.226064589882823697e+01,2.765451525495809193e+00
1.228065161474707168e+01,3.728821441642596213e+00
1.230065733066590461e+01,4.344083649993917717e+00
1.232066304658473754e+01,3.805751305690249886e+00
1.234066876250357225e+01,3.612944298478189431e+00
1.236067447842240696e+01,4.182363924110203968e+00
1.238068019434123990e+01,3.319251842585922763e+00
1.240068591026007461e+01,3.988074887518612499e+00
1.242069162617890754e+01,4.510162934924015765e+00
1.244069734209774225e+01,4.394350541621243167e+00
1.246070305801657696e+01,3.975761759643225535e+00
1.248070877393540989e+01,4.473783007363292263e+00
1.250071448985424460e+01,4.037395117250174970e+00
1.252072020577307754e+01,3.665488794728190669e+00
1.254072592169191225e+01,3.656183662718606620e+00
1.256073163761074696e+01,4.176561827839053720e+00
1.258073735352957989e+01,3.207666189848026317e+00
1.260074306944841460e+01,3.971327607224873990e+00
1.262074878536724754e+01,3.343585067297933477e+00
1.264075450128608225e+01,3.703611426326246292e+00
1.266076021720491518e+01,2.819885057868553702e+00
1.268076593312374989e+01,3.016214406770783008e+00
1.270077164904258282e+01,3.520829805473166818e+00
1.272077736496141753e+01,3.716709807021111089e+00
1.274078308088025224e+01,3.419290346302841677e+00
1.276078879679908518e+01,3.200887022489940836e+00
1.278079451271791989e+01,3.685949157211076965e+00
1.280080022863675282e+01,4.194680495575623169e+00
1.282080594455558753e+01,4.148212021598156163e+00
1.284081166047442224e+01,4.207679199780642421e+00
1.286081737639325517e+01,3.970922336857602097e+00
1.288082309231208988e+01,3.617901469331784803e+00
1.290082880823092282e+01,3.924994119528115277e+00
1.292083452414975753e+01,3.782415804972135920e+00
1.294084024006859224e+01,3.737273721641851232e+00
1.296084595598742517e+01,3.408535791499803125e+00
1.298085167190625810e+01,4.096375800235535714e+00
1.300085738782509281e+01,3.555733384543222186e+00
1.302086310374392752e+01,4.364120408881150937e+00
1.304086881966276046e+01,3.819684036490003542e+00
1.306087453558159517e+01,4.025732637803002945e+00
1.308088025150042810e+01,3.303436896844282877e+00
1.310088596741926281e+01,4.337682220022433199e+00
1.312089168333809752e+01,3.480983448369380451e+00
1.314089739925693046e+01,3.418210834331364190e+00
1.316090311517576517e+01,3.449786910622249625e+00
1.318090883109459810e+01,3.824394168869038602e+00
1.320091454701343281e+01,3.167481328839916621e+00
1.322092026293226752e+01,3.227151374856779942e+00
1.324092597885110045e+01,4.037978830967632327e+00
1.326093169476993339e+01,3.875679080889872008e+00
1.328093741068876810e+01,3.686078002107104901e+00
1.330094312660760281e+01,3.527329161447818606e+00
1.332094884252643574e+01,3.974644765305589189e+00
1.334095455844527045e+01,3.333282672979503758e+00
1.336096027436410338e+01,3.628480626383352892e+00
1.338096599028293809e+01,3.471553128158563872e+00
1.340097170620177280e+01,3.806364280155830393e+00
1.342097742212060574e+01,3.998096909076551686e+00
1.344098313803944045e+01,2.942949270713744792e+00
1.346098885395827338e+01,3.274339276607513671e+00
1.348099456987710809e+01,3.931272962209952482e+00
1.350100028579594280e+01,3.925612855334207563e+00
1.352100600171477573e+01,3.826233013839028807e+00
1.354101171763361044e+01,3.805236182708333637e+00
1.356101743355244338e+01,4.130803998941527944e+00
1.358102314947127809e+01,2.787362795313149455e+00
1.360102886539011102e+01,3.097585658576980983e+00
1.362103458130894573e+01,3.433809675612326195e+00
1.364104029722777867e+01,3.632236128344072057e+00
1.366104601314661338e+01,2.821892856497508539e+00
1.368105172906544809e+01,4.198922959612568562e+00
1.370105744498428102e+01,3.574661125956032137e+00
1.372106316090311573e+01,3.659675521726706737e+00
1.374106887682194866e+01,3.046691934373537691e+00
1.376107459274078337e+01,4.239612341290407649e+00
1.378108030865961808e+01,3.014800642683113985e+00
1.380108602457845102e+01,3.157678959989529410e+00
1.382109174049728573e+01,3.532391855330780039e+00
1.384109745641611866e+01,4.408149525904553556e+00
1.386110317233495337e+01,3.443556086235428193e+00
1.388110888825378808e+01,3.326841881537529577e+00
1.390111460417262101e+01,2.922450323427772556e+00
1.392112032009145395e+01,3.337207613183349242e+00
1.394112603601028866e+01,3.581620413600256736e+00
1.396113175192912337e+01,3.480303796775540803e+00
1.398113746784795630e+01,3.888600405705711971e+00
1.400114318376679101e+01,3.261761039647055327e+00
1.402114889968562395e+01,3.431887449870948625e+00
1.404115461560445866e+01,3.679350721588896089e+00
1.406116033152329337e+01,2.890374509287020555e+00
1.408116604744212630e+01,3.327582321955080413e+00
1.410117176336095923e+01,3.694424771195627066e+00
1.412117747927979394e+01,3.373743361278727093e+00
1.414118319519862865e+01,2.882252491521612559e+00
1.416118891111746336e+01,3.745933436869855804e+00
1.418119462703629630e+01,3.678062537410170307e+00
1.420120034295512923e+01,3.252352819628298697e+00
1.422120605887396394e+01,3.104105985634779241e+00
1.424121177479279865e+01,3.485954455352659132e+00
1.426121749071163336e+01,2.982968139185367740e+00
1.428122320663046629e+01,3.730182663905152296e+00
1.430122892254929923e+01,3.733697408230622905e+00
1.432123463846813394e+01,3.307032102235162974e+00
1.434124035438696865e+01,3.560259827975075009e+00
1.436124607030580158e+01,3.758314119604222903e+00
1.438125178622463629e+01,3.960269115437910159e+00
1.440125750214346922e+01,3.247172654621448551e+00
1.442126321806230393e+01,3.436250654297995144e+00
1.444126893398113864e+01,3.741723756449932381e+00
1.446127464989997158e+01,3.294331703290163560e+00
1.448128036581880451e+01,2.998036203049470938e+00
1.450128608173763922e+01,3.940124942859760004e+00
1.452129179765647393e+01,4.311718602546619650e+00
1.454129751357530864e+01,3.367574395317027847e+00
1.456130322949414158e+01,3.455846489777067543e+00
1.458130894541297451e+01,4.333942062430065967e+00
1.460131466133180922e+01,3.435968822843317838e+00
1.462132037725064393e+01,3.137926399844441772e+00
1.464132609316947686e+01,3.860735708204097172e+00
1.466133180908831157e+01,3.777292660987408457e+00
1.468133752500714451e+01,3.904507713952308556e+00
1.470134324092597922e+01,3.066678601376911395e+00
1.472134895684481393e+01,3.241407784959563720e+00
1.474135467276364686e+01,4.013406129558534374e+00
1.476136038868247979e+01,3.373344455244958517e+00
1.478136610460131450e+01,4.122741742533538201e+00
1.480137182052014921e+01,3.072040393002026804e+00
1.482137753643898392e+01,3.657065380990357717e+00
1.484138325235781686e+01,4.384364847934806519e+00
1.486138896827664979e+01,3.404443546132870146e+00
1.488139468419548450e+01,2.817374780397206013e+00
1.490140040011431921e+01,3.675018375255614700e+00
1.492140611603315392e+01,3.232759555688571318e+00
1.494141183195198685e+01,3.535734931959496841e+00
1.496141754787081979e+01,3.271167574344368223e+00
1.498142326378965450e+01,3.443899010720281595e+00
1.500142897970848921e+01,3.385877132894314911e+00
1.502143469562732214e+01,3.722919744520480911e+00
1.504144041154615508e+01,4.247767589791062726e+00
1.506144612746498979e+01,3.150698841452317822e+00
1.508145184338382450e+01,3.730194109408091929e+00
1.510145755930265921e+01,3.453000497548686099e+00
1.512146327522149214e+01,3.130397038708078838e+00
1.514146899114032507e+01,3.480291125972271082e+00
1.516147470705915978e+01,2.818119464218969306e+00
1.518148042297799449e+01,3.526664019686553964e+00
1.520148613889682920e+01,3.937337683756734208e+00
1.522149185481566214e+01,4.300054249031558307e+00
1.524149757073449507e+01,3.700869821281012939e+00
1.526150328665332978e+01,3.423536246353863000e+00
1.528150900257216449e+01,3.404556511317404777e+00
1.530151471849099742e+01,3.508897118034314033e+00
1.532152043440983036e+01,4.061464552470570588e+00
1.534152615032866507e+01,3.800846593387865457e+00
1.536153186624749978e+01,4.204013707611453654e+00
1.538153758216633449e+01,3.446808760002624261e+00
1.540154329808516742e+01,4.166528443855506580e+00
1.542154901400400036e+01,3.856725006114690935e+00
1.544155472992283507e+01,3.933499878842017683e+00
1.546156044584166978e+01,3.645447069456392963e+00
1.548156616176050449e+01,3.975218767940052800e+00
1.550157187767933742e+01,3.268167138120453785e+00
1.552157759359817035e+01,3.895876862092883641e+00
1.554158330951700506e+01,4.009422001275913416e+00
1.556158902543583977e+01,3.300911555669060249e+00
1.558159474135467271e+01,2.874683720393083508e+00
1.560160045727350742e+01,3.065959501848548374e+00
1.562160617319234035e+01,3.407045262325662183e+00
1.564161188911117506e+01,3.612577770901284069e+00
1.566161760503000977e+01,3.083250058981702679e+00
1.568162332094884270e+01,4.292193529027769294e+00
1.570162903686767564e+01,3.797119463144976947e+00
1.572163475278651035e+01,4.053097696525449045e+00
1.574164046870534506e+01,3.311902532567342128e+00
1.576164618462417977e+01,3.663163260298580415e+00
1.578165190054301270e+01,3.142702305134112972e+00
1.580165761646184563e+01,3.141431615185440229e+00
1.582166333238068034e+01,3.809983374395037536e+00
1.584166904829951505e+01,3.099574517679664076e+00
1.586167476421834799e+01,3.390454672520403001e+00
1.588168048013718270e+01,2.969398967531141409e+00
1.590168619605601563e+01,3.469680672614230410e+00
1.592169191197485034e+01,3.825384947961306459e+00
1.594169762789368505e+01,3.579977728589206265e+00
1.596170334381251799e+01,3.289654415264466003e+00
1.598170905973135092e+01,3.680389293745244927e+00
1.600171477565018563e+01,3.382851811265706665e+00
1.602172049156902034e+01,4.023260204242328442e+00
1.604172620748785505e+01,3.371845793329609986e+00
1.606173192340668976e+01,3.390432524934285485e+00
1.608173763932552092e+01,3.352390406202951034e+00
1.610174335524435563e+01,3.852499773556476992e+00
1.612174907116319034e+01,3.843153777410649230e+00
1.614175478708202505e+01,3.741630703780928435e+00
1.616176050300085620e+01,3.331113296874630869e+00
1.618176621891969091e+01,4.051214821202665739e+00
1.620177193483852562e+01,3.481037229906316810e+00
1.622177765075736033e+01,4.117883790556215118e+00
1.624178336667619504e+01,3.608811648143012363e+00
1.626178908259502620e+01,3.604441346007813074e+00
1.628179479851386091e+01,4.001299733458449026e+00
1.630180051443269562e+01,3.190300818544739681e+00
1.632180623035153033e+01,3.450467670358972949e+00
1.634181194627036149e+01,3.893909810901026169e+00
1.636181766218919620e+01,3.668573622144086332e+00
1.638182337810803091e+01,3.084997414996746290e+00
1.640182909402686562e+01,4.405055867113573775e+00
1.642183480994570033e+01,4.037477164371083838e+00
1.644184052586453504e+01,3.082906197260037118e+00
1.646184624178336620e+01,3.086533301228847836e+00
1.648185195770220091e+01,3.911911452041466397e+00
1.650185767362103562e+01,3.079261709732391772e+00
1.652186338953986677e+01,3.095679693691603340e+00
1.654186910545870148e+01,3.148754328902426458e+00
1.656187482137753619e+01,4.197374499037142215e+00
1.658188053729637090e+01,3.407811823979699284e+00
1.660188625321520561e+01,3.870355213942167083e+00
1.662189196913404032e+01,3.552981168595187089e+00
1.664189768505287148e+01,4.055188601127300174e+00
1.666190340097170619e+01,4.013467902986436187e+00
1.668190911689054090e+01,3.494448469868444818e+00
1.670191483280937561e+01,3.442150580703187579e+00
1.672192054872820677e+01,4.013338808854898687e+00
1.674192626464704148e+01,3.555494526815182965e+00
1.676193198056587619e+01,3.652030935158634861e+00
1.678193769648471090e+01,4.083935609533037692e+00
1.680194341240354561e+01,3.969082932585090262e+00
1.682194912832238032e+01,3.619117316784422833e+00
1.684195484424121148e+01,3.540834942488684689e+00
1.686196056016004619e+01,3.620176086218589440e+00
1.688196627607888090e+01,4.340191289847904699e+00
1.690197199199771205e+01,4.585784874340507855e+00
1.692197770791654676e+01,4.309530548101193403e+00
1.694198342383538147e+01,4.686127564458424821e+00
1.696198913975421618e+01,4.305879322075586657e+00
1.698199485567305089e+01,3.572226880288942752e+00
1.700200057159188560e+01,3.123360982520826834e+00
1.702200628751071676e+01,3.429203794000132532e+00
1.704201200342955147e+01,4.102153991238330022e+00
1.706201771934838618e+01,3.529971195597924716e+00
1.708202343526722089e+01,3.680367351706472334e+00
1.710202915118605205e+01,3.750245663709134369e+00
1.712203486710488676e+01,3.619508186691407836e+00
1.714204058302372147e+01,3.222494187866154380e+00
1.716204629894255618e+01,3.471066095229833337e+00
1.718205201486139089e+01,3.045500475816475650e+00
1.720205773078022204e+01,4.285385700703760570e+00
1.722206344669905675e+01,3.204787497161311283e+00
1.724206916261789146e+01,4.021300658238782688e+00
1.726207487853672617e+01,3.648264074131847057e+00
1.728208059445555733e+01,3.785409602022270725e+00
1.730208631037439204e+01,4.510611905485239603e+00
1.732209202629322675e+01,3.286192981714934014e+00
1.734209774221206146e+01,4.156553313495364499e+00
1.736210345813089617e+01,3.771334163358386782e+00
1.738210917404973088e+01,3.908493050572657612e+00
1.740211488996856204e+01,3.027956007708278108e+00
1.742212060588739675e+01,3.880962619792355017e+00
1.744212632180623146e+01,4.294971260727772133e+00
1.746213203772506262e+01,4.128649610399613756e+00
1.748213775364389733e+01,4.196732733205175592e+00
1.750214346956273204e+01,3.425337766622777558e+00
1.752214918548156675e+01,3.465493586958255712e+00
1.754215490140040146e+01,4.288657411480582660e+00
1.756216061731923617e+01,4.034584615935054686e+00
1.758216633323806732e+01,4.357310576334151975e+00
1.760217204915690203e+01,4.204849858295533593e+00
1.762217776507573674e+01,3.682386690098386595e+00
1.764218348099457145e+01,4.709743582278123952e+00
1.766218919691340261e+01,3.403802154696089488e+00
1.768219491283223732e+01,4.561877229150025137e+00
1.770220062875107203e+01,4.404109879505408998e+00
1.772220634466990674e+01,3.812656089733544196e+00
1.774221206058874145e+01,4.552393815331563509e+00
1.776221777650757616e+01,4.403844857992305073e+00
1.778222349242640732e+01,3.970008510554485337e+00
1.780222920834524203e+01,4.671625806072564835e+00
1.782223492426407674e+01,4.751228707879327828e+00
1.784224064018290790e+01,4.011066287171713540e+00
1.786224635610174261e+01,4.512229187243548267e+00
1.788225207202057732e+01,4.866471831014504978e+00
1.790225778793941203e+01,4.932609259641427712e+00
1.792226350385824674e+01,4.578232467689305807e+00
1.794226921977708145e+01,4.852307682248348186e+00
1.796227493569591260e+01,5.270267771378236432e+00
1.798228065161474731e+01,5.162743127509495267e+00
1.800228636753358202e+01,4.708261775403443927e+00
1.802229208345241318e+01,4.461270330357076652e+00
1.804229779937124789e+01,4.328734052619901185e+00
1.806230351529008260e+01,3.810302198124575490e+00
1.808230923120891731e+01,5.106309348938345316e+00
1.810231494712775202e+01,4.549080548838288607e+00
1.812232066304658673e+01,4.822763989289272857e+00
1.814232637896542144e+01,4.530338544991366234e+00
1.816233209488425260e+01,4.237870706636394758e+00
1.818233781080308731e+01,3.610503893008661258e+00
1.820234352672191847e+01,4.124062229258711909e+00
1.822234924264075318e+01,4.516343531082402940e+00
1.824235495855958789e+01,3.533518310454472733e+00
1.826236067447842260e+01,3.756899636412171617e+00
1.828236639039725731e+01,2.934438353860718607e+00
1.830237210631609202e+01,3.707484370567753373e+00
1.832237782223492673e+01,3.435463788916005345e+00
1.834238353815375788e+01,3.689999581066859324e+00
1.836238925407259259e+01,4.020253836534809722e+00
1.838239496999142730e+01,3.459247288621652316e+00
1.840240068591025846e+01,3.093573915646241623e+00
1.842240640182909317e+01,4.213484740213231383e+00
1.844241211774792788e+01,3.655379248337054854e+00
1.846241783366676259e+01,3.962773017742635240e+00
1.848242354958559730e+01,3.376767856587072902e+00
1.850242926550443201e+01,3.886648491403132510e+00
1.852243498142326672e+01,3.893567816102682322e+00
1.854244069734209788e+01,3.268064351053323158e+00
1.856244641326093259e+01,4.176380015535491097e+00
1.858245212917976374e+01,3.283565107625362245e+00
1.860245784509859845e+01,3.723948951971230770e+00
1.862246356101743316e+01,3.948996637905087148e+00
1.864246927693626787e+01,3.505360511397207279e+00
1.866247499285510258e+01,3.600926195823111797e+00
1.868248070877393729e+01,3.279718267300634871e+00
1.870248642469277200e+01,3.580444360136886495e+00
1.872249214061160316e+01,3.229974829115516144e+00
1.874249785653043787e+01,3.781310654915837954e+00
1.876250357244927258e+01,3.201876032828665064e+00
1.878250928836810374e+01,3.796749383191741156e+00
1.880251500428693845e+01,3.702053744312541195e+00
1.882252072020577316e+01,3.331681616242987864e+00
1.884252643612460787e+01,4.024229727567934845e+00
1.886253215204344258e+01,3.782112528034879073e+00
1.888253786796227729e+01,4.435500067868217045e+00
1.890254358388111200e+01,3.541494724037903552e+00
1.892254929979994316e+01,4.201690138139237973e+00
1.894255501571877787e+01,3.712882680118346990e+00
1.896256073163760902e+01,3.876655750754680607e+00
1.898256644755644373e+01,3.638081810326155185e+00
1.900257216347527844e+01,3.631304597451109117e+00
1.902257787939411315e+01,3.778304477194731170e+00
1.904258359531294786e+01,4.294708495380112012e+00
1.906258931123178257e+01,3.611116551135932440e+00
1.908259502715061728e+01,3.557168540681189484e+00
1.910260074306944844e+01,3.870122496811676527e+00
1.912260645898828315e+01,3.515348094535978518e+00
1.914261217490711431e+01,3.804084639241534838e+00
1.916261789082594902e+01,3.658393134231217481e+00
1.918262360674478373e+01,3.856482438044181560e+00
1.920262932266361844e+01,3.663675125912886354e+00
1.922263503858245315e+01,3.852270425286371758e+00
1.924264075450128786e+01,3.889118134933492676e+00
1.926264647042012257e+01,3.716337440219171562e+00
1.928265218633895373e+01,3.457423014040615250e+00
1.930265790225778844e+01,3.985786125806035418e+00
1.932266361817662315e+01,3.794001524756869692e+00
1.934266933409545430e+01,3.798889229855943128e+00
1.936267505001428901e+01,4.816638886447816681e+00
1.938268076593312372e+01,4.684874773994097907e+00
1.940268648185195843e+01,4.083948554559253097e+00
1.942269219777079314e+01,4.011058236177282410e+00
1.944269791368962785e+01,4.282697049818481538e+00
1.946270362960846256e+01,4.402518212153511357e+00
1.948270934552729372e+01,4.754651223744235544e+00
1.950271506144612843e+01,4.647067943911226351e+00
1.952272077736495959e+01,3.644557928302764260e+00
1.954272649328379430e+01,4.389976183287519262e+00
1.956273220920262901e+01,4.399846626971704033e+00
1.958273792512146372e+01,4.101584884648713292e+00
1.960274364104029843e+01,4.934976030525369595e+00
1.962274935695913314e+01,3.980707110458541642e+00
1.964275507287796785e+01,4.727143820790930206e+00
1.966276078879679901e+01,5.175170764235129894e+00
1.968276650471563372e+01,4.124765446983922779e+00
1.970277222063446487e+01,3.783040748537233711e+00
1.972277793655329958e+01,4.725346634548380109e+00
1.974278365247213429e+01,5.107590825371619125e+00
1.976278936839096900e+01,4.755747911736850853e+00
1.978279508430980371e+01,5.228099625574586184e+00
1.980280080022863842e+01,5.093285195622128114e+00
1.982280651614747313e+01,4.950768000528261048e+00
1.984281223206630784e+01,4.485921723165560593e+00
1.986281794798513900e+01,5.441674160697401064e+00
1.988282366390397371e+01,5.214675965551431425e+00
1.990282937982280487e+01,5.777274354999354600e+00
1.992283509574163958e+01,5.753107573334146352e+00
1.994284081166047429e+01,5.572087334692847449e+00
1.996284652757930900e+01,5.819907838114822596e+00
1.998285224349814371e+01,5.357976026724029950e+00
2.000285795941697842e+01,4.398428295221845197e+00
2.002286367533581313e+01,5.042194843885513755e+00
2.004286939125464428e+01,5.640475542477149773e+00
2.006287510717347899e+01,5.547540262216273277e+00
2.008288082309231015e+01,5.495128407096141032e+00
2.010288653901114486e+01,4.677109081600494989e+00
2.012289225492997957e+01,4.981059719535775976e+00
2.014289797084881428e+01,4.680354765713207854e+00
2.016290368676764899e+01,4.068871017376036292e+00
2.018290940268648370e+01,5.239807390286035371e+00
2.020291511860531841e+01,4.543050960550655049e+00
2.022292083452414957e+01,5.178772715737906651e+00
2.024292655044298428e+01,4.902251104524567360e+00
2.026293226636181899e+01,4.738109123260651145e+00
2.028293798228065015e+01,4.033680117590265901e+00
2.030294369819948486e+01,3.799916607409111968e+00
2.032294941411831957e+01,4.194740715458120661e+00
2.034295513003715428e+01,3.798123451891465940e+00
2.036296084595598899e+01,4.471963105028436303e+00
2.038296656187482370e+01,4.114958471488005642e+00
2.040297227779365841e+01,4.355794677913579882e+00
2.042297799371248956e+01,4.118970795163827248e+00
2.044298370963132427e+01,4.564941294761876378e+00
2.046298942555015543e+01,4.748781914471216226e+00
2.048299514146899014e+01,3.368078948912122783e+00
2.050300085738782485e+01,3.848596162701595880e+00
2.052300657330665956e+01,3.604195748815262057e+00
2.054301228922549427e+01,4.101721794810749167e+00
2.056301800514432898e+01,3.601015301204053110e+00
2.058302372106316369e+01,4.097029511368487142e+00
2.060302943698199485e+01,3.913474233688069681e+00
2.062303515290082956e+01,4.183908965426513582e+00
2.064304086881966072e+01,3.281644465618857254e+00
2.066304658473849543e+01,4.147515468818930628e+00
2.068305230065733014e+01,3.892373702075638153e+00
2.070305801657616485e+01,4.419499323555172055e+00
2.072306373249499956e+01,4.376207472699039869e+00
2.074306944841383427e+01,3.651913783871004071e+00
2.076307516433266898e+01,4.150213633018031700e+00
2.078308088025150369e+01,4.707679272911356350e+00
2.080308659617033484e+01,4.577863467626236194e+00
2.082309231208916955e+01,4.067571964908667681e+00
2.084309802800800071e+01,4.270924332008043223e+00
2.086310374392683542e+01,4.448458077654251497e+00
2.088310945984567013e+01,4.341198382685496959e+00
2.090311517576450484e+01,4.386426308973573995e+00
2.092312089168333955e+01,4.724286057155643093e+00
2.094312660760217426e+01,4.962734677254380777e+00
2.096313232352100897e+01,4.437883100022059324e+00
2.098313803943984013e+01,5.340807890678665792e+00
2.100314375535867484e+01,4.392242614661725497e+00
2.102314947127750600e+01,3.896594217234198965e+00
2.104315518719634071e+01,5.153767426779426231e+00
2.106316090311517542e+01,5.019859341751025994e+00
2.108316661903401013e+01,4.959303525227563014e+00
2.110317233495284484e+01,5.584893298516379723e+00
2.112317805087167955e+01,5.338229912145352252e+00
2.114318376679051426e+01,5.344784765550779859e+00
2.116318948270934541e+01,4.981667808235779482e+00
2.118319519862818012e+01,4.597660005924492310e+00
2.120320091454701483e+01,4.855523641931707601e+00
2.122320663046584599e+01,4.785645157424216478e+00
2.124321234638468070e+01,4.695194953093141166e+00
2.126321806230351541e+01,5.127223051062602011e+00
2.128322377822235012e+01,4.747212251331934141e+00
2.130322949414118483e+01,5.243990898305121107e+00
2.132323521006001954e+01,4.970886305028532348e+00
2.134324092597885425e+01,5.080555184208582986e+00
2.136324664189768541e+01,5.377894592142357766e+00
2.138325235781652012e+01,4.748482132604586070e+00
2.140325807373535127e+01,4.994705845327032989e+00
2.142326378965418598e+01,4.714242015036632871e+00
2.144326950557302069e+01,4.436167839320740214e+00
2.146327522149185540e+01,4.752319989323400051e+00
2.148328093741069011e+01,3.767013822219698937e+00
2.150328665332952482e+01,4.200321232180199260e+00
2.152329236924835953e+01,3.603052489799615010e+00
2.154329808516719069e+01,4.499139754396416890e+00
2.156330380108602540e+01,3.394484996297535417e+00
2.158330951700485656e+01,3.444535654998846397e+00
2.160331523292369127e+01,3.998128425465190539e+00
2.162332094884252598e+01,3.543105141935591895e+00
2.164332666476136069e+01,3.791711408793128513e+00
2.166333238068019540e+01,3.825816074282303525e+00
2.168333809659903011e+01,3.827397892891576170e+00
2.170334381251786482e+01,4.261212903026913246e+00
2.172334952843669598e+01,3.837191776342581129e+00
2.174335524435553069e+01,3.781094506610002348e+00
2.176336096027436540e+01,4.467626876048745643e+00
2.178336667619319655e+01,3.893882346784587334e+00
2.180337239211203126e+01,3.950983563336929461e+00
2.182337810803086597e+01,3.828139036157225839e+00
2.184338382394970068e+01,3.744763816047110616e+00
2.186338953986853539e+01,3.561792548366571332e+00
2.188339525578737010e+01,3.765157914640879344e+00
2.190340097170620481e+01,4.126108641234806029e+00
2.192340668762503597e+01,3.406363185909436098e+00
2.194341240354387068e+01,3.736178927129794936e+00
2.196341811946270184e+01,4.128561277981366295e+00
2.198342383538153655e+01,4.251319202312700440e+00
2.200342955130037126e+01,3.744941168749436500e+00
2.202343526721920597e+01,4.356786446924747480e+00
2.204344098313804068e+01,3.254939152062071628e+00
2.206344669905687539e+01,4.773302732135904947e+00
2.208345241497571010e+01,3.721358319724395347e+00
2.210345813089454126e+01,4.402512681696819641e+00
2.212346384681337597e+01,4.563851647470743345e+00
2.214346956273221068e+01,3.776034214650384691e+00
2.216347527865104183e+01,4.120245846189050098e+00
2.218348099456987654e+01,3.964133488568533092e+00
2.220348671048871125e+01,5.024569858103374642e+00
2.222349242640754596e+01,4.764629166359850565e+00
2.224349814232638067e+01,5.012206055703003926e+00
2.226350385824521538e+01,4.265972564806275180e+00
2.228350957416405009e+01,4.667633900218876697e+00
2.230351529008288125e+01,4.073624539126841526e+00
2.232352100600171596e+01,3.830685054548203183e+00
2.234352672192054712e+01,4.453576723332448140e+00
2.236353243783938183e+01,3.837782178492541441e+00
2.238353815375821654e+01,4.420498135247965976e+00
2.240354386967705125e+01,4.461601809242643490e+00
2.242354958559588596e+01,4.139626029632296422e+00
2.244355530151472067e+01,4.083863412539659343e+00
2.246356101743355538e+01,4.819975985233998728e+00
2.248356673335238654e+01,5.551311733395440484e+00
2.250357244927122125e+01,4.218247617226315249e+00
2.252357816519005240e+01,4.087649698387974873e+00
2.254358388110888711e+01,4.460510913376053210e+00
2.256358959702772182e+01,4.849398276660682683e+00
2.258359531294655653e+01,4.403053864138990470e+00
2.260360102886539124e+01,5.064677689939805383e+00
2.262360674478422595e+01,4.308999494599540014e+00
2.264361246070306066e+01,4.451559758913084863e+00
2.266361817662189182e+01,4.799298709142723496e+00
2.268362389254072653e+01,5.734412993325459951e+00
2.270362960845956124e+01,4.946972382874026408e+00
2.272363532437839240e+01,5.397289068326060146e+00
2.274364104029722711e+01,5.386647178139304160e+00
2.276364675621606182e+01,4.675384374473386728e+00
2.278365247213489653e+01,5.265260686595494732e+00
2.280365818805373124e+01,4.956507125023816407e+00
2.282366390397256595e+01,4.735806270242328253e+00
2.284366961989140066e+01,5.773344686417372529e+00
2.286367533581023181e+01,4.969802536327247111e+00
2.288368105172906652e+01,5.129795193932720210e+00
2.290368676764789768e+01,4.811262417603821007e+00
2.292369248356673239e+01,5.269552396827407392e+00
2.294369819948556710e+01,5.386368938914363191e+00
2.296370391540440181e+01,4.367135942124351189e+00
2.298370963132323652e+01,4.257693404129438086e+00
2.300371534724207123e+01,4.791782163983094200e+00
2.302372106316090594e+01,5.595962081821822309e+00
2.304372677907973710e+01,5.494022768458880712e+00
2.306373249499857181e+01,4.698946671058006785e+00
2.308373821091740652e+01,4.256054170873921016e+00
2.310374392683623768e+01,5.152800956806713017e+00
2.312374964275507239e+01,5.405215505024711042e+00
2.314375535867390710e+01,5.435366572743344449e+00
2.316376107459274181e+01,5.228263966161616594e+00
2.318376679051157652e+01,4.866056555003579476e+00
2.320377250643041123e+01,5.432987932631476724e+00
2.322377822234924594e+01,5.363807070442849323e+00
2.324378393826807709e+01,4.968502874457036533e+00
2.326378965418691180e+01,5.263501989764734823e+00
2.328379537010574296e+01,5.840819759531727051e+00
2.330380108602457767e+01,6.021527524852015034e+00
2.332380680194341238e+01,5.272653794371205294e+00
2.334381251786224709e+01,5.681025243638138100e+00
2.336381823378108180e+01,5.374852822639564209e+00
2.338382394969991651e+01,6.399673141339336624e+00
2.340382966561875122e+01,5.520408751702406747e+00
2.342383538153758238e+01,5.515705258467977323e+00
2.344384109745641709e+01,6.169396372512052196e+00
2.346384681337524825e+01,5.912570969917473995e+00
2.348385252929408296e+01,6.314970253262448985e+00
2.350385824521291767e+01,5.983188030231530341e+00
2.352386396113175238e+01,6.434431586488136290e+00
2.354386967705058709e+01,6.619551111242737207e+00
2.356387539296942180e+01,5.779232044208041152e+00
2.358388110888825651e+01,7.033133437472596228e+00
2.360388682480708766e+01,5.944308970289439387e+00
2.362389254072592237e+01,6.925299682344752128e+00
2.364389825664475708e+01,6.460653113466067410e+00
2.366390397256358824e+01,6.236901486322270038e+00
2.368390968848242295e+01,6.198308364991119035e+00
2.370391540440125766e+01,6.685937163889475343e+00
2.372392112032009237e+01,5.399526144333886890e+00
2.374392683623892708e+01,5.351259335758267177e+00
2.376393255215776179e+01,5.589641589863735938e+00
2.378393826807659650e+01,5.315555286741776797e+00
2.380394398399542766e+01,5.596256203076287683e+00
2.382394969991426237e+01,5.776898262990368238e+00
2.384395541583309353e+01,5.166777791146950349e+00
2.386396113175192824e+01,5.096227381673899437e+00
2.388396684767076295e+01,4.858946297014016480e+00
2.390397256358959766e+01,4.711058820537539660e+00
2.392397827950843237e+01,4.253751427069703439e+00
2.394398399542726708e+01,4.328841290523378404e+00
2.396398971134610179e+01,4.459991292303616461e+00
2.398399542726493294e+01,4.807197001985711537e+00
2.400400114318376765e+01,4.610496975416181087e+00
2.402400685910260236e+01,4.432775779354201084e+00
2.404401257502143352e+01,4.162189751012856043e+00
2.406401829094026823e+01,3.690773948433046847e+00
2.408402400685910294e+01,4.053474837040372591e+00
2.410402972277793765e+01,3.682823697126514695e+00
2.412403543869677236e+01,3.506171739374680740e+00
2.414404115461560707e+01,3.846904347262212198e+00
2.416404687053444178e+01,4.060211071217406875e+00
2.418405258645327294e+01,3.538389994827425333e+00
2.420405830237210765e+01,3.578649270545335881e+00
2.422406401829093880e+01,4.216940322027078025e+00
2.424406973420977351e+01,3.447849648039253090e+00
2.426407545012860822e+01,3.761766252000821709e+00
2.428408116604744293e+01,3.780724791928889772e+00
2.430408688196627764e+01,3.828349546393188696e+00
2.432409259788511235e+01,4.367211371331844560e+00
2.434409831380394706e+01,3.361299400232184986e+00
2.436410402972277822e+01,3.585794487779555340e+00
2.438410974564161293e+01,4.140218898523436941e+00
2.440411546156044409e+01,3.110804257924224991e+00
2.442412117747927880e+01,3.750944199516590860e+00
2.444412689339811351e+01,3.172713352327055869e+00
2.446413260931694822e+01,2.986350010060311089e+00
2.448413832523578293e+01,3.307967782806459311e+00
2.450414404115461764e+01,3.855416749549710254e+00
2.452414975707345235e+01,3.769149727254952342e+00
2.454415547299228351e+01,3.715942042359778430e+00
2.456416118891111822e+01,3.609762992313211960e+00
2.458416690482995293e+01,3.755721645500785133e+00
2.460417262074878408e+01,3.899765588540538896e+00
2.462417833666761879e+01,3.563887314280133722e+00
2.464418405258645350e+01,3.945136708028766925e+00
2.466418976850528821e+01,3.613119282650159469e+00
2.468419548442412292e+01,3.851581887265359772e+00
2.470420120034295763e+01,3.116433742994178413e+00
2.472420691626179234e+01,3.547206897906166390e+00
2.474421263218062350e+01,3.518386993769563098e+00
2.476421834809945821e+01,3.960217281396169575e+00
2.478422406401828937e+01,3.691948083886077647e+00
2.480422977993712408e+01,4.347407499666124053e+00
2.482423549585595879e+01,4.140104650444875745e+00
2.484424121177479350e+01,3.923561143923914862e+00
2.486424692769362821e+01,3.250404780345605538e+00
2.488425264361246292e+01,3.393311886748180406e+00
2.490425835953129763e+01,3.730089267323314139e+00
2.492426407545012879e+01,3.885088918963046645e+00
2.494426979136896350e+01,3.527901049603620720e+00
2.496427550728779821e+01,3.612184454352800778e+00
2.498428122320662936e+01,4.031391479266826394e+00
2.500428693912546407e+01,3.802672181109496119e+00
2.502429265504429878e+01,3.397236181779327513e+00
2.504429837096313349e+01,4.091007641858618982e+00
2.506430408688196820e+01,3.869245386641228635e+00
2.508430980280080291e+01,3.281592268653053424e+00
2.510431551871963762e+01,4.422288418029236112e+00
2.512432123463846878e+01,4.044088074092202945e+00
2.514432695055730349e+01,4.034896082175601251e+00
2.516433266647613465e+01,4.461558714604335840e+00
2.518433838239496936e+01,4.506188722509386402e+00
2.520434409831380407e+01,4.556111965856376678e+00
2.522434981423263878e+01,4.034032135464084234e+00
2.524435553015147349e+01,4.919749725934179807e+00
2.526436124607030820e+01,4.438194836240279884e+00
2.528436696198914291e+01,4.076095960715838018e+00
2.530437267790797407e+01,4.449388243562037104e+00
2.532437839382680878e+01,4.639173250019484662e+00
2.534438410974563993e+01,5.214012964745482037e+00
2.536438982566447464e+01,4.859514092415670561e+00
2.538439554158330935e+01,5.599508623594213752e+00
2.540440125750214406e+01,4.197831234032248560e+00
2.542440697342097877e+01,4.022563937383674570e+00
2.544441268933981348e+01,4.447042326601243545e+00
2.546441840525864819e+01,4.611849831692776291e+00
2.548442412117747935e+01,5.043496756514501911e+00
2.550442983709631406e+01,4.626710005566665451e+00
2.552443555301514877e+01,5.211427548193992898e+00
2.554444126893397993e+01,5.121518934724846872e+00
2.556444698485281464e+01,6.076709724729837170e+00
2.558445270077164935e+01,5.217317693811364343e+00
2.560445841669048406e+01,5.821085823749737820e+00
2.562446413260931877e+01,5.875547544367813124e+00
2.564446984852815348e+01,5.402964510407167076e+00
2.566447556444698819e+01,6.480064281408706606e+00
2.568448128036581934e+01,5.764182606979154855e+00
2.570448699628465405e+01,7.161868982338473799e+00
2.572449271220348521e+01,6.830032129085795489e+00
2.574449842812231992e+01,6.970255380414284829e+00
2.576450414404115463e+01,6.413746996416950452e+00
2.578450985995998934e+01,7.209693463151637616e+00
2.580451557587882405e+01,7.598237847598285022e+00
2.582452129179765876e+01,6.793772725307984928e+00
2.584452700771649347e+01,7.353993359743386193e+00
2.586453272363532463e+01,7.804879321352359511e+00
2.588453843955415934e+01,8.517419810029233318e+00
2.590454415547299405e+01,7.633506169350788184e+00
2.592454987139182521e+01,7.988100680711637480e+00
2.594455558731065992e+01,7.999273424236568175e+00
2.596456130322949463e+01,7.498248654986294781e+00
2.598456701914832934e+01,7.406731363016433534e+00
2.600457273506716405e+01,7.838882721930325204e+00
2.602457845098599520e+01,7.653111578812015203e+00
2.604458416690482991e+01,7.281987045265971403e+00
2.606458988282366462e+01,7.928936154842044282e+00
2.608459559874249933e+01,8.181964970455886998e+00
2.610460131466133404e+01,7.189649833303134230e+00
2.612460703058016520e+01,7.105962137999744854e+00
2.614461274649899991e+01,6.886173470488863302e+00
2.616461846241783462e+01,6.992074566613987407e+00
2.618462417833666933e+01,6.750501175515058350e+00
2.620462989425550404e+01,7.360968044709037983e+00
2.622463561017433520e+01,6.489478129150104024e+00
2.624464132609316991e+01,6.533644974498130864e+00
2.626464704201200462e+01,6.950354441210443213e+00
2.628465275793083933e+01,6.544042778697630958e+00
2.630465847384967049e+01,6.233416556740476899e+00
2.632466418976850520e+01,6.756834812230561482e+00
2.634466990568733991e+01,6.335839858606924224e+00
2.636467562160617462e+01,6.231527260001200830e+00
2.638468133752500933e+01,7.100361454911517711e+00
2.640468705344384048e+01,6.492229641517628380e+00
2.642469276936267519e+01,6.503149218079249394e+00
2.644469848528150990e+01,5.965665641445796474e+00
2.646470420120034461e+01,7.600095682719308243e+00
2.648470991711917932e+01,7.166351682283124802e+00
2.650471563303801048e+01,7.189328310494599528e+00
2.652472134895684519e+01,7.128164080475063891e+00
2.654472706487567990e+01,8.188763509052956024e+00
2.656473278079451461e+01,8.094142519465655994e+00
2.658473849671334932e+01,9.653434198968453117e+00
2.660474421263218048e+01,9.096629360638113226e+00
2.662474992855101519e+01,1.004327490794178246e+01
2.664475564446984990e+01,1.008312147722631558e+01
2.666476136038868461e+01,1.083318180541874298e+01
2.668476707630751577e+01,1.149317701219455223e+01
2.670477279222635048e+01,1.230882300339773394e+01
2.672477850814518519e+01,1.293664467158293974e+01
2.674478422406401990e+01,1.392036926717975653e+01
2.676478993998285461e+01,1.398768657472315269e+01
2.678479565590168576e+01,1.551143791947034423e+01
2.680480137182052047e+01,1.587153296913003153e+01
2.682480708773935518e+01,1.731946414926121847e+01
2.684481280365818989e+01,1.844664848023947812e+01
2.686481851957702460e+01,1.887455177700972797e+01
2.688482423549585576e+01,2.057754489238960005e+01
2.690482995141469047e+01,2.182972010031265597e+01
2.692483566733352518e+01,2.288168875689611070e+01
2.694484138325235989e+01,2.362017270471691432e+01
2.696484709917119105e+01,2.545715388463195694e+01
2.698485281509002576e+01,2.618545080488777899e+01
2.700485853100886047e+01,2.893468372481688888e+01
2.702486424692769518e+01,3.012909533290343234e+01
2.704486996284652989e+01,3.145323328915076289e+01
2.706487567876536104e+01,3.312760966587857325e+01
2.708488139468419575e+01,3.439305169274581431e+01
2.710488711060303046e+01,3.675556056394834314e+01
2.712489282652186517e+01,3.795338463659759043e+01
2.714489854244069988e+01,3.987154539415193000e+01
2.716490425835953104e+01,4.163281220508058311e+01
2.718490997427836575e+01,4.354601139689036415e+01
2.720491569019720046e+01,4.461537404078477209e+01
2.722492140611603517e+01,4.667818674684955482e+01
2.724492712203486633e+01,4.785952606144656585e+01
2.726493283795370104e+01,4.965669870200975566e+01
2.728493855387253575e+01,5.085911389716743969e+01
2.730494426979137046e+01,5.117756892871746288e+01
2.732494998571020517e+01,5.192545924103107069e+01
2.734495570162903633e+01,5.303426890540181660e+01
2.736496141754787104e+01,5.268284839394293328e+01
2.738496713346670575e+01,5.204436818723372227e+01
2.740497284938554046e+01,5.109913552805318204e+01
2.742497856530437517e+01,5.007748455346182936e+01
2.744498428122320632e+01,4.807220786219615860e+01
2.746498999714204103e+01,4.616953735852955987e+01
2.748499571306087574e+01,4.390198174799687791e+01
2.750500142897971045e+01,4.149391605717411835e+01
2.752500714489854516e+01,3.853594928364277905e+01
2.754501286081737632e+01,3.640814121597022535e+01
2.756501857673621103e+01,3.344789087884240075e+01
2.758502429265504574e+01,3.052013761092437250e+01
2.760503000857388045e+01,2.716062988293384706e+01
2.762503572449271161e+01,2.488739793008357637e+01
2.764504144041154632e+01,2.200255066402860393e+01
2.766504715633038103e+01,1.917794675360036649e+01
2.768505287224921574e+01,1.711176799807606841e+01
2.770505858816805045e+01,1.628248835470667544e+01
2.772506430408688161e+01,1.425482893483769331e+01
2.774507002000571632e+01,1.288774408771029023e+01
2.776507573592455103e+01,1.137328872949940539e+01
2.778508145184338574e+01,1.080208581809053037e+01
2.780508716776222045e+01,1.053871734357313983e+01
2.782509288368105160e+01,9.048042358637463423e+00
2.784509859959988631e+01,8.939091866044750034e+00
2.786510431551872102e+01,8.481967452636691718e+00
2.788511003143755573e+01,7.908518231311145286e+00
2.790511574735638689e+01,8.037789471146698617e+00
2.792512146327522160e+01,7.094118254079893049e+00
2.794512717919405631e+01,6.657107689653796179e+00
2.796513289511289102e+01,6.724439221130462663e+00
2.798513861103172573e+01,7.512966286086490086e+00
2.800514432695055689e+01,7.537015111719187033e+00
2.802515004286939160e+01,7.342457630004578739e+00
2.804515575878822631e+01,6.898576682422185691e+00
2.806516147470706102e+01,7.067301748431773945e+00
2.808516719062589573e+01,6.308793317959231928e+00
2.810517290654472689e+01,6.787229328253918226e+00
2.812517862246356160e+01,6.564727671127283060e+00
2.814518433838239631e+01,6.168751756177883294e+00
2.816519005430123102e+01,7.273145363415162379e+00
2.818519577022006217e+01,6.762006763309790003e+00
2.820520148613889688e+01,6.530541070466915343e+00
2.822520720205773159e+01,6.273823740143210870e+00
2.824521291797656630e+01,6.028863478394294262e+00
2.826521863389540101e+01,6.566155791239618011e+00
2.828522434981423217e+01,5.959424868012256127e+00
2.830523006573306688e+01,5.560180632674487811e+00
2.832523578165190159e+01,6.275088545428571862e+00
2.834524149757073630e+01,5.181306237679260462e+00
2.836524721348957101e+01,5.475179147399418689e+00
2.838525292940840217e+01,5.744356169306667148e+00
2.840525864532723688e+01,5.465524134558023661e+00
2.842526436124607159e+01,4.428951766588407502e+00
2.844527007716490630e+01,4.922059562419017098e+00
2.846527579308374101e+01,5.315287536207659258e+00
2.848528150900257216e+01,4.297736473670704882e+00
2.850528722492140687e+01,4.504623449318376771e+00
2.852529294084024158e+01,5.210754590652806328e+00
2.854529865675907629e+01,4.171399545097781214e+00
2.856530437267790745e+01,3.961560321780435601e+00
2.858531008859674216e+01,4.697357344471567053e+00
2.860531580451557687e+01,4.282752579889764988e+00
2.862532152043441158e+01,3.787474222487812625e+00
2.864532723635324629e+01,4.625184236662867931e+00
2.866533295227207745e+01,5.078184899400719488e+00
2.868533866819091216e+01,5.061369471402755948e+00
2.870534438410974687e+01,4.050612116566663978e+00
2.872535010002858158e+01,4.026767232677712194e+00
2.874535581594741629e+01,4.028383827814346674e+00
2.876536153186624745e+01,3.855934110392762015e+00
2.878536724778508216e+01,4.561907026439892654e+00
2.880537296370391687e+01,4.212846814853858923e+00
2.882537867962275158e+01,4.521704771101989984e+00
2.884538439554158273e+01,4.814040158585962459e+00
2.886539011146041744e+01,4.582224117844267752e+00
2.888539582737925215e+01,4.160225757199702556e+00
2.890540154329808686e+01,4.412448252372483282e+00
2.892540725921692157e+01,4.570847562023833355e+00
2.894541297513575273e+01,4.040732350607343371e+00
2.896541869105458744e+01,4.615374278555065324e+00
2.898542440697342215e+01,4.795951657072111907e+00
2.900543012289225686e+01,4.357576676451386355e+00
2.902543583881109157e+01,5.208193464539769835e+00
2.904544155472992273e+01,5.185592918643839866e+00
2.906544727064875744e+01,4.318266713581703442e+00
2.908545298656759215e+01,4.423290489253582258e+00
2.910545870248642686e+01,4.703751726880020634e+00
2.912546441840525802e+01,5.708202372289139959e+00
2.914547013432409273e+01,5.426425474137444915e+00
2.916547585024292744e+01,6.028117999029346308e+00
2.918548156616176215e+01,4.897734159710355861e+00
2.920548728208059686e+01,5.969204759296618867e+00
2.922549299799942801e+01,6.294394276308203473e+00
2.924549871391826272e+01,5.953545412489678057e+00
2.926550442983709743e+01,6.389091204158545700e+00
2.928551014575593214e+01,5.672403344592286345e+00
2.930551586167476685e+01,5.961720399546722504e+00
2.932552157759359801e+01,6.281475593656173473e+00
2.934552729351243272e+01,5.632875012922331948e+00
2.936553300943126743e+01,6.118729708855697780e+00
2.938553872535010214e+01,6.726483102144776183e+00
2.940554444126893330e+01,6.944778622116305478e+00
2.942555015718776801e+01,6.385786658384443371e+00
2.944555587310660272e+01,6.787705800466416584e+00
2.946556158902543743e+01,6.394367339397002858e+00
2.948556730494427214e+01,6.865090362420518844e+00
2.950557302086310330e+01,5.991969921011158995e+00
2.952557873678193801e+01,6.243160199128826804e+00
2.954558445270077272e+01,6.161741918889517500e+00
2.956559016861960743e+01,6.715439350368868077e+00
2.958559588453844214e+01,6.789972297904464327e+00
2.960560160045727329e+01,6.407102432009733839e+00
2.962560731637610800e+01,6.372608457050115582e+00
2.964561303229494271e+01,6.465838395349013723e+00
2.966561874821377742e+01,5.553638369844728473e+00
2.968562446413261213e+01,6.417416131395708767e+00
2.970563018005144329e+01,6.220107979074048998e+00
2.972563589597027800e+01,5.708042074323899762e+00
2.974564161188911271e+01,6.379694055573004619e+00
2.976564732780794742e+01,5.473419191053578103e+00
2.978565304372677858e+01,5.855032768884443684e+00
2.980565875964561329e+01,5.347905125681506000e+00
2.982566447556444800e+01,5.354677224934702551e+00
2.984567019148328271e+01,5.131830581497576205e+00
2.986567590740211742e+01,5.492236427655001307e+00
2.988568162332094857e+01,5.486384304480035112e+00
2.990568733923978328e+01,5.457088057660956615e+00
2.992569305515861799e+01,5.683914132622263082e+00
2.994569877107745270e+01,6.601242129237322231e+00
2.996570448699628741e+01,5.961573254964905644e+00
2.998571020291511857e+01,5.822654985000199623e+00
3.000571591883395328e+01,5.266202779709670878e+00
3.002572163475278799e+01,6.281376556642145559e+00
3.004572735067162270e+01,5.794715616727089014e+00
3.006573306659045386e+01,5.830085194878145138e+00
3.008573878250928857e+01,6.024192337229402838e+00
3.010574449842812328e+01,5.712029578309769207e+00
3.012575021434695799e+01,5.273492823051308065e+00
3.014575593026579270e+01,6.220370491140272406e+00
3.016576164618462386e+01,5.813894417361440858e+00
3.018576736210345857e+01,5.755678046907016565e+00
3.020577307802229328e+01,5.729699644568800210e+00
3.022577879394112799e+01,6.198593607475212153e+00
3.024578450985996270e+01,5.965379867878823461e+00
3.026579022577879385e+01,5.961578925938098905e+00
3.028579594169762856e+01,6.464194245181753118e+00
3.030580165761646327e+01,5.496032768795056533e+00
3.032580737353529798e+01,5.288846649862458449e+00
3.034581308945412914e+01,5.259335978858254990e+00
3.036581880537296385e+01,5.851945602861720275e+00
3.038582452129179856e+01,5.041027964778732162e+00
3.040583023721063327e+01,5.663641640421026580e+00
3.042583595312946798e+01,5.374675559898934196e+00
3.044584166904829914e+01,5.632696524329627863e+00
3.046584738496713385e+01,5.585539589586439035e+00
3.048585310088596856e+01,5.798347306317200633e+00
3.050585881680480327e+01,4.382960279987497820e+00
3.052586453272363798e+01,5.886269607556018357e+00
3.054587024864246914e+01,5.045723072959634514e+00
3.056587596456130385e+01,5.283845728012346754e+00
3.058588168048013856e+01,4.605443574376960392e+00
3.060588739639897327e+01,5.462636395238748221e+00
3.062589311231780798e+01,4.566422712977802334e+00
3.064589882823663913e+01,5.729848252779989437e+00
3.066590454415547384e+01,4.553300447098869164e+00
3.068591026007430855e+01,4.880370117147821318e+00
3.070591597599314326e+01,4.846134138899630628e+00
3.072592169191197442e+01,5.232611848827179557e+00
3.074592740783080913e+01,4.274547925376707802e+00
3.076593312374964384e+01,4.489235292505902919e+00
3.078593883966847855e+01,5.448496887283504009e+00
3.080594455558731326e+01,5.208436741980260187e+00
3.082595027150614442e+01,5.643079952733042859e+00
3.084595598742497913e+01,5.146625831231451009e+00
3.086596170334381384e+01,5.617946328802286615e+00
3.088596741926264855e+01,5.085890996414182297e+00
3.090597313518148326e+01,4.357722896697312720e+00
3.092597885110031442e+01,5.259162783609220959e+00
3.094598456701914913e+01,4.959879307976008178e+00
3.096599028293798384e+01,4.613806480843963165e+00
3.098599599885681855e+01,4.948646704521605599e+00
3.100600171477564970e+01,4.687783256614301841e+00
3.102600743069448441e+01,4.797738884274011184e+00
3.104601314661331912e+01,4.275622607008593867e+00
3.106601886253215383e+01,4.671399400523519319e+00
3.108602457845098854e+01,4.994441000305875455e+00
3.110603029436981970e+01,4.503794067815041657e+00
3.112603601028865441e+01,5.452357450665858529e+00
3.114604172620748912e+01,5.180256797724754669e+00
3.116604744212632383e+01,5.056725230297240969e+00
3.118605315804515854e+01,5.117772756754318308e+00
3.120605887396398970e+01,4.556149094446290349e+00
3.122606458988282441e+01,5.366505386482868012e+00
3.124607030580165912e+01,4.155630452493394245e+00
3.126607602172049383e+01,4.684221856284861651e+00
3.128608173763932498e+01,4.751096790269487613e+00
3.130608745355815969e+01,5.199094676544520510e+00
3.132609316947699440e+01,5.568894507971959840e+00
3.134609888539582911e+01,4.990826935345181958e+00
3.136610460131466382e+01,5.659897596820785637e+00
3.138611031723349498e+01,5.004504981846027434e+00
3.140611603315232969e+01,5.410062632737603572e+00
3.142612174907116440e+01,4.881104069349435193e+00
3.144612746498999911e+01,4.841667166487790830e+00
3.146613318090883382e+01,4.979998540330983658e+00
3.148613889682766498e+01,5.942295272099666903e+00
3.150614461274649969e+01,5.195525072825715185e+00
3.152615032866533440e+01,5.326237247269162367e+00
3.154615604458416911e+01,5.232890323582026326e+00
3.156616176050300382e+01,5.173627229149705187e+00
3.158616747642183498e+01,4.801742717442303743e+00
3.160617319234066969e+01,5.089618770030755357e+00
3.162617890825950440e+01,4.983815425234865870e+00
3.164618462417833911e+01,5.074718076149276058e+00
3.166619034009717026e+01,4.730431233536039670e+00
3.168619605601600497e+01,4.457293475603262500e+00
3.170620177193483968e+01,5.379694777997424460e+00
3.172620748785367439e+01,4.798094171501968042e+00
3.174621320377250910e+01,4.983814142960900639e+00
3.176621891969134026e+01,5.134627421640742817e+00
3.178622463561017497e+01,5.381547713561566582e+00
3.180623035152900968e+01,5.068234488713159180e+00
3.182623606744784439e+01,5.568545238756336779e+00
3.184624178336667910e+01,5.690725187503730353e+00
3.186624749928551026e+01,6.004303093733466490e+00
3.188625321520434497e+01,6.067299996034142495e+00
3.190625893112317968e+01,6.292396563931548670e+00
3.192626464704201439e+01,6.170776311101143996e+00
3.194627036296084555e+01,6.554706974628821570e+00
3.196627607887968026e+01,6.273313847969911095e+00
3.198628179479851497e+01,6.374712251969871346e+00
3.200628751071734968e+01,7.051814468475432918e+00
3.202629322663618439e+01,6.342036453831914500e+00
3.204629894255501199e+01,6.420272373249664710e+00
3.206630465847385381e+01,6.353447342685963228e+00
3.208631037439268141e+01,7.005215994960851233e+00
3.210631609031152323e+01,6.796290581270273634e+00
3.212632180623035083e+01,6.848374641416116404e+00
3.214632752214918554e+01,6.998401291205881947e+00
3.216633323806802025e+01,6.670093748058054217e+00
3.218633895398685496e+01,6.769066662907791354e+00
3.220634466990568967e+01,6.964594298563586250e+00
3.222635038582451728e+01,6.292184414011478211e+00
3.224635610174335909e+01,6.657746190921573159e+00
3.226636181766218670e+01,7.549658232414220294e+00
3.228636753358102851e+01,7.438085047884915646e+00
3.230637324949985612e+01,6.494942659031306853e+00
3.232637896541869083e+01,6.301908725373853493e+00
3.234638468133752554e+01,6.721338056521293680e+00
3.236639039725636025e+01,6.748137184193028659e+00
3.238639611317519496e+01,7.053903523989428770e+00
3.240640182909402967e+01,6.805355259020778647e+00
3.242640754501286438e+01,6.538475600482172467e+00
3.244641326093169198e+01,6.914231711959108573e+00
3.246641897685053380e+01,6.117906046042111079e+00
3.248642469276936140e+01,5.986861654272361832e+00
3.250643040868819611e+01,6.280483668720663992e+00
3.252643612460703082e+01,6.125122821883565827e+00
3.254644184052586553e+01,5.931936658402216622e+00
3.256644755644470024e+01,6.112518849640620644e+00
3.258645327236353495e+01,5.670110293682755653e+00
3.260645898828236966e+01,5.378489040679353295e+00
3.262646470420119726e+01,6.035150065281625231e+00
3.264647042012003908e+01,5.455772784101645456e+00
3.266647613603886668e+01,5.901572657829397883e+00
3.268648185195770850e+01,5.713317689751840511e+00
3.270648756787653610e+01,5.025743084154709273e+00
3.272649328379537081e+01,5.085465501818347001e+00
3.274649899971420552e+01,5.212878186252178025e+00
3.276650471563304023e+01,4.604000947914771658e+00
3.278651043155187494e+01,4.249107471221902799e+00
3.280651614747070255e+01,4.275497777530429033e+00
3.282652186338954436e+01,4.750257308380209764e+00
3.284652757930837197e+01,4.367842440496288781e+00
3.286653329522721378e+01,3.971776538055018513e+00
3.288653901114604139e+01,4.245572142517736403e+00
3.290654472706487610e+01,4.551724921306655958e+00
3.292655044298371081e+01,3.656585238958826256e+00
3.294655615890254552e+01,3.782381602425046285e+00
3.296656187482138023e+01,3.923974784283603690e+00
3.298656759074020783e+01,3.948029236334833936e+00
3.300657330665904965e+01,4.142454302086838958e+00
3.302657902257787725e+01,4.314601671755910139e+00
3.304658473849671907e+01,4.679847205828205681e+00
3.306659045441554667e+01,4.406050464888267904e+00
3.308659617033438138e+01,5.238560265174096564e+00
3.310660188625321609e+01,5.122087145347201442e+00
3.312660760217205080e+01,4.609688484562845190e+00
3.314661331809088551e+01,4.953996538338685696e+00
3.316661903400971312e+01,4.803853465769358344e+00
3.318662474992855493e+01,5.325666489060289166e+00
3.320663046584738254e+01,5.585391633914079890e+00
3.322663618176622435e+01,4.924099043600302039e+00
3.324664189768505196e+01,5.268672740798671761e+00
3.326664761360388667e+01,5.115612360629211430e+00
3.328665332952272138e+01,6.127931633008334877e+00
3.330665904544155609e+01,6.862446253952618314e+00
3.332666476136039080e+01,5.792280291965512973e+00
3.334667047727922551e+01,5.891443438800653354e+00
3.336667619319806022e+01,6.617711446690538679e+00
3.338668190911688782e+01,7.540929545754967656e+00
3.340668762503572964e+01,6.862224103932957675e+00
3.342669334095455724e+01,7.782154459492366172e+00
3.344669905687339195e+01,7.754669820643535161e+00
3.346670477279222666e+01,7.220974293229344809e+00
3.348671048871106137e+01,7.683310500833528067e+00
3.350671620462989608e+01,8.096595939573472123e+00
3.352672192054873079e+01,8.387081052443544849e+00
3.354672763646756550e+01,8.490591646602039688e+00
3.356673335238639311e+01,9.518995716285640896e+00
3.358673906830523492e+01,9.257488849364445826e+00
3.360674478422406253e+01,8.960807913967110849e+00
3.362675050014290434e+01,8.538146865551308196e+00
3.364675621606173195e+01,8.999601827578837643e+00
3.366676193198056666e+01,8.963591252175389101e+00
3.368676764789940137e+01,8.786276080029857383e+00
3.370677336381823608e+01,8.453708255305961927e+00
3.372677907973707079e+01,9.332108319925310980e+00
3.374678479565589839e+01,8.665692568454689493e+00
3.376679051157474021e+01,8.907290076505763210e+00
3.378679622749356781e+01,8.858280245696484201e+00
3.380680194341240963e+01,8.482916503714394096e+00
3.382680765933123723e+01,8.681847588740762234e+00
3.384681337525007194e+01,7.529439478745135084e+00
3.386681909116890665e+01,7.656281225612342922e+00
3.388682480708774136e+01,7.974468268633367884e+00
3.390683052300657607e+01,7.336128681554459519e+00
3.392683623892540368e+01,7.479054074598700197e+00
3.394684195484424549e+01,6.085631159274159430e+00
3.396684767076307310e+01,6.291030957231882326e+00
3.398685338668191491e+01,7.068955866703833024e+00
3.400685910260074252e+01,5.921737653315222616e+00
3.402686481851957723e+01,6.459138586179888009e+00
3.404687053443841194e+01,5.774113917406808127e+00
3.406687625035724665e+01,6.323120798304410428e+00
3.408688196627608136e+01,6.366002331841565720e+00
3.410688768219490896e+01,6.073143286834994825e+00
3.412689339811375078e+01,6.320199229990408618e+00
3.414689911403257838e+01,6.311193286749475106e+00
3.416690482995142020e+01,6.062799982924101272e+00
3.418691054587024780e+01,6.846352571358726991e+00
3.420691626178908251e+01,6.670818689745830810e+00
3.422692197770791722e+01,7.031110717448436631e+00
3.424692769362675193e+01,5.935783777142696671e+00
3.426693340954558664e+01,5.965207138631787309e+00
3.428693912546442135e+01,6.279906227914612060e+00
3.430694484138325606e+01,6.834222394389703581e+00
3.432695055730208367e+01,6.486797530434592396e+00
3.434695627322092548e+01,6.935101860332780532e+00
3.436696198913975309e+01,6.762466586464556784e+00
3.438696770505858780e+01,6.406512259683402988e+00
3.440697342097742251e+01,6.727906510294623388e+00
3.442697913689625722e+01,7.443622290424572796e+00
3.444698485281509193e+01,6.902277498886542517e+00
3.446699056873392664e+01,7.372897076883236700e+00
3.448699628465276135e+01,7.103440278743039293e+00
3.450700200057158895e+01,7.528355759455845231e+00
3.452700771649043077e+01,7.104467146853558290e+00
3.454701343240925837e+01,6.718950629527311591e+00
3.456701914832810019e+01,7.917635998483055104e+00
3.458702486424692779e+01,7.269034876305621395e+00
3.460703058016576250e+01,6.919706477104953457e+00
3.462703629608459721e+01,7.068140546067123609e+00
3.464704201200343192e+01,7.559489713878256190e+00
3.466704772792226663e+01,7.669617230584348633e+00
3.468705344384109424e+01,8.060253554108619767e+00
3.470705915975993605e+01,7.437321378375745695e+00
3.472706487567876366e+01,8.077990454798150921e+00
3.474707059159760547e+01,8.600919122272461692e+00
3.476707630751643308e+01,9.538159058260710310e+00
3.478708202343526779e+01,9.603824835867726506e+00
3.480708773935410250e+01,9.722195240827900875e+00
3.482709345527293721e+01,9.500481346948182804e+00
3.484709917119177192e+01,1.092197651314883267e+01
3.486710488711059952e+01,1.052621170058362665e+01
3.488711060302944134e+01,1.014624985764200638e+01
3.490711631894826894e+01,1.091127114158727451e+01
3.492712203486711076e+01,1.168183720778189461e+01
3.494712775078593836e+01,1.077947310128051583e+01
3.496713346670477307e+01,1.021819155612060825e+01
3.498713918262360778e+01,1.166608093412814995e+01
3.500714489854244249e+01,1.077064342086583970e+01
3.502715061446127720e+01,1.066739236657321754e+01
3.504715633038010481e+01,9.831693554725813300e+00
3.506716204629894662e+01,9.833658470340969515e+00
3.508716776221777423e+01,1.004694188828812784e+01
3.510717347813661604e+01,9.958619613444820828e+00
3.512717919405544365e+01,8.799650693452692352e+00
3.514718490997427836e+01,8.955210833386509250e+00
3.516719062589311307e+01,8.430853630797695786e+00
3.518719634181194778e+01,7.281244428996632934e+00
3.520720205773078249e+01,6.313463905487703975e+00
3.522720777364961720e+01,6.741817754684875652e+00
3.524721348956845191e+01,5.771494349149773662e+00
3.526721920548727951e+01,5.634921112479268857e+00
3.528722492140612133e+01,6.382544074557829461e+00
3.530723063732494893e+01,5.571270684397865658e+00
3.532723635324378364e+01,5.432389339382711846e+00
3.534724206916261835e+01,5.331136464279699005e+00
3.536724778508145306e+01,5.514227977802105940e+00
3.538725350100028777e+01,4.949437499714923305e+00
3.540725921691912248e+01,4.697130788336575158e+00
3.542726493283795719e+01,4.996941755037408228e+00
3.544727064875678479e+01,4.507968314311596281e+00
3.546727636467562661e+01,4.367783385151732034e+00
3.548728208059445421e+01,4.406952018795299963e+00
3.550728779651329603e+01,5.213411209270391922e+00
3.552729351243212363e+01,5.206033951917002689e+00
3.554729922835095834e+01,5.355201157270141898e+00
3.556730494426979305e+01,5.581831903863428757e+00
3.558731066018862776e+01,5.912032670123722689e+00
3.560731637610746247e+01,5.477330523680713270e+00
3.562732209202629008e+01,6.675887934903329324e+00
3.564732780794513189e+01,5.950852321601599826e+00
3.566733352386395950e+01,6.291489253698885342e+00
3.568733923978280131e+01,6.314967640981925534e+00
3.570734495570162892e+01,7.009820540135398126e+00
3.572735067162046363e+01,6.766505855349342013e+00
3.574735638753929834e+01,8.242577185423719754e+00
3.576736210345813305e+01,7.607296935451091535e+00
3.578736781937696776e+01,8.476104915504800275e+00
3.580737353529579536e+01,8.404152086114939024e+00
3.582737925121463718e+01,9.456756673144191438e+00
3.584738496713346478e+01,9.946343816050482900e+00
3.586739068305230660e+01,1.004723393715684665e+01
3.588739639897113420e+01,1.151132015986277501e+01
3.590740211488996891e+01,1.275379680771062851e+01
3.592740783080880362e+01,1.267934249865828100e+01
3.594741354672763833e+01,1.329933140070184905e+01
3.596741926264647304e+01,1.407595647694160945e+01
3.598742497856530065e+01,1.426625261139940370e+01
3.600743069448414246e+01,1.612400359787683968e+01
3.602743641040297007e+01,1.691167476220758559e+01
3.604744212632181188e+01,1.749181537480918891e+01
3.606744784224063949e+01,1.930591735622227745e+01
3.608745355815947420e+01,2.001463173514451555e+01
3.610745927407830891e+01,2.026378638499110352e+01
3.612746498999714362e+01,2.140815634992672045e+01
3.614747070591597833e+01,2.250052419937956927e+01
3.616747642183481304e+01,2.420097134726513488e+01
3.618748213775364775e+01,2.481285361734088113e+01
3.620748785367247535e+01,2.669994131696794781e+01
3.622749356959131717e+01,2.722435985547015136e+01
3.624749928551014477e+01,2.774202399159879917e+01
3.626750500142897948e+01,2.832798009223609270e+01
3.628751071734781419e+01,2.840513445582540442e+01
3.630751643326664890e+01,2.840388261943654058e+01
3.632752214918548361e+01,2.831255720291892430e+01
3.634752786510431832e+01,2.808143663862291106e+01
3.636753358102315303e+01,2.720322770537348944e+01
3.638753929694198064e+01,2.685734716446333792e+01
3.640754501286082245e+01,2.540361295147774001e+01
3.642755072877965006e+01,2.447490534774615156e+01
3.644755644469849187e+01,2.295183295010466296e+01
3.646756216061731948e+01,2.248424116701767872e+01
3.648756787653615419e+01,2.052002436864703583e+01
3.650757359245498890e+01,1.929346483251655897e+01
3.652757930837382361e+01,1.729896035795986009e+01
3.654758502429265832e+01,1.687195777667753305e+01
3.656759074021148592e+01,1.501328445277602341e+01
3.658759645613032774e+01,1.410278170371162076e+01
3.660760217204915534e+01,1.296924281478476892e+01
3.662760788796799716e+01,1.274951616112410591e+01
3.664761360388682476e+01,1.173812809671876778e+01
3.666761931980565947e+01,1.088767313628476430e+01
3.668762503572449418e+01,1.011432726896930845e+01
3.670763075164332889e+01,9.799901298207817746e+00
3.672763646756216360e+01,9.326982733020278360e+00
3.674764218348099121e+01,9.128173303936257810e+00
3.676764789939983302e+01,9.066482790851438267e+00
3.678765361531866063e+01,9.588222181196469407e+00
3.680765933123750244e+01,8.775983942708110774e+00
3.682766504715633005e+01,8.958491152842297467e+00
3.684767076307516476e+01,8.187888376527169498e+00
3.686767647899399947e+01,7.839031922481300541e+00
3.688768219491283418e+01,8.089735131743662322e+00
3.690768791083166889e+01,7.146829767657260746e+00
3.692769362675049649e+01,7.209662380577112728e+00
3.694769934266933831e+01,7.501697600226979290e+00
3.696770505858816591e+01,7.880806232004882617e+00
3.698771077450700773e+01,7.540542891266120762e+00
3.700771649042583533e+01,7.240022954997812121e+00
3.702772220634467004e+01,6.993340064725032335e+00
3.704772792226350475e+01,7.453202374163266697e+00
3.706773363818233946e+01,7.727567073380129159e+00
3.708773935410117417e+01,7.310582863688805944e+00
3.710774507002000888e+01,8.510381810006972358e+00
3.712775078593884359e+01,8.875290268165358043e+00
3.714775650185767120e+01,8.248523840408600094e+00
3.716776221777651301e+01,8.891006907012130256e+00
3.718776793369534062e+01,9.380880290396451215e+00
3.720777364961417533e+01,9.870649530448117659e+00
3.722777936553301004e+01,1.046930741774674800e+01
3.724778508145184475e+01,1.028253435217430223e+01
3.726779079737067946e+01,1.098388907666602776e+01
3.728779651328951417e+01,1.115161593511780680e+01
3.730780222920834888e+01,1.138585931590946387e+01
3.732780794512717648e+01,1.182279259735818222e+01
3.734781366104601830e+01,1.247525517956106711e+01
3.736781937696484590e+01,1.375469233177282646e+01
3.738782509288368772e+01,1.413075963732125651e+01
3.740783080880251532e+01,1.438588724893929083e+01
3.742783652472135003e+01,1.560645487783426333e+01
3.744784224064018474e+01,1.707361767378176509e+01
3.746784795655901945e+01,1.772212087748486198e+01
3.748785367247785416e+01,1.902969163593687796e+01
3.750785938839668177e+01,1.988992778765188163e+01
3.752786510431552358e+01,2.079025417300128353e+01
3.754787082023435119e+01,2.182339919690714680e+01
3.756787653615319300e+01,2.310204422361884014e+01
3.758788225207202061e+01,2.395553707770046969e+01
3.760788796799085532e+01,2.593173401945933065e+01
3.762789368390969003e+01,2.698827793596674596e+01
3.764789939982852474e+01,2.843508191335939017e+01
3.766790511574735945e+01,2.981312942897921303e+01
3.768791083166618705e+01,3.075031926692679818e+01
3.770791654758502887e+01,3.290469732129554359e+01
3.772792226350385647e+01,3.439031928466096133e+01
3.774792797942269829e+01,3.652272615257275135e+01
3.776793369534152589e+01,3.784449799044984530e+01
3.778793941126036060e+01,3.941152011536767930e+01
3.780794512717919531e+01,4.089750270511402164e+01
3.782795084309803002e+01,4.160499962160592702e+01
3.784795655901686473e+01,4.290650023473597940e+01
3.786796227493569234e+01,4.298129292747176322e+01
3.788796799085453415e+01,4.337419493104184198e+01
3.790797370677336176e+01,4.290775143038543149e+01
3.792797942269220357e+01,4.250592248226236336e+01
3.794798513861103118e+01,4.211975069469874455e+01
3.796799085452986589e+01,3.951169322534739337e+01
3.798799657044870060e+01,3.861637619184285342e+01
3.800800228636753531e+01,3.557648257620009957e+01
3.802800800228637002e+01,3.395719125209752320e+01
3.804801371820520473e+01,3.219542635098923000e+01
3.806801943412403944e+01,2.923819133922699010e+01
3.808802515004286704e+01,2.747110481977368579e+01
3.810803086596170886e+01,2.463467054533185419e+01
3.812803658188053646e+01,2.237327066778386353e+01
3.814804229779937117e+01,2.000625458918126753e+01
3.816804801371820588e+01,1.868343400053095138e+01
3.818805372963704059e+01,1.735128834024688516e+01
3.820805944555587530e+01,1.510287735134094333e+01
3.822806516147471001e+01,1.386382157929015335e+01
3.824807087739354472e+01,1.304333810111570990e+01
3.826807659331237232e+01,1.188675850830291303e+01
3.828808230923121414e+01,1.153336931952165223e+01
3.830808802515004174e+01,1.074787248445057664e+01
3.832809374106888356e+01,1.124420296137479625e+01
3.834809945698771116e+01,1.126448321058297353e+01
3.836810517290654587e+01,1.072632598707938811e+01
3.838811088882538058e+01,9.477260468309388841e+00
3.840811660474421529e+01,9.825005979971559000e+00
3.842812232066305000e+01,1.009659125143206104e+01
3.844812803658187761e+01,1.025004826457900720e+01
3.846813375250071942e+01,1.067159416579303688e+01
3.848813946841954703e+01,1.020862797846530512e+01
3.850814518433838884e+01,1.189979265915598816e+01
3.852815090025721645e+01,1.174793619997667271e+01
3.854815661617605116e+01,1.169625815004599190e+01
3.856816233209488587e+01,1.271224196473451329e+01
3.858816804801372058e+01,1.451888699449816045e+01
3.860817376393255529e+01,1.526906741083795183e+01
3.862817947985138289e+01,1.619857072414457022e+01
3.864818519577022471e+01,1.610718379615274998e+01
3.866819091168905231e+01,1.792874460361226596e+01
3.868819662760789413e+01,1.872703577437076916e+01
3.870820234352672173e+01,2.053185949927330967e+01
3.872820805944555644e+01,2.268753509497101106e+01
3.874821377536439115e+01,2.454595506037874486e+01
3.876821949128322586e+01,2.561166405085877074e+01
3.878822520720206057e+01,2.745855978179500312e+01
3.880823092312088818e+01,3.029088127175638334e+01
3.882823663903972999e+01,3.158343536188345269e+01
3.884824235495855760e+01,3.457278850897105826e+01
3.886824807087739941e+01,3.648549032814536730e+01
3.888825378679622702e+01,3.937373662427644661e+01
3.890825950271506173e+01,4.240516111079512029e+01
3.892826521863389644e+01,4.358232472976870042e+01
3.894827093455273115e+01,4.645080436533100965e+01
3.896827665047156586e+01,4.976639665460633211e+01
3.898828236639040057e+01,5.203861870288665870e+01
3.900828808230923528e+01,5.377690605803245205e+01
3.902829379822806288e+01,5.552969268804618252e+01
3.904829951414690470e+01,5.833303157672781936e+01
3.906830523006573230e+01,5.927888882765840606e+01
3.908831094598456701e+01,6.127282402472172862e+01
3.910831666190340172e+01,6.164381160908546775e+01
3.912832237782223643e+01,6.350761038407578951e+01
3.914832809374107114e+01,6.425044837877729265e+01
3.916833380965990585e+01,6.504126459852849962e+01
3.918833952557874056e+01,6.482321156253952665e+01
3.920834524149756817e+01,6.429120250493278377e+01
3.922835095741640998e+01,6.327510986080260125e+01
3.924835667333523759e+01,6.317000216454066219e+01
3.926836238925407940e+01,6.198117091640090592e+01
3.928836810517290701e+01,6.055114263802222752e+01
3.930837382109174172e+01,6.041781385628647882e+01
3.932837953701057643e+01,5.850289771420420237e+01
3.934838525292941114e+01,5.711680031748429087e+01
3.936839096884824585e+01,5.587218385662950482e+01
3.938839668476707345e+01,5.373078055951248189e+01
3.940840240068591527e+01,5.181863087384427047e+01
3.942840811660474287e+01,5.022085741261492586e+01
3.944841383252358469e+01,4.855154700599831585e+01
3.946841954844241229e+01,4.737684625582566866e+01
3.948842526436124700e+01,4.607323486604432361e+01
3.950843098028008171e+01,4.475612440283290994e+01
3.952843669619891642e+01,4.476494680629225797e+01
3.954844241211775113e+01,4.418426253852879171e+01
3.956844812803657874e+01,4.333800317223048637e+01
3.958845384395542055e+01,4.379245190187963743e+01
3.960845955987424816e+01,4.374244594459621283e+01
3.962846527579308997e+01,4.411593376221474472e+01
3.964847099171191758e+01,4.497897240609010083e+01
3.966847670763075229e+01,4.548964585373567360e+01
3.968848242354958700e+01,4.630179347239085530e+01
3.970848813946842171e+01,4.802285896247893504e+01
3.972849385538725642e+01,4.832583241419792586e+01
3.974849957130608402e+01,4.978579162064857400e+01
3.976850528722492584e+01,5.034533996465800954e+01
3.978851100314375344e+01,5.015923554450928634e+01
3.980851671906259526e+01,5.065060360167300502e+01
3.982852243498142286e+01,5.174130973590470717e+01
3.984852815090025757e+01,5.226692356364783620e+01
3.986853386681909228e+01,5.150661669443755386e+01
3.988853958273792699e+01,5.122066228047584957e+01
3.990854529865676170e+01,5.077953821440325299e+01
3.992855101457559641e+01,4.917960244842034001e+01
3.994855673049443112e+01,4.847583832527490699e+01
3.996856244641325873e+01,4.630374617594352316e+01
3.998856816233210054e+01,4.549420958025316963e+01
4.000857387825092815e+01,4.399900030514930194e+01
4.002857959416976286e+01,4.136137078611569251e+01
4.004858531008859757e+01,3.958054596978779216e+01
4.006859102600743228e+01,3.738076517140601140e+01
4.008859674192626699e+01,3.481041849246130226e+01
4.010860245784510170e+01,3.232217838901294016e+01
4.012860817376393641e+01,3.035966392404840164e+01
4.014861388968276401e+01,2.795797108604108416e+01
4.016861960560160583e+01,2.618266788118250332e+01
4.018862532152043343e+01,2.389740945965278485e+01
4.020863103743927525e+01,2.147076246587647930e+01
4.022863675335810285e+01,2.001908214409521136e+01
4.024864246927693756e+01,1.823463555638378963e+01
4.026864818519577227e+01,1.561877325310565467e+01
4.028865390111460698e+01,1.526744291646592622e+01
4.030865961703344169e+01,1.278546869104862616e+01
4.032866533295226930e+01,1.259972006037097714e+01
4.034867104887111111e+01,1.080029649034766770e+01
4.036867676478993872e+01,1.052271654887505115e+01
4.038868248070878053e+01,9.721966857776420667e+00
4.040868819662760814e+01,8.549973311203185489e+00
4.042869391254644285e+01,8.827343257846788305e+00
4.044869962846527756e+01,8.198904163857488214e+00
4.046870534438411227e+01,8.113040952733362232e+00
4.048871106030294698e+01,7.742982423237673828e+00
4.050871677622177458e+01,7.146467335217103312e+00
4.052872249214061640e+01,6.518080172742963363e+00
4.054872820805944400e+01,6.919072864250947141e+00
4.056873392397828582e+01,7.334770140557440143e+00
4.058873963989711342e+01,6.706761234780408643e+00
4.060874535581594813e+01,6.679822072408884814e+00
4.062875107173478284e+01,7.015574747414106582e+00
4.064875678765361755e+01,6.139792752896724437e+00
4.066876250357245226e+01,6.416823548673023403e+00
4.068876821949127986e+01,6.133064851980257970e+00
4.070877393541012168e+01,6.088124497690239778e+00
4.072877965132894929e+01,6.372966995650481969e+00
4.074878536724779110e+01,6.599238804565129790e+00
4.076879108316661871e+01,6.801328879457189558e+00
4.078879679908545342e+01,5.937414513058740795e+00
4.080880251500428813e+01,6.025175148798865621e+00
4.082880823092312284e+01,6.664329453507821910e+00
4.084881394684195755e+01,6.479999413629710325e+00
4.086881966276079226e+01,6.714302518336715764e+00
4.088882537867962697e+01,6.275248138248663565e+00
4.090883109459845457e+01,6.208843392766732805e+00
4.092883681051729639e+01,6.024919886525299972e+00
4.094884252643612399e+01,5.822388299104403586e+00
4.096884824235495870e+01,6.217845554332411595e+00
4.098885395827379341e+01,5.855453702004901118e+00
4.100885967419262812e+01,6.806188331573047812e+00
4.102886539011146283e+01,6.184256228668271405e+00
4.104887110603029754e+01,6.735710608553032941e+00
4.106887682194913225e+01,6.181172285693517843e+00
4.108888253786795985e+01,6.552677323506008733e+00
4.110888825378680167e+01,5.538684514583321672e+00
4.112889396970562927e+01,6.106666726029571279e+00
4.114889968562447109e+01,5.668927459647734146e+00
4.116890540154329869e+01,5.876547849426802195e+00
4.118891111746213340e+01,5.981749362932636593e+00
4.120891683338096811e+01,6.320105657737101090e+00
4.122892254929980282e+01,6.273775465604270352e+00
4.124892826521863753e+01,7.107279691606802174e+00
4.126893398113746514e+01,7.237727414096788436e+00
4.128893969705630695e+01,6.853405762446371341e+00
4.130894541297513456e+01,6.632365135770466047e+00
4.132895112889397637e+01,7.039284953961664648e+00
4.134895684481280398e+01,7.351433569718125227e+00
4.136896256073163869e+01,7.950514891407756579e+00
4.138896827665047340e+01,8.352308029703969794e+00
4.140897399256930811e+01,8.763652127185810770e+00
4.142897970848814282e+01,9.708436809316808080e+00
4.144898542440697042e+01,1.004069361608672750e+01
4.146899114032581224e+01,1.023926741726210388e+01
4.148899685624463984e+01,1.143468052522940148e+01
4.150900257216348166e+01,1.226014230940257654e+01
4.152900828808230926e+01,1.291466139103732935e+01
4.154901400400114397e+01,1.403782984056266869e+01
4.156901971991997868e+01,1.449405052988966069e+01
4.158902543583881339e+01,1.581627705279411344e+01
4.160903115175764810e+01,1.747832866798599483e+01
4.162903686767647571e+01,1.815718102456286687e+01
4.164904258359531752e+01,1.862565232753868116e+01
4.166904829951414513e+01,2.034101508799180991e+01
4.168905401543298694e+01,2.195618762046273886e+01
4.170905973135181455e+01,2.312272155518246208e+01
4.172906544727064926e+01,2.311962564441566315e+01
4.174907116318948397e+01,2.425663135254642810e+01
4.176907687910831868e+01,2.631125931789377503e+01
4.178908259502715339e+01,2.754116026177224441e+01
4.180908831094598810e+01,2.749296129289149704e+01
4.182909402686482281e+01,2.748537330206940865e+01
4.184909974278365041e+01,2.873639037187115619e+01
4.186910545870249223e+01,2.867107435320114206e+01
4.188911117462131983e+01,2.826121406555083126e+01
4.190911689054015454e+01,2.795942303361243120e+01
4.192912260645898925e+01,2.649598821664118020e+01
4.194912832237782396e+01,2.625475887111435824e+01
4.196913403829665867e+01,2.402551472013421829e+01
4.198913975421549338e+01,2.345950369493147392e+01
4.200914547013432809e+01,2.247898227614567546e+01
4.202915118605316280e+01,2.013016211854037607e+01
4.204915690197199041e+01,1.848898731050374877e+01
4.206916261789082512e+01,1.740849823347347680e+01
4.208916833380965983e+01,1.545938492780127227e+01
4.210917404972849454e+01,1.445044445468803218e+01
4.212917976564732925e+01,1.295630296750610455e+01
4.214918548156616396e+01,1.191195711669954527e+01
4.216919119748499867e+01,1.012872949342781403e+01
4.218919691340383338e+01,1.004520874786098794e+01
4.220920262932266809e+01,8.620766427492698725e+00
4.222920834524150280e+01,9.182840480679063333e+00
4.224921406116033040e+01,8.556984763681807493e+00
4.226921977707916511e+01,7.315086092348726865e+00
4.228922549299799982e+01,7.125184527865947359e+00
4.230923120891683453e+01,6.855921002943439646e+00
4.232923692483566924e+01,5.960886857259323435e+00
4.234924264075450395e+01,6.972611157506852564e+00
4.236924835667333866e+01,6.533732982241181375e+00
4.238925407259217337e+01,5.665031720753334277e+00
4.240925978851100808e+01,5.811661864201880690e+00
4.242926550442983569e+01,5.807084220694460619e+00
4.244927122034867040e+01,5.987017809170825267e+00
4.246927693626750511e+01,5.218489995203258403e+00
4.248928265218633982e+01,5.662718463148951109e+00
4.250928836810517453e+01,5.501612833918268386e+00
4.252929408402400924e+01,6.055559060532285542e+00
4.254929979994284395e+01,6.085224449949146575e+00
4.256930551586167866e+01,4.861615752682488356e+00
4.258931123178051337e+01,5.627591135533794642e+00
4.260931694769934097e+01,5.752441334529441619e+00
4.262932266361817568e+01,5.545518813240017941e+00
4.264932837953701039e+01,5.218944369886840740e+00
4.266933409545584510e+01,5.697180514871223345e+00
4.268933981137467981e+01,5.832115795666401148e+00
4.270934552729351452e+01,5.789024691282771862e+00
4.272935124321234923e+01,6.236699579143060390e+00
4.274935695913118394e+01,6.198890751077389183e+00
4.276936267505001865e+01,6.250656325439149619e+00
4.278936839096885336e+01,5.809908425347641625e+00
4.280937410688768097e+01,6.830366599734674082e+00
4.282937982280651568e+01,5.714628134149710270e+00
4.284938553872535039e+01,6.472763694185946548e+00
4.286939125464418510e+01,6.699991700353223223e+00
4.288939697056301981e+01,6.890888915375745327e+00
4.290940268648185452e+01,7.177272978163477646e+00
4.292940840240068923e+01,7.524628311093396249e+00
4.294941411831952394e+01,6.471747087736622994e+00
4.296941983423835865e+01,6.686547651726004737e+00
4.298942555015718625e+01,6.920064192328456265e+00
4.300943126607602096e+01,6.582203635620430759e+00
4.302943698199485567e+01,7.515655654716667300e+00
4.304944269791369038e+01,6.993459288325217571e+00
4.306944841383252509e+01,7.547883274021434552e+00
4.308945412975135980e+01,6.838077169605817573e+00
4.310945984567019451e+01,7.450928051716036116e+00
4.312946556158902922e+01,6.538020131695060577e+00
4.314947127750786393e+01,6.698189101792856093e+00
4.316947699342669864e+01,6.702775040991307165e+00
4.318948270934552625e+01,7.061446585951854260e+00
4.320948842526436096e+01,7.429535727519292365e+00
4.322949414118319567e+01,7.621729649575115673e+00
4.324949985710203038e+01,6.897337708811169144e+00
4.326950557302086509e+01,7.567363964779080909e+00
4.328951128893969980e+01,8.227460013905153247e+00
4.330951700485853451e+01,8.236986349307334976e+00
4.332952272077736922e+01,8.140938950364034810e+00
4.334952843669620393e+01,9.199771935175419912e+00
4.336953415261503153e+01,8.913201502600880843e+00
4.338953986853386624e+01,9.025107193467334810e+00
4.340954558445270095e+01,9.723054685240652972e+00
4.342955130037153566e+01,9.816998165718294089e+00
4.344955701629037037e+01,1.007401711810833866e+01
4.346956273220920508e+01,1.047071743681115308e+01
4.348956844812803979e+01,1.045635032503521700e+01
4.350957416404687450e+01,1.025408168314084989e+01
4.352957987996570921e+01,1.036613545703592365e+01
4.354958559588453681e+01,9.999090394587867081e+00
4.356959131180337153e+01,1.081575286240152245e+01
4.358959702772220624e+01,1.070958639384907940e+01
4.360960274364104095e+01,9.655927112508276622e+00
4.362960845955987566e+01,8.729946034472607863e+00
4.364961417547871037e+01,9.146459392530161381e+00
4.366961989139754508e+01,8.677723793952406339e+00
4.368962560731637979e+01,7.902846961197542264e+00
4.370963132323521450e+01,8.667879570082526186e+00
4.372963703915404921e+01,7.008747195702911270e+00
4.374964275507287681e+01,7.212355722696023541e+00
4.376964847099171152e+01,6.069532694767193703e+00
4.378965418691054623e+01,6.800336503016562339e+00
4.380965990282938094e+01,6.315353386089512355e+00
4.382966561874821565e+01,5.592846191646343001e+00
4.384967133466705036e+01,5.313351565366800422e+00
4.386967705058588507e+01,6.503133731617183777e+00
4.388968276650471978e+01,5.130968090869093778e+00
4.390968848242355449e+01,6.034636925526899454e+00
4.392969419834238209e+01,5.880385412820787749e+00
4.394969991426121680e+01,5.028658875476820889e+00
4.396970563018005151e+01,5.339379431721760660e+00
4.398971134609888622e+01,5.549096101695710992e+00
4.400971706201772093e+01,6.261437113682234212e+00
4.402972277793655564e+01,5.855634570507578296e+00
4.404972849385539035e+01,5.195308188495898705e+00
4.406973420977422506e+01,6.073310491330063066e+00
4.408973992569305977e+01,6.100591178994887898e+00
4.410974564161189448e+01,6.538596251262673853e+00
4.412975135753072209e+01,6.241067281437933545e+00
4.414975707344955680e+01,6.784161667539623686e+00
4.416976278936839151e+01,6.689516547614737796e+00
4.418976850528722622e+01,7.181975452953627048e+00
4.420977422120606093e+01,6.117857257203213273e+00
4.422977993712489564e+01,5.712299900619901116e+00
4.424978565304373035e+01,5.616580930938996019e+00
4.426979136896256506e+01,6.256939248955195154e+00
4.428979708488139977e+01,6.198742745873178528e+00
4.430980280080022737e+01,6.388815040517515698e+00
4.432980851671906208e+01,6.282998029835045628e+00
4.434981423263789679e+01,5.914819006270549018e+00
4.436981994855673150e+01,5.797891234944854588e+00
4.438982566447556621e+01,6.402299246361894625e+00
4.440983138039440092e+01,5.452700300051517956e+00
4.442983709631323563e+01,5.395590466985683342e+00
4.444984281223207034e+01,5.465886178850116295e+00
4.446984852815090505e+01,5.652215529265389726e+00
4.448985424406973266e+01,5.596297240007692686e+00
4.450985995998856737e+01,4.976341834113292784e+00
4.452986567590740208e+01,6.207236200273156257e+00
4.454987139182623679e+01,6.254929754017911847e+00
4.456987710774507150e+01,5.534081274832601594e+00
4.458988282366390621e+01,6.409208356823659969e+00
4.460988853958274092e+01,6.249804901266518442e+00
4.462989425550157563e+01,6.315498156373274163e+00
4.464989997142041034e+01,7.101636860546404861e+00
4.466990568733924505e+01,7.421273400809970333e+00
4.468991140325807265e+01,7.285899970458329378e+00
4.470991711917690736e+01,7.175008962161429693e+00
4.472992283509574207e+01,7.790070989170131632e+00
4.474992855101457678e+01,7.659019081249519800e+00
4.476993426693341149e+01,8.251609623737612864e+00
4.478993998285224620e+01,8.101678542353305090e+00
4.480994569877108091e+01,8.168066564897266346e+00
4.482995141468991562e+01,8.203924965460185348e+00
4.484995713060875033e+01,8.683174854288754574e+00
4.486996284652757794e+01,8.277994369908791228e+00
4.488996856244641265e+01,9.164877724806025583e+00
4.490997427836524736e+01,9.429389393937512409e+00
4.492997999428408207e+01,1.023917808267178486e+01
4.494998571020291678e+01,1.009517217130172817e+01
4.496999142612175149e+01,1.071268997105989484e+01
4.498999714204058620e+01,9.671436019986202837e+00
4.501000285795942091e+01,1.154482707729902735e+01
4.503000857387825562e+01,1.138833267021340312e+01
4.505001428979709033e+01,1.185052415813196980e+01
4.507002000571591793e+01,1.265527708642486537e+01
4.509002572163475264e+01,1.207657593851575939e+01
4.511003143755358735e+01,1.282665311840011313e+01
4.513003715347242206e+01,1.343457948405179181e+01
4.515004286939125677e+01,1.477180947526568389e+01
4.517004858531009148e+01,1.503502534949717884e+01
4.519005430122892619e+01,1.643082039935214667e+01
4.521006001714776090e+01,1.658570767982478600e+01
4.523006573306659561e+01,1.718203105999610614e+01
4.525007144898542322e+01,1.782702867754642639e+01
4.527007716490425793e+01,1.871593432466700335e+01
4.529008288082309264e+01,1.925139121898266481e+01
4.531008859674192735e+01,2.039442988343560614e+01
4.533009431266076206e+01,2.057439966454197844e+01
4.535010002857959677e+01,2.092487323023900458e+01
4.537010574449843148e+01,2.170314813993485714e+01
4.539011146041726619e+01,2.193185164574618540e+01
4.541011717633610090e+01,2.197555652552979311e+01
4.543012289225492850e+01,2.181197103614142208e+01
4.545012860817376321e+01,2.112260468206586239e+01
4.547013432409259792e+01,2.079632246975705812e+01
4.549014004001143263e+01,1.911279323816184927e+01
4.551014575593026734e+01,1.875250140531834830e+01
4.553015147184910205e+01,1.827229441141635391e+01
4.555015718776793676e+01,1.678147901579908918e+01
4.557016290368677147e+01,1.620373793623340219e+01
4.559016861960560618e+01,1.471924558653089399e+01
4.561017433552444089e+01,1.344945226339198463e+01
4.563018005144326850e+01,1.179374751190013804e+01
4.565018576736210321e+01,1.166226872232652489e+01
4.567019148328093792e+01,1.093236353331737831e+01
4.569019719919977263e+01,9.905621757927526971e+00
4.571020291511860734e+01,9.139623048432433450e+00
4.573020863103744205e+01,8.840419480583204148e+00
4.575021434695627676e+01,8.793887160069688846e+00
4.577022006287511147e+01,8.464582196193875419e+00
4.579022577879394618e+01,8.183216133121494096e+00
4.581023149471277378e+01,8.549121317596132030e+00
4.583023721063160849e+01,7.548322404598073021e+00
4.585024292655044320e+01,8.479654311953696677e+00
4.587024864246927791e+01,8.200954460663725243e+00
4.589025435838811262e+01,7.835062210053851395e+00
4.591026007430694733e+01,7.542691406837860768e+00
4.593026579022578204e+01,8.195073220077498277e+00
4.595027150614461675e+01,7.784888188335629344e+00
4.597027722206345146e+01,8.739296574689888075e+00
4.599028293798228617e+01,8.090374617610807562e+00
4.601028865390111378e+01,8.201352723746998308e+00
4.603029436981994849e+01,9.151660206102349093e+00
4.605030008573878320e+01,8.296904345156335125e+00
4.607030580165761791e+01,8.564117871971399509e+00
4.609031151757645262e+01,9.121325662030503878e+00
4.611031723349528733e+01,8.996017112753367684e+00
4.613032294941412204e+01,8.503209268599947634e+00
4.615032866533295675e+01,8.923172445804144814e+00
4.617033438125179146e+01,8.552206732839378489e+00
4.619034009717061906e+01,8.881323450680092435e+00
4.621034581308945377e+01,9.602896178772267533e+00
4.623035152900828848e+01,9.357210570752116041e+00
4.625035724492712319e+01,9.244158321395111955e+00
4.627036296084595790e+01,9.652476957803187929e+00
4.629036867676479261e+01,9.219660515711753490e+00
4.631037439268362732e+01,9.641000665805982806e+00
4.633038010860246203e+01,9.552456210778396795e+00
4.635038582452129674e+01,1.001172822898427484e+01
4.637039154044012434e+01,9.193578241165837994e+00
4.639039725635895905e+01,9.288421290198552782e+00
4.641040297227779376e+01,9.663805917815317059e+00
4.643040868819662847e+01,1.004308328261705796e+01
4.645041440411546319e+01,9.771457698448774210e+00
4.647042012003429790e+01,9.789847291770119142e+00
4.649042583595313261e+01,1.021920967253936041e+01
4.651043155187196732e+01,9.709921701913639680e+00
4.653043726779080203e+01,9.587791658316607624e+00
4.655044298370963674e+01,9.165915898409576101e+00
4.657044869962846434e+01,9.310287515945379511e+00
4.659045441554729905e+01,9.267707681456085922e+00
4.661046013146613376e+01,8.281338266751898658e+00
4.663046584738496847e+01,7.493623151029639828e+00
4.665047156330380318e+01,8.400816898827159207e+00
4.667047727922263789e+01,8.294723841187582991e+00
4.669048299514147260e+01,7.241231605908405200e+00
4.671048871106030731e+01,7.255045134448536714e+00
4.673049442697914202e+01,7.842713803758625701e+00
4.675050014289796962e+01,7.908898102662193175e+00
4.677050585881680433e+01,6.433974059537235668e+00
4.679051157473563904e+01,7.201322788360996263e+00
4.681051729065447375e+01,7.039826587801830016e+00
4.683052300657330846e+01,6.821346552270398433e+00
4.685052872249214317e+01,6.103457300247281836e+00
4.687053443841097788e+01,6.726755837572632402e+00
4.689054015432981259e+01,6.044117181136617667e+00
4.691054587024864730e+01,6.587659513056367544e+00
4.693055158616748201e+01,6.675156119898804086e+00
4.695055730208630962e+01,6.571148197819225878e+00
4.697056301800514433e+01,7.183199795375212915e+00
4.699056873392397904e+01,7.007525262404193711e+00
4.701057444984281375e+01,6.200611110840764439e+00
4.703058016576164846e+01,6.808855558256164286e+00
4.705058588168048317e+01,6.418019188757996041e+00
4.707059159759931788e+01,6.269273928759874437e+00
4.709059731351815259e+01,5.420113758774606438e+00
4.711060302943698730e+01,5.692758348975337057e+00
4.713060874535581490e+01,6.086055807650804894e+00
4.715061446127464961e+01,5.844409873448277004e+00
4.717062017719348432e+01,6.472472025007574459e+00
4.719062589311231903e+01,5.561289482270459494e+00
4.721063160903115374e+01,5.401647444987315083e+00
4.723063732494998845e+01,5.605701947395337115e+00
4.725064304086882316e+01,6.115876943798327581e+00
4.727064875678765787e+01,5.901013995881942975e+00
4.729065447270649258e+01,5.722583514089292223e+00
4.731066018862532019e+01,6.227388491694044959e+00
4.733066590454415490e+01,6.124505951751148203e+00
4.735067162046298961e+01,5.426322617310254337e+00
4.737067733638182432e+01,6.071754327118348726e+00
4.739068305230065903e+01,6.086504995558708941e+00
4.741068876821949374e+01,6.249338967509394216e+00
4.743069448413832845e+01,6.756398665163551698e+00
4.745070020005716316e+01,6.297129165887497493e+00
4.747070591597599787e+01,6.454119001137854639e+00
4.749071163189483258e+01,5.934346082884867535e+00
4.751071734781366018e+01,5.791536602218553931e+00
4.753072306373249489e+01,6.215265762092704982e+00
4.755072877965132960e+01,6.678179928455723946e+00
4.757073449557016431e+01,6.422136723396549840e+00
4.759074021148899902e+01,6.956041319789207478e+00
4.761074592740783373e+01,6.616462823818419992e+00
4.763075164332666844e+01,6.739743265906668945e+00
4.765075735924550315e+01,7.110350121146290725e+00
4.767076307516433786e+01,6.630575645486031178e+00
4.769076879108316547e+01,6.914999688317530868e+00
4.771077450700200018e+01,6.813778491710078988e+00
4.773078022292083489e+01,6.553790860653073480e+00
4.775078593883966960e+01,6.581321641781445742e+00
4.777079165475850431e+01,6.512190952585561021e+00
4.779079737067733902e+01,6.746946206322443018e+00
4.781080308659617373e+01,6.814080456425910981e+00
4.783080880251500844e+01,6.615250252638194439e+00
4.785081451843384315e+01,6.197126509407544503e+00
4.787082023435267075e+01,5.985451109705273609e+00
4.789082595027150546e+01,6.283968236861028345e+00
4.791083166619034017e+01,6.817027992677166637e+00
4.793083738210917488e+01,6.574448134546283740e+00
4.795084309802800959e+01,7.298183607901527203e+00
4.797084881394684430e+01,7.232710336810593610e+00
4.799085452986567901e+01,7.477048178718128213e+00
4.801086024578451372e+01,7.424161341538403569e+00
4.803086596170334843e+01,7.041665853420056465e+00
4.805087167762218314e+01,7.252830778812255019e+00
4.807087739354101075e+01,7.404025381431321051e+00
4.809088310945984546e+01,8.852599904080733495e+00
4.811088882537868017e+01,8.469038786358161985e+00
4.813089454129751488e+01,8.949411868430074080e+00
4.815090025721634959e+01,9.751718652727220160e+00
4.817090597313518430e+01,9.397171933953455181e+00
4.819091168905401901e+01,9.267148436325719274e+00
4.821091740497285372e+01,9.690781603624939677e+00
4.823092312089168843e+01,1.075064018627426776e+01
4.825092883681051603e+01,1.064223366801350146e+01
4.827093455272935074e+01,1.038105606936828629e+01
4.829094026864818545e+01,1.111397347131507374e+01
4.831094598456702016e+01,9.935773749642613950e+00
4.833095170048585487e+01,1.017077552038964861e+01
4.835095741640468958e+01,1.099811219872939283e+01
4.837096313232352429e+01,1.050969260430778185e+01
4.839096884824235900e+01,1.060936290068282517e+01
4.841097456416119371e+01,1.006051635392371502e+01
4.843098028008002842e+01,1.078679323142188018e+01
4.845098599599885603e+01,9.623146466680740474e+00
4.847099171191769074e+01,9.588448750390258013e+00
4.849099742783652545e+01,9.417377311667417317e+00
4.851100314375536016e+01,1.027778211101604633e+01
4.853100885967419487e+01,1.027924249747317198e+01
4.855101457559302958e+01,9.605468431902124848e+00
4.857102029151186429e+01,8.660280264431818864e+00
4.859102600743069900e+01,9.431311461894061665e+00
4.861103172334953371e+01,8.761593116532534253e+00
4.863103743926836131e+01,1.019257200932489127e+01
4.865104315518719602e+01,9.074822542438344186e+00
4.867104887110603073e+01,9.619389852608314584e+00
4.869105458702486544e+01,8.845770958791428384e+00
4.871106030294370015e+01,9.988092511987579414e+00
4.873106601886253486e+01,9.669955312115702029e+00
4.875107173478136957e+01,9.801529295225247296e+00
4.877107745070020428e+01,1.011069351578359132e+01
4.879108316661903899e+01,1.025869119518478456e+01
4.881108888253786660e+01,9.426949577474758257e+00
4.883109459845670131e+01,9.919027144524610762e+00
4.885110031437553602e+01,1.033504942696722395e+01
4.887110603029437073e+01,1.102646520283744636e+01
4.889111174621320544e+01,1.013590638150364143e+01
4.891111746213204015e+01,9.400513051242107565e+00
4.893112317805087486e+01,1.010300327737320991e+01
4.895112889396970957e+01,9.408301790735691839e+00
4.897113460988854428e+01,9.751938578593158269e+00
4.899114032580737899e+01,8.936540596105345458e+00
4.901114604172620659e+01,8.285248435850517623e+00
4.903115175764504130e+01,8.383196263577261220e+00
4.905115747356387601e+01,7.363492636123769586e+00
4.907116318948271072e+01,7.067392429321285974e+00
4.909116890540154543e+01,6.804034756090207026e+00
4.911117462132038014e+01,6.555131660745560751e+00
4.913118033723921485e+01,5.830770152243536231e+00
4.915118605315804956e+01,6.049908947431143602e+00
4.917119176907688427e+01,5.922339436782170452e+00
4.919119748499571187e+01,6.438228715257000800e+00
4.921120320091454658e+01,5.326645348734606600e+00
4.923120891683338129e+01,6.107963031363816242e+00
4.925121463275221600e+01,5.248197547745268032e+00
4.927122034867105071e+01,5.348086328953944424e+00
4.929122606458988542e+01,5.542105382481937070e+00
4.931123178050872014e+01,4.506650978930796470e+00
4.933123749642755485e+01,4.968897720919890126e+00
4.935124321234638956e+01,4.977087430242541188e+00
4.937124892826522427e+01,4.854325878833522623e+00
4.939125464418405187e+01,4.312140607502354506e+00
4.941126036010288658e+01,4.944237895827407137e+00
4.943126607602172129e+01,4.256141764700282160e+00
4.945127179194055600e+01,4.906332380307985019e+00
4.947127750785939071e+01,5.272617747423624657e+00
4.949128322377822542e+01,4.954658931385763410e+00
4.951128893969706013e+01,5.696328297970765675e+00
4.953129465561589484e+01,5.068245358339389384e+00
4.955130037153472955e+01,5.683219310020439785e+00
4.957130608745355715e+01,4.615026068308129226e+00
4.959131180337239186e+01,5.732730859140163560e+00
4.961131751929122657e+01,5.580270313598395759e+00
4.963132323521006128e+01,5.403373531752058589e+00
4.965132895112889599e+01,6.108192109345617737e+00
4.967133466704773070e+01,4.792969706541883035e+00
4.969134038296656541e+01,5.792251347118586580e+00
4.971134609888540012e+01,6.863156612353597197e+00
4.973135181480423483e+01,6.118847017834485591e+00
4.975135753072306244e+01,5.954690934461151386e+00
4.977136324664189715e+01,6.295971861760615518e+00
4.979136896256073186e+01,7.423557230902895654e+00
4.981137467847956657e+01,6.084105766859570608e+00
4.983138039439840128e+01,6.829051866265734461e+00
4.985138611031723599e+01,6.950950331434444962e+00
4.987139182623607070e+01,7.978704852896000510e+00
4.989139754215490541e+01,7.975690865753565006e+00
4.991140325807374012e+01,8.985476198088173660e+00
4.993140897399257483e+01,8.081957606624307289e+00
4.995141468991140243e+01,8.871884364068172601e+00
4.997142040583023714e+01,9.775327818060851826e+00
4.999142612174907185e+01,9.308073131045444981e+00
5.001143183766790656e+01,1.028251272377275427e+01
5.003143755358674127e+01,1.031848059453677280e+01
5.005144326950557598e+01,1.065909203227957747e+01
5.007144898542441069e+01,1.080137947261352593e+01
5.009145470134324540e+01,1.183695491689114121e+01
5.011146041726208011e+01,1.156140667675770395e+01
5.013146613318090772e+01,1.270000901988169062e+01
5.015147184909974243e+01,1.227585202792414520e+01
5.017147756501857714e+01,1.251766186988928986e+01
5.019148328093741185e+01,1.290570871345189374e+01
5.021148899685624656e+01,1.341828861206234080e+01
5.023149471277508127e+01,1.373637234949870845e+01
5.025150042869391598e+01,1.352352222080576283e+01
5.027150614461275069e+01,1.348318308030525081e+01
5.029151186053158540e+01,1.361826084564722805e+01
5.031151757645042011e+01,1.348872519981178542e+01
5.033152329236924771e+01,1.402413205140108943e+01
5.035152900828808242e+01,1.462945472917604306e+01
5.037153472420691713e+01,1.419527540607058569e+01
5.039154044012575184e+01,1.409806126545971594e+01
5.041154615604458655e+01,1.355578097531743254e+01
5.043155187196342126e+01,1.317108236858140735e+01
5.045155758788225597e+01,1.349756679548381300e+01
5.047156330380109068e+01,1.237522345647151845e+01
5.049156901971992539e+01,1.266108485454664923e+01
5.051157473563875300e+01,1.230505137426300699e+01
5.053158045155758771e+01,1.268070940623065468e+01
5.055158616747642242e+01,1.219519929942130254e+01
5.057159188339525713e+01,1.143165932769298188e+01
5.059159759931409184e+01,1.045790219257935583e+01
5.061160331523292655e+01,9.908923764702617376e+00
5.063160903115176126e+01,9.882698561163513418e+00
5.065161474707059597e+01,9.790641176999979933e+00
5.067162046298943068e+01,9.949835904445897938e+00
5.069162617890825828e+01,8.454950721640329903e+00
5.071163189482709299e+01,8.998967913140052843e+00
5.073163761074592770e+01,8.822010339959867053e+00
5.075164332666476241e+01,7.363440919309760524e+00
5.077164904258359712e+01,7.290420545039558498e+00
5.079165475850243183e+01,6.751303052428150764e+00
5.081166047442126654e+01,6.259533141454197036e+00
5.083166619034010125e+01,6.699710123544145191e+00
5.085167190625893596e+01,5.233967524175525909e+00
5.087167762217777067e+01,5.586296612121850025e+00
5.089168333809659828e+01,5.265684889908856192e+00
5.091168905401543299e+01,5.259397885901106129e+00
5.093169476993426770e+01,4.985265809234564749e+00
5.095170048585310241e+01,5.045075468214225367e+00
5.097170620177193712e+01,4.757200870779620949e+00
5.099171191769077183e+01,5.087161605855107460e+00
5.101171763360960654e+01,5.250078670544926496e+00
5.103172334952844125e+01,4.913309081474122486e+00
5.105172906544727596e+01,4.038068331194736515e+00
5.107173478136610356e+01,4.236819299607272882e+00
5.109174049728493827e+01,4.382981585280890435e+00
5.111174621320377298e+01,3.887848357577293967e+00
5.113175192912260769e+01,4.098581904159808609e+00
5.115175764504144240e+01,3.992430830594030589e+00
5.117176336096027711e+01,4.399472079943672398e+00
5.119176907687911182e+01,4.249638321082509052e+00
5.121177479279794653e+01,3.596424567912158921e+00
5.123178050871678124e+01,4.614757444265725539e+00
5.125178622463561595e+01,3.963815900889541055e+00
5.127179194055444356e+01,4.211373679696706951e+00
5.129179765647327827e+01,3.518856303900689486e+00
5.131180337239211298e+01,4.882515038928889162e+00
5.133180908831094769e+01,3.629035957853888217e+00
5.135181480422978240e+01,4.063082452303296677e+00
5.137182052014861711e+01,4.571324567119893878e+00
5.139182623606745182e+01,3.773404481068844518e+00
5.141183195198628653e+01,4.507304199493771257e+00
5.143183766790512124e+01,3.773056841388975791e+00
5.145184338382394884e+01,4.055284275406135563e+00
5.147184909974278355e+01,4.150893434866957499e+00
5.149185481566161826e+01,4.177254561447576897e+00
5.151186053158045297e+01,3.677772584743162820e+00
5.153186624749928768e+01,4.508518623291676519e+00
5.155187196341812239e+01,4.858433217387269742e+00
5.157187767933695710e+01,4.376992289167274564e+00
5.159188339525579181e+01,3.913709544321101408e+00
5.161188911117462652e+01,4.336189672299941122e+00
5.163189482709345413e+01,3.352880139923644087e+00
5.165190054301228884e+01,4.258732751101891978e+00
5.167190625893112355e+01,4.404889374777617661e+00
5.169191197484995826e+01,4.402434506232502542e+00
5.171191769076879297e+01,4.389852127115672964e+00
5.173192340668762768e+01,4.120931724778175820e+00
5.175192912260646239e+01,3.893038612359051243e+00
5.177193483852529710e+01,3.720244825291866952e+00
5.179194055444413181e+01,3.543329275645183518e+00
5.181194627036296652e+01,3.940010768497206328e+00
5.183195198628179412e+01,4.526601886520808193e+00
5.185195770220062883e+01,4.223956558008596041e+00
5.187196341811946354e+01,4.145234491184625725e+00
5.189196913403829825e+01,4.015785208757296054e+00
5.191197484995713296e+01,4.420320095722410692e+00
5.193198056587596767e+01,4.618684028672013220e+00
5.195198628179480238e+01,3.869267358127006950e+00
5.197199199771363709e+01,4.347266789701993872e+00
5.199199771363247180e+01,4.378118357894883239e+00
5.201200342955129940e+01,4.482617611929457624e+00
5.203200914547013411e+01,4.678994935253136589e+00
5.205201486138896882e+01,4.517448347732783809e+00
5.207202057730780353e+01,4.087428628519769624e+00
5.209202629322663824e+01,4.174081115497688010e+00
5.211203200914547295e+01,3.698312495087738849e+00
5.213203772506430766e+01,4.345563484845455626e+00
5.215204344098314237e+01,4.963868998365922991e+00
5.217204915690197708e+01,4.009320424846995579e+00
5.219205487282081180e+01,4.834560739408800600e+00
5.221206058873963940e+01,3.989143711123757541e+00
5.223206630465847411e+01,4.694985185157888097e+00
5.225207202057730882e+01,4.522907001896342649e+00
5.227207773649614353e+01,4.438015122268542001e+00
5.229208345241497824e+01,4.780590441640809374e+00
5.231208916833381295e+01,4.958601021319639202e+00
5.233209488425264766e+01,5.450846797650085840e+00
5.235210060017148237e+01,5.746801007339723100e+00
5.237210631609031708e+01,5.989550786018776662e+00
5.239211203200914468e+01,6.381761017761622412e+00
5.241211774792797939e+01,5.855696918113067362e+00
5.243212346384681410e+01,7.354298835649190735e+00
5.245212917976564881e+01,6.488996585509708481e+00
5.247213489568448352e+01,6.958516368764544602e+00
5.249214061160331823e+01,7.548714808868002279e+00
5.251214632752215294e+01,7.430901513147560422e+00
5.253215204344098765e+01,8.304630041966781562e+00
5.255215775935982236e+01,8.088177931418769617e+00
5.257216347527864997e+01,8.637957250012474830e+00
5.259216919119748468e+01,8.823456701368508348e+00
5.261217490711631939e+01,8.701363930360923149e+00
5.263218062303515410e+01,9.889771062075819685e+00
5.265218633895398881e+01,9.797950571600916092e+00
5.267219205487282352e+01,1.010418201355234302e+01
5.269219777079165823e+01,1.065034242067219949e+01
5.271220348671049294e+01,1.000901499474153411e+01
5.273220920262932765e+01,1.038391801336709364e+01
5.275221491854816236e+01,9.457613421890695093e+00
5.277222063446698996e+01,1.069699948359638952e+01
5.279222635038582467e+01,1.022170869098327906e+01
5.281223206630465938e+01,9.997578441512580127e+00
5.283223778222349409e+01,9.650772460926596352e+00
5.285224349814232880e+01,9.989172602803495948e+00
5.287224921406116351e+01,9.528593897870001328e+00
5.289225492997999822e+01,8.669152953740915990e+00
5.291226064589883293e+01,8.561823444673480665e+00
5.293226636181766764e+01,8.786263212769611641e+00
5.295227207773649525e+01,8.530770109472936014e+00
5.297227779365532996e+01,7.596470359037634346e+00
5.299228350957416467e+01,8.245982859013501809e+00
5.301228922549299938e+01,7.780830985838232294e+00
5.303229494141183409e+01,7.373386788773503397e+00
5.305230065733066880e+01,6.407251631934482106e+00
5.307230637324950351e+01,6.719117488142814842e+00
5.309231208916833822e+01,6.183180844728777714e+00
5.311231780508717293e+01,6.791785506615072521e+00
5.313232352100600764e+01,6.523853660375874775e+00
5.315232923692483524e+01,6.774741132311977054e+00
5.317233495284366995e+01,7.131713249387264142e+00
5.319234066876250466e+01,6.966426411462297352e+00
5.321234638468133937e+01,7.006028244713980335e+00
5.323235210060017408e+01,7.136952982527676070e+00
5.325235781651900879e+01,7.195765723313335194e+00
5.327236353243784350e+01,7.481141300202052591e+00
5.329236924835667821e+01,6.569590567449646201e+00
5.331237496427551292e+01,6.174227885847898278e+00
5.333238068019434053e+01,7.237587550529915426e+00
5.335238639611317524e+01,6.506399175429246284e+00
5.337239211203200995e+01,6.476740775167135311e+00
5.339239782795084466e+01,6.112579754270227816e+00
5.341240354386967937e+01,6.534248118569766284e+00
5.343240925978851408e+01,6.816038925840680385e+00
5.345241497570734879e+01,6.410719062609331331e+00
5.347242069162618350e+01,6.666925095071918328e+00
5.349242640754501821e+01,5.891581398751208454e+00
5.351243212346384581e+01,6.170499172210552885e+00
5.353243783938268052e+01,5.793250478198871178e+00
5.355244355530151523e+01,6.084350213292954557e+00
5.357244927122034994e+01,5.419047916557913958e+00
5.359245498713918465e+01,5.600478640828281840e+00
5.361246070305801936e+01,5.485090507747326427e+00
5.363246641897685407e+01,5.191928810292279373e+00
5.365247213489568878e+01,5.492318452129318018e+00
5.367247785081452349e+01,5.077396855325174485e+00
5.369248356673335820e+01,6.046202644754494315e+00
5.371248928265218581e+01,5.357045123391429797e+00
5.373249499857102052e+01,5.834754119981841569e+00
5.375250071448985523e+01,5.263897192590123453e+00
5.377250643040868994e+01,6.399772223362392154e+00
5.379251214632752465e+01,5.266028008650760484e+00
5.381251786224635936e+01,5.907413618509363751e+00
5.383252357816519407e+01,6.431024116596462115e+00
5.385252929408402878e+01,5.813745045529289612e+00
5.387253501000286349e+01,6.314816630000303022e+00
5.389254072592169109e+01,6.072292457990714709e+00
5.391254644184052580e+01,5.964557824478921688e+00
5.393255215775936051e+01,6.941406111009424507e+00
5.395255787367819522e+01,5.676035399651340185e+00
5.397256358959702993e+01,5.985439836690318316e+00
5.399256930551586464e+01,6.377722877271335022e+00
5.401257502143469935e+01,5.472001065948659537e+00
5.403258073735353406e+01,5.696106428874065486e+00
5.405258645327236877e+01,6.099767794365977380e+00
5.407259216919120348e+01,6.456338078991301188e+00
5.409259788511003109e+01,5.718924214304951903e+00
5.411260360102886580e+01,6.097529209822033280e+00
5.413260931694770051e+01,6.014435436114408340e+00
5.415261503286653522e+01,5.601210618913023076e+00
5.417262074878536993e+01,5.239552966852246030e+00
5.419262646470420464e+01,6.187280779963321820e+00
5.421263218062303935e+01,5.582907900746731045e+00
5.423263789654187406e+01,4.914948577390862106e+00
5.425264361246070877e+01,5.154906090403528651e+00
5.427264932837953637e+01,5.694046562423774382e+00
5.429265504429837108e+01,5.290203540488298550e+00
5.431266076021720579e+01,4.452671631632239446e+00
5.433266647613604050e+01,5.358313610967313068e+00
5.435267219205487521e+01,5.249302047494738055e+00
5.437267790797370992e+01,3.980796157394212997e+00
5.439268362389254463e+01,4.400470047967000475e+00
5.441268933981137934e+01,3.811413449437834444e+00
5.443269505573021405e+01,4.441772943371742777e+00
5.445270077164904166e+01,4.784238107534957152e+00
5.447270648756787637e+01,4.403311092129978732e+00
5.449271220348671108e+01,4.553770188263460028e+00
5.451271791940554579e+01,3.774346289220376072e+00
5.453272363532438050e+01,4.180834938412097301e+00
5.455272935124321521e+01,4.663441181887073128e+00
5.457273506716204992e+01,4.085879870014433202e+00
5.459274078308088463e+01,4.545488483394600543e+00
5.461274649899971934e+01,3.399659185703600706e+00
5.463275221491855405e+01,4.281386491436104613e+00
5.465275793083738165e+01,3.747244202439969030e+00
5.467276364675621636e+01,4.995649704977773276e+00
5.469276936267505107e+01,3.943193375105204179e+00
5.471277507859388578e+01,4.198045124981431009e+00
5.473278079451272049e+01,4.034492092163686650e+00
5.475278651043155520e+01,4.649536482451047448e+00
5.477279222635038991e+01,4.492516589009265537e+00
5.479279794226922462e+01,4.341885552086954370e+00
5.481280365818805933e+01,4.167019061679881453e+00
5.483280937410688693e+01,4.156100311298167149e+00
5.485281509002572164e+01,3.973010160692873161e+00
5.487282080594455635e+01,3.680953279563757174e+00
5.489282652186339106e+01,4.464226250693419829e+00
5.491283223778222577e+01,4.340002257667155305e+00
5.493283795370106048e+01,3.880069259379569147e+00
5.495284366961989519e+01,5.075420812407397619e+00
5.497284938553872990e+01,4.664022569404384200e+00
5.499285510145756461e+01,4.749556142259892866e+00
5.501286081737639222e+01,4.831358390721798735e+00
5.503286653329522693e+01,4.745110566069207891e+00
5.505287224921406164e+01,5.333208303078260215e+00
5.507287796513289635e+01,5.155918610760027221e+00
5.509288368105173106e+01,4.771696042671688787e+00
5.511288939697056577e+01,5.556483002437525798e+00
5.513289511288940048e+01,5.135372762225832943e+00
5.515290082880823519e+01,4.908155187266279640e+00
5.517290654472706990e+01,5.355552294331006991e+00
5.519291226064590461e+01,5.029185129455986392e+00
5.521291797656473221e+01,5.563642757604700506e+00
5.523292369248356692e+01,5.141186243111146581e+00
5.525292940840240163e+01,5.152909306180211146e+00
5.527293512432123634e+01,5.318978863975413418e+00
5.529294084024007105e+01,5.051219289030690618e+00
5.531294655615890576e+01,5.979284094379301528e+00
5.533295227207774047e+01,5.238287365467551027e+00
5.535295798799657518e+01,5.259983603342094582e+00
5.537296370391540989e+01,5.305901514437076472e+00
5.539296941983423750e+01,5.942034032821144507e+00
5.541297513575307221e+01,5.588240671296066608e+00
5.543298085167190692e+01,5.314219796753997471e+00
5.545298656759074163e+01,4.700817180641885251e+00
5.547299228350957634e+01,5.689007919991988516e+00
5.549299799942841105e+01,5.951717608543652283e+00
5.551300371534724576e+01,5.509751782429294309e+00
5.553300943126608047e+01,5.503742737183015876e+00
5.555301514718491518e+01,5.481689474180819310e+00
5.557302086310374989e+01,5.822234797204595580e+00
5.559302657902257749e+01,5.516723821643402914e+00
5.561303229494141220e+01,5.200070665645942114e+00
5.563303801086024691e+01,5.540400184468855294e+00
5.565304372677908162e+01,4.857255631260910533e+00
5.567304944269791633e+01,5.392998803339922986e+00
5.569305515861675104e+01,6.037887308878079118e+00
5.571306087453558575e+01,4.950774860927172227e+00
5.573306659045442046e+01,5.059289988004197269e+00
5.575307230637325517e+01,5.219390039857678687e+00
5.577307802229208278e+01,4.192000701366310977e+00
5.579308373821091749e+01,5.505911610559046210e+00
5.581308945412975220e+01,5.570739761824330394e+00
5.583309517004858691e+01,5.454582502979619107e+00
5.585310088596742162e+01,4.495622414298486191e+00
5.587310660188625633e+01,3.864202426665314327e+00
5.589311231780509104e+01,4.508747441304572057e+00
5.591311803372392575e+01,4.044662773231349817e+00
5.593312374964276046e+01,4.107820720630364519e+00
5.595312946556158806e+01,4.914089804339181633e+00
5.597313518148042277e+01,4.669340505541091702e+00
5.599314089739925748e+01,4.066597061065284180e+00
5.601314661331809219e+01,4.661741868584388548e+00
5.603315232923692690e+01,4.986224136419983743e+00
5.605315804515576161e+01,4.325489391108130022e+00
5.607316376107459632e+01,4.239811610064549541e+00
5.609316947699343103e+01,4.910826813723595308e+00
5.611317519291226574e+01,4.589741424152228078e+00
5.613318090883110045e+01,4.812622583549204691e+00
5.615318662474992806e+01,4.981569126822518179e+00
5.617319234066876277e+01,4.925423497020884334e+00
5.619319805658759748e+01,5.453254944493053813e+00
5.621320377250643219e+01,5.699641018511904633e+00
5.623320948842526690e+01,5.518980640739396648e+00
5.625321520434410161e+01,5.564437330189761610e+00
5.627322092026293632e+01,6.028482185538954319e+00
5.629322663618177103e+01,6.456654731158234739e+00
5.631323235210060574e+01,6.601867665147758579e+00
5.633323806801943334e+01,6.196237962203845484e+00
5.635324378393826805e+01,6.892148000125517981e+00
5.637324949985710276e+01,6.459452734319778955e+00
5.639325521577593747e+01,6.540880250945408037e+00
5.641326093169477218e+01,7.104497718853223454e+00
5.643326664761360689e+01,7.615221864693404008e+00
5.645327236353244160e+01,6.986793725692197476e+00
5.647327807945127631e+01,7.872088023340795715e+00
5.649328379537011102e+01,7.652175023208151572e+00
5.651328951128894573e+01,7.647287924446279028e+00
5.653329522720777334e+01,8.269206052652290140e+00
5.655330094312660805e+01,8.584537984734351923e+00
5.657330665904544276e+01,8.074210520491545751e+00
5.659331237496427747e+01,7.840751225279716685e+00
5.661331809088311218e+01,8.108420132380791401e+00
5.663332380680194689e+01,8.047155133527629900e+00
5.665332952272078160e+01,8.679355588439426228e+00
5.667333523863961631e+01,9.080692323295908253e+00
5.669334095455845102e+01,9.126174995932682776e+00
5.671334667047727862e+01,9.502921349914782212e+00
5.673335238639611333e+01,8.856526508481572080e+00
5.675335810231494804e+01,8.918177987282339458e+00
5.677336381823378275e+01,9.939373350069574897e+00
5.679336953415261746e+01,8.990366599894770161e+00
5.681337525007145217e+01,8.693678000570685072e+00
5.683338096599028688e+01,8.762936859977456194e+00
5.685338668190912159e+01,9.264339564754282108e+00
5.687339239782795630e+01,9.259927753363550451e+00
5.689339811374678391e+01,8.756491794426821684e+00
5.691340382966561862e+01,8.595430081435395664e+00
5.693340954558445333e+01,8.529238862374043606e+00
5.695341526150328804e+01,7.615413100753947617e+00
5.697342097742212275e+01,7.772469615614444827e+00
5.699342669334095746e+01,7.784318217791944328e+00
5.701343240925979217e+01,7.473615453171455592e+00
5.703343812517862688e+01,6.848490382745124450e+00
5.705344384109746159e+01,6.306474646508425153e+00
5.707344955701629630e+01,7.380029448184346919e+00
5.709345527293512390e+01,6.544752343366800673e+00
5.711346098885395861e+01,5.745907618200343236e+00
5.713346670477279332e+01,6.125426394788948237e+00
5.715347242069162803e+01,7.008941021035818508e+00
5.717347813661046274e+01,6.006886120315847677e+00
5.719348385252929745e+01,6.586148256561354941e+00
5.721348956844813216e+01,5.944729710519413679e+00
5.723349528436696687e+01,6.297682919107709054e+00
5.725350100028580158e+01,6.392740954307585710e+00
5.727350671620462919e+01,6.344735329544383795e+00
5.729351243212346390e+01,6.484660089580623676e+00
5.731351814804229861e+01,6.591416134324344256e+00
5.733352386396113332e+01,7.545850023323760425e+00
5.735352957987996803e+01,6.782281639198521894e+00
5.737353529579880274e+01,6.362169995671600020e+00
5.739354101171763745e+01,7.741266403392021545e+00
5.741354672763647216e+01,7.981512762239306724e+00
5.743355244355530687e+01,6.913453838380892336e+00
5.745355815947414158e+01,7.754386130145123346e+00
5.747356387539296918e+01,8.060685936310431288e+00
5.749356959131180389e+01,7.930763244400504064e+00
5.751357530723063860e+01,7.975233722988965823e+00
5.753358102314947331e+01,7.458107664945767823e+00
5.755358673906830802e+01,7.625963311221427787e+00
5.757359245498714273e+01,7.384521943124672028e+00
5.759359817090597744e+01,7.396753762055492842e+00
5.761360388682481215e+01,7.533421772679679052e+00
5.763360960274364686e+01,7.864508326869382948e+00
5.765361531866247446e+01,7.267859036166854025e+00
5.767362103458130917e+01,6.958905287130763284e+00
5.769362675050014388e+01,7.208331991278564388e+00
5.771363246641897859e+01,7.243277762510633266e+00
5.773363818233781330e+01,7.635221904037409857e+00
5.775364389825664801e+01,6.960128105126512921e+00
5.777364961417548272e+01,6.252388797718166913e+00
5.779365533009431743e+01,6.836119776231437406e+00
5.781366104601315214e+01,6.882865970594778560e+00
5.783366676193197975e+01,6.375809912637813603e+00
5.785367247785081446e+01,6.184822750209005626e+00
5.787367819376964917e+01,6.267083751400512881e+00
5.789368390968848388e+01,6.536218464812017181e+00
5.791368962560731859e+01,5.858528043739365643e+00
5.793369534152615330e+01,6.012373073001621826e+00
5.795370105744498801e+01,6.032284405913856062e+00
5.797370677336382272e+01,5.334059360875281541e+00
5.799371248928265743e+01,5.650373841709257938e+00
5.801371820520149214e+01,5.182751376515204456e+00
5.803372392112031974e+01,5.353693806646683484e+00
5.805372963703915445e+01,5.279770782422886555e+00
5.807373535295798916e+01,5.274954046890058201e+00
5.809374106887682387e+01,5.451488088492331130e+00
5.811374678479565858e+01,4.825100590286973024e+00
5.813375250071449329e+01,4.709142129546782130e+00
5.815375821663332800e+01,4.656299488335576164e+00
5.817376393255216271e+01,5.235231521963858548e+00
5.819376964847099742e+01,4.849096012473360418e+00
5.821377536438982503e+01,4.648268338970174440e+00
5.823378108030865974e+01,4.782576651928316380e+00
5.825378679622749445e+01,3.969346040316489521e+00
5.827379251214632916e+01,4.805218941633651042e+00
5.829379822806516387e+01,3.827733080364003726e+00
5.831380394398399858e+01,4.188027918046943299e+00
5.833380965990283329e+01,4.018932059004616697e+00
5.835381537582166800e+01,5.093997220190445319e+00
5.837382109174050271e+01,4.003938896484922516e+00
5.839382680765933742e+01,4.769043951617801369e+00
5.841383252357816502e+01,3.670730308575058221e+00
5.843383823949699973e+01,4.095856059981807462e+00
5.845384395541583444e+01,3.987532102096784659e+00
5.847384967133466915e+01,5.169825583070104535e+00
5.849385538725350386e+01,4.725045717311693316e+00
5.851386110317233857e+01,4.781475526307512602e+00
5.853386681909117328e+01,5.537471419112477200e+00
5.855387253501000799e+01,5.339875901009437875e+00
5.857387825092884270e+01,4.660571528572983624e+00
5.859388396684767031e+01,5.313145101079964405e+00
5.861388968276650502e+01,4.778527675998979873e+00
5.863389539868533973e+01,5.680771126889560207e+00
5.865390111460417444e+01,5.438739970245062949e+00
5.867390683052300915e+01,5.481853533859402994e+00
5.869391254644184386e+01,5.058378710506294951e+00
5.871391826236067857e+01,5.384624412671441540e+00
5.873392397827951328e+01,5.394779111278918293e+00
5.875392969419834799e+01,5.161575642115689533e+00
5.877393541011717559e+01,4.971461713950445116e+00
5.879394112603601030e+01,5.652676620851595501e+00
5.881394684195484501e+01,5.399320228282073586e+00
5.883395255787367972e+01,5.163675883602389050e+00
5.885395827379251443e+01,4.939358287892993360e+00
5.887396398971134914e+01,5.818723004655891984e+00
5.889396970563018385e+01,4.892089816600650565e+00
5.891397542154901856e+01,4.808998267232992951e+00
5.893398113746785327e+01,5.364303102620833208e+00
5.895398685338668798e+01,4.210374995912810725e+00
5.897399256930551559e+01,5.725801895856291956e+00
5.899399828522435030e+01,4.883498993393922127e+00
5.901400400114318501e+01,4.293807058038990654e+00
5.903400971706201972e+01,5.426891912004320417e+00
5.905401543298085443e+01,5.328470724980582496e+00
5.907402114889968914e+01,4.733466862445283141e+00
5.909402686481852385e+01,5.254437831242475987e+00
5.911403258073735856e+01,4.634097625243446927e+00
5.913403829665619327e+01,4.133672668823782814e+00
5.915404401257502087e+01,4.779678283579832154e+00
5.917404972849385558e+01,4.444166594418696548e+00
5.919405544441269029e+01,4.743001135723583062e+00
5.921406116033152500e+01,5.370930246773627736e+00
5.923406687625035971e+01,5.011383766454795108e+00
5.925407259216919442e+01,5.802505539978923821e+00
5.927407830808802913e+01,5.251052901192389655e+00
5.929408402400686384e+01,4.538258737520229680e+00
5.931408973992569855e+01,5.189429474194270142e+00
5.933409545584453326e+01,5.699078870422832566e+00
5.935410117176336087e+01,5.927851681407652507e+00
5.937410688768219558e+01,5.852005183850296888e+00
5.939411260360103029e+01,6.223756931522047786e+00
5.941411831951986500e+01,6.477461099312820991e+00
5.943412403543869971e+01,6.121973278485269176e+00
5.945412975135753442e+01,6.954762438520336154e+00
5.947413546727636913e+01,6.385669047595764702e+00
5.949414118319520384e+01,6.849703024703718057e+00
5.951414689911403855e+01,7.290669154976610500e+00
5.953415261503286615e+01,7.559689388769653462e+00
5.955415833095170086e+01,7.332882805018097194e+00
5.957416404687053557e+01,7.144136112858559429e+00
5.959416976278937028e+01,7.631857933682496764e+00
5.961417547870820499e+01,8.047096579665659277e+00
5.963418119462703970e+01,7.404406987193850043e+00
5.965418691054587441e+01,8.156253303604245275e+00
5.967419262646470912e+01,7.673028424613105081e+00
5.969419834238354383e+01,7.832811117621397479e+00
5.971420405830237144e+01,7.383640258431185543e+00
5.973420977422120615e+01,7.794167864415652680e+00
5.975421549014004086e+01,7.303440084461461979e+00
5.977422120605887557e+01,6.937492029109017189e+00
5.979422692197771028e+01,7.619990435261188466e+00
5.981423263789654499e+01,7.315603607458623259e+00
5.983423835381537970e+01,6.810842300870002752e+00
5.985424406973421441e+01,7.067594636098502470e+00
5.987424978565304912e+01,6.452563625817088422e+00
5.989425550157188383e+01,5.681545011171644788e+00
5.991426121749071143e+01,5.953977191257061818e+00
5.993426693340954614e+01,6.344303363288629427e+00
5.995427264932838085e+01,5.831597387949255307e+00
5.997427836524721556e+01,6.068374385747477007e+00
5.999428408116605027e+01,6.088863390868608505e+00
6.001428979708488498e+01,6.390227622436413846e+00
6.003429551300371969e+01,5.923162886011038353e+00
6.005430122892255440e+01,6.249792205927692024e+00
6.007430694484138911e+01,6.403918928811540567e+00
6.009431266076021672e+01,6.933069397902017705e+00
6.011431837667905143e+01,6.997077995705103248e+00
6.013432409259788614e+01,6.244075617819601298e+00
6.015432980851672085e+01,6.747964331419720629e+00
6.017433552443555556e+01,6.822806214324472762e+00
6.019434124035439027e+01,6.791428108526001317e+00
6.021434695627322498e+01,6.696996364958150316e+00
6.023435267219205969e+01,6.579466766098378550e+00
6.025435838811089440e+01,7.302425338101865115e+00
6.027436410402972911e+01,6.863295091049816499e+00
6.029436981994855671e+01,6.904576088520013144e+00
6.031437553586739142e+01,6.627082143842271122e+00
6.033438125178622613e+01,6.572543265459492190e+00
6.035438696770506084e+01,6.845019799572581221e+00
6.037439268362389555e+01,6.856057978019187260e+00
6.039439839954273026e+01,6.642961345908102722e+00
6.041440411546156497e+01,7.211528601484148204e+00
6.043440983138039968e+01,5.895218270280624395e+00
6.045441554729923439e+01,6.182279189180540868e+00
6.047442126321806199e+01,5.084325041282206747e+00
6.049442697913689670e+01,5.098482585199520578e+00
6.051443269505573141e+01,6.083706532836006708e+00
6.053443841097456612e+01,5.547421093633830402e+00
6.055444412689340083e+01,4.811173489407963189e+00
6.057444984281223554e+01,4.395043683634196618e+00
6.059445555873107025e+01,5.127585748640830943e+00
6.061446127464990496e+01,5.194356772045676252e+00
6.063446699056873967e+01,4.146605948925973451e+00
6.065447270648756728e+01,4.333187132683882226e+00
6.067447842240640199e+01,3.967670551483208463e+00
6.069448413832523670e+01,4.608181914694837289e+00
6.071448985424407141e+01,4.058908423239524055e+00
6.073449557016290612e+01,4.572642535509169548e+00
6.075450128608174083e+01,3.908636218498709791e+00
6.077450700200057554e+01,3.756649495813063844e+00
6.079451271791941025e+01,4.746267319430094389e+00
6.081451843383824496e+01,4.068969674701814476e+00
6.083452414975707967e+01,3.624302110960647028e+00
6.085452986567590727e+01,4.138724010337426762e+00
6.087453558159474198e+01,4.126834783398371620e+00
6.089454129751357669e+01,4.378917002484500998e+00
6.091454701343241140e+01,3.932984517533191227e+00
6.093455272935124611e+01,4.190867426248273908e+00
6.095455844527008082e+01,4.719323049127038594e+00
6.097456416118891553e+01,3.652132958719884304e+00
6.099456987710775024e+01,3.721966876013143022e+00
6.101457559302658495e+01,4.097590007732375028e+00
6.103458130894541256e+01,4.596540164433009501e+00
6.105458702486424727e+01,4.485046408973495602e+00
6.107459274078308198e+01,4.737014996282259638e+00
6.109459845670191669e+01,4.822247038238218764e+00
6.111460417262075140e+01,4.069363220869245623e+00
6.113460988853958611e+01,5.173349413909331673e+00
6.115461560445842082e+01,4.239410586802668135e+00
6.117462132037725553e+01,3.985497312512559454e+00
6.119462703629609024e+01,4.094286238678897405e+00
6.121463275221492495e+01,4.417668872982408956e+00
6.123463846813375255e+01,4.998276596001542060e+00
6.125464418405258726e+01,4.654573689037582618e+00
6.127464989997142197e+01,4.275016178239736675e+00
6.129465561589025668e+01,5.612680982947064301e+00
6.131466133180909139e+01,4.485274000692088592e+00
6.133466704772792610e+01,5.040384587566948404e+00
6.135467276364676081e+01,5.296222012292369108e+00
6.137467847956559552e+01,5.096888279166874369e+00
6.139468419548443023e+01,4.930475474450780382e+00
6.141468991140325784e+01,4.852541869841239475e+00
6.143469562732209255e+01,5.763242418018547752e+00
6.145470134324092726e+01,6.294172008296504472e+00
6.147470705915976197e+01,6.167929036249450547e+00
6.149471277507859668e+01,6.668105034130806352e+00
6.151471849099743139e+01,7.125865211970280555e+00
6.153472420691626610e+01,7.164686464791864218e+00
6.155472992283510081e+01,7.285939513959299951e+00
6.157473563875393552e+01,7.387460880980244227e+00
6.159474135467276312e+01,8.141465573308948933e+00
6.161474707059159783e+01,8.140451334479266166e+00
6.163475278651043254e+01,8.230061216413190550e+00
6.165475850242926725e+01,8.406984490688010681e+00
6.167476421834810196e+01,8.393733140479158195e+00
6.169476993426693667e+01,8.756427225630067923e+00
6.171477565018577138e+01,9.293098888638983368e+00
6.173478136610460609e+01,8.883709505978769627e+00
6.175478708202344080e+01,9.427891000137828215e+00
6.177479279794227551e+01,9.403147860459091234e+00
6.179479851386110312e+01,1.019464866337923681e+01
6.181480422977993783e+01,1.053501585587417821e+01
6.183480994569877254e+01,9.691993720620327935e+00
6.185481566161760725e+01,1.060004245743018103e+01
6.187482137753644196e+01,1.081380548076534964e+01
6.189482709345527667e+01,1.183342987033299920e+01
6.191483280937411138e+01,1.149178528509748709e+01
6.193483852529294609e+01,1.107149492706979999e+01
6.195484424121178080e+01,1.147452421300886627e+01
6.197484995713060840e+01,1.178026343504377671e+01
6.199485567304944311e+01,1.224081110560853247e+01
6.201486138896827782e+01,1.250213038297411394e+01
6.203486710488711253e+01,1.254040311238447636e+01
6.205487282080594724e+01,1.184654579751955694e+01
6.207487853672478195e+01,1.167100581706597495e+01
6.209488425264361666e+01,1.254170500567216706e+01
6.211488996856245137e+01,1.162672587949364988e+01
6.213489568448128608e+01,1.170617054051471939e+01
6.215490140040011369e+01,1.144549288495871942e+01
6.217490711631894840e+01,1.100824403693050613e+01
6.219491283223778311e+01,1.119606337385831374e+01
6.221491854815661782e+01,1.030626176179505293e+01
6.223492426407545253e+01,9.559387767428406235e+00
6.225492997999428724e+01,1.009493823959753378e+01
6.227493569591312195e+01,9.220986765880486047e+00
6.229494141183195666e+01,8.590535131005092140e+00
6.231494712775079137e+01,7.844493652279668439e+00
6.233495284366962608e+01,7.188884885744789344e+00
6.235495855958845368e+01,7.401062185570436824e+00
6.237496427550728839e+01,7.554198558896290550e+00
6.239496999142612310e+01,7.100329868614693396e+00
6.241497570734495781e+01,6.144417671862202113e+00
6.243498142326379252e+01,6.889271583988639591e+00
6.245498713918262723e+01,6.204234915879603740e+00
6.247499285510146194e+01,6.591117727318779984e+00
6.249499857102029665e+01,5.589303255690287742e+00
6.251500428693913136e+01,5.888658339214869031e+00
6.253501000285795897e+01,5.599637647575055333e+00
6.255501571877679368e+01,5.121549312952943467e+00
6.257502143469562839e+01,6.110680216678145982e+00
6.259502715061446310e+01,6.172655085862531976e+00
6.261503286653329781e+01,5.531354164894871417e+00
6.263503858245213252e+01,5.766719091663959240e+00
6.265504429837096723e+01,4.729337207389585629e+00
6.267505001428980194e+01,5.061762745401733099e+00
6.269505573020863665e+01,5.630273073117594507e+00
6.271506144612747136e+01,5.024117722322930746e+00
6.273506716204629896e+01,4.872747613949470313e+00
6.275507287796513367e+01,4.379680404417806372e+00
6.277507859388396838e+01,5.509793552722987542e+00
6.279508430980280309e+01,5.562949291013591591e+00
6.281509002572163780e+01,4.581950429517554824e+00
6.283509574164047251e+01,5.090467695339919274e+00
6.285510145755930722e+01,4.595791541761672150e+00
6.287510717347814193e+01,5.512215981596853887e+00
6.289511288939697664e+01,4.252457203514273587e+00
6.291511860531580425e+01,4.904619308184393844e+00
6.293512432123463896e+01,5.311725409922324559e+00
6.295513003715347367e+01,4.170064827204964075e+00
6.297513575307230838e+01,4.518256578383975430e+00
6.299514146899114309e+01,4.610186204732696247e+00
6.301514718490997780e+01,4.985818850862264284e+00
6.303515290082881251e+01,4.477655632499176974e+00
6.305515861674764722e+01,4.476044499853792047e+00
6.307516433266648193e+01,3.815353998158634408e+00
6.309517004858530953e+01,3.951163771126914526e+00
6.311517576450414424e+01,4.877595446665103474e+00
6.313518148042297895e+01,5.246233820221835487e+00
6.315518719634181366e+01,4.704081851769082334e+00
6.317519291226064837e+01,4.916014870463042641e+00
6.319519862817948308e+01,4.659885910179071722e+00
6.321520434409831779e+01,3.630311595123699941e+00
6.323521006001715250e+01,5.316440717829729934e+00
6.325521577593598721e+01,5.135185909150097316e+00
6.327522149185482192e+01,4.151919335174804715e+00
6.329522720777364952e+01,4.523351280999093227e+00
6.331523292369248423e+01,4.473720947665912107e+00
6.333523863961131894e+01,4.558901755261652866e+00
6.335524435553015365e+01,4.827985522547704633e+00
6.337525007144898836e+01,4.287920054984097007e+00
6.339525578736782307e+01,4.358440087091118187e+00
6.341526150328665778e+01,4.014785704414927991e+00
6.343526721920549249e+01,4.271783393647103466e+00
6.345527293512432720e+01,4.770976679706039114e+00
6.347527865104315481e+01,4.277976809477589626e+00
6.349528436696198952e+01,4.485167437324992790e+00
6.351529008288082423e+01,4.716853568741856684e+00
6.353529579879965894e+01,4.923264620243096523e+00
6.355530151471849365e+01,4.755147909319313193e+00
6.357530723063732836e+01,4.329113565404275832e+00
6.359531294655616307e+01,5.456833475471606576e+00
6.361531866247499778e+01,5.254274667031616275e+00
6.363532437839383249e+01,5.936637942395508460e+00
6.365533009431266720e+01,5.446170995038334794e+00
6.367533581023149480e+01,6.434490224656737922e+00
6.369534152615032951e+01,7.131090881561202188e+00
6.371534724206916422e+01,6.802964804305238644e+00
6.373535295798799893e+01,7.406840156353242222e+00
6.375535867390683364e+01,8.042301117046209313e+00
6.377536438982566835e+01,8.103709428450411423e+00
6.379537010574450306e+01,7.583858122514040900e+00
6.381537582166333777e+01,8.673113960219625440e+00
6.383538153758217248e+01,9.667854628018316632e+00
6.385538725350100009e+01,9.353909952604970712e+00
6.387539296941983480e+01,9.437450757340544172e+00
6.389539868533866951e+01,1.038469661903654284e+01
6.391540440125750422e+01,1.041885740700966423e+01
6.393541011717633893e+01,1.066600682376467546e+01
6.395541583309517364e+01,1.030376435293298876e+01
6.397542154901400835e+01,1.080275520040676263e+01
6.399542726493284306e+01,1.132200398891679249e+01
6.401543298085167066e+01,1.121847152049220320e+01
6.403543869677051248e+01,1.032096808644308439e+01
6.405544441268934008e+01,1.093445490514096363e+01
6.407545012860816769e+01,1.100948825795707720e+01
6.409545584452700950e+01,1.099596176640749867e+01
6.411546156044585132e+01,9.927258647374452849e+00
6.413546727636467892e+01,9.640587957591666424e+00
6.415547299228350653e+01,9.798641298389119569e+00
6.417547870820234834e+01,9.345389286773187365e+00
6.419548442412119016e+01,9.244979034108181892e+00
6.421549014004001776e+01,9.011382656470695807e+00
6.423549585595884537e+01,8.739677293964243532e+00
6.425550157187768718e+01,9.022920400484105485e+00
6.427550728779651479e+01,7.874938006760009657e+00
6.429551300371534239e+01,8.007949645466332811e+00
6.431551871963418421e+01,8.109367307217205223e+00
6.433552443555302602e+01,8.057223703187244013e+00
6.435553015147185363e+01,7.379606510908091721e+00
6.437553586739068123e+01,8.053011615733705497e+00
6.439554158330952305e+01,8.123572096584718238e+00
6.441554729922835065e+01,7.854470604833428737e+00
6.443555301514717826e+01,7.892240910402090748e+00
6.445555873106602007e+01,7.416254711181355042e+00
6.447556444698486189e+01,8.387787999586116428e+00
6.449557016290368949e+01,8.470288031546395757e+00
6.451557587882251710e+01,8.378494996149068896e+00
6.453558159474135891e+01,8.074017662904687143e+00
6.455558731066020073e+01,8.591559610782411482e+00
6.457559302657902833e+01,8.400824235151553410e+00
6.459559874249785594e+01,8.481563834946163283e+00
6.461560445841669775e+01,8.371102451562201452e+00
6.463561017433552536e+01,8.825485139413892455e+00
6.465561589025435296e+01,8.183113820783418646e+00
6.467562160617319478e+01,8.838310680925651752e+00
6.469562732209203659e+01,9.190211066173077370e+00
6.471563303801086420e+01,8.022196206943664976e+00
6.473563875392969180e+01,9.289345917076648362e+00
6.475564446984853362e+01,8.566739715474216865e+00
6.477565018576737543e+01,8.293152839005875521e+00
6.479565590168618883e+01,8.147809792310081178e+00
6.481566161760503064e+01,8.950026882277724027e+00
6.483566733352387246e+01,8.716032742165751301e+00
6.485567304944270006e+01,8.454699637273584756e+00
6.487567876536152767e+01,8.232348964228417998e+00
6.489568448128036948e+01,9.388502651922948417e+00
6.491569019719921130e+01,8.507887774985725571e+00
6.493569591311803890e+01,9.019996828863998672e+00
6.495570162903686651e+01,9.007226513041157290e+00
6.497570734495570832e+01,9.456248870033737930e+00
6.499571306087453593e+01,9.326696092339512134e+00
6.501571877679336353e+01,8.965961122611219025e+00
6.503572449271220535e+01,9.932312753828536955e+00
6.505573020863104716e+01,1.026163319239426919e+01
6.507573592454987477e+01,9.436424691848987578e+00
6.509574164046870237e+01,9.796204517678742008e+00
6.511574735638754419e+01,9.316654672913148971e+00
6.513575307230638600e+01,9.768818710491641966e+00
6.515575878822521361e+01,9.638326345127570249e+00
6.517576450414404121e+01,9.538381680114275341e+00
6.519577022006288303e+01,9.813483962012385931e+00
6.521577593598171063e+01,9.815303732678506421e+00
6.523578165190053824e+01,8.604910356634801971e+00
6.525578736781938005e+01,8.610897714111727552e+00
6.527579308373822187e+01,9.032113415805934409e+00
6.529579879965704947e+01,8.225184714071158254e+00
6.531580451557587708e+01,7.425850646148649759e+00
6.533581023149471889e+01,7.408857198450984782e+00
6.535581594741354650e+01,7.389543458236543572e+00
6.537582166333237410e+01,7.387233020009130513e+00
6.539582737925121592e+01,5.883069567218155882e+00
6.541583309517005773e+01,6.364882355262377445e+00
6.543583881108888534e+01,6.278094764198856481e+00
6.545584452700771294e+01,6.005692905745050325e+00
6.547585024292655476e+01,6.145367304476550885e+00
6.549585595884539657e+01,5.413569736581618663e+00
6.551586167476422418e+01,6.234422113171046220e+00
6.553586739068305178e+01,5.133825347191682376e+00
6.555587310660189360e+01,5.809963188628358921e+00
6.557587882252072120e+01,5.837576370710478635e+00
6.559588453843954881e+01,5.097012605546313857e+00
6.561589025435839062e+01,4.430117244028146217e+00
6.563589597027723244e+01,4.363859705289383051e+00
6.565590168619606004e+01,4.984817371646948381e+00
6.567590740211488765e+01,5.155809799892939083e+00
6.569591311803372946e+01,4.975381975446599547e+00
6.571591883395257128e+01,5.273844291513909432e+00
6.573592454987138467e+01,5.317890997867495528e+00
6.575593026579022649e+01,4.492760585207354218e+00
6.577593598170906830e+01,5.425273096988957988e+00
6.579594169762789591e+01,4.777336834312796654e+00
6.581594741354672351e+01,5.362406008429375426e+00
6.583595312946556533e+01,5.180530733154329326e+00
6.585595884538440714e+01,5.793530420192388952e+00
6.587596456130323475e+01,4.636165159869268138e+00
6.589597027722206235e+01,5.598914133159537343e+00
6.591597599314090417e+01,5.571290047603748796e+00
6.593598170905973177e+01,5.560970439004677246e+00
6.595598742497855937e+01,4.832931517303330260e+00
6.597599314089740119e+01,5.224537025976731641e+00
6.599599885681624301e+01,5.623974888640380421e+00
6.601600457273507061e+01,5.473624445161943797e+00
6.603601028865389821e+01,5.746137540836821600e+00
6.605601600457274003e+01,5.912614263563423123e+00
6.607602172049158185e+01,5.615878331882926844e+00
6.609602743641040945e+01,6.324510538204970445e+00
6.611603315232923705e+01,5.772579128366247758e+00
6.613603886824807887e+01,5.328400618885348550e+00
6.615604458416690647e+01,4.823757271695146898e+00
6.617605030008573408e+01,5.704898017909295405e+00
6.619605601600457589e+01,5.360733488416299153e+00
6.621606173192341771e+01,5.000808300577334720e+00
6.623606744784224531e+01,5.299991852714962093e+00
6.625607316376107292e+01,5.046739323036700142e+00
6.627607887967991473e+01,5.292580547758431564e+00
6.629608459559874234e+01,5.412667860312207146e+00
6.631609031151756994e+01,5.160224065744209554e+00
6.633609602743641176e+01,5.491733904695538904e+00
6.635610174335525357e+01,4.972126211267554829e+00
6.637610745927408118e+01,4.727097090354698494e+00
6.639611317519290878e+01,4.730009753095004044e+00
6.641611889111175060e+01,5.014720820613488783e+00
6.643612460703059241e+01,5.955628535391003453e+00
6.645613032294942002e+01,5.342916810691306750e+00
6.647613603886824762e+01,5.039308972045480672e+00
6.649614175478708944e+01,5.704728932604175462e+00
6.651614747070591704e+01,5.409929722461296109e+00
6.653615318662474465e+01,5.896713929389706621e+00
6.655615890254358646e+01,5.325694836847946867e+00
6.657616461846242828e+01,4.886119481355497562e+00
6.659617033438125588e+01,5.000742078069046137e+00
6.661617605030008349e+01,6.049500693658293571e+00
6.663618176621892530e+01,5.595826148972291136e+00
6.665618748213776712e+01,5.313278679642033708e+00
6.667619319805658051e+01,5.850634063520081085e+00
6.669619891397542233e+01,6.063123956956736116e+00
6.671620462989426414e+01,6.741990037283672521e+00
6.673621034581309175e+01,5.606006369610737394e+00
6.675621606173191935e+01,6.452520610757014552e+00
6.677622177765076117e+01,6.735808108834659969e+00
6.679622749356960298e+01,6.784085136656300641e+00
6.681623320948843059e+01,7.417660388489025536e+00
6.683623892540725819e+01,8.286585986674467108e+00
6.685624464132610001e+01,8.709570597296163896e+00
6.687625035724492761e+01,8.655020498926104366e+00
6.689625607316375522e+01,9.163209616540585856e+00
6.691626178908259703e+01,9.734711824452912055e+00
6.693626750500143885e+01,1.019465405605095043e+01
6.695627322092026645e+01,1.169505427065549874e+01
6.697627893683909406e+01,1.098120690460045168e+01
6.699628465275793587e+01,1.318736845567550020e+01
6.701629036867677769e+01,1.321997389379831134e+01
6.703629608459560529e+01,1.295829722686014129e+01
6.705630180051443290e+01,1.338259847193416441e+01
6.707630751643327471e+01,1.387297056372589665e+01
6.709631323235210232e+01,1.395507735176516029e+01
6.711631894827092992e+01,1.380620619649767455e+01
6.713632466418977174e+01,1.350976458429931881e+01
6.715633038010861355e+01,1.310770841272618803e+01
6.717633609602744116e+01,1.295373520944362333e+01
6.719634181194626876e+01,1.218688390504554064e+01
6.721634752786511058e+01,1.168059113373341518e+01
6.723635324378393818e+01,1.216788877209495645e+01
6.725635895970276579e+01,1.085919108864606741e+01
6.727636467562160760e+01,1.081315473407866179e+01
6.729637039154044942e+01,9.591809769678786068e+00
6.731637610745927702e+01,8.856754501930211632e+00
6.733638182337810463e+01,8.797343205625438145e+00
6.735638753929694644e+01,8.358424320282086484e+00
6.737639325521578826e+01,7.745678361698743686e+00
6.739639897113461586e+01,8.028127320937244349e+00
6.741640468705344347e+01,7.414305541990827031e+00
6.743641040297228528e+01,7.384611571882086167e+00
6.745641611889111289e+01,7.296669559267341398e+00
6.747642183480994049e+01,7.582500185978120477e+00
6.749642755072878231e+01,7.219203471796879157e+00
6.751643326664762412e+01,6.976280657757991222e+00
6.753643898256645173e+01,7.284801978361037378e+00
6.755644469848527933e+01,7.448963521808471100e+00
6.757645041440412115e+01,6.889513163808538287e+00
6.759645613032296296e+01,6.938787169378549002e+00
6.761646184624177636e+01,7.680139682973714521e+00
6.763646756216061817e+01,7.564042236814877640e+00
6.765647327807945999e+01,7.869955916534506990e+00
6.767647899399828759e+01,8.469329613258844702e+00
6.769648470991711520e+01,8.242835346078773995e+00
6.771649042583595701e+01,8.950241331939137623e+00
6.773649614175479883e+01,9.126319507426025268e+00
6.775650185767362643e+01,9.539807580256491448e+00
6.777650757359245404e+01,9.766614603663043681e+00
6.779651328951129585e+01,1.013628294024594823e+01
6.781651900543012346e+01,1.068013979644599765e+01
6.783652472134895106e+01,1.027026397763904164e+01
6.785653043726779288e+01,1.028153306754193963e+01
6.787653615318663469e+01,1.036250918413921518e+01
6.789654186910546230e+01,1.103583819112388653e+01
6.791654758502428990e+01,9.952554508359378715e+00
6.793655330094313172e+01,9.528380375383823875e+00
6.795655901686197353e+01,9.329379354007265590e+00
6.797656473278080114e+01,8.869332773867629527e+00
6.799657044869962874e+01,8.356116083352034707e+00
6.801657616461847056e+01,8.091590007721190858e+00
6.803658188053729816e+01,7.887426754864231171e+00
6.805658759645612577e+01,6.636821260690143554e+00
6.807659331237496758e+01,7.420528480192967180e+00
6.809659902829380940e+01,6.536507230833701776e+00
6.811660474421263700e+01,5.930654551354011872e+00
6.813661046013146461e+01,5.921901535364538560e+00
6.815661617605030642e+01,5.753911279466891848e+00
6.817662189196913403e+01,5.953553483375633171e+00
6.819662760788796163e+01,6.093725768639024487e+00
6.821663332380680345e+01,5.753670531066026328e+00
6.823663903972564526e+01,5.464544800230751065e+00
6.825664475564447287e+01,5.949476275384304458e+00
6.827665047156330047e+01,5.121313243204768995e+00
6.829665618748214229e+01,5.513156473622977671e+00
6.831666190340098410e+01,6.572804560988995348e+00
6.833666761931981171e+01,5.503841750997272797e+00
6.835667333523863931e+01,6.238417771914733123e+00
6.837667905115748113e+01,6.121247728271105970e+00
6.839668476707630873e+01,5.551668704250207753e+00
6.841669048299513634e+01,6.167631026228477253e+00
6.843669619891397815e+01,6.198015510924507865e+00
6.845670191483281997e+01,5.877216118139205747e+00
6.847670763075164757e+01,6.298328503436455783e+00
6.849671334667047518e+01,5.633693197421925980e+00
6.851671906258931699e+01,6.158661480265008592e+00
6.853672477850815881e+01,5.635910977503193031e+00
6.855673049442697220e+01,5.165313429795257427e+00
6.857673621034581402e+01,4.961015259589085957e+00
6.859674192626465583e+01,5.256756816110554453e+00
6.861674764218348344e+01,5.414404334337836744e+00
6.863675335810231104e+01,4.916009174332326204e+00
6.865675907402115286e+01,4.667774523337899772e+00
6.867676478993999467e+01,5.696734315608395605e+00
6.869677050585882228e+01,4.921911015557741464e+00
6.871677622177764988e+01,4.371496505361135654e+00
6.873678193769649170e+01,5.441025716561037839e+00
6.875678765361531930e+01,5.390204383646819863e+00
6.877679336953414690e+01,5.298157620967828052e+00
6.879679908545298872e+01,4.642483638127238521e+00
6.881680480137183054e+01,5.031559674237771951e+00
6.883681051729065814e+01,4.908587159529343324e+00
6.885681623320948574e+01,5.590013056112990597e+00
6.887682194912832756e+01,5.004507916821811619e+00
6.889682766504716938e+01,5.259960217747051914e+00
6.891683338096599698e+01,4.877011803251916078e+00
6.893683909688482458e+01,4.996986436717279823e+00
6.895684481280366640e+01,4.686482157154856054e+00
6.897685052872249400e+01,5.169882551435536655e+00
6.899685624464132161e+01,5.712985722315443660e+00
6.901686196056016342e+01,4.896660077803816513e+00
6.903686767647900524e+01,5.334917216999963685e+00
6.905687339239783284e+01,5.894254825968588740e+00
6.907687910831666045e+01,5.640079169739157905e+00
6.909688482423550226e+01,5.160129358902240782e+00
6.911689054015432987e+01,6.174044494635671398e+00
6.913689625607315747e+01,5.902147026892898829e+00
6.915690197199199929e+01,5.189762080796044508e+00
6.917690768791084110e+01,4.746866734925997200e+00
6.919691340382966871e+01,5.182399231498026282e+00
6.921691911974849631e+01,5.112398659323941885e+00
6.923692483566733813e+01,4.993865566760748109e+00
6.925693055158617994e+01,4.760728446371344624e+00
6.927693626750500755e+01,5.502164464288902934e+00
6.929694198342383515e+01,4.184426829273181880e+00
6.931694769934267697e+01,4.049625228246024555e+00
6.933695341526150457e+01,5.147880768559245368e+00
6.935695913118033218e+01,4.519376056092959892e+00
6.937696484709917399e+01,4.982928376134337256e+00
6.939697056301801581e+01,4.159945208273757800e+00
6.941697627893684341e+01,4.570995932233664405e+00
6.943698199485567102e+01,4.644152424648126498e+00
6.945698771077451283e+01,4.452789240310714547e+00
6.947699342669335465e+01,4.274456384665858089e+00
6.949699914261216804e+01,3.974546618916193985e+00
6.951700485853100986e+01,4.039114191421104394e+00
6.953701057444985167e+01,3.500612343624235123e+00
6.955701629036867928e+01,4.083744825304293613e+00
6.957702200628750688e+01,4.185736905754773751e+00
6.959702772220634870e+01,3.876689545200290077e+00
6.961703343812519051e+01,4.717076059794099940e+00
6.963703915404401812e+01,4.286236393307560455e+00
6.965704486996284572e+01,3.993267526164838710e+00
6.967705058588168754e+01,4.493676495033481544e+00
6.969705630180051514e+01,3.721698546604752522e+00
6.971706201771934275e+01,3.739657085129408642e+00
6.973706773363818456e+01,3.607518612478584075e+00
6.975707344955702638e+01,3.947306264215811655e+00
6.977707916547585398e+01,4.223913537667410623e+00
6.979708488139468159e+01,4.421787389452980221e+00
6.981709059731352340e+01,4.864083724860694957e+00
6.983709631323236522e+01,3.807790558795194791e+00
6.985710202915119282e+01,4.038810596829236488e+00
6.987710774507002043e+01,3.847789323871849909e+00
6.989711346098886224e+01,4.825158611518704177e+00
6.991711917690768985e+01,3.836486205736004074e+00
6.993712489282651745e+01,5.161372238251749067e+00
6.995713060874535927e+01,4.172364025885371142e+00
6.997713632466420108e+01,4.596369845320204206e+00
6.999714204058302869e+01,4.391970730713389059e+00
7.001714775650185629e+01,5.348662606194391600e+00
7.003715347242069811e+01,4.578991104559729131e+00
7.005715918833952571e+01,5.615799111444508718e+00
7.007716490425835332e+01,4.612989547359552134e+00
7.009717062017719513e+01,4.723613423383241638e+00
7.011717633609603695e+01,5.824530574382608350e+00
7.013718205201486455e+01,5.214303027208178065e+00
7.015718776793369216e+01,5.402225854557322293e+00
7.017719348385253397e+01,5.329987011163924038e+00
7.019719919977137579e+01,6.440908044156001822e+00
7.021720491569020339e+01,6.205052478499109903e+00
7.023721063160903100e+01,6.530023056481607746e+00
7.025721634752787281e+01,6.276132986330921426e+00
7.027722206344670042e+01,6.181921293790463068e+00
7.029722777936552802e+01,6.211954472102415359e+00
7.031723349528436984e+01,6.742199264588304430e+00
7.033723921120321165e+01,6.330401121765993011e+00
7.035724492712203926e+01,6.034459658235045154e+00
7.037725064304086686e+01,6.790327109533598637e+00
7.039725635895970868e+01,6.109107370657428149e+00
7.041726207487855049e+01,6.312317100830255434e+00
7.043726779079736389e+01,6.699073323094648202e+00
7.045727350671620570e+01,5.915385386724991257e+00
7.047727922263504752e+01,6.558861342205149825e+00
7.049728493855387512e+01,6.396358502144810387e+00
7.051729065447270273e+01,6.013129065847577337e+00
7.053729637039154454e+01,6.957967231308728628e+00
7.055730208631038636e+01,6.624226588515898406e+00
7.057730780222921396e+01,7.177882724544694781e+00
7.059731351814804157e+01,6.924093083930142889e+00
7.061731923406688338e+01,6.461479273447103822e+00
7.063732494998571099e+01,7.121244568154307508e+00
7.065733066590453859e+01,7.188826725133964146e+00
7.067733638182338041e+01,8.056105148150333406e+00
7.069734209774222222e+01,8.175864296839510104e+00
7.071734781366104983e+01,7.984533790454895197e+00
7.073735352957987743e+01,7.904687584057886518e+00
7.075735924549871925e+01,8.949711323323981560e+00
7.077736496141756106e+01,8.043048807215559037e+00
7.079737067733638867e+01,7.815302476139509125e+00
7.081737639325521627e+01,7.935876525277341997e+00
7.083738210917405809e+01,8.579522263565927176e+00
7.085738782509288569e+01,9.116629630130482553e+00
7.087739354101171330e+01,7.770591206428417941e+00
7.089739925693055511e+01,8.054830077783547537e+00
7.091740497284939693e+01,8.151279014721930949e+00
7.093741068876822453e+01,7.934886386881579767e+00
7.095741640468705214e+01,7.224925628762370877e+00
7.097742212060589395e+01,7.381139801320516725e+00
7.099742783652472156e+01,6.808055412379296456e+00
7.101743355244354916e+01,6.540053785703475064e+00
7.103743926836239098e+01,6.742213099767488060e+00
7.105744498428123279e+01,6.991673784433750427e+00
7.107745070020006040e+01,6.736050965860750139e+00
7.109745641611888800e+01,5.999018111254392771e+00
7.111746213203772982e+01,5.359541598190902256e+00
7.113746784795657163e+01,5.902284840377580721e+00
7.115747356387539924e+01,5.600679782197019563e+00
7.117747927979422684e+01,5.446520422478897672e+00
7.119748499571306866e+01,5.492162849372089539e+00
7.121749071163189626e+01,5.373785884331404361e+00
7.123749642755072387e+01,6.457787972189711567e+00
7.125750214346956568e+01,6.152704314328760304e+00
7.127750785938840750e+01,6.839198566151349468e+00
7.129751357530723510e+01,6.601749079210792459e+00
7.131751929122606271e+01,6.172646300069462022e+00
7.133752500714490452e+01,6.729359950912390254e+00
7.135753072306374634e+01,6.127258745603993972e+00
7.137753643898255973e+01,6.219215052308176617e+00
7.139754215490140155e+01,6.235109843924797168e+00
7.141754787082024336e+01,5.943052025789627102e+00
7.143755358673907097e+01,7.046979448863453399e+00
7.145755930265789857e+01,7.234640471618559943e+00
7.147756501857674039e+01,6.950466654299509273e+00
7.149757073449558220e+01,6.007620255693161937e+00
7.151757645041440981e+01,7.093552217102304880e+00
7.153758216633323741e+01,6.807630792528601482e+00
7.155758788225207923e+01,6.986531294911580758e+00
7.157759359817090683e+01,6.677740537437066415e+00
7.159759931408973443e+01,5.549760814889114435e+00
7.161760503000857625e+01,6.943043907283011684e+00
7.163761074592741807e+01,6.094560997601749186e+00
7.165761646184624567e+01,5.789802925706071690e+00
7.167762217776507327e+01,6.281295317479910878e+00
7.169762789368391509e+01,6.052869902320722417e+00
7.171763360960275691e+01,6.013015707258628773e+00
7.173763932552158451e+01,6.316374061767714210e+00
7.175764504144041211e+01,6.033667185909706632e+00
7.177765075735925393e+01,5.906230781134405916e+00
7.179765647327808153e+01,5.400388272316019922e+00
7.181766218919690914e+01,6.177210899200050065e+00
7.183766790511575095e+01,5.396356408514848546e+00
7.185767362103459277e+01,6.173856736417481450e+00
7.187767933695342037e+01,6.554314384903959123e+00
7.189768505287224798e+01,5.878363063702353841e+00
7.191769076879108979e+01,6.262140739587704452e+00
7.193769648470991740e+01,6.470542849653632800e+00
7.195770220062874500e+01,6.756232418209807911e+00
7.197770791654758682e+01,7.516400075955143478e+00
7.199771363246642863e+01,6.613627048247616713e+00
7.201771934838525624e+01,7.260037574979604003e+00
7.203772506430408384e+01,7.937373821055415668e+00
7.205773078022292566e+01,7.158000285952286212e+00
7.207773649614176747e+01,7.588995929527403206e+00
7.209774221206059508e+01,8.249562477797411475e+00
7.211774792797942268e+01,7.572237022425198028e+00
7.213775364389826450e+01,7.872427259906462638e+00
7.215775935981709210e+01,8.538267496073075336e+00
7.217776507573591971e+01,8.019772136535010532e+00
7.219777079165476152e+01,7.291250803309597295e+00
7.221777650757360334e+01,7.155835665681572699e+00
7.223778222349243094e+01,7.261042376548782151e+00
7.225778793941125855e+01,7.970729557536842869e+00
7.227779365533010036e+01,7.382082458915301793e+00
7.229779937124894218e+01,7.710959974992174892e+00
7.231780508716775557e+01,7.331476126827392470e+00
7.233781080308659739e+01,6.875362077180764864e+00
7.235781651900543920e+01,7.154934007455426404e+00
7.237782223492426681e+01,7.040735711553544718e+00
7.239782795084309441e+01,7.309969525559592896e+00
7.241783366676193623e+01,7.395821573814977512e+00
7.243783938268077804e+01,7.701246037236836983e+00
7.245784509859960565e+01,7.593350313257197115e+00
7.247785081451843325e+01,6.897530751105586333e+00
7.249785653043727507e+01,6.991961493818457996e+00
7.251786224635610267e+01,6.552661992229407595e+00
7.253786796227493028e+01,6.868162250801442603e+00
7.255787367819377209e+01,6.676879929411557058e+00
7.257787939411261391e+01,7.012638604756405769e+00
7.259788511003144151e+01,6.546442312857930546e+00
7.261789082595026912e+01,6.146364812676520017e+00
7.263789654186911093e+01,6.551363288075124025e+00
7.265790225778795275e+01,6.290661101224256591e+00
7.267790797370678035e+01,7.245518200479089899e+00
7.269791368962560796e+01,6.316358952053992226e+00
7.271791940554444977e+01,6.690412003466915003e+00
7.273792512146327738e+01,7.270821461320819523e+00
7.275793083738210498e+01,7.029714144702079892e+00
7.277793655330094680e+01,7.842315392661744156e+00
7.279794226921978861e+01,7.413789641540066810e+00
7.281794798513861622e+01,7.868893458812917352e+00
7.283795370105744382e+01,7.594777830147296349e+00
7.285795941697628564e+01,7.563465825557731392e+00
7.287796513289511324e+01,7.619962387547043470e+00
7.289797084881394085e+01,7.986631902469664368e+00
7.291797656473278266e+01,8.378135036238996136e+00
7.293798228065162448e+01,7.669979402084319275e+00
7.295798799657045208e+01,7.869725628992913613e+00
7.297799371248927969e+01,7.451592825708369894e+00
7.299799942840812150e+01,7.858676756167803035e+00
7.301800514432696332e+01,7.980040345074925767e+00
7.303801086024579092e+01,7.748184555001960128e+00
7.305801657616461853e+01,8.375482623498403001e+00
7.307802229208346034e+01,7.921747202329093795e+00
7.309802800800228795e+01,7.110894669169056215e+00
7.311803372392111555e+01,6.928494822020283550e+00
7.313803943983995737e+01,6.364390514922900088e+00
7.315804515575879918e+01,6.680829547812518143e+00
7.317805087167762679e+01,6.671070356178861793e+00
7.319805658759645439e+01,5.997064264220866470e+00
7.321806230351529621e+01,5.559111289094916586e+00
7.323806801943413802e+01,5.299290484916536315e+00
7.325807373535295142e+01,6.526756131131923766e+00
7.327807945127179323e+01,5.621937250205624181e+00
7.329808516719063505e+01,6.260480623858486915e+00
7.331809088310946265e+01,6.113798836979356111e+00
7.333809659902829026e+01,4.977275305128907590e+00
7.335810231494713207e+01,5.878040236110162908e+00
7.337810803086597389e+01,6.294345366693113064e+00
7.339811374678480149e+01,5.421645600605243587e+00
7.341811946270362910e+01,5.132112705336299818e+00
7.343812517862247091e+01,6.406407811487753179e+00
7.345813089454129852e+01,6.101310727643857845e+00
7.347813661046012612e+01,6.569161666253949150e+00
7.349814232637896794e+01,5.818928658035416923e+00
7.351814804229780975e+01,5.754532961548451730e+00
7.353815375821663736e+01,5.452615741939108140e+00
7.355815947413546496e+01,6.146300064248052308e+00
7.357816519005430678e+01,5.985706824990569608e+00
7.359817090597314859e+01,5.947082227723942793e+00
7.361817662189197620e+01,5.911508884735232172e+00
7.363818233781080380e+01,6.118377708548987215e+00
7.365818805372964562e+01,6.082821478937994186e+00
7.367819376964847322e+01,5.411349009452870007e+00
7.369819948556730083e+01,5.488296713017194683e+00
7.371820520148614264e+01,6.223750574150990644e+00
7.373821091740498446e+01,6.052538995393087262e+00
7.375821663332381206e+01,5.315457635308577622e+00
7.377822234924263967e+01,5.809142717923211130e+00
7.379822806516148148e+01,5.518307714739624004e+00
7.381823378108030909e+01,5.218969591417606857e+00
7.383823949699913669e+01,5.754232843093986638e+00
7.385824521291797851e+01,5.781364994263039847e+00
7.387825092883682032e+01,5.200310269746702296e+00
7.389825664475564793e+01,5.318136849267738775e+00
7.391826236067447553e+01,4.532899194413943178e+00
7.393826807659331735e+01,4.846949682251707081e+00
7.395827379251215916e+01,4.353673657283165355e+00
7.397827950843098677e+01,5.464988294481030628e+00
7.399828522434981437e+01,5.311302177820522274e+00
7.401829094026865619e+01,4.450714369360079914e+00
7.403829665618748379e+01,4.712295441152511977e+00
7.405830237210632561e+01,4.731022066546462845e+00
7.407830808802515321e+01,4.156697394495287412e+00
7.409831380394398082e+01,4.519342473599121668e+00
7.411831951986282263e+01,4.744158407171908287e+00
7.413832523578165024e+01,5.522407678049405355e+00
7.415833095170049205e+01,5.286223617571906175e+00
7.417833666761931966e+01,5.870204934535008690e+00
7.419834238353816147e+01,5.539309674184278443e+00
7.421834809945698908e+01,5.111890160408084860e+00
7.423835381537583089e+01,5.682613370100121131e+00
7.425835953129465850e+01,5.212199994302387118e+00
7.427836524721348610e+01,5.728548555965326194e+00
7.429837096313232792e+01,5.446109330046195574e+00
7.431837667905115552e+01,5.277618806012054797e+00
7.433838239496999734e+01,5.772507520685303817e+00
7.435838811088882494e+01,5.399754896948751437e+00
7.437839382680766676e+01,6.497424565701457766e+00
7.439839954272649436e+01,5.164564126565871938e+00
7.441840525864533618e+01,5.414611376295017209e+00
7.443841097456416378e+01,5.537542737718201380e+00
7.445841669048300560e+01,6.007249362155619110e+00
7.447842240640183320e+01,5.069835182480793456e+00
7.449842812232066080e+01,5.689033680999092901e+00
7.451843383823950262e+01,4.921309078980241836e+00
7.453843955415833022e+01,5.294413559212823195e+00
7.455844527007717204e+01,4.890296039921022242e+00
7.457845098599599964e+01,4.942363133889803528e+00
7.459845670191484146e+01,5.186445071450377142e+00
7.461846241783366906e+01,4.211115520408513113e+00
7.463846813375251088e+01,4.390545591270111458e+00
7.465847384967133848e+01,5.128876013905847131e+00
7.467847956559016609e+01,5.325794564178140789e+00
7.469848528150900790e+01,4.607282356780599386e+00
7.471849099742783551e+01,4.502193919716771298e+00
7.473849671334667732e+01,4.474282607970483383e+00
7.475850242926550493e+01,4.122245878661233931e+00
7.477850814518434674e+01,4.135140205258632129e+00
7.479851386110317435e+01,5.391188622448734868e+00
7.481851957702201616e+01,4.551570216838376481e+00
7.483852529294084377e+01,4.717633963217276794e+00
7.485853100885967137e+01,5.259064811752959478e+00
7.487853672477851319e+01,3.840301406678730434e+00
7.489854244069734079e+01,4.743033313236404425e+00
7.491854815661618261e+01,5.555083756831590058e+00
7.493855387253501021e+01,5.201713856189340568e+00
7.495855958845385203e+01,5.614175045866865332e+00
7.497856530437267963e+01,4.713464447330820484e+00
7.499857102029152145e+01,4.322018887187470959e+00
7.501857673621034905e+01,4.659259857467125343e+00
7.503858245212917666e+01,4.694355233631335444e+00
7.505858816804801847e+01,5.390655135214839078e+00
7.507859388396684608e+01,4.554563145354759257e+00
7.509859959988568789e+01,4.878714703605137260e+00
7.511860531580451550e+01,5.238335566925295339e+00
7.513861103172335731e+01,5.407864346077415618e+00
7.515861674764218492e+01,5.178901747540667344e+00
7.517862246356102673e+01,5.385231701319004749e+00
7.519862817947985434e+01,4.511534528431800695e+00
7.521863389539868194e+01,5.022851288416426030e+00
7.523863961131752376e+01,5.563179553968662816e+00
7.525864532723635136e+01,4.535896888131035531e+00
7.527865104315519318e+01,5.462821443083294426e+00
7.529865675907402078e+01,5.348698878922807154e+00
7.531866247499286260e+01,5.295789715127795283e+00
7.533866819091169020e+01,5.693236565658311044e+00
7.535867390683053202e+01,5.067992409182792812e+00
7.537867962274935962e+01,4.929597488833532992e+00
7.539868533866820144e+01,5.005380927142251579e+00
7.541869105458702904e+01,5.089268321653115379e+00
7.543869677050585665e+01,5.647078612894695482e+00
7.545870248642469846e+01,5.963172841378020728e+00
7.547870820234352607e+01,5.242118609434392340e+00
7.549871391826236788e+01,5.432612126657245355e+00
7.551871963418119549e+01,5.501390545449318381e+00
7.553872535010003730e+01,5.399545462848071686e+00
7.555873106601886491e+01,6.394607617469309169e+00
7.557873678193770672e+01,5.410043369789457657e+00
7.559874249785653433e+01,5.350231502896743763e+00
7.561874821377536193e+01,5.249381036284102464e+00
7.563875392969420375e+01,5.679438263785328012e+00
7.565875964561303135e+01,5.606749124503786597e+00
7.567876536153187317e+01,5.001403271530202588e+00
7.569877107745070077e+01,5.907038978716993682e+00
7.571877679336954259e+01,5.884062568548117156e+00
7.573878250928837019e+01,5.689013241155938871e+00
7.575878822520721201e+01,5.981421118474858467e+00
7.577879394112603961e+01,6.094172409344124297e+00
7.579879965704486722e+01,6.720460206196705144e+00
7.581880537296370903e+01,5.579103260891353777e+00
7.583881108888253664e+01,5.885377163589591731e+00
7.585881680480137845e+01,6.377627671449766389e+00
7.587882252072020606e+01,5.864965700009307170e+00
7.589882823663904787e+01,5.709312957836122138e+00
7.591883395255787548e+01,5.507307861100282587e+00
7.593883966847671729e+01,6.165984375448593013e+00
7.595884538439554490e+01,5.904762317627969992e+00
7.597885110031437250e+01,5.142247950884097918e+00
7.599885681623321432e+01,5.716063002360485257e+00
7.601886253215204192e+01,6.326683190086798803e+00
7.603886824807088374e+01,5.377809427831202527e+00
7.605887396398971134e+01,4.760088216947830020e+00
7.607887967990855316e+01,5.125939945858764446e+00
7.609888539582738076e+01,5.161036623946349877e+00
7.611889111174622258e+01,5.098823025935557141e+00
7.613889682766505018e+01,4.695701308504635740e+00
7.615890254358387779e+01,5.183466985693360840e+00
7.617890825950271960e+01,5.343162585729288594e+00
7.619891397542154721e+01,4.705383057240109856e+00
7.621891969134038902e+01,5.476176290228904620e+00
7.623892540725921663e+01,5.406327466175726570e+00
7.625893112317805844e+01,4.642193693657231890e+00
7.627893683909688605e+01,5.111543545443314684e+00
7.629894255501572786e+01,5.442872614593783354e+00
7.631894827093455547e+01,4.885594538165532796e+00
7.633895398685339728e+01,5.013630498330573282e+00
7.635895970277222489e+01,5.644208763745654167e+00
7.637896541869105249e+01,5.472049443851041417e+00
7.639897113460989431e+01,5.396755442473967435e+00
7.641897685052872191e+01,5.578745169688270167e+00
7.643898256644756373e+01,5.991634295664588272e+00
7.645898828236639133e+01,5.722462778321586896e+00
7.647899399828523315e+01,5.511792854648471796e+00
7.649899971420406075e+01,6.210278012241490231e+00
7.651900543012290257e+01,5.855792280598512534e+00
7.653901114604173017e+01,6.246605079272409711e+00
7.655901686196055778e+01,6.011546716370089527e+00
7.657902257787939959e+01,6.081179491899034062e+00
7.659902829379822720e+01,6.552179916589919273e+00
7.661903400971706901e+01,6.055004543385168247e+00
7.663903972563589662e+01,6.360845164217657555e+00
7.665904544155473843e+01,6.621758362672055753e+00
7.667905115747356604e+01,6.366687731073494838e+00
7.669905687339240785e+01,6.155437694343232735e+00
7.671906258931123546e+01,6.409982547688317212e+00
7.673906830523006306e+01,6.498979657278422195e+00
7.675907402114890488e+01,6.659440353753621089e+00
7.677907973706773248e+01,6.524261805821306659e+00
7.679908545298657430e+01,6.244694219163095639e+00
7.681909116890540190e+01,7.021403788874856389e+00
7.683909688482424372e+01,6.107924190907596085e+00
7.685910260074307132e+01,5.993209591917620038e+00
7.687910831666191314e+01,6.239178358625036225e+00
7.689911403258074074e+01,6.389814291006921110e+00
7.691911974849956835e+01,7.206889802162619318e+00
7.693912546441841016e+01,6.834036918242149206e+00
7.695913118033723777e+01,6.603367612877621085e+00
7.697913689625607958e+01,6.513859254121580733e+00
7.699914261217490719e+01,6.353504541682861273e+00
7.701914832809374900e+01,7.592513314796854651e+00
7.703915404401257661e+01,7.383858855212308114e+00
7.705915975993141842e+01,6.793838932031291300e+00
7.707916547585024603e+01,7.192711683527909905e+00
7.709917119176907363e+01,6.989178678851068582e+00
7.711917690768791545e+01,6.920612034036389915e+00
7.713918262360674305e+01,7.196878625408507091e+00
7.715918833952558487e+01,7.678659592188014749e+00
7.717919405544441247e+01,6.741467645612450710e+00
7.719919977136325429e+01,6.726571440293326098e+00
7.721920548728208189e+01,6.506772132123771257e+00
7.723921120320092371e+01,6.545811853785753698e+00
7.725921691911975131e+01,7.359847184349318283e+00
7.727922263503859313e+01,6.875353743679767149e+00
7.729922835095742073e+01,6.385014075543701040e+00
7.731923406687624833e+01,7.270524840090170748e+00
7.733923978279509015e+01,6.492334308407989418e+00
7.735924549871391775e+01,6.617516145359497948e+00
7.737925121463275957e+01,6.375530341286325786e+00
7.739925693055158717e+01,5.675857808343039324e+00
7.741926264647042899e+01,5.584805374221680552e+00
7.743926836238925659e+01,5.517926896128120262e+00
7.745927407830809841e+01,5.196073675390370461e+00
7.747927979422692601e+01,6.518622422993530563e+00
7.749928551014575362e+01,5.795554288569543466e+00
7.751929122606459543e+01,5.635858770273753926e+00
7.753929694198342304e+01,5.111034174877190139e+00
7.755930265790226485e+01,5.216617904040607989e+00
7.757930837382109246e+01,5.833470195380691337e+00
7.759931408973993427e+01,5.673178398699418423e+00
7.761931980565876188e+01,6.066056110632175979e+00
7.763932552157760369e+01,4.973461985970001997e+00
7.765933123749643130e+01,5.886097957013294746e+00
7.767933695341525890e+01,5.205860599457988513e+00
7.769934266933410072e+01,5.386521158585011015e+00
7.771934838525292832e+01,5.151059639753386321e+00
7.773935410117177014e+01,5.144271796388053097e+00
7.775935981709059774e+01,5.152731454747605078e+00
7.777936553300943956e+01,5.306047700746659324e+00
7.779937124892826716e+01,5.585930095870856427e+00
7.781937696484710898e+01,5.061262430732769602e+00
7.783938268076593658e+01,5.446885657920738311e+00
7.785938839668476419e+01,4.797735395447542572e+00
7.787939411260360600e+01,4.613146883385867980e+00
7.789939982852243361e+01,4.408834769757110195e+00
7.791940554444127542e+01,4.209333281389744386e+00
7.793941126036010303e+01,4.388262473522915208e+00
7.795941697627894484e+01,4.471957187900692077e+00
7.797942269219777245e+01,4.022446020596342819e+00
7.799942840811661426e+01,4.226711025888807427e+00
7.801943412403544187e+01,4.727714437195523978e+00
7.803943983995426947e+01,4.912677849254023066e+00
7.805944555587311129e+01,4.869524362548240504e+00
7.807945127179193889e+01,4.663799868881604027e+00
7.809945698771078071e+01,4.692960222278882654e+00
7.811946270362960831e+01,4.019219411330928082e+00
7.813946841954845013e+01,5.144215605298818161e+00
7.815947413546727773e+01,5.164993693155111920e+00
7.817947985138611955e+01,4.468042783000111484e+00
7.819948556730494715e+01,4.684829448267556096e+00
7.821949128322378897e+01,4.441080734895199278e+00
7.823949699914261657e+01,4.677625200302320430e+00
7.825950271506144418e+01,3.920226721902435152e+00
7.827950843098028599e+01,4.914290746977193258e+00
7.829951414689911360e+01,5.736325324132643289e+00
7.831951986281795541e+01,5.241199596759853918e+00
7.833952557873678302e+01,5.755721173949551073e+00
7.835953129465562483e+01,4.654513539977310543e+00
7.837953701057445244e+01,5.638292192349572574e+00
7.839954272649329425e+01,5.184894697875540359e+00
7.841954844241212186e+01,5.518472305831966906e+00
7.843955415833094946e+01,6.124466310002643965e+00
7.845955987424979128e+01,6.051586528803932552e+00
7.847956559016861888e+01,5.766975468351659195e+00
7.849957130608746070e+01,6.015708265490755657e+00
7.851957702200628830e+01,5.699887053587089802e+00
7.853958273792513012e+01,5.872411443200752146e+00
7.855958845384395772e+01,6.781965410072361422e+00
7.857959416976279954e+01,6.447775329347333440e+00
7.859959988568162714e+01,6.646481626216671046e+00
7.861960560160045475e+01,7.279962070719212974e+00
7.863961131751929656e+01,6.857780861358913960e+00
7.865961703343812417e+01,7.373686203458126087e+00
7.867962274935696598e+01,7.203984877285567023e+00
7.869962846527579359e+01,7.730613412540904505e+00
7.871963418119463540e+01,8.056107495554522657e+00
7.873963989711346301e+01,7.869831387916608634e+00
7.875964561303230482e+01,8.401744242044278721e+00
7.877965132895113243e+01,8.674332208805832778e+00
7.879965704486996003e+01,8.733893104101568383e+00
7.881966276078880185e+01,9.511514997551479667e+00
7.883966847670762945e+01,9.083015077251932468e+00
7.885967419262647127e+01,8.809873581758457917e+00
7.887967990854529887e+01,9.592940864999732753e+00
7.889968562446414069e+01,9.327073543660286958e+00
7.891969134038296829e+01,1.022599801526211394e+01
7.893969705630181011e+01,9.421586458713498757e+00
7.895970277222063771e+01,9.337826973150505694e+00
7.897970848813946532e+01,9.029136392687716395e+00
7.899971420405830713e+01,9.156804343722033224e+00
7.901971991997713474e+01,9.309622627028904418e+00
7.903972563589597655e+01,8.741917226060872181e+00
7.905973135181480416e+01,9.030775538615799292e+00
7.907973706773364597e+01,9.241648012469310558e+00
7.909974278365247358e+01,7.767948668273140456e+00
7.911974849957131539e+01,8.323436002577629722e+00
7.913975421549014300e+01,7.779248905247014179e+00
7.915975993140898481e+01,7.801626974649584767e+00
7.917976564732781242e+01,8.361371700607081792e+00
7.919977136324664002e+01,6.920296616392256794e+00
7.921977707916548184e+01,6.245064823004863541e+00
7.923978279508430944e+01,6.684825823966500380e+00
7.925978851100315126e+01,6.677269837509472339e+00
7.927979422692197886e+01,7.028156091206445133e+00
7.929979994284082068e+01,5.598300229236000902e+00
7.931980565875964828e+01,5.722350610567560558e+00
7.933981137467849010e+01,6.351900753539204914e+00
7.935981709059731770e+01,5.498287029198126952e+00
7.937982280651614531e+01,5.737566290951809478e+00
7.939982852243498712e+01,5.864050702120190195e+00
7.941983423835381473e+01,5.549360258569460136e+00
7.943983995427265654e+01,5.271206582476377633e+00
7.945984567019148415e+01,4.912402127416126696e+00
7.947985138611032596e+01,5.173162124710493970e+00
7.949985710202915357e+01,4.847663782886987072e+00
7.951986281794799538e+01,5.637128656537715443e+00
7.953986853386682299e+01,5.401343003154625677e+00
7.955987424978565059e+01,4.954790858900750550e+00
7.957987996570449241e+01,4.994901043097781823e+00
7.959988568162332001e+01,4.742602394793357767e+00
7.961989139754216183e+01,4.488711642206290264e+00
7.963989711346098943e+01,5.073570133291200435e+00
7.965990282937983125e+01,4.298068562736367504e+00
7.967990854529865885e+01,4.389127561891245755e+00
7.969991426121750067e+01,4.025285097518386479e+00
7.971991997713632827e+01,3.996260612931547218e+00
7.973992569305515588e+01,4.628323221192506054e+00
7.975993140897399769e+01,4.817162135713896731e+00
7.977993712489282530e+01,4.994377575309071560e+00
7.979994284081166711e+01,4.954877721298413640e+00
7.981994855673049472e+01,5.074027956595841715e+00
7.983995427264933653e+01,4.523219446377495068e+00
7.985995998856816414e+01,4.557239423697203584e+00
7.987996570448700595e+01,4.576931223074403476e+00
7.989997142040583356e+01,5.222216153629547719e+00
7.991997713632466116e+01,3.814137195885797471e+00
7.993998285224350298e+01,3.940665180168370973e+00
7.995998856816233058e+01,4.787105962383785496e+00
7.997999428408117240e+01,4.531540853180883843e+00
8.000000000000000000e+01,4.096447259040649769e+00
