angle,intensity
1.000000000000000000e+01,9.327045861828386908e-01
1.002000571591883471e+01,1.052590500184476863e+00
1.004001143183766764e+01,7.159027152979553499e-01
1.006001714775650235e+01,7.682992844083542661e-01
1.008002286367533529e+01,7.875745073355131520e-01
1.010002857959417000e+01,6.100523851915521378e-01
1.012003429551300293e+01,1.085705386880770007e+00
1.014004001143183764e+01,1.097256989295651186e+00
1.016004572735067235e+01,1.594095522426349998e+00
1.018005144326950528e+01,9.165957882086097630e-01
1.020005715918833999e+01,1.208921061253752205e+00
1.022006287510717293e+01,7.574352561637796022e-01
1.024006859102600764e+01,9.872808417281488946e-01
1.026007430694484057e+01,1.059232811751164460e+00
1.028008002286367528e+01,1.061342456782377042e+00
1.030008573878250999e+01,1.198883562241394918e+00
1.032009145470134293e+01,9.204774310034221640e-01
1.034009717062017764e+01,9.504173445528809605e-01
1.036010288653901057e+01,1.735952345666615049e+00
1.038010860245784528e+01,1.070303047445281930e+00
1.040011431837667999e+01,6.001619384106979815e-01
1.042012003429551292e+01,5.274946876667724327e-01
1.044012575021434763e+01,9.136913535629225258e-01
1.046013146613318057e+01,1.292726474416499016e+00
1.048013718205201528e+01,1.656773750149636015e+00
1.050014289797084821e+01,1.396961867411387503e+00
1.052014861388968292e+01,1.772367069256084005e+00
1.054015432980851585e+01,1.745537753958166238e+00
1.056016004572735056e+01,1.172952112550656789e+00
1.058016576164618527e+01,1.104138142375112874e+00
1.060017147756501821e+01,1.238429863822384513e+00
1.062017719348385292e+01,1.394345677167303954e+00
1.064018290940268585e+01,1.748541282988287371e+00
1.066018862532152056e+01,1.277528315147545834e+00
1.068019434124035527e+01,2.159757029797413352e+00
1.070020005715918820e+01,8.401508357132747573e-01
1.072020577307802292e+01,1.770081474289813439e+00
1.074021148899685585e+01,6.109185291413037344e-01
1.076021720491569056e+01,1.097111006800755906e+00
1.078022292083452349e+01,9.803849220559388566e-01
1.080022863675335820e+01,1.033797353483684400e+00
1.082023435267219291e+01,1.374871170937739251e+00
1.084024006859102585e+01,8.524036746990781843e-01
1.086024578450986056e+01,1.262694585233422373e+00
1.088025150042869349e+01,1.209948298032206271e+00
1.090025721634752820e+01,1.227514127003783706e+00
1.092026293226636113e+01,9.701010097353720552e-01
1.094026864818519584e+01,1.357261822034328880e+00
1.096027436410403055e+01,1.536990104130458556e+00
1.098028008002286349e+01,5.656077322945611829e-01
1.100028579594169820e+01,1.192520969398121800e+00
1.102029151186053113e+01,1.203504764020613127e+00
1.104029722777936584e+01,1.748372468712632744e+00
1.106030294369819877e+01,1.084804983553127489e+00
1.108030865961703348e+01,2.256632221361559942e+00
1.110031437553586819e+01,7.653399219245318186e-01
1.112032009145470113e+01,1.269506472772189420e+00
1.114032580737353584e+01,1.556576560381355945e+00
1.116033152329236877e+01,1.567507437604835019e+00
1.118033723921120348e+01,1.067696759111555815e+00
1.120034295513003642e+01,9.298163359944673356e-01
1.122034867104887113e+01,1.725389773214454525e+00
1.124035438696770584e+01,7.527478692246595271e-01
1.126036010288653877e+01,5.968649674525300375e-01
1.128036581880537348e+01,1.508112567085996059e+00
1.130037153472420641e+01,7.990974277479265808e-01
1.132037725064304112e+01,1.052034854462499780e+00
1.134038296656187583e+01,1.189855245604322986e+00
1.136038868248070877e+01,1.421047468892448373e+00
1.138039439839954348e+01,1.005019734924396335e+00
1.140040011431837641e+01,1.507671729563893059e+00
1.142040583023721112e+01,2.237848262598245874e+00
1.144041154615604405e+01,1.547616161489463238e+00
1.146041726207487876e+01,1.373716546474842648e+00
1.148042297799371170e+01,1.419819637899259357e+00
1.150042869391254641e+01,1.923170977970669604e+00
1.152043440983138112e+01,1.807390004398174987e+00
1.154044012575021405e+01,1.573480732378094160e+00
1.156044584166904876e+01,2.020827206648874164e+00
1.158045155758788169e+01,2.199291136721781559e+00
1.160045727350671640e+01,1.318026965631149849e+00
1.162046298942555111e+01,1.662953540423800058e+00
1.164046870534438405e+01,2.335796546694168363e+00
1.166047442126321876e+01,2.073165242905131045e+00
1.168048013718205169e+01,2.124666728998859000e+00
1.170048585310088640e+01,1.330491322994282299e+00
1.172049156901971934e+01,1.070149524589223633e+00
1.174049728493855405e+01,1.115011623113207673e+00
1.176050300085738698e+01,1.428725105325819422e+00
1.178050871677622169e+01,9.356208924652165138e-01
1.180051443269505640e+01,1.523974116263738576e+00
1.182052014861388933e+01,1.850142761642644462e+00
1.184052586453272404e+01,1.815179778845378067e+00
1.186053158045155698e+01,1.703476933143120764e+00
1.188053729637039169e+01,2.378438723981716407e+00
1.190054301228922640e+01,2.343617752979019642e+00
1.192054872820805933e+01,1.417742094504712114e+00
1.194055444412689404e+01,9.694361223933669613e-01
1.196056016004572697e+01,1.184440446475386599e+00
1.198056587596456168e+01,1.638614420296333751e+00
1.200057159188339639e+01,1.723705971577282003e+00
1.202057730780222933e+01,1.737492555556747753e+00
1.204058302372106226e+01,2.389465700380209778e+00
1.206058873963989697e+01,1.904125121148231514e+00
1.208059445555873168e+01,1.074508954849154652e+00
1.210060017147756461e+01,1.583547567242691301e+00
1.212060588739639932e+01,1.981467473037004989e+00
1.214061160331523226e+01,1.473252165425673166e+00
1.216061731923406697e+01,1.966804243848029543e+00
1.218062303515290168e+01,1.846544325951746224e+00
1.220062875107173461e+01,1.185543888007394520e+00
1.222063446699056932e+01,1.032628202294436193e+00
1.224064018290940226e+01,1.229349659691203467e+00
1.226064589882823697e+01,1.465609850920924329e+00
1.228065161474707168e+01,1.446886615211034233e+00
1.230065733066590461e+01,2.271957750241707430e+00
1.232066304658473754e+01,2.304717504743420964e+00
1.234066876250357225e+01,1.204002322206254583e+00
1.236067447842240696e+01,2.284433911724216504e+00
1.238068019434123990e+01,1.268530883471220783e+00
1.240068591026007461e+01,2.084716432819029741e+00
1.242069162617890754e+01,1.297912040502407827e+00
1.244069734209774225e+01,1.367850925579979560e+00
1.246070305801657696e+01,2.119282575326255635e+00
1.248070877393540989e+01,2.249163359850197885e+00
1.250071448985424460e+01,1.379623947979446541e+00
1.252072020577307754e+01,2.087000247519693374e+00
1.254072592169191225e+01,2.278921719461442397e+00
1.256073163761074696e+01,1.926824880044600175e+00
1.258073735352957989e+01,2.269383051408056406e+00
1.260074306944841460e+01,2.000672359762896146e+00
1.262074878536724754e+01,2.186619423054142253e+00
1.264075450128608225e+01,2.385269998648405831e+00
1.266076021720491518e+01,2.047300910473437430e+00
1.268076593312374989e+01,1.981960879427183020e+00
1.270077164904258282e+01,1.423745206650508077e+00
1.272077736496141753e+01,1.744007079065591714e+00
1.274078308088025224e+01,2.677704659393173259e+00
1.276078879679908518e+01,1.744032490943054903e+00
1.278079451271791989e+01,1.383970268521192981e+00
1.280080022863675282e+01,2.299123793911964864e+00
1.282080594455558753e+01,1.959638211878937275e+00
1.284081166047442224e+01,1.653093724683283305e+00
1.286081737639325517e+01,2.168117539732443255e+00
1.288082309231208988e+01,2.291715147478006642e+00
1.290082880823092282e+01,1.587629140154825702e+00
1.292083452414975753e+01,1.643671134829305380e+00
1.294084024006859224e+01,2.321595330800063195e+00
1.296084595598742517e+01,1.800796291716888486e+00
1.298085167190625810e+01,2.143501966548282844e+00
1.300085738782509281e+01,1.889246645364600852e+00
1.302086310374392752e+01,2.193661558454524485e+00
1.304086881966276046e+01,2.195679270479763190e+00
1.306087453558159517e+01,3.068400024027789996e+00
1.308088025150042810e+01,2.614459291606824110e+00
1.310088596741926281e+01,2.037639290222664545e+00
1.312089168333809752e+01,2.653910299025509900e+00
1.314089739925693046e+01,2.707478344430907402e+00
1.316090311517576517e+01,3.000201393921401838e+00
1.318090883109459810e+01,2.759363552054174828e+00
1.320091454701343281e+01,2.426515262369289161e+00
1.322092026293226752e+01,2.917798699758659353e+00
1.324092597885110045e+01,2.594351905562623628e+00
1.326093169476993339e+01,2.593879405182172526e+00
1.328093741068876810e+01,2.845763397768886094e+00
1.330094312660760281e+01,2.592800856438269186e+00
1.332094884252643574e+01,2.876020208433420322e+00
1.334095455844527045e+01,3.100963442195963982e+00
1.336096027436410338e+01,2.733383989830341587e+00
1.338096599028293809e+01,2.865207748733364923e+00
1.340097170620177280e+01,3.134896944328975366e+00
1.342097742212060574e+01,3.652987752410676414e+00
1.344098313803944045e+01,3.331318248808485372e+00
1.346098885395827338e+01,3.398820645973983368e+00
1.348099456987710809e+01,3.710072881524466126e+00
1.350100028579594280e+01,2.930481080262762106e+00
1.352100600171477573e+01,3.593099187689285046e+00
1.354101171763361044e+01,2.845917251898161027e+00
1.356101743355244338e+01,4.398290296005279210e+00
1.358102314947127809e+01,3.365752482916382071e+00
1.360102886539011102e+01,3.802171745612361597e+00
1.362103458130894573e+01,3.773990213616401412e+00
1.364104029722777867e+01,4.364138714431398114e+00
1.366104601314661338e+01,4.745086709666828106e+00
1.368105172906544809e+01,4.073101155288203934e+00
1.370105744498428102e+01,4.743835873883272214e+00
1.372106316090311573e+01,4.058282545649152695e+00
1.374106887682194866e+01,4.397309066398536359e+00
1.376107459274078337e+01,4.070473468900014602e+00
1.378108030865961808e+01,4.273496141480062960e+00
1.380108602457845102e+01,4.542024915474714319e+00
1.382109174049728573e+01,4.214383634678769752e+00
1.384109745641611866e+01,5.005389363364251665e+00
1.386110317233495337e+01,5.396726661360514044e+00
1.388110888825378808e+01,4.907358983406640007e+00
1.390111460417262101e+01,4.632679555642132740e+00
1.392112032009145395e+01,5.060324062049777361e+00
1.394112603601028866e+01,5.610591109536615662e+00
1.396113175192912337e+01,5.244926249806152185e+00
1.398113746784795630e+01,5.391327475384674273e+00
1.400114318376679101e+01,5.558024300185627986e+00
1.402114889968562395e+01,5.218092994862750800e+00
1.404115461560445866e+01,5.820656670170006208e+00
1.406116033152329337e+01,6.214076316364386621e+00
1.408116604744212630e+01,6.523680504215308318e+00
1.410117176336095923e+01,6.163374765199451488e+00
1.412117747927979394e+01,5.580290291272412162e+00
1.414118319519862865e+01,7.017498843040794299e+00
1.416118891111746336e+01,6.679079651978502952e+00
1.418119462703629630e+01,6.917317315627429686e+00
1.420120034295512923e+01,6.633756396883844886e+00
1.422120605887396394e+01,7.416442176668956776e+00
1.424121177479279865e+01,6.691338009470727322e+00
1.426121749071163336e+01,7.339265625774804569e+00
1.428122320663046629e+01,7.855693454528494435e+00
1.430122892254929923e+01,7.953330311476660697e+00
1.432123463846813394e+01,7.639175057828278881e+00
1.434124035438696865e+01,8.390858085692606494e+00
1.436124607030580158e+01,8.150609504109334935e+00
1.438125178622463629e+01,8.407178589962775561e+00
1.440125750214346922e+01,8.617446397539232805e+00
1.442126321806230393e+01,9.146197343583155615e+00
1.444126893398113864e+01,9.143793201762736800e+00
1.446127464989997158e+01,9.598527607763958969e+00
1.448128036581880451e+01,8.690590770406926069e+00
1.450128608173763922e+01,9.616999520637683929e+00
1.452129179765647393e+01,9.487691503990285824e+00
1.454129751357530864e+01,9.189278070812912702e+00
1.456130322949414158e+01,9.619524847413380542e+00
1.458130894541297451e+01,9.870413579871957666e+00
1.460131466133180922e+01,9.495989122087872047e+00
1.462132037725064393e+01,1.114522673751672599e+01
1.464132609316947686e+01,1.133702010931359005e+01
1.466133180908831157e+01,1.057838876553425322e+01
1.468133752500714451e+01,1.133392734030846505e+01
1.470134324092597922e+01,1.120570728897039459e+01
1.472134895684481393e+01,1.136786543342801892e+01
1.474135467276364686e+01,1.154249788200927362e+01
1.476136038868247979e+01,1.208778886493998961e+01
1.478136610460131450e+01,1.201988146976272098e+01
1.480137182052014921e+01,1.211567306467778593e+01
1.482137753643898392e+01,1.187256114333773027e+01
1.484138325235781686e+01,1.185739135284522661e+01
1.486138896827664979e+01,1.194516067197311671e+01
1.488139468419548450e+01,1.160321181948105007e+01
1.490140040011431921e+01,1.221670390128272743e+01
1.492140611603315392e+01,1.148351312670700430e+01
1.494141183195198685e+01,1.171152703064346667e+01
1.496141754787081979e+01,1.127440652127682341e+01
1.498142326378965450e+01,1.167764265824156666e+01
1.500142897970848921e+01,1.096759679611630567e+01
1.502143469562732214e+01,1.105882019433522956e+01
1.504144041154615508e+01,9.835057836141748666e+00
1.506144612746498979e+01,9.905755800807515499e+00
1.508145184338382450e+01,1.016844837359859000e+01
1.510145755930265921e+01,9.232019397178792275e+00
1.512146327522149214e+01,9.391606357335646749e+00
1.514146899114032507e+01,8.422998811287367715e+00
1.516147470705915978e+01,8.362409112414994183e+00
1.518148042297799449e+01,8.339899875523212103e+00
1.520148613889682920e+01,7.670226748007081596e+00
1.522149185481566214e+01,6.586161056662973579e+00
1.524149757073449507e+01,5.570493733282837923e+00
1.526150328665332978e+01,5.189011212082053071e+00
1.528150900257216449e+01,5.273945871932967044e+00
1.530151471849099742e+01,5.362151504020010506e+00
1.532152043440983036e+01,4.721313293005134248e+00
1.534152615032866507e+01,3.951867156175795426e+00
1.536153186624749978e+01,4.196924991456000953e+00
1.538153758216633449e+01,3.801097178218544315e+00
1.540154329808516742e+01,4.749955502325488688e+00
1.542154901400400036e+01,3.176923244350368769e+00
1.544155472992283507e+01,4.011233400353891199e+00
1.546156044584166978e+01,3.895825080749006020e+00
1.548156616176050449e+01,3.828177396897171736e+00
1.550157187767933742e+01,3.650868203159997272e+00
1.552157759359817035e+01,3.681405016897798532e+00
1.554158330951700506e+01,3.579432141340443962e+00
1.556158902543583977e+01,3.319662675360438353e+00
1.558159474135467271e+01,3.682307196620725698e+00
1.560160045727350742e+01,3.118553905614311006e+00
1.562160617319234035e+01,3.014258831319505560e+00
1.564161188911117506e+01,2.901567424638356485e+00
1.566161760503000977e+01,3.234186203831435069e+00
1.568162332094884270e+01,3.193348581464399594e+00
1.570162903686767564e+01,3.233339688101285248e+00
1.572163475278651035e+01,3.502663913757328551e+00
1.574164046870534506e+01,3.550910621860729144e+00
1.576164618462417977e+01,3.653837459351192418e+00
1.578165190054301270e+01,3.657905988790270513e+00
1.580165761646184563e+01,3.306230526273807868e+00
1.582166333238068034e+01,2.916325555727056429e+00
1.584166904829951505e+01,3.225569108093035986e+00
1.586167476421834799e+01,3.131684588528631963e+00
1.588168048013718270e+01,3.504420734266893156e+00
1.590168619605601563e+01,3.520457653417346400e+00
1.592169191197485034e+01,3.991823497943332910e+00
1.594169762789368505e+01,3.215712741811579622e+00
1.596170334381251799e+01,2.796569868011228088e+00
1.598170905973135092e+01,2.988054836415928506e+00
1.600171477565018563e+01,3.515146002638777301e+00
1.602172049156902034e+01,3.004899956796261762e+00
1.604172620748785505e+01,2.977249259468815801e+00
1.606173192340668976e+01,2.587527302234262638e+00
1.608173763932552092e+01,3.357513771610014075e+00
1.610174335524435563e+01,3.778113393766310946e+00
1.612174907116319034e+01,3.261857709425100893e+00
1.614175478708202505e+01,3.130433005807142344e+00
1.616176050300085620e+01,3.549555158186989967e+00
1.618176621891969091e+01,3.496253675330563304e+00
1.620177193483852562e+01,3.192775232492830906e+00
1.622177765075736033e+01,3.214272046204090572e+00
1.624178336667619504e+01,4.389799011670401541e+00
1.626178908259502620e+01,4.165315049340315490e+00
1.628179479851386091e+01,3.538211415801609139e+00
1.630180051443269562e+01,4.334936348993144506e+00
1.632180623035153033e+01,3.708707299550976888e+00
1.634181194627036149e+01,3.565486068096060279e+00
1.636181766218919620e+01,3.805211427593106155e+00
1.638182337810803091e+01,3.594040795790195197e+00
1.640182909402686562e+01,3.706886662788676734e+00
1.642183480994570033e+01,3.871291694886897616e+00
1.644184052586453504e+01,4.102442108291770140e+00
1.646184624178336620e+01,4.164242123752764257e+00
1.648185195770220091e+01,4.768948631862024001e+00
1.650185767362103562e+01,4.526574900940418367e+00
1.652186338953986677e+01,4.543348414852015793e+00
1.654186910545870148e+01,4.407441083867929876e+00
1.656187482137753619e+01,3.980359698363253429e+00
1.658188053729637090e+01,4.172828438755564306e+00
1.660188625321520561e+01,4.336637703381195585e+00
1.662189196913404032e+01,4.098587770289934262e+00
1.664189768505287148e+01,4.742228377214148693e+00
1.666190340097170619e+01,4.745041016174079473e+00
1.668190911689054090e+01,5.060199133719768483e+00
1.670191483280937561e+01,4.013173006850390578e+00
1.672192054872820677e+01,4.539791616299011068e+00
1.674192626464704148e+01,4.951257476800249080e+00
1.676193198056587619e+01,5.034425372522262521e+00
1.678193769648471090e+01,4.767865873650148245e+00
1.680194341240354561e+01,4.618480605101691339e+00
1.682194912832238032e+01,5.139947055312191537e+00
1.684195484424121148e+01,5.121795193688697623e+00
1.686196056016004619e+01,5.844659997681937114e+00
1.688196627607888090e+01,4.871661185585071330e+00
1.690197199199771205e+01,4.513007912595004001e+00
1.692197770791654676e+01,5.371296371445735574e+00
1.694198342383538147e+01,5.686776287125837825e+00
1.696198913975421618e+01,5.040021630579775369e+00
1.698199485567305089e+01,5.464456975438347186e+00
1.700200057159188560e+01,5.233764123411555502e+00
1.702200628751071676e+01,5.775090649457960801e+00
1.704201200342955147e+01,5.874260557465165178e+00
1.706201771934838618e+01,6.278153587337007124e+00
1.708202343526722089e+01,6.791390408812407742e+00
1.710202915118605205e+01,5.590604860784330832e+00
1.712203486710488676e+01,5.837329619197746844e+00
1.714204058302372147e+01,5.904917221471358779e+00
1.716204629894255618e+01,6.574657902503819429e+00
1.718205201486139089e+01,6.032824488900832449e+00
1.720205773078022204e+01,6.693547037826411916e+00
1.722206344669905675e+01,6.516346405273028886e+00
1.724206916261789146e+01,7.151603185995011991e+00
1.726207487853672617e+01,6.918787800724995662e+00
1.728208059445555733e+01,7.102619496024971113e+00
1.730208631037439204e+01,7.375237110752372871e+00
1.732209202629322675e+01,7.199141631610637582e+00
1.734209774221206146e+01,7.270431516260431160e+00
1.736210345813089617e+01,7.448736056232276859e+00
1.738210917404973088e+01,7.198264139382649418e+00
1.740211488996856204e+01,7.135949606811950119e+00
1.742212060588739675e+01,7.959082529599324829e+00
1.744212632180623146e+01,7.407191102252371095e+00
1.746213203772506262e+01,8.427852715503995285e+00
1.748213775364389733e+01,7.792265634259481821e+00
1.750214346956273204e+01,7.635544650796804333e+00
1.752214918548156675e+01,8.281683282596894458e+00
1.754215490140040146e+01,7.466555772064191743e+00
1.756216061731923617e+01,7.633318244047142542e+00
1.758216633323806732e+01,7.887882321795602891e+00
1.760217204915690203e+01,7.285345487838047696e+00
1.762217776507573674e+01,6.355376674794740666e+00
1.764218348099457145e+01,6.823115181869814805e+00
1.766218919691340261e+01,7.346431328012122286e+00
1.768219491283223732e+01,7.166633793493470073e+00
1.770220062875107203e+01,5.945724758930145626e+00
1.772220634466990674e+01,5.804975205675694028e+00
1.774221206058874145e+01,6.103966637633885028e+00
1.776221777650757616e+01,5.944639202567182146e+00
1.778222349242640732e+01,5.611592580683163689e+00
1.780222920834524203e+01,5.160383431146406963e+00
1.782223492426407674e+01,5.702583032548155018e+00
1.784224064018290790e+01,4.800510560938565874e+00
1.786224635610174261e+01,4.509042431368353476e+00
1.788225207202057732e+01,3.693798536606641036e+00
1.790225778793941203e+01,3.632642335894473273e+00
1.792226350385824674e+01,4.620049383332237802e+00
1.794226921977708145e+01,3.684653273054666833e+00
1.796227493569591260e+01,4.397740256173323203e+00
1.798228065161474731e+01,4.019774083816431975e+00
1.800228636753358202e+01,3.662331550758063159e+00
1.802229208345241318e+01,3.653601603874683690e+00
1.804229779937124789e+01,3.746270675642437098e+00
1.806230351529008260e+01,3.951090412846269828e+00
1.808230923120891731e+01,4.183287253616986057e+00
1.810231494712775202e+01,3.525303314532836740e+00
1.812232066304658673e+01,3.959122881855890341e+00
1.814232637896542144e+01,3.328912294587853538e+00
1.816233209488425260e+01,3.406773915641666317e+00
1.818233781080308731e+01,3.028145635612514042e+00
1.820234352672191847e+01,3.827567972173933963e+00
1.822234924264075318e+01,2.928247640956853637e+00
1.824235495855958789e+01,3.507973261846681901e+00
1.826236067447842260e+01,4.021545597739357270e+00
1.828236639039725731e+01,3.888205986395581348e+00
1.830237210631609202e+01,3.241190841532555211e+00
1.832237782223492673e+01,3.496265615786794179e+00
1.834238353815375788e+01,2.661131494761899141e+00
1.836238925407259259e+01,3.887636270646284142e+00
1.838239496999142730e+01,3.350304966713362198e+00
1.840240068591025846e+01,3.770379592469414121e+00
1.842240640182909317e+01,3.404794976039930532e+00
1.844241211774792788e+01,2.932271100256338414e+00
1.846241783366676259e+01,3.930545269182434964e+00
1.848242354958559730e+01,3.145889461327743497e+00
1.850242926550443201e+01,3.462649170818407285e+00
1.852243498142326672e+01,3.341338143869823085e+00
1.854244069734209788e+01,3.055053364100189572e+00
1.856244641326093259e+01,4.350465067639408545e+00
1.858245212917976374e+01,3.529513113128755375e+00
1.860245784509859845e+01,3.985341014772587620e+00
1.862246356101743316e+01,2.709407812795044279e+00
1.864246927693626787e+01,3.350325663089579464e+00
1.866247499285510258e+01,3.202125259939882618e+00
1.868248070877393729e+01,3.583136021534905957e+00
1.870248642469277200e+01,3.715656752454594258e+00
1.872249214061160316e+01,3.656068124620360127e+00
1.874249785653043787e+01,2.936890846039362124e+00
1.876250357244927258e+01,2.982212704780595303e+00
1.878250928836810374e+01,2.954945865721564147e+00
1.880251500428693845e+01,3.383335228561482833e+00
1.882252072020577316e+01,3.963261273286392772e+00
1.884252643612460787e+01,3.776889373663384841e+00
1.886253215204344258e+01,3.969712624614381014e+00
1.888253786796227729e+01,3.280503996271461276e+00
1.890254358388111200e+01,3.356129855970825915e+00
1.892254929979994316e+01,3.979771383629370884e+00
1.894255501571877787e+01,3.788643242916608145e+00
1.896256073163760902e+01,3.831342573245668071e+00
1.898256644755644373e+01,3.690329895181304387e+00
1.900257216347527844e+01,3.414711018183670177e+00
1.902257787939411315e+01,2.984162338073049092e+00
1.904258359531294786e+01,4.285382561990123129e+00
1.906258931123178257e+01,3.289175994901428979e+00
1.908259502715061728e+01,2.910089795496680232e+00
1.910260074306944844e+01,4.124123743733880687e+00
1.912260645898828315e+01,3.909888102757069106e+00
1.914261217490711431e+01,3.651149476271893679e+00
1.916261789082594902e+01,2.935588305269931197e+00
1.918262360674478373e+01,3.202849135752049214e+00
1.920262932266361844e+01,3.972624919251269038e+00
1.922263503858245315e+01,3.846868235072197884e+00
1.924264075450128786e+01,3.325377525090839281e+00
1.926264647042012257e+01,3.525157021232130816e+00
1.928265218633895373e+01,3.440800621058719422e+00
1.930265790225778844e+01,2.991525025630386914e+00
1.932266361817662315e+01,3.798971480731415440e+00
1.934266933409545430e+01,3.862751064776126508e+00
1.936267505001428901e+01,3.844825240783388054e+00
1.938268076593312372e+01,3.749281875622641369e+00
1.940268648185195843e+01,3.818519961870708634e+00
1.942269219777079314e+01,2.741261813304655348e+00
1.944269791368962785e+01,3.840208745104897847e+00
1.946270362960846256e+01,3.580697610682660681e+00
1.948270934552729372e+01,3.274604683573455244e+00
1.950271506144612843e+01,3.941375671266357017e+00
1.952272077736495959e+01,3.522545786241911170e+00
1.954272649328379430e+01,3.760816493225255464e+00
1.956273220920262901e+01,3.831986019350838824e+00
1.958273792512146372e+01,3.677262056527593970e+00
1.960274364104029843e+01,3.613351369126969637e+00
1.962274935695913314e+01,3.442896849764959910e+00
1.964275507287796785e+01,3.001989659275420497e+00
1.966276078879679901e+01,3.831619559247123163e+00
1.968276650471563372e+01,4.228747333092584881e+00
1.970277222063446487e+01,3.785168321514464917e+00
1.972277793655329958e+01,4.434432633620336794e+00
1.974278365247213429e+01,3.641611293198694366e+00
1.976278936839096900e+01,4.423083797737936251e+00
1.978279508430980371e+01,3.586490599575926197e+00
1.980280080022863842e+01,4.164745295024275151e+00
1.982280651614747313e+01,3.513974460699414770e+00
1.984281223206630784e+01,3.633620638871183584e+00
1.986281794798513900e+01,3.559955250484093447e+00
1.988282366390397371e+01,3.969211909590117493e+00
1.990282937982280487e+01,3.369717440688400956e+00
1.992283509574163958e+01,3.737647406677840678e+00
1.994284081166047429e+01,3.818151440353637405e+00
1.996284652757930900e+01,3.127875151369974738e+00
1.998285224349814371e+01,4.366830577734400975e+00
2.000285795941697842e+01,4.214456391897004828e+00
2.002286367533581313e+01,3.588413027663941435e+00
2.004286939125464428e+01,3.302284588173983515e+00
2.006287510717347899e+01,3.452329141277790114e+00
2.008288082309231015e+01,3.738257973409591095e+00
2.010288653901114486e+01,3.756780234937640905e+00
2.012289225492997957e+01,3.463092091737038913e+00
2.014289797084881428e+01,4.333262187428732481e+00
2.016290368676764899e+01,3.229184616353224957e+00
2.018290940268648370e+01,3.655803438341188372e+00
2.020291511860531841e+01,3.890387305396164841e+00
2.022292083452414957e+01,3.790020663978349802e+00
2.024292655044298428e+01,3.082329010450223450e+00
2.026293226636181899e+01,3.015139271304835500e+00
2.028293798228065015e+01,3.948737799436669249e+00
2.030294369819948486e+01,3.553332004670190614e+00
2.032294941411831957e+01,3.204628502253701328e+00
2.034295513003715428e+01,3.219859395407840275e+00
2.036296084595598899e+01,3.514526956971794736e+00
2.038296656187482370e+01,3.133723836861188605e+00
2.040297227779365841e+01,3.647418052077747053e+00
2.042297799371248956e+01,3.651893281601080510e+00
2.044298370963132427e+01,3.975864531878166908e+00
2.046298942555015543e+01,4.008014583123165053e+00
2.048299514146899014e+01,4.134197907941584482e+00
2.050300085738782485e+01,3.603178982189588986e+00
2.052300657330665956e+01,3.118284686594058552e+00
2.054301228922549427e+01,3.848575103864966707e+00
2.056301800514432898e+01,3.461098318950670993e+00
2.058302372106316369e+01,3.982733573132475335e+00
2.060302943698199485e+01,3.777634034627708193e+00
2.062303515290082956e+01,3.921013583540342573e+00
2.064304086881966072e+01,4.559427614747561641e+00
2.066304658473849543e+01,3.936142302320651432e+00
2.068305230065733014e+01,4.109241166351827346e+00
2.070305801657616485e+01,4.121166896016374537e+00
2.072306373249499956e+01,3.136910678308313827e+00
2.074306944841383427e+01,4.367603403099632686e+00
2.076307516433266898e+01,3.377692689262647541e+00
2.078308088025150369e+01,4.446272430731164960e+00
2.080308659617033484e+01,4.580025181714924898e+00
2.082309231208916955e+01,3.500545099903421775e+00
2.084309802800800071e+01,3.740755677437335169e+00
2.086310374392683542e+01,3.452256364923794507e+00
2.088310945984567013e+01,3.832282211650147374e+00
2.090311517576450484e+01,3.764500358109001077e+00
2.092312089168333955e+01,3.383150864331308405e+00
2.094312660760217426e+01,4.229818655269739658e+00
2.096313232352100897e+01,3.727169496036687235e+00
2.098313803943984013e+01,3.465275671315461992e+00
2.100314375535867484e+01,3.819434917908237193e+00
2.102314947127750600e+01,4.178321766379809787e+00
2.104315518719634071e+01,4.462277294556337814e+00
2.106316090311517542e+01,3.518905265564011842e+00
2.108316661903401013e+01,3.613885526710391982e+00
2.110317233495284484e+01,3.963748577936790696e+00
2.112317805087167955e+01,4.346050808890174366e+00
2.114318376679051426e+01,3.715000929031348154e+00
2.116318948270934541e+01,3.469129739787995881e+00
2.118319519862818012e+01,3.788685171960619602e+00
2.120320091454701483e+01,3.632316999779238387e+00
2.122320663046584599e+01,3.547756671070207091e+00
2.124321234638468070e+01,4.254928023465135212e+00
2.126321806230351541e+01,3.556254468803465851e+00
2.128322377822235012e+01,4.032755499867567650e+00
2.130322949414118483e+01,3.639313595388493638e+00
2.132323521006001954e+01,3.666532620450040802e+00
2.134324092597885425e+01,4.063633023918088227e+00
2.136324664189768541e+01,3.426787572350210809e+00
2.138325235781652012e+01,4.270986872334677109e+00
2.140325807373535127e+01,4.487223291803737801e+00
2.142326378965418598e+01,3.855923615335789645e+00
2.144326950557302069e+01,4.215903052438770615e+00
2.146327522149185540e+01,3.534583177290079981e+00
2.148328093741069011e+01,4.563858475927568215e+00
2.150328665332952482e+01,3.757199452826553987e+00
2.152329236924835953e+01,3.766663411621581581e+00
2.154329808516719069e+01,4.186732547524536052e+00
2.156330380108602540e+01,3.877980221302734343e+00
2.158330951700485656e+01,3.365207970830060624e+00
2.160331523292369127e+01,4.539229543397321542e+00
2.162332094884252598e+01,3.597746771765204521e+00
2.164332666476136069e+01,4.154166270091530500e+00
2.166333238068019540e+01,3.609369307873910859e+00
2.168333809659903011e+01,4.041112629082982188e+00
2.170334381251786482e+01,3.541483669933327416e+00
2.172334952843669598e+01,4.472752039217791520e+00
2.174335524435553069e+01,3.626473519266119272e+00
2.176336096027436540e+01,3.716785373179056773e+00
2.178336667619319655e+01,3.990567199780244323e+00
2.180337239211203126e+01,4.416649884815024407e+00
2.182337810803086597e+01,4.264359135804717482e+00
2.184338382394970068e+01,4.504663694125770945e+00
2.186338953986853539e+01,3.900479603629941394e+00
2.188339525578737010e+01,3.943570441653109881e+00
2.190340097170620481e+01,3.535498342146647932e+00
2.192340668762503597e+01,4.432940337254548169e+00
2.194341240354387068e+01,3.371530269769001720e+00
2.196341811946270184e+01,3.960027971723650175e+00
2.198342383538153655e+01,3.399087651194776516e+00
2.200342955130037126e+01,3.703725039513842354e+00
2.202343526721920597e+01,4.702910924501233936e+00
2.204344098313804068e+01,3.801986709896798544e+00
2.206344669905687539e+01,4.097079619944709705e+00
2.208345241497571010e+01,4.133828979826956740e+00
2.210345813089454126e+01,3.955489128003115251e+00
2.212346384681337597e+01,4.038784591881493746e+00
2.214346956273221068e+01,4.050068442371623334e+00
2.216347527865104183e+01,3.927307260360676899e+00
2.218348099456987654e+01,4.456026774957610570e+00
2.220348671048871125e+01,3.992041706359940711e+00
2.222349242640754596e+01,3.289915509944205674e+00
2.224349814232638067e+01,3.236283081480767709e+00
2.226350385824521538e+01,3.820474997825605179e+00
2.228350957416405009e+01,3.887056947344433411e+00
2.230351529008288125e+01,3.906559859109656863e+00
2.232352100600171596e+01,3.536484282800498313e+00
2.234352672192054712e+01,4.650408687628113213e+00
2.236353243783938183e+01,4.460312725127712596e+00
2.238353815375821654e+01,4.166744839966131764e+00
2.240354386967705125e+01,4.849145444863699694e+00
2.242354958559588596e+01,3.726490009494513700e+00
2.244355530151472067e+01,3.527125134836291309e+00
2.246356101743355538e+01,3.844742082820364448e+00
2.248356673335238654e+01,4.106495035596534393e+00
2.250357244927122125e+01,4.283564989546072788e+00
2.252357816519005240e+01,4.109378671671628069e+00
2.254358388110888711e+01,4.320854876674276923e+00
2.256358959702772182e+01,4.090457104685970791e+00
2.258359531294655653e+01,3.854285183927911973e+00
2.260360102886539124e+01,3.994137295847765223e+00
2.262360674478422595e+01,4.393050606858347251e+00
2.264361246070306066e+01,4.828876915220422283e+00
2.266361817662189182e+01,4.401234655954437969e+00
2.268362389254072653e+01,4.266767366541264650e+00
2.270362960845956124e+01,3.955517596300008432e+00
2.272363532437839240e+01,4.288945351032494635e+00
2.274364104029722711e+01,3.879579273875882528e+00
2.276364675621606182e+01,4.225378355093363680e+00
2.278365247213489653e+01,4.460124936599385137e+00
2.280365818805373124e+01,4.693847674861332031e+00
2.282366390397256595e+01,3.758448385603183173e+00
2.284366961989140066e+01,4.287600633556124308e+00
2.286367533581023181e+01,4.114276517785091514e+00
2.288368105172906652e+01,3.991497146205480906e+00
2.290368676764789768e+01,3.828313734869118967e+00
2.292369248356673239e+01,4.416100657436272670e+00
2.294369819948556710e+01,3.861324271511636930e+00
2.296370391540440181e+01,4.382609233303308649e+00
2.298370963132323652e+01,4.753873998675132384e+00
2.300371534724207123e+01,3.965762098797051216e+00
2.302372106316090594e+01,3.935518318306867602e+00
2.304372677907973710e+01,4.272664194862311859e+00
2.306373249499857181e+01,4.011838337786842068e+00
2.308373821091740652e+01,4.301991269514698679e+00
2.310374392683623768e+01,4.166545948678886724e+00
2.312374964275507239e+01,4.229540381147805839e+00
2.314375535867390710e+01,4.132490768735868514e+00
2.316376107459274181e+01,4.632689053290333092e+00
2.318376679051157652e+01,3.431731530790394391e+00
2.320377250643041123e+01,4.086350161041652385e+00
2.322377822234924594e+01,3.619839352484299333e+00
2.324378393826807709e+01,4.355223597446308936e+00
2.326378965418691180e+01,4.730022082200063593e+00
2.328379537010574296e+01,4.034413740669524628e+00
2.330380108602457767e+01,3.961072848524259893e+00
2.332380680194341238e+01,4.481637890841239980e+00
2.334381251786224709e+01,4.321670127615332646e+00
2.336381823378108180e+01,4.204391296255764132e+00
2.338382394969991651e+01,4.085265996922138321e+00
2.340382966561875122e+01,4.482163826410896945e+00
2.342383538153758238e+01,3.543300335405173307e+00
2.344384109745641709e+01,4.867366696295333028e+00
2.346384681337524825e+01,4.611233870910661281e+00
2.348385252929408296e+01,4.471244811968468902e+00
2.350385824521291767e+01,4.191795388517689069e+00
2.352386396113175238e+01,4.050253829617344259e+00
2.354386967705058709e+01,4.749010197283570101e+00
2.356387539296942180e+01,4.568273829290854238e+00
2.358388110888825651e+01,5.260026806709502623e+00
2.360388682480708766e+01,5.145502170766580896e+00
2.362389254072592237e+01,4.859295307893387594e+00
2.364389825664475708e+01,4.645473234886161151e+00
2.366390397256358824e+01,5.370574875697347927e+00
2.368390968848242295e+01,4.474419194276791245e+00
2.370391540440125766e+01,4.677316666346636786e+00
2.372392112032009237e+01,4.956207329694677810e+00
2.374392683623892708e+01,5.184486700358430511e+00
2.376393255215776179e+01,5.164584940560583703e+00
2.378393826807659650e+01,5.547400660939468153e+00
2.380394398399542766e+01,5.551619938115026187e+00
2.382394969991426237e+01,5.102155331542339134e+00
2.384395541583309353e+01,5.509237021015243485e+00
2.386396113175192824e+01,5.594195842447725830e+00
2.388396684767076295e+01,5.575459994339694525e+00
2.390397256358959766e+01,5.439324722041966709e+00
2.392397827950843237e+01,5.302684557052574910e+00
2.394398399542726708e+01,5.900920238640412485e+00
2.396398971134610179e+01,5.560301369952843409e+00
2.398399542726493294e+01,5.018537255829539134e+00
2.400400114318376765e+01,5.704732478964583464e+00
2.402400685910260236e+01,6.363797883974255498e+00
2.404401257502143352e+01,5.981950680530421671e+00
2.406401829094026823e+01,5.602610033035757553e+00
2.408402400685910294e+01,5.883064900252605867e+00
2.410402972277793765e+01,6.160214164496905731e+00
2.412403543869677236e+01,6.819850094228427473e+00
2.414404115461560707e+01,7.057271596853042617e+00
2.416404687053444178e+01,6.664457838340823059e+00
2.418405258645327294e+01,6.969471412635428464e+00
2.420405830237210765e+01,6.859144304941859005e+00
2.422406401829093880e+01,7.080494821520390225e+00
2.424406973420977351e+01,7.298602606673567195e+00
2.426407545012860822e+01,7.677110695463827739e+00
2.428408116604744293e+01,7.067166362445252759e+00
2.430408688196627764e+01,7.316152167515172167e+00
2.432409259788511235e+01,8.017008708490877211e+00
2.434409831380394706e+01,7.700381892005482953e+00
2.436410402972277822e+01,8.435390792302676743e+00
2.438410974564161293e+01,8.685015785376123176e+00
2.440411546156044409e+01,8.078971990028065875e+00
2.442412117747927880e+01,8.098284647210922671e+00
2.444412689339811351e+01,7.413158729965166671e+00
2.446413260931694822e+01,7.631259585667066858e+00
2.448413832523578293e+01,8.097574486886133016e+00
2.450414404115461764e+01,7.990980675028822589e+00
2.452414975707345235e+01,8.297982956386849906e+00
2.454415547299228351e+01,8.645777913061717612e+00
2.456416118891111822e+01,7.544530091483604650e+00
2.458416690482995293e+01,7.322610843742898723e+00
2.460417262074878408e+01,7.683115040209708368e+00
2.462417833666761879e+01,7.814949626243080871e+00
2.464418405258645350e+01,6.574498033832035127e+00
2.466418976850528821e+01,6.255530643194505913e+00
2.468419548442412292e+01,7.156027179958936557e+00
2.470420120034295763e+01,7.335740546091090941e+00
2.472420691626179234e+01,6.682291533239625991e+00
2.474421263218062350e+01,6.785301291900456278e+00
2.476421834809945821e+01,5.976749940408485173e+00
2.478422406401828937e+01,6.000191029278266974e+00
2.480422977993712408e+01,5.528919372830516821e+00
2.482423549585595879e+01,5.254310411759178123e+00
2.484424121177479350e+01,5.359789092030014857e+00
2.486424692769362821e+01,5.242049502166049813e+00
2.488425264361246292e+01,5.718831163378030880e+00
2.490425835953129763e+01,5.542253301018590150e+00
2.492426407545012879e+01,4.806294593067578447e+00
2.494426979136896350e+01,5.494523928662694345e+00
2.496427550728779821e+01,5.258682525647252248e+00
2.498428122320662936e+01,5.042410015619310570e+00
2.500428693912546407e+01,5.085149395668855377e+00
2.502429265504429878e+01,4.003309339813857726e+00
2.504429837096313349e+01,4.399735552339010702e+00
2.506430408688196820e+01,4.078666895220903754e+00
2.508430980280080291e+01,5.312991096577580841e+00
2.510431551871963762e+01,4.575737334676245993e+00
2.512432123463846878e+01,4.688735043082905563e+00
2.514432695055730349e+01,4.835746169397216576e+00
2.516433266647613465e+01,4.012067969014657010e+00
2.518433838239496936e+01,4.393379072067268076e+00
2.520434409831380407e+01,4.022305593520144384e+00
2.522434981423263878e+01,4.988059142284809511e+00
2.524435553015147349e+01,4.428419542147857157e+00
2.526436124607030820e+01,4.878265900239751929e+00
2.528436696198914291e+01,5.237554231524860882e+00
2.530437267790797407e+01,4.294583485165515135e+00
2.532437839382680878e+01,4.803512914172223702e+00
2.534438410974563993e+01,4.558003927189909099e+00
2.536438982566447464e+01,3.962620044434935096e+00
2.538439554158330935e+01,3.982884750814079222e+00
2.540440125750214406e+01,4.607552120949913288e+00
2.542440697342097877e+01,5.283299606934441783e+00
2.544441268933981348e+01,4.595548062696046543e+00
2.546441840525864819e+01,4.431292845619305254e+00
2.548442412117747935e+01,4.585833441395554821e+00
2.550442983709631406e+01,5.279571142889080804e+00
2.552443555301514877e+01,5.010286461625524268e+00
2.554444126893397993e+01,4.818202952507255610e+00
2.556444698485281464e+01,3.950135894749308374e+00
2.558445270077164935e+01,5.341520536758594062e+00
2.560445841669048406e+01,4.453823690543686098e+00
2.562446413260931877e+01,4.888232648699047722e+00
2.564446984852815348e+01,5.192432095891350130e+00
2.566447556444698819e+01,4.122403578346653497e+00
2.568448128036581934e+01,4.430528862185983741e+00
2.570448699628465405e+01,4.988080598958225309e+00
2.572449271220348521e+01,4.663116782546236294e+00
2.574449842812231992e+01,5.458481803346389327e+00
2.576450414404115463e+01,5.033002605781220495e+00
2.578450985995998934e+01,4.449640673547430758e+00
2.580451557587882405e+01,4.842394958789940418e+00
2.582452129179765876e+01,5.666752646432866136e+00
2.584452700771649347e+01,4.650646936703497047e+00
2.586453272363532463e+01,4.877085315067132498e+00
2.588453843955415934e+01,4.001758255946814558e+00
2.590454415547299405e+01,4.946042310620106797e+00
2.592454987139182521e+01,5.187945816986237801e+00
2.594455558731065992e+01,4.481449975243871897e+00
2.596456130322949463e+01,5.203356041572241075e+00
2.598456701914832934e+01,5.720764982908017160e+00
2.600457273506716405e+01,4.646261861298267348e+00
2.602457845098599520e+01,5.107899063379871762e+00
2.604458416690482991e+01,4.237084578997265538e+00
2.606458988282366462e+01,4.781586047036716636e+00
2.608459559874249933e+01,4.479364628805614146e+00
2.610460131466133404e+01,5.380428122893968990e+00
2.612460703058016520e+01,4.473601923528320867e+00
2.614461274649899991e+01,5.185101411835976393e+00
2.616461846241783462e+01,4.732066788137981206e+00
2.618462417833666933e+01,5.125305349114020359e+00
2.620462989425550404e+01,4.953880322506243772e+00
2.622463561017433520e+01,4.817760207086989155e+00
2.624464132609316991e+01,5.147095686465455344e+00
2.626464704201200462e+01,4.690248467802895505e+00
2.628465275793083933e+01,4.761840050450574680e+00
2.630465847384967049e+01,5.268464944228523628e+00
2.632466418976850520e+01,4.732373492771442258e+00
2.634466990568733991e+01,4.397146077341064441e+00
2.636467562160617462e+01,5.250581295843080198e+00
2.638468133752500933e+01,4.205089964279247639e+00
2.640468705344384048e+01,4.780418303446900552e+00
2.642469276936267519e+01,4.965889621612316063e+00
2.644469848528150990e+01,4.895604717412719964e+00
2.646470420120034461e+01,4.629886999599685637e+00
2.648470991711917932e+01,4.447110291111503244e+00
2.650471563303801048e+01,5.144637281208908064e+00
2.652472134895684519e+01,4.756549333894183107e+00
2.654472706487567990e+01,4.869603371784106294e+00
2.656473278079451461e+01,4.742330340195616500e+00
2.658473849671334932e+01,4.830592651994914277e+00
2.660474421263218048e+01,4.245044509150202927e+00
2.662474992855101519e+01,4.330652384525318865e+00
2.664475564446984990e+01,5.005356748169467629e+00
2.666476136038868461e+01,5.716372355473309241e+00
2.668476707630751577e+01,5.185816702043672066e+00
2.670477279222635048e+01,4.831120108163252880e+00
2.672477850814518519e+01,5.134365907752114211e+00
2.674478422406401990e+01,5.184566368403110026e+00
2.676478993998285461e+01,4.644628529402089256e+00
2.678479565590168576e+01,4.850672595595764136e+00
2.680480137182052047e+01,5.026126231473043049e+00
2.682480708773935518e+01,4.364788562238962832e+00
2.684481280365818989e+01,4.641744207588422100e+00
2.686481851957702460e+01,4.892346201222145474e+00
2.688482423549585576e+01,4.978384820368189523e+00
2.690482995141469047e+01,4.894204634800580322e+00
2.692483566733352518e+01,5.113152484990731494e+00
2.694484138325235989e+01,5.366912110385008816e+00
2.696484709917119105e+01,4.421877496790209250e+00
2.698485281509002576e+01,4.751866761201865685e+00
2.700485853100886047e+01,5.052270651570288429e+00
2.702486424692769518e+01,5.634960852075085569e+00
2.704486996284652989e+01,4.694673816998744087e+00
2.706487567876536104e+01,4.763946763718534427e+00
2.708488139468419575e+01,5.084881952926721738e+00
2.710488711060303046e+01,5.397128337937758147e+00
2.712489282652186517e+01,4.665665305999100454e+00
2.714489854244069988e+01,5.634190579432996948e+00
2.716490425835953104e+01,5.140744180415308229e+00
2.718490997427836575e+01,4.771056177099161744e+00
2.720491569019720046e+01,5.136007562837663798e+00
2.722492140611603517e+01,4.825211115938332185e+00
2.724492712203486633e+01,5.221131084583582549e+00
2.726493283795370104e+01,5.246710828274657956e+00
2.728493855387253575e+01,4.901349453579184612e+00
2.730494426979137046e+01,5.403158238129545765e+00
2.732494998571020517e+01,5.055595981385532234e+00
2.734495570162903633e+01,6.015284061396837245e+00
2.736496141754787104e+01,5.386248565598488192e+00
2.738496713346670575e+01,5.502536599524453287e+00
2.740497284938554046e+01,5.259511301233335878e+00
2.742497856530437517e+01,4.576981838465193242e+00
2.744498428122320632e+01,5.576565001039294422e+00
2.746498999714204103e+01,4.994295072824348480e+00
2.748499571306087574e+01,5.583301010117001084e+00
2.750500142897971045e+01,6.217119369555891950e+00
2.752500714489854516e+01,5.830545107581934339e+00
2.754501286081737632e+01,5.696080231243471736e+00
2.756501857673621103e+01,5.433827367384258977e+00
2.758502429265504574e+01,5.635506616308084915e+00
2.760503000857388045e+01,6.516614927732391038e+00
2.762503572449271161e+01,5.945934677249692157e+00
2.764504144041154632e+01,5.346507196798935269e+00
2.766504715633038103e+01,5.790464528192154958e+00
2.768505287224921574e+01,6.120417083919202028e+00
2.770505858816805045e+01,5.872794333657944676e+00
2.772506430408688161e+01,5.939247390285316897e+00
2.774507002000571632e+01,6.336561030134441275e+00
2.776507573592455103e+01,5.386684496986905657e+00
2.778508145184338574e+01,6.897920330400168609e+00
2.780508716776222045e+01,6.109634760538662945e+00
2.782509288368105160e+01,6.864254627541912512e+00
2.784509859959988631e+01,6.235730011800068695e+00
2.786510431551872102e+01,5.607310940214354389e+00
2.788511003143755573e+01,6.722285297875658650e+00
2.790511574735638689e+01,5.225304149537519649e+00
2.792512146327522160e+01,5.610443509424760222e+00
2.794512717919405631e+01,5.933827662422330285e+00
2.796513289511289102e+01,5.408518173319461830e+00
2.798513861103172573e+01,6.257960746907793137e+00
2.800514432695055689e+01,5.904338448057066202e+00
2.802515004286939160e+01,5.789194455062479427e+00
2.804515575878822631e+01,5.838624169830007204e+00
2.806516147470706102e+01,5.217239075633673728e+00
2.808516719062589573e+01,5.749215440498241847e+00
2.810517290654472689e+01,5.815921408866014275e+00
2.812517862246356160e+01,6.387724240828262623e+00
2.814518433838239631e+01,5.467226058694852675e+00
2.816519005430123102e+01,5.760132236939080386e+00
2.818519577022006217e+01,6.012433733975621308e+00
2.820520148613889688e+01,6.121031391827482793e+00
2.822520720205773159e+01,5.773908269907565227e+00
2.824521291797656630e+01,5.399563856859224131e+00
2.826521863389540101e+01,5.754643767820908806e+00
2.828522434981423217e+01,5.506193963940333447e+00
2.830523006573306688e+01,6.411256112305395050e+00
2.832523578165190159e+01,6.002831379913120990e+00
2.834524149757073630e+01,5.761146324190827173e+00
2.836524721348957101e+01,5.465639333202712891e+00
2.838525292940840217e+01,5.575979123727194953e+00
2.840525864532723688e+01,6.582631391528911635e+00
2.842526436124607159e+01,6.563274132892452428e+00
2.844527007716490630e+01,6.039625816901209809e+00
2.846527579308374101e+01,6.132729692742507233e+00
2.848528150900257216e+01,6.792327057957556313e+00
2.850528722492140687e+01,6.705855695868500277e+00
2.852529294084024158e+01,5.994705114694505177e+00
2.854529865675907629e+01,6.339864034712077157e+00
2.856530437267790745e+01,6.811440582075198868e+00
2.858531008859674216e+01,6.579868302884270825e+00
2.860531580451557687e+01,6.765596014306091810e+00
2.862532152043441158e+01,6.259797491771896816e+00
2.864532723635324629e+01,6.854149844938520530e+00
2.866533295227207745e+01,6.872532195735217009e+00
2.868533866819091216e+01,6.276108166766366736e+00
2.870534438410974687e+01,7.524636843162291200e+00
2.872535010002858158e+01,7.192450693305838527e+00
2.874535581594741629e+01,7.183176545447544470e+00
2.876536153186624745e+01,7.310627496046162577e+00
2.878536724778508216e+01,7.230499424540111519e+00
2.880537296370391687e+01,7.531106301058815511e+00
2.882537867962275158e+01,8.019458337583067475e+00
2.884538439554158273e+01,8.566899959568750944e+00
2.886539011146041744e+01,7.619113458897286861e+00
2.888539582737925215e+01,8.454212302281382208e+00
2.890540154329808686e+01,8.191056348457252057e+00
2.892540725921692157e+01,8.905752609418357224e+00
2.894541297513575273e+01,8.413007805847325216e+00
2.896541869105458744e+01,9.094163595508698350e+00
2.898542440697342215e+01,9.470138266658459258e+00
2.900543012289225686e+01,8.856081557788320069e+00
2.902543583881109157e+01,9.848860597697981945e+00
2.904544155472992273e+01,9.755615669424074099e+00
2.906544727064875744e+01,9.713341466216146358e+00
2.908545298656759215e+01,9.917737939751507525e+00
2.910545870248642686e+01,1.071938231484590176e+01
2.912546441840525802e+01,1.062947031235241369e+01
2.914547013432409273e+01,1.123755204457040335e+01
2.916547585024292744e+01,1.175844787666041213e+01
2.918548156616176215e+01,1.125133952396424952e+01
2.920548728208059686e+01,1.149548174033456149e+01
2.922549299799942801e+01,1.155698682790227316e+01
2.924549871391826272e+01,1.186578715981017318e+01
2.926550442983709743e+01,1.234057018182086907e+01
2.928551014575593214e+01,1.175190387285136673e+01
2.930551586167476685e+01,1.311648513142048245e+01
2.932552157759359801e+01,1.237243068312179872e+01
2.934552729351243272e+01,1.272398722336592236e+01
2.936553300943126743e+01,1.306502300871798816e+01
2.938553872535010214e+01,1.301766325746112507e+01
2.940554444126893330e+01,1.287477544341008517e+01
2.942555015718776801e+01,1.326236324045295234e+01
2.944555587310660272e+01,1.389461152202967753e+01
2.946556158902543743e+01,1.308653163002904130e+01
2.948556730494427214e+01,1.374983347582428905e+01
2.950557302086310330e+01,1.398664078953764189e+01
2.952557873678193801e+01,1.455390563060386455e+01
2.954558445270077272e+01,1.451384950329035028e+01
2.956559016861960743e+01,1.547145497286921412e+01
2.958559588453844214e+01,1.597906568500383528e+01
2.960560160045727329e+01,1.683982980998469259e+01
2.962560731637610800e+01,1.805007425777694863e+01
2.964561303229494271e+01,1.766736178347009201e+01
2.966561874821377742e+01,1.946829359543506044e+01
2.968562446413261213e+01,2.066046229873512985e+01
2.970563018005144329e+01,2.129498006488202577e+01
2.972563589597027800e+01,2.318864269260242139e+01
2.974564161188911271e+01,2.404415420992986441e+01
2.976564732780794742e+01,2.516031426110012958e+01
2.978565304372677858e+01,2.704208817202624004e+01
2.980565875964561329e+01,2.920483693600542097e+01
2.982566447556444800e+01,3.008654345061548696e+01
2.984567019148328271e+01,3.270698642450510363e+01
2.986567590740211742e+01,3.407119451840753754e+01
2.988568162332094857e+01,3.568357301105555024e+01
2.990568733923978328e+01,3.781597939770506400e+01
2.992569305515861799e+01,4.011388162968332693e+01
2.994569877107745270e+01,4.328268147097624308e+01
2.996570448699628741e+01,4.537476602892572686e+01
2.998571020291511857e+01,4.809104968901232269e+01
3.000571591883395328e+01,5.060220707629302694e+01
3.002572163475278799e+01,5.381751137116005168e+01
3.004572735067162270e+01,5.651685243366439693e+01
3.006573306659045386e+01,5.872689718100307488e+01
3.008573878250928857e+01,6.210224206163448457e+01
3.010574449842812328e+01,6.474341077217640361e+01
3.012575021434695799e+01,6.733499519391870081e+01
3.014575593026579270e+01,7.111433949309198965e+01
3.016576164618462386e+01,7.390208426340583969e+01
3.018576736210345857e+01,7.687842068426323294e+01
3.020577307802229328e+01,7.954683219578942044e+01
3.022577879394112799e+01,8.261121899014457881e+01
3.024578450985996270e+01,8.508052874309927915e+01
3.026579022577879385e+01,8.733623757514286012e+01
3.028579594169762856e+01,8.862839061941203056e+01
3.030580165761646327e+01,9.049916587866147211e+01
3.032580737353529798e+01,9.120677800089993070e+01
3.034581308945412914e+01,9.143289076226317036e+01
3.036581880537296385e+01,9.230682250135285472e+01
3.038582452129179856e+01,9.203269448895980531e+01
3.040583023721063327e+01,8.960541174460949776e+01
3.042583595312946798e+01,8.751700892543922805e+01
3.044584166904829914e+01,8.534965038249208646e+01
3.046584738496713385e+01,8.187106143359814325e+01
3.048585310088596856e+01,7.810935586376292861e+01
3.050585881680480327e+01,7.361999826663247859e+01
3.052586453272363798e+01,6.879550349234922635e+01
3.054587024864246914e+01,6.331403313773304831e+01
3.056587596456130385e+01,5.812886917695747968e+01
3.058588168048013856e+01,5.264906318873404700e+01
3.060588739639897327e+01,4.776704734101655703e+01
3.062589311231780798e+01,4.296848365561238836e+01
3.064589882823663913e+01,3.870279428763775087e+01
3.066590454415547384e+01,3.446749660782820968e+01
3.068591026007430855e+01,3.057286019220075701e+01
3.070591597599314326e+01,2.707081679188775780e+01
3.072592169191197442e+01,2.404811449928808997e+01
3.074592740783080913e+01,2.231533641818751335e+01
3.076593312374964384e+01,1.982406585820827871e+01
3.078593883966847855e+01,1.811502307665866951e+01
3.080594455558731326e+01,1.734724486052760639e+01
3.082595027150614442e+01,1.552972587193165666e+01
3.084595598742497913e+01,1.436520226867626704e+01
3.086596170334381384e+01,1.440523532827304720e+01
3.088596741926264855e+01,1.301681972693152467e+01
3.090597313518148326e+01,1.235970942983834675e+01
3.092597885110031442e+01,1.194255680948390008e+01
3.094598456701914913e+01,1.176437346533506023e+01
3.096599028293798384e+01,1.116999039134409344e+01
3.098599599885681855e+01,1.126462997854545200e+01
3.100600171477564970e+01,1.089359059495312465e+01
3.102600743069448441e+01,1.078487567955781756e+01
3.104601314661331912e+01,1.060627812922732183e+01
3.106601886253215383e+01,1.081533723724927398e+01
3.108602457845098854e+01,1.097601467601788627e+01
3.110603029436981970e+01,1.050323016058873549e+01
3.112603601028865441e+01,1.015840133276071811e+01
3.114604172620748912e+01,1.017938316513239627e+01
3.116604744212632383e+01,1.016117260981074821e+01
3.118605315804515854e+01,9.659276334057388169e+00
3.120605887396398970e+01,1.025196877868302181e+01
3.122606458988282441e+01,9.467805708041831636e+00
3.124607030580165912e+01,1.102898542692028450e+01
3.126607602172049383e+01,1.128658698358474055e+01
3.128608173763932498e+01,1.045493320952141758e+01
3.130608745355815969e+01,1.090295963151761249e+01
3.132609316947699440e+01,1.082293583266938342e+01
3.134609888539582911e+01,1.181952418031175256e+01
3.136610460131466382e+01,1.089016197748805936e+01
3.138611031723349498e+01,1.151448694402958850e+01
3.140611603315232969e+01,1.223911253903450458e+01
3.142612174907116440e+01,1.222566802347609638e+01
3.144612746498999911e+01,1.234444112844883890e+01
3.146613318090883382e+01,1.237274998025026562e+01
3.148613889682766498e+01,1.346301255815215647e+01
3.150614461274649969e+01,1.386368906020257796e+01
3.152615032866533440e+01,1.364406336433652633e+01
3.154615604458416911e+01,1.430355919731240988e+01
3.156616176050300382e+01,1.416382487669349821e+01
3.158616747642183498e+01,1.528225758079729246e+01
3.160617319234066969e+01,1.561593579520604003e+01
3.162617890825950440e+01,1.570880299694407611e+01
3.164618462417833911e+01,1.609845280453916061e+01
3.166619034009717026e+01,1.663081434685945226e+01
3.168619605601600497e+01,1.680912266787526121e+01
3.170620177193483968e+01,1.743489031774453224e+01
3.172620748785367439e+01,1.771835787566146436e+01
3.174621320377250910e+01,1.711205711954046293e+01
3.176621891969134026e+01,1.858527455296849951e+01
3.178622463561017497e+01,1.872988243319424839e+01
3.180623035152900968e+01,1.799786698961638720e+01
3.182623606744784439e+01,1.840681584376399726e+01
3.184624178336667910e+01,1.719581022712444707e+01
3.186624749928551026e+01,1.787517089376925128e+01
3.188625321520434497e+01,1.706285150798784400e+01
3.190625893112317968e+01,1.697876437403659367e+01
3.192626464704201439e+01,1.619974283384213010e+01
3.194627036296084555e+01,1.569723663720129814e+01
3.196627607887968026e+01,1.577690504705573993e+01
3.198628179479851497e+01,1.471145048109602982e+01
3.200628751071734968e+01,1.505441894049590346e+01
3.202629322663618439e+01,1.387769797910976877e+01
3.204629894255501199e+01,1.398452546244328687e+01
3.206630465847385381e+01,1.303389852142206706e+01
3.208631037439268141e+01,1.243461014495698791e+01
3.210631609031152323e+01,1.250119312047487696e+01
3.212632180623035083e+01,1.239878893003410987e+01
3.214632752214918554e+01,1.106666491789470896e+01
3.216633323806802025e+01,1.196357653578418656e+01
3.218633895398685496e+01,1.095799277155554385e+01
3.220634466990568967e+01,1.145504294538302403e+01
3.222635038582451728e+01,1.133023774858279964e+01
3.224635610174335909e+01,1.182867901389744070e+01
3.226636181766218670e+01,1.217059195900157675e+01
3.228636753358102851e+01,1.184448329349470441e+01
3.230637324949985612e+01,1.190034780603631503e+01
3.232637896541869083e+01,1.189998811908777299e+01
3.234638468133752554e+01,1.269013987401281263e+01
3.236639039725636025e+01,1.264553390980449166e+01
3.238639611317519496e+01,1.283048889621359834e+01
3.240640182909402967e+01,1.457239836942886058e+01
3.242640754501286438e+01,1.471746225332839231e+01
3.244641326093169198e+01,1.459429768217878198e+01
3.246641897685053380e+01,1.548308072834169202e+01
3.248642469276936140e+01,1.688713973154376191e+01
3.250643040868819611e+01,1.825793167045393517e+01
3.252643612460703082e+01,1.837155712063859880e+01
3.254644184052586553e+01,1.961560705829020534e+01
3.256644755644470024e+01,2.107145067977494080e+01
3.258645327236353495e+01,2.193553220773721080e+01
3.260645898828236966e+01,2.356312434403914580e+01
3.262646470420119726e+01,2.500876290019993675e+01
3.264647042012003908e+01,2.613624711704476766e+01
3.266647613603886668e+01,2.871648836826818751e+01
3.268648185195770850e+01,2.972052748906941844e+01
3.270648756787653610e+01,3.206740605570958280e+01
3.272649328379537081e+01,3.413707838451410481e+01
3.274649899971420552e+01,3.550479602190466721e+01
3.276650471563304023e+01,3.821329916761965251e+01
3.278651043155187494e+01,4.108241487245632584e+01
3.280651614747070255e+01,4.395718797132775535e+01
3.282652186338954436e+01,4.559661840786095865e+01
3.284652757930837197e+01,4.889258077277967374e+01
3.286653329522721378e+01,5.132412161967450004e+01
3.288653901114604139e+01,5.435016490658620114e+01
3.290654472706487610e+01,5.746736949611489109e+01
3.292655044298371081e+01,6.133369013696859895e+01
3.294655615890254552e+01,6.391361398967624297e+01
3.296656187482138023e+01,6.725148873317971265e+01
3.298656759074020783e+01,7.008225781539709942e+01
3.300657330665904965e+01,7.310271612637359340e+01
3.302657902257787725e+01,7.618818409999971664e+01
3.304658473849671907e+01,7.804099390120215674e+01
3.306659045441554667e+01,8.032767063624976345e+01
3.308659617033438138e+01,8.218197335309849905e+01
3.310660188625321609e+01,8.404203588526314661e+01
3.312660760217205080e+01,8.494887316026367330e+01
3.314661331809088551e+01,8.443796330159781860e+01
3.316661903400971312e+01,8.417016615960412196e+01
3.318662474992855493e+01,8.311800996875231817e+01
3.320663046584738254e+01,8.069500246627652018e+01
3.322663618176622435e+01,7.800185907706479327e+01
3.324664189768505196e+01,7.534199528755290487e+01
3.326664761360388667e+01,7.176066361935374971e+01
3.328665332952272138e+01,6.833990978175191344e+01
3.330665904544155609e+01,6.526608406247567018e+01
3.332666476136039080e+01,6.028147661113493427e+01
3.334667047727922551e+01,5.591293364095729856e+01
3.336667619319806022e+01,5.195755740478405471e+01
3.338668190911688782e+01,4.842680266756649843e+01
3.340668762503572964e+01,4.492181912640410246e+01
3.342669334095455724e+01,4.083924215768583110e+01
3.344669905687339195e+01,3.752950971380987255e+01
3.346670477279222666e+01,3.521392363018207305e+01
3.348671048871106137e+01,3.141465059705554808e+01
3.350671620462989608e+01,2.968879698492182229e+01
3.352672192054873079e+01,2.719378332473607784e+01
3.354672763646756550e+01,2.438951184715132925e+01
3.356673335238639311e+01,2.362787860011334828e+01
3.358673906830523492e+01,2.090022803874419566e+01
3.360674478422406253e+01,1.954914840438178558e+01
3.362675050014290434e+01,1.821390925398479510e+01
3.364675621606173195e+01,1.691533392623259857e+01
3.366676193198056666e+01,1.635390930978505608e+01
3.368676764789940137e+01,1.474408228605053672e+01
3.370677336381823608e+01,1.354686995523334048e+01
3.372677907973707079e+01,1.355260120528203061e+01
3.374678479565589839e+01,1.269008315231312878e+01
3.376679051157474021e+01,1.166787993129175049e+01
3.378679622749356781e+01,1.194151090341651233e+01
3.380680194341240963e+01,1.110613133846908696e+01
3.382680765933123723e+01,1.064368462804838167e+01
3.384681337525007194e+01,1.021388220112441303e+01
3.386681909116890665e+01,1.097168429370437259e+01
3.388682480708774136e+01,9.548047714509614536e+00
3.390683052300657607e+01,8.861287267561532843e+00
3.392683623892540368e+01,9.785564232415662644e+00
3.394684195484424549e+01,8.928826423348944274e+00
3.396684767076307310e+01,8.463820644444485453e+00
3.398685338668191491e+01,9.166048542989591041e+00
3.400685910260074252e+01,8.352705752853422538e+00
3.402686481851957723e+01,8.341415804941737733e+00
3.404687053443841194e+01,8.579999850742625611e+00
3.406687625035724665e+01,7.447289491930984440e+00
3.408688196627608136e+01,8.094423566738329967e+00
3.410688768219490896e+01,7.321037521659288672e+00
3.412689339811375078e+01,7.743224866913688054e+00
3.414689911403257838e+01,7.972991718135724604e+00
3.416690482995142020e+01,8.197745576132884793e+00
3.418691054587024780e+01,7.912487135397086924e+00
3.420691626178908251e+01,7.773500074785468783e+00
3.422692197770791722e+01,8.018899991372329339e+00
3.424692769362675193e+01,7.548693031024927613e+00
3.426693340954558664e+01,7.775919343355052860e+00
3.428693912546442135e+01,7.317463006231090361e+00
3.430694484138325606e+01,7.397169908928121984e+00
3.432695055730208367e+01,6.776628789840085432e+00
3.434695627322092548e+01,7.114779927497746570e+00
3.436696198913975309e+01,6.687387737776466778e+00
3.438696770505858780e+01,7.264997383620835691e+00
3.440697342097742251e+01,7.213518556266167892e+00
3.442697913689625722e+01,7.132339608855174262e+00
3.444698485281509193e+01,6.730602612048258493e+00
3.446699056873392664e+01,7.261716218602627393e+00
3.448699628465276135e+01,7.644072102793824541e+00
3.450700200057158895e+01,6.811488988764658359e+00
3.452700771649043077e+01,6.414201797068506572e+00
3.454701343240925837e+01,6.280674621452778439e+00
3.456701914832810019e+01,6.599160487870572744e+00
3.458702486424692779e+01,7.258582693784428663e+00
3.460703058016576250e+01,7.141066102971138640e+00
3.462703629608459721e+01,7.505950628385242851e+00
3.464704201200343192e+01,6.985139410634299217e+00
3.466704772792226663e+01,6.945262764469827488e+00
3.468705344384109424e+01,7.290260963951019413e+00
3.470705915975993605e+01,8.006858509337716256e+00
3.472706487567876366e+01,7.643328278473894066e+00
3.474707059159760547e+01,7.693358648060982574e+00
3.476707630751643308e+01,8.164768075800253655e+00
3.478708202343526779e+01,8.410078631925653525e+00
3.480708773935410250e+01,7.843471883142967727e+00
3.482709345527293721e+01,7.980266289928845680e+00
3.484709917119177192e+01,8.475910739322754850e+00
3.486710488711059952e+01,8.637242219217654338e+00
3.488711060302944134e+01,8.689760243343146229e+00
3.490711631894826894e+01,8.776187384451763052e+00
3.492712203486711076e+01,9.060402408550585207e+00
3.494712775078593836e+01,8.721204443708890253e+00
3.496713346670477307e+01,9.606734907339440355e+00
3.498713918262360778e+01,9.787468912336233728e+00
3.500714489854244249e+01,1.049950512293594684e+01
3.502715061446127720e+01,1.012582875658003267e+01
3.504715633038010481e+01,1.051459328261679005e+01
3.506716204629894662e+01,1.186194179539018911e+01
3.508716776221777423e+01,1.165993833653553580e+01
3.510717347813661604e+01,1.212815255767346656e+01
3.512717919405544365e+01,1.312967291287436744e+01
3.514718490997427836e+01,1.340635267288094923e+01
3.516719062589311307e+01,1.422223416326641754e+01
3.518719634181194778e+01,1.448345918881862460e+01
3.520720205773078249e+01,1.580079982738632438e+01
3.522720777364961720e+01,1.570375841152908691e+01
3.524721348956845191e+01,1.638071332992176110e+01
3.526721920548727951e+01,1.770336768776526526e+01
3.528722492140612133e+01,1.815453792471996763e+01
3.530723063732494893e+01,1.933006831265218395e+01
3.532723635324378364e+01,2.031244962044944202e+01
3.534724206916261835e+01,2.045144800557882547e+01
3.536724778508145306e+01,2.175094438900251959e+01
3.538725350100028777e+01,2.246885815799467423e+01
3.540725921691912248e+01,2.315319851039267718e+01
3.542726493283795719e+01,2.454230722285196720e+01
3.544727064875678479e+01,2.446847675638107233e+01
3.546727636467562661e+01,2.524222865382780867e+01
3.548728208059445421e+01,2.623469033849945475e+01
3.550728779651329603e+01,2.639172076936719691e+01
3.552729351243212363e+01,2.712099197948544571e+01
3.554729922835095834e+01,2.741127552606555895e+01
3.556730494426979305e+01,2.835772289322871842e+01
3.558731066018862776e+01,2.902412130839354631e+01
3.560731637610746247e+01,2.825153715554126066e+01
3.562732209202629008e+01,2.892567089816781234e+01
3.564732780794513189e+01,2.799763865215837910e+01
3.566733352386395950e+01,2.843792638380121218e+01
3.568733923978280131e+01,2.692703860133207172e+01
3.570734495570162892e+01,2.675435201454006062e+01
3.572735067162046363e+01,2.542450052872987953e+01
3.574735638753929834e+01,2.448430389573351817e+01
3.576736210345813305e+01,2.404958898790220445e+01
3.578736781937696776e+01,2.199317010393573213e+01
3.580737353529579536e+01,2.028272589328420494e+01
3.582737925121463718e+01,1.947648976175022995e+01
3.584738496713346478e+01,1.753035140899987354e+01
3.586739068305230660e+01,1.715886103963631371e+01
3.588739639897113420e+01,1.550749507698557395e+01
3.590740211488996891e+01,1.447267975031087772e+01
3.592740783080880362e+01,1.338357309240767279e+01
3.594741354672763833e+01,1.295235002407859959e+01
3.596741926264647304e+01,1.140036932109340562e+01
3.598742497856530065e+01,1.072788344032719721e+01
3.600743069448414246e+01,1.064354936928342887e+01
3.602743641040297007e+01,9.773743415237259313e+00
3.604744212632181188e+01,9.827044272430757843e+00
3.606744784224063949e+01,8.922608306434995029e+00
3.608745355815947420e+01,8.210986814620206076e+00
3.610745927407830891e+01,7.453286694292335923e+00
3.612746498999714362e+01,8.021663279755717468e+00
3.614747070591597833e+01,6.984204536953356524e+00
3.616747642183481304e+01,7.794050333810415232e+00
3.618748213775364775e+01,7.363383279558054717e+00
3.620748785367247535e+01,7.112358661131926496e+00
3.622749356959131717e+01,6.898228988361513991e+00
3.624749928551014477e+01,7.114874670953152069e+00
3.626750500142897948e+01,6.965189839838174635e+00
3.628751071734781419e+01,7.163438524660449502e+00
3.630751643326664890e+01,7.434009257432634854e+00
3.632752214918548361e+01,7.787465331522630763e+00
3.634752786510431832e+01,7.359298234971852537e+00
3.636753358102315303e+01,6.907488510237409507e+00
3.638753929694198064e+01,6.455580917307503164e+00
3.640754501286082245e+01,7.034339810806336857e+00
3.642755072877965006e+01,7.421869093217260627e+00
3.644755644469849187e+01,7.383948155714934458e+00
3.646756216061731948e+01,6.836364459362760826e+00
3.648756787653615419e+01,7.123044876008762571e+00
3.650757359245498890e+01,6.603593696407402902e+00
3.652757930837382361e+01,7.861145995663536112e+00
3.654758502429265832e+01,7.120325936530488953e+00
3.656759074021148592e+01,7.497191295586370430e+00
3.658759645613032774e+01,7.447383610789909625e+00
3.660760217204915534e+01,7.437908681333500027e+00
3.662760788796799716e+01,7.243940005186513709e+00
3.664761360388682476e+01,7.569242980656788689e+00
3.666761931980565947e+01,7.240719738448134102e+00
3.668762503572449418e+01,7.448208225651908876e+00
3.670763075164332889e+01,7.546236043633940405e+00
3.672763646756216360e+01,7.830983761744789717e+00
3.674764218348099121e+01,7.549938590163645102e+00
3.676764789939983302e+01,8.056526031814419397e+00
3.678765361531866063e+01,7.811142396857569281e+00
3.680765933123750244e+01,9.361551582229626689e+00
3.682766504715633005e+01,9.146042412580793979e+00
3.684767076307516476e+01,8.699250481760596898e+00
3.686767647899399947e+01,9.351311660234257417e+00
3.688768219491283418e+01,9.268065498372774158e+00
3.690768791083166889e+01,1.040142738980428305e+01
3.692769362675049649e+01,1.020199214526257236e+01
3.694769934266933831e+01,1.054656146391820570e+01
3.696770505858816591e+01,1.102782067583699899e+01
3.698771077450700773e+01,1.182256643997478562e+01
3.700771649042583533e+01,1.232289150925322119e+01
3.702772220634467004e+01,1.320658478126234137e+01
3.704772792226350475e+01,1.388753154783013599e+01
3.706773363818233946e+01,1.456876972916183277e+01
3.708773935410117417e+01,1.574801498082623041e+01
3.710774507002000888e+01,1.647097032381385162e+01
3.712775078593884359e+01,1.768973410487071618e+01
3.714775650185767120e+01,1.858255114214139070e+01
3.716776221777651301e+01,1.933587045555036354e+01
3.718776793369534062e+01,2.058857163979235594e+01
3.720777364961417533e+01,2.180106373107889084e+01
3.722777936553301004e+01,2.363637631154565710e+01
3.724778508145184475e+01,2.406323143679305687e+01
3.726779079737067946e+01,2.566709075146683006e+01
3.728779651328951417e+01,2.756354829738705803e+01
3.730780222920834888e+01,2.752168861981871117e+01
3.732780794512717648e+01,2.939757801390960879e+01
3.734781366104601830e+01,3.097240201267420190e+01
3.736781937696484590e+01,3.157446318058779156e+01
3.738782509288368772e+01,3.369899698761211226e+01
3.740783080880251532e+01,3.345204652853148275e+01
3.742783652472135003e+01,3.460371213409167979e+01
3.744784224064018474e+01,3.529559329113935462e+01
3.746784795655901945e+01,3.542866110377818245e+01
3.748785367247785416e+01,3.526155079506445844e+01
3.750785938839668177e+01,3.521370016750302057e+01
3.752786510431552358e+01,3.484719436273141469e+01
3.754787082023435119e+01,3.394700721894838580e+01
3.756787653615319300e+01,3.286520611047657781e+01
3.758788225207202061e+01,3.141660462263640952e+01
3.760788796799085532e+01,3.056983950593069466e+01
3.762789368390969003e+01,2.825652045775088794e+01
3.764789939982852474e+01,2.608987677065919542e+01
3.766790511574735945e+01,2.499321227004734425e+01
3.768791083166618705e+01,2.380626754153864510e+01
3.770791654758502887e+01,2.202211985296692731e+01
3.772792226350385647e+01,1.988754112267275076e+01
3.774792797942269829e+01,1.811423218711577832e+01
3.776793369534152589e+01,1.655037515814624527e+01
3.778793941126036060e+01,1.590525413315504011e+01
3.780794512717919531e+01,1.520092821393206606e+01
3.782795084309803002e+01,1.388015707930602183e+01
3.784795655901686473e+01,1.348176734351384098e+01
3.786796227493569234e+01,1.162166239786905209e+01
3.788796799085453415e+01,1.155164994371240539e+01
3.790797370677336176e+01,1.085255759627343153e+01
3.792797942269220357e+01,1.100740219656064767e+01
3.794798513861103118e+01,1.076474641854813363e+01
3.796799085452986589e+01,9.767947266061955958e+00
3.798799657044870060e+01,9.124091418857020130e+00
3.800800228636753531e+01,9.553324122500900017e+00
3.802800800228637002e+01,9.160426264302930832e+00
3.804801371820520473e+01,8.556719731987669775e+00
3.806801943412403944e+01,8.311279624566603630e+00
3.808802515004286704e+01,8.438683808628574923e+00
3.810803086596170886e+01,7.256030760383437084e+00
3.812803658188053646e+01,7.686446828400625542e+00
3.814804229779937117e+01,8.462912434751643787e+00
3.816804801371820588e+01,8.179289273720890208e+00
3.818805372963704059e+01,8.315608397748581737e+00
3.820805944555587530e+01,7.551886211134316795e+00
3.822806516147471001e+01,7.842763772036901671e+00
3.824807087739354472e+01,7.413963372626880322e+00
3.826807659331237232e+01,7.472575819518659124e+00
3.828808230923121414e+01,7.620029123600878584e+00
3.830808802515004174e+01,6.838640457474664203e+00
3.832809374106888356e+01,7.818776858923564888e+00
3.834809945698771116e+01,6.837986103484883671e+00
3.836810517290654587e+01,7.220358432408826133e+00
3.838811088882538058e+01,6.270629998790449910e+00
3.840811660474421529e+01,7.177362356011213862e+00
3.842812232066305000e+01,7.102085163914546584e+00
3.844812803658187761e+01,7.501704845503695651e+00
3.846813375250071942e+01,6.780329498132251054e+00
3.848813946841954703e+01,6.393542926440465735e+00
3.850814518433838884e+01,7.509639227245642701e+00
3.852815090025721645e+01,6.606537959640393254e+00
3.854815661617605116e+01,7.276283832731870405e+00
3.856816233209488587e+01,6.018747352831688602e+00
3.858816804801372058e+01,6.346725770358926155e+00
3.860817376393255529e+01,6.372732162858939731e+00
3.862817947985138289e+01,6.771194519556719804e+00
3.864818519577022471e+01,5.733680989295198316e+00
3.866819091168905231e+01,6.096588976339108790e+00
3.868819662760789413e+01,5.643732553860406398e+00
3.870820234352672173e+01,6.179708604195957022e+00
3.872820805944555644e+01,5.717688993502173744e+00
3.874821377536439115e+01,5.372848907606536883e+00
3.876821949128322586e+01,5.666891143559634969e+00
3.878822520720206057e+01,6.518221359615541388e+00
3.880823092312088818e+01,6.105682814577781059e+00
3.882823663903972999e+01,6.066068990825986162e+00
3.884824235495855760e+01,5.583796001479029769e+00
3.886824807087739941e+01,5.547041121967948740e+00
3.888825378679622702e+01,5.965971941996292216e+00
3.890825950271506173e+01,5.758955759349991155e+00
3.892826521863389644e+01,5.076922227470797466e+00
3.894827093455273115e+01,6.187369121936548311e+00
3.896827665047156586e+01,5.741705677720608136e+00
3.898828236639040057e+01,5.863916566772671146e+00
3.900828808230923528e+01,5.242748761205028529e+00
3.902829379822806288e+01,6.237799806887561971e+00
3.904829951414690470e+01,6.324212170067686323e+00
3.906830523006573230e+01,5.825193069139382729e+00
3.908831094598456701e+01,5.852909588407442243e+00
3.910831666190340172e+01,5.778660656521667605e+00
3.912832237782223643e+01,6.132737991043686776e+00
3.914832809374107114e+01,5.244302868786244964e+00
3.916833380965990585e+01,5.700660482077777758e+00
3.918833952557874056e+01,5.768399327761916773e+00
3.920834524149756817e+01,5.524264833522297913e+00
3.922835095741640998e+01,5.957724944800679268e+00
3.924835667333523759e+01,5.609566327065206082e+00
3.926836238925407940e+01,5.733844397701655105e+00
3.928836810517290701e+01,5.233041682241117876e+00
3.930837382109174172e+01,5.247291470454840123e+00
3.932837953701057643e+01,5.090452856631074496e+00
3.934838525292941114e+01,6.121535636666671110e+00
3.936839096884824585e+01,5.595076848727563501e+00
3.938839668476707345e+01,5.914863646598307767e+00
3.940840240068591527e+01,5.154028322796884609e+00
3.942840811660474287e+01,5.526863263450044528e+00
3.944841383252358469e+01,5.947263014055783614e+00
3.946841954844241229e+01,4.908549210129148577e+00
3.948842526436124700e+01,5.895704595505463885e+00
3.950843098028008171e+01,6.369739405457830017e+00
3.952843669619891642e+01,5.457828267003000278e+00
3.954844241211775113e+01,5.672021152328488469e+00
3.956844812803657874e+01,5.152932478105400449e+00
3.958845384395542055e+01,5.740831350135865208e+00
3.960845955987424816e+01,6.302094555759923722e+00
3.962846527579308997e+01,6.359891670094879323e+00
3.964847099171191758e+01,5.266090146396373406e+00
3.966847670763075229e+01,5.570465497213618278e+00
3.968848242354958700e+01,6.207848430873754708e+00
3.970848813946842171e+01,6.067675571895449593e+00
3.972849385538725642e+01,5.879680205992183772e+00
3.974849957130608402e+01,5.529581834474113222e+00
3.976850528722492584e+01,6.028401005761040210e+00
3.978851100314375344e+01,6.428254385155467432e+00
3.980851671906259526e+01,6.283444993836264203e+00
3.982852243498142286e+01,4.899436411699824134e+00
3.984852815090025757e+01,4.831666119769542078e+00
3.986853386681909228e+01,6.110175587355872295e+00
3.988853958273792699e+01,4.938374373540317386e+00
3.990854529865676170e+01,6.129799812253421187e+00
3.992855101457559641e+01,6.332836145815657680e+00
3.994855673049443112e+01,6.278641896871233641e+00
3.996856244641325873e+01,5.860497402958806390e+00
3.998856816233210054e+01,5.121464088535740977e+00
4.000857387825092815e+01,6.040767187156175666e+00
4.002857959416976286e+01,5.906321882264990109e+00
4.004858531008859757e+01,5.360217082858271809e+00
4.006859102600743228e+01,5.194248841741363698e+00
4.008859674192626699e+01,5.706145689986804825e+00
4.010860245784510170e+01,5.457707136307606177e+00
4.012860817376393641e+01,5.911676038158963031e+00
4.014861388968276401e+01,5.519922213748410300e+00
4.016861960560160583e+01,6.132113838282002405e+00
4.018862532152043343e+01,5.618235661779827694e+00
4.020863103743927525e+01,5.918059391200161556e+00
4.022863675335810285e+01,5.723211295148654898e+00
4.024864246927693756e+01,6.205573159956133011e+00
4.026864818519577227e+01,5.881283975440012135e+00
4.028865390111460698e+01,6.192706354050514506e+00
4.030865961703344169e+01,5.868045433705633585e+00
4.032866533295226930e+01,6.281768185052488462e+00
4.034867104887111111e+01,5.758712932694741049e+00
4.036867676478993872e+01,6.331943797694439269e+00
4.038868248070878053e+01,6.638856604461908617e+00
4.040868819662760814e+01,6.389994149957530567e+00
4.042869391254644285e+01,6.211254825037112681e+00
4.044869962846527756e+01,6.222634593537160086e+00
4.046870534438411227e+01,5.669889867569210651e+00
4.048871106030294698e+01,5.657183543962403860e+00
4.050871677622177458e+01,6.120769419560620150e+00
4.052872249214061640e+01,6.366317283053021470e+00
4.054872820805944400e+01,6.230539701358916105e+00
4.056873392397828582e+01,6.408474829312339693e+00
4.058873963989711342e+01,6.710307244184063435e+00
4.060874535581594813e+01,6.259745172494418419e+00
4.062875107173478284e+01,6.177389900723353477e+00
4.064875678765361755e+01,6.810610629547104722e+00
4.066876250357245226e+01,6.450072254669591665e+00
4.068876821949127986e+01,6.529827185100280929e+00
4.070877393541012168e+01,7.617133453164413481e+00
4.072877965132894929e+01,7.517450426951916675e+00
4.074878536724779110e+01,7.186515650051621407e+00
4.076879108316661871e+01,7.742708295752866121e+00
4.078879679908545342e+01,8.155405875253586956e+00
4.080880251500428813e+01,7.428286927992958866e+00
4.082880823092312284e+01,6.869922965708584073e+00
4.084881394684195755e+01,7.399869208753488969e+00
4.086881966276079226e+01,7.573143711793861144e+00
4.088882537867962697e+01,7.485902145300401322e+00
4.090883109459845457e+01,7.638195000394675915e+00
4.092883681051729639e+01,7.848803875878876291e+00
4.094884252643612399e+01,7.995690531036806270e+00
4.096884824235495870e+01,7.529399107752431597e+00
4.098885395827379341e+01,7.652289818225264995e+00
4.100885967419262812e+01,7.352969206733722451e+00
4.102886539011146283e+01,7.365585193124863039e+00
4.104887110603029754e+01,7.261029348740958511e+00
4.106887682194913225e+01,7.330634522852157886e+00
4.108888253786795985e+01,7.785201460446335986e+00
4.110888825378680167e+01,7.290206614214272740e+00
4.112889396970562927e+01,6.557456743142609845e+00
4.114889968562447109e+01,6.501990447450058497e+00
4.116890540154329869e+01,7.585347659488767214e+00
4.118891111746213340e+01,6.727977283569178013e+00
4.120891683338096811e+01,6.301478054750457858e+00
4.122892254929980282e+01,6.816795960058266601e+00
4.124892826521863753e+01,6.432288879476258714e+00
4.126893398113746514e+01,6.810675642340674685e+00
4.128893969705630695e+01,6.433146368357633094e+00
4.130894541297513456e+01,6.745063889123779077e+00
4.132895112889397637e+01,6.873376606541580003e+00
4.134895684481280398e+01,6.634023773120500955e+00
4.136896256073163869e+01,6.642718046156874223e+00
4.138896827665047340e+01,7.374286062750121218e+00
4.140897399256930811e+01,7.273074872572015792e+00
4.142897970848814282e+01,7.929924455835763553e+00
4.144898542440697042e+01,7.507890654374943296e+00
4.146899114032581224e+01,7.410741075456112270e+00
4.148899685624463984e+01,7.059850040323486731e+00
4.150900257216348166e+01,8.524116380364564094e+00
4.152900828808230926e+01,7.577264204021959770e+00
4.154901400400114397e+01,8.197136040027613646e+00
4.156901971991997868e+01,8.172623351070090081e+00
4.158902543583881339e+01,7.765641483377658361e+00
4.160903115175764810e+01,8.350820992211078320e+00
4.162903686767647571e+01,8.117861913648471983e+00
4.164904258359531752e+01,9.012097616111972798e+00
4.166904829951414513e+01,8.458882593999341282e+00
4.168905401543298694e+01,8.014063645782256273e+00
4.170905973135181455e+01,8.132550575071313403e+00
4.172906544727064926e+01,8.046502833670110988e+00
4.174907116318948397e+01,7.529603959648927258e+00
4.176907687910831868e+01,8.807924719833710725e+00
4.178908259502715339e+01,8.193232186690494245e+00
4.180908831094598810e+01,8.053509078241592789e+00
4.182909402686482281e+01,8.092558090273417548e+00
4.184909974278365041e+01,7.642096533841371553e+00
4.186910545870249223e+01,7.041894056661302415e+00
4.188911117462131983e+01,7.379626596839249153e+00
4.190911689054015454e+01,7.730872845313460751e+00
4.192912260645898925e+01,6.560769513006880160e+00
4.194912832237782396e+01,7.438857821778823265e+00
4.196913403829665867e+01,7.044341920292784387e+00
4.198913975421549338e+01,6.990754429495543931e+00
4.200914547013432809e+01,5.881170303214238615e+00
4.202915118605316280e+01,7.102710210673929936e+00
4.204915690197199041e+01,5.934567815666665247e+00
4.206916261789082512e+01,5.843262404822924694e+00
4.208916833380965983e+01,6.746685929744560717e+00
4.210917404972849454e+01,6.980316819595461908e+00
4.212917976564732925e+01,6.496545372566629339e+00
4.214918548156616396e+01,5.647039937756941796e+00
4.216919119748499867e+01,5.931876466791235814e+00
4.218919691340383338e+01,6.161526095441596240e+00
4.220920262932266809e+01,5.372937194036031983e+00
4.222920834524150280e+01,5.641605639192035504e+00
4.224921406116033040e+01,5.912721398306418408e+00
4.226921977707916511e+01,5.803713365884956232e+00
4.228922549299799982e+01,5.738727949240473691e+00
4.230923120891683453e+01,5.809926692731854914e+00
4.232923692483566924e+01,6.019592970468654158e+00
4.234924264075450395e+01,5.523349570166749878e+00
4.236924835667333866e+01,5.833677937180947737e+00
4.238925407259217337e+01,5.142893686878178272e+00
4.240925978851100808e+01,5.701224659033313102e+00
4.242926550442983569e+01,5.896874106235957314e+00
4.244927122034867040e+01,5.775195233081445778e+00
4.246927693626750511e+01,5.282769307985294205e+00
4.248928265218633982e+01,6.286072974605279029e+00
4.250928836810517453e+01,4.876833260685149440e+00
4.252929408402400924e+01,5.268920527115096064e+00
4.254929979994284395e+01,6.078022940993800916e+00
4.256930551586167866e+01,5.572790877272375099e+00
4.258931123178051337e+01,5.543720868777680444e+00
4.260931694769934097e+01,6.366737467631894631e+00
4.262932266361817568e+01,5.427716005039378011e+00
4.264932837953701039e+01,5.805865698696356603e+00
4.266933409545584510e+01,5.703922975939204498e+00
4.268933981137467981e+01,5.238166833515450094e+00
4.270934552729351452e+01,5.922824547912718174e+00
4.272935124321234923e+01,6.516915691621863793e+00
4.274935695913118394e+01,5.466284160568100070e+00
4.276936267505001865e+01,6.209575120762277578e+00
4.278936839096885336e+01,4.951905471935059921e+00
4.280937410688768097e+01,6.049612432106181714e+00
4.282937982280651568e+01,5.687931431723292519e+00
4.284938553872535039e+01,5.496630318242898383e+00
4.286939125464418510e+01,5.586778180077001998e+00
4.288939697056301981e+01,5.675836360811914894e+00
4.290940268648185452e+01,5.987911513215667725e+00
4.292940840240068923e+01,5.880989513383211076e+00
4.294941411831952394e+01,6.152406778962703271e+00
4.296941983423835865e+01,5.404976061374844321e+00
4.298942555015718625e+01,5.786980815265749811e+00
4.300943126607602096e+01,5.625833251904747812e+00
4.302943698199485567e+01,6.559296793036590856e+00
4.304944269791369038e+01,5.599417375033045374e+00
4.306944841383252509e+01,6.294406224397658178e+00
4.308945412975135980e+01,5.167159630788340507e+00
4.310945984567019451e+01,5.185925835818743224e+00
4.312946556158902922e+01,5.972287969495303273e+00
4.314947127750786393e+01,5.862567722929154179e+00
4.316947699342669864e+01,5.911835427309932278e+00
4.318948270934552625e+01,5.565355872717979935e+00
4.320948842526436096e+01,5.705291646712905340e+00
4.322949414118319567e+01,5.730330186233206113e+00
4.324949985710203038e+01,5.401387341077314552e+00
4.326950557302086509e+01,5.148726664651949392e+00
4.328951128893969980e+01,5.551280385221888380e+00
4.330951700485853451e+01,6.127401393721687128e+00
4.332952272077736922e+01,5.735581862769564054e+00
4.334952843669620393e+01,6.095335806731405626e+00
4.336953415261503153e+01,6.221775146690568192e+00
4.338953986853386624e+01,6.174587905369467222e+00
4.340954558445270095e+01,6.160009283844459560e+00
4.342955130037153566e+01,5.963027724069572599e+00
4.344955701629037037e+01,6.184593613457080252e+00
4.346956273220920508e+01,5.881709717392054060e+00
4.348956844812803979e+01,6.041092076929739818e+00
4.350957416404687450e+01,5.681057278041034664e+00
4.352957987996570921e+01,6.239251106798008983e+00
4.354958559588453681e+01,6.257715627659373503e+00
4.356959131180337153e+01,6.249713150519072613e+00
4.358959702772220624e+01,5.966837653564593502e+00
4.360960274364104095e+01,6.132517268590016002e+00
4.362960845955987566e+01,6.244569396153842433e+00
4.364961417547871037e+01,5.920091203856077122e+00
4.366961989139754508e+01,6.326568626143809659e+00
4.368962560731637979e+01,6.837590698420660473e+00
4.370963132323521450e+01,6.865963893792866202e+00
4.372963703915404921e+01,6.516566138931171537e+00
4.374964275507287681e+01,6.473759713067662958e+00
4.376964847099171152e+01,6.219585306686811421e+00
4.378965418691054623e+01,6.127291727630884921e+00
4.380965990282938094e+01,5.912962178689895154e+00
4.382966561874821565e+01,6.138704613303795021e+00
4.384967133466705036e+01,6.830025151203391154e+00
4.386967705058588507e+01,5.860885133772989697e+00
4.388968276650471978e+01,6.590060120458272941e+00
4.390968848242355449e+01,5.961744266486375565e+00
4.392969419834238209e+01,6.754704231028649808e+00
4.394969991426121680e+01,6.218749122734070767e+00
4.396970563018005151e+01,5.986921734316263510e+00
4.398971134609888622e+01,6.214128549589537087e+00
4.400971706201772093e+01,5.887785725039428542e+00
4.402972277793655564e+01,6.120435505519765229e+00
4.404972849385539035e+01,5.515143869494871787e+00
4.406973420977422506e+01,6.745504815610209093e+00
4.408973992569305977e+01,5.829546094987165361e+00
4.410974564161189448e+01,6.459032200426642945e+00
4.412975135753072209e+01,6.391922527850132596e+00
4.414975707344955680e+01,6.541312027092669901e+00
4.416976278936839151e+01,5.503732749502362687e+00
4.418976850528722622e+01,5.938217952632371066e+00
4.420977422120606093e+01,6.042422078523562945e+00
4.422977993712489564e+01,6.005018584908402346e+00
4.424978565304373035e+01,5.989037532126150865e+00
4.426979136896256506e+01,5.708375734832069170e+00
4.428979708488139977e+01,5.673332664577230844e+00
4.430980280080022737e+01,5.560593552221585689e+00
4.432980851671906208e+01,5.886185509247178871e+00
4.434981423263789679e+01,5.297263165869640744e+00
4.436981994855673150e+01,6.207910404136159244e+00
4.438982566447556621e+01,5.233207632955909183e+00
4.440983138039440092e+01,5.387297733070163908e+00
4.442983709631323563e+01,5.670584742538604672e+00
4.444984281223207034e+01,6.404082794332930817e+00
4.446984852815090505e+01,5.778581992111665677e+00
4.448985424406973266e+01,6.269723499758498519e+00
4.450985995998856737e+01,6.392201759786055426e+00
4.452986567590740208e+01,5.042013413583334547e+00
4.454987139182623679e+01,5.339641777374128040e+00
4.456987710774507150e+01,6.130829888325767918e+00
4.458988282366390621e+01,5.353710469398629712e+00
4.460988853958274092e+01,5.705360790980664731e+00
4.462989425550157563e+01,5.781011995047888874e+00
4.464989997142041034e+01,5.608246258249471872e+00
4.466990568733924505e+01,5.518708862802165882e+00
4.468991140325807265e+01,5.694393687457235842e+00
4.470991711917690736e+01,6.094837937467158184e+00
4.472992283509574207e+01,5.582869370288316979e+00
4.474992855101457678e+01,6.222500145638323765e+00
4.476993426693341149e+01,5.757828659679905314e+00
4.478993998285224620e+01,5.484081718838175412e+00
4.480994569877108091e+01,6.165778890769665566e+00
4.482995141468991562e+01,5.730549376419320495e+00
4.484995713060875033e+01,5.296552500091097571e+00
4.486996284652757794e+01,5.654370185350455102e+00
4.488996856244641265e+01,5.559942663236732585e+00
4.490997427836524736e+01,6.112843356003089035e+00
4.492997999428408207e+01,5.535328551801780961e+00
4.494998571020291678e+01,6.433987672210269793e+00
4.496999142612175149e+01,5.350115546081942952e+00
4.498999714204058620e+01,5.548016570860012209e+00
4.501000285795942091e+01,6.208711379669014541e+00
4.503000857387825562e+01,5.156146880170889624e+00
4.505001428979709033e+01,6.133444550684876262e+00
4.507002000571591793e+01,5.627456404662772194e+00
4.509002572163475264e+01,5.899455914883223073e+00
4.511003143755358735e+01,5.489679710313742689e+00
4.513003715347242206e+01,6.393179066194687898e+00
4.515004286939125677e+01,6.136002778652931866e+00
4.517004858531009148e+01,5.596673044839524991e+00
4.519005430122892619e+01,5.524730988918753027e+00
4.521006001714776090e+01,6.096038818604180953e+00
4.523006573306659561e+01,5.759856342396610707e+00
4.525007144898542322e+01,5.297517333504091930e+00
4.527007716490425793e+01,6.055559617218010615e+00
4.529008288082309264e+01,5.680381572594328965e+00
4.531008859674192735e+01,6.701734036359299651e+00
4.533009431266076206e+01,6.367875380047545164e+00
4.535010002857959677e+01,6.620035079224914298e+00
4.537010574449843148e+01,5.720588652573713517e+00
4.539011146041726619e+01,6.218878355789472678e+00
4.541011717633610090e+01,6.608977251603670666e+00
4.543012289225492850e+01,6.018931527471238496e+00
4.545012860817376321e+01,6.666715569583836931e+00
4.547013432409259792e+01,5.958302953359382315e+00
4.549014004001143263e+01,6.361118505463709383e+00
4.551014575593026734e+01,5.609039749612667158e+00
4.553015147184910205e+01,6.366433433406035292e+00
4.555015718776793676e+01,6.869828670547637017e+00
4.557016290368677147e+01,7.162587240799527244e+00
4.559016861960560618e+01,6.512553828844287906e+00
4.561017433552444089e+01,6.921670757074679159e+00
4.563018005144326850e+01,7.362939082869417007e+00
4.565018576736210321e+01,6.943850658928388597e+00
4.567019148328093792e+01,6.904020843492130410e+00
4.569019719919977263e+01,8.141395571070937365e+00
4.571020291511860734e+01,6.853714102904793215e+00
4.573020863103744205e+01,7.565019274333271149e+00
4.575021434695627676e+01,7.886142279184477744e+00
4.577022006287511147e+01,7.491549437222822405e+00
4.579022577879394618e+01,8.932353189344524935e+00
4.581023149471277378e+01,7.674670481345936324e+00
4.583023721063160849e+01,7.924700620855917421e+00
4.585024292655044320e+01,8.084238052496658611e+00
4.587024864246927791e+01,8.928659807508530832e+00
4.589025435838811262e+01,8.738435457181703114e+00
4.591026007430694733e+01,8.514778534860305115e+00
4.593026579022578204e+01,8.725085331686408097e+00
4.595027150614461675e+01,8.269056168718314836e+00
4.597027722206345146e+01,8.568610813653794622e+00
4.599028293798228617e+01,8.596345346264619991e+00
4.601028865390111378e+01,7.952159679198464559e+00
4.603029436981994849e+01,8.460559086927244010e+00
4.605030008573878320e+01,8.118251336695252007e+00
4.607030580165761791e+01,8.843635855330120421e+00
4.609031151757645262e+01,8.362817499351649531e+00
4.611031723349528733e+01,8.646082056455853149e+00
4.613032294941412204e+01,7.787242575456525095e+00
4.615032866533295675e+01,7.600593299115182333e+00
4.617033438125179146e+01,8.462410938021628581e+00
4.619034009717061906e+01,8.270925358653963499e+00
4.621034581308945377e+01,8.191605619493383728e+00
4.623035152900828848e+01,9.019517371597741473e+00
4.625035724492712319e+01,7.670471644330588035e+00
4.627036296084595790e+01,8.049917708430337271e+00
4.629036867676479261e+01,8.259199656054692085e+00
4.631037439268362732e+01,9.148854167952396921e+00
4.633038010860246203e+01,8.408024665789131546e+00
4.635038582452129674e+01,8.161805388961553831e+00
4.637039154044012434e+01,9.020002674036449619e+00
4.639039725635895905e+01,8.700345647804478943e+00
4.641040297227779376e+01,7.695320739276458433e+00
4.643040868819662847e+01,7.627029516974660694e+00
4.645041440411546319e+01,7.703207246453525059e+00
4.647042012003429790e+01,7.731408001916717510e+00
4.649042583595313261e+01,8.091914806106483837e+00
4.651043155187196732e+01,7.345145772196294942e+00
4.653043726779080203e+01,7.108826189107508853e+00
4.655044298370963674e+01,7.914562910384944416e+00
4.657044869962846434e+01,6.677218825020862170e+00
4.659045441554729905e+01,6.828417524203834077e+00
4.661046013146613376e+01,7.317245797383756134e+00
4.663046584738496847e+01,7.401644878424955110e+00
4.665047156330380318e+01,6.826742416198846364e+00
4.667047727922263789e+01,7.003835133534693114e+00
4.669048299514147260e+01,6.966018166123467026e+00
4.671048871106030731e+01,6.856885234433026000e+00
4.673049442697914202e+01,7.108601792628348903e+00
4.675050014289796962e+01,7.634942853797011431e+00
4.677050585881680433e+01,7.915962425211775511e+00
4.679051157473563904e+01,7.166435499626484074e+00
4.681051729065447375e+01,7.384044205956081797e+00
4.683052300657330846e+01,6.344891232072942699e+00
4.685052872249214317e+01,7.354555857822970388e+00
4.687053443841097788e+01,7.034089485009806353e+00
4.689054015432981259e+01,6.180530679791104376e+00
4.691054587024864730e+01,6.113673717943276742e+00
4.693055158616748201e+01,6.733835512844773774e+00
4.695055730208630962e+01,6.668380560156672132e+00
4.697056301800514433e+01,5.949919763369120318e+00
4.699056873392397904e+01,5.888531010191309534e+00
4.701057444984281375e+01,7.302248520836035262e+00
4.703058016576164846e+01,5.533798566634759553e+00
4.705058588168048317e+01,6.442496317463652034e+00
4.707059159759931788e+01,6.429273485928446163e+00
4.709059731351815259e+01,6.055299562892161092e+00
4.711060302943698730e+01,6.182270781857160280e+00
4.713060874535581490e+01,6.391628332341734442e+00
4.715061446127464961e+01,5.486777239970900055e+00
4.717062017719348432e+01,6.721422620604237785e+00
4.719062589311231903e+01,6.918721645369330986e+00
4.721063160903115374e+01,5.579838477105182548e+00
4.723063732494998845e+01,6.066564839174565904e+00
4.725064304086882316e+01,5.932476251100338160e+00
4.727064875678765787e+01,5.974315477405008679e+00
4.729065447270649258e+01,6.260295888567410039e+00
4.731066018862532019e+01,5.556134351124859094e+00
4.733066590454415490e+01,6.225059550600366975e+00
4.735067162046298961e+01,5.521930951731656378e+00
4.737067733638182432e+01,5.817623168300056768e+00
4.739068305230065903e+01,5.960242097274075057e+00
4.741068876821949374e+01,6.088678431069903141e+00
4.743069448413832845e+01,5.329568257425140843e+00
4.745070020005716316e+01,5.707272381691621987e+00
4.747070591597599787e+01,5.982554386534030044e+00
4.749071163189483258e+01,5.717016490366170878e+00
4.751071734781366018e+01,5.490004515699953735e+00
4.753072306373249489e+01,6.602031101409609803e+00
4.755072877965132960e+01,6.348504972826733095e+00
4.757073449557016431e+01,5.812394835359919298e+00
4.759074021148899902e+01,5.909556734037574088e+00
4.761074592740783373e+01,6.398499496467697334e+00
4.763075164332666844e+01,5.777596838024360082e+00
4.765075735924550315e+01,6.731817674347581715e+00
4.767076307516433786e+01,6.525270606213840807e+00
4.769076879108316547e+01,6.368840097311990966e+00
4.771077450700200018e+01,6.464054422363107122e+00
4.773078022292083489e+01,5.944956406753458822e+00
4.775078593883966960e+01,6.111580492703952316e+00
4.777079165475850431e+01,6.514887444633430391e+00
4.779079737067733902e+01,6.384364900960778577e+00
4.781080308659617373e+01,6.335593381391928958e+00
4.783080880251500844e+01,6.023460809870242016e+00
4.785081451843384315e+01,6.999232867330489327e+00
4.787082023435267075e+01,6.062089763106511597e+00
4.789082595027150546e+01,6.589195906910385148e+00
4.791083166619034017e+01,7.259885829503369692e+00
4.793083738210917488e+01,6.289108120790267265e+00
4.795084309802800959e+01,7.643984793059118488e+00
4.797084881394684430e+01,7.103203232202595530e+00
4.799085452986567901e+01,7.300171366051152688e+00
4.801086024578451372e+01,7.226366228289546001e+00
4.803086596170334843e+01,8.162573373026626555e+00
4.805087167762218314e+01,8.066302572433238893e+00
4.807087739354101075e+01,7.787525126929526031e+00
4.809088310945984546e+01,7.224611357082912022e+00
4.811088882537868017e+01,8.095714116430364982e+00
4.813089454129751488e+01,6.823206519114987323e+00
4.815090025721634959e+01,7.240449036748946909e+00
4.817090597313518430e+01,8.087320663002534715e+00
4.819091168905401901e+01,6.668155719785245239e+00
4.821091740497285372e+01,7.507199465455377307e+00
4.823092312089168843e+01,7.199618613599675143e+00
4.825092883681051603e+01,7.148649689508202343e+00
4.827093455272935074e+01,7.045849906178139221e+00
4.829094026864818545e+01,6.679232788052038572e+00
4.831094598456702016e+01,6.705977756411408919e+00
4.833095170048585487e+01,7.008222012302065096e+00
4.835095741640468958e+01,6.646049871941643872e+00
4.837096313232352429e+01,5.857726147155016605e+00
4.839096884824235900e+01,6.627049111102516932e+00
4.841097456416119371e+01,6.050849758960941571e+00
4.843098028008002842e+01,6.408846743001367585e+00
4.845098599599885603e+01,6.299905891227796317e+00
4.847099171191769074e+01,6.247578342601897816e+00
4.849099742783652545e+01,5.939253018391926986e+00
4.851100314375536016e+01,6.183874994364121136e+00
4.853100885967419487e+01,6.058842261644864280e+00
4.855101457559302958e+01,6.201557718491599758e+00
4.857102029151186429e+01,6.030841311589121290e+00
4.859102600743069900e+01,6.005321907179164143e+00
4.861103172334953371e+01,6.196325292033820098e+00
4.863103743926836131e+01,5.930616760751287408e+00
4.865104315518719602e+01,5.805957504766715793e+00
4.867104887110603073e+01,6.091389436872679752e+00
4.869105458702486544e+01,6.429667693964528752e+00
4.871106030294370015e+01,5.544487070711456411e+00
4.873106601886253486e+01,6.210933253478096994e+00
4.875107173478136957e+01,6.054046146343489809e+00
4.877107745070020428e+01,5.450228099767993939e+00
4.879108316661903899e+01,5.886268192353730555e+00
4.881108888253786660e+01,6.558125138543037913e+00
4.883109459845670131e+01,6.506068568338827518e+00
4.885110031437553602e+01,5.623356332278087066e+00
4.887110603029437073e+01,5.976477046812370908e+00
4.889111174621320544e+01,6.597270640178948042e+00
4.891111746213204015e+01,6.563846189982349699e+00
4.893112317805087486e+01,5.957481785413905939e+00
4.895112889396970957e+01,5.144758882324750537e+00
4.897113460988854428e+01,5.965747190914413522e+00
4.899114032580737899e+01,5.408555919712982885e+00
4.901114604172620659e+01,5.897404301595999598e+00
4.903115175764504130e+01,5.499989143818291737e+00
4.905115747356387601e+01,5.208820600393579525e+00
4.907116318948271072e+01,5.801064955491376907e+00
4.909116890540154543e+01,5.858690465386375834e+00
4.911117462132038014e+01,5.804401427615827558e+00
4.913118033723921485e+01,5.675913041407092408e+00
4.915118605315804956e+01,6.306495996655419489e+00
4.917119176907688427e+01,5.745657091306921593e+00
4.919119748499571187e+01,6.518589188434791737e+00
4.921120320091454658e+01,5.707442726465600913e+00
4.923120891683338129e+01,6.596356112935527705e+00
4.925121463275221600e+01,6.682246750147651682e+00
4.927122034867105071e+01,6.934900484348988314e+00
4.929122606458988542e+01,6.038814032768099693e+00
4.931123178050872014e+01,5.660617711199787294e+00
4.933123749642755485e+01,6.641968434463707105e+00
4.935124321234638956e+01,5.964624986849059951e+00
4.937124892826522427e+01,6.098406415282887849e+00
4.939125464418405187e+01,6.654968326187398198e+00
4.941126036010288658e+01,5.917962381453342857e+00
4.943126607602172129e+01,5.611103326471115871e+00
4.945127179194055600e+01,6.998323018328128420e+00
4.947127750785939071e+01,6.055924578027669369e+00
4.949128322377822542e+01,6.197525073686294128e+00
4.951128893969706013e+01,6.494568098755410190e+00
4.953129465561589484e+01,6.193478214622196276e+00
4.955130037153472955e+01,6.653278317604734760e+00
4.957130608745355715e+01,6.314722052110997019e+00
4.959131180337239186e+01,6.605013912843131330e+00
4.961131751929122657e+01,6.479277136133696935e+00
4.963132323521006128e+01,6.645607929039762496e+00
4.965132895112889599e+01,6.640424463656286136e+00
4.967133466704773070e+01,6.610220435551436680e+00
4.969134038296656541e+01,6.792009081785279179e+00
4.971134609888540012e+01,6.446160434168737297e+00
4.973135181480423483e+01,6.593560376079699026e+00
4.975135753072306244e+01,7.040392022952111972e+00
4.977136324664189715e+01,6.932659983412555960e+00
4.979136896256073186e+01,7.236179004417722105e+00
4.981137467847956657e+01,6.622291255592454462e+00
4.983138039439840128e+01,7.419549792016345791e+00
4.985138611031723599e+01,7.775561198459996604e+00
4.987139182623607070e+01,7.004642764042902314e+00
4.989139754215490541e+01,7.401187814670532106e+00
4.991140325807374012e+01,7.829535559178772530e+00
4.993140897399257483e+01,8.421477719934086892e+00
4.995141468991140243e+01,8.651670857711321716e+00
4.997142040583023714e+01,8.490737178091176673e+00
4.999142612174907185e+01,8.819142748649781538e+00
5.001143183766790656e+01,9.368234514462123741e+00
5.003143755358674127e+01,9.902769571074363952e+00
5.005144326950557598e+01,1.039230169775368040e+01
5.007144898542441069e+01,1.111331622305285549e+01
5.009145470134324540e+01,1.084784021608781046e+01
5.011146041726208011e+01,1.189378149092367565e+01
5.013146613318090772e+01,1.203220947713728251e+01
5.015147184909974243e+01,1.257631826651426898e+01
5.017147756501857714e+01,1.343070541940226192e+01
5.019148328093741185e+01,1.366554114347117022e+01
5.021148899685624656e+01,1.473326837412820645e+01
5.023149471277508127e+01,1.589033409511973005e+01
5.025150042869391598e+01,1.567485819264360281e+01
5.027150614461275069e+01,1.676825165271084828e+01
5.029151186053158540e+01,1.764826571898552743e+01
5.031151757645042011e+01,1.807918390946214870e+01
5.033152329236924771e+01,1.874827402480251237e+01
5.035152900828808242e+01,1.927424712476596369e+01
5.037153472420691713e+01,2.028641124754873459e+01
5.039154044012575184e+01,1.963778481468173709e+01
5.041154615604458655e+01,2.052959596520842211e+01
5.043155187196342126e+01,2.119381297471212378e+01
5.045155758788225597e+01,2.133477897402177348e+01
5.047156330380109068e+01,2.173703254624209080e+01
5.049156901971992539e+01,2.160349053823951238e+01
5.051157473563875300e+01,2.120446333913940862e+01
5.053158045155758771e+01,2.040242470845770129e+01
5.055158616747642242e+01,2.010329213567986528e+01
5.057159188339525713e+01,1.968693130073177144e+01
5.059159759931409184e+01,1.782845926532354497e+01
5.061160331523292655e+01,1.741214511621160455e+01
5.063160903115176126e+01,1.610111842774651336e+01
5.065161474707059597e+01,1.481694997691468885e+01
5.067162046298943068e+01,1.459404301144295779e+01
5.069162617890825828e+01,1.326096595928746780e+01
5.071163189482709299e+01,1.262293150880107362e+01
5.073163761074592770e+01,1.126274834511015221e+01
5.075164332666476241e+01,1.109513879703819228e+01
5.077164904258359712e+01,1.001899829121083130e+01
5.079165475850243183e+01,1.013528015291855411e+01
5.081166047442126654e+01,9.711001640117352451e+00
5.083166619034010125e+01,8.874984431646200989e+00
5.085167190625893596e+01,8.211097462883596876e+00
5.087167762217777067e+01,8.494756141468096544e+00
5.089168333809659828e+01,8.435194354228862323e+00
5.091168905401543299e+01,7.266719478384588093e+00
5.093169476993426770e+01,7.832619894945722194e+00
5.095170048585310241e+01,8.084810246078118823e+00
5.097170620177193712e+01,6.828294503637327040e+00
5.099171191769077183e+01,6.775616583691116190e+00
5.101171763360960654e+01,7.532591933567659659e+00
5.103172334952844125e+01,7.668470046687086317e+00
5.105172906544727596e+01,7.447920063462207807e+00
5.107173478136610356e+01,6.450846195858539467e+00
5.109174049728493827e+01,6.756778829393036645e+00
5.111174621320377298e+01,7.022943700851401516e+00
5.113175192912260769e+01,7.556528928514374854e+00
5.115175764504144240e+01,6.546919859610710546e+00
5.117176336096027711e+01,6.663898729213036276e+00
5.119176907687911182e+01,6.844402306221305743e+00
5.121177479279794653e+01,6.673116626645660077e+00
5.123178050871678124e+01,6.349841539366146037e+00
5.125178622463561595e+01,6.106702308403214374e+00
5.127179194055444356e+01,7.106372058221803734e+00
5.129179765647327827e+01,7.210447292577242706e+00
5.131180337239211298e+01,7.219336332753099050e+00
5.133180908831094769e+01,7.645650252183783024e+00
5.135181480422978240e+01,7.188713389806943965e+00
5.137182052014861711e+01,7.421206140865057144e+00
5.139182623606745182e+01,6.812539691212592174e+00
5.141183195198628653e+01,6.543484822160630543e+00
5.143183766790512124e+01,6.363955485072521512e+00
5.145184338382394884e+01,6.511878754391172919e+00
5.147184909974278355e+01,6.823913457668206561e+00
5.149185481566161826e+01,6.602138541909250868e+00
5.151186053158045297e+01,6.512040816682921118e+00
5.153186624749928768e+01,6.980208100407891081e+00
5.155187196341812239e+01,6.916256929925324926e+00
5.157187767933695710e+01,7.087643187329424777e+00
5.159188339525579181e+01,6.185678107014572547e+00
5.161188911117462652e+01,6.945903223113790048e+00
5.163189482709345413e+01,6.586751826623188144e+00
5.165190054301228884e+01,6.956190288564501500e+00
5.167190625893112355e+01,7.269732385349094272e+00
5.169191197484995826e+01,6.767526690903047815e+00
5.171191769076879297e+01,7.018808670313307019e+00
5.173192340668762768e+01,6.788086070732141764e+00
5.175192912260646239e+01,7.345588609491649379e+00
5.177193483852529710e+01,7.607998268527516927e+00
5.179194055444413181e+01,7.121662040796953974e+00
5.181194627036296652e+01,6.566021205132729577e+00
5.183195198628179412e+01,7.449207740769999475e+00
5.185195770220062883e+01,7.516108984437304130e+00
5.187196341811946354e+01,7.516557392722928554e+00
5.189196913403829825e+01,8.104500271971639691e+00
5.191197484995713296e+01,7.040826519131025307e+00
5.193198056587596767e+01,7.442817801746226536e+00
5.195198628179480238e+01,8.112994957186664635e+00
5.197199199771363709e+01,7.641481340016729185e+00
5.199199771363247180e+01,7.742804439083384338e+00
5.201200342955129940e+01,8.062210029822233892e+00
5.203200914547013411e+01,8.840539749273162329e+00
5.205201486138896882e+01,8.504111982680500503e+00
5.207202057730780353e+01,7.999846345483433652e+00
5.209202629322663824e+01,8.630876432578448387e+00
5.211203200914547295e+01,8.593349615653767870e+00
5.213203772506430766e+01,9.025227582494315115e+00
5.215204344098314237e+01,9.638632500705476502e+00
5.217204915690197708e+01,1.037580282070978477e+01
5.219205487282081180e+01,1.072977734446851983e+01
5.221206058873963940e+01,1.124691058461729654e+01
5.223206630465847411e+01,1.185189413660124202e+01
5.225207202057730882e+01,1.160742947127334368e+01
5.227207773649614353e+01,1.194955430305348187e+01
5.229208345241497824e+01,1.282776420150447194e+01
5.231208916833381295e+01,1.424220091577439717e+01
5.233209488425264766e+01,1.445450584806629379e+01
5.235210060017148237e+01,1.608401060136029770e+01
5.237210631609031708e+01,1.712425062508613749e+01
5.239211203200914468e+01,1.893881411246112378e+01
5.241211774792797939e+01,2.007245807307323560e+01
5.243212346384681410e+01,2.164546018319572340e+01
5.245212917976564881e+01,2.393842801968084899e+01
5.247213489568448352e+01,2.609784993829577360e+01
5.249214061160331823e+01,2.762223835085401902e+01
5.251214632752215294e+01,3.021788641785007101e+01
5.253215204344098765e+01,3.287031986925266125e+01
5.255215775935982236e+01,3.573998133988052928e+01
5.257216347527864997e+01,3.898686843049063100e+01
5.259216919119748468e+01,4.177281363121851143e+01
5.261217490711631939e+01,4.411659099134926976e+01
5.263218062303515410e+01,4.748836909382735172e+01
5.265218633895398881e+01,4.933982820540789760e+01
5.267219205487282352e+01,5.251998520652530544e+01
5.269219777079165823e+01,5.421084508983717853e+01
5.271220348671049294e+01,5.621852982288082501e+01
5.273220920262932765e+01,5.689602763905553218e+01
5.275221491854816236e+01,5.695801897742065023e+01
5.277222063446698996e+01,5.718307679164958301e+01
5.279222635038582467e+01,5.617335770944151818e+01
5.281223206630465938e+01,5.381830723850211484e+01
5.283223778222349409e+01,5.188192301773054282e+01
5.285224349814232880e+01,4.972633274767414946e+01
5.287224921406116351e+01,4.668011785406736180e+01
5.289225492997999822e+01,4.276184190941715002e+01
5.291226064589883293e+01,3.944289819102969830e+01
5.293226636181766764e+01,3.574496148231591519e+01
5.295227207773649525e+01,3.266367142768906717e+01
5.297227779365532996e+01,2.974359494308970042e+01
5.299228350957416467e+01,2.663859190551583822e+01
5.301228922549299938e+01,2.431516066434516432e+01
5.303229494141183409e+01,2.177401326815814997e+01
5.305230065733066880e+01,1.974218464983780308e+01
5.307230637324950351e+01,1.717983221550596085e+01
5.309231208916833822e+01,1.668115874748638561e+01
5.311231780508717293e+01,1.478118768911495984e+01
5.313232352100600764e+01,1.414302012643189954e+01
5.315232923692483524e+01,1.348191347590813294e+01
5.317233495284366995e+01,1.210441286236497049e+01
5.319234066876250466e+01,1.141343962316214089e+01
5.321234638468133937e+01,1.110227554523734739e+01
5.323235210060017408e+01,1.037869127406993819e+01
5.325235781651900879e+01,1.037061076198755671e+01
5.327236353243784350e+01,9.766720469359784218e+00
5.329236924835667821e+01,9.972405300832377861e+00
5.331237496427551292e+01,1.000050104878170920e+01
5.333238068019434053e+01,8.104102896458389438e+00
5.335238639611317524e+01,8.130630601700326920e+00
5.337239211203200995e+01,9.178168746671174105e+00
5.339239782795084466e+01,7.793050451480584506e+00
5.341240354386967937e+01,8.223099791115243917e+00
5.343240925978851408e+01,7.709613326055979599e+00
5.345241497570734879e+01,7.895688076894239238e+00
5.347242069162618350e+01,8.344098548971917495e+00
5.349242640754501821e+01,7.507601544043698283e+00
5.351243212346384581e+01,7.919692452977735719e+00
5.353243783938268052e+01,7.979325993746628320e+00
5.355244355530151523e+01,7.873896837237761126e+00
5.357244927122034994e+01,8.312378301703690298e+00
5.359245498713918465e+01,7.376717711410307743e+00
5.361246070305801936e+01,8.038981584434836236e+00
5.363246641897685407e+01,7.785383395187357891e+00
5.365247213489568878e+01,8.003008774082978505e+00
5.367247785081452349e+01,8.052671697301159170e+00
5.369248356673335820e+01,8.140429959277796002e+00
5.371248928265218581e+01,7.643798398860175425e+00
5.373249499857102052e+01,7.376412634750836084e+00
5.375250071448985523e+01,7.573263177974791205e+00
5.377250643040868994e+01,7.535036904213853859e+00
5.379251214632752465e+01,7.625406328927572197e+00
5.381251786224635936e+01,8.148778670414515091e+00
5.383252357816519407e+01,7.199856581043183823e+00
5.385252929408402878e+01,7.823693623917939099e+00
5.387253501000286349e+01,7.821734058835252412e+00
5.389254072592169109e+01,7.592460320269646346e+00
5.391254644184052580e+01,7.707166283840502174e+00
5.393255215775936051e+01,7.305248298016379316e+00
5.395255787367819522e+01,8.104815731847933691e+00
5.397256358959702993e+01,6.755094516182020392e+00
5.399256930551586464e+01,6.997392968714407857e+00
5.401257502143469935e+01,7.144636964738209528e+00
5.403258073735353406e+01,7.130508116150773290e+00
5.405258645327236877e+01,6.472029260307813558e+00
5.407259216919120348e+01,6.529870474805013814e+00
5.409259788511003109e+01,6.844996325780160262e+00
5.411260360102886580e+01,6.710484410048382919e+00
5.413260931694770051e+01,6.556555275424233109e+00
5.415261503286653522e+01,6.520778364444240083e+00
5.417262074878536993e+01,6.490844854631474092e+00
5.419262646470420464e+01,7.241527273799553299e+00
5.421263218062303935e+01,6.308885888944857356e+00
5.423263789654187406e+01,6.446038953013734307e+00
5.425264361246070877e+01,6.065689896743445608e+00
5.427264932837953637e+01,6.188771286424000095e+00
5.429265504429837108e+01,5.903599477985893351e+00
5.431266076021720579e+01,6.667488071042057207e+00
5.433266647613604050e+01,6.141220484307529759e+00
5.435267219205487521e+01,6.726978844165174110e+00
5.437267790797370992e+01,6.000882020679522810e+00
5.439268362389254463e+01,6.212916180437080271e+00
5.441268933981137934e+01,6.198684468396807645e+00
5.443269505573021405e+01,6.864752685399185594e+00
5.445270077164904166e+01,7.156187715623900658e+00
5.447270648756787637e+01,6.212702725825614891e+00
5.449271220348671108e+01,6.508680808070124613e+00
5.451271791940554579e+01,6.687023994576195562e+00
5.453272363532438050e+01,7.142675355342390731e+00
5.455272935124321521e+01,7.239745094018180005e+00
5.457273506716204992e+01,6.600777574909791667e+00
5.459274078308088463e+01,6.583838250660041247e+00
5.461274649899971934e+01,6.842541834596250538e+00
5.463275221491855405e+01,7.011457850559021487e+00
5.465275793083738165e+01,6.497313484334984679e+00
5.467276364675621636e+01,7.152654027364699907e+00
5.469276936267505107e+01,6.634353251021270381e+00
5.471277507859388578e+01,7.005282647019569708e+00
5.473278079451272049e+01,7.282347338704491690e+00
5.475278651043155520e+01,6.821170401555266771e+00
5.477279222635038991e+01,7.807758613662320712e+00
5.479279794226922462e+01,7.340703437994200442e+00
5.481280365818805933e+01,8.000003141677638041e+00
5.483280937410688693e+01,6.960160737130378195e+00
5.485281509002572164e+01,7.415233977541017651e+00
5.487282080594455635e+01,7.805634711388059088e+00
5.489282652186339106e+01,7.702060323372942996e+00
5.491283223778222577e+01,8.256804651984108290e+00
5.493283795370106048e+01,7.553065313496381883e+00
5.495284366961989519e+01,7.241867247637975069e+00
5.497284938553872990e+01,7.638254539285638245e+00
5.499285510145756461e+01,8.448222014008592851e+00
5.501286081737639222e+01,7.374861790659178240e+00
5.503286653329522693e+01,7.573262669148122406e+00
5.505287224921406164e+01,8.158802676567734835e+00
5.507287796513289635e+01,7.911777180174487611e+00
5.509288368105173106e+01,7.917520217551043515e+00
5.511288939697056577e+01,7.240320503604179336e+00
5.513289511288940048e+01,7.509217539145088161e+00
5.515290082880823519e+01,7.570765762763441487e+00
5.517290654472706990e+01,7.741882410309857576e+00
5.519291226064590461e+01,7.559029605021234666e+00
5.521291797656473221e+01,6.930935277362031854e+00
5.523292369248356692e+01,7.044857057415470081e+00
5.525292940840240163e+01,7.493969709040744220e+00
5.527293512432123634e+01,7.263131107496620942e+00
5.529294084024007105e+01,8.255741810574956929e+00
5.531294655615890576e+01,7.435268240166671205e+00
5.533295227207774047e+01,8.118534662688047021e+00
5.535295798799657518e+01,7.702453183054443819e+00
5.537296370391540989e+01,7.952405296585487449e+00
5.539296941983423750e+01,7.208252215261374829e+00
5.541297513575307221e+01,7.046573657532210433e+00
5.543298085167190692e+01,7.613092934323465677e+00
5.545298656759074163e+01,7.606416907640801028e+00
5.547299228350957634e+01,7.062969033845087452e+00
5.549299799942841105e+01,7.838937486217819384e+00
5.551300371534724576e+01,6.979652122329316200e+00
5.553300943126608047e+01,7.022299368946253395e+00
5.555301514718491518e+01,7.606271876391938136e+00
5.557302086310374989e+01,6.587650098242107788e+00
5.559302657902257749e+01,6.785695269035818100e+00
5.561303229494141220e+01,6.023587468493848185e+00
5.563303801086024691e+01,6.591500236374926658e+00
5.565304372677908162e+01,6.292088449832740515e+00
5.567304944269791633e+01,6.831766973955913258e+00
5.569305515861675104e+01,7.134388071494790040e+00
5.571306087453558575e+01,6.711510632874150062e+00
5.573306659045442046e+01,7.071538845871472745e+00
5.575307230637325517e+01,6.670966587387223257e+00
5.577307802229208278e+01,6.301670965722569129e+00
5.579308373821091749e+01,6.150237737891207424e+00
5.581308945412975220e+01,6.374675157501638267e+00
5.583309517004858691e+01,6.192180098739554772e+00
5.585310088596742162e+01,6.132549195446751256e+00
5.587310660188625633e+01,5.533438571913123383e+00
5.589311231780509104e+01,6.217833322358671921e+00
5.591311803372392575e+01,6.459881415513856417e+00
5.593312374964276046e+01,6.166480747616697400e+00
5.595312946556158806e+01,6.211212005139298498e+00
5.597313518148042277e+01,6.766567314183147275e+00
5.599314089739925748e+01,5.663360393705429985e+00
5.601314661331809219e+01,6.441819350260367116e+00
5.603315232923692690e+01,6.358701273939130871e+00
5.605315804515576161e+01,6.240431210957339658e+00
5.607316376107459632e+01,6.155264589532341901e+00
5.609316947699343103e+01,6.037398060169653746e+00
5.611317519291226574e+01,6.437915679312315120e+00
5.613318090883110045e+01,5.557258196837407738e+00
5.615318662474992806e+01,5.488735160077839126e+00
5.617319234066876277e+01,5.739655819483371779e+00
5.619319805658759748e+01,5.722416201038651451e+00
5.621320377250643219e+01,6.865983465481447112e+00
5.623320948842526690e+01,6.085254855124319739e+00
5.625321520434410161e+01,6.486207064129521527e+00
5.627322092026293632e+01,6.465423107305954709e+00
5.629322663618177103e+01,5.841448475444529720e+00
5.631323235210060574e+01,5.703772102248612974e+00
5.633323806801943334e+01,6.552737741948528871e+00
5.635324378393826805e+01,5.835670471719375030e+00
5.637324949985710276e+01,6.267019986044513047e+00
5.639325521577593747e+01,6.168225485709038836e+00
5.641326093169477218e+01,6.269633672098374966e+00
5.643326664761360689e+01,5.863678206811799853e+00
5.645327236353244160e+01,5.982079552861536698e+00
5.647327807945127631e+01,6.053567586529321254e+00
5.649328379537011102e+01,6.451135151307180848e+00
5.651328951128894573e+01,6.123970099678578194e+00
5.653329522720777334e+01,5.613903524852352334e+00
5.655330094312660805e+01,6.441700066254008483e+00
5.657330665904544276e+01,6.205912733715431173e+00
5.659331237496427747e+01,5.940322085144416064e+00
5.661331809088311218e+01,5.704264098355294799e+00
5.663332380680194689e+01,5.776497823046641500e+00
5.665332952272078160e+01,5.131031729359135873e+00
5.667333523863961631e+01,5.554694588192612414e+00
5.669334095455845102e+01,6.197939989681504613e+00
5.671334667047727862e+01,5.776796982759009325e+00
5.673335238639611333e+01,6.101439369124301848e+00
5.675335810231494804e+01,6.069830104136802795e+00
5.677336381823378275e+01,6.315135886735205872e+00
5.679336953415261746e+01,5.469657632739386877e+00
5.681337525007145217e+01,5.766497928707181586e+00
5.683338096599028688e+01,6.147124248435528848e+00
5.685338668190912159e+01,6.158805928394875728e+00
5.687339239782795630e+01,5.899482592809505377e+00
5.689339811374678391e+01,5.719920901684481862e+00
5.691340382966561862e+01,6.292959158306292267e+00
5.693340954558445333e+01,5.849113608707490641e+00
5.695341526150328804e+01,6.443975184082602503e+00
5.697342097742212275e+01,6.205398192769498777e+00
5.699342669334095746e+01,6.596990455689087263e+00
5.701343240925979217e+01,6.152851069533349815e+00
5.703343812517862688e+01,6.106234862664285501e+00
5.705344384109746159e+01,6.207068946000195098e+00
5.707344955701629630e+01,5.807483251154700099e+00
5.709345527293512390e+01,6.179106138332608467e+00
5.711346098885395861e+01,6.628954161993863003e+00
5.713346670477279332e+01,6.641734534989039318e+00
5.715347242069162803e+01,6.056023666408314021e+00
5.717347813661046274e+01,7.217810160365934813e+00
5.719348385252929745e+01,6.606696504344133025e+00
5.721348956844813216e+01,6.426543269354041854e+00
5.723349528436696687e+01,7.205026644604779484e+00
5.725350100028580158e+01,6.795723626132149420e+00
5.727350671620462919e+01,7.953724369319492560e+00
5.729351243212346390e+01,7.848461520737807007e+00
5.731351814804229861e+01,8.431343522870950125e+00
5.733352386396113332e+01,8.503803244171997733e+00
5.735352957987996803e+01,8.427108591539774096e+00
5.737353529579880274e+01,9.431036267123372951e+00
5.739354101171763745e+01,9.757062899293757141e+00
5.741354672763647216e+01,1.052895097808818292e+01
5.743355244355530687e+01,1.099946602321039890e+01
5.745355815947414158e+01,1.212617027914746615e+01
5.747356387539296918e+01,1.195170229623207447e+01
5.749356959131180389e+01,1.223133772105154904e+01
5.751357530723063860e+01,1.290584414939831603e+01
5.753358102314947331e+01,1.356464953308408994e+01
5.755358673906830802e+01,1.334022080885477024e+01
5.757359245498714273e+01,1.359621487078865343e+01
5.759359817090597744e+01,1.420318175226718083e+01
5.761360388682481215e+01,1.393876026627195763e+01
5.763360960274364686e+01,1.353819306731612038e+01
5.765361531866247446e+01,1.341038680654567727e+01
5.767362103458130917e+01,1.324007689141317812e+01
5.769362675050014388e+01,1.344796117226961840e+01
5.771363246641897859e+01,1.264489833327029089e+01
5.773363818233781330e+01,1.195674480710589904e+01
5.775364389825664801e+01,1.206700154726840957e+01
5.777364961417548272e+01,1.171902291406618346e+01
5.779365533009431743e+01,1.232615853276919538e+01
5.781366104601315214e+01,1.187379028797726299e+01
5.783366676193197975e+01,1.175133515559012487e+01
5.785367247785081446e+01,1.201553557009090056e+01
5.787367819376964917e+01,1.071188244231997189e+01
5.789368390968848388e+01,1.084329013364519234e+01
5.791368962560731859e+01,1.023011853875259192e+01
5.793369534152615330e+01,9.895329950255405294e+00
5.795370105744498801e+01,9.703456898872390823e+00
5.797370677336382272e+01,1.025059711085808267e+01
5.799371248928265743e+01,9.662349374673119939e+00
5.801371820520149214e+01,8.770925110062266938e+00
5.803372392112031974e+01,9.383060696262910838e+00
5.805372963703915445e+01,8.418978802686805096e+00
5.807373535295798916e+01,8.414850441422053962e+00
5.809374106887682387e+01,8.358195394162907021e+00
5.811374678479565858e+01,8.731246912229575941e+00
5.813375250071449329e+01,8.025817428717379798e+00
5.815375821663332800e+01,8.069374253159679711e+00
5.817376393255216271e+01,8.276107402446585937e+00
5.819376964847099742e+01,8.181201338671055368e+00
5.821377536438982503e+01,7.108635187994410742e+00
5.823378108030865974e+01,7.108450216742163263e+00
5.825378679622749445e+01,7.281749928905158598e+00
5.827379251214632916e+01,7.203685109705846301e+00
5.829379822806516387e+01,7.049792012494689786e+00
5.831380394398399858e+01,6.233975307889298989e+00
5.833380965990283329e+01,6.227605259759798173e+00
5.835381537582166800e+01,7.333944336248826801e+00
5.837382109174050271e+01,7.106201543719008917e+00
5.839382680765933742e+01,6.339969235334681485e+00
5.841383252357816502e+01,6.830915961474497422e+00
5.843383823949699973e+01,6.507438715768698145e+00
5.845384395541583444e+01,6.979911235982189766e+00
5.847384967133466915e+01,6.415504152196126242e+00
5.849385538725350386e+01,6.414128444910639715e+00
5.851386110317233857e+01,6.923626179489780874e+00
5.853386681909117328e+01,6.691440643183218739e+00
5.855387253501000799e+01,6.960856164566060045e+00
5.857387825092884270e+01,7.182344772451926040e+00
5.859388396684767031e+01,7.022640339228033213e+00
5.861388968276650502e+01,7.512968164242881386e+00
5.863389539868533973e+01,6.520711596794354747e+00
5.865390111460417444e+01,7.071906550189725138e+00
5.867390683052300915e+01,7.204541554759429367e+00
5.869391254644184386e+01,6.292668252500126513e+00
5.871391826236067857e+01,7.404375414501091157e+00
5.873392397827951328e+01,6.830670732021840053e+00
5.875392969419834799e+01,7.415919592545193950e+00
5.877393541011717559e+01,6.415836320609088261e+00
5.879394112603601030e+01,6.824513174330463450e+00
5.881394684195484501e+01,7.170628915942957704e+00
5.883395255787367972e+01,6.141437521786081710e+00
5.885395827379251443e+01,7.090487310820389411e+00
5.887396398971134914e+01,6.386550168756853552e+00
5.889396970563018385e+01,5.814657869270597246e+00
5.891397542154901856e+01,6.737457585899496948e+00
5.893398113746785327e+01,6.481643010852001119e+00
5.895398685338668798e+01,5.625744266856613329e+00
5.897399256930551559e+01,6.928000352653078231e+00
5.899399828522435030e+01,6.381944623672204386e+00
5.901400400114318501e+01,6.682030257940832385e+00
5.903400971706201972e+01,6.845731179500084806e+00
5.905401543298085443e+01,5.925107774844423858e+00
5.907402114889968914e+01,6.703461469006287032e+00
5.909402686481852385e+01,6.684384214539756286e+00
5.911403258073735856e+01,5.839281748396082605e+00
5.913403829665619327e+01,6.550478643399301859e+00
5.915404401257502087e+01,6.084648706590217060e+00
5.917404972849385558e+01,6.129686832132339447e+00
5.919405544441269029e+01,5.817300888079878440e+00
5.921406116033152500e+01,6.858915454665446276e+00
5.923406687625035971e+01,6.840015743059416842e+00
5.925407259216919442e+01,6.249965392590725699e+00
5.927407830808802913e+01,6.381315716428760609e+00
5.929408402400686384e+01,5.964566073076092323e+00
5.931408973992569855e+01,6.242086109413230055e+00
5.933409545584453326e+01,7.182189043701137976e+00
5.935410117176336087e+01,6.447199026155916002e+00
5.937410688768219558e+01,6.037586225190564093e+00
5.939411260360103029e+01,5.821858713493658577e+00
5.941411831951986500e+01,6.897943741400411000e+00
5.943412403543869971e+01,7.337003260328948784e+00
5.945412975135753442e+01,6.100829115239005951e+00
5.947413546727636913e+01,6.767104090053216225e+00
5.949414118319520384e+01,6.400625189274864013e+00
5.951414689911403855e+01,6.864516426683920258e+00
5.953415261503286615e+01,6.878581154085539495e+00
5.955415833095170086e+01,6.685558555022074856e+00
5.957416404687053557e+01,6.744472881223875227e+00
5.959416976278937028e+01,7.133960012752320168e+00
5.961417547870820499e+01,6.989548241591798217e+00
5.963418119462703970e+01,7.419103741142370367e+00
5.965418691054587441e+01,7.474102872234977823e+00
5.967419262646470912e+01,7.257409093339052042e+00
5.969419834238354383e+01,6.896322668132819800e+00
5.971420405830237144e+01,7.294728119505577091e+00
5.973420977422120615e+01,6.971399255151663255e+00
5.975421549014004086e+01,8.019044320176755392e+00
5.977422120605887557e+01,7.242196894621075742e+00
5.979422692197771028e+01,7.767733556502978587e+00
5.981423263789654499e+01,8.359944590497516259e+00
5.983423835381537970e+01,7.720179917535498149e+00
5.985424406973421441e+01,8.200914498045138501e+00
5.987424978565304912e+01,7.982418391969016369e+00
5.989425550157188383e+01,8.215066560239840499e+00
5.991426121749071143e+01,7.910044359959601756e+00
5.993426693340954614e+01,8.178563344535870527e+00
5.995427264932838085e+01,8.398231770971372967e+00
5.997427836524721556e+01,8.370618734308798992e+00
5.999428408116605027e+01,8.498427552894794346e+00
6.001428979708488498e+01,8.353211740628067261e+00
6.003429551300371969e+01,8.049815941107032913e+00
6.005430122892255440e+01,8.464822581969249526e+00
6.007430694484138911e+01,7.921216631786171192e+00
6.009431266076021672e+01,8.314775776747159952e+00
6.011431837667905143e+01,7.756425685653142388e+00
6.013432409259788614e+01,8.380161095611901700e+00
6.015432980851672085e+01,7.467956257536059184e+00
6.017433552443555556e+01,7.832845866105278887e+00
6.019434124035439027e+01,7.913408060419392598e+00
6.021434695627322498e+01,8.397136879260189701e+00
6.023435267219205969e+01,7.953275999551703279e+00
6.025435838811089440e+01,7.089993431943046431e+00
6.027436410402972911e+01,7.283997701246380352e+00
6.029436981994855671e+01,8.210710409857114200e+00
6.031437553586739142e+01,8.508156908543650587e+00
6.033438125178622613e+01,7.909056048979821618e+00
6.035438696770506084e+01,8.523545164931002560e+00
6.037439268362389555e+01,8.937770752967013621e+00
6.039439839954273026e+01,8.720243630446606886e+00
6.041440411546156497e+01,8.615232431311451222e+00
6.043440983138039968e+01,8.676403412446330066e+00
6.045441554729923439e+01,9.131852265393838763e+00
6.047442126321806199e+01,8.989637114367367232e+00
6.049442697913689670e+01,9.893152572070494699e+00
6.051443269505573141e+01,9.708275868339384829e+00
6.053443841097456612e+01,9.968154138190875813e+00
6.055444412689340083e+01,9.891438779596438025e+00
6.057444984281223554e+01,1.027194466564760766e+01
6.059445555873107025e+01,1.073236569026880716e+01
6.061446127464990496e+01,1.206775372119599865e+01
6.063446699056873967e+01,1.154370195069583716e+01
6.065447270648756728e+01,1.262740606502672236e+01
6.067447842240640199e+01,1.322522717753829369e+01
6.069448413832523670e+01,1.378772811206125937e+01
6.071448985424407141e+01,1.497672741538052321e+01
6.073449557016290612e+01,1.541894033129300823e+01
6.075450128608174083e+01,1.589352854058623166e+01
6.077450700200057554e+01,1.696709474565503939e+01
6.079451271791941025e+01,1.825952683625348527e+01
6.081451843383824496e+01,1.857961215693563162e+01
6.083452414975707967e+01,2.005092617863793691e+01
6.085452986567590727e+01,2.030795260110786415e+01
6.087453558159474198e+01,2.069027158437565106e+01
6.089454129751357669e+01,2.090390284147097333e+01
6.091454701343241140e+01,2.181441113966775447e+01
6.093455272935124611e+01,2.151650868515690718e+01
6.095455844527008082e+01,2.136897666659675821e+01
6.097456416118891553e+01,2.154551574413583737e+01
6.099456987710775024e+01,2.104912325510376547e+01
6.101457559302658495e+01,2.133807634591197200e+01
6.103458130894541256e+01,2.041837913633433388e+01
6.105458702486424727e+01,1.913128566678081199e+01
6.107459274078308198e+01,1.852376002214148798e+01
6.109459845670191669e+01,1.722611815213029374e+01
6.111460417262075140e+01,1.558002149460923924e+01
6.113460988853958611e+01,1.604686676826293379e+01
6.115461560445842082e+01,1.502365286599049909e+01
6.117462132037725553e+01,1.380271669647632038e+01
6.119462703629609024e+01,1.340640740104744566e+01
6.121463275221492495e+01,1.304873266719821423e+01
6.123463846813375255e+01,1.248428558476292771e+01
6.125464418405258726e+01,1.268475820380730568e+01
6.127464989997142197e+01,1.163229125041294054e+01
6.129465561589025668e+01,1.231623055150977208e+01
6.131466133180909139e+01,1.328162248532434120e+01
6.133466704772792610e+01,1.321564788619721575e+01
6.135467276364676081e+01,1.301520993199135035e+01
6.137467847956559552e+01,1.304473788296854408e+01
6.139468419548443023e+01,1.421892976485231941e+01
6.141468991140325784e+01,1.403923820893749408e+01
6.143469562732209255e+01,1.552629950365263767e+01
6.145470134324092726e+01,1.637652764819734585e+01
6.147470705915976197e+01,1.730549614902187017e+01
6.149471277507859668e+01,1.789720138210014255e+01
6.151471849099743139e+01,1.904320938814429098e+01
6.153472420691626610e+01,2.096327213133666234e+01
6.155472992283510081e+01,2.196501608162608932e+01
6.157473563875393552e+01,2.378896898131412030e+01
6.159474135467276312e+01,2.549852378016894505e+01
6.161474707059159783e+01,2.653650917230035589e+01
6.163475278651043254e+01,2.805902637944788580e+01
6.165475850242926725e+01,3.081187913129681277e+01
6.167476421834810196e+01,3.159213390429910362e+01
6.169476993426693667e+01,3.328073212644012813e+01
6.171477565018577138e+01,3.475861842031255122e+01
6.173478136610460609e+01,3.422818139681526617e+01
6.175478708202344080e+01,3.581182040543150435e+01
6.177479279794227551e+01,3.538733182862723936e+01
6.179479851386110312e+01,3.488825977174904835e+01
6.181480422977993783e+01,3.391724908482707690e+01
6.183480994569877254e+01,3.314756083047628721e+01
6.185481566161760725e+01,3.168239750392468324e+01
6.187482137753644196e+01,3.080934497325445420e+01
6.189482709345527667e+01,2.812659613461691066e+01
6.191483280937411138e+01,2.626661403176647269e+01
6.193483852529294609e+01,2.455841461401840320e+01
6.195484424121178080e+01,2.269807595615877105e+01
6.197484995713060840e+01,2.121260915126953961e+01
6.199485567304944311e+01,2.003390575680969832e+01
6.201486138896827782e+01,1.865586015519293994e+01
6.203486710488711253e+01,1.660355484576264828e+01
6.205487282080594724e+01,1.561218362033924834e+01
6.207487853672478195e+01,1.582274526415506344e+01
6.209488425264361666e+01,1.438344282181580525e+01
6.211488996856245137e+01,1.409198946116208617e+01
6.213489568448128608e+01,1.331582276456799008e+01
6.215490140040011369e+01,1.253060130473988920e+01
6.217490711631894840e+01,1.325038983145340232e+01
6.219491283223778311e+01,1.278111886141959275e+01
6.221491854815661782e+01,1.282854475425705232e+01
6.223492426407545253e+01,1.307927745648709994e+01
6.225492997999428724e+01,1.299636053142256742e+01
6.227493569591312195e+01,1.304829924107332140e+01
6.229494141183195666e+01,1.356223863447377731e+01
6.231494712775079137e+01,1.290069022790265052e+01
6.233495284366962608e+01,1.355061751255738400e+01
6.235495855958845368e+01,1.345731130084576677e+01
6.237496427550728839e+01,1.441138375375760639e+01
6.239496999142612310e+01,1.576609942936369890e+01
6.241497570734495781e+01,1.609573558633402612e+01
6.243498142326379252e+01,1.614000450651737495e+01
6.245498713918262723e+01,1.716116770220375898e+01
6.247499285510146194e+01,1.732125059659183108e+01
6.249499857102029665e+01,1.829376799440071011e+01
6.251500428693913136e+01,1.900219385279446982e+01
6.253501000285795897e+01,1.848786223614992252e+01
6.255501571877679368e+01,1.896944222129751623e+01
6.257502143469562839e+01,1.973707790873926982e+01
6.259502715061446310e+01,1.939870084592464750e+01
6.261503286653329781e+01,1.919125910883398234e+01
6.263503858245213252e+01,1.848156478309517325e+01
6.265504429837096723e+01,1.877411951095916720e+01
6.267505001428980194e+01,1.719933083714620281e+01
6.269505573020863665e+01,1.755526041480135291e+01
6.271506144612747136e+01,1.659408024133274751e+01
6.273506716204629896e+01,1.633568168404162435e+01
6.275507287796513367e+01,1.603699600916481316e+01
6.277507859388396838e+01,1.426777129423212997e+01
6.279508430980280309e+01,1.416173269702604998e+01
6.281509002572163780e+01,1.357951321874784512e+01
6.283509574164047251e+01,1.355663652452711787e+01
6.285510145755930722e+01,1.292341738832803699e+01
6.287510717347814193e+01,1.226389982634604081e+01
6.289511288939697664e+01,1.266514329030086472e+01
6.291511860531580425e+01,1.141807572074085364e+01
6.293512432123463896e+01,1.120838240798205376e+01
6.295513003715347367e+01,1.111235775378755974e+01
6.297513575307230838e+01,1.134227365306913704e+01
6.299514146899114309e+01,1.193818508528365818e+01
6.301514718490997780e+01,1.116060427490918627e+01
6.303515290082881251e+01,1.179181181149186486e+01
6.305515861674764722e+01,1.148909430424380140e+01
6.307516433266648193e+01,1.264259630678580848e+01
6.309517004858530953e+01,1.217816674802668686e+01
6.311517576450414424e+01,1.190371028373001216e+01
6.313518148042297895e+01,1.257113055774208377e+01
6.315518719634181366e+01,1.300659936383389947e+01
6.317519291226064837e+01,1.308698016325914892e+01
6.319519862817948308e+01,1.322587954352204420e+01
6.321520434409831779e+01,1.481176069290124708e+01
6.323521006001715250e+01,1.426419005484182279e+01
6.325521577593598721e+01,1.437304891208757418e+01
6.327522149185482192e+01,1.501506058499233021e+01
6.329522720777364952e+01,1.498892256249511945e+01
6.331523292369248423e+01,1.561291060447946144e+01
6.333523863961131894e+01,1.584951235712706641e+01
6.335524435553015365e+01,1.629930035825258372e+01
6.337525007144898836e+01,1.609877417557087398e+01
6.339525578736782307e+01,1.602818789827987089e+01
6.341526150328665778e+01,1.623998229930521831e+01
6.343526721920549249e+01,1.560376294234026062e+01
6.345527293512432720e+01,1.484697316583220328e+01
6.347527865104315481e+01,1.574981223045639744e+01
6.349528436696198952e+01,1.399383653639634773e+01
6.351529008288082423e+01,1.428267949995716890e+01
6.353529579879965894e+01,1.350679538887480646e+01
6.355530151471849365e+01,1.315617189275098653e+01
6.357530723063732836e+01,1.275269314714555335e+01
6.359531294655616307e+01,1.150530498268816970e+01
6.361531866247499778e+01,1.183237862411227503e+01
6.363532437839383249e+01,1.025891695136986748e+01
6.365533009431266720e+01,1.078221296709476462e+01
6.367533581023149480e+01,1.056733404195353643e+01
6.369534152615032951e+01,9.387032470546969876e+00
6.371534724206916422e+01,8.830445491888681886e+00
6.373535295798799893e+01,9.180914069274340505e+00
6.375535867390683364e+01,9.176763593922306228e+00
6.377536438982566835e+01,8.264234492875527138e+00
6.379537010574450306e+01,8.541306114801017202e+00
6.381537582166333777e+01,7.544614733656479721e+00
6.383538153758217248e+01,8.289443491275285680e+00
6.385538725350100009e+01,7.776193912799018726e+00
6.387539296941983480e+01,7.472633890771540166e+00
6.389539868533866951e+01,6.909609217292651984e+00
6.391540440125750422e+01,7.028467961781061035e+00
6.393541011717633893e+01,7.467313148600032591e+00
6.395541583309517364e+01,7.638756808429333134e+00
6.397542154901400835e+01,7.426880495818788397e+00
6.399542726493284306e+01,6.370795267632305858e+00
6.401543298085167066e+01,6.774713783842448045e+00
6.403543869677051248e+01,7.202742478578614715e+00
6.405544441268934008e+01,7.395015976054337692e+00
6.407545012860816769e+01,7.447718048141108937e+00
6.409545584452700950e+01,7.286356324906329007e+00
6.411546156044585132e+01,7.177690735002570932e+00
6.413546727636467892e+01,7.161913681491396844e+00
6.415547299228350653e+01,6.502317773573407678e+00
6.417547870820234834e+01,7.130028920394154923e+00
6.419548442412119016e+01,6.348356179917897357e+00
6.421549014004001776e+01,6.549736637985345666e+00
6.423549585595884537e+01,6.939487040782069016e+00
6.425550157187768718e+01,6.169753335243232328e+00
6.427550728779651479e+01,6.937746461566472789e+00
6.429551300371534239e+01,6.069402748838241379e+00
6.431551871963418421e+01,5.903299560017568837e+00
6.433552443555302602e+01,6.458119453154736789e+00
6.435553015147185363e+01,6.886863852990039447e+00
6.437553586739068123e+01,6.523559426256850813e+00
6.439554158330952305e+01,6.640394383154038849e+00
6.441554729922835065e+01,6.060280247919957120e+00
6.443555301514717826e+01,6.797875175749848786e+00
6.445555873106602007e+01,6.185851331829779198e+00
6.447556444698486189e+01,6.845886894018994973e+00
6.449557016290368949e+01,6.236098813963875998e+00
6.451557587882251710e+01,6.698115485193223861e+00
6.453558159474135891e+01,6.294629358083960291e+00
6.455558731066020073e+01,6.874080714842560447e+00
6.457559302657902833e+01,6.646973699343732278e+00
6.459559874249785594e+01,6.550295649126097075e+00
6.461560445841669775e+01,7.237436618160081991e+00
6.463561017433552536e+01,5.622372536411133659e+00
6.465561589025435296e+01,7.047096510974718342e+00
6.467562160617319478e+01,6.592317863193558836e+00
6.469562732209203659e+01,6.347471442110022011e+00
6.471563303801086420e+01,6.084897773838986446e+00
6.473563875392969180e+01,5.918677974743049575e+00
6.475564446984853362e+01,6.964577570939053608e+00
6.477565018576737543e+01,5.614250915002449105e+00
6.479565590168618883e+01,6.552284491770816288e+00
6.481566161760503064e+01,6.115000330590769195e+00
6.483566733352387246e+01,5.993534397349446152e+00
6.485567304944270006e+01,6.201030633891630117e+00
6.487567876536152767e+01,6.926430141482438074e+00
6.489568448128036948e+01,6.429984020206912732e+00
6.491569019719921130e+01,6.271479649577878845e+00
6.493569591311803890e+01,6.606734170844942078e+00
6.495570162903686651e+01,6.459856272416971912e+00
6.497570734495570832e+01,6.532502324658394421e+00
6.499571306087453593e+01,6.463538174116011170e+00
6.501571877679336353e+01,6.820201262456971669e+00
6.503572449271220535e+01,6.842372269048043520e+00
6.505573020863104716e+01,6.649170089250615590e+00
6.507573592454987477e+01,7.223208177543652297e+00
6.509574164046870237e+01,6.115547998582014699e+00
6.511574735638754419e+01,6.420126384918541262e+00
6.513575307230638600e+01,6.602076404376756358e+00
6.515575878822521361e+01,6.626907010200456583e+00
6.517576450414404121e+01,7.245739793126199757e+00
6.519577022006288303e+01,7.574196361381376974e+00
6.521577593598171063e+01,7.236458967103695628e+00
6.523578165190053824e+01,6.663000267925287545e+00
6.525578736781938005e+01,6.694133730474538524e+00
6.527579308373822187e+01,6.123732686068237285e+00
6.529579879965704947e+01,6.871928022568624783e+00
6.531580451557587708e+01,6.811664439881510269e+00
6.533581023149471889e+01,6.541161931236027627e+00
6.535581594741354650e+01,6.536978547782263504e+00
6.537582166333237410e+01,6.945585640798373817e+00
6.539582737925121592e+01,6.120494760090711139e+00
6.541583309517005773e+01,6.747119460833168603e+00
6.543583881108888534e+01,7.041476326694336763e+00
6.545584452700771294e+01,6.109847188688744879e+00
6.547585024292655476e+01,7.077367729539220775e+00
6.549585595884539657e+01,6.330511043324387188e+00
6.551586167476422418e+01,6.732103682559751334e+00
6.553586739068305178e+01,6.889171281048640516e+00
6.555587310660189360e+01,6.514340566402597510e+00
6.557587882252072120e+01,6.672361687165875743e+00
6.559588453843954881e+01,6.814863896221520889e+00
6.561589025435839062e+01,6.127591125688550022e+00
6.563589597027723244e+01,7.224621783668074393e+00
6.565590168619606004e+01,6.596185471659524069e+00
6.567590740211488765e+01,7.376876545895985515e+00
6.569591311803372946e+01,6.441675442053705680e+00
6.571591883395257128e+01,6.898980417126349352e+00
6.573592454987138467e+01,7.238880105786535957e+00
6.575593026579022649e+01,7.563451615137417150e+00
6.577593598170906830e+01,7.207963694560682200e+00
6.579594169762789591e+01,6.529806688100729062e+00
6.581594741354672351e+01,7.523873475723505067e+00
6.583595312946556533e+01,8.251100872104283113e+00
6.585595884538440714e+01,7.161907712238040347e+00
6.587596456130323475e+01,7.511859321417254876e+00
6.589597027722206235e+01,7.768917023403203004e+00
6.591597599314090417e+01,8.206581468207955865e+00
6.593598170905973177e+01,8.194605374260515163e+00
6.595598742497855937e+01,7.721742618644626077e+00
6.597599314089740119e+01,8.130622397634599707e+00
6.599599885681624301e+01,8.127884407173823433e+00
6.601600457273507061e+01,8.663222384923658481e+00
6.603601028865389821e+01,9.204200385508572779e+00
6.605601600457274003e+01,8.742737688072466540e+00
6.607602172049158185e+01,8.102876293080125691e+00
6.609602743641040945e+01,8.729175118858883309e+00
6.611603315232923705e+01,9.108997552049411084e+00
6.613603886824807887e+01,9.653901615427599836e+00
6.615604458416690647e+01,9.463171331418575249e+00
6.617605030008573408e+01,9.728579770616118338e+00
6.619605601600457589e+01,9.979833805618387288e+00
6.621606173192341771e+01,1.064582897089333891e+01
6.623606744784224531e+01,1.163953364041991634e+01
6.625607316376107292e+01,1.226900079560811818e+01
6.627607887967991473e+01,1.291329738653673331e+01
6.629608459559874234e+01,1.349987046855177120e+01
6.631609031151756994e+01,1.391892913673434684e+01
6.633609602743641176e+01,1.419425879543283742e+01
6.635610174335525357e+01,1.564220177593110250e+01
6.637610745927408118e+01,1.707204909520047309e+01
6.639611317519290878e+01,1.868320979292460393e+01
6.641611889111175060e+01,1.891842452732554847e+01
6.643612460703059241e+01,2.029756053879407318e+01
6.645613032294942002e+01,2.127431610616236668e+01
6.647613603886824762e+01,2.208215957062574120e+01
6.649614175478708944e+01,2.253524202296712531e+01
6.651614747070591704e+01,2.326973875716170426e+01
6.653615318662474465e+01,2.440999946512804897e+01
6.655615890254358646e+01,2.476797170342073784e+01
6.657616461846242828e+01,2.427969684460743593e+01
6.659617033438125588e+01,2.348365778712618379e+01
6.661617605030008349e+01,2.412173807433590866e+01
6.663618176621892530e+01,2.385895210947735023e+01
6.665618748213776712e+01,2.280832326445670688e+01
6.667619319805658051e+01,2.336506894544268675e+01
6.669619891397542233e+01,2.309694485180708767e+01
6.671620462989426414e+01,2.309298040283524500e+01
6.673621034581309175e+01,2.229786843165244647e+01
6.675621606173191935e+01,2.260322711345111557e+01
6.677622177765076117e+01,2.165424726867010463e+01
6.679622749356960298e+01,2.148676386055250020e+01
6.681623320948843059e+01,2.051469606280335967e+01
6.683623892540725819e+01,1.994265097592101910e+01
6.685624464132610001e+01,2.023835215942534305e+01
6.687625035724492761e+01,1.909197305878180373e+01
6.689625607316375522e+01,1.847599410414824916e+01
6.691626178908259703e+01,1.791560249742838806e+01
6.693626750500143885e+01,1.669020808633269937e+01
6.695627322092026645e+01,1.713051637107447789e+01
6.697627893683909406e+01,1.608683276747131430e+01
6.699628465275793587e+01,1.604520022025482007e+01
6.701629036867677769e+01,1.446192131717909213e+01
6.703629608459560529e+01,1.468543393172125278e+01
6.705630180051443290e+01,1.280122024307360995e+01
6.707630751643327471e+01,1.297564341496782703e+01
6.709631323235210232e+01,1.275552177868311787e+01
6.711631894827092992e+01,1.190255021815316816e+01
6.713632466418977174e+01,1.102329062934045112e+01
6.715633038010861355e+01,1.175120756120162824e+01
6.717633609602744116e+01,1.085665612611095554e+01
6.719634181194626876e+01,1.054895117997280707e+01
6.721634752786511058e+01,1.013267374878370219e+01
6.723635324378393818e+01,9.184877231095288863e+00
6.725635895970276579e+01,1.013000487829440210e+01
6.727636467562160760e+01,9.001272669090850442e+00
6.729637039154044942e+01,9.122893701607679873e+00
6.731637610745927702e+01,9.392449276908616085e+00
6.733638182337810463e+01,9.104324618175237305e+00
6.735638753929694644e+01,9.669704156138184459e+00
6.737639325521578826e+01,9.025636454681324139e+00
6.739639897113461586e+01,8.685782876919095230e+00
6.741640468705344347e+01,8.805314098235438536e+00
6.743641040297228528e+01,8.072813410935172129e+00
6.745641611889111289e+01,7.923381388415145388e+00
6.747642183480994049e+01,7.391934424839036843e+00
6.749642755072878231e+01,8.280301199186776984e+00
6.751643326664762412e+01,7.816585940810838906e+00
6.753643898256645173e+01,7.877787195494594386e+00
6.755644469848527933e+01,7.998783768817697037e+00
6.757645041440412115e+01,7.998941594587416049e+00
6.759645613032296296e+01,7.575406257894506723e+00
6.761646184624177636e+01,7.303937813296617065e+00
6.763646756216061817e+01,7.077198408089449444e+00
6.765647327807945999e+01,6.821074672573507414e+00
6.767647899399828759e+01,7.457916576191864877e+00
6.769648470991711520e+01,6.518755234440126500e+00
6.771649042583595701e+01,6.631383426675062864e+00
6.773649614175479883e+01,6.938647298255025575e+00
6.775650185767362643e+01,6.663165092248270582e+00
6.777650757359245404e+01,6.946489155431256890e+00
6.779651328951129585e+01,5.834083793710863830e+00
6.781651900543012346e+01,6.880553135950162158e+00
6.783652472134895106e+01,6.559468890927460549e+00
6.785653043726779288e+01,6.828913805055142561e+00
6.787653615318663469e+01,7.108858406872586855e+00
6.789654186910546230e+01,6.500138969247378995e+00
6.791654758502428990e+01,6.599830043186022621e+00
6.793655330094313172e+01,6.651919744202371199e+00
6.795655901686197353e+01,6.545028480088197043e+00
6.797656473278080114e+01,6.191826554300542185e+00
6.799657044869962874e+01,6.292396138171124420e+00
6.801657616461847056e+01,5.756723978689187504e+00
6.803658188053729816e+01,6.567930505343837488e+00
6.805658759645612577e+01,6.543555963653373553e+00
6.807659331237496758e+01,6.608128464992088169e+00
6.809659902829380940e+01,6.508423431928376246e+00
6.811660474421263700e+01,6.530324776882901361e+00
6.813661046013146461e+01,6.638251182688664542e+00
6.815661617605030642e+01,6.252004867805732502e+00
6.817662189196913403e+01,6.460991697699563829e+00
6.819662760788796163e+01,6.390795521603653384e+00
6.821663332380680345e+01,6.551966171294798968e+00
6.823663903972564526e+01,7.549540305765253478e+00
6.825664475564447287e+01,6.753776172083202134e+00
6.827665047156330047e+01,6.577392645577550212e+00
6.829665618748214229e+01,6.830387761168333682e+00
6.831666190340098410e+01,6.783788455076553703e+00
6.833666761931981171e+01,6.609232450546049797e+00
6.835667333523863931e+01,7.161635998729433794e+00
6.837667905115748113e+01,6.890534707469853970e+00
6.839668476707630873e+01,6.558106468152084645e+00
6.841669048299513634e+01,6.220299335031469923e+00
6.843669619891397815e+01,6.554407908571738162e+00
6.845670191483281997e+01,6.675777280666057578e+00
6.847670763075164757e+01,6.421985974352434567e+00
6.849671334667047518e+01,6.728424624711455415e+00
6.851671906258931699e+01,7.336628154468253449e+00
6.853672477850815881e+01,6.573195550995435177e+00
6.855673049442697220e+01,5.884693296238740601e+00
6.857673621034581402e+01,6.667494961091563255e+00
6.859674192626465583e+01,5.663020812789511638e+00
6.861674764218348344e+01,5.972313582247503305e+00
6.863675335810231104e+01,5.913521749364251789e+00
6.865675907402115286e+01,5.690521989428424021e+00
6.867676478993999467e+01,6.121401471242066350e+00
6.869677050585882228e+01,6.824684518314932724e+00
6.871677622177764988e+01,6.183477272274507719e+00
6.873678193769649170e+01,5.927207094992160918e+00
6.875678765361531930e+01,6.608511475991640793e+00
6.877679336953414690e+01,6.664827006282575184e+00
6.879679908545298872e+01,6.216896101316264023e+00
6.881680480137183054e+01,5.872463205758410965e+00
6.883681051729065814e+01,6.763574524626899453e+00
6.885681623320948574e+01,6.349460921280655867e+00
6.887682194912832756e+01,6.124342573391612810e+00
6.889682766504716938e+01,6.100644652847433846e+00
6.891683338096599698e+01,6.339890087114294914e+00
6.893683909688482458e+01,6.320182579688937707e+00
6.895684481280366640e+01,5.714342004619615167e+00
6.897685052872249400e+01,5.527246133530056227e+00
6.899685624464132161e+01,6.284682723167413165e+00
6.901686196056016342e+01,5.796542069731144053e+00
6.903686767647900524e+01,6.038438414094539297e+00
6.905687339239783284e+01,5.895989292110849433e+00
6.907687910831666045e+01,6.394305683839992760e+00
6.909688482423550226e+01,6.348738788694898716e+00
6.911689054015432987e+01,5.917212103017089220e+00
6.913689625607315747e+01,5.822334876184152463e+00
6.915690197199199929e+01,6.468673821372396660e+00
6.917690768791084110e+01,6.319159867490841798e+00
6.919691340382966871e+01,7.088932424692139911e+00
6.921691911974849631e+01,6.829766034803890662e+00
6.923692483566733813e+01,7.034266715944358594e+00
6.925693055158617994e+01,6.945419208221782270e+00
6.927693626750500755e+01,6.446903040392724549e+00
6.929694198342383515e+01,6.716107780682689210e+00
6.931694769934267697e+01,6.924379210680222663e+00
6.933695341526150457e+01,7.132700819739934417e+00
6.935695913118033218e+01,7.474809638009816126e+00
6.937696484709917399e+01,7.904765301329605975e+00
6.939697056301801581e+01,7.420871281663028896e+00
6.941697627893684341e+01,7.774999817345420006e+00
6.943698199485567102e+01,8.329041060910455485e+00
6.945698771077451283e+01,7.962166676803118293e+00
6.947699342669335465e+01,8.632150813318212101e+00
6.949699914261216804e+01,9.239673857208082097e+00
6.951700485853100986e+01,8.937323202999790439e+00
6.953701057444985167e+01,9.912852659331630178e+00
6.955701629036867928e+01,9.889246726297244550e+00
6.957702200628750688e+01,1.047339336535842236e+01
6.959702772220634870e+01,1.026337222560595208e+01
6.961703343812519051e+01,1.171978867919601797e+01
6.963703915404401812e+01,1.033012677150862757e+01
6.965704486996284572e+01,1.064108785515487554e+01
6.967705058588168754e+01,1.144869473973849594e+01
6.969705630180051514e+01,1.168257892083935801e+01
6.971706201771934275e+01,1.125341175195498877e+01
6.973706773363818456e+01,1.130210015682876445e+01
6.975707344955702638e+01,1.099587907196613301e+01
6.977707916547585398e+01,1.197839824786970908e+01
6.979708488139468159e+01,1.115907834478264427e+01
6.981709059731352340e+01,1.164474345825355073e+01
6.983709631323236522e+01,1.072953269096057483e+01
6.985710202915119282e+01,1.134213361113038054e+01
6.987710774507002043e+01,1.081399615989913343e+01
6.989711346098886224e+01,1.106512420875700009e+01
6.991711917690768985e+01,1.081273707090068648e+01
6.993712489282651745e+01,1.096964920745360494e+01
6.995713060874535927e+01,1.011722949487811363e+01
6.997713632466420108e+01,1.013205316711306025e+01
6.999714204058302869e+01,9.896191062808959771e+00
7.001714775650185629e+01,9.706686709431959770e+00
7.003715347242069811e+01,9.606372152483430682e+00
7.005715918833952571e+01,9.071832066112735404e+00
7.007716490425835332e+01,8.834656414091371701e+00
7.009717062017719513e+01,9.070877244866123235e+00
7.011717633609603695e+01,8.797193015547215111e+00
7.013718205201486455e+01,8.429009506091173165e+00
7.015718776793369216e+01,8.113110208684654268e+00
7.017719348385253397e+01,8.331831615838837024e+00
7.019719919977137579e+01,7.574126768439178647e+00
7.021720491569020339e+01,8.043263522791185949e+00
7.023721063160903100e+01,8.183424631940569682e+00
7.025721634752787281e+01,7.854937516557018107e+00
7.027722206344670042e+01,7.503892917726452616e+00
7.029722777936552802e+01,7.771259639345412751e+00
7.031723349528436984e+01,7.094349280438037475e+00
7.033723921120321165e+01,7.262194280217867615e+00
7.035724492712203926e+01,6.980242808645725106e+00
7.037725064304086686e+01,7.598715427724018312e+00
7.039725635895970868e+01,6.867452602073364609e+00
7.041726207487855049e+01,7.438060030536258083e+00
7.043726779079736389e+01,7.388802974704205440e+00
7.045727350671620570e+01,7.017987381844415395e+00
7.047727922263504752e+01,7.790904425150417367e+00
7.049728493855387512e+01,6.800066189636749137e+00
7.051729065447270273e+01,7.572619136332342293e+00
7.053729637039154454e+01,6.764903122263747903e+00
7.055730208631038636e+01,6.190096323963807379e+00
7.057730780222921396e+01,6.910948212189667927e+00
7.059731351814804157e+01,7.365047756188066508e+00
7.061731923406688338e+01,7.558531112746832648e+00
7.063732494998571099e+01,7.109290715173147923e+00
7.065733066590453859e+01,7.043874563722098081e+00
7.067733638182338041e+01,6.659041504202126482e+00
7.069734209774222222e+01,6.919446121830457486e+00
7.071734781366104983e+01,6.808230492179937698e+00
7.073735352957987743e+01,7.476239609251910778e+00
7.075735924549871925e+01,7.465674557118465060e+00
7.077736496141756106e+01,7.526753268362295302e+00
7.079737067733638867e+01,6.358686523632097298e+00
7.081737639325521627e+01,6.670730487527730901e+00
7.083738210917405809e+01,6.469296061022044242e+00
7.085738782509288569e+01,7.351322207636342476e+00
7.087739354101171330e+01,5.953532218293187128e+00
7.089739925693055511e+01,6.614854735031644672e+00
7.091740497284939693e+01,6.688828688757793017e+00
7.093741068876822453e+01,6.513411328546969692e+00
7.095741640468705214e+01,6.643837018376202330e+00
7.097742212060589395e+01,6.450690805345112189e+00
7.099742783652472156e+01,5.823376322710901221e+00
7.101743355244354916e+01,6.899669318966090259e+00
7.103743926836239098e+01,5.831334847621080897e+00
7.105744498428123279e+01,6.431247429635353896e+00
7.107745070020006040e+01,6.856974519176828764e+00
7.109745641611888800e+01,6.405165664513818413e+00
7.111746213203772982e+01,6.702302605282961068e+00
7.113746784795657163e+01,6.682704055293674728e+00
7.115747356387539924e+01,5.533110944831254763e+00
7.117747927979422684e+01,6.830385653768937360e+00
7.119748499571306866e+01,6.300410242398325700e+00
7.121749071163189626e+01,6.778166577241608870e+00
7.123749642755072387e+01,6.546774490174646743e+00
7.125750214346956568e+01,6.369257219484079080e+00
7.127750785938840750e+01,6.350791141066020273e+00
7.129751357530723510e+01,6.588685458286752450e+00
7.131751929122606271e+01,5.697256908953953314e+00
7.133752500714490452e+01,5.830259629543825817e+00
7.135753072306374634e+01,7.035518729694191009e+00
7.137753643898255973e+01,6.043229187758873522e+00
7.139754215490140155e+01,6.362712814463208133e+00
7.141754787082024336e+01,6.382854797100902644e+00
7.143755358673907097e+01,6.301604153287021504e+00
7.145755930265789857e+01,5.723831496967003218e+00
7.147756501857674039e+01,5.430902930673333628e+00
7.149757073449558220e+01,6.182639798702558309e+00
7.151757645041440981e+01,6.368864378689706562e+00
7.153758216633323741e+01,5.995274681653461002e+00
7.155758788225207923e+01,7.026075778106822156e+00
7.157759359817090683e+01,5.936756890036465784e+00
7.159759931408973443e+01,6.255697002279055674e+00
7.161760503000857625e+01,5.911431024835520631e+00
7.163761074592741807e+01,6.550171595123554624e+00
7.165761646184624567e+01,5.729349015864716677e+00
7.167762217776507327e+01,5.692011247534563445e+00
7.169762789368391509e+01,6.266092349650442372e+00
7.171763360960275691e+01,5.707526121462650259e+00
7.173763932552158451e+01,6.469265565238997873e+00
7.175764504144041211e+01,5.932534741235781617e+00
7.177765075735925393e+01,6.634715878767945441e+00
7.179765647327808153e+01,6.268076911222930647e+00
7.181766218919690914e+01,6.201744675131069862e+00
7.183766790511575095e+01,6.707320843310748515e+00
7.185767362103459277e+01,6.270945279580455889e+00
7.187767933695342037e+01,5.448269584216907546e+00
7.189768505287224798e+01,6.305225056743103629e+00
7.191769076879108979e+01,6.433466020574372557e+00
7.193769648470991740e+01,6.813315098847914086e+00
7.195770220062874500e+01,5.849749554467379653e+00
7.197770791654758682e+01,6.176541213706384426e+00
7.199771363246642863e+01,6.192974426357525708e+00
7.201771934838525624e+01,6.237016107050747493e+00
7.203772506430408384e+01,6.344255182018060601e+00
7.205773078022292566e+01,6.409489128441904882e+00
7.207773649614176747e+01,6.066590637531438901e+00
7.209774221206059508e+01,6.442185157079833857e+00
7.211774792797942268e+01,7.068325938242057127e+00
7.213775364389826450e+01,6.387004570275903959e+00
7.215775935981709210e+01,6.441857989301552401e+00
7.217776507573591971e+01,6.836793689995948498e+00
7.219777079165476152e+01,6.422275784931089859e+00
7.221777650757360334e+01,7.082736800128118126e+00
7.223778222349243094e+01,6.951695285703157978e+00
7.225778793941125855e+01,6.965301118109513467e+00
7.227779365533010036e+01,7.382843248838701022e+00
7.229779937124894218e+01,6.380998379200310211e+00
7.231780508716775557e+01,6.883580119691437460e+00
7.233781080308659739e+01,7.208491345323551514e+00
7.235781651900543920e+01,7.510133666952194531e+00
7.237782223492426681e+01,6.794589713164276290e+00
7.239782795084309441e+01,6.225613933737202288e+00
7.241783366676193623e+01,6.435938067236737226e+00
7.243783938268077804e+01,6.943604428844207810e+00
7.245784509859960565e+01,7.577575928773827130e+00
7.247785081451843325e+01,6.712059771882605830e+00
7.249785653043727507e+01,6.401373414421735575e+00
7.251786224635610267e+01,6.744985270515515552e+00
7.253786796227493028e+01,6.653469874222077252e+00
7.255787367819377209e+01,5.969123646988196086e+00
7.257787939411261391e+01,6.388353075318013552e+00
7.259788511003144151e+01,6.291038009334176451e+00
7.261789082595026912e+01,6.188448575908556570e+00
7.263789654186911093e+01,6.375114108609745145e+00
7.265790225778795275e+01,5.421220379767944131e+00
7.267790797370678035e+01,6.465298283358558606e+00
7.269791368962560796e+01,5.814805065959397723e+00
7.271791940554444977e+01,5.564673743616208590e+00
7.273792512146327738e+01,6.357366666753208051e+00
7.275793083738210498e+01,6.600546318202415108e+00
7.277793655330094680e+01,5.721922320646017468e+00
7.279794226921978861e+01,5.338170459514696375e+00
7.281794798513861622e+01,5.923399919178182316e+00
7.283795370105744382e+01,5.995354771019039575e+00
7.285795941697628564e+01,6.084230955300792942e+00
7.287796513289511324e+01,5.955722003879238002e+00
7.289797084881394085e+01,6.289653179084959689e+00
7.291797656473278266e+01,5.874276389111612318e+00
7.293798228065162448e+01,6.627473571505033689e+00
7.295798799657045208e+01,6.190349644272471252e+00
7.297799371248927969e+01,6.213990738071441200e+00
7.299799942840812150e+01,5.582189608813862947e+00
7.301800514432696332e+01,5.494244387159410437e+00
7.303801086024579092e+01,5.876815854666405770e+00
7.305801657616461853e+01,5.431979257935251937e+00
7.307802229208346034e+01,6.522215164609237448e+00
7.309802800800228795e+01,5.651019984191490764e+00
7.311803372392111555e+01,5.944479368603041713e+00
7.313803943983995737e+01,6.221583135671135523e+00
7.315804515575879918e+01,5.761309281695705664e+00
7.317805087167762679e+01,6.615237177653480849e+00
7.319805658759645439e+01,6.287166933146668413e+00
7.321806230351529621e+01,5.666059329557329605e+00
7.323806801943413802e+01,6.965230103341166767e+00
7.325807373535295142e+01,6.018489432926921623e+00
7.327807945127179323e+01,5.660177308224449533e+00
7.329808516719063505e+01,6.384696197124876349e+00
7.331809088310946265e+01,6.611385917652421895e+00
7.333809659902829026e+01,6.332458944311769145e+00
7.335810231494713207e+01,6.370285745950670098e+00
7.337810803086597389e+01,6.928786852148885345e+00
7.339811374678480149e+01,6.334007231016178352e+00
7.341811946270362910e+01,6.707475612110780361e+00
7.343812517862247091e+01,7.218494926620757646e+00
7.345813089454129852e+01,6.499673284718964439e+00
7.347813661046012612e+01,7.024100772778955282e+00
7.349814232637896794e+01,7.300474906309118772e+00
7.351814804229780975e+01,6.975484121731037490e+00
7.353815375821663736e+01,6.552848493707546851e+00
7.355815947413546496e+01,6.712742296912557194e+00
7.357816519005430678e+01,6.481166009875225953e+00
7.359817090597314859e+01,6.550967155430550193e+00
7.361817662189197620e+01,5.738954151241611790e+00
7.363818233781080380e+01,6.550447961232852556e+00
7.365818805372964562e+01,6.663935071144561739e+00
7.367819376964847322e+01,7.207379982231215898e+00
7.369819948556730083e+01,6.457902176992251775e+00
7.371820520148614264e+01,6.372034715913181380e+00
7.373821091740498446e+01,5.955644811865267840e+00
7.375821663332381206e+01,5.996121836921803450e+00
7.377822234924263967e+01,5.293188393986573814e+00
7.379822806516148148e+01,6.616958410023735304e+00
7.381823378108030909e+01,6.140552940416354133e+00
7.383823949699913669e+01,5.960787228351541955e+00
7.385824521291797851e+01,6.036833991595818460e+00
7.387825092883682032e+01,6.811361024163862687e+00
7.389825664475564793e+01,6.406363066591747923e+00
7.391826236067447553e+01,6.007648218625824654e+00
7.393826807659331735e+01,5.893226772571849459e+00
7.395827379251215916e+01,5.734323610577240160e+00
7.397827950843098677e+01,5.223346720358438056e+00
7.399828522434981437e+01,6.773768349839025760e+00
7.401829094026865619e+01,5.898514096181164845e+00
7.403829665618748379e+01,5.718706000585715543e+00
7.405830237210632561e+01,5.830482226128206769e+00
7.407830808802515321e+01,6.423468306781153103e+00
7.409831380394398082e+01,6.232892192494828620e+00
7.411831951986282263e+01,5.734415326566178805e+00
7.413832523578165024e+01,5.090841463356035490e+00
7.415833095170049205e+01,5.871919673987509469e+00
7.417833666761931966e+01,6.142799305834053314e+00
7.419834238353816147e+01,6.312035380559422926e+00
7.421834809945698908e+01,5.836386186908443463e+00
7.423835381537583089e+01,6.261836361450630051e+00
7.425835953129465850e+01,5.481451797684661287e+00
7.427836524721348610e+01,5.968409547708908747e+00
7.429837096313232792e+01,5.822820113037662892e+00
7.431837667905115552e+01,5.878507369799985227e+00
7.433838239496999734e+01,5.738032009567422875e+00
7.435838811088882494e+01,6.036811099175436013e+00
7.437839382680766676e+01,5.537173424628214491e+00
7.439839954272649436e+01,6.054661020083965894e+00
7.441840525864533618e+01,6.005190340068223165e+00
7.443841097456416378e+01,6.145669264009982591e+00
7.445841669048300560e+01,6.304195910926718938e+00
7.447842240640183320e+01,5.470690318765305982e+00
7.449842812232066080e+01,6.202363709022662874e+00
7.451843383823950262e+01,6.104152121616607474e+00
7.453843955415833022e+01,6.258530541841378358e+00
7.455844527007717204e+01,5.915988223387956602e+00
7.457845098599599964e+01,5.523899013038986894e+00
7.459845670191484146e+01,5.838971236819137545e+00
7.461846241783366906e+01,5.900346239363320144e+00
7.463846813375251088e+01,6.107446278502616011e+00
7.465847384967133848e+01,5.806697931394110945e+00
7.467847956559016609e+01,5.832922312898775274e+00
7.469848528150900790e+01,5.909438045323978983e+00
7.471849099742783551e+01,5.661197660030031997e+00
7.473849671334667732e+01,5.685674158461868188e+00
7.475850242926550493e+01,6.115180061404874579e+00
7.477850814518434674e+01,5.371347311978448502e+00
7.479851386110317435e+01,6.016315345919519331e+00
7.481851957702201616e+01,5.409697764621877347e+00
7.483852529294084377e+01,5.892050206180358352e+00
7.485853100885967137e+01,6.262559689856285416e+00
7.487853672477851319e+01,6.104096615010693228e+00
7.489854244069734079e+01,5.822464147190213879e+00
7.491854815661618261e+01,5.594616131681631188e+00
7.493855387253501021e+01,6.211498605210682200e+00
7.495855958845385203e+01,5.974502037900487394e+00
7.497856530437267963e+01,5.432100292542815012e+00
7.499857102029152145e+01,6.889414416284751042e+00
7.501857673621034905e+01,6.091564307591039729e+00
7.503858245212917666e+01,6.139180127875640380e+00
7.505858816804801847e+01,5.841839448548125091e+00
7.507859388396684608e+01,6.366920826826303781e+00
7.509859959988568789e+01,5.917925598420929134e+00
7.511860531580451550e+01,6.376088884747817431e+00
7.513861103172335731e+01,6.550085157193131558e+00
7.515861674764218492e+01,6.578601173326653395e+00
7.517862246356102673e+01,6.435834025036603734e+00
7.519862817947985434e+01,6.017259519365811826e+00
7.521863389539868194e+01,6.355623031478180529e+00
7.523863961131752376e+01,6.665383738260526769e+00
7.525864532723635136e+01,6.274839748164894537e+00
7.527865104315519318e+01,6.603497077986233421e+00
7.529865675907402078e+01,6.291042135187526085e+00
7.531866247499286260e+01,5.983734510031742282e+00
7.533866819091169020e+01,6.721520395787624835e+00
7.535867390683053202e+01,7.654678527161554058e+00
7.537867962274935962e+01,7.406268990285116871e+00
7.539868533866820144e+01,7.558674217400028539e+00
7.541869105458702904e+01,7.983900744726883048e+00
7.543869677050585665e+01,7.257307009023508115e+00
7.545870248642469846e+01,7.171537767627691906e+00
7.547870820234352607e+01,6.866330201605142847e+00
7.549871391826236788e+01,7.734806065909015871e+00
7.551871963418119549e+01,7.307404920287474681e+00
7.553872535010003730e+01,7.361397411092523768e+00
7.555873106601886491e+01,7.962369122889866091e+00
7.557873678193770672e+01,7.620683168452691447e+00
7.559874249785653433e+01,7.939925172746693072e+00
7.561874821377536193e+01,7.921637647451861497e+00
7.563875392969420375e+01,9.205083363176548517e+00
7.565875964561303135e+01,8.611203386426030448e+00
7.567876536153187317e+01,9.237953042736648968e+00
7.569877107745070077e+01,9.336662249071000730e+00
7.571877679336954259e+01,8.614844646430160680e+00
7.573878250928837019e+01,9.031178691739020437e+00
7.575878822520721201e+01,9.643248445602109697e+00
7.577879394112603961e+01,8.519377621310699311e+00
7.579879965704486722e+01,9.400433476780202469e+00
7.581880537296370903e+01,9.437448021326066083e+00
7.583881108888253664e+01,8.965159951328814714e+00
7.585881680480137845e+01,8.367229263675877604e+00
7.587882252072020606e+01,7.856526057365854854e+00
7.589882823663904787e+01,7.922183286185110695e+00
7.591883395255787548e+01,7.358995385357911090e+00
7.593883966847671729e+01,8.014072622731196915e+00
7.595884538439554490e+01,6.560905632370253926e+00
7.597885110031437250e+01,7.212793986083713804e+00
7.599885681623321432e+01,7.026069080613005724e+00
7.601886253215204192e+01,7.125117987510140694e+00
7.603886824807088374e+01,7.357287744802789575e+00
7.605887396398971134e+01,6.996789999627554657e+00
7.607887967990855316e+01,6.471500613320459117e+00
7.609888539582738076e+01,5.974768891019651029e+00
7.611889111174622258e+01,6.360544270436358616e+00
7.613889682766505018e+01,6.479071681643430836e+00
7.615890254358387779e+01,5.753199649994346743e+00
7.617890825950271960e+01,5.537159704694934348e+00
7.619891397542154721e+01,5.825612700866415139e+00
7.621891969134038902e+01,6.282406596145054145e+00
7.623892540725921663e+01,5.942402076631254637e+00
7.625893112317805844e+01,6.550169881136918448e+00
7.627893683909688605e+01,6.223271029969534851e+00
7.629894255501572786e+01,5.326111529473725348e+00
7.631894827093455547e+01,6.318198276287613879e+00
7.633895398685339728e+01,5.393125212574489069e+00
7.635895970277222489e+01,6.145547064981850660e+00
7.637896541869105249e+01,5.962768539159696957e+00
7.639897113460989431e+01,5.468569264181127210e+00
7.641897685052872191e+01,6.361998242353501531e+00
7.643898256644756373e+01,6.127172501559954299e+00
7.645898828236639133e+01,5.678916034937840251e+00
7.647899399828523315e+01,5.889330664040381080e+00
7.649899971420406075e+01,5.892282001762113808e+00
7.651900543012290257e+01,5.538866670706649842e+00
7.653901114604173017e+01,6.324575268101929382e+00
7.655901686196055778e+01,5.934961774461021022e+00
7.657902257787939959e+01,6.403905415170193294e+00
7.659902829379822720e+01,5.921494134509631024e+00
7.661903400971706901e+01,6.011369255982851101e+00
7.663903972563589662e+01,5.608095349284218045e+00
7.665904544155473843e+01,6.737109937562134832e+00
7.667905115747356604e+01,6.024608304343264109e+00
7.669905687339240785e+01,5.678042384200976400e+00
7.671906258931123546e+01,5.844215332577508804e+00
7.673906830523006306e+01,5.985488325685891731e+00
7.675907402114890488e+01,5.664921269049996155e+00
7.677907973706773248e+01,5.844845774793711257e+00
7.679908545298657430e+01,5.980754924510520709e+00
7.681909116890540190e+01,6.331003881948339185e+00
7.683909688482424372e+01,6.319610704744859753e+00
7.685910260074307132e+01,6.047470695514889805e+00
7.687910831666191314e+01,6.685372211202396997e+00
7.689911403258074074e+01,6.314472130517737369e+00
7.691911974849956835e+01,6.663439726399916552e+00
7.693912546441841016e+01,6.078906082067650374e+00
7.695913118033723777e+01,6.834048840769956001e+00
7.697913689625607958e+01,7.316140173837323957e+00
7.699914261217490719e+01,7.362946080357318124e+00
7.701914832809374900e+01,6.917473370516233899e+00
7.703915404401257661e+01,7.578022783886787295e+00
7.705915975993141842e+01,7.256601300811712285e+00
7.707916547585024603e+01,7.202696220220110135e+00
7.709917119176907363e+01,6.957838553622734956e+00
7.711917690768791545e+01,7.777297158450032555e+00
7.713918262360674305e+01,7.317902116948466151e+00
7.715918833952558487e+01,6.396020968274779506e+00
7.717919405544441247e+01,7.040316188860208158e+00
7.719919977136325429e+01,6.620581250678975849e+00
7.721920548728208189e+01,7.042236695975738314e+00
7.723921120320092371e+01,7.041734701264047658e+00
7.725921691911975131e+01,6.808461491691649492e+00
7.727922263503859313e+01,6.990315974799323762e+00
7.729922835095742073e+01,6.329517980512328279e+00
7.731923406687624833e+01,7.008244437398897020e+00
7.733923978279509015e+01,7.056270021197002862e+00
7.735924549871391775e+01,6.586718392114885745e+00
7.737925121463275957e+01,6.877662204861374917e+00
7.739925693055158717e+01,6.986614677134220130e+00
7.741926264647042899e+01,6.904614222251228561e+00
7.743926836238925659e+01,7.441224319934148568e+00
7.745927407830809841e+01,6.873889520151908350e+00
7.747927979422692601e+01,6.921134865639398726e+00
7.749928551014575362e+01,6.380825307257603107e+00
7.751929122606459543e+01,6.927715525525739437e+00
7.753929694198342304e+01,6.728680980739619955e+00
7.755930265790226485e+01,6.788040416524184550e+00
7.757930837382109246e+01,6.114975060327544121e+00
7.759931408973993427e+01,7.281496522867672461e+00
7.761931980565876188e+01,7.311368502167538530e+00
7.763932552157760369e+01,6.362954752155022931e+00
7.765933123749643130e+01,7.143277442061835458e+00
7.767933695341525890e+01,6.982561036647458863e+00
7.769934266933410072e+01,6.411043404687125857e+00
7.771934838525292832e+01,6.771248227049044388e+00
7.773935410117177014e+01,6.886532012616829235e+00
7.775935981709059774e+01,5.637908725180434288e+00
7.777936553300943956e+01,6.229492230533056230e+00
7.779937124892826716e+01,6.736797125699324873e+00
7.781937696484710898e+01,6.438703413540899589e+00
7.783938268076593658e+01,6.876696477717748834e+00
7.785938839668476419e+01,6.041932155116993108e+00
7.787939411260360600e+01,6.910291115223399672e+00
7.789939982852243361e+01,6.776894585355222489e+00
7.791940554444127542e+01,5.882466210123722838e+00
7.793941126036010303e+01,5.968303705403429582e+00
7.795941697627894484e+01,5.784871660561401896e+00
7.797942269219777245e+01,6.507858140968915350e+00
7.799942840811661426e+01,5.324088198272486139e+00
7.801943412403544187e+01,5.715415325080411613e+00
7.803943983995426947e+01,6.251467244954213243e+00
7.805944555587311129e+01,6.613440039848471841e+00
7.807945127179193889e+01,6.758806315363686146e+00
7.809945698771078071e+01,5.583064486603088739e+00
7.811946270362960831e+01,6.131251646016309564e+00
7.813946841954845013e+01,6.543759904679722794e+00
7.815947413546727773e+01,5.494569197536479876e+00
7.817947985138611955e+01,6.034316530147201263e+00
7.819948556730494715e+01,5.420344849299961965e+00
7.821949128322378897e+01,5.460957675235782460e+00
7.823949699914261657e+01,4.987088212751475069e+00
7.825950271506144418e+01,4.999022481056495160e+00
7.827950843098028599e+01,6.012327473994606208e+00
7.829951414689911360e+01,5.482854506824884844e+00
7.831951986281795541e+01,5.759383816364391784e+00
7.833952557873678302e+01,5.147884916437847735e+00
7.835953129465562483e+01,6.100635666657865386e+00
7.837953701057445244e+01,6.290631681884450543e+00
7.839954272649329425e+01,5.981530345207863419e+00
7.841954844241212186e+01,5.286821950036877382e+00
7.843955415833094946e+01,6.182318234640099774e+00
7.845955987424979128e+01,6.007128944870713028e+00
7.847956559016861888e+01,5.303911677867763075e+00
7.849957130608746070e+01,6.135373717919986980e+00
7.851957702200628830e+01,5.696183150174274346e+00
7.853958273792513012e+01,5.502275001006471378e+00
7.855958845384395772e+01,5.596246724119245286e+00
7.857959416976279954e+01,5.377686728627640633e+00
7.859959988568162714e+01,5.948298579589041069e+00
7.861960560160045475e+01,5.377935557308838099e+00
7.863961131751929656e+01,5.351005189427178621e+00
7.865961703343812417e+01,6.049405455251894992e+00
7.867962274935696598e+01,5.847030412594484972e+00
7.869962846527579359e+01,5.937022971625808054e+00
7.871963418119463540e+01,5.047775537680161406e+00
7.873963989711346301e+01,5.067537613799141027e+00
7.875964561303230482e+01,5.246288489641603547e+00
7.877965132895113243e+01,6.329927481196141237e+00
7.879965704486996003e+01,5.341996734493626775e+00
7.881966276078880185e+01,6.135261780724305503e+00
7.883966847670762945e+01,4.892560621052535197e+00
7.885967419262647127e+01,5.429771005123734895e+00
7.887967990854529887e+01,5.433349033492853586e+00
7.889968562446414069e+01,6.389840324193675869e+00
7.891969134038296829e+01,4.875231420872175647e+00
7.893969705630181011e+01,6.380065827392860101e+00
7.895970277222063771e+01,5.586989034327486614e+00
7.897970848813946532e+01,5.515252908812104948e+00
7.899971420405830713e+01,5.376756761179254163e+00
7.901971991997713474e+01,4.986562046073212073e+00
7.903972563589597655e+01,5.346964875911820236e+00
7.905973135181480416e+01,5.116627868632605214e+00
7.907973706773364597e+01,5.985028445237210448e+00
7.909974278365247358e+01,5.326974536956484485e+00
7.911974849957131539e+01,5.955424124475694470e+00
7.913975421549014300e+01,5.728186238789189311e+00
7.915975993140898481e+01,6.235250887806143893e+00
7.917976564732781242e+01,5.128406005797064182e+00
7.919977136324664002e+01,5.257382489673798176e+00
7.921977707916548184e+01,5.419674126313482887e+00
7.923978279508430944e+01,5.396141837026810606e+00
7.925978851100315126e+01,6.261435090815466786e+00
7.927979422692197886e+01,6.365738700602684652e+00
7.929979994284082068e+01,5.634944579245665608e+00
7.931980565875964828e+01,5.515404573478781103e+00
7.933981137467849010e+01,5.778007505157836121e+00
7.935981709059731770e+01,6.690101791113423957e+00
7.937982280651614531e+01,6.040495219903284863e+00
7.939982852243498712e+01,6.281193280348480457e+00
7.941983423835381473e+01,5.770722418589826930e+00
7.943983995427265654e+01,5.692417935567512188e+00
7.945984567019148415e+01,5.958981593391414755e+00
7.947985138611032596e+01,6.096079199974012042e+00
7.949985710202915357e+01,5.766781265876373297e+00
7.951986281794799538e+01,5.781271614171121342e+00
7.953986853386682299e+01,5.600875609909622632e+00
7.955987424978565059e+01,5.703351514935350863e+00
7.957987996570449241e+01,5.171472524410159366e+00
7.959988568162332001e+01,5.283915763370825580e+00
7.961989139754216183e+01,5.763875198973670066e+00
7.963989711346098943e+01,6.025853708624214988e+00
7.965990282937983125e+01,5.107691580044140700e+00
7.967990854529865885e+01,4.990507357219772899e+00
7.969991426121750067e+01,5.449253745369952107e+00
7.971991997713632827e+01,6.518732683459722566e+00
7.973992569305515588e+01,5.980453116981529149e+00
7.975993140897399769e+01,5.910588475799951169e+00
7.977993712489282530e+01,5.609191864319216236e+00
7.979994284081166711e+01,6.017520387282472072e+00
7.981994855673049472e+01,6.112373637946740601e+00
7.983995427264933653e+01,5.971831540715299980e+00
7.985995998856816414e+01,5.390824202227699757e+00
7.987996570448700595e+01,5.600463794593718347e+00
7.989997142040583356e+01,5.013587907372649255e+00
7.991997713632466116e+01,4.976228637594456217e+00
7.993998285224350298e+01,6.296889711889022578e+00
7.995998856816233058e+01,5.217670362402905937e+00
7.997999428408117240e+01,5.582092123576588349e+00
8.000000000000000000e+01,5.864219658018159365e+00
