angle,intensity
1.000000000000000000e+01,1.305106636825915656e+00
1.002000571591883471e+01,3.868781704336933247e-01
1.004001143183766764e+01,3.276918043210867437e-01
1.006001714775650235e+01,9.525617335105071026e-01
1.008002286367533529e+01,4.663882345643856064e-01
1.010002857959417000e+01,1.128965403068098006e+00
1.012003429551300293e+01,1.521389734503722391e+00
1.014004001143183764e+01,1.624917373807848398e+00
1.016004572735067235e+01,1.173085585282035215e+00
1.018005144326950528e+01,1.143964113507889513e+00
1.020005715918833999e+01,7.400770661787345883e-01
1.022006287510717293e+01,5.903993092455559477e-01
1.024006859102600764e+01,2.466202378773379444e-01
1.026007430694484057e+01,1.140154272473833608e+00
1.028008002286367528e+01,1.154692515499746275e+00
1.030008573878250999e+01,1.062881008533749894e+00
1.032009145470134293e+01,3.679812887249092612e-01
1.034009717062017764e+01,1.709209098699563611e+00
1.036010288653901057e+01,9.352043044365456748e-01
1.038010860245784528e+01,8.772761762542103936e-01
1.040011431837667999e+01,9.353432808770779650e-01
1.042012003429551292e+01,1.058477178471031177e+00
1.044012575021434763e+01,1.211476862064993387e+00
1.046013146613318057e+01,8.065070110420422544e-01
1.048013718205201528e+01,1.041075624381768705e+00
1.050014289797084821e+01,9.212698747193142079e-01
1.052014861388968292e+01,1.199188340171391420e+00
1.054015432980851585e+01,1.565848283401666263e+00
1.056016004572735056e+01,1.596013845321972990e+00
1.058016576164618527e+01,1.140449186613323285e+00
1.060017147756501821e+01,9.727440364618071822e-01
1.062017719348385292e+01,1.681699011158710455e+00
1.064018290940268585e+01,9.445278263117160567e-01
1.066018862532152056e+01,1.374688273348420697e+00
1.068019434124035527e+01,1.732182163791679219e+00
1.070020005715918820e+01,1.036423871603243674e+00
1.072020577307802292e+01,1.048250772609724102e+00
1.074021148899685585e+01,8.713867189310207095e-01
1.076021720491569056e+01,1.084141751677094145e+00
1.078022292083452349e+01,1.796743326804249641e+00
1.080022863675335820e+01,1.636067561730842002e+00
1.082023435267219291e+01,1.474219097894578168e+00
1.084024006859102585e+01,8.308162767942379734e-01
1.086024578450986056e+01,8.832268746598258558e-01
1.088025150042869349e+01,1.103397761911174113e+00
1.090025721634752820e+01,6.107291994260330981e-01
1.092026293226636113e+01,1.256489412910043235e+00
1.094026864818519584e+01,1.194112443466780693e+00
1.096027436410403055e+01,8.063023810682462544e-01
1.098028008002286349e+01,1.055755989731440359e+00
1.100028579594169820e+01,1.314101711423137475e+00
1.102029151186053113e+01,1.504553294571336242e+00
1.104029722777936584e+01,1.606058318747284774e+00
1.106030294369819877e+01,1.289180598844442249e+00
1.108030865961703348e+01,1.694043033805504805e+00
1.110031437553586819e+01,1.423287432310948564e+00
1.112032009145470113e+01,7.432828643469522323e-01
1.114032580737353584e+01,9.789172682825428851e-01
1.116033152329236877e+01,1.459803343132549891e+00
1.118033723921120348e+01,1.840227898881587887e+00
1.120034295513003642e+01,1.674705066453796132e+00
1.122034867104887113e+01,1.635030013881361377e+00
1.124035438696770584e+01,1.642008278390948650e+00
1.126036010288653877e+01,1.348338758089936862e+00
1.128036581880537348e+01,1.361832445682712223e+00
1.130037153472420641e+01,1.364028694149057586e+00
1.132037725064304112e+01,1.920571003724582670e+00
1.134038296656187583e+01,8.057426919620813699e-01
1.136038868248070877e+01,1.361934982982839992e+00
1.138039439839954348e+01,1.525547934737101485e+00
1.140040011431837641e+01,1.361270748444563861e+00
1.142040583023721112e+01,1.913925630087392804e+00
1.144041154615604405e+01,6.729164621192402773e-01
1.146041726207487876e+01,1.757799460594374530e+00
1.148042297799371170e+01,1.564433886684468478e+00
1.150042869391254641e+01,1.664306376087488104e+00
1.152043440983138112e+01,6.175007443992970302e-01
1.154044012575021405e+01,9.544871976543912728e-01
1.156044584166904876e+01,1.866348602883111774e+00
1.158045155758788169e+01,1.222103578280807623e+00
1.160045727350671640e+01,1.538737020495667185e+00
1.162046298942555111e+01,1.556026825008967274e+00
1.164046870534438405e+01,1.199270247262650635e+00
1.166047442126321876e+01,1.889208143863841283e+00
1.168048013718205169e+01,1.610165349980638094e+00
1.170048585310088640e+01,1.451350121027309203e+00
1.172049156901971934e+01,1.860340905250511989e+00
1.174049728493855405e+01,2.228877741764013098e+00
1.176050300085738698e+01,1.951880388828137747e+00
1.178050871677622169e+01,1.396783435637756643e+00
1.180051443269505640e+01,1.911570875982489204e+00
1.182052014861388933e+01,1.436976129343137343e+00
1.184052586453272404e+01,1.473713944191691994e+00
1.186053158045155698e+01,1.547152656203595766e+00
1.188053729637039169e+01,2.160361006374949877e+00
1.190054301228922640e+01,1.494728811257361123e+00
1.192054872820805933e+01,1.586977175384581162e+00
1.194055444412689404e+01,1.802834253464953296e+00
1.196056016004572697e+01,1.620669195343230173e+00
1.198056587596456168e+01,1.552568603589789653e+00
1.200057159188339639e+01,1.084437970108268257e+00
1.202057730780222933e+01,2.007290246135137401e+00
1.204058302372106226e+01,1.130604485484461019e+00
1.206058873963989697e+01,1.263470090282269087e+00
1.208059445555873168e+01,1.846445929794819030e+00
1.210060017147756461e+01,1.638871263139578760e+00
1.212060588739639932e+01,1.707198165399141931e+00
1.214061160331523226e+01,7.589569739221955214e-01
1.216061731923406697e+01,1.500663209999804515e+00
1.218062303515290168e+01,1.691227887750558878e+00
1.220062875107173461e+01,2.364676658724195413e+00
1.222063446699056932e+01,1.731155502475550945e+00
1.224064018290940226e+01,2.104895233869251925e+00
1.226064589882823697e+01,1.661029316988906102e+00
1.228065161474707168e+01,1.747032493467120418e+00
1.230065733066590461e+01,2.156381888144439429e+00
1.232066304658473754e+01,1.493534679965919043e+00
1.234066876250357225e+01,1.559917449809445245e+00
1.236067447842240696e+01,1.215421697039541060e+00
1.238068019434123990e+01,1.681080088111620352e+00
1.240068591026007461e+01,1.925218382263462757e+00
1.242069162617890754e+01,1.137212364435847389e+00
1.244069734209774225e+01,1.287355603730740317e+00
1.246070305801657696e+01,1.539886254693380918e+00
1.248070877393540989e+01,1.912856141656772646e+00
1.250071448985424460e+01,1.562751521618293227e+00
1.252072020577307754e+01,1.892916864016601419e+00
1.254072592169191225e+01,1.131350095597168481e+00
1.256073163761074696e+01,1.642415593957126330e+00
1.258073735352957989e+01,2.424371024029101207e+00
1.260074306944841460e+01,1.800051765255788583e+00
1.262074878536724754e+01,2.159413429059164002e+00
1.264075450128608225e+01,2.281274733339262895e+00
1.266076021720491518e+01,1.667013764636962492e+00
1.268076593312374989e+01,2.033414166003015389e+00
1.270077164904258282e+01,1.054300593486863669e+00
1.272077736496141753e+01,1.977030327554994305e+00
1.274078308088025224e+01,1.805273103099437559e+00
1.276078879679908518e+01,2.432295294197520441e+00
1.278079451271791989e+01,1.902835705873731298e+00
1.280080022863675282e+01,1.890470192802299998e+00
1.282080594455558753e+01,1.950855642112963029e+00
1.284081166047442224e+01,1.478183821755484351e+00
1.286081737639325517e+01,2.370893225592598075e+00
1.288082309231208988e+01,1.680270432403455860e+00
1.290082880823092282e+01,1.796599119210105400e+00
1.292083452414975753e+01,1.814458436050672807e+00
1.294084024006859224e+01,2.409478832270484094e+00
1.296084595598742517e+01,1.336862685067163881e+00
1.298085167190625810e+01,1.410010918089089849e+00
1.300085738782509281e+01,1.935434639898102382e+00
1.302086310374392752e+01,2.622397866308346259e+00
1.304086881966276046e+01,2.110685297387425052e+00
1.306087453558159517e+01,2.045976090987505547e+00
1.308088025150042810e+01,1.384934352442362959e+00
1.310088596741926281e+01,1.354595466715775132e+00
1.312089168333809752e+01,1.734767959693539474e+00
1.314089739925693046e+01,2.355126475112859552e+00
1.316090311517576517e+01,1.493034052110799870e+00
1.318090883109459810e+01,2.089458374966502330e+00
1.320091454701343281e+01,1.781055611322850396e+00
1.322092026293226752e+01,2.076035724847458575e+00
1.324092597885110045e+01,2.182705577105494399e+00
1.326093169476993339e+01,2.271654730273372280e+00
1.328093741068876810e+01,2.052784063986568874e+00
1.330094312660760281e+01,1.931855037468106939e+00
1.332094884252643574e+01,2.132785140948358915e+00
1.334095455844527045e+01,2.370986805836746925e+00
1.336096027436410338e+01,1.650506801848279359e+00
1.338096599028293809e+01,2.409958178629624470e+00
1.340097170620177280e+01,2.042930239832187578e+00
1.342097742212060574e+01,2.690255034622513364e+00
1.344098313803944045e+01,1.957401529605709012e+00
1.346098885395827338e+01,1.581117916718790539e+00
1.348099456987710809e+01,1.654728849915239053e+00
1.350100028579594280e+01,1.717687862010168764e+00
1.352100600171477573e+01,2.285364036972831414e+00
1.354101171763361044e+01,2.644544487250859888e+00
1.356101743355244338e+01,1.937301729221516222e+00
1.358102314947127809e+01,2.699628146045744082e+00
1.360102886539011102e+01,1.330961280078166276e+00
1.362103458130894573e+01,1.788483496924358374e+00
1.364104029722777867e+01,1.648147367095209592e+00
1.366104601314661338e+01,1.882472283183141970e+00
1.368105172906544809e+01,2.740267925992242670e+00
1.370105744498428102e+01,2.002527887445443522e+00
1.372106316090311573e+01,2.056079594429113477e+00
1.374106887682194866e+01,1.992169179971961857e+00
1.376107459274078337e+01,1.864876387160451010e+00
1.378108030865961808e+01,2.817982353035594301e+00
1.380108602457845102e+01,1.345460075482525442e+00
1.382109174049728573e+01,2.337473247728169223e+00
1.384109745641611866e+01,2.439585541565229665e+00
1.386110317233495337e+01,2.788523813641221594e+00
1.388110888825378808e+01,1.739911088302485309e+00
1.390111460417262101e+01,2.450812193904364999e+00
1.392112032009145395e+01,1.601467095110195693e+00
1.394112603601028866e+01,1.530863862201202075e+00
1.396113175192912337e+01,1.818489402898833429e+00
1.398113746784795630e+01,2.162383379958228158e+00
1.400114318376679101e+01,2.500073128470012840e+00
1.402114889968562395e+01,1.700494772636470975e+00
1.404115461560445866e+01,2.331498195984882393e+00
1.406116033152329337e+01,2.636513596236916612e+00
1.408116604744212630e+01,2.258268806171344956e+00
1.410117176336095923e+01,2.093253072148667293e+00
1.412117747927979394e+01,1.670142690974233179e+00
1.414118319519862865e+01,2.007367190359376607e+00
1.416118891111746336e+01,1.832125891659409866e+00
1.418119462703629630e+01,1.354134484569124552e+00
1.420120034295512923e+01,2.291071117611078733e+00
1.422120605887396394e+01,2.014806006694915386e+00
1.424121177479279865e+01,1.839948137466890232e+00
1.426121749071163336e+01,2.308010553419594491e+00
1.428122320663046629e+01,2.149376928744120008e+00
1.430122892254929923e+01,1.874723258973789441e+00
1.432123463846813394e+01,2.777429295535605469e+00
1.434124035438696865e+01,2.178262575508848720e+00
1.436124607030580158e+01,2.334213117655526748e+00
1.438125178622463629e+01,2.306014468274176110e+00
1.440125750214346922e+01,2.834606740733017993e+00
1.442126321806230393e+01,3.117831299826873348e+00
1.444126893398113864e+01,2.031198350715918366e+00
1.446127464989997158e+01,2.125245007217717585e+00
1.448128036581880451e+01,2.517722912471067165e+00
1.450128608173763922e+01,1.737835030758219990e+00
1.452129179765647393e+01,2.422566648734418848e+00
1.454129751357530864e+01,2.298917991138790029e+00
1.456130322949414158e+01,2.678320553935816584e+00
1.458130894541297451e+01,1.911805943804715024e+00
1.460131466133180922e+01,2.326847521061041313e+00
1.462132037725064393e+01,2.235306289408998115e+00
1.464132609316947686e+01,2.394554139140311122e+00
1.466133180908831157e+01,2.929839064554486505e+00
1.468133752500714451e+01,2.943561782722332598e+00
1.470134324092597922e+01,2.369028713305454836e+00
1.472134895684481393e+01,2.298283435709208344e+00
1.474135467276364686e+01,1.709542338258285943e+00
1.476136038868247979e+01,2.054289939611383620e+00
1.478136610460131450e+01,2.227636970645081149e+00
1.480137182052014921e+01,2.252673327704392658e+00
1.482137753643898392e+01,2.742594718284524724e+00
1.484138325235781686e+01,1.997285018576532512e+00
1.486138896827664979e+01,2.655021044551422627e+00
1.488139468419548450e+01,2.181497399121421488e+00
1.490140040011431921e+01,3.021437964351564531e+00
1.492140611603315392e+01,2.192702027998725711e+00
1.494141183195198685e+01,2.568170159043437373e+00
1.496141754787081979e+01,2.334767452609313398e+00
1.498142326378965450e+01,2.545740879424998493e+00
1.500142897970848921e+01,2.546736730249158143e+00
1.502143469562732214e+01,2.613344865810743656e+00
1.504144041154615508e+01,2.084733199097765777e+00
1.506144612746498979e+01,2.113650529756121887e+00
1.508145184338382450e+01,2.229198532693463797e+00
1.510145755930265921e+01,2.661120084820727705e+00
1.512146327522149214e+01,2.682449784253787328e+00
1.514146899114032507e+01,1.722356667091700988e+00
1.516147470705915978e+01,2.426412376344878830e+00
1.518148042297799449e+01,2.539774991184152952e+00
1.520148613889682920e+01,2.942657080264504010e+00
1.522149185481566214e+01,1.985874434760002138e+00
1.524149757073449507e+01,2.771237987645036593e+00
1.526150328665332978e+01,2.798881028580237018e+00
1.528150900257216449e+01,3.160760096527041263e+00
1.530151471849099742e+01,2.885384186821152497e+00
1.532152043440983036e+01,2.858642629859780904e+00
1.534152615032866507e+01,2.465332796235440327e+00
1.536153186624749978e+01,3.057772827069804578e+00
1.538153758216633449e+01,2.605775462693380007e+00
1.540154329808516742e+01,2.499481103121041770e+00
1.542154901400400036e+01,2.821316022559810399e+00
1.544155472992283507e+01,2.685162402613290755e+00
1.546156044584166978e+01,2.413462560111524713e+00
1.548156616176050449e+01,1.958899002489711716e+00
1.550157187767933742e+01,2.708021777652398931e+00
1.552157759359817035e+01,2.959573606103059973e+00
1.554158330951700506e+01,2.924325979389604591e+00
1.556158902543583977e+01,2.556807034013298896e+00
1.558159474135467271e+01,2.319052380683038095e+00
1.560160045727350742e+01,3.475230910927645578e+00
1.562160617319234035e+01,2.177193932109144470e+00
1.564161188911117506e+01,2.889501469318215943e+00
1.566161760503000977e+01,2.854836576214752952e+00
1.568162332094884270e+01,2.809917841834473684e+00
1.570162903686767564e+01,2.578961825552792408e+00
1.572163475278651035e+01,2.502465045164535606e+00
1.574164046870534506e+01,2.507384853916301282e+00
1.576164618462417977e+01,2.453267392500928956e+00
1.578165190054301270e+01,2.344559191234560469e+00
1.580165761646184563e+01,2.435801764189601926e+00
1.582166333238068034e+01,2.998592386594514991e+00
1.584166904829951505e+01,2.713004000638259416e+00
1.586167476421834799e+01,2.969629854306115924e+00
1.588168048013718270e+01,2.926892672560863051e+00
1.590168619605601563e+01,2.000153060641014946e+00
1.592169191197485034e+01,2.104225815243827125e+00
1.594169762789368505e+01,2.730790876601103534e+00
1.596170334381251799e+01,2.316561641342945066e+00
1.598170905973135092e+01,2.720427144242432593e+00
1.600171477565018563e+01,3.165418001571103090e+00
1.602172049156902034e+01,2.987004047031592613e+00
1.604172620748785505e+01,1.893763619500621997e+00
1.606173192340668976e+01,3.320605093657486684e+00
1.608173763932552092e+01,2.835223580391091680e+00
1.610174335524435563e+01,3.072244174042298326e+00
1.612174907116319034e+01,2.149988259713095928e+00
1.614175478708202505e+01,2.141003266498969104e+00
1.616176050300085620e+01,3.431143001640377221e+00
1.618176621891969091e+01,2.677910240738707870e+00
1.620177193483852562e+01,2.715383996508442088e+00
1.622177765075736033e+01,2.825273784637910346e+00
1.624178336667619504e+01,2.112423590901241433e+00
1.626178908259502620e+01,3.030117337998428084e+00
1.628179479851386091e+01,2.605841177410422205e+00
1.630180051443269562e+01,2.017422272950113449e+00
1.632180623035153033e+01,2.755312564547235610e+00
1.634181194627036149e+01,3.236928061541900270e+00
1.636181766218919620e+01,3.673209954940791278e+00
1.638182337810803091e+01,2.840318933394656575e+00
1.640182909402686562e+01,3.218450452226136349e+00
1.642183480994570033e+01,2.735427212828653865e+00
1.644184052586453504e+01,2.569549631940070356e+00
1.646184624178336620e+01,2.203379425711914141e+00
1.648185195770220091e+01,2.958812338926479768e+00
1.650185767362103562e+01,2.596378262068438580e+00
1.652186338953986677e+01,2.296410597426942424e+00
1.654186910545870148e+01,2.346151333850114096e+00
1.656187482137753619e+01,3.004890413952589157e+00
1.658188053729637090e+01,2.710933916120447762e+00
1.660188625321520561e+01,3.629151162098928296e+00
1.662189196913404032e+01,3.016189105898650524e+00
1.664189768505287148e+01,2.461702565490940131e+00
1.666190340097170619e+01,2.865091434270101267e+00
1.668190911689054090e+01,3.064057043359018628e+00
1.670191483280937561e+01,2.261859866358247650e+00
1.672192054872820677e+01,3.562245919190845544e+00
1.674192626464704148e+01,3.710020344868030229e+00
1.676193198056587619e+01,2.563781081023496444e+00
1.678193769648471090e+01,3.194916758395226708e+00
1.680194341240354561e+01,2.723631738071201625e+00
1.682194912832238032e+01,3.215590250596095601e+00
1.684195484424121148e+01,2.967648026052926546e+00
1.686196056016004619e+01,3.036093875087084726e+00
1.688196627607888090e+01,3.088728530947161488e+00
1.690197199199771205e+01,2.904511590200817395e+00
1.692197770791654676e+01,3.114357612690412225e+00
1.694198342383538147e+01,2.864228461665212944e+00
1.696198913975421618e+01,2.669646943389227367e+00
1.698199485567305089e+01,3.661903000615211123e+00
1.700200057159188560e+01,3.099051775136787867e+00
1.702200628751071676e+01,2.959770457205727290e+00
1.704201200342955147e+01,2.999212369129960365e+00
1.706201771934838618e+01,2.598470594601649086e+00
1.708202343526722089e+01,3.235849429285183376e+00
1.710202915118605205e+01,2.654309413053359989e+00
1.712203486710488676e+01,2.839680770842694546e+00
1.714204058302372147e+01,2.400975589637801555e+00
1.716204629894255618e+01,3.423438970865512854e+00
1.718205201486139089e+01,3.538895372418759067e+00
1.720205773078022204e+01,2.845273949983194939e+00
1.722206344669905675e+01,3.360414981880057717e+00
1.724206916261789146e+01,3.381798404755262943e+00
1.726207487853672617e+01,3.480792055368557403e+00
1.728208059445555733e+01,2.495832834863685790e+00
1.730208631037439204e+01,2.755324545241092160e+00
1.732209202629322675e+01,2.806121488114973417e+00
1.734209774221206146e+01,2.369764327750041311e+00
1.736210345813089617e+01,2.791579993072974553e+00
1.738210917404973088e+01,2.643498286440690848e+00
1.740211488996856204e+01,3.016169572285575917e+00
1.742212060588739675e+01,3.253502221262252192e+00
1.744212632180623146e+01,3.768068533731339542e+00
1.746213203772506262e+01,3.748370385714814290e+00
1.748213775364389733e+01,2.798429003301338369e+00
1.750214346956273204e+01,2.700172751622608391e+00
1.752214918548156675e+01,2.726609580777271447e+00
1.754215490140040146e+01,3.509764845699117064e+00
1.756216061731923617e+01,3.661488975726447492e+00
1.758216633323806732e+01,2.697475860471381104e+00
1.760217204915690203e+01,3.643239550017055350e+00
1.762217776507573674e+01,3.027803784054875269e+00
1.764218348099457145e+01,2.518361561857330955e+00
1.766218919691340261e+01,3.072094373288336566e+00
1.768219491283223732e+01,3.186232911046400940e+00
1.770220062875107203e+01,3.117051101883776099e+00
1.772220634466990674e+01,3.273330341513574382e+00
1.774221206058874145e+01,3.156648142237368226e+00
1.776221777650757616e+01,3.347871347798543340e+00
1.778222349242640732e+01,2.349071264021452166e+00
1.780222920834524203e+01,2.988258417637122299e+00
1.782223492426407674e+01,2.828745572119346186e+00
1.784224064018290790e+01,3.185911643953770245e+00
1.786224635610174261e+01,2.691449166350251332e+00
1.788225207202057732e+01,3.363337584946624936e+00
1.790225778793941203e+01,2.745488877886109957e+00
1.792226350385824674e+01,3.376595530563021530e+00
1.794226921977708145e+01,3.206987893701276793e+00
1.796227493569591260e+01,3.056781842050191766e+00
1.798228065161474731e+01,3.264183376155762151e+00
1.800228636753358202e+01,2.634325639809037778e+00
1.802229208345241318e+01,2.533541376098696674e+00
1.804229779937124789e+01,3.075998515865593586e+00
1.806230351529008260e+01,3.232879305899866385e+00
1.808230923120891731e+01,3.694751730506609100e+00
1.810231494712775202e+01,2.690513046646206607e+00
1.812232066304658673e+01,2.943488725883061541e+00
1.814232637896542144e+01,3.441580927416074687e+00
1.816233209488425260e+01,2.418206062327376227e+00
1.818233781080308731e+01,3.675000758318936356e+00
1.820234352672191847e+01,3.507669137651589164e+00
1.822234924264075318e+01,3.145249546788672301e+00
1.824235495855958789e+01,3.520063288030541582e+00
1.826236067447842260e+01,3.560017522346292651e+00
1.828236639039725731e+01,3.163349608842096927e+00
1.830237210631609202e+01,2.972213897827453710e+00
1.832237782223492673e+01,4.001549202638771341e+00
1.834238353815375788e+01,3.035603818444307489e+00
1.836238925407259259e+01,3.432005991091000130e+00
1.838239496999142730e+01,3.034812438090031872e+00
1.840240068591025846e+01,2.984619592714020886e+00
1.842240640182909317e+01,2.974035781675044454e+00
1.844241211774792788e+01,3.171450786774965280e+00
1.846241783366676259e+01,3.215370283465595058e+00
1.848242354958559730e+01,3.895294767879382114e+00
1.850242926550443201e+01,2.709080172589880320e+00
1.852243498142326672e+01,2.895662424471036722e+00
1.854244069734209788e+01,3.068627725001943141e+00
1.856244641326093259e+01,2.994900316680185970e+00
1.858245212917976374e+01,4.085754514836096085e+00
1.860245784509859845e+01,3.320919920488210053e+00
1.862246356101743316e+01,3.136171277874395535e+00
1.864246927693626787e+01,3.240568498882403503e+00
1.866247499285510258e+01,2.654527446492155995e+00
1.868248070877393729e+01,2.730171692886533386e+00
1.870248642469277200e+01,3.277494078164170155e+00
1.872249214061160316e+01,3.061148930396595524e+00
1.874249785653043787e+01,3.736325569340205099e+00
1.876250357244927258e+01,3.629287799315541463e+00
1.878250928836810374e+01,3.894940371907629206e+00
1.880251500428693845e+01,3.519014412765268496e+00
1.882252072020577316e+01,3.618121286586804430e+00
1.884252643612460787e+01,2.887588518797963744e+00
1.886253215204344258e+01,3.332389378696345883e+00
1.888253786796227729e+01,4.005966219252257154e+00
1.890254358388111200e+01,3.604987149282769643e+00
1.892254929979994316e+01,2.927850891582924664e+00
1.894255501571877787e+01,3.064045599661084474e+00
1.896256073163760902e+01,3.200481159927366370e+00
1.898256644755644373e+01,2.871537832593112238e+00
1.900257216347527844e+01,3.129689879462330904e+00
1.902257787939411315e+01,3.353439724734167182e+00
1.904258359531294786e+01,3.780403018647178648e+00
1.906258931123178257e+01,3.556812658210843914e+00
1.908259502715061728e+01,3.533718181221770394e+00
1.910260074306944844e+01,2.738341914285014500e+00
1.912260645898828315e+01,2.597391595388325758e+00
1.914261217490711431e+01,3.658521067409248317e+00
1.916261789082594902e+01,2.949748300650905986e+00
1.918262360674478373e+01,3.085901773578148877e+00
1.920262932266361844e+01,4.061844056939170500e+00
1.922263503858245315e+01,3.737224348892609349e+00
1.924264075450128786e+01,3.622522157340566817e+00
1.926264647042012257e+01,3.394873118704465398e+00
1.928265218633895373e+01,4.162555806037571138e+00
1.930265790225778844e+01,3.525405884789796218e+00
1.932266361817662315e+01,3.281672513369636057e+00
1.934266933409545430e+01,3.752214936769751930e+00
1.936267505001428901e+01,3.818973090511684987e+00
1.938268076593312372e+01,3.684472571431143706e+00
1.940268648185195843e+01,3.629009375662406001e+00
1.942269219777079314e+01,3.572861330215649112e+00
1.944269791368962785e+01,2.775048080554002539e+00
1.946270362960846256e+01,3.054452257523354586e+00
1.948270934552729372e+01,3.274971405310871830e+00
1.950271506144612843e+01,3.550209725269944272e+00
1.952272077736495959e+01,4.254084173938499802e+00
1.954272649328379430e+01,4.195372455758473507e+00
1.956273220920262901e+01,3.941320927243597616e+00
1.958273792512146372e+01,3.078112457451431361e+00
1.960274364104029843e+01,3.814908618093934667e+00
1.962274935695913314e+01,4.020634755399187910e+00
1.964275507287796785e+01,3.971498660578741458e+00
1.966276078879679901e+01,3.654367708712872975e+00
1.968276650471563372e+01,3.379692821968031780e+00
1.970277222063446487e+01,2.778213890361614258e+00
1.972277793655329958e+01,3.596979164216957514e+00
1.974278365247213429e+01,2.848202504054014650e+00
1.976278936839096900e+01,3.158285534276515261e+00
1.978279508430980371e+01,3.557786094427085821e+00
1.980280080022863842e+01,3.584681687916164261e+00
1.982280651614747313e+01,3.339606034627169429e+00
1.984281223206630784e+01,3.465649979340938991e+00
1.986281794798513900e+01,3.584881024323096632e+00
1.988282366390397371e+01,3.571827273850501250e+00
1.990282937982280487e+01,3.473970521782555387e+00
1.992283509574163958e+01,4.109271111915711927e+00
1.994284081166047429e+01,3.805869645736378537e+00
1.996284652757930900e+01,3.252265467570642610e+00
1.998285224349814371e+01,3.560936472862306523e+00
2.000285795941697842e+01,3.193103721285220242e+00
2.002286367533581313e+01,3.396399816695704565e+00
2.004286939125464428e+01,4.264291638409716256e+00
2.006287510717347899e+01,3.916982117656517381e+00
2.008288082309231015e+01,3.378403240569616273e+00
2.010288653901114486e+01,3.166879925365038595e+00
2.012289225492997957e+01,2.916579462767995956e+00
2.014289797084881428e+01,2.888013058301123870e+00
2.016290368676764899e+01,3.029084822374594310e+00
2.018290940268648370e+01,2.915089577743773752e+00
2.020291511860531841e+01,3.430772661130029544e+00
2.022292083452414957e+01,4.149058757153225585e+00
2.024292655044298428e+01,4.141711376399177524e+00
2.026293226636181899e+01,3.950602122476192690e+00
2.028293798228065015e+01,3.949619633641760608e+00
2.030294369819948486e+01,3.868587137194489323e+00
2.032294941411831957e+01,3.647891470733772401e+00
2.034295513003715428e+01,3.559365003806884253e+00
2.036296084595598899e+01,3.762460168194812660e+00
2.038296656187482370e+01,3.681597918469570629e+00
2.040297227779365841e+01,3.429835938129493833e+00
2.042297799371248956e+01,3.066339615951113373e+00
2.044298370963132427e+01,4.135724184590212182e+00
2.046298942555015543e+01,3.415262203009453490e+00
2.048299514146899014e+01,3.586757421857720285e+00
2.050300085738782485e+01,3.696298932043823093e+00
2.052300657330665956e+01,2.782500942791125809e+00
2.054301228922549427e+01,3.933072160986522903e+00
2.056301800514432898e+01,3.798939954527723373e+00
2.058302372106316369e+01,3.816283180253805973e+00
2.060302943698199485e+01,3.724226916251107244e+00
2.062303515290082956e+01,3.350685649036410751e+00
2.064304086881966072e+01,3.649809870540412948e+00
2.066304658473849543e+01,3.612836627222660635e+00
2.068305230065733014e+01,3.450645615912180553e+00
2.070305801657616485e+01,3.400580170925139090e+00
2.072306373249499956e+01,4.228396108490445116e+00
2.074306944841383427e+01,4.091607912335610386e+00
2.076307516433266898e+01,3.814108962020833715e+00
2.078308088025150369e+01,3.646458053687188006e+00
2.080308659617033484e+01,3.890292843056144534e+00
2.082309231208916955e+01,4.120605323381846929e+00
2.084309802800800071e+01,3.234295072994534337e+00
2.086310374392683542e+01,3.631633218147374276e+00
2.088310945984567013e+01,3.791186817437924628e+00
2.090311517576450484e+01,3.842782316855295477e+00
2.092312089168333955e+01,3.737311441021238245e+00
2.094312660760217426e+01,4.123929200401591721e+00
2.096313232352100897e+01,3.274236530221440677e+00
2.098313803943984013e+01,3.908567715793742181e+00
2.100314375535867484e+01,3.896914916927435968e+00
2.102314947127750600e+01,3.140638860045333214e+00
2.104315518719634071e+01,3.442417713455638406e+00
2.106316090311517542e+01,3.776851438852143694e+00
2.108316661903401013e+01,3.991680515165206167e+00
2.110317233495284484e+01,4.557316178555548269e+00
2.112317805087167955e+01,3.414446225463403373e+00
2.114318376679051426e+01,3.502359903553658782e+00
2.116318948270934541e+01,3.223174390473372064e+00
2.118319519862818012e+01,4.191712217947669572e+00
2.120320091454701483e+01,3.427492874345910323e+00
2.122320663046584599e+01,4.317637385278199957e+00
2.124321234638468070e+01,4.388710923430512167e+00
2.126321806230351541e+01,3.923379813928174809e+00
2.128322377822235012e+01,3.680365394569861781e+00
2.130322949414118483e+01,4.068958280413397688e+00
2.132323521006001954e+01,4.019197982764020516e+00
2.134324092597885425e+01,3.161853375967546675e+00
2.136324664189768541e+01,3.107434879526755900e+00
2.138325235781652012e+01,4.021216167091195004e+00
2.140325807373535127e+01,3.353682635496276987e+00
2.142326378965418598e+01,4.188801932050610688e+00
2.144326950557302069e+01,4.086353088253116717e+00
2.146327522149185540e+01,3.961704250327985122e+00
2.148328093741069011e+01,3.151652973844691452e+00
2.150328665332952482e+01,3.357790947712065766e+00
2.152329236924835953e+01,3.871065979363605969e+00
2.154329808516719069e+01,3.620265584123643521e+00
2.156330380108602540e+01,3.168007214633456137e+00
2.158330951700485656e+01,3.217271965790124089e+00
2.160331523292369127e+01,3.606579948699309313e+00
2.162332094884252598e+01,3.591417967641830522e+00
2.164332666476136069e+01,4.080702694856106483e+00
2.166333238068019540e+01,3.984107247991651057e+00
2.168333809659903011e+01,3.529271409601521192e+00
2.170334381251786482e+01,3.445446576946852524e+00
2.172334952843669598e+01,3.884099126881469743e+00
2.174335524435553069e+01,3.431589369431471859e+00
2.176336096027436540e+01,3.658175043212972710e+00
2.178336667619319655e+01,4.445390894497591283e+00
2.180337239211203126e+01,3.785270254226798414e+00
2.182337810803086597e+01,4.070025550248648649e+00
2.184338382394970068e+01,3.563997113480090739e+00
2.186338953986853539e+01,4.178367629424234231e+00
2.188339525578737010e+01,4.187733678545180638e+00
2.190340097170620481e+01,4.304982192175565991e+00
2.192340668762503597e+01,3.867423328751279588e+00
2.194341240354387068e+01,3.683462458122491512e+00
2.196341811946270184e+01,3.175367898312063009e+00
2.198342383538153655e+01,3.619637571886862304e+00
2.200342955130037126e+01,4.151069743341404994e+00
2.202343526721920597e+01,3.507865259617485076e+00
2.204344098313804068e+01,3.657611077424982149e+00
2.206344669905687539e+01,3.463887152951112824e+00
2.208345241497571010e+01,4.023084702764831988e+00
2.210345813089454126e+01,4.214150902829999268e+00
2.212346384681337597e+01,4.205836382496421777e+00
2.214346956273221068e+01,3.778203134080524883e+00
2.216347527865104183e+01,4.007751206759396112e+00
2.218348099456987654e+01,3.325027716369986841e+00
2.220348671048871125e+01,4.203758255173826619e+00
2.222349242640754596e+01,4.720666985610225908e+00
2.224349814232638067e+01,3.266913621785290989e+00
2.226350385824521538e+01,4.451846823757703575e+00
2.228350957416405009e+01,3.751016983087229306e+00
2.230351529008288125e+01,4.290142804590164616e+00
2.232352100600171596e+01,4.775692963761066778e+00
2.234352672192054712e+01,3.578386977060282526e+00
2.236353243783938183e+01,3.468723855894729091e+00
2.238353815375821654e+01,4.232571203863050968e+00
2.240354386967705125e+01,4.630141763673850441e+00
2.242354958559588596e+01,4.175255954240739698e+00
2.244355530151472067e+01,4.718722874277050394e+00
2.246356101743355538e+01,4.406032076425590915e+00
2.248356673335238654e+01,3.878932555037689411e+00
2.250357244927122125e+01,3.826849760974367687e+00
2.252357816519005240e+01,4.817809012679402869e+00
2.254358388110888711e+01,3.976832676224423491e+00
2.256358959702772182e+01,3.975742599867689187e+00
2.258359531294655653e+01,3.646884915794317283e+00
2.260360102886539124e+01,4.169618788986289459e+00
2.262360674478422595e+01,3.842916823418146777e+00
2.264361246070306066e+01,4.723942973180754734e+00
2.266361817662189182e+01,4.595861453465898805e+00
2.268362389254072653e+01,4.553524932398750558e+00
2.270362960845956124e+01,4.730064282485146876e+00
2.272363532437839240e+01,4.482304741951294247e+00
2.274364104029722711e+01,5.161109811152456039e+00
2.276364675621606182e+01,3.865007882337828438e+00
2.278365247213489653e+01,5.193030101755510053e+00
2.280365818805373124e+01,4.480240557784474831e+00
2.282366390397256595e+01,4.750527484134439149e+00
2.284366961989140066e+01,5.353324512686615577e+00
2.286367533581023181e+01,4.537684466848811660e+00
2.288368105172906652e+01,4.706608272400530701e+00
2.290368676764789768e+01,5.127962837699673315e+00
2.292369248356673239e+01,5.766736984639685204e+00
2.294369819948556710e+01,5.534044347239497341e+00
2.296370391540440181e+01,5.657990120298165948e+00
2.298370963132323652e+01,5.737773257194797694e+00
2.300371534724207123e+01,5.416281071140957692e+00
2.302372106316090594e+01,6.109085713357258918e+00
2.304372677907973710e+01,5.960917086343632931e+00
2.306373249499857181e+01,6.465385706527733589e+00
2.308373821091740652e+01,7.314350284767757060e+00
2.310374392683623768e+01,6.600208145911185653e+00
2.312374964275507239e+01,6.495956973723796324e+00
2.314375535867390710e+01,7.079166217863637200e+00
2.316376107459274181e+01,6.913333327206288459e+00
2.318376679051157652e+01,6.838344279858350916e+00
2.320377250643041123e+01,8.781946135461343061e+00
2.322377822234924594e+01,8.264963996821016678e+00
2.324378393826807709e+01,9.172573001545860194e+00
2.326378965418691180e+01,8.540509016543888166e+00
2.328379537010574296e+01,9.315901692150188040e+00
2.330380108602457767e+01,9.781303680406162826e+00
2.332380680194341238e+01,9.549358563655449217e+00
2.334381251786224709e+01,1.032431683094615060e+01
2.336381823378108180e+01,9.787592272121722559e+00
2.338382394969991651e+01,1.094679379605225478e+01
2.340382966561875122e+01,1.131230076361768155e+01
2.342383538153758238e+01,1.195426087224183931e+01
2.344384109745641709e+01,1.189043208196397039e+01
2.346384681337524825e+01,1.206683959383367011e+01
2.348385252929408296e+01,1.248906919390161363e+01
2.350385824521291767e+01,1.324674747424749199e+01
2.352386396113175238e+01,1.395212957280474164e+01
2.354386967705058709e+01,1.391764372441945952e+01
2.356387539296942180e+01,1.548209615712582199e+01
2.358388110888825651e+01,1.539761988211319732e+01
2.360388682480708766e+01,1.595689183089152507e+01
2.362389254072592237e+01,1.641305673278117894e+01
2.364389825664475708e+01,1.710263408850675759e+01
2.366390397256358824e+01,1.755771117381838309e+01
2.368390968848242295e+01,1.769504175619251995e+01
2.370391540440125766e+01,1.942238133962563396e+01
2.372392112032009237e+01,1.998613633115191135e+01
2.374392683623892708e+01,2.039468041194598413e+01
2.376393255215776179e+01,2.069334521734134569e+01
2.378393826807659650e+01,2.099971101336409873e+01
2.380394398399542766e+01,2.158637075031730035e+01
2.382394969991426237e+01,2.179927837090573917e+01
2.384395541583309353e+01,2.267299948685324651e+01
2.386396113175192824e+01,2.139787482177466060e+01
2.388396684767076295e+01,2.280944664199341076e+01
2.390397256358959766e+01,2.221751829155090263e+01
2.392397827950843237e+01,2.190765982522439259e+01
2.394398399542726708e+01,2.235411350931656571e+01
2.396398971134610179e+01,2.140040182630783860e+01
2.398399542726493294e+01,2.044240234623710961e+01
2.400400114318376765e+01,1.908576656458851772e+01
2.402400685910260236e+01,1.790460029638459361e+01
2.404401257502143352e+01,1.691375908853870769e+01
2.406401829094026823e+01,1.549819915596674669e+01
2.408402400685910294e+01,1.470635375384947707e+01
2.410402972277793765e+01,1.386046790590999400e+01
2.412403543869677236e+01,1.245603507080010175e+01
2.414404115461560707e+01,1.161005174011076235e+01
2.416404687053444178e+01,1.022408009280012209e+01
2.418405258645327294e+01,8.978223433953116839e+00
2.420405830237210765e+01,8.775819550111059186e+00
2.422406401829093880e+01,7.979118699291381844e+00
2.424406973420977351e+01,7.266772376081972240e+00
2.426407545012860822e+01,7.441014578483718722e+00
2.428408116604744293e+01,5.949571593597993591e+00
2.430408688196627764e+01,5.820842426186672469e+00
2.432409259788511235e+01,6.194395172555267948e+00
2.434409831380394706e+01,5.646681700461071429e+00
2.436410402972277822e+01,4.487522607114642348e+00
2.438410974564161293e+01,4.722783230862011905e+00
2.440411546156044409e+01,4.587720059554976970e+00
2.442412117747927880e+01,4.502633312395273535e+00
2.444412689339811351e+01,4.963503175544089707e+00
2.446413260931694822e+01,4.147099201856313755e+00
2.448413832523578293e+01,5.098857077882730238e+00
2.450414404115461764e+01,5.141871690734038935e+00
2.452414975707345235e+01,4.727308055078736970e+00
2.454415547299228351e+01,4.387249736756986707e+00
2.456416118891111822e+01,4.812674700232280500e+00
2.458416690482995293e+01,4.027509270891840742e+00
2.460417262074878408e+01,3.865239065111565342e+00
2.462417833666761879e+01,4.115602630544953122e+00
2.464418405258645350e+01,4.601616304338119079e+00
2.466418976850528821e+01,4.031338092750161195e+00
2.468419548442412292e+01,4.676809978211787566e+00
2.470420120034295763e+01,4.980003797093381479e+00
2.472420691626179234e+01,4.919899682998779333e+00
2.474421263218062350e+01,5.346874715110196519e+00
2.476421834809945821e+01,4.356701044773178211e+00
2.478422406401828937e+01,5.174750611141350376e+00
2.480422977993712408e+01,4.273584684472845119e+00
2.482423549585595879e+01,4.850185710814603368e+00
2.484424121177479350e+01,4.472833060412429340e+00
2.486424692769362821e+01,4.391756169512729180e+00
2.488425264361246292e+01,3.736707984154282514e+00
2.490425835953129763e+01,4.296604053947862489e+00
2.492426407545012879e+01,4.009462372486966686e+00
2.494426979136896350e+01,4.417307585069206510e+00
2.496427550728779821e+01,4.593332251686333301e+00
2.498428122320662936e+01,4.867723507439978725e+00
2.500428693912546407e+01,4.014927873822127680e+00
2.502429265504429878e+01,4.130905553646125661e+00
2.504429837096313349e+01,3.765275916730508321e+00
2.506430408688196820e+01,5.113269105016025051e+00
2.508430980280080291e+01,3.995972818573524599e+00
2.510431551871963762e+01,4.621227419656163349e+00
2.512432123463846878e+01,3.873107814476940636e+00
2.514432695055730349e+01,4.774014776012474925e+00
2.516433266647613465e+01,4.478031326563328918e+00
2.518433838239496936e+01,4.574705044513338592e+00
2.520434409831380407e+01,4.906902014053047267e+00
2.522434981423263878e+01,3.871840442491634171e+00
2.524435553015147349e+01,4.262336978832540701e+00
2.526436124607030820e+01,4.270509350477977861e+00
2.528436696198914291e+01,4.593041854298712146e+00
2.530437267790797407e+01,4.494277287150405975e+00
2.532437839382680878e+01,4.916105180854107637e+00
2.534438410974563993e+01,4.995602079700929288e+00
2.536438982566447464e+01,4.625139909218106915e+00
2.538439554158330935e+01,4.668324997598473303e+00
2.540440125750214406e+01,4.528205034288374620e+00
2.542440697342097877e+01,4.322448994507110953e+00
2.544441268933981348e+01,3.755704642484386291e+00
2.546441840525864819e+01,3.987273774326316023e+00
2.548442412117747935e+01,4.234963731567998657e+00
2.550442983709631406e+01,5.001904761165168800e+00
2.552443555301514877e+01,4.958511208414929428e+00
2.554444126893397993e+01,4.100640955225289375e+00
2.556444698485281464e+01,4.842872123537008022e+00
2.558445270077164935e+01,4.666398159618451835e+00
2.560445841669048406e+01,4.238782127561378843e+00
2.562446413260931877e+01,4.488348636555942406e+00
2.564446984852815348e+01,4.478869851850390660e+00
2.566447556444698819e+01,4.612966593940016402e+00
2.568448128036581934e+01,4.406204191617906218e+00
2.570448699628465405e+01,4.511318481535655067e+00
2.572449271220348521e+01,4.322520282593057317e+00
2.574449842812231992e+01,3.723916701720741962e+00
2.576450414404115463e+01,4.053226190541701968e+00
2.578450985995998934e+01,4.503723836272373937e+00
2.580451557587882405e+01,4.563884965052126930e+00
2.582452129179765876e+01,4.333638163174645896e+00
2.584452700771649347e+01,4.460149306989906748e+00
2.586453272363532463e+01,5.255745919266491484e+00
2.588453843955415934e+01,4.616968851047895228e+00
2.590454415547299405e+01,4.057129791403662367e+00
2.592454987139182521e+01,4.765066542703598529e+00
2.594455558731065992e+01,4.406857455368349719e+00
2.596456130322949463e+01,4.874846630065171382e+00
2.598456701914832934e+01,4.063437979297567892e+00
2.600457273506716405e+01,4.928075590232225522e+00
2.602457845098599520e+01,4.811152646930999310e+00
2.604458416690482991e+01,4.800165919097979739e+00
2.606458988282366462e+01,4.770716643944487245e+00
2.608459559874249933e+01,4.069780406487796043e+00
2.610460131466133404e+01,4.332296934369328056e+00
2.612460703058016520e+01,3.711134608444510263e+00
2.614461274649899991e+01,4.841139225397480317e+00
2.616461846241783462e+01,4.384843783238199677e+00
2.618462417833666933e+01,4.449519808599151638e+00
2.620462989425550404e+01,4.645475039173490472e+00
2.622463561017433520e+01,4.645477735494586646e+00
2.624464132609316991e+01,3.905610752654136153e+00
2.626464704201200462e+01,3.942472158120322590e+00
2.628465275793083933e+01,4.342730203221682572e+00
2.630465847384967049e+01,3.988305451354539066e+00
2.632466418976850520e+01,5.015552424613161975e+00
2.634466990568733991e+01,3.922447473277741459e+00
2.636467562160617462e+01,4.588528111034896995e+00
2.638468133752500933e+01,5.205457681974483997e+00
2.640468705344384048e+01,4.577351443468924863e+00
2.642469276936267519e+01,4.181138786004833463e+00
2.644469848528150990e+01,4.857100204228895990e+00
2.646470420120034461e+01,3.793632953620005299e+00
2.648470991711917932e+01,4.526103157168178015e+00
2.650471563303801048e+01,4.553389881243251835e+00
2.652472134895684519e+01,5.088862193614913210e+00
2.654472706487567990e+01,4.034716171388622818e+00
2.656473278079451461e+01,4.348629963209721616e+00
2.658473849671334932e+01,4.848128056093347737e+00
2.660474421263218048e+01,4.160207979804838807e+00
2.662474992855101519e+01,4.464882790677326518e+00
2.664475564446984990e+01,4.776644320675920596e+00
2.666476136038868461e+01,4.341730516152476405e+00
2.668476707630751577e+01,4.778074837766106420e+00
2.670477279222635048e+01,4.579368092178391692e+00
2.672477850814518519e+01,4.005696203450492376e+00
2.674478422406401990e+01,4.582322974125196069e+00
2.676478993998285461e+01,4.042094876074534326e+00
2.678479565590168576e+01,4.797200060399951838e+00
2.680480137182052047e+01,4.638518739540384850e+00
2.682480708773935518e+01,4.928195539246544854e+00
2.684481280365818989e+01,4.550653920926929885e+00
2.686481851957702460e+01,4.705625143948608091e+00
2.688482423549585576e+01,3.834506023782458417e+00
2.690482995141469047e+01,3.737569341844537263e+00
2.692483566733352518e+01,4.577850495900983141e+00
2.694484138325235989e+01,5.028409600908076982e+00
2.696484709917119105e+01,3.891765054311684402e+00
2.698485281509002576e+01,4.745073349350402481e+00
2.700485853100886047e+01,4.617340030928247963e+00
2.702486424692769518e+01,4.969581664721275160e+00
2.704486996284652989e+01,4.360010041022503557e+00
2.706487567876536104e+01,4.806504862005807510e+00
2.708488139468419575e+01,5.150478094729569634e+00
2.710488711060303046e+01,4.087673381543961426e+00
2.712489282652186517e+01,4.218046533452559643e+00
2.714489854244069988e+01,4.842063576179805651e+00
2.716490425835953104e+01,5.329549890826662306e+00
2.718490997427836575e+01,3.880945418005857128e+00
2.720491569019720046e+01,5.123908764755335632e+00
2.722492140611603517e+01,4.907159255585287205e+00
2.724492712203486633e+01,4.443037185217745488e+00
2.726493283795370104e+01,4.990908679488812894e+00
2.728493855387253575e+01,4.713606444934876905e+00
2.730494426979137046e+01,5.166250461219352275e+00
2.732494998571020517e+01,4.451200199596806684e+00
2.734495570162903633e+01,5.297294405839147124e+00
2.736496141754787104e+01,4.725428417947992621e+00
2.738496713346670575e+01,4.569391383589810118e+00
2.740497284938554046e+01,3.825990817479522299e+00
2.742497856530437517e+01,4.563121593762568651e+00
2.744498428122320632e+01,4.655615108466474972e+00
2.746498999714204103e+01,3.731589919997709615e+00
2.748499571306087574e+01,4.533674322366707088e+00
2.750500142897971045e+01,4.517472999702587089e+00
2.752500714489854516e+01,5.488687958811132361e+00
2.754501286081737632e+01,4.079048646658373301e+00
2.756501857673621103e+01,4.587529274595522288e+00
2.758502429265504574e+01,4.410396020760570579e+00
2.760503000857388045e+01,5.170645262349648164e+00
2.762503572449271161e+01,4.910026672817684457e+00
2.764504144041154632e+01,4.218491297488489167e+00
2.766504715633038103e+01,4.979170747582788437e+00
2.768505287224921574e+01,5.496779744796588929e+00
2.770505858816805045e+01,5.442934696926718274e+00
2.772506430408688161e+01,5.018669720164073311e+00
2.774507002000571632e+01,4.743379798712105355e+00
2.776507573592455103e+01,4.735706504343002443e+00
2.778508145184338574e+01,3.953835349106357366e+00
2.780508716776222045e+01,4.360058391070971595e+00
2.782509288368105160e+01,4.396937273134106761e+00
2.784509859959988631e+01,4.515206947002345927e+00
2.786510431551872102e+01,4.537637830147341234e+00
2.788511003143755573e+01,4.526308115325125669e+00
2.790511574735638689e+01,5.012748274195788056e+00
2.792512146327522160e+01,4.312316597946958652e+00
2.794512717919405631e+01,4.742591999624542254e+00
2.796513289511289102e+01,4.516723375361857862e+00
2.798513861103172573e+01,4.903278068867768624e+00
2.800514432695055689e+01,4.560448482494384059e+00
2.802515004286939160e+01,5.163350036297693180e+00
2.804515575878822631e+01,4.347884787054716149e+00
2.806516147470706102e+01,4.942298079726128890e+00
2.808516719062589573e+01,4.225631495298260987e+00
2.810517290654472689e+01,4.130258975033140878e+00
2.812517862246356160e+01,4.089079471774117458e+00
2.814518433838239631e+01,4.903058382569257745e+00
2.816519005430123102e+01,5.025416141040834006e+00
2.818519577022006217e+01,4.658900090989366305e+00
2.820520148613889688e+01,4.041548133866716519e+00
2.822520720205773159e+01,5.117684314291622627e+00
2.824521291797656630e+01,5.178709015698719220e+00
2.826521863389540101e+01,5.089728241167259526e+00
2.828522434981423217e+01,5.148280559793226629e+00
2.830523006573306688e+01,4.527961210968031835e+00
2.832523578165190159e+01,4.377366610519038304e+00
2.834524149757073630e+01,4.106300663137858464e+00
2.836524721348957101e+01,4.815687313367469358e+00
2.838525292940840217e+01,4.321023326327127378e+00
2.840525864532723688e+01,5.383469294823156837e+00
2.842526436124607159e+01,4.584799067388062532e+00
2.844527007716490630e+01,4.480002996843387209e+00
2.846527579308374101e+01,4.802643770940814960e+00
2.848528150900257216e+01,4.802336640386664968e+00
2.850528722492140687e+01,5.038140202697753978e+00
2.852529294084024158e+01,5.306499453412445888e+00
2.854529865675907629e+01,4.454602211137224543e+00
2.856530437267790745e+01,4.744207650012718602e+00
2.858531008859674216e+01,4.749950275594890137e+00
2.860531580451557687e+01,4.625620615797797264e+00
2.862532152043441158e+01,4.938490609813468879e+00
2.864532723635324629e+01,4.645155559835087544e+00
2.866533295227207745e+01,4.674999394264040653e+00
2.868533866819091216e+01,4.866442805250594361e+00
2.870534438410974687e+01,5.277718353076611635e+00
2.872535010002858158e+01,5.633048303104581933e+00
2.874535581594741629e+01,4.040974768891676838e+00
2.876536153186624745e+01,5.316725563876225635e+00
2.878536724778508216e+01,4.694075945290123286e+00
2.880537296370391687e+01,4.893817987900737521e+00
2.882537867962275158e+01,5.196072908440109828e+00
2.884538439554158273e+01,4.920366895703802257e+00
2.886539011146041744e+01,4.435567464947060223e+00
2.888539582737925215e+01,4.498177736107404456e+00
2.890540154329808686e+01,4.765599099268383654e+00
2.892540725921692157e+01,4.900889922210700966e+00
2.894541297513575273e+01,5.475009671381058318e+00
2.896541869105458744e+01,4.398095388119108051e+00
2.898542440697342215e+01,4.703382235813132084e+00
2.900543012289225686e+01,4.317776109687850195e+00
2.902543583881109157e+01,4.961578473645024800e+00
2.904544155472992273e+01,4.650368664384517459e+00
2.906544727064875744e+01,5.443433562453849461e+00
2.908545298656759215e+01,4.702189727464650026e+00
2.910545870248642686e+01,5.332934008764045331e+00
2.912546441840525802e+01,5.196095068292949648e+00
2.914547013432409273e+01,5.119622115524499861e+00
2.916547585024292744e+01,5.447741141385783692e+00
2.918548156616176215e+01,4.753890823058601001e+00
2.920548728208059686e+01,5.399906682760241772e+00
2.922549299799942801e+01,4.858897961836325052e+00
2.924549871391826272e+01,4.795672625051299320e+00
2.926550442983709743e+01,5.292195876331051707e+00
2.928551014575593214e+01,5.569180847300618353e+00
2.930551586167476685e+01,4.160336244539609041e+00
2.932552157759359801e+01,4.666918646128367598e+00
2.934552729351243272e+01,4.780135240011070152e+00
2.936553300943126743e+01,4.798628451802313677e+00
2.938553872535010214e+01,5.142124171250167741e+00
2.940554444126893330e+01,4.337837416781159305e+00
2.942555015718776801e+01,5.061492905272642062e+00
2.944555587310660272e+01,4.350831014991582535e+00
2.946556158902543743e+01,4.580265933874720474e+00
2.948556730494427214e+01,4.315777770142473102e+00
2.950557302086310330e+01,5.362606586981560675e+00
2.952557873678193801e+01,5.129510972866546226e+00
2.954558445270077272e+01,4.711396041329962259e+00
2.956559016861960743e+01,4.576423480362882046e+00
2.958559588453844214e+01,5.022146596134245300e+00
2.960560160045727329e+01,4.966181091903024480e+00
2.962560731637610800e+01,4.342428535274949652e+00
2.964561303229494271e+01,5.043162739121687999e+00
2.966561874821377742e+01,5.313689578421945114e+00
2.968562446413261213e+01,4.664332165748936276e+00
2.970563018005144329e+01,4.642263165435394967e+00
2.972563589597027800e+01,4.842258388998087248e+00
2.974564161188911271e+01,4.971114686516528991e+00
2.976564732780794742e+01,4.946801391195342568e+00
2.978565304372677858e+01,4.677501489145996061e+00
2.980565875964561329e+01,4.814581229525204620e+00
2.982566447556444800e+01,5.430007082249902695e+00
2.984567019148328271e+01,4.931623803930976990e+00
2.986567590740211742e+01,5.079587980513240453e+00
2.988568162332094857e+01,4.699831598246429820e+00
2.990568733923978328e+01,5.198603488228666691e+00
2.992569305515861799e+01,4.699971294180826931e+00
2.994569877107745270e+01,5.437326342088163678e+00
2.996570448699628741e+01,5.235271918035730110e+00
2.998571020291511857e+01,5.102093721074412613e+00
3.000571591883395328e+01,5.304540930990211400e+00
3.002572163475278799e+01,4.993968586635822327e+00
3.004572735067162270e+01,4.936205440514523701e+00
3.006573306659045386e+01,4.710143714631673362e+00
3.008573878250928857e+01,5.271562648270034401e+00
3.010574449842812328e+01,4.567321471279111478e+00
3.012575021434695799e+01,5.449297264670446062e+00
3.014575593026579270e+01,5.188895844724294548e+00
3.016576164618462386e+01,4.806036867795067558e+00
3.018576736210345857e+01,4.645376740528099901e+00
3.020577307802229328e+01,5.102982728547871716e+00
3.022577879394112799e+01,4.703889518341132003e+00
3.024578450985996270e+01,4.705960860784798250e+00
3.026579022577879385e+01,5.191197730919931530e+00
3.028579594169762856e+01,4.400287428239055387e+00
3.030580165761646327e+01,5.189468719256947082e+00
3.032580737353529798e+01,5.230058662969046424e+00
3.034581308945412914e+01,4.917847860310645025e+00
3.036581880537296385e+01,5.277424571343566129e+00
3.038582452129179856e+01,4.869963417565434938e+00
3.040583023721063327e+01,4.950428970379614491e+00
3.042583595312946798e+01,4.844902363437037174e+00
3.044584166904829914e+01,4.308913869826459297e+00
3.046584738496713385e+01,4.948059536521473234e+00
3.048585310088596856e+01,4.324522646999046316e+00
3.050585881680480327e+01,5.188728990659694063e+00
3.052586453272363798e+01,4.852183891850451403e+00
3.054587024864246914e+01,4.674199681621267644e+00
3.056587596456130385e+01,4.736989594124456637e+00
3.058588168048013856e+01,4.258310855255885485e+00
3.060588739639897327e+01,4.700881067069196284e+00
3.062589311231780798e+01,4.324595198570180266e+00
3.064589882823663913e+01,4.795351262958082117e+00
3.066590454415547384e+01,4.967065345381177721e+00
3.068591026007430855e+01,4.998644207313212462e+00
3.070591597599314326e+01,4.752326054599490313e+00
3.072592169191197442e+01,4.957324415669786433e+00
3.074592740783080913e+01,4.886865617148318464e+00
3.076593312374964384e+01,4.402098960409325912e+00
3.078593883966847855e+01,4.912467393253573178e+00
3.080594455558731326e+01,5.324166749418962397e+00
3.082595027150614442e+01,4.637563051661578228e+00
3.084595598742497913e+01,5.128425764121733010e+00
3.086596170334381384e+01,4.423136820989425289e+00
3.088596741926264855e+01,5.188264073030793178e+00
3.090597313518148326e+01,5.041645591308974161e+00
3.092597885110031442e+01,5.310131094812694741e+00
3.094598456701914913e+01,5.281968856541705115e+00
3.096599028293798384e+01,4.953195870164078585e+00
3.098599599885681855e+01,4.421378714113409103e+00
3.100600171477564970e+01,5.358713468929242829e+00
3.102600743069448441e+01,5.154537841657585773e+00
3.104601314661331912e+01,4.535085902487458576e+00
3.106601886253215383e+01,5.014156596887216821e+00
3.108602457845098854e+01,4.964808263682476408e+00
3.110603029436981970e+01,4.670410621550704633e+00
3.112603601028865441e+01,4.256782448771920357e+00
3.114604172620748912e+01,4.709660087621044156e+00
3.116604744212632383e+01,4.924263182669378125e+00
3.118605315804515854e+01,4.752931082876239444e+00
3.120605887396398970e+01,5.457780907748437826e+00
3.122606458988282441e+01,5.295148110118081064e+00
3.124607030580165912e+01,5.057067930308484449e+00
3.126607602172049383e+01,5.384454982544419011e+00
3.128608173763932498e+01,4.992305072527547516e+00
3.130608745355815969e+01,4.508547575566851151e+00
3.132609316947699440e+01,5.312733447347829596e+00
3.134609888539582911e+01,5.107374574471183593e+00
3.136610460131466382e+01,4.574917114189075207e+00
3.138611031723349498e+01,4.420809372716968610e+00
3.140611603315232969e+01,4.964256586096880142e+00
3.142612174907116440e+01,4.380964939469208730e+00
3.144612746498999911e+01,5.096362643969683859e+00
3.146613318090883382e+01,5.177431048697624938e+00
3.148613889682766498e+01,5.248242808447974639e+00
3.150614461274649969e+01,4.492944794607780956e+00
3.152615032866533440e+01,5.515382739670700474e+00
3.154615604458416911e+01,5.439930257208382969e+00
3.156616176050300382e+01,4.647062366365245722e+00
3.158616747642183498e+01,5.467996026817365518e+00
3.160617319234066969e+01,5.562328431271392759e+00
3.162617890825950440e+01,4.866514610383143591e+00
3.164618462417833911e+01,5.263831932436623617e+00
3.166619034009717026e+01,5.063180974745820961e+00
3.168619605601600497e+01,5.260815423940429447e+00
3.170620177193483968e+01,4.878514664772781728e+00
3.172620748785367439e+01,4.683915288877544825e+00
3.174621320377250910e+01,5.060579463032037317e+00
3.176621891969134026e+01,5.676660774747243288e+00
3.178622463561017497e+01,4.903005604151381647e+00
3.180623035152900968e+01,5.447282696200535845e+00
3.182623606744784439e+01,5.157962092870362447e+00
3.184624178336667910e+01,4.998634135146092561e+00
3.186624749928551026e+01,4.347599650488923828e+00
3.188625321520434497e+01,5.165475189389841404e+00
3.190625893112317968e+01,5.196874911448209566e+00
3.192626464704201439e+01,5.315700585134596423e+00
3.194627036296084555e+01,5.320759937365673764e+00
3.196627607887968026e+01,5.481328421136346662e+00
3.198628179479851497e+01,5.158730715168839076e+00
3.200628751071734968e+01,5.092931839635034486e+00
3.202629322663618439e+01,4.780507719782590925e+00
3.204629894255501199e+01,5.593232603320931418e+00
3.206630465847385381e+01,5.377881274792948751e+00
3.208631037439268141e+01,4.935134243660675324e+00
3.210631609031152323e+01,5.266572101661909144e+00
3.212632180623035083e+01,5.144215469342279690e+00
3.214632752214918554e+01,5.815221808553422633e+00
3.216633323806802025e+01,5.978337925521524099e+00
3.218633895398685496e+01,5.256540975660923820e+00
3.220634466990568967e+01,5.446040113026350937e+00
3.222635038582451728e+01,5.595957665197483166e+00
3.224635610174335909e+01,4.848409931435215370e+00
3.226636181766218670e+01,4.809182322360908479e+00
3.228636753358102851e+01,5.437640122663635722e+00
3.230637324949985612e+01,4.728230603355582318e+00
3.232637896541869083e+01,5.424653156114686681e+00
3.234638468133752554e+01,5.045460799827244713e+00
3.236639039725636025e+01,4.728595115229445867e+00
3.238639611317519496e+01,4.290545399870428156e+00
3.240640182909402967e+01,5.286457705096372806e+00
3.242640754501286438e+01,4.609795304222515711e+00
3.244641326093169198e+01,4.914824084326818721e+00
3.246641897685053380e+01,5.142254540413816244e+00
3.248642469276936140e+01,5.301149034940895177e+00
3.250643040868819611e+01,5.233894995832462982e+00
3.252643612460703082e+01,5.802130420798039090e+00
3.254644184052586553e+01,4.598523827646734397e+00
3.256644755644470024e+01,4.725172980323398164e+00
3.258645327236353495e+01,5.359910250623619810e+00
3.260645898828236966e+01,5.487089168201757516e+00
3.262646470420119726e+01,5.429418868825599986e+00
3.264647042012003908e+01,5.437938047849941725e+00
3.266647613603886668e+01,4.962472575428078514e+00
3.268648185195770850e+01,5.616833207157466923e+00
3.270648756787653610e+01,5.250902477643736077e+00
3.272649328379537081e+01,5.556147761959580045e+00
3.274649899971420552e+01,5.410467740241655221e+00
3.276650471563304023e+01,5.190739170072362185e+00
3.278651043155187494e+01,5.155978826518692770e+00
3.280651614747070255e+01,6.003766492069939176e+00
3.282652186338954436e+01,5.054084569558884965e+00
3.284652757930837197e+01,6.000724271469517923e+00
3.286653329522721378e+01,5.095221264852877852e+00
3.288653901114604139e+01,5.419026142846353977e+00
3.290654472706487610e+01,5.775006927186321803e+00
3.292655044298371081e+01,4.740800927214885441e+00
3.294655615890254552e+01,5.558101793406554414e+00
3.296656187482138023e+01,5.201880625406678504e+00
3.298656759074020783e+01,6.230067216877687386e+00
3.300657330665904965e+01,5.389910212652985422e+00
3.302657902257787725e+01,5.291444663114573288e+00
3.304658473849671907e+01,6.021789239271594596e+00
3.306659045441554667e+01,5.677567455891709969e+00
3.308659617033438138e+01,4.976679747695563094e+00
3.310660188625321609e+01,5.483027706300578785e+00
3.312660760217205080e+01,6.185569911751187533e+00
3.314661331809088551e+01,6.471578920140100166e+00
3.316661903400971312e+01,5.726191376978585268e+00
3.318662474992855493e+01,5.364836827824139398e+00
3.320663046584738254e+01,6.242374809412638115e+00
3.322663618176622435e+01,6.144583732478909432e+00
3.324664189768505196e+01,6.483725814173970647e+00
3.326664761360388667e+01,6.651207774427446040e+00
3.328665332952272138e+01,6.293121266383609580e+00
3.330665904544155609e+01,6.309060903175768509e+00
3.332666476136039080e+01,6.828483932608982343e+00
3.334667047727922551e+01,8.012341990733878205e+00
3.336667619319806022e+01,7.635689912416381731e+00
3.338668190911688782e+01,7.501158002898698385e+00
3.340668762503572964e+01,8.302767274755966653e+00
3.342669334095455724e+01,7.852227980117563177e+00
3.344669905687339195e+01,9.477817056604386892e+00
3.346670477279222666e+01,9.471695819056844101e+00
3.348671048871106137e+01,9.663080490658177979e+00
3.350671620462989608e+01,1.051090063362954652e+01
3.352672192054873079e+01,1.109079347554063588e+01
3.354672763646756550e+01,1.140081396697683047e+01
3.356673335238639311e+01,1.300692457577105898e+01
3.358673906830523492e+01,1.314274751941407970e+01
3.360674478422406253e+01,1.360038382142645474e+01
3.362675050014290434e+01,1.482204797804170404e+01
3.364675621606173195e+01,1.554031154528910363e+01
3.366676193198056666e+01,1.715248005853977276e+01
3.368676764789940137e+01,1.741694748280942662e+01
3.370677336381823608e+01,1.913911619377046236e+01
3.372677907973707079e+01,1.994083737283802904e+01
3.374678479565589839e+01,2.164802491598342371e+01
3.376679051157474021e+01,2.294933120650548375e+01
3.378679622749356781e+01,2.398999201000259518e+01
3.380680194341240963e+01,2.522059301308311774e+01
3.382680765933123723e+01,2.705626940419261217e+01
3.384681337525007194e+01,2.873247470988536634e+01
3.386681909116890665e+01,2.930481001328816859e+01
3.388682480708774136e+01,3.099262201585956689e+01
3.390683052300657607e+01,3.287309783367207672e+01
3.392683623892540368e+01,3.356831472281424311e+01
3.394684195484424549e+01,3.437571930090179251e+01
3.396684767076307310e+01,3.599448946661159709e+01
3.398685338668191491e+01,3.750365581185894825e+01
3.400685910260074252e+01,3.833418326025588385e+01
3.402686481851957723e+01,3.855153610486547677e+01
3.404687053443841194e+01,3.933394459277656807e+01
3.406687625035724665e+01,4.039121042598554823e+01
3.408688196627608136e+01,4.024767581051115428e+01
3.410688768219490896e+01,4.018477368170728425e+01
3.412689339811375078e+01,4.043392198645208424e+01
3.414689911403257838e+01,3.968161111998459489e+01
3.416690482995142020e+01,3.927792493427132570e+01
3.418691054587024780e+01,3.779394225909749139e+01
3.420691626178908251e+01,3.689799697194094108e+01
3.422692197770791722e+01,3.551976343270789016e+01
3.424692769362675193e+01,3.295655585277545896e+01
3.426693340954558664e+01,3.177920656438350022e+01
3.428693912546442135e+01,2.945505439800836456e+01
3.430694484138325606e+01,2.666193422459613771e+01
3.432695055730208367e+01,2.408119942634792210e+01
3.434695627322092548e+01,2.235922150704389821e+01
3.436696198913975309e+01,2.029571763751653179e+01
3.438696770505858780e+01,1.740084169751567345e+01
3.440697342097742251e+01,1.646455404034066561e+01
3.442697913689625722e+01,1.477610825679159845e+01
3.444698485281509193e+01,1.392917665392671012e+01
3.446699056873392664e+01,1.252835357588884690e+01
3.448699628465276135e+01,1.028321852579933626e+01
3.450700200057158895e+01,1.067699772545610060e+01
3.452700771649043077e+01,8.708264727280738526e+00
3.454701343240925837e+01,8.465560562963897695e+00
3.456701914832810019e+01,8.549412368768328108e+00
3.458702486424692779e+01,7.632267724795841701e+00
3.460703058016576250e+01,6.924746667484764195e+00
3.462703629608459721e+01,7.573750781490831585e+00
3.464704201200343192e+01,6.850552169888134202e+00
3.466704772792226663e+01,6.763561997251610336e+00
3.468705344384109424e+01,6.197369617028756217e+00
3.470705915975993605e+01,6.692991629538438403e+00
3.472706487567876366e+01,7.143599463685722739e+00
3.474707059159760547e+01,5.952295277333101708e+00
3.476707630751643308e+01,6.491913037346218829e+00
3.478708202343526779e+01,5.933911053824170168e+00
3.480708773935410250e+01,5.504124785358909477e+00
3.482709345527293721e+01,6.265991405304750295e+00
3.484709917119177192e+01,6.309277262458832247e+00
3.486710488711059952e+01,5.905849082583113585e+00
3.488711060302944134e+01,5.568750287018049860e+00
3.490711631894826894e+01,5.638411121543446924e+00
3.492712203486711076e+01,6.448437478566882319e+00
3.494712775078593836e+01,5.821268882171285242e+00
3.496713346670477307e+01,5.453188615807500028e+00
3.498713918262360778e+01,5.747648406244323382e+00
3.500714489854244249e+01,5.624370604954696873e+00
3.502715061446127720e+01,6.328310054927735351e+00
3.504715633038010481e+01,5.982508033129162683e+00
3.506716204629894662e+01,6.308615314323467338e+00
3.508716776221777423e+01,5.162849376177913285e+00
3.510717347813661604e+01,5.984592518850970322e+00
3.512717919405544365e+01,5.675016025626180571e+00
3.514718490997427836e+01,5.986066271386292215e+00
3.516719062589311307e+01,6.077082366762434518e+00
3.518719634181194778e+01,5.117398566123339876e+00
3.520720205773078249e+01,5.395773622921076651e+00
3.522720777364961720e+01,6.121060413020861013e+00
3.524721348956845191e+01,5.513992238946089586e+00
3.526721920548727951e+01,4.894158988857991943e+00
3.528722492140612133e+01,5.938725353980979449e+00
3.530723063732494893e+01,5.754065233432125837e+00
3.532723635324378364e+01,5.947762232166716956e+00
3.534724206916261835e+01,5.408974425710210809e+00
3.536724778508145306e+01,5.089450505389603308e+00
3.538725350100028777e+01,6.289298331515306373e+00
3.540725921691912248e+01,5.322179627988733230e+00
3.542726493283795719e+01,5.580197901515411729e+00
3.544727064875678479e+01,5.842226781587639195e+00
3.546727636467562661e+01,5.770517046125275940e+00
3.548728208059445421e+01,4.978514894710707850e+00
3.550728779651329603e+01,5.677914942119349107e+00
3.552729351243212363e+01,5.290605563126981714e+00
3.554729922835095834e+01,5.422349750465164320e+00
3.556730494426979305e+01,5.165496995813265713e+00
3.558731066018862776e+01,4.920621341861324716e+00
3.560731637610746247e+01,5.144050872947636854e+00
3.562732209202629008e+01,5.262710045887281751e+00
3.564732780794513189e+01,5.649011826763114641e+00
3.566733352386395950e+01,5.387721995282537257e+00
3.568733923978280131e+01,5.129382226610117002e+00
3.570734495570162892e+01,5.362824683879754417e+00
3.572735067162046363e+01,5.870034824220669023e+00
3.574735638753929834e+01,5.630943134279040585e+00
3.576736210345813305e+01,5.160517044928847774e+00
3.578736781937696776e+01,5.618950814958218132e+00
3.580737353529579536e+01,5.754829739149778689e+00
3.582737925121463718e+01,5.617183274225110878e+00
3.584738496713346478e+01,5.693350608747097752e+00
3.586739068305230660e+01,6.257914168778333064e+00
3.588739639897113420e+01,5.915199397650332536e+00
3.590740211488996891e+01,5.991680557142208485e+00
3.592740783080880362e+01,5.519704231177306575e+00
3.594741354672763833e+01,5.456698644838528622e+00
3.596741926264647304e+01,5.780973412234727604e+00
3.598742497856530065e+01,5.269375017145853768e+00
3.600743069448414246e+01,5.632355294176833560e+00
3.602743641040297007e+01,5.766624485613097484e+00
3.604744212632181188e+01,5.194805301572785083e+00
3.606744784224063949e+01,5.290902949904159769e+00
3.608745355815947420e+01,6.269718290211104161e+00
3.610745927407830891e+01,5.776796476139418601e+00
3.612746498999714362e+01,5.631082951460977704e+00
3.614747070591597833e+01,4.832283722414199900e+00
3.616747642183481304e+01,5.480831303667697441e+00
3.618748213775364775e+01,5.573155144033438368e+00
3.620748785367247535e+01,6.043251021599109762e+00
3.622749356959131717e+01,5.400580956734099658e+00
3.624749928551014477e+01,5.502884075920096763e+00
3.626750500142897948e+01,5.260218714227328007e+00
3.628751071734781419e+01,5.473084031735835353e+00
3.630751643326664890e+01,5.751376676231879870e+00
3.632752214918548361e+01,5.704974591163564313e+00
3.634752786510431832e+01,5.629198004298318736e+00
3.636753358102315303e+01,5.039201242506972989e+00
3.638753929694198064e+01,6.069470296883103799e+00
3.640754501286082245e+01,5.878691931257568726e+00
3.642755072877965006e+01,5.354337564953336681e+00
3.644755644469849187e+01,5.542617394155518795e+00
3.646756216061731948e+01,6.262531115015860905e+00
3.648756787653615419e+01,5.025008835228284454e+00
3.650757359245498890e+01,5.518897878884800434e+00
3.652757930837382361e+01,5.416246693122774403e+00
3.654758502429265832e+01,4.940768879265601043e+00
3.656759074021148592e+01,5.426989940336980567e+00
3.658759645613032774e+01,4.828354369200203777e+00
3.660760217204915534e+01,4.801313434706814931e+00
3.662760788796799716e+01,5.110563206710364348e+00
3.664761360388682476e+01,5.619898150159934325e+00
3.666761931980565947e+01,5.235284350427217070e+00
3.668762503572449418e+01,4.904651969638105236e+00
3.670763075164332889e+01,5.410037400327698975e+00
3.672763646756216360e+01,5.467112488835656592e+00
3.674764218348099121e+01,5.308624038830187075e+00
3.676764789939983302e+01,5.438672807572244139e+00
3.678765361531866063e+01,5.330024509509538433e+00
3.680765933123750244e+01,5.319618815734468598e+00
3.682766504715633005e+01,5.147679140892421401e+00
3.684767076307516476e+01,5.671855689500595155e+00
3.686767647899399947e+01,6.055086351962919444e+00
3.688768219491283418e+01,5.718050607460240187e+00
3.690768791083166889e+01,5.778168814404419429e+00
3.692769362675049649e+01,5.962747751312344135e+00
3.694769934266933831e+01,5.792647804906131626e+00
3.696770505858816591e+01,5.508918892260418865e+00
3.698771077450700773e+01,5.696104033191486948e+00
3.700771649042583533e+01,6.373613441062083496e+00
3.702772220634467004e+01,5.815611020624666949e+00
3.704772792226350475e+01,6.437154945686476282e+00
3.706773363818233946e+01,6.297587683399248348e+00
3.708773935410117417e+01,6.164402377903968500e+00
3.710774507002000888e+01,5.780689329458960302e+00
3.712775078593884359e+01,5.995602519007677600e+00
3.714775650185767120e+01,6.109921249566258261e+00
3.716776221777651301e+01,6.320218249455992421e+00
3.718776793369534062e+01,6.006456645165227037e+00
3.720777364961417533e+01,5.130076677324503009e+00
3.722777936553301004e+01,5.419855660420839882e+00
3.724778508145184475e+01,5.243383546218993274e+00
3.726779079737067946e+01,5.998281462759885940e+00
3.728779651328951417e+01,5.988230280292197172e+00
3.730780222920834888e+01,6.438846235579732458e+00
3.732780794512717648e+01,5.709245835944457781e+00
3.734781366104601830e+01,5.327047245289955768e+00
3.736781937696484590e+01,6.232864338307109620e+00
3.738782509288368772e+01,6.554360813858211010e+00
3.740783080880251532e+01,6.222133752532972295e+00
3.742783652472135003e+01,6.782041181250622941e+00
3.744784224064018474e+01,6.124299628798889117e+00
3.746784795655901945e+01,6.314995778259484993e+00
3.748785367247785416e+01,6.928848738417059394e+00
3.750785938839668177e+01,6.427662599623598538e+00
3.752786510431552358e+01,7.433727207593243236e+00
3.754787082023435119e+01,7.404527737652622399e+00
3.756787653615319300e+01,7.928045945166276809e+00
3.758788225207202061e+01,7.684757193436264622e+00
3.760788796799085532e+01,8.150700328570104958e+00
3.762789368390969003e+01,8.543903102740035393e+00
3.764789939982852474e+01,8.843301786529730535e+00
3.766790511574735945e+01,1.005788886941560989e+01
3.768791083166618705e+01,9.043570074235727674e+00
3.770791654758502887e+01,9.950301459020980843e+00
3.772792226350385647e+01,1.090819014640492668e+01
3.774792797942269829e+01,1.122764922928265818e+01
3.776793369534152589e+01,1.270346378850387126e+01
3.778793941126036060e+01,1.379360695901614520e+01
3.780794512717919531e+01,1.456597706599152175e+01
3.782795084309803002e+01,1.608288555098030770e+01
3.784795655901686473e+01,1.659344433139961339e+01
3.786796227493569234e+01,1.800553384762454101e+01
3.788796799085453415e+01,1.894316150759207318e+01
3.790797370677336176e+01,2.103649234598269402e+01
3.792797942269220357e+01,2.215495979415175043e+01
3.794798513861103118e+01,2.437051110823752254e+01
3.796799085452986589e+01,2.593828944938669423e+01
3.798799657044870060e+01,2.863140963621718882e+01
3.800800228636753531e+01,3.033533182294858932e+01
3.802800800228637002e+01,3.243361937272131001e+01
3.804801371820520473e+01,3.503542554881489934e+01
3.806801943412403944e+01,3.718821166032380177e+01
3.808802515004286704e+01,3.924611111875810110e+01
3.810803086596170886e+01,4.125226248298315568e+01
3.812803658188053646e+01,4.369389717874846468e+01
3.814804229779937117e+01,4.590076590591981187e+01
3.816804801371820588e+01,4.802077428933813508e+01
3.818805372963704059e+01,5.015811985572160836e+01
3.820805944555587530e+01,5.231961997598830294e+01
3.822806516147471001e+01,5.447196869386620932e+01
3.824807087739354472e+01,5.486773841576891897e+01
3.826807659331237232e+01,5.566099000647487571e+01
3.828808230923121414e+01,5.694087119725572421e+01
3.830808802515004174e+01,5.673105300745697122e+01
3.832809374106888356e+01,5.592803152354349550e+01
3.834809945698771116e+01,5.498418938248182286e+01
3.836810517290654587e+01,5.413807869703425268e+01
3.838811088882538058e+01,5.135017833564289447e+01
3.840811660474421529e+01,4.986784188191292344e+01
3.842812232066305000e+01,4.693420360487253618e+01
3.844812803658187761e+01,4.400081974200497825e+01
3.846813375250071942e+01,4.068184217883949572e+01
3.848813946841954703e+01,3.745495935248985830e+01
3.850814518433838884e+01,3.333673248334872596e+01
3.852815090025721645e+01,3.058998828636334366e+01
3.854815661617605116e+01,2.720071794765966899e+01
3.856816233209488587e+01,2.410997592967014924e+01
3.858816804801372058e+01,2.148478674625162910e+01
3.860817376393255529e+01,1.891384499496568949e+01
3.862817947985138289e+01,1.681994901491016492e+01
3.864818519577022471e+01,1.477616593977072412e+01
3.866819091168905231e+01,1.326853115147378048e+01
3.868819662760789413e+01,1.225857648568000258e+01
3.870820234352672173e+01,1.198042218927714586e+01
3.872820805944555644e+01,1.020019581544591247e+01
3.874821377536439115e+01,9.993738478892705501e+00
3.876821949128322586e+01,8.819073215096949525e+00
3.878822520720206057e+01,7.838773788387103814e+00
3.880823092312088818e+01,7.584365139118533605e+00
3.882823663903972999e+01,7.983630041566836866e+00
3.884824235495855760e+01,8.104329059477096919e+00
3.886824807087739941e+01,6.785374643372557024e+00
3.888825378679622702e+01,7.447945442358131274e+00
3.890825950271506173e+01,7.083129248178554604e+00
3.892826521863389644e+01,7.401874588253868126e+00
3.894827093455273115e+01,6.659463350091490597e+00
3.896827665047156586e+01,7.198675693381225926e+00
3.898828236639040057e+01,7.205445873712320370e+00
3.900828808230923528e+01,6.763995756483327071e+00
3.902829379822806288e+01,5.958027961413874252e+00
3.904829951414690470e+01,7.190406385689072977e+00
3.906830523006573230e+01,6.446758126779770670e+00
3.908831094598456701e+01,6.923116462877121791e+00
3.910831666190340172e+01,6.290770088063013077e+00
3.912832237782223643e+01,6.534059359583595850e+00
3.914832809374107114e+01,6.278565322041728791e+00
3.916833380965990585e+01,5.820845836127799267e+00
3.918833952557874056e+01,5.853293362985863446e+00
3.920834524149756817e+01,5.674390195613439047e+00
3.922835095741640998e+01,6.369221235254455493e+00
3.924835667333523759e+01,6.017776959936899317e+00
3.926836238925407940e+01,6.417663841993504370e+00
3.928836810517290701e+01,5.813638323318789602e+00
3.930837382109174172e+01,5.687051257623788381e+00
3.932837953701057643e+01,5.862849125956152818e+00
3.934838525292941114e+01,5.772068609648165705e+00
3.936839096884824585e+01,6.067072587317523968e+00
3.938839668476707345e+01,5.989148209601863115e+00
3.940840240068591527e+01,6.010918653511036602e+00
3.942840811660474287e+01,5.691522841454975890e+00
3.944841383252358469e+01,6.341952980015260088e+00
3.946841954844241229e+01,5.722497690211487686e+00
3.948842526436124700e+01,6.255963740985207799e+00
3.950843098028008171e+01,5.560379321842841449e+00
3.952843669619891642e+01,5.938421877839600072e+00
3.954844241211775113e+01,5.139427828921048658e+00
3.956844812803657874e+01,6.108315092204266605e+00
3.958845384395542055e+01,5.868620310461023948e+00
3.960845955987424816e+01,5.399451003995988430e+00
3.962846527579308997e+01,6.209589022423028126e+00
3.964847099171191758e+01,6.010439380264904763e+00
3.966847670763075229e+01,5.994278129769743835e+00
3.968848242354958700e+01,5.645579247268877943e+00
3.970848813946842171e+01,5.551416058010679500e+00
3.972849385538725642e+01,5.508761443902293387e+00
3.974849957130608402e+01,6.441366487411324115e+00
3.976850528722492584e+01,5.764089757483523258e+00
3.978851100314375344e+01,5.853465053653582828e+00
3.980851671906259526e+01,6.662587849518414984e+00
3.982852243498142286e+01,5.763652640245927827e+00
3.984852815090025757e+01,6.045591078828737253e+00
3.986853386681909228e+01,6.061881386263448412e+00
3.988853958273792699e+01,5.051112947449961865e+00
3.990854529865676170e+01,5.657334574709281583e+00
3.992855101457559641e+01,5.888121520278705390e+00
3.994855673049443112e+01,6.158595557883106864e+00
3.996856244641325873e+01,5.516277596593304189e+00
3.998856816233210054e+01,5.519538762794276465e+00
4.000857387825092815e+01,5.710069127697552815e+00
4.002857959416976286e+01,4.908538018080949250e+00
4.004858531008859757e+01,5.874648752101551352e+00
4.006859102600743228e+01,5.855447922596448862e+00
4.008859674192626699e+01,6.160383424193410562e+00
4.010860245784510170e+01,5.585958910681338097e+00
4.012860817376393641e+01,5.992435757550686581e+00
4.014861388968276401e+01,5.903655455517261785e+00
4.016861960560160583e+01,6.637149497166836554e+00
4.018862532152043343e+01,5.561381781109931310e+00
4.020863103743927525e+01,5.295728464879136510e+00
4.022863675335810285e+01,6.465162778573827040e+00
4.024864246927693756e+01,5.763613444007750886e+00
4.026864818519577227e+01,5.641525427752892341e+00
4.028865390111460698e+01,5.673445869675783015e+00
4.030865961703344169e+01,6.243285221983612132e+00
4.032866533295226930e+01,5.931386015295008640e+00
4.034867104887111111e+01,5.690449971845885635e+00
4.036867676478993872e+01,5.929780710288488521e+00
4.038868248070878053e+01,5.639214852768139608e+00
4.040868819662760814e+01,5.882884783973091558e+00
4.042869391254644285e+01,5.700888634250231846e+00
4.044869962846527756e+01,6.391231745549024623e+00
4.046870534438411227e+01,6.009321196291724121e+00
4.048871106030294698e+01,5.669383529197413729e+00
4.050871677622177458e+01,5.921581229224861076e+00
4.052872249214061640e+01,5.938846850118437715e+00
4.054872820805944400e+01,5.334355170145132163e+00
4.056873392397828582e+01,5.294940734067581367e+00
4.058873963989711342e+01,5.990003410766954417e+00
4.060874535581594813e+01,6.157724588615334227e+00
4.062875107173478284e+01,5.699657557768425420e+00
4.064875678765361755e+01,6.691958273204852148e+00
4.066876250357245226e+01,6.151777979969772936e+00
4.068876821949127986e+01,6.242883925923093713e+00
4.070877393541012168e+01,6.128457393568540468e+00
4.072877965132894929e+01,6.150807786464690174e+00
4.074878536724779110e+01,5.634850251318416881e+00
4.076879108316661871e+01,6.416702331771659829e+00
4.078879679908545342e+01,5.656434647478882916e+00
4.080880251500428813e+01,5.658542155866940426e+00
4.082880823092312284e+01,6.273005499522686712e+00
4.084881394684195755e+01,6.182270467807846615e+00
4.086881966276079226e+01,6.033539681674833233e+00
4.088882537867962697e+01,6.244514111716529037e+00
4.090883109459845457e+01,6.657696935086979906e+00
4.092883681051729639e+01,6.000040083038136629e+00
4.094884252643612399e+01,6.276763549255421459e+00
4.096884824235495870e+01,5.724171520697334259e+00
4.098885395827379341e+01,6.271119810173310327e+00
4.100885967419262812e+01,6.644617571166761216e+00
4.102886539011146283e+01,6.494036920087506104e+00
4.104887110603029754e+01,5.541723865381500858e+00
4.106887682194913225e+01,6.723780476040188248e+00
4.108888253786795985e+01,6.686057107639403974e+00
4.110888825378680167e+01,6.241961937297183738e+00
4.112889396970562927e+01,6.188840003198340156e+00
4.114889968562447109e+01,5.839124181983022410e+00
4.116890540154329869e+01,6.498244172386923978e+00
4.118891111746213340e+01,6.563767289376631453e+00
4.120891683338096811e+01,6.574368229033100697e+00
4.122892254929980282e+01,7.449509310829080633e+00
4.124892826521863753e+01,7.305255270334599871e+00
4.126893398113746514e+01,7.248945659464627767e+00
4.128893969705630695e+01,6.767435500339166410e+00
4.130894541297513456e+01,7.686460301193388744e+00
4.132895112889397637e+01,6.942031444498027781e+00
4.134895684481280398e+01,7.293374294923084200e+00
4.136896256073163869e+01,7.967515708718700296e+00
4.138896827665047340e+01,8.516252417161949140e+00
4.140897399256930811e+01,7.826600430464743852e+00
4.142897970848814282e+01,7.846309870741271730e+00
4.144898542440697042e+01,8.443283520588733992e+00
4.146899114032581224e+01,9.004818344824847998e+00
4.148899685624463984e+01,8.635649555454543602e+00
4.150900257216348166e+01,1.000953483986839743e+01
4.152900828808230926e+01,1.030968503750133358e+01
4.154901400400114397e+01,1.177165415019916850e+01
4.156901971991997868e+01,1.207004397699048326e+01
4.158902543583881339e+01,1.324132285385190144e+01
4.160903115175764810e+01,1.369524285598478031e+01
4.162903686767647571e+01,1.528624631223662433e+01
4.164904258359531752e+01,1.633282555174255890e+01
4.166904829951414513e+01,1.790371098173642039e+01
4.168905401543298694e+01,1.973430638317354635e+01
4.170905973135181455e+01,2.187426269571471948e+01
4.172906544727064926e+01,2.360523950114187386e+01
4.174907116318948397e+01,2.557188575382310347e+01
4.176907687910831868e+01,2.889444180262939454e+01
4.178908259502715339e+01,3.148325702766447520e+01
4.180908831094598810e+01,3.457374761615733405e+01
4.182909402686482281e+01,3.778278674473661169e+01
4.184909974278365041e+01,4.165001675194246644e+01
4.186910545870249223e+01,4.550276550776095519e+01
4.188911117462131983e+01,4.948078803426788141e+01
4.190911689054015454e+01,5.477917511741920720e+01
4.192912260645898925e+01,5.852359740928909559e+01
4.194912832237782396e+01,6.298293117255839491e+01
4.196913403829665867e+01,6.792607135944336960e+01
4.198913975421549338e+01,7.304259172690245805e+01
4.200914547013432809e+01,7.710506344874843876e+01
4.202915118605316280e+01,8.157346531532245137e+01
4.204915690197199041e+01,8.573202850535028574e+01
4.206916261789082512e+01,8.946846991584649800e+01
4.208916833380965983e+01,9.294985836133052715e+01
4.210917404972849454e+01,9.538866577856470030e+01
4.212917976564732925e+01,9.844899133820345583e+01
4.214918548156616396e+01,9.890021132470265286e+01
4.216919119748499867e+01,9.907959563107021950e+01
4.218919691340383338e+01,9.820211231384789130e+01
4.220920262932266809e+01,9.622374670136134966e+01
4.222920834524150280e+01,9.378046027700514742e+01
4.224921406116033040e+01,9.049017206735254604e+01
4.226921977707916511e+01,8.457952840156167440e+01
4.228922549299799982e+01,7.916282601273964303e+01
4.230923120891683453e+01,7.305783232404706951e+01
4.232923692483566924e+01,6.698121857115768307e+01
4.234924264075450395e+01,5.989530452586372888e+01
4.236924835667333866e+01,5.279171018229253320e+01
4.238925407259217337e+01,4.683294740233518638e+01
4.240925978851100808e+01,4.100282029281363094e+01
4.242926550442983569e+01,3.488033483741034502e+01
4.244927122034867040e+01,2.962685391187688566e+01
4.246927693626750511e+01,2.654444639676236761e+01
4.248928265218633982e+01,2.299276107891836674e+01
4.250928836810517453e+01,2.029886657717208465e+01
4.252929408402400924e+01,1.767351629326066131e+01
4.254929979994284395e+01,1.548283981984752877e+01
4.256930551586167866e+01,1.444947800605346444e+01
4.258931123178051337e+01,1.332259054616131344e+01
4.260931694769934097e+01,1.206168319493309582e+01
4.262932266361817568e+01,1.120827887430218084e+01
4.264932837953701039e+01,9.796612677915849332e+00
4.266933409545584510e+01,1.034169662092072173e+01
4.268933981137467981e+01,9.039966571861988598e+00
4.270934552729351452e+01,9.072981532400804738e+00
4.272935124321234923e+01,8.625559281504681763e+00
4.274935695913118394e+01,8.305553047563261515e+00
4.276936267505001865e+01,8.239343873163603504e+00
4.278936839096885336e+01,7.832470575523094780e+00
4.280937410688768097e+01,7.606401791383760269e+00
4.282937982280651568e+01,6.987863545015177813e+00
4.284938553872535039e+01,7.000330552763681879e+00
4.286939125464418510e+01,6.640805777950827604e+00
4.288939697056301981e+01,7.426604687426578977e+00
4.290940268648185452e+01,7.748110599416524025e+00
4.292940840240068923e+01,7.025279461163531636e+00
4.294941411831952394e+01,7.398103957684948995e+00
4.296941983423835865e+01,6.581753814797825619e+00
4.298942555015718625e+01,6.767470086094878212e+00
4.300943126607602096e+01,7.272533287686069770e+00
4.302943698199485567e+01,6.787024928214368202e+00
4.304944269791369038e+01,6.034553007692577076e+00
4.306944841383252509e+01,6.116938835775054706e+00
4.308945412975135980e+01,7.023812783688674344e+00
4.310945984567019451e+01,6.763176631141366357e+00
4.312946556158902922e+01,5.941258409047229350e+00
4.314947127750786393e+01,5.706510332589999734e+00
4.316947699342669864e+01,6.196280068442476363e+00
4.318948270934552625e+01,7.131713932749233820e+00
4.320948842526436096e+01,5.907963192445031098e+00
4.322949414118319567e+01,6.481160585982811639e+00
4.324949985710203038e+01,6.675095950336194406e+00
4.326950557302086509e+01,6.352192212020066009e+00
4.328951128893969980e+01,6.501400229896964866e+00
4.330951700485853451e+01,6.369409088675076269e+00
4.332952272077736922e+01,6.933471627770927626e+00
4.334952843669620393e+01,6.040096708036476691e+00
4.336953415261503153e+01,6.034006760969370831e+00
4.338953986853386624e+01,6.199001174688881122e+00
4.340954558445270095e+01,6.592532753899494224e+00
4.342955130037153566e+01,5.926026788562265502e+00
4.344955701629037037e+01,6.571905154822447415e+00
4.346956273220920508e+01,6.007519094603006593e+00
4.348956844812803979e+01,6.181192774157334924e+00
4.350957416404687450e+01,5.825095911891443379e+00
4.352957987996570921e+01,5.452706363159263603e+00
4.354958559588453681e+01,6.000258675728913360e+00
4.356959131180337153e+01,6.166232547817456222e+00
4.358959702772220624e+01,6.089745557458329017e+00
4.360960274364104095e+01,6.555111657541930370e+00
4.362960845955987566e+01,5.717941781069022511e+00
4.364961417547871037e+01,6.304829397583651129e+00
4.366961989139754508e+01,5.630264572665675260e+00
4.368962560731637979e+01,5.761624430229807636e+00
4.370963132323521450e+01,5.622822372955811332e+00
4.372963703915404921e+01,6.477698350685775708e+00
4.374964275507287681e+01,6.278060211713423655e+00
4.376964847099171152e+01,5.362742320589058309e+00
4.378965418691054623e+01,6.043208606476772715e+00
4.380965990282938094e+01,5.484476603744175449e+00
4.382966561874821565e+01,5.674631693552838918e+00
4.384967133466705036e+01,5.941835641962535774e+00
4.386967705058588507e+01,5.143047478642687409e+00
4.388968276650471978e+01,5.645542944782310002e+00
4.390968848242355449e+01,5.264592626692220279e+00
4.392969419834238209e+01,5.443963708624814046e+00
4.394969991426121680e+01,5.673390458061871477e+00
4.396970563018005151e+01,5.573552500946027166e+00
4.398971134609888622e+01,5.644737773859349161e+00
4.400971706201772093e+01,6.306233560804965776e+00
4.402972277793655564e+01,5.529779028147354225e+00
4.404972849385539035e+01,6.109933703854665943e+00
4.406973420977422506e+01,5.141179804475370929e+00
4.408973992569305977e+01,5.293064497172380811e+00
4.410974564161189448e+01,5.802229593096379645e+00
4.412975135753072209e+01,5.464992172831749428e+00
4.414975707344955680e+01,5.877937202124121185e+00
4.416976278936839151e+01,5.998329612915154208e+00
4.418976850528722622e+01,5.244996563643924858e+00
4.420977422120606093e+01,5.125841957761393175e+00
4.422977993712489564e+01,6.140827343071300071e+00
4.424978565304373035e+01,5.670579164499663705e+00
4.426979136896256506e+01,5.405161946437958775e+00
4.428979708488139977e+01,5.448003699672845812e+00
4.430980280080022737e+01,6.479298576268717191e+00
4.432980851671906208e+01,5.846821161361406283e+00
4.434981423263789679e+01,5.733891451618623236e+00
4.436981994855673150e+01,5.068930924491414913e+00
4.438982566447556621e+01,5.704164357635453264e+00
4.440983138039440092e+01,5.574259139365222104e+00
4.442983709631323563e+01,5.686967993646877773e+00
4.444984281223207034e+01,5.056499682695495324e+00
4.446984852815090505e+01,5.348328974444022776e+00
4.448985424406973266e+01,5.149518169241567023e+00
4.450985995998856737e+01,6.004238845431364879e+00
4.452986567590740208e+01,5.978525177324659268e+00
4.454987139182623679e+01,5.719850877596092786e+00
4.456987710774507150e+01,5.123610668441772376e+00
4.458988282366390621e+01,6.431154083783376052e+00
4.460988853958274092e+01,5.225560574329868757e+00
4.462989425550157563e+01,4.776005805293316087e+00
4.464989997142041034e+01,6.119841190037229595e+00
4.466990568733924505e+01,4.979017973356846483e+00
4.468991140325807265e+01,6.249355278375150924e+00
4.470991711917690736e+01,5.981386015571613868e+00
4.472992283509574207e+01,5.079097659071831750e+00
4.474992855101457678e+01,5.823731182649100724e+00
4.476993426693341149e+01,6.093387386341895251e+00
4.478993998285224620e+01,5.339716306873612872e+00
4.480994569877108091e+01,6.510125031235075355e+00
4.482995141468991562e+01,5.155345990709617965e+00
4.484995713060875033e+01,5.987851838180260344e+00
4.486996284652757794e+01,5.423779461545299441e+00
4.488996856244641265e+01,5.461968574312132674e+00
4.490997427836524736e+01,5.599599874585299730e+00
4.492997999428408207e+01,5.659113561942406889e+00
4.494998571020291678e+01,6.246480759424898110e+00
4.496999142612175149e+01,5.706209047212452923e+00
4.498999714204058620e+01,5.523626632304223349e+00
4.501000285795942091e+01,5.367953636704493547e+00
4.503000857387825562e+01,5.721475721990975316e+00
4.505001428979709033e+01,5.475814679058371937e+00
4.507002000571591793e+01,5.011611749729159015e+00
4.509002572163475264e+01,5.811768267687241973e+00
4.511003143755358735e+01,5.555411268951106152e+00
4.513003715347242206e+01,5.935372932696255432e+00
4.515004286939125677e+01,5.092314239127166076e+00
4.517004858531009148e+01,6.320551649132521987e+00
4.519005430122892619e+01,5.970711168752660392e+00
4.521006001714776090e+01,6.151290105658176799e+00
4.523006573306659561e+01,5.715821165255118075e+00
4.525007144898542322e+01,5.987735702798985926e+00
4.527007716490425793e+01,5.976538056910510655e+00
4.529008288082309264e+01,5.400651995416779982e+00
4.531008859674192735e+01,6.114592556545849433e+00
4.533009431266076206e+01,5.121084995870777590e+00
4.535010002857959677e+01,5.362868058914218139e+00
4.537010574449843148e+01,6.330791561638807963e+00
4.539011146041726619e+01,5.746026096323882726e+00
4.541011717633610090e+01,5.489370432881521822e+00
4.543012289225492850e+01,5.267435460202096742e+00
4.545012860817376321e+01,5.679318312687576586e+00
4.547013432409259792e+01,6.434671718243693661e+00
4.549014004001143263e+01,5.328324322016529280e+00
4.551014575593026734e+01,5.709470831569856131e+00
4.553015147184910205e+01,5.212969506561060840e+00
4.555015718776793676e+01,6.042354132142927270e+00
4.557016290368677147e+01,6.050572375067861941e+00
4.559016861960560618e+01,5.633942575185884039e+00
4.561017433552444089e+01,5.910279525558605584e+00
4.563018005144326850e+01,5.866818974858750479e+00
4.565018576736210321e+01,5.624281457582947397e+00
4.567019148328093792e+01,5.416063947926875954e+00
4.569019719919977263e+01,5.182279749851815609e+00
4.571020291511860734e+01,5.466231347282658248e+00
4.573020863103744205e+01,5.637191537192435042e+00
4.575021434695627676e+01,6.407127282746987618e+00
4.577022006287511147e+01,5.733972623943725644e+00
4.579022577879394618e+01,5.323755525137447542e+00
4.581023149471277378e+01,5.440391550132652299e+00
4.583023721063160849e+01,5.816784491609430674e+00
4.585024292655044320e+01,5.663600716249618472e+00
4.587024864246927791e+01,5.683075213802831982e+00
4.589025435838811262e+01,5.565835708564232931e+00
4.591026007430694733e+01,5.653609776541257403e+00
4.593026579022578204e+01,5.971705267524441751e+00
4.595027150614461675e+01,6.105525676204672791e+00
4.597027722206345146e+01,5.091702560605430250e+00
4.599028293798228617e+01,5.658540958044007141e+00
4.601028865390111378e+01,5.049749651352794189e+00
4.603029436981994849e+01,6.311868674301931215e+00
4.605030008573878320e+01,5.182857930430603943e+00
4.607030580165761791e+01,5.063277699977863477e+00
4.609031151757645262e+01,5.463318944859019588e+00
4.611031723349528733e+01,5.256787158814862693e+00
4.613032294941412204e+01,4.978643676249372874e+00
4.615032866533295675e+01,4.824221468451109551e+00
4.617033438125179146e+01,4.824214545994943037e+00
4.619034009717061906e+01,4.927844562656844118e+00
4.621034581308945377e+01,5.541669793179305081e+00
4.623035152900828848e+01,5.953158511614887516e+00
4.625035724492712319e+01,5.684565125779958095e+00
4.627036296084595790e+01,5.559076441491347609e+00
4.629036867676479261e+01,5.161719338647773547e+00
4.631037439268362732e+01,5.503950072173807939e+00
4.633038010860246203e+01,5.753794431826890765e+00
4.635038582452129674e+01,4.746513482827056762e+00
4.637039154044012434e+01,5.380385158568482318e+00
4.639039725635895905e+01,5.768214284321837582e+00
4.641040297227779376e+01,5.692093322384263132e+00
4.643040868819662847e+01,5.641080952532627535e+00
4.645041440411546319e+01,5.816158477629702617e+00
4.647042012003429790e+01,5.400757715993584895e+00
4.649042583595313261e+01,5.502624184176041489e+00
4.651043155187196732e+01,5.754003594979733904e+00
4.653043726779080203e+01,4.871676402224100144e+00
4.655044298370963674e+01,6.382790249171500285e+00
4.657044869962846434e+01,5.702507563722279293e+00
4.659045441554729905e+01,5.966482813371365879e+00
4.661046013146613376e+01,5.667734715121659050e+00
4.663046584738496847e+01,5.925588322239346617e+00
4.665047156330380318e+01,5.143998337974137414e+00
4.667047727922263789e+01,5.396556210075024396e+00
4.669048299514147260e+01,6.196254252200832369e+00
4.671048871106030731e+01,5.331974950016080683e+00
4.673049442697914202e+01,5.500741027995051269e+00
4.675050014289796962e+01,5.349148091971706265e+00
4.677050585881680433e+01,5.550377354533242880e+00
4.679051157473563904e+01,5.935557365852528910e+00
4.681051729065447375e+01,6.487468518142802232e+00
4.683052300657330846e+01,5.245311712723356834e+00
4.685052872249214317e+01,5.803936209417392078e+00
4.687053443841097788e+01,6.092657070855617363e+00
4.689054015432981259e+01,5.940075900052610436e+00
4.691054587024864730e+01,5.818878455742071409e+00
4.693055158616748201e+01,6.028427346996167557e+00
4.695055730208630962e+01,5.019409229580228171e+00
4.697056301800514433e+01,5.284491020948298257e+00
4.699056873392397904e+01,5.229965606890058183e+00
4.701057444984281375e+01,5.199230804935528027e+00
4.703058016576164846e+01,5.334877291075892813e+00
4.705058588168048317e+01,5.614936669849845075e+00
4.707059159759931788e+01,5.786015233208539499e+00
4.709059731351815259e+01,5.414390177105650181e+00
4.711060302943698730e+01,5.946742386536636005e+00
4.713060874535581490e+01,6.018010146106494318e+00
4.715061446127464961e+01,5.321687303041517936e+00
4.717062017719348432e+01,5.188588600831170794e+00
4.719062589311231903e+01,6.141683242487496308e+00
4.721063160903115374e+01,5.789474940453559704e+00
4.723063732494998845e+01,5.677918578511254921e+00
4.725064304086882316e+01,6.552585310183412837e+00
4.727064875678765787e+01,6.035565456547038465e+00
4.729065447270649258e+01,5.629444052530037546e+00
4.731066018862532019e+01,6.038269874461630771e+00
4.733066590454415490e+01,6.347481336447346578e+00
4.735067162046298961e+01,5.015544240173948509e+00
4.737067733638182432e+01,5.638129623977044425e+00
4.739068305230065903e+01,5.985477964715771648e+00
4.741068876821949374e+01,4.758003046064676056e+00
4.743069448413832845e+01,5.174026021811130249e+00
4.745070020005716316e+01,5.646649810433688188e+00
4.747070591597599787e+01,6.137111328506795971e+00
4.749071163189483258e+01,5.626976275461728072e+00
4.751071734781366018e+01,5.514280957792768056e+00
4.753072306373249489e+01,5.383086106061187870e+00
4.755072877965132960e+01,6.166903276431151326e+00
4.757073449557016431e+01,5.664372470091523226e+00
4.759074021148899902e+01,5.556660281959250547e+00
4.761074592740783373e+01,5.935255940395991914e+00
4.763075164332666844e+01,5.730044680532462742e+00
4.765075735924550315e+01,4.972612911029803406e+00
4.767076307516433786e+01,6.089166690877096499e+00
4.769076879108316547e+01,4.892757453838893156e+00
4.771077450700200018e+01,5.460863286717572151e+00
4.773078022292083489e+01,5.675499598599989426e+00
4.775078593883966960e+01,5.740779340629853067e+00
4.777079165475850431e+01,5.595983405182993309e+00
4.779079737067733902e+01,6.268780463657610547e+00
4.781080308659617373e+01,5.733474319019769894e+00
4.783080880251500844e+01,4.926088280033752653e+00
4.785081451843384315e+01,5.454925643474240360e+00
4.787082023435267075e+01,5.476118754313555215e+00
4.789082595027150546e+01,5.716975047925664910e+00
4.791083166619034017e+01,5.467938700492370074e+00
4.793083738210917488e+01,5.900716538540095257e+00
4.795084309802800959e+01,6.471257515168312935e+00
4.797084881394684430e+01,6.096277244904150017e+00
4.799085452986567901e+01,5.241297409552611697e+00
4.801086024578451372e+01,5.835185407556101822e+00
4.803086596170334843e+01,5.921588876785479627e+00
4.805087167762218314e+01,5.163706143183551589e+00
4.807087739354101075e+01,5.608499913016650851e+00
4.809088310945984546e+01,6.389734727565306471e+00
4.811088882537868017e+01,6.220990810735028020e+00
4.813089454129751488e+01,5.964357405143113411e+00
4.815090025721634959e+01,5.856284195320871078e+00
4.817090597313518430e+01,5.363670018291395891e+00
4.819091168905401901e+01,4.882766747518716421e+00
4.821091740497285372e+01,6.110463562508243740e+00
4.823092312089168843e+01,5.996483272427958866e+00
4.825092883681051603e+01,5.075215651217098056e+00
4.827093455272935074e+01,5.287737743401081048e+00
4.829094026864818545e+01,5.447553400986372196e+00
4.831094598456702016e+01,6.210025957579606626e+00
4.833095170048585487e+01,6.002751051946405347e+00
4.835095741640468958e+01,5.818980633286127357e+00
4.837096313232352429e+01,6.019802663615495320e+00
4.839096884824235900e+01,5.402101918699108829e+00
4.841097456416119371e+01,6.240957907814964400e+00
4.843098028008002842e+01,5.506651357735762531e+00
4.845098599599885603e+01,5.041060608266812793e+00
4.847099171191769074e+01,5.347396839459420903e+00
4.849099742783652545e+01,6.107996527274476506e+00
4.851100314375536016e+01,6.160395042945992827e+00
4.853100885967419487e+01,6.362480259745668221e+00
4.855101457559302958e+01,5.609276435331054245e+00
4.857102029151186429e+01,6.028571776679092054e+00
4.859102600743069900e+01,6.207125208376574221e+00
4.861103172334953371e+01,5.118276732303163712e+00
4.863103743926836131e+01,6.640456193727287904e+00
4.865104315518719602e+01,5.252594710925761134e+00
4.867104887110603073e+01,6.230814547796690306e+00
4.869105458702486544e+01,6.017661270874611112e+00
4.871106030294370015e+01,6.422163847761444444e+00
4.873106601886253486e+01,5.983230569038472169e+00
4.875107173478136957e+01,7.401713251726317111e+00
4.877107745070020428e+01,6.088737990098473496e+00
4.879108316661903899e+01,6.792438458920242894e+00
4.881108888253786660e+01,7.289452239522743682e+00
4.883109459845670131e+01,7.672168598130136630e+00
4.885110031437553602e+01,7.111083411512339580e+00
4.887110603029437073e+01,7.823635625274098615e+00
4.889111174621320544e+01,8.125654001183988839e+00
4.891111746213204015e+01,8.677239648781828407e+00
4.893112317805087486e+01,8.864389799366188427e+00
4.895112889396970957e+01,8.044002819150007255e+00
4.897113460988854428e+01,8.468843508177299029e+00
4.899114032580737899e+01,8.890430527437827024e+00
4.901114604172620659e+01,9.740436772034886559e+00
4.903115175764504130e+01,9.553649377934162246e+00
4.905115747356387601e+01,9.424569020087991689e+00
4.907116318948271072e+01,9.776672910089786228e+00
4.909116890540154543e+01,9.641963185616432952e+00
4.911117462132038014e+01,9.291582674368790151e+00
4.913118033723921485e+01,1.008494641424943339e+01
4.915118605315804956e+01,9.621314014310318186e+00
4.917119176907688427e+01,9.815810921117442689e+00
4.919119748499571187e+01,9.458702250979726500e+00
4.921120320091454658e+01,8.788346047317791232e+00
4.923120891683338129e+01,8.990276612294190173e+00
4.925121463275221600e+01,7.710756270738906792e+00
4.927122034867105071e+01,7.841679193585578744e+00
4.929122606458988542e+01,7.639967928077506798e+00
4.931123178050872014e+01,7.440730442442120562e+00
4.933123749642755485e+01,7.409228574659302069e+00
4.935124321234638956e+01,6.686632224181941808e+00
4.937124892826522427e+01,6.530427045278733189e+00
4.939125464418405187e+01,6.316461930414726922e+00
4.941126036010288658e+01,6.782371572428628426e+00
4.943126607602172129e+01,6.321196082995819587e+00
4.945127179194055600e+01,6.877264689546228382e+00
4.947127750785939071e+01,6.653066621360367527e+00
4.949128322377822542e+01,6.614448795649249924e+00
4.951128893969706013e+01,5.706244134953361247e+00
4.953129465561589484e+01,6.202817426706461745e+00
4.955130037153472955e+01,5.748245849123109430e+00
4.957130608745355715e+01,5.661149897984464552e+00
4.959131180337239186e+01,6.408124114390380655e+00
4.961131751929122657e+01,6.242256159721468300e+00
4.963132323521006128e+01,5.017272887820076299e+00
4.965132895112889599e+01,5.831872803695238971e+00
4.967133466704773070e+01,5.985390550520050645e+00
4.969134038296656541e+01,5.542102913015776622e+00
4.971134609888540012e+01,5.726585897740124054e+00
4.973135181480423483e+01,5.991680231408341939e+00
4.975135753072306244e+01,5.842283157666948057e+00
4.977136324664189715e+01,6.353681196052248126e+00
4.979136896256073186e+01,5.948258498142957151e+00
4.981137467847956657e+01,5.859853991207728541e+00
4.983138039439840128e+01,5.041507832755000251e+00
4.985138611031723599e+01,6.158285440748384687e+00
4.987139182623607070e+01,5.819795991419754344e+00
4.989139754215490541e+01,5.198721972388065993e+00
4.991140325807374012e+01,5.992830554976839252e+00
4.993140897399257483e+01,5.678964415518866105e+00
4.995141468991140243e+01,5.251170566489300029e+00
4.997142040583023714e+01,5.685809283901658517e+00
4.999142612174907185e+01,5.404316087724639672e+00
5.001143183766790656e+01,6.029520477727522199e+00
5.003143755358674127e+01,5.842888139503109812e+00
5.005144326950557598e+01,5.641460611423375404e+00
5.007144898542441069e+01,5.202860712460627646e+00
5.009145470134324540e+01,5.858262847414565044e+00
5.011146041726208011e+01,5.469996358715405904e+00
5.013146613318090772e+01,4.841993181471847763e+00
5.015147184909974243e+01,5.966431714827716171e+00
5.017147756501857714e+01,5.490024127231372120e+00
5.019148328093741185e+01,6.524758713426260570e+00
5.021148899685624656e+01,5.367684703969474391e+00
5.023149471277508127e+01,5.129061816910920335e+00
5.025150042869391598e+01,5.589597159600783627e+00
5.027150614461275069e+01,6.134387399754080761e+00
5.029151186053158540e+01,5.878607801991604376e+00
5.031151757645042011e+01,5.733972762021449121e+00
5.033152329236924771e+01,5.827607532417742320e+00
5.035152900828808242e+01,6.086084720662103820e+00
5.037153472420691713e+01,5.948938301196390555e+00
5.039154044012575184e+01,5.928893878553700425e+00
5.041154615604458655e+01,5.777016494388751866e+00
5.043155187196342126e+01,5.887337476697224403e+00
5.045155758788225597e+01,5.598558313744208981e+00
5.047156330380109068e+01,5.296716840729660092e+00
5.049156901971992539e+01,6.009897436423389472e+00
5.051157473563875300e+01,5.460863555442973194e+00
5.053158045155758771e+01,5.724069862440257950e+00
5.055158616747642242e+01,5.258896878533693808e+00
5.057159188339525713e+01,5.766079856177642071e+00
5.059159759931409184e+01,5.524187418070471089e+00
5.061160331523292655e+01,5.432823979188203367e+00
5.063160903115176126e+01,5.337652025794374033e+00
5.065161474707059597e+01,5.352613699121000934e+00
5.067162046298943068e+01,5.748756100437883987e+00
5.069162617890825828e+01,5.489325513790655364e+00
5.071163189482709299e+01,5.454364840813777704e+00
5.073163761074592770e+01,5.604501293008934404e+00
5.075164332666476241e+01,5.868442040287896511e+00
5.077164904258359712e+01,6.360112968683505841e+00
5.079165475850243183e+01,6.049552066297465558e+00
5.081166047442126654e+01,5.181672312358200472e+00
5.083166619034010125e+01,5.578274050429969932e+00
5.085167190625893596e+01,5.729582584084357499e+00
5.087167762217777067e+01,5.424781716813632748e+00
5.089168333809659828e+01,4.901651962077677283e+00
5.091168905401543299e+01,5.863282823541203115e+00
5.093169476993426770e+01,5.374444497593619197e+00
5.095170048585310241e+01,5.027407109258856366e+00
5.097170620177193712e+01,5.152448223040719810e+00
5.099171191769077183e+01,5.803121879328334565e+00
5.101171763360960654e+01,5.556089072011184626e+00
5.103172334952844125e+01,5.365302162635188665e+00
5.105172906544727596e+01,4.954154546219692534e+00
5.107173478136610356e+01,6.110700958697039553e+00
5.109174049728493827e+01,5.562882506036123331e+00
5.111174621320377298e+01,5.901827234568949976e+00
5.113175192912260769e+01,5.602541169528871379e+00
5.115175764504144240e+01,5.549625663670593845e+00
5.117176336096027711e+01,5.097348688648470905e+00
5.119176907687911182e+01,6.056053106280157472e+00
5.121177479279794653e+01,6.208192139946529409e+00
5.123178050871678124e+01,5.542810990093191670e+00
5.125178622463561595e+01,4.780365253074442933e+00
5.127179194055444356e+01,5.919893861615281416e+00
5.129179765647327827e+01,5.837584952417117279e+00
5.131180337239211298e+01,5.368872510108708695e+00
5.133180908831094769e+01,5.157940775168959213e+00
5.135181480422978240e+01,5.160928631935711053e+00
5.137182052014861711e+01,5.380861849504957384e+00
5.139182623606745182e+01,6.220939861567287288e+00
5.141183195198628653e+01,5.472157577057883415e+00
5.143183766790512124e+01,5.192524105513617982e+00
5.145184338382394884e+01,5.986399507558460620e+00
5.147184909974278355e+01,5.750617542209299771e+00
5.149185481566161826e+01,5.121887799480735026e+00
5.151186053158045297e+01,4.877590381402109543e+00
5.153186624749928768e+01,5.859858763365840773e+00
5.155187196341812239e+01,5.962535046147532825e+00
5.157187767933695710e+01,5.485136704635761973e+00
5.159188339525579181e+01,4.836175685960554915e+00
5.161188911117462652e+01,5.791425117982027970e+00
5.163189482709345413e+01,6.000388974957341581e+00
5.165190054301228884e+01,5.578857936411647955e+00
5.167190625893112355e+01,5.480312405807703513e+00
5.169191197484995826e+01,5.540109251987603400e+00
5.171191769076879297e+01,5.714233740777603821e+00
5.173192340668762768e+01,5.723085221812059586e+00
5.175192912260646239e+01,6.037858282335731630e+00
5.177193483852529710e+01,5.985514542152902351e+00
5.179194055444413181e+01,5.351042127440257090e+00
5.181194627036296652e+01,5.491837409862820429e+00
5.183195198628179412e+01,5.976330318186025004e+00
5.185195770220062883e+01,5.191047807044501639e+00
5.187196341811946354e+01,5.225471168700615010e+00
5.189196913403829825e+01,5.435743779135796316e+00
5.191197484995713296e+01,6.086810615875227981e+00
5.193198056587596767e+01,6.049332015144561758e+00
5.195198628179480238e+01,6.383057948358123568e+00
5.197199199771363709e+01,5.245029051301444589e+00
5.199199771363247180e+01,5.801388142117167135e+00
5.201200342955129940e+01,5.762912631308445555e+00
5.203200914547013411e+01,5.471596021540300114e+00
5.205201486138896882e+01,5.037709024628369114e+00
5.207202057730780353e+01,5.750431125101497898e+00
5.209202629322663824e+01,5.009996764940837011e+00
5.211203200914547295e+01,5.887743175643127991e+00
5.213203772506430766e+01,5.391159755676540932e+00
5.215204344098314237e+01,6.231401717904248017e+00
5.217204915690197708e+01,5.781828253037192056e+00
5.219205487282081180e+01,5.641443532346362311e+00
5.221206058873963940e+01,5.624019528031549697e+00
5.223206630465847411e+01,5.770589191750553404e+00
5.225207202057730882e+01,5.792566486044920637e+00
5.227207773649614353e+01,6.537418940093123965e+00
5.229208345241497824e+01,5.136979761739306483e+00
5.231208916833381295e+01,5.715300900224783653e+00
5.233209488425264766e+01,6.238507860110106051e+00
5.235210060017148237e+01,5.838253993746720383e+00
5.237210631609031708e+01,5.538902749473575859e+00
5.239211203200914468e+01,5.263033470403487790e+00
5.241211774792797939e+01,5.227723385856627658e+00
5.243212346384681410e+01,5.512437220206969357e+00
5.245212917976564881e+01,6.219305769262574834e+00
5.247213489568448352e+01,5.942799773159999077e+00
5.249214061160331823e+01,5.655805589271448497e+00
5.251214632752215294e+01,5.806846744606581012e+00
5.253215204344098765e+01,5.416350902496319009e+00
5.255215775935982236e+01,5.486948364422161717e+00
5.257216347527864997e+01,6.238434354670670423e+00
5.259216919119748468e+01,5.020324496029965999e+00
5.261217490711631939e+01,6.314932732372840363e+00
5.263218062303515410e+01,5.991282975971987668e+00
5.265218633895398881e+01,5.542950826244591234e+00
5.267219205487282352e+01,5.716790175603381208e+00
5.269219777079165823e+01,6.207986357401850341e+00
5.271220348671049294e+01,5.568186260876416327e+00
5.273220920262932765e+01,5.803659777923283691e+00
5.275221491854816236e+01,6.521179793553133486e+00
5.277222063446698996e+01,6.319090545580463569e+00
5.279222635038582467e+01,6.025032731187862645e+00
5.281223206630465938e+01,6.359424155203869056e+00
5.283223778222349409e+01,5.033786986368774308e+00
5.285224349814232880e+01,5.447391305317935917e+00
5.287224921406116351e+01,4.908978960008784753e+00
5.289225492997999822e+01,5.896339769233781780e+00
5.291226064589883293e+01,5.222192051403117041e+00
5.293226636181766764e+01,5.464741982991407454e+00
5.295227207773649525e+01,5.690269785677904757e+00
5.297227779365532996e+01,5.350105548438856218e+00
5.299228350957416467e+01,5.176836378808548744e+00
5.301228922549299938e+01,6.141884077300167277e+00
5.303229494141183409e+01,5.272700949335159315e+00
5.305230065733066880e+01,5.491499957617600458e+00
5.307230637324950351e+01,4.905342280767303720e+00
5.309231208916833822e+01,5.470502858701241422e+00
5.311231780508717293e+01,6.225140458772021823e+00
5.313232352100600764e+01,5.774290504046206252e+00
5.315232923692483524e+01,5.886760627298393445e+00
5.317233495284366995e+01,5.752828264871418185e+00
5.319234066876250466e+01,5.996174536837110658e+00
5.321234638468133937e+01,6.436377390751991001e+00
5.323235210060017408e+01,6.363284281945572829e+00
5.325235781651900879e+01,5.197374356713195809e+00
5.327236353243784350e+01,5.438383173349163435e+00
5.329236924835667821e+01,5.258096750285604415e+00
5.331237496427551292e+01,6.349472886502658397e+00
5.333238068019434053e+01,6.264346449234228231e+00
5.335238639611317524e+01,5.620921328009235829e+00
5.337239211203200995e+01,5.189385967958765278e+00
5.339239782795084466e+01,5.744094944703615369e+00
5.341240354386967937e+01,5.811685208757513266e+00
5.343240925978851408e+01,5.594844673032378424e+00
5.345241497570734879e+01,5.265131918700297398e+00
5.347242069162618350e+01,5.870608057670074764e+00
5.349242640754501821e+01,5.209192198053044898e+00
5.351243212346384581e+01,6.272107019335205536e+00
5.353243783938268052e+01,5.734280468980520240e+00
5.355244355530151523e+01,5.435409251832558297e+00
5.357244927122034994e+01,5.639986956769181603e+00
5.359245498713918465e+01,5.093898457646839795e+00
5.361246070305801936e+01,5.881619835002188879e+00
5.363246641897685407e+01,5.611532293855650444e+00
5.365247213489568878e+01,5.754092565164343753e+00
5.367247785081452349e+01,5.368145694082400610e+00
5.369248356673335820e+01,5.575841215671971440e+00
5.371248928265218581e+01,6.297648566678705429e+00
5.373249499857102052e+01,5.002546082885858780e+00
5.375250071448985523e+01,6.175010597159229953e+00
5.377250643040868994e+01,6.072477408549845634e+00
5.379251214632752465e+01,6.578888753796611866e+00
5.381251786224635936e+01,5.805950634601995120e+00
5.383252357816519407e+01,5.873757587231980715e+00
5.385252929408402878e+01,5.997917486221806094e+00
5.387253501000286349e+01,6.207544732315117386e+00
5.389254072592169109e+01,5.606555776386273671e+00
5.391254644184052580e+01,5.795315894858717343e+00
5.393255215775936051e+01,5.426369821601680243e+00
5.395255787367819522e+01,4.895848282878574764e+00
5.397256358959702993e+01,6.114381822758007345e+00
5.399256930551586464e+01,5.386019072267335339e+00
5.401257502143469935e+01,5.743513312498993884e+00
5.403258073735353406e+01,6.391329665044246156e+00
5.405258645327236877e+01,5.544013125400189423e+00
5.407259216919120348e+01,5.607748389531571398e+00
5.409259788511003109e+01,5.557567561337618756e+00
5.411260360102886580e+01,5.959269708443491353e+00
5.413260931694770051e+01,6.068071877769097178e+00
5.415261503286653522e+01,5.257246897536458796e+00
5.417262074878536993e+01,6.087496001396711875e+00
5.419262646470420464e+01,6.065704897100596682e+00
5.421263218062303935e+01,5.580794778737686812e+00
5.423263789654187406e+01,5.558415916378113053e+00
5.425264361246070877e+01,5.790729041681764500e+00
5.427264932837953637e+01,6.084371014975456404e+00
5.429265504429837108e+01,6.021627739801038715e+00
5.431266076021720579e+01,5.232227040264982421e+00
5.433266647613604050e+01,6.009434456842686956e+00
5.435267219205487521e+01,4.900022339745975231e+00
5.437267790797370992e+01,5.944076593314299828e+00
5.439268362389254463e+01,5.429684980994271548e+00
5.441268933981137934e+01,5.701656404142548595e+00
5.443269505573021405e+01,5.298769924570200018e+00
5.445270077164904166e+01,5.763488089855236751e+00
5.447270648756787637e+01,5.850700341163396878e+00
5.449271220348671108e+01,5.809184884663197934e+00
5.451271791940554579e+01,5.586361898452449459e+00
5.453272363532438050e+01,5.894669413757315013e+00
5.455272935124321521e+01,5.984931360961076585e+00
5.457273506716204992e+01,5.831570237153815839e+00
5.459274078308088463e+01,6.193966570241911995e+00
5.461274649899971934e+01,5.561525813078856295e+00
5.463275221491855405e+01,5.365778470245128773e+00
5.465275793083738165e+01,5.645495965925857895e+00
5.467276364675621636e+01,5.939415309142688670e+00
5.469276936267505107e+01,6.303426913789114572e+00
5.471277507859388578e+01,6.610064682715224293e+00
5.473278079451272049e+01,5.825297190024805616e+00
5.475278651043155520e+01,6.101745611048573714e+00
5.477279222635038991e+01,6.008635881933156675e+00
5.479279794226922462e+01,6.838811330665283350e+00
5.481280365818805933e+01,6.710604291270437116e+00
5.483280937410688693e+01,6.597278200079834676e+00
5.485281509002572164e+01,6.323334047387112022e+00
5.487282080594455635e+01,7.044349819973115601e+00
5.489282652186339106e+01,6.329355836428055326e+00
5.491283223778222577e+01,6.130849772611969506e+00
5.493283795370106048e+01,6.347019551891786904e+00
5.495284366961989519e+01,6.818983132044188267e+00
5.497284938553872990e+01,6.761121249571520053e+00
5.499285510145756461e+01,7.570914873487799568e+00
5.501286081737639222e+01,7.093468252805038787e+00
5.503286653329522693e+01,7.073526840102383417e+00
5.505287224921406164e+01,8.020424225943926899e+00
5.507287796513289635e+01,8.368450021333952549e+00
5.509288368105173106e+01,8.261856180960799989e+00
5.511288939697056577e+01,7.370051240988873431e+00
5.513289511288940048e+01,8.693441209638285372e+00
5.515290082880823519e+01,8.005953492107931169e+00
5.517290654472706990e+01,9.174783513249820999e+00
5.519291226064590461e+01,9.299370064086387444e+00
5.521291797656473221e+01,8.212213578250532109e+00
5.523292369248356692e+01,9.165204234814607887e+00
5.525292940840240163e+01,9.001300053027392778e+00
5.527293512432123634e+01,9.007054620724398220e+00
5.529294084024007105e+01,9.912782696028042295e+00
5.531294655615890576e+01,1.093699175100397269e+01
5.533295227207774047e+01,1.019212868933380634e+01
5.535295798799657518e+01,1.118217822374935899e+01
5.537296370391540989e+01,1.061930656971363973e+01
5.539296941983423750e+01,1.089901405444176774e+01
5.541297513575307221e+01,1.071485061256374038e+01
5.543298085167190692e+01,1.132411723022291383e+01
5.545298656759074163e+01,1.092749200143621024e+01
5.547299228350957634e+01,1.057151848448351750e+01
5.549299799942841105e+01,1.073998365729230997e+01
5.551300371534724576e+01,1.002515932223359485e+01
5.553300943126608047e+01,1.056528407367180833e+01
5.555301514718491518e+01,1.008809240645495109e+01
5.557302086310374989e+01,9.715837897075720875e+00
5.559302657902257749e+01,9.926362741619961128e+00
5.561303229494141220e+01,8.063579239689781630e+00
5.563303801086024691e+01,8.324558217052850040e+00
5.565304372677908162e+01,8.508362238104425046e+00
5.567304944269791633e+01,8.435596877991850207e+00
5.569305515861675104e+01,7.425839816243028579e+00
5.571306087453558575e+01,7.298366325785483610e+00
5.573306659045442046e+01,6.911030800949006903e+00
5.575307230637325517e+01,6.900135291067224230e+00
5.577307802229208278e+01,6.743989023709151098e+00
5.579308373821091749e+01,5.861553641323668629e+00
5.581308945412975220e+01,6.185455533256284610e+00
5.583309517004858691e+01,7.007222144800040908e+00
5.585310088596742162e+01,6.228181105998420009e+00
5.587310660188625633e+01,5.990503944531417879e+00
5.589311231780509104e+01,6.133616214656479215e+00
5.591311803372392575e+01,6.387600740132358013e+00
5.593312374964276046e+01,5.712231150656835510e+00
5.595312946556158806e+01,6.762186817444877818e+00
5.597313518148042277e+01,6.438153020568407214e+00
5.599314089739925748e+01,5.990529782543934090e+00
5.601314661331809219e+01,5.773340103080967012e+00
5.603315232923692690e+01,6.120670136039361608e+00
5.605315804515576161e+01,6.723643810376899843e+00
5.607316376107459632e+01,5.560797626330304944e+00
5.609316947699343103e+01,5.861405023560525507e+00
5.611317519291226574e+01,6.293713617595714460e+00
5.613318090883110045e+01,5.451549699620150236e+00
5.615318662474992806e+01,6.255581572622025632e+00
5.617319234066876277e+01,6.146169532103034072e+00
5.619319805658759748e+01,6.114087424636177381e+00
5.621320377250643219e+01,5.324886138546652603e+00
5.623320948842526690e+01,5.274668134555113852e+00
5.625321520434410161e+01,5.479320843421405129e+00
5.627322092026293632e+01,5.791840924345723174e+00
5.629322663618177103e+01,6.033618324569845370e+00
5.631323235210060574e+01,6.430652261733288633e+00
5.633323806801943334e+01,5.703861793610204955e+00
5.635324378393826805e+01,6.004531117750863345e+00
5.637324949985710276e+01,5.299778393795881115e+00
5.639325521577593747e+01,4.875994625895130774e+00
5.641326093169477218e+01,5.543404005421306735e+00
5.643326664761360689e+01,5.806291358020141402e+00
5.645327236353244160e+01,4.898181490760434187e+00
5.647327807945127631e+01,5.519118020368923183e+00
5.649328379537011102e+01,5.524024860350650101e+00
5.651328951128894573e+01,5.217242807318334563e+00
5.653329522720777334e+01,5.105295619764653736e+00
5.655330094312660805e+01,5.960716410616839767e+00
5.657330665904544276e+01,5.493478036511484142e+00
5.659331237496427747e+01,5.450998651235108738e+00
5.661331809088311218e+01,5.957355334323885643e+00
5.663332380680194689e+01,5.666604317628591403e+00
5.665332952272078160e+01,5.552254410048810485e+00
5.667333523863961631e+01,5.459916115235101230e+00
5.669334095455845102e+01,5.820735462679952121e+00
5.671334667047727862e+01,5.877385482693826546e+00
5.673335238639611333e+01,5.326377827942804011e+00
5.675335810231494804e+01,6.213449035724067926e+00
5.677336381823378275e+01,5.266272653502140244e+00
5.679336953415261746e+01,5.467167748561722718e+00
5.681337525007145217e+01,6.208871920714738479e+00
5.683338096599028688e+01,6.150975904784253601e+00
5.685338668190912159e+01,5.433241549913399027e+00
5.687339239782795630e+01,5.391872226395328482e+00
5.689339811374678391e+01,6.481918524541042004e+00
5.691340382966561862e+01,5.640916262810043769e+00
5.693340954558445333e+01,5.307853104648311060e+00
5.695341526150328804e+01,5.090995411682790461e+00
5.697342097742212275e+01,6.108377607473970627e+00
5.699342669334095746e+01,6.095562940973629829e+00
5.701343240925979217e+01,5.449417400586675342e+00
5.703343812517862688e+01,5.192984546170391624e+00
5.705344384109746159e+01,5.886838608138143414e+00
5.707344955701629630e+01,5.673844313250613780e+00
5.709345527293512390e+01,5.412633433361967228e+00
5.711346098885395861e+01,5.277133793174018095e+00
5.713346670477279332e+01,5.442798917634815936e+00
5.715347242069162803e+01,5.149499599068102285e+00
5.717347813661046274e+01,6.179067692014891477e+00
5.719348385252929745e+01,5.620024080997609417e+00
5.721348956844813216e+01,5.627553155632522675e+00
5.723349528436696687e+01,5.584201980897052664e+00
5.725350100028580158e+01,6.054971462653168324e+00
5.727350671620462919e+01,6.111934620324676715e+00
5.729351243212346390e+01,5.262863314983423635e+00
5.731351814804229861e+01,4.936440023284060175e+00
5.733352386396113332e+01,5.796313492470612339e+00
5.735352957987996803e+01,5.848972188758177815e+00
5.737353529579880274e+01,5.588074650100891105e+00
5.739354101171763745e+01,5.006195334612054459e+00
5.741354672763647216e+01,5.302374429824258328e+00
5.743355244355530687e+01,6.182730264618673033e+00
5.745355815947414158e+01,5.192043874738196507e+00
5.747356387539296918e+01,5.818071178642032493e+00
5.749356959131180389e+01,5.622353353197178549e+00
5.751357530723063860e+01,5.852039324372540818e+00
5.753358102314947331e+01,5.060686929620487717e+00
5.755358673906830802e+01,5.620991668974077982e+00
5.757359245498714273e+01,6.430670240539015481e+00
5.759359817090597744e+01,6.108658631617690737e+00
5.761360388682481215e+01,5.360989020860294829e+00
5.763360960274364686e+01,5.360948270153567563e+00
5.765361531866247446e+01,6.193178707281995266e+00
5.767362103458130917e+01,5.629163155443651867e+00
5.769362675050014388e+01,5.790275480538353392e+00
5.771363246641897859e+01,5.234991662614216779e+00
5.773363818233781330e+01,6.011385560079101964e+00
5.775364389825664801e+01,5.825564163154076880e+00
5.777364961417548272e+01,6.331000680391001723e+00
5.779365533009431743e+01,5.284768307763861195e+00
5.781366104601315214e+01,5.530110016668292161e+00
5.783366676193197975e+01,5.451397207357215891e+00
5.785367247785081446e+01,6.087328338371913006e+00
5.787367819376964917e+01,4.863870844415037809e+00
5.789368390968848388e+01,5.572587861375421170e+00
5.791368962560731859e+01,6.344184948163273496e+00
5.793369534152615330e+01,5.220057459802095678e+00
5.795370105744498801e+01,5.768005085267418508e+00
5.797370677336382272e+01,6.049476661323690330e+00
5.799371248928265743e+01,5.472350108119174550e+00
5.801371820520149214e+01,4.783743624033461650e+00
5.803372392112031974e+01,5.821762591008457832e+00
5.805372963703915445e+01,5.467324752266796040e+00
5.807373535295798916e+01,5.503672256319546818e+00
5.809374106887682387e+01,5.846992561080078588e+00
5.811374678479565858e+01,6.130943066529137120e+00
5.813375250071449329e+01,5.328510842050103946e+00
5.815375821663332800e+01,5.281698232206795574e+00
5.817376393255216271e+01,5.613662311143877481e+00
5.819376964847099742e+01,6.277171936706499977e+00
5.821377536438982503e+01,5.934392392669009197e+00
5.823378108030865974e+01,5.756557843190920565e+00
5.825378679622749445e+01,5.099550744292385751e+00
5.827379251214632916e+01,5.646485865604356391e+00
5.829379822806516387e+01,5.238538389338567747e+00
5.831380394398399858e+01,5.657564964568368993e+00
5.833380965990283329e+01,5.816333504437024793e+00
5.835381537582166800e+01,5.886795990180699434e+00
5.837382109174050271e+01,6.057617133731096004e+00
5.839382680765933742e+01,5.922082005283340500e+00
5.841383252357816502e+01,5.431598525949118184e+00
5.843383823949699973e+01,5.577384476163538274e+00
5.845384395541583444e+01,5.647716894404511301e+00
5.847384967133466915e+01,5.272306264000432563e+00
5.849385538725350386e+01,5.419899495251163657e+00
5.851386110317233857e+01,5.615696882886949126e+00
5.853386681909117328e+01,5.293652079353465822e+00
5.855387253501000799e+01,5.448813468834927676e+00
5.857387825092884270e+01,6.218866005913690209e+00
5.859388396684767031e+01,5.788339521836750379e+00
5.861388968276650502e+01,5.625251678817970280e+00
5.863389539868533973e+01,6.070164875198201138e+00
5.865390111460417444e+01,6.011707832463454082e+00
5.867390683052300915e+01,5.426139095221232722e+00
5.869391254644184386e+01,5.621079959426294792e+00
5.871391826236067857e+01,5.277039248617263922e+00
5.873392397827951328e+01,5.513808627197166246e+00
5.875392969419834799e+01,6.038836917058987730e+00
5.877393541011717559e+01,5.713948783127186459e+00
5.879394112603601030e+01,5.579693723083675394e+00
5.881394684195484501e+01,5.761442814088480802e+00
5.883395255787367972e+01,5.192213908433066294e+00
5.885395827379251443e+01,5.116592293279957460e+00
5.887396398971134914e+01,6.306786541584818551e+00
5.889396970563018385e+01,6.601304180477105987e+00
5.891397542154901856e+01,5.969493799272655110e+00
5.893398113746785327e+01,5.675801341059503180e+00
5.895398685338668798e+01,5.834044875079651860e+00
5.897399256930551559e+01,5.971390910180641498e+00
5.899399828522435030e+01,5.821294704455798552e+00
5.901400400114318501e+01,5.393364504238943979e+00
5.903400971706201972e+01,5.114500134486222649e+00
5.905401543298085443e+01,5.915203594462146164e+00
5.907402114889968914e+01,5.063909589464904215e+00
5.909402686481852385e+01,5.059170188799125611e+00
5.911403258073735856e+01,5.288698164141685254e+00
5.913403829665619327e+01,5.604495717875335181e+00
5.915404401257502087e+01,5.188891083597534148e+00
5.917404972849385558e+01,6.352650388815440863e+00
5.919405544441269029e+01,5.480893655235973938e+00
5.921406116033152500e+01,5.893660558421509599e+00
5.923406687625035971e+01,5.697120281958204302e+00
5.925407259216919442e+01,6.005960618223902259e+00
5.927407830808802913e+01,5.355957294795795853e+00
5.929408402400686384e+01,5.063142493666941135e+00
5.931408973992569855e+01,5.518297978235027657e+00
5.933409545584453326e+01,5.541489249502890679e+00
5.935410117176336087e+01,5.494330575139503736e+00
5.937410688768219558e+01,6.084986347487641112e+00
5.939411260360103029e+01,5.854888949981759794e+00
5.941411831951986500e+01,5.559227071178968416e+00
5.943412403543869971e+01,5.577002102723162658e+00
5.945412975135753442e+01,5.124479115547252661e+00
5.947413546727636913e+01,5.940446795397020807e+00
5.949414118319520384e+01,5.626341574890026287e+00
5.951414689911403855e+01,5.528019588181285471e+00
5.953415261503286615e+01,5.686222971510413338e+00
5.955415833095170086e+01,5.771411947152991218e+00
5.957416404687053557e+01,5.602574046016884246e+00
5.959416976278937028e+01,5.338691968909935248e+00
5.961417547870820499e+01,6.000208840290095935e+00
5.963418119462703970e+01,5.935823373733835950e+00
5.965418691054587441e+01,4.981347657634416670e+00
5.967419262646470912e+01,6.493592391030833078e+00
5.969419834238354383e+01,6.131606527585418576e+00
5.971420405830237144e+01,6.283995833005907805e+00
5.973420977422120615e+01,5.839987076465497751e+00
5.975421549014004086e+01,5.876588813624930907e+00
5.977422120605887557e+01,6.262627613691716277e+00
5.979422692197771028e+01,5.692726133495559893e+00
5.981423263789654499e+01,5.448126516723554857e+00
5.983423835381537970e+01,5.138938629170112904e+00
5.985424406973421441e+01,6.045006767026697148e+00
5.987424978565304912e+01,5.872842823740105800e+00
5.989425550157188383e+01,5.846579514236944775e+00
5.991426121749071143e+01,5.273830309017160545e+00
5.993426693340954614e+01,5.890411389332534497e+00
5.995427264932838085e+01,6.056467100849312502e+00
5.997427836524721556e+01,5.814436464308181840e+00
5.999428408116605027e+01,5.259346516326573351e+00
6.001428979708488498e+01,6.084989181764443700e+00
6.003429551300371969e+01,5.825272139466612487e+00
6.005430122892255440e+01,5.902261623984883521e+00
6.007430694484138911e+01,6.013986476175718465e+00
6.009431266076021672e+01,6.337945937066514546e+00
6.011431837667905143e+01,5.983534460744804662e+00
6.013432409259788614e+01,5.655776675673513054e+00
6.015432980851672085e+01,5.276999595564401346e+00
6.017433552443555556e+01,5.441414604234164010e+00
6.019434124035439027e+01,6.341656191676877441e+00
6.021434695627322498e+01,6.137099591014909983e+00
6.023435267219205969e+01,6.191492357901226207e+00
6.025435838811089440e+01,4.996816279813524275e+00
6.027436410402972911e+01,5.700860797651292167e+00
6.029436981994855671e+01,5.967534871718651601e+00
6.031437553586739142e+01,6.400508760690263088e+00
6.033438125178622613e+01,5.670226114706116149e+00
6.035438696770506084e+01,5.849303291613026090e+00
6.037439268362389555e+01,5.273206233322921932e+00
6.039439839954273026e+01,5.507117449819920907e+00
6.041440411546156497e+01,5.597318676278215221e+00
6.043440983138039968e+01,6.130764394837169284e+00
6.045441554729923439e+01,5.584449315718435614e+00
6.047442126321806199e+01,5.559529181107446760e+00
6.049442697913689670e+01,5.864070653016201007e+00
6.051443269505573141e+01,5.914447859407143682e+00
6.053443841097456612e+01,5.279419235040426983e+00
6.055444412689340083e+01,5.493161111568014121e+00
6.057444984281223554e+01,5.859722225981180088e+00
6.059445555873107025e+01,4.918978016813641219e+00
6.061446127464990496e+01,5.661742858519199117e+00
6.063446699056873967e+01,5.863532442772956266e+00
6.065447270648756728e+01,5.816818070095751025e+00
6.067447842240640199e+01,5.471302445088176647e+00
6.069448413832523670e+01,5.344807867712630056e+00
6.071448985424407141e+01,5.202877457732768107e+00
6.073449557016290612e+01,6.558958096709985419e+00
6.075450128608174083e+01,4.973319095197700435e+00
6.077450700200057554e+01,5.423143822808953018e+00
6.079451271791941025e+01,6.286275689779783349e+00
6.081451843383824496e+01,6.190986507982450426e+00
6.083452414975707967e+01,6.535104962595694289e+00
6.085452986567590727e+01,6.322904742156293167e+00
6.087453558159474198e+01,6.192618106101779318e+00
6.089454129751357669e+01,6.177134567728106873e+00
6.091454701343241140e+01,6.688097332699144637e+00
6.093455272935124611e+01,6.367854533316075205e+00
6.095455844527008082e+01,5.907490043830346593e+00
6.097456416118891553e+01,6.110630178223710907e+00
6.099456987710775024e+01,5.214141425521461315e+00
6.101457559302658495e+01,5.891120000289837400e+00
6.103458130894541256e+01,5.798685312680618154e+00
6.105458702486424727e+01,6.737837148759400208e+00
6.107459274078308198e+01,6.368808341921906369e+00
6.109459845670191669e+01,6.141982345837124768e+00
6.111460417262075140e+01,6.696033464516396805e+00
6.113460988853958611e+01,6.425239471785041623e+00
6.115461560445842082e+01,7.316251138230711604e+00
6.117462132037725553e+01,6.512217892660181917e+00
6.119462703629609024e+01,6.388015675339776323e+00
6.121463275221492495e+01,6.323883188288066393e+00
6.123463846813375255e+01,7.026632933292280114e+00
6.125464418405258726e+01,5.876021896890664564e+00
6.127464989997142197e+01,6.439929689679779301e+00
6.129465561589025668e+01,6.294869803989717738e+00
6.131466133180909139e+01,6.936971946854223248e+00
6.133466704772792610e+01,6.830746375898774758e+00
6.135467276364676081e+01,6.223068255318061404e+00
6.137467847956559552e+01,6.059341292249278865e+00
6.139468419548443023e+01,6.270386465298408041e+00
6.141468991140325784e+01,6.003177628337873273e+00
6.143469562732209255e+01,5.813115187875370182e+00
6.145470134324092726e+01,5.794509378012458356e+00
6.147470705915976197e+01,6.419511698439592351e+00
6.149471277507859668e+01,5.602549908600178874e+00
6.151471849099743139e+01,6.047600843895382106e+00
6.153472420691626610e+01,6.479008886967230652e+00
6.155472992283510081e+01,5.151489970624584913e+00
6.157473563875393552e+01,6.564740654747314608e+00
6.159474135467276312e+01,5.907764618241500898e+00
6.161474707059159783e+01,6.472647795613757360e+00
6.163475278651043254e+01,5.891287874504978817e+00
6.165475850242926725e+01,5.623034234673013998e+00
6.167476421834810196e+01,5.963241152556097546e+00
6.169476993426693667e+01,5.778231424446474307e+00
6.171477565018577138e+01,5.771199889787418158e+00
6.173478136610460609e+01,5.128217836012288089e+00
6.175478708202344080e+01,5.456663453717821355e+00
6.177479279794227551e+01,5.751412541417792568e+00
6.179479851386110312e+01,6.211321039514521303e+00
6.181480422977993783e+01,5.388425379773453372e+00
6.183480994569877254e+01,5.467374637277650606e+00
6.185481566161760725e+01,6.083294585341491256e+00
6.187482137753644196e+01,5.744863290479525375e+00
6.189482709345527667e+01,5.611328138746606520e+00
6.191483280937411138e+01,5.657751593905770093e+00
6.193483852529294609e+01,6.006875817973545750e+00
6.195484424121178080e+01,5.725707030407134468e+00
6.197484995713060840e+01,5.876621732865785930e+00
6.199485567304944311e+01,5.994301484488162579e+00
6.201486138896827782e+01,5.860830881667456360e+00
6.203486710488711253e+01,6.218546276941360418e+00
6.205487282080594724e+01,5.567571769853790542e+00
6.207487853672478195e+01,5.332533034778679237e+00
6.209488425264361666e+01,6.043751933525463471e+00
6.211488996856245137e+01,6.073021483276389354e+00
6.213489568448128608e+01,5.171145596207114892e+00
6.215490140040011369e+01,5.795688476299431180e+00
6.217490711631894840e+01,5.661243145176823255e+00
6.219491283223778311e+01,6.250045615785325026e+00
6.221491854815661782e+01,5.815509651467314356e+00
6.223492426407545253e+01,5.170198278012026805e+00
6.225492997999428724e+01,5.293808566980446884e+00
6.227493569591312195e+01,5.868951241659750906e+00
6.229494141183195666e+01,5.241382550738426183e+00
6.231494712775079137e+01,5.992283580323858772e+00
6.233495284366962608e+01,5.850995413753986796e+00
6.235495855958845368e+01,5.788860256737130783e+00
6.237496427550728839e+01,6.028441183479273491e+00
6.239496999142612310e+01,6.217109080371174379e+00
6.241497570734495781e+01,5.917024717848321735e+00
6.243498142326379252e+01,5.701177475004371331e+00
6.245498713918262723e+01,5.492060280096773717e+00
6.247499285510146194e+01,5.483803177477106772e+00
6.249499857102029665e+01,5.980111083684668927e+00
6.251500428693913136e+01,5.792232441713288438e+00
6.253501000285795897e+01,5.351220814440114992e+00
6.255501571877679368e+01,6.143592722713323795e+00
6.257502143469562839e+01,5.599283419978966059e+00
6.259502715061446310e+01,5.994464337409810994e+00
6.261503286653329781e+01,5.638875538430585976e+00
6.263503858245213252e+01,5.052923320689891362e+00
6.265504429837096723e+01,4.965760910058289568e+00
6.267505001428980194e+01,5.888143960985313896e+00
6.269505573020863665e+01,6.216379190213688233e+00
6.271506144612747136e+01,5.404384791959051526e+00
6.273506716204629896e+01,5.398295712743395924e+00
6.275507287796513367e+01,5.908968188756070106e+00
6.277507859388396838e+01,6.256222148492364354e+00
6.279508430980280309e+01,5.521465913770236433e+00
6.281509002572163780e+01,5.961879972379344750e+00
6.283509574164047251e+01,6.543387642650644764e+00
6.285510145755930722e+01,5.673146863058883937e+00
6.287510717347814193e+01,6.553534071743991163e+00
6.289511288939697664e+01,5.786136094285726728e+00
6.291511860531580425e+01,5.970384262781982088e+00
6.293512432123463896e+01,6.484891871853658785e+00
6.295513003715347367e+01,6.256227236159318750e+00
6.297513575307230838e+01,5.372707974554345789e+00
6.299514146899114309e+01,5.872742563420473516e+00
6.301514718490997780e+01,6.437569913067255456e+00
6.303515290082881251e+01,5.521217213715615912e+00
6.305515861674764722e+01,5.138122541191008530e+00
6.307516433266648193e+01,6.526352591691773952e+00
6.309517004858530953e+01,6.182343862933903367e+00
6.311517576450414424e+01,5.982351738171149513e+00
6.313518148042297895e+01,6.234272042046385742e+00
6.315518719634181366e+01,5.868140227520028063e+00
6.317519291226064837e+01,5.872286090075121479e+00
6.319519862817948308e+01,5.251814154959137504e+00
6.321520434409831779e+01,5.568822139544280958e+00
6.323521006001715250e+01,5.514713194826677878e+00
6.325521577593598721e+01,5.656900337679040547e+00
6.327522149185482192e+01,6.663630507272843673e+00
6.329522720777364952e+01,5.404635719606977418e+00
6.331523292369248423e+01,5.825494169155944313e+00
6.333523863961131894e+01,5.942592334857180525e+00
6.335524435553015365e+01,5.886534215631082034e+00
6.337525007144898836e+01,6.189006353441625308e+00
6.339525578736782307e+01,7.077814807554672072e+00
6.341526150328665778e+01,5.954563435024708973e+00
6.343526721920549249e+01,6.217440194470923664e+00
6.345527293512432720e+01,6.435238706640616257e+00
6.347527865104315481e+01,6.839967868472742296e+00
6.349528436696198952e+01,5.982744176884197351e+00
6.351529008288082423e+01,6.383978577415179601e+00
6.353529579879965894e+01,7.070068868525710037e+00
6.355530151471849365e+01,7.809005599205089077e+00
6.357530723063732836e+01,7.517041786392908875e+00
6.359531294655616307e+01,7.373995081936131513e+00
6.361531866247499778e+01,8.284281851135126828e+00
6.363532437839383249e+01,8.085123284386881437e+00
6.365533009431266720e+01,7.735555581062937947e+00
6.367533581023149480e+01,9.315134956874640437e+00
6.369534152615032951e+01,9.127575966781606098e+00
6.371534724206916422e+01,8.890287703790649587e+00
6.373535295798799893e+01,1.065855093535315312e+01
6.375535867390683364e+01,9.762802434436441246e+00
6.377536438982566835e+01,1.029925627505511798e+01
6.379537010574450306e+01,1.179113947864958689e+01
6.381537582166333777e+01,1.152519901861436935e+01
6.383538153758217248e+01,1.173660036409802032e+01
6.385538725350100009e+01,1.375927910810684907e+01
6.387539296941983480e+01,1.384000321604860062e+01
6.389539868533866951e+01,1.501443506653609283e+01
6.391540440125750422e+01,1.478756798667959238e+01
6.393541011717633893e+01,1.608707707870575732e+01
6.395541583309517364e+01,1.576481866042535529e+01
6.397542154901400835e+01,1.643331139764504911e+01
6.399542726493284306e+01,1.655996299054466192e+01
6.401543298085167066e+01,1.652975222337819616e+01
6.403543869677051248e+01,1.704984278200177172e+01
6.405544441268934008e+01,1.682566855830062735e+01
6.407545012860816769e+01,1.740202264501244755e+01
6.409545584452700950e+01,1.600815745468034379e+01
6.411546156044585132e+01,1.652284366686032513e+01
6.413546727636467892e+01,1.504849901574388582e+01
6.415547299228350653e+01,1.521153427657842983e+01
6.417547870820234834e+01,1.495160671600646651e+01
6.419548442412119016e+01,1.354738751854136325e+01
6.421549014004001776e+01,1.284822062311642732e+01
6.423549585595884537e+01,1.208609145020528963e+01
6.425550157187768718e+01,1.101966850700270584e+01
6.427550728779651479e+01,9.911582717403931042e+00
6.429551300371534239e+01,9.405971250632383374e+00
6.431551871963418421e+01,9.676935404101435267e+00
6.433552443555302602e+01,9.147680355104007788e+00
6.435553015147185363e+01,8.101782907151031665e+00
6.437553586739068123e+01,8.413223976307966367e+00
6.439554158330952305e+01,7.547829845741084398e+00
6.441554729922835065e+01,7.334824330171724860e+00
6.443555301514717826e+01,7.137303430211324518e+00
6.445555873106602007e+01,6.258243356604838326e+00
6.447556444698486189e+01,6.875707674379802015e+00
6.449557016290368949e+01,6.779086585332229298e+00
6.451557587882251710e+01,6.768202399820793858e+00
6.453558159474135891e+01,6.960840312934676533e+00
6.455558731066020073e+01,6.171864600517460886e+00
6.457559302657902833e+01,6.415658909824699663e+00
6.459559874249785594e+01,6.372440280126369316e+00
6.461560445841669775e+01,6.055525664766037153e+00
6.463561017433552536e+01,6.041582806467133082e+00
6.465561589025435296e+01,6.529152969495060077e+00
6.467562160617319478e+01,5.828077359638111687e+00
6.469562732209203659e+01,6.471869122331669999e+00
6.471563303801086420e+01,5.932699040238651023e+00
6.473563875392969180e+01,6.258547376687769059e+00
6.475564446984853362e+01,5.662517854237370862e+00
6.477565018576737543e+01,5.409668147412290296e+00
6.479565590168618883e+01,6.376463865694642408e+00
6.481566161760503064e+01,5.917002088036579899e+00
6.483566733352387246e+01,6.255478424169316654e+00
6.485567304944270006e+01,5.791079043180609176e+00
6.487567876536152767e+01,6.106452137784712519e+00
6.489568448128036948e+01,6.077229524520692650e+00
6.491569019719921130e+01,6.422742602735033834e+00
6.493569591311803890e+01,5.893009659045753246e+00
6.495570162903686651e+01,6.538643028664290924e+00
6.497570734495570832e+01,5.667665913487665463e+00
6.499571306087453593e+01,6.615961048957816004e+00
6.501571877679336353e+01,5.382038975508190326e+00
6.503572449271220535e+01,5.948854972706202560e+00
6.505573020863104716e+01,5.558322473771044159e+00
6.507573592454987477e+01,5.746124606580971239e+00
6.509574164046870237e+01,6.736486958302272399e+00
6.511574735638754419e+01,6.552316101380304403e+00
6.513575307230638600e+01,6.123858751114598320e+00
6.515575878822521361e+01,5.459965177824571470e+00
6.517576450414404121e+01,6.265594844499827509e+00
6.519577022006288303e+01,5.945658991619936273e+00
6.521577593598171063e+01,6.054248775747231193e+00
6.523578165190053824e+01,6.294210488917153512e+00
6.525578736781938005e+01,5.219788354484917292e+00
6.527579308373822187e+01,5.782562388997424030e+00
6.529579879965704947e+01,6.629597400208194102e+00
6.531580451557587708e+01,6.194608263573799789e+00
6.533581023149471889e+01,6.345747944031012722e+00
6.535581594741354650e+01,5.360549834949991599e+00
6.537582166333237410e+01,5.627367892096406088e+00
6.539582737925121592e+01,6.236058167871644464e+00
6.541583309517005773e+01,5.760056291542325013e+00
6.543583881108888534e+01,5.602484228888902962e+00
6.545584452700771294e+01,6.062461635648551450e+00
6.547585024292655476e+01,5.825581435812315689e+00
6.549585595884539657e+01,5.995269745353724034e+00
6.551586167476422418e+01,6.473663797238341289e+00
6.553586739068305178e+01,5.891245506941340082e+00
6.555587310660189360e+01,6.237083957016647418e+00
6.557587882252072120e+01,6.079865054017503212e+00
6.559588453843954881e+01,6.144602893599805604e+00
6.561589025435839062e+01,6.134198153958918986e+00
6.563589597027723244e+01,6.677329041526538944e+00
6.565590168619606004e+01,6.141255954829899721e+00
6.567590740211488765e+01,6.351589342048470144e+00
6.569591311803372946e+01,6.288107146039571660e+00
6.571591883395257128e+01,5.951908462336859884e+00
6.573592454987138467e+01,6.249491415269983641e+00
6.575593026579022649e+01,6.633318301902219716e+00
6.577593598170906830e+01,6.143808709235393906e+00
6.579594169762789591e+01,5.639888836912408721e+00
6.581594741354672351e+01,6.100935502030901958e+00
6.583595312946556533e+01,5.757439566751517468e+00
6.585595884538440714e+01,6.466773352061414570e+00
6.587596456130323475e+01,6.176355891614509375e+00
6.589597027722206235e+01,6.635073407060743556e+00
6.591597599314090417e+01,6.460339796304729987e+00
6.593598170905973177e+01,6.185209535237040868e+00
6.595598742497855937e+01,6.859224004118803286e+00
6.597599314089740119e+01,6.301255900475345229e+00
6.599599885681624301e+01,6.941973082649729676e+00
6.601600457273507061e+01,6.896803158006600043e+00
6.603601028865389821e+01,6.611916703694449282e+00
6.605601600457274003e+01,6.889668564100817960e+00
6.607602172049158185e+01,6.256369159349906894e+00
6.609602743641040945e+01,7.247602220036302612e+00
6.611603315232923705e+01,7.849464309311505517e+00
6.613603886824807887e+01,7.467521752116543787e+00
6.615604458416690647e+01,8.198885566842973205e+00
6.617605030008573408e+01,7.971544555176780733e+00
6.619605601600457589e+01,7.929900280132841317e+00
6.621606173192341771e+01,9.073745535035994791e+00
6.623606744784224531e+01,9.264584450227173917e+00
6.625607316376107292e+01,9.540480850597331752e+00
6.627607887967991473e+01,1.080412576380102152e+01
6.629608459559874234e+01,1.075376120540300207e+01
6.631609031151756994e+01,1.186355987834344461e+01
6.633609602743641176e+01,1.294424894888178912e+01
6.635610174335525357e+01,1.314741461290127944e+01
6.637610745927408118e+01,1.535476192987339061e+01
6.639611317519290878e+01,1.608286595672532115e+01
6.641611889111175060e+01,1.752610809276794868e+01
6.643612460703059241e+01,1.921147841194388306e+01
6.645613032294942002e+01,1.988821308806020838e+01
6.647613603886824762e+01,2.266608101692932564e+01
6.649614175478708944e+01,2.298285919796990839e+01
6.651614747070591704e+01,2.572771396013933654e+01
6.653615318662474465e+01,2.707849835072045153e+01
6.655615890254358646e+01,2.957505157870546242e+01
6.657616461846242828e+01,3.105188847102655814e+01
6.659617033438125588e+01,3.440761059170219482e+01
6.661617605030008349e+01,3.635898727583199985e+01
6.663618176621892530e+01,3.955349403268232322e+01
6.665618748213776712e+01,4.196732517641601845e+01
6.667619319805658051e+01,4.439781534774204630e+01
6.669619891397542233e+01,4.610833154395517397e+01
6.671620462989426414e+01,4.841485629471478092e+01
6.673621034581309175e+01,4.946980982509307978e+01
6.675621606173191935e+01,5.060455647729644824e+01
6.677622177765076117e+01,5.090968330044515255e+01
6.679622749356960298e+01,4.963213992982484513e+01
6.681623320948843059e+01,4.900945013837556985e+01
6.683623892540725819e+01,4.846993094528641421e+01
6.685624464132610001e+01,4.533401840836778263e+01
6.687625035724492761e+01,4.278057813878080395e+01
6.689625607316375522e+01,4.028550108093767790e+01
6.691626178908259703e+01,3.644322466479961520e+01
6.693626750500143885e+01,3.342878056043832657e+01
6.695627322092026645e+01,3.084678044321535850e+01
6.697627893683909406e+01,2.717079224024468687e+01
6.699628465275793587e+01,2.372197102731803753e+01
6.701629036867677769e+01,2.227080555073650814e+01
6.703629608459560529e+01,1.882918872701763746e+01
6.705630180051443290e+01,1.623222261751565654e+01
6.707630751643327471e+01,1.546924988663922207e+01
6.709631323235210232e+01,1.291370464933644335e+01
6.711631894827092992e+01,1.281631441476588051e+01
6.713632466418977174e+01,1.067753274281013987e+01
6.715633038010861355e+01,1.121605072892526778e+01
6.717633609602744116e+01,1.000496926129488706e+01
6.719634181194626876e+01,8.951289429865779468e+00
6.721634752786511058e+01,9.388622909814117179e+00
6.723635324378393818e+01,8.479210358513874723e+00
6.725635895970276579e+01,7.689128721812313216e+00
6.727636467562160760e+01,8.280169259915409086e+00
6.729637039154044942e+01,7.533615394383453179e+00
6.731637610745927702e+01,6.532253670640951526e+00
6.733638182337810463e+01,7.980282310233202558e+00
6.735638753929694644e+01,7.286843027898585845e+00
6.737639325521578826e+01,7.496433423212991443e+00
6.739639897113461586e+01,6.356988295218322094e+00
6.741640468705344347e+01,6.641169421742358026e+00
6.743641040297228528e+01,6.876661670664170778e+00
6.745641611889111289e+01,6.064769019288041463e+00
6.747642183480994049e+01,6.342319729926914285e+00
6.749642755072878231e+01,6.761076035133932294e+00
6.751643326664762412e+01,6.206500462748185676e+00
6.753643898256645173e+01,6.645996011607698151e+00
6.755644469848527933e+01,6.701430757754243572e+00
6.757645041440412115e+01,6.395185655815534886e+00
6.759645613032296296e+01,6.663462122272868271e+00
6.761646184624177636e+01,6.686311528362362644e+00
6.763646756216061817e+01,6.137189691418514670e+00
6.765647327807945999e+01,6.019972256200089689e+00
6.767647899399828759e+01,6.520103446994298224e+00
6.769648470991711520e+01,6.108985054278711857e+00
6.771649042583595701e+01,5.566609111840689295e+00
6.773649614175479883e+01,6.478319257493229344e+00
6.775650185767362643e+01,6.483446786584424082e+00
6.777650757359245404e+01,6.520534689191256561e+00
6.779651328951129585e+01,5.789593635430328789e+00
6.781651900543012346e+01,6.157933670335708598e+00
6.783652472134895106e+01,6.454667630785494659e+00
6.785653043726779288e+01,5.317046409973457344e+00
6.787653615318663469e+01,5.884259024222890488e+00
6.789654186910546230e+01,6.307843240459327205e+00
6.791654758502428990e+01,5.469371465986521130e+00
6.793655330094313172e+01,6.102435827646353061e+00
6.795655901686197353e+01,6.622068871080738717e+00
6.797656473278080114e+01,6.161998295451323493e+00
6.799657044869962874e+01,6.347636973674102734e+00
6.801657616461847056e+01,5.326782798668379115e+00
6.803658188053729816e+01,6.049099186976047093e+00
6.805658759645612577e+01,5.878329511597851109e+00
6.807659331237496758e+01,6.016764840873555897e+00
6.809659902829380940e+01,5.637796304287720162e+00
6.811660474421263700e+01,5.922016926135121651e+00
6.813661046013146461e+01,5.783981495449033616e+00
6.815661617605030642e+01,6.301888816259143766e+00
6.817662189196913403e+01,6.146223190359933142e+00
6.819662760788796163e+01,6.711432828402205786e+00
6.821663332380680345e+01,5.275241705756792854e+00
6.823663903972564526e+01,5.625843218802836887e+00
6.825664475564447287e+01,5.785748043676615993e+00
6.827665047156330047e+01,5.684580231460667932e+00
6.829665618748214229e+01,5.724996708861285200e+00
6.831666190340098410e+01,5.746265204825503403e+00
6.833666761931981171e+01,5.858867714443308117e+00
6.835667333523863931e+01,5.819872591017278829e+00
6.837667905115748113e+01,6.410805834072039744e+00
6.839668476707630873e+01,6.323737083676855164e+00
6.841669048299513634e+01,6.102625820406418100e+00
6.843669619891397815e+01,5.838691257684331504e+00
6.845670191483281997e+01,5.247938427769767600e+00
6.847670763075164757e+01,5.383641324172707243e+00
6.849671334667047518e+01,5.453488670681661432e+00
6.851671906258931699e+01,5.121091089994637358e+00
6.853672477850815881e+01,5.972073913289216662e+00
6.855673049442697220e+01,6.149895432239238957e+00
6.857673621034581402e+01,5.633192289708280676e+00
6.859674192626465583e+01,5.590655463061122710e+00
6.861674764218348344e+01,5.435441706899563741e+00
6.863675335810231104e+01,5.589298959597497785e+00
6.865675907402115286e+01,6.012581783373107669e+00
6.867676478993999467e+01,5.607315891986182521e+00
6.869677050585882228e+01,5.220990894502600455e+00
6.871677622177764988e+01,6.495336981281980115e+00
6.873678193769649170e+01,5.593497421753665044e+00
6.875678765361531930e+01,5.815851533303327159e+00
6.877679336953414690e+01,5.777252210348698291e+00
6.879679908545298872e+01,5.560330495083620761e+00
6.881680480137183054e+01,6.068648194547279218e+00
6.883681051729065814e+01,6.334121140570792008e+00
6.885681623320948574e+01,5.952544658862161775e+00
6.887682194912832756e+01,5.041023750516786528e+00
6.889682766504716938e+01,6.039840681473263473e+00
6.891683338096599698e+01,6.501759095841619818e+00
6.893683909688482458e+01,5.795393184249058471e+00
6.895684481280366640e+01,5.985168574760222349e+00
6.897685052872249400e+01,5.302722042587920015e+00
6.899685624464132161e+01,6.036916110910908628e+00
6.901686196056016342e+01,6.272951377522341332e+00
6.903686767647900524e+01,5.540050663282250376e+00
6.905687339239783284e+01,5.994317145527505275e+00
6.907687910831666045e+01,5.938762914854247121e+00
6.909688482423550226e+01,5.694419248186845195e+00
6.911689054015432987e+01,6.261871061162000984e+00
6.913689625607315747e+01,6.173834083825918917e+00
6.915690197199199929e+01,5.516430205137485387e+00
6.917690768791084110e+01,5.618789271387550244e+00
6.919691340382966871e+01,5.598739295610597466e+00
6.921691911974849631e+01,5.978424861553590652e+00
6.923692483566733813e+01,5.846015483902894161e+00
6.925693055158617994e+01,5.943591533903739510e+00
6.927693626750500755e+01,6.186282577316501552e+00
6.929694198342383515e+01,5.765716839070101685e+00
6.931694769934267697e+01,5.358358529273960613e+00
6.933695341526150457e+01,6.028520392861430821e+00
6.935695913118033218e+01,5.507939784657082782e+00
6.937696484709917399e+01,6.103277670396214383e+00
6.939697056301801581e+01,6.171426943834330103e+00
6.941697627893684341e+01,6.333323161629211384e+00
6.943698199485567102e+01,5.756029759066064067e+00
6.945698771077451283e+01,5.660697330522773463e+00
6.947699342669335465e+01,5.671126432965152731e+00
6.949699914261216804e+01,5.092802359050455863e+00
6.951700485853100986e+01,5.338788266148903894e+00
6.953701057444985167e+01,5.241260640689256789e+00
6.955701629036867928e+01,5.120395368378538592e+00
6.957702200628750688e+01,5.317854172107846722e+00
6.959702772220634870e+01,5.431862650485538069e+00
6.961703343812519051e+01,5.747214265781079412e+00
6.963703915404401812e+01,6.122197880412631577e+00
6.965704486996284572e+01,5.463798224539666570e+00
6.967705058588168754e+01,5.509685473248591592e+00
6.969705630180051514e+01,5.891443474138224445e+00
6.971706201771934275e+01,5.613280511050311006e+00
6.973706773363818456e+01,5.790654909122219252e+00
6.975707344955702638e+01,5.819740128250582067e+00
6.977707916547585398e+01,5.391808647195713178e+00
6.979708488139468159e+01,5.561962926594434364e+00
6.981709059731352340e+01,5.195056172684718199e+00
6.983709631323236522e+01,6.044762137170362593e+00
6.985710202915119282e+01,6.073155647800563273e+00
6.987710774507002043e+01,5.692808194161948165e+00
6.989711346098886224e+01,6.078509560211281304e+00
6.991711917690768985e+01,5.732926497583466841e+00
6.993712489282651745e+01,5.812409785730599410e+00
6.995713060874535927e+01,5.746257818483183399e+00
6.997713632466420108e+01,5.925560477477500143e+00
6.999714204058302869e+01,5.859312290431991421e+00
7.001714775650185629e+01,5.793126796675088563e+00
7.003715347242069811e+01,5.200462707333931789e+00
7.005715918833952571e+01,5.589433969701694593e+00
7.007716490425835332e+01,5.717793447486915426e+00
7.009717062017719513e+01,5.517679205593228886e+00
7.011717633609603695e+01,5.593816366834671427e+00
7.013718205201486455e+01,5.679631700977815001e+00
7.015718776793369216e+01,6.398527340587806478e+00
7.017719348385253397e+01,6.044825636244365086e+00
7.019719919977137579e+01,5.703282291549315985e+00
7.021720491569020339e+01,5.843690839277128291e+00
7.023721063160903100e+01,6.522372572406447411e+00
7.025721634752787281e+01,6.218584893666482927e+00
7.027722206344670042e+01,5.457236220191157727e+00
7.029722777936552802e+01,5.576278343991459607e+00
7.031723349528436984e+01,5.544087239618656682e+00
7.033723921120321165e+01,5.503664926124484325e+00
7.035724492712203926e+01,5.990490690732605650e+00
7.037725064304086686e+01,5.531455639725160189e+00
7.039725635895970868e+01,5.809753600684148367e+00
7.041726207487855049e+01,5.491414930049251630e+00
7.043726779079736389e+01,6.268519394675280410e+00
7.045727350671620570e+01,5.350825939508808915e+00
7.047727922263504752e+01,5.259838631245537854e+00
7.049728493855387512e+01,6.464948267961386108e+00
7.051729065447270273e+01,5.936337503600833898e+00
7.053729637039154454e+01,5.749452683330599001e+00
7.055730208631038636e+01,5.820558616918267703e+00
7.057730780222921396e+01,5.791835078109296653e+00
7.059731351814804157e+01,5.972788037822493123e+00
7.061731923406688338e+01,6.023563246433869089e+00
7.063732494998571099e+01,6.453904714430422018e+00
7.065733066590453859e+01,5.780857507623079705e+00
7.067733638182338041e+01,5.843481825721447365e+00
7.069734209774222222e+01,5.776972025186593029e+00
7.071734781366104983e+01,6.230670557039418966e+00
7.073735352957987743e+01,6.187958528802571578e+00
7.075735924549871925e+01,6.381769693120546094e+00
7.077736496141756106e+01,5.597750835146092285e+00
7.079737067733638867e+01,6.156011354630660293e+00
7.081737639325521627e+01,5.864590294797899617e+00
7.083738210917405809e+01,6.257288689857903208e+00
7.085738782509288569e+01,5.209161736842676582e+00
7.087739354101171330e+01,6.289617257462698063e+00
7.089739925693055511e+01,5.789192470550466929e+00
7.091740497284939693e+01,5.079521452974791629e+00
7.093741068876822453e+01,6.360074162913885054e+00
7.095741640468705214e+01,5.230059336730792374e+00
7.097742212060589395e+01,6.001119149992650392e+00
7.099742783652472156e+01,5.327452015510866445e+00
7.101743355244354916e+01,6.268456406428631666e+00
7.103743926836239098e+01,5.651032025215765309e+00
7.105744498428123279e+01,6.352505809025362993e+00
7.107745070020006040e+01,6.036279740747110267e+00
7.109745641611888800e+01,6.082403851304525766e+00
7.111746213203772982e+01,5.707125728668212439e+00
7.113746784795657163e+01,6.212203628162647817e+00
7.115747356387539924e+01,5.618652760202690999e+00
7.117747927979422684e+01,5.586320573167968817e+00
7.119748499571306866e+01,6.065658114720001493e+00
7.121749071163189626e+01,5.493728673782706906e+00
7.123749642755072387e+01,5.758887533341201959e+00
7.125750214346956568e+01,5.931726443093931600e+00
7.127750785938840750e+01,5.978967150024146804e+00
7.129751357530723510e+01,5.933274629578439985e+00
7.131751929122606271e+01,6.317054974199582063e+00
7.133752500714490452e+01,6.512364558672539161e+00
7.135753072306374634e+01,6.517558986800977117e+00
7.137753643898255973e+01,7.069627839141636727e+00
7.139754215490140155e+01,6.662052157554040122e+00
7.141754787082024336e+01,7.461678831048679683e+00
7.143755358673907097e+01,7.375345086529714322e+00
7.145755930265789857e+01,7.189276907775875358e+00
7.147756501857674039e+01,7.893656697054385774e+00
7.149757073449558220e+01,8.263056811456294781e+00
7.151757645041440981e+01,8.138648746581512938e+00
7.153758216633323741e+01,7.860160258333880989e+00
7.155758788225207923e+01,8.938094259144872211e+00
7.157759359817090683e+01,8.265288069706828722e+00
7.159759931408973443e+01,8.545502556164185748e+00
7.161760503000857625e+01,8.856856419723593277e+00
7.163761074592741807e+01,8.433957373419003645e+00
7.165761646184624567e+01,8.386515403717911710e+00
7.167762217776507327e+01,9.297505459097047620e+00
7.169762789368391509e+01,7.858443208491371124e+00
7.171763360960275691e+01,7.882021622436241159e+00
7.173763932552158451e+01,8.731310528890428913e+00
7.175764504144041211e+01,8.730465978056619392e+00
7.177765075735925393e+01,8.237255388210614981e+00
7.179765647327808153e+01,8.185785158087341529e+00
7.181766218919690914e+01,8.766460331968177755e+00
7.183766790511575095e+01,8.506309142672762391e+00
7.185767362103459277e+01,9.333894326986294843e+00
7.187767933695342037e+01,9.121706577488915002e+00
7.189768505287224798e+01,9.334322615765570319e+00
7.191769076879108979e+01,1.105136181043048538e+01
7.193769648470991740e+01,1.087809640045150061e+01
7.195770220062874500e+01,1.191797930448042031e+01
7.197770791654758682e+01,1.269564243857992913e+01
7.199771363246642863e+01,1.354737166131291204e+01
7.201771934838525624e+01,1.410662035229510991e+01
7.203772506430408384e+01,1.456076608056168098e+01
7.205773078022292566e+01,1.506173291928019786e+01
7.207773649614176747e+01,1.629500717879377802e+01
7.209774221206059508e+01,1.620944007115286212e+01
7.211774792797942268e+01,1.661708841461797448e+01
7.213775364389826450e+01,1.700706814325800309e+01
7.215775935981709210e+01,1.664375516498953544e+01
7.217776507573591971e+01,1.641641221055365207e+01
7.219777079165476152e+01,1.739625579622713758e+01
7.221777650757360334e+01,1.650457434619733021e+01
7.223778222349243094e+01,1.610073747897244090e+01
7.225778793941125855e+01,1.525573816823442996e+01
7.227779365533010036e+01,1.451427548412849156e+01
7.229779937124894218e+01,1.429088486478422126e+01
7.231780508716775557e+01,1.312802907552819676e+01
7.233781080308659739e+01,1.279768527927572386e+01
7.235781651900543920e+01,1.140818749046127856e+01
7.237782223492426681e+01,1.156641144214776418e+01
7.239782795084309441e+01,1.114830890589646373e+01
7.241783366676193623e+01,9.736129125029988174e+00
7.243783938268077804e+01,1.043458096843778016e+01
7.245784509859960565e+01,9.222812032884508682e+00
7.247785081451843325e+01,9.063069588565603851e+00
7.249785653043727507e+01,9.078517606593234035e+00
7.251786224635610267e+01,7.450261715089162351e+00
7.253786796227493028e+01,8.049764367331340154e+00
7.255787367819377209e+01,6.454189003496376920e+00
7.257787939411261391e+01,7.719653155860834559e+00
7.259788511003144151e+01,7.057797449694508174e+00
7.261789082595026912e+01,6.842378936115780519e+00
7.263789654186911093e+01,6.731259693974476654e+00
7.265790225778795275e+01,6.951996749000128872e+00
7.267790797370678035e+01,6.445326768992059030e+00
7.269791368962560796e+01,6.212028716071280598e+00
7.271791940554444977e+01,6.114524990112750302e+00
7.273792512146327738e+01,6.388089581924928595e+00
7.275793083738210498e+01,6.663115035481638415e+00
7.277793655330094680e+01,5.661353228383412706e+00
7.279794226921978861e+01,5.953525984674775451e+00
7.281794798513861622e+01,5.967807018433569866e+00
7.283795370105744382e+01,5.576096464423287102e+00
7.285795941697628564e+01,6.545974030983273018e+00
7.287796513289511324e+01,5.887721714642703219e+00
7.289797084881394085e+01,5.764151262509533247e+00
7.291797656473278266e+01,5.400897731123850853e+00
7.293798228065162448e+01,6.356079038741363263e+00
7.295798799657045208e+01,6.179973619998110124e+00
7.297799371248927969e+01,6.307736729431958622e+00
7.299799942840812150e+01,6.168031033299148369e+00
7.301800514432696332e+01,5.905927653458052262e+00
7.303801086024579092e+01,5.330296252232002985e+00
7.305801657616461853e+01,5.899503769767447281e+00
7.307802229208346034e+01,6.105094009723018189e+00
7.309802800800228795e+01,6.273503836705772940e+00
7.311803372392111555e+01,5.146961315677737403e+00
7.313803943983995737e+01,6.534123291706306347e+00
7.315804515575879918e+01,6.183728819506802310e+00
7.317805087167762679e+01,5.198990877812859068e+00
7.319805658759645439e+01,5.631114293204379173e+00
7.321806230351529621e+01,5.971614822980921389e+00
7.323806801943413802e+01,6.398781485798391344e+00
7.325807373535295142e+01,6.168272373466711755e+00
7.327807945127179323e+01,5.985382228179684461e+00
7.329808516719063505e+01,6.363625804683207932e+00
7.331809088310946265e+01,5.291485681569968236e+00
7.333809659902829026e+01,5.771914351169701973e+00
7.335810231494713207e+01,5.440871922343182732e+00
7.337810803086597389e+01,6.188513318928695384e+00
7.339811374678480149e+01,6.418726976337636891e+00
7.341811946270362910e+01,5.435806052904738728e+00
7.343812517862247091e+01,5.784330260748337338e+00
7.345813089454129852e+01,5.402692911174415968e+00
7.347813661046012612e+01,6.122585120488366783e+00
7.349814232637896794e+01,4.963643177396260597e+00
7.351814804229780975e+01,6.160458911569234530e+00
7.353815375821663736e+01,5.617086884061359697e+00
7.355815947413546496e+01,4.863369474939599257e+00
7.357816519005430678e+01,5.893685575769626261e+00
7.359817090597314859e+01,5.313870555676398766e+00
7.361817662189197620e+01,5.450913564184931559e+00
7.363818233781080380e+01,5.776305524385959345e+00
7.365818805372964562e+01,5.899279141452241859e+00
7.367819376964847322e+01,6.309633237193713384e+00
7.369819948556730083e+01,5.544785888418323871e+00
7.371820520148614264e+01,5.361144892221011204e+00
7.373821091740498446e+01,5.436114900659262617e+00
7.375821663332381206e+01,5.302460719788002486e+00
7.377822234924263967e+01,5.417586584902290170e+00
7.379822806516148148e+01,5.629887741212701968e+00
7.381823378108030909e+01,5.280350678451188884e+00
7.383823949699913669e+01,5.365885644662650833e+00
7.385824521291797851e+01,4.883048707021492518e+00
7.387825092883682032e+01,6.276441010722914271e+00
7.389825664475564793e+01,5.546065612766474473e+00
7.391826236067447553e+01,5.663040157920109507e+00
7.393826807659331735e+01,5.762503502507198228e+00
7.395827379251215916e+01,5.514822594795115940e+00
7.397827950843098677e+01,5.623472370938289444e+00
7.399828522434981437e+01,5.382437491877096747e+00
7.401829094026865619e+01,5.940148602577443704e+00
7.403829665618748379e+01,5.294603668907365446e+00
7.405830237210632561e+01,5.530225885489798543e+00
7.407830808802515321e+01,6.053359348802989537e+00
7.409831380394398082e+01,5.501625390997958220e+00
7.411831951986282263e+01,5.530617886103922132e+00
7.413832523578165024e+01,5.733153049608823437e+00
7.415833095170049205e+01,5.879374159873040462e+00
7.417833666761931966e+01,5.654568671926137213e+00
7.419834238353816147e+01,5.294380608887641060e+00
7.421834809945698908e+01,5.140041868363040223e+00
7.423835381537583089e+01,5.683745130376270716e+00
7.425835953129465850e+01,5.851711395816584727e+00
7.427836524721348610e+01,5.444666790831904635e+00
7.429837096313232792e+01,5.380925563365903663e+00
7.431837667905115552e+01,5.203442095550694368e+00
7.433838239496999734e+01,5.460264619480062365e+00
7.435838811088882494e+01,5.424891167919488666e+00
7.437839382680766676e+01,6.495168773066726686e+00
7.439839954272649436e+01,5.863130414643025645e+00
7.441840525864533618e+01,6.220062634245754118e+00
7.443841097456416378e+01,6.000804960210346373e+00
7.445841669048300560e+01,5.630182645458107871e+00
7.447842240640183320e+01,5.758105620820819226e+00
7.449842812232066080e+01,5.395573762343927271e+00
7.451843383823950262e+01,5.230906690413750226e+00
7.453843955415833022e+01,5.963331433060821141e+00
7.455844527007717204e+01,5.925360215731091174e+00
7.457845098599599964e+01,5.321921318439542858e+00
7.459845670191484146e+01,5.726118038425946466e+00
7.461846241783366906e+01,5.183480153677750835e+00
7.463846813375251088e+01,5.522048014891868917e+00
7.465847384967133848e+01,5.338657710834235459e+00
7.467847956559016609e+01,6.055059351642217536e+00
7.469848528150900790e+01,5.210188122357459761e+00
7.471849099742783551e+01,5.574207260234543604e+00
7.473849671334667732e+01,5.539882336404948759e+00
7.475850242926550493e+01,5.934937266176439685e+00
7.477850814518434674e+01,5.638189999260080576e+00
7.479851386110317435e+01,5.906991262232508255e+00
7.481851957702201616e+01,5.886118744918909407e+00
7.483852529294084377e+01,5.972587948192355611e+00
7.485853100885967137e+01,6.124095793803268073e+00
7.487853672477851319e+01,5.394843556898099024e+00
7.489854244069734079e+01,6.578818069698488813e+00
7.491854815661618261e+01,5.537289086612948275e+00
7.493855387253501021e+01,5.726028634559265029e+00
7.495855958845385203e+01,5.694868473437058043e+00
7.497856530437267963e+01,6.280763488286684293e+00
7.499857102029152145e+01,5.152247284268977268e+00
7.501857673621034905e+01,5.623678575276077396e+00
7.503858245212917666e+01,5.672902674214143737e+00
7.505858816804801847e+01,5.972763265278149269e+00
7.507859388396684608e+01,5.049272101653515143e+00
7.509859959988568789e+01,5.368592361442180660e+00
7.511860531580451550e+01,6.174879645147408169e+00
7.513861103172335731e+01,5.356349173637314998e+00
7.515861674764218492e+01,5.800027478189691443e+00
7.517862246356102673e+01,6.018630918928062457e+00
7.519862817947985434e+01,5.769728692318974339e+00
7.521863389539868194e+01,6.276313515156525469e+00
7.523863961131752376e+01,5.881448611337676269e+00
7.525864532723635136e+01,6.294376462391297444e+00
7.527865104315519318e+01,6.019385271790941516e+00
7.529865675907402078e+01,6.206072656039176572e+00
7.531866247499286260e+01,5.687000833426202995e+00
7.533866819091169020e+01,5.514313199729386383e+00
7.535867390683053202e+01,5.602440088356383185e+00
7.537867962274935962e+01,6.300686819488352519e+00
7.539868533866820144e+01,5.558121752394709958e+00
7.541869105458702904e+01,5.676714535143430496e+00
7.543869677050585665e+01,5.830364786660877208e+00
7.545870248642469846e+01,5.625174682851296737e+00
7.547870820234352607e+01,5.895611955725659215e+00
7.549871391826236788e+01,5.135721845556076914e+00
7.551871963418119549e+01,6.231208194332801042e+00
7.553872535010003730e+01,5.340169639663732148e+00
7.555873106601886491e+01,5.289279208585433878e+00
7.557873678193770672e+01,6.063317802761749142e+00
7.559874249785653433e+01,6.361623807143289788e+00
7.561874821377536193e+01,6.181346772210762452e+00
7.563875392969420375e+01,5.329193074866843460e+00
7.565875964561303135e+01,5.532407155806732035e+00
7.567876536153187317e+01,6.384780322780596151e+00
7.569877107745070077e+01,6.460717542293520133e+00
7.571877679336954259e+01,5.564955011815960972e+00
7.573878250928837019e+01,6.022709168572741412e+00
7.575878822520721201e+01,5.624990788302312694e+00
7.577879394112603961e+01,5.989467311884901335e+00
7.579879965704486722e+01,5.465776998232111161e+00
7.581880537296370903e+01,5.316097555091482185e+00
7.583881108888253664e+01,6.468793627250997602e+00
7.585881680480137845e+01,6.341748784340602185e+00
7.587882252072020606e+01,5.931943883027651410e+00
7.589882823663904787e+01,5.603528767527560461e+00
7.591883395255787548e+01,5.122854583374388149e+00
7.593883966847671729e+01,5.711981008642168511e+00
7.595884538439554490e+01,5.481040893324200525e+00
7.597885110031437250e+01,5.511524273003982621e+00
7.599885681623321432e+01,5.608155112958441713e+00
7.601886253215204192e+01,5.662446588209038012e+00
7.603886824807088374e+01,6.346536055193393366e+00
7.605887396398971134e+01,5.890463620417341062e+00
7.607887967990855316e+01,5.231407918462721796e+00
7.609888539582738076e+01,6.475945718287199782e+00
7.611889111174622258e+01,5.731102485453478224e+00
7.613889682766505018e+01,5.683099779708392418e+00
7.615890254358387779e+01,5.273624340516958497e+00
7.617890825950271960e+01,5.762980070062809546e+00
7.619891397542154721e+01,5.685662764375729594e+00
7.621891969134038902e+01,4.988211108665794313e+00
7.623892540725921663e+01,5.043106749125408683e+00
7.625893112317805844e+01,5.805189241121648358e+00
7.627893683909688605e+01,5.035351155072573803e+00
7.629894255501572786e+01,5.747790939463760296e+00
7.631894827093455547e+01,5.773234227965826193e+00
7.633895398685339728e+01,5.919479209020522603e+00
7.635895970277222489e+01,6.142544299859458157e+00
7.637896541869105249e+01,6.292816824165139877e+00
7.639897113460989431e+01,6.317586360608030915e+00
7.641897685052872191e+01,5.962918890604205657e+00
7.643898256644756373e+01,5.141504563022579077e+00
7.645898828236639133e+01,5.526627519649956355e+00
7.647899399828523315e+01,6.357828083803775954e+00
7.649899971420406075e+01,6.264500324007233445e+00
7.651900543012290257e+01,6.111264717770914956e+00
7.653901114604173017e+01,6.344097328239564959e+00
7.655901686196055778e+01,6.523324695039955934e+00
7.657902257787939959e+01,5.507782578749459645e+00
7.659902829379822720e+01,5.909369463061861616e+00
7.661903400971706901e+01,5.889444845025374242e+00
7.663903972563589662e+01,6.306051581846761067e+00
7.665904544155473843e+01,6.000608071948529521e+00
7.667905115747356604e+01,6.606588859609393793e+00
7.669905687339240785e+01,5.588725789599399363e+00
7.671906258931123546e+01,5.829940167094408210e+00
7.673906830523006306e+01,5.866612930179401886e+00
7.675907402114890488e+01,6.655205448632797172e+00
7.677907973706773248e+01,6.119040609060833802e+00
7.679908545298657430e+01,6.576013600738262355e+00
7.681909116890540190e+01,6.395726815714597890e+00
7.683909688482424372e+01,6.218032433549352866e+00
7.685910260074307132e+01,5.987681844290429822e+00
7.687910831666191314e+01,6.471954990669638974e+00
7.689911403258074074e+01,6.747185718525610554e+00
7.691911974849956835e+01,6.466746294998713118e+00
7.693912546441841016e+01,7.238832791637294761e+00
7.695913118033723777e+01,6.359403208267796259e+00
7.697913689625607958e+01,7.154073700021465143e+00
7.699914261217490719e+01,6.836604400777135382e+00
7.701914832809374900e+01,7.587972551223991502e+00
7.703915404401257661e+01,6.717586884088086130e+00
7.705915975993141842e+01,7.001401592062382662e+00
7.707916547585024603e+01,7.546087026824899624e+00
7.709917119176907363e+01,7.824305029121463306e+00
7.711917690768791545e+01,8.615822508874675378e+00
7.713918262360674305e+01,7.215374700767454463e+00
7.715918833952558487e+01,8.658151004974000031e+00
7.717919405544441247e+01,8.485381708948217749e+00
7.719919977136325429e+01,7.795204132977190170e+00
7.721920548728208189e+01,8.697951203550985610e+00
7.723921120320092371e+01,7.689497565148469604e+00
7.725921691911975131e+01,9.033687199128628720e+00
7.727922263503859313e+01,9.076024738923582191e+00
7.729922835095742073e+01,8.575738824192686849e+00
7.731923406687624833e+01,8.333497896580897901e+00
7.733923978279509015e+01,8.057419380214273730e+00
7.735924549871391775e+01,7.964188732306956453e+00
7.737925121463275957e+01,8.611155760605196718e+00
7.739925693055158717e+01,7.359202892383099659e+00
7.741926264647042899e+01,7.646480554447466105e+00
7.743926836238925659e+01,7.741037581672681966e+00
7.745927407830809841e+01,7.931661500984151125e+00
7.747927979422692601e+01,7.235151727226865503e+00
7.749928551014575362e+01,6.796697528200430938e+00
7.751929122606459543e+01,6.661637008864575549e+00
7.753929694198342304e+01,6.763167837249809189e+00
7.755930265790226485e+01,6.981842050283490586e+00
7.757930837382109246e+01,6.699820792775172507e+00
7.759931408973993427e+01,6.801155090522137847e+00
7.761931980565876188e+01,6.716115782454434857e+00
7.763932552157760369e+01,5.674950959989307542e+00
7.765933123749643130e+01,6.498371964439578541e+00
7.767933695341525890e+01,6.481772674571590898e+00
7.769934266933410072e+01,5.499451282196851309e+00
7.771934838525292832e+01,5.362849441586054589e+00
7.773935410117177014e+01,5.972994974107274757e+00
7.775935981709059774e+01,6.202476847008272287e+00
7.777936553300943956e+01,6.104160432275846482e+00
7.779937124892826716e+01,5.921495264941109227e+00
7.781937696484710898e+01,6.672762777126370892e+00
7.783938268076593658e+01,5.240289361025508796e+00
7.785938839668476419e+01,6.152114043564608004e+00
7.787939411260360600e+01,5.922712118479920740e+00
7.789939982852243361e+01,5.556034289121305036e+00
7.791940554444127542e+01,5.846334842576808022e+00
7.793941126036010303e+01,5.525553295709769941e+00
7.795941697627894484e+01,5.897202281849912353e+00
7.797942269219777245e+01,4.921794764338552675e+00
7.799942840811661426e+01,6.148559433070595048e+00
7.801943412403544187e+01,5.494671176006272972e+00
7.803943983995426947e+01,6.074219535111856416e+00
7.805944555587311129e+01,5.709661533937739009e+00
7.807945127179193889e+01,6.093025857174575677e+00
7.809945698771078071e+01,5.565824550162442819e+00
7.811946270362960831e+01,5.315054181847928660e+00
7.813946841954845013e+01,6.005535179080689900e+00
7.815947413546727773e+01,5.997765444155991332e+00
7.817947985138611955e+01,6.026186240454405763e+00
7.819948556730494715e+01,6.139469523359298186e+00
7.821949128322378897e+01,6.197671131495954278e+00
7.823949699914261657e+01,5.568928187231191984e+00
7.825950271506144418e+01,5.230831745735489591e+00
7.827950843098028599e+01,5.212080089213603884e+00
7.829951414689911360e+01,5.883558316223605367e+00
7.831951986281795541e+01,5.137958501145972079e+00
7.833952557873678302e+01,5.842326740862581858e+00
7.835953129465562483e+01,5.616476703180771857e+00
7.837953701057445244e+01,5.916551633645016572e+00
7.839954272649329425e+01,6.018604084261991005e+00
7.841954844241212186e+01,5.931452481433142410e+00
7.843955415833094946e+01,5.817191729969817260e+00
7.845955987424979128e+01,5.974001163233387146e+00
7.847956559016861888e+01,5.821654044177956067e+00
7.849957130608746070e+01,5.503367252825150935e+00
7.851957702200628830e+01,5.595365727899682007e+00
7.853958273792513012e+01,5.184096984080568404e+00
7.855958845384395772e+01,5.843584955084236476e+00
7.857959416976279954e+01,5.778392808943251246e+00
7.859959988568162714e+01,5.268019260439242402e+00
7.861960560160045475e+01,5.583067795194804006e+00
7.863961131751929656e+01,6.579936593561059865e+00
7.865961703343812417e+01,5.076351989313781843e+00
7.867962274935696598e+01,6.214349281388513724e+00
7.869962846527579359e+01,5.581191161882247620e+00
7.871963418119463540e+01,5.690112315581609792e+00
7.873963989711346301e+01,6.427997201627949408e+00
7.875964561303230482e+01,5.847268725476380880e+00
7.877965132895113243e+01,5.674219970418439729e+00
7.879965704486996003e+01,5.902587645830666752e+00
7.881966276078880185e+01,5.153807451038598941e+00
7.883966847670762945e+01,5.910981989600747610e+00
7.885967419262647127e+01,5.252017731281236834e+00
7.887967990854529887e+01,5.461463020737589602e+00
7.889968562446414069e+01,5.099275440900049361e+00
7.891969134038296829e+01,5.472908201120184835e+00
7.893969705630181011e+01,5.439778512550020650e+00
7.895970277222063771e+01,6.182818081580485625e+00
7.897970848813946532e+01,5.334929747069489636e+00
7.899971420405830713e+01,6.008846389904707763e+00
7.901971991997713474e+01,5.637503361075435038e+00
7.903972563589597655e+01,5.730354634324680063e+00
7.905973135181480416e+01,6.143687904129761179e+00
7.907973706773364597e+01,5.969430492905326346e+00
7.909974278365247358e+01,5.484390182799030455e+00
7.911974849957131539e+01,5.570231733443884892e+00
7.913975421549014300e+01,5.384709133104099266e+00
7.915975993140898481e+01,5.187015599694070112e+00
7.917976564732781242e+01,5.583177124277602488e+00
7.919977136324664002e+01,5.522431714321102803e+00
7.921977707916548184e+01,5.967100146479957345e+00
7.923978279508430944e+01,6.053658682777800948e+00
7.925978851100315126e+01,5.862883577175569627e+00
7.927979422692197886e+01,5.291038184698289015e+00
7.929979994284082068e+01,5.712521962822855848e+00
7.931980565875964828e+01,5.784038217292696515e+00
7.933981137467849010e+01,5.111436274303153837e+00
7.935981709059731770e+01,6.502613809220020080e+00
7.937982280651614531e+01,5.769009329568072886e+00
7.939982852243498712e+01,5.818745294281324476e+00
7.941983423835381473e+01,5.484828155978395792e+00
7.943983995427265654e+01,5.760362369283486217e+00
7.945984567019148415e+01,6.575174223416383690e+00
7.947985138611032596e+01,5.071419411881368688e+00
7.949985710202915357e+01,4.937486408657454362e+00
7.951986281794799538e+01,5.125477766005641200e+00
7.953986853386682299e+01,5.446640086783882673e+00
7.955987424978565059e+01,5.721109200068581480e+00
7.957987996570449241e+01,5.177155316694761922e+00
7.959988568162332001e+01,5.167905078973110022e+00
7.961989139754216183e+01,5.844613130693473657e+00
7.963989711346098943e+01,5.896831082547777214e+00
7.965990282937983125e+01,6.061344257317579753e+00
7.967990854529865885e+01,5.992681942681187479e+00
7.969991426121750067e+01,5.000890469849036180e+00
7.971991997713632827e+01,5.096089725767548373e+00
7.973992569305515588e+01,5.000575903595102290e+00
7.975993140897399769e+01,5.574332587926384974e+00
7.977993712489282530e+01,5.354481159414838487e+00
7.979994284081166711e+01,5.193652396329766496e+00
7.981994855673049472e+01,5.132242650489207136e+00
7.983995427264933653e+01,5.287844309155793177e+00
7.985995998856816414e+01,5.742778584982648482e+00
7.987996570448700595e+01,5.258268918875684150e+00
7.989997142040583356e+01,6.044392402806468390e+00
7.991997713632466116e+01,6.232133428837210332e+00
7.993998285224350298e+01,5.676833503020925598e+00
7.995998856816233058e+01,6.270392982934016146e+00
7.997999428408117240e+01,5.411100756356791663e+00
8.000000000000000000e+01,5.773992346602716097e+00
