angle,intensity
1.000000000000000000e+01,6.601841025899965132e+00
1.002000571591883471e+01,6.219506914754030724e+00
1.004001143183766764e+01,6.074563203542064471e+00
1.006001714775650235e+01,6.355746279274095301e+00
1.008002286367533529e+01,6.295007060575571245e+00
1.010002857959417000e+01,6.519948878906009604e+00
1.012003429551300293e+01,6.155333703486363106e+00
1.014004001143183764e+01,5.678069469578044703e+00
1.016004572735067235e+01,6.575464341197424289e+00
1.018005144326950528e+01,6.976250389726517120e+00
1.020005715918833999e+01,6.224528453406978912e+00
1.022006287510717293e+01,6.489852883554423357e+00
1.024006859102600764e+01,6.224732765665989653e+00
1.026007430694484057e+01,6.372248110377629615e+00
1.028008002286367528e+01,6.910505059315989129e+00
1.030008573878250999e+01,6.665348128439799957e+00
1.032009145470134293e+01,6.505839051756721503e+00
1.034009717062017764e+01,6.408204737006993668e+00
1.036010288653901057e+01,6.029026534916862801e+00
1.038010860245784528e+01,7.144593265726875586e+00
1.040011431837667999e+01,7.029936373643768555e+00
1.042012003429551292e+01,6.469111164670401593e+00
1.044012575021434763e+01,6.680343469935669631e+00
1.046013146613318057e+01,6.987853740012386794e+00
1.048013718205201528e+01,6.993357414696459884e+00
1.050014289797084821e+01,6.844851023229061582e+00
1.052014861388968292e+01,6.649586267273894791e+00
1.054015432980851585e+01,6.159587083754430203e+00
1.056016004572735056e+01,6.804999101001321549e+00
1.058016576164618527e+01,6.870798863423097202e+00
1.060017147756501821e+01,7.231799478399947745e+00
1.062017719348385292e+01,6.651707761643417705e+00
1.064018290940268585e+01,7.078767169189168484e+00
1.066018862532152056e+01,6.512693226538987190e+00
1.068019434124035527e+01,6.837426889096812843e+00
1.070020005715918820e+01,7.007098637503408334e+00
1.072020577307802292e+01,7.571676220421165837e+00
1.074021148899685585e+01,6.703396814893956446e+00
1.076021720491569056e+01,6.890874568132256073e+00
1.078022292083452349e+01,7.574127619099463971e+00
1.080022863675335820e+01,7.809051408068384603e+00
1.082023435267219291e+01,7.692454302809910160e+00
1.084024006859102585e+01,7.293254251356016127e+00
1.086024578450986056e+01,7.441787812535847202e+00
1.088025150042869349e+01,7.575030751836818510e+00
1.090025721634752820e+01,7.395383546893826932e+00
1.092026293226636113e+01,7.047532805814066492e+00
1.094026864818519584e+01,7.499382420866181675e+00
1.096027436410403055e+01,7.895476773354027422e+00
1.098028008002286349e+01,7.503638357417548477e+00
1.100028579594169820e+01,7.151287526926408233e+00
1.102029151186053113e+01,8.247513208099686466e+00
1.104029722777936584e+01,8.330939254957595352e+00
1.106030294369819877e+01,7.718265852971631702e+00
1.108030865961703348e+01,8.875824669632914166e+00
1.110031437553586819e+01,7.902060709330093857e+00
1.112032009145470113e+01,7.821607521308166611e+00
1.114032580737353584e+01,8.394334720677626649e+00
1.116033152329236877e+01,8.198348901729760385e+00
1.118033723921120348e+01,8.691438947709025697e+00
1.120034295513003642e+01,9.078280075523306181e+00
1.122034867104887113e+01,8.936522303012452539e+00
1.124035438696770584e+01,8.103571263028310767e+00
1.126036010288653877e+01,9.263943662474838803e+00
1.128036581880537348e+01,8.994702922708667003e+00
1.130037153472420641e+01,9.012684695150079861e+00
1.132037725064304112e+01,8.668206820905329124e+00
1.134038296656187583e+01,8.524424726330922297e+00
1.136038868248070877e+01,8.989421651926111423e+00
1.138039439839954348e+01,8.768717144872159253e+00
1.140040011431837641e+01,9.342385433918883209e+00
1.142040583023721112e+01,9.188815506222118401e+00
1.144041154615604405e+01,9.814497035626661869e+00
1.146041726207487876e+01,9.851370803631205320e+00
1.148042297799371170e+01,1.044810562375642959e+01
1.150042869391254641e+01,9.209828145161708335e+00
1.152043440983138112e+01,1.011422579779756248e+01
1.154044012575021405e+01,1.021466823781585020e+01
1.156044584166904876e+01,1.012516272990087174e+01
1.158045155758788169e+01,9.985202255832248852e+00
1.160045727350671640e+01,1.086580925237831075e+01
1.162046298942555111e+01,1.053622113339329047e+01
1.164046870534438405e+01,1.091538734331829374e+01
1.166047442126321876e+01,1.091014220930917666e+01
1.168048013718205169e+01,1.013126159442246355e+01
1.170048585310088640e+01,1.064538761962280589e+01
1.172049156901971934e+01,1.048701501896771759e+01
1.174049728493855405e+01,1.058931414682903238e+01
1.176050300085738698e+01,1.082669054563947419e+01
1.178050871677622169e+01,1.078584199342595262e+01
1.180051443269505640e+01,1.157967448810132538e+01
1.182052014861388933e+01,1.204232746277338251e+01
1.184052586453272404e+01,1.145798916449413696e+01
1.186053158045155698e+01,1.195380227662355743e+01
1.188053729637039169e+01,1.192910343243138094e+01
1.190054301228922640e+01,1.220272538642557691e+01
1.192054872820805933e+01,1.302854486462354089e+01
1.194055444412689404e+01,1.239804800230749215e+01
1.196056016004572697e+01,1.286283456842337358e+01
1.198056587596456168e+01,1.248601627700709749e+01
1.200057159188339639e+01,1.334667349444748652e+01
1.202057730780222933e+01,1.236723937075420210e+01
1.204058302372106226e+01,1.289901895781966701e+01
1.206058873963989697e+01,1.375495942060837251e+01
1.208059445555873168e+01,1.281385935908058293e+01
1.210060017147756461e+01,1.395892889616902899e+01
1.212060588739639932e+01,1.376050423939146938e+01
1.214061160331523226e+01,1.349375716079605070e+01
1.216061731923406697e+01,1.449158864790166135e+01
1.218062303515290168e+01,1.343807749272900054e+01
1.220062875107173461e+01,1.468705245239853419e+01
1.222063446699056932e+01,1.436211282173060155e+01
1.224064018290940226e+01,1.406400692860439605e+01
1.226064589882823697e+01,1.467500922563424837e+01
1.228065161474707168e+01,1.363287987072683549e+01
1.230065733066590461e+01,1.459236459387171081e+01
1.232066304658473754e+01,1.429414960130097967e+01
1.234066876250357225e+01,1.469418707776417321e+01
1.236067447842240696e+01,1.400321248093089466e+01
1.238068019434123990e+01,1.421732627298299434e+01
1.240068591026007461e+01,1.334453671404173214e+01
1.242069162617890754e+01,1.284303729167146635e+01
1.244069734209774225e+01,1.330545397542505270e+01
1.246070305801657696e+01,1.333104073138270884e+01
1.248070877393540989e+01,1.330456837245969481e+01
1.250071448985424460e+01,1.138966678916710151e+01
1.252072020577307754e+01,1.231623124559465943e+01
1.254072592169191225e+01,1.196552705262041982e+01
1.256073163761074696e+01,1.058419654563022050e+01
1.258073735352957989e+01,1.055461573679195730e+01
1.260074306944841460e+01,1.069777392023868501e+01
1.262074878536724754e+01,9.919054844867360998e+00
1.264075450128608225e+01,8.979995148966226637e+00
1.266076021720491518e+01,9.519417101971519912e+00
1.268076593312374989e+01,9.503503861058115731e+00
1.270077164904258282e+01,8.791486018340822994e+00
1.272077736496141753e+01,9.059739873241987596e+00
1.274078308088025224e+01,8.827792120000907516e+00
1.276078879679908518e+01,8.228165258717845987e+00
1.278079451271791989e+01,7.443857411745971930e+00
1.280080022863675282e+01,8.488611580651491906e+00
1.282080594455558753e+01,7.645438843347914570e+00
1.284081166047442224e+01,7.063926769179985854e+00
1.286081737639325517e+01,7.327984537377939311e+00
1.288082309231208988e+01,7.640753602308415715e+00
1.290082880823092282e+01,7.097733989275644362e+00
1.292083452414975753e+01,6.756377420364685804e+00
1.294084024006859224e+01,6.785477507903648231e+00
1.296084595598742517e+01,6.552039286954229880e+00
1.298085167190625810e+01,6.411356017404372665e+00
1.300085738782509281e+01,7.053035730982834650e+00
1.302086310374392752e+01,6.748140587956583225e+00
1.304086881966276046e+01,6.750926489539528674e+00
1.306087453558159517e+01,6.191236161089760159e+00
1.308088025150042810e+01,7.143787047022827963e+00
1.310088596741926281e+01,6.889168877332241259e+00
1.312089168333809752e+01,6.759984583636656552e+00
1.314089739925693046e+01,7.061390041962772202e+00
1.316090311517576517e+01,7.128283677492667891e+00
1.318090883109459810e+01,6.659803995781451214e+00
1.320091454701343281e+01,6.975374275267489210e+00
1.322092026293226752e+01,6.751257429991785131e+00
1.324092597885110045e+01,7.015624131281822606e+00
1.326093169476993339e+01,7.203354908991277838e+00
1.328093741068876810e+01,6.431628451328490925e+00
1.330094312660760281e+01,7.199430746633989742e+00
1.332094884252643574e+01,6.685054185357156342e+00
1.334095455844527045e+01,7.131641412153232551e+00
1.336096027436410338e+01,7.077174246407906821e+00
1.338096599028293809e+01,7.163081496030244466e+00
1.340097170620177280e+01,7.639117333528105291e+00
1.342097742212060574e+01,7.060873530875776183e+00
1.344098313803944045e+01,6.497941644919142945e+00
1.346098885395827338e+01,7.165282087789432097e+00
1.348099456987710809e+01,6.144031728975587470e+00
1.350100028579594280e+01,6.665380252824094853e+00
1.352100600171477573e+01,6.468963372868801187e+00
1.354101171763361044e+01,7.219450147018852348e+00
1.356101743355244338e+01,6.015078432919963802e+00
1.358102314947127809e+01,6.848331371605267393e+00
1.360102886539011102e+01,5.671082944827825045e+00
1.362103458130894573e+01,6.293903984708349775e+00
1.364104029722777867e+01,5.501348451222577651e+00
1.366104601314661338e+01,6.103317812180113933e+00
1.368105172906544809e+01,5.429191839013752130e+00
1.370105744498428102e+01,5.182726843669895445e+00
1.372106316090311573e+01,5.639604282444423689e+00
1.374106887682194866e+01,5.341796267640091855e+00
1.376107459274078337e+01,4.754194685572087131e+00
1.378108030865961808e+01,4.626310917102005149e+00
1.380108602457845102e+01,5.780011283721588455e+00
1.382109174049728573e+01,5.002082328445886183e+00
1.384109745641611866e+01,5.697836560639478520e+00
1.386110317233495337e+01,5.411067424107638857e+00
1.388110888825378808e+01,5.192368369167541076e+00
1.390111460417262101e+01,5.071696227577639604e+00
1.392112032009145395e+01,5.232750915517057066e+00
1.394112603601028866e+01,4.524119117076735641e+00
1.396113175192912337e+01,5.010490079527457397e+00
1.398113746784795630e+01,4.449068949794371619e+00
1.400114318376679101e+01,4.897707657173400619e+00
1.402114889968562395e+01,4.393632652585817588e+00
1.404115461560445866e+01,3.968385514798653979e+00
1.406116033152329337e+01,5.158008622421464295e+00
1.408116604744212630e+01,4.411370040773047840e+00
1.410117176336095923e+01,4.725930073687532484e+00
1.412117747927979394e+01,4.151533215162668711e+00
1.414118319519862865e+01,5.160060347352091625e+00
1.416118891111746336e+01,4.985416550039355243e+00
1.418119462703629630e+01,4.585427262396805759e+00
1.420120034295512923e+01,4.913065785617693138e+00
1.422120605887396394e+01,5.426370729254252012e+00
1.424121177479279865e+01,4.592603162184554222e+00
1.426121749071163336e+01,4.473776046106882731e+00
1.428122320663046629e+01,5.157899801955046826e+00
1.430122892254929923e+01,4.181487585155377218e+00
1.432123463846813394e+01,4.980765532793061112e+00
1.434124035438696865e+01,5.072962811450810960e+00
1.436124607030580158e+01,4.135841619758773291e+00
1.438125178622463629e+01,5.587783249951172593e+00
1.440125750214346922e+01,4.359036127711650721e+00
1.442126321806230393e+01,4.860410056200220374e+00
1.444126893398113864e+01,5.358556854226288024e+00
1.446127464989997158e+01,4.645991887754261640e+00
1.448128036581880451e+01,5.604825441068360448e+00
1.450128608173763922e+01,5.215121189190767836e+00
1.452129179765647393e+01,5.110212143088450176e+00
1.454129751357530864e+01,5.012674632098927496e+00
1.456130322949414158e+01,4.826840720627547654e+00
1.458130894541297451e+01,5.221166983684147667e+00
1.460131466133180922e+01,5.313299356642453120e+00
1.462132037725064393e+01,4.582526626186172791e+00
1.464132609316947686e+01,5.791052497207614280e+00
1.466133180908831157e+01,4.849712176509839878e+00
1.468133752500714451e+01,5.639498535010587510e+00
1.470134324092597922e+01,5.339967690375568843e+00
1.472134895684481393e+01,4.493667362743986260e+00
1.474135467276364686e+01,5.136477897308357576e+00
1.476136038868247979e+01,4.991097111695084187e+00
1.478136610460131450e+01,4.516966222427566180e+00
1.480137182052014921e+01,5.555328311770734828e+00
1.482137753643898392e+01,4.818311070653393813e+00
1.484138325235781686e+01,5.052719966707270416e+00
1.486138896827664979e+01,5.131655592059718884e+00
1.488139468419548450e+01,5.372779219411657259e+00
1.490140040011431921e+01,5.148789718457310371e+00
1.492140611603315392e+01,5.413034221585830252e+00
1.494141183195198685e+01,5.712534868141188937e+00
1.496141754787081979e+01,4.941207082951276419e+00
1.498142326378965450e+01,5.365281937034422910e+00
1.500142897970848921e+01,5.007326543879925040e+00
1.502143469562732214e+01,4.766676895938450009e+00
1.504144041154615508e+01,5.747061120071395024e+00
1.506144612746498979e+01,5.034999256287484570e+00
1.508145184338382450e+01,4.450200777365739491e+00
1.510145755930265921e+01,5.507308639189573363e+00
1.512146327522149214e+01,4.470612222961080739e+00
1.514146899114032507e+01,5.735238106927832646e+00
1.516147470705915978e+01,5.182841080643726173e+00
1.518148042297799449e+01,4.856117894847715277e+00
1.520148613889682920e+01,4.911097546798412594e+00
1.522149185481566214e+01,4.391017971272130893e+00
1.524149757073449507e+01,4.979077181693979171e+00
1.526150328665332978e+01,4.917159329045398763e+00
1.528150900257216449e+01,4.962704293695648694e+00
1.530151471849099742e+01,4.799172120246650408e+00
1.532152043440983036e+01,5.412120390716582463e+00
1.534152615032866507e+01,6.310901130274731763e+00
1.536153186624749978e+01,4.623288753040881716e+00
1.538153758216633449e+01,5.666434090665386059e+00
1.540154329808516742e+01,6.364003887663586490e+00
1.542154901400400036e+01,6.158295983838963039e+00
1.544155472992283507e+01,6.416955527947234117e+00
1.546156044584166978e+01,5.987842711221441405e+00
1.548156616176050449e+01,5.950532947849312748e+00
1.550157187767933742e+01,6.185968314512519939e+00
1.552157759359817035e+01,6.418158899260996364e+00
1.554158330951700506e+01,5.232643831530685574e+00
1.556158902543583977e+01,5.763996124380412311e+00
1.558159474135467271e+01,6.125380577113871183e+00
1.560160045727350742e+01,6.332241511484375529e+00
1.562160617319234035e+01,6.042817213520086383e+00
1.564161188911117506e+01,6.041881878481532908e+00
1.566161760503000977e+01,6.843993448897214726e+00
1.568162332094884270e+01,7.087495935222093202e+00
1.570162903686767564e+01,5.637704422356097922e+00
1.572163475278651035e+01,7.213469158352440402e+00
1.574164046870534506e+01,6.181919174059203215e+00
1.576164618462417977e+01,6.138484979622742088e+00
1.578165190054301270e+01,6.207575504697080859e+00
1.580165761646184563e+01,7.273427794654967471e+00
1.582166333238068034e+01,6.346147650649786698e+00
1.584166904829951505e+01,6.216679642898715663e+00
1.586167476421834799e+01,6.417151128074022992e+00
1.588168048013718270e+01,7.239518448976546949e+00
1.590168619605601563e+01,6.327371484652577038e+00
1.592169191197485034e+01,6.558366279190586567e+00
1.594169762789368505e+01,6.581682708910655322e+00
1.596170334381251799e+01,5.971808626876592641e+00
1.598170905973135092e+01,7.207109377028828590e+00
1.600171477565018563e+01,7.277804024231336655e+00
1.602172049156902034e+01,7.041059680220790540e+00
1.604172620748785505e+01,7.247162684810039224e+00
1.606173192340668976e+01,7.304296348713999798e+00
1.608173763932552092e+01,7.000473766920578989e+00
1.610174335524435563e+01,6.610650801736451143e+00
1.612174907116319034e+01,6.951337419053537303e+00
1.614175478708202505e+01,7.566827012900915861e+00
1.616176050300085620e+01,7.942303583396867595e+00
1.618176621891969091e+01,7.709168379115730829e+00
1.620177193483852562e+01,7.890941658771252420e+00
1.622177765075736033e+01,7.662511093921100525e+00
1.624178336667619504e+01,7.582894010764022141e+00
1.626178908259502620e+01,7.879838711465053436e+00
1.628179479851386091e+01,7.397670068619746075e+00
1.630180051443269562e+01,8.204426240201051712e+00
1.632180623035153033e+01,8.860564254503037418e+00
1.634181194627036149e+01,7.986477805916441852e+00
1.636181766218919620e+01,8.222127520452593430e+00
1.638182337810803091e+01,9.395378428852339425e+00
1.640182909402686562e+01,9.463226718984387276e+00
1.642183480994570033e+01,9.298284619177261234e+00
1.644184052586453504e+01,9.202688567413385812e+00
1.646184624178336620e+01,9.780705586145813868e+00
1.648185195770220091e+01,9.259934906215837813e+00
1.650185767362103562e+01,1.011437292894536277e+01
1.652186338953986677e+01,9.435074259148651166e+00
1.654186910545870148e+01,1.068545540748542066e+01
1.656187482137753619e+01,1.039378692492313228e+01
1.658188053729637090e+01,1.093155881576488397e+01
1.660188625321520561e+01,1.117010463763109129e+01
1.662189196913404032e+01,1.105880496594077833e+01
1.664189768505287148e+01,1.035670643976064120e+01
1.666190340097170619e+01,1.207707441816491212e+01
1.668190911689054090e+01,1.147961660790439353e+01
1.670191483280937561e+01,1.157883278532559679e+01
1.672192054872820677e+01,1.181315741443241762e+01
1.674192626464704148e+01,1.283800820195179426e+01
1.676193198056587619e+01,1.281758698924442186e+01
1.678193769648471090e+01,1.313175779444382485e+01
1.680194341240354561e+01,1.273500490534738283e+01
1.682194912832238032e+01,1.341289588244080200e+01
1.684195484424121148e+01,1.396855612154284110e+01
1.686196056016004619e+01,1.352434641644932611e+01
1.688196627607888090e+01,1.426790814820409103e+01
1.690197199199771205e+01,1.392254040218688260e+01
1.692197770791654676e+01,1.343391810729806224e+01
1.694198342383538147e+01,1.452176429681787795e+01
1.696198913975421618e+01,1.371893411726554746e+01
1.698199485567305089e+01,1.395521806412384969e+01
1.700200057159188560e+01,1.431799525452896482e+01
1.702200628751071676e+01,1.459044867650893096e+01
1.704201200342955147e+01,1.352874208275898305e+01
1.706201771934838618e+01,1.397786786904093503e+01
1.708202343526722089e+01,1.445524145072241851e+01
1.710202915118605205e+01,1.304921525775497670e+01
1.712203486710488676e+01,1.362816501122616231e+01
1.714204058302372147e+01,1.260049673668209991e+01
1.716204629894255618e+01,1.196346099458290801e+01
1.718205201486139089e+01,1.269441672743579375e+01
1.720205773078022204e+01,1.233264712812470520e+01
1.722206344669905675e+01,1.108086204915422357e+01
1.724206916261789146e+01,1.058652337680246092e+01
1.726207487853672617e+01,1.015553294399491158e+01
1.728208059445555733e+01,9.838136467992210754e+00
1.730208631037439204e+01,9.675631917246146685e+00
1.732209202629322675e+01,8.363526987951093616e+00
1.734209774221206146e+01,7.677460073555502973e+00
1.736210345813089617e+01,7.759337868838684926e+00
1.738210917404973088e+01,6.674240335518437206e+00
1.740211488996856204e+01,7.354353462713111078e+00
1.742212060588739675e+01,6.154899197434975378e+00
1.744212632180623146e+01,6.430158087982141168e+00
1.746213203772506262e+01,6.047655533821357565e+00
1.748213775364389733e+01,5.643848694400163346e+00
1.750214346956273204e+01,5.226434592692800862e+00
1.752214918548156675e+01,5.958488561036122455e+00
1.754215490140040146e+01,5.110163207628945159e+00
1.756216061731923617e+01,5.189392728901598417e+00
1.758216633323806732e+01,4.720545474861533641e+00
1.760217204915690203e+01,4.822498577001132603e+00
1.762217776507573674e+01,4.935752321714674373e+00
1.764218348099457145e+01,4.917164372857228294e+00
1.766218919691340261e+01,4.962447639001764443e+00
1.768219491283223732e+01,5.010493826242194082e+00
1.770220062875107203e+01,4.928815017566247292e+00
1.772220634466990674e+01,4.687330473793486441e+00
1.774221206058874145e+01,5.546910174430354168e+00
1.776221777650757616e+01,5.392011179182437886e+00
1.778222349242640732e+01,5.773027981888579241e+00
1.780222920834524203e+01,5.374025673768006328e+00
1.782223492426407674e+01,4.984199380986695793e+00
1.784224064018290790e+01,5.602557568434537671e+00
1.786224635610174261e+01,4.461262852404104251e+00
1.788225207202057732e+01,5.082317960060937168e+00
1.790225778793941203e+01,4.444467255338344636e+00
1.792226350385824674e+01,5.054672311477104607e+00
1.794226921977708145e+01,4.962475181978385663e+00
1.796227493569591260e+01,4.648756784779719986e+00
1.798228065161474731e+01,4.613832559587177862e+00
1.800228636753358202e+01,5.367366336242225699e+00
1.802229208345241318e+01,4.934084980649291907e+00
1.804229779937124789e+01,4.472331087497293467e+00
1.806230351529008260e+01,5.547689829400350270e+00
1.808230923120891731e+01,5.644682639015169201e+00
1.810231494712775202e+01,5.247331484842898242e+00
1.812232066304658673e+01,5.112089739624732232e+00
1.814232637896542144e+01,5.543882846908665840e+00
1.816233209488425260e+01,5.416679267953273147e+00
1.818233781080308731e+01,5.222378460474383033e+00
1.820234352672191847e+01,5.307200546431266375e+00
1.822234924264075318e+01,5.699600927460854116e+00
1.824235495855958789e+01,5.475732363549512982e+00
1.826236067447842260e+01,5.766606788388161320e+00
1.828236639039725731e+01,5.672313870816703130e+00
1.830237210631609202e+01,6.068194304725074595e+00
1.832237782223492673e+01,6.297227366558137973e+00
1.834238353815375788e+01,5.457856146994666702e+00
1.836238925407259259e+01,5.628571687403048251e+00
1.838239496999142730e+01,6.485294194619125818e+00
1.840240068591025846e+01,6.453892291536858394e+00
1.842240640182909317e+01,6.745727496311796578e+00
1.844241211774792788e+01,6.028209070167650729e+00
1.846241783366676259e+01,6.148990909873183419e+00
1.848242354958559730e+01,6.560542069733756421e+00
1.850242926550443201e+01,7.349396473980577049e+00
1.852243498142326672e+01,7.221085315999384413e+00
1.854244069734209788e+01,6.872673737767887481e+00
1.856244641326093259e+01,6.256399120267361447e+00
1.858245212917976374e+01,7.158030068840273152e+00
1.860245784509859845e+01,7.159882322695944268e+00
1.862246356101743316e+01,7.334636674082980257e+00
1.864246927693626787e+01,7.661436399448698253e+00
1.866247499285510258e+01,7.839892616324245722e+00
1.868248070877393729e+01,7.969317507616769269e+00
1.870248642469277200e+01,7.863497061246990327e+00
1.872249214061160316e+01,8.953037449793040281e+00
1.874249785653043787e+01,8.561804982581946888e+00
1.876250357244927258e+01,8.208663032684370364e+00
1.878250928836810374e+01,8.371393385608643101e+00
1.880251500428693845e+01,8.508805372359274699e+00
1.882252072020577316e+01,9.251441228533478167e+00
1.884252643612460787e+01,9.336969603961081887e+00
1.886253215204344258e+01,8.697570924940112747e+00
1.888253786796227729e+01,8.346435855948730165e+00
1.890254358388111200e+01,9.107312529419633762e+00
1.892254929979994316e+01,8.632273958129006886e+00
1.894255501571877787e+01,9.035085720054288672e+00
1.896256073163760902e+01,9.770198589895567665e+00
1.898256644755644373e+01,9.475590060293827221e+00
1.900257216347527844e+01,9.974154058785211774e+00
1.902257787939411315e+01,9.197932117229768778e+00
1.904258359531294786e+01,9.955942943414592960e+00
1.906258931123178257e+01,9.903443520656617594e+00
1.908259502715061728e+01,8.830235524368671207e+00
1.910260074306944844e+01,9.539153314556678254e+00
1.912260645898828315e+01,8.906834016282061839e+00
1.914261217490711431e+01,9.419075256518878447e+00
1.916261789082594902e+01,8.781473994435810226e+00
1.918262360674478373e+01,8.717298973636697923e+00
1.920262932266361844e+01,7.793744985777928846e+00
1.922263503858245315e+01,7.092940071194208329e+00
1.924264075450128786e+01,6.911966375252565520e+00
1.926264647042012257e+01,7.186440596459680030e+00
1.928265218633895373e+01,6.865721680529800253e+00
1.930265790225778844e+01,6.394007349607534252e+00
1.932266361817662315e+01,5.891432189299058209e+00
1.934266933409545430e+01,5.485189922630441473e+00
1.936267505001428901e+01,5.559879780723397502e+00
1.938268076593312372e+01,5.171586069133277341e+00
1.940268648185195843e+01,4.616171563887553120e+00
1.942269219777079314e+01,4.961712341259702619e+00
1.944269791368962785e+01,5.088622125888742076e+00
1.946270362960846256e+01,4.485915670794834220e+00
1.948270934552729372e+01,4.361974643203892832e+00
1.950271506144612843e+01,5.119545618240849194e+00
1.952272077736495959e+01,4.377527449296300333e+00
1.954272649328379430e+01,4.167978601020365659e+00
1.956273220920262901e+01,3.615821575151582312e+00
1.958273792512146372e+01,4.078172513785982112e+00
1.960274364104029843e+01,3.795316470936404230e+00
1.962274935695913314e+01,3.339821875061255163e+00
1.964275507287796785e+01,3.764682932923937742e+00
1.966276078879679901e+01,3.835090105609666011e+00
1.968276650471563372e+01,4.647401971753959415e+00
1.970277222063446487e+01,3.979661256658094892e+00
1.972277793655329958e+01,4.620160233270082628e+00
1.974278365247213429e+01,3.505895142177652524e+00
1.976278936839096900e+01,3.898713349454400401e+00
1.978279508430980371e+01,3.634030529345124716e+00
1.980280080022863842e+01,4.571747152514401336e+00
1.982280651614747313e+01,3.172436897885136275e+00
1.984281223206630784e+01,3.275873259399001203e+00
1.986281794798513900e+01,3.360395827329064833e+00
1.988282366390397371e+01,4.621272945462555626e+00
1.990282937982280487e+01,2.961018624679847555e+00
1.992283509574163958e+01,3.857657114528603159e+00
1.994284081166047429e+01,3.568993657056111601e+00
1.996284652757930900e+01,3.241710324046498393e+00
1.998285224349814371e+01,3.530620943690819580e+00
2.000285795941697842e+01,3.716644518320846746e+00
2.002286367533581313e+01,3.240901920230927047e+00
2.004286939125464428e+01,3.370543932310900104e+00
2.006287510717347899e+01,3.441247731925634490e+00
2.008288082309231015e+01,4.088602060549028749e+00
2.010288653901114486e+01,3.579523537015618206e+00
2.012289225492997957e+01,3.115397932557200988e+00
2.014289797084881428e+01,3.228972815976182353e+00
2.016290368676764899e+01,3.462205679261538549e+00
2.018290940268648370e+01,3.196282253355154701e+00
2.020291511860531841e+01,3.135735280782530054e+00
2.022292083452414957e+01,3.457695374338934258e+00
2.024292655044298428e+01,3.204477527475513732e+00
2.026293226636181899e+01,3.777410084364468901e+00
2.028293798228065015e+01,3.767947553214315626e+00
2.030294369819948486e+01,3.133652668649331119e+00
2.032294941411831957e+01,4.265221984362961294e+00
2.034295513003715428e+01,3.759147650904972160e+00
2.036296084595598899e+01,3.804268311728367546e+00
2.038296656187482370e+01,3.701366092909509131e+00
2.040297227779365841e+01,3.009484226297496789e+00
2.042297799371248956e+01,3.643936111887684071e+00
2.044298370963132427e+01,4.037859653882952315e+00
2.046298942555015543e+01,2.939045528657064033e+00
2.048299514146899014e+01,3.193212156820641745e+00
2.050300085738782485e+01,3.255718394996669041e+00
2.052300657330665956e+01,3.880318678656995424e+00
2.054301228922549427e+01,3.686220805694566227e+00
2.056301800514432898e+01,3.971253814530601556e+00
2.058302372106316369e+01,3.479808060891005361e+00
2.060302943698199485e+01,3.383561828384119785e+00
2.062303515290082956e+01,3.286050101148060953e+00
2.064304086881966072e+01,3.851374649736228228e+00
2.066304658473849543e+01,3.924606010122675848e+00
2.068305230065733014e+01,4.728701084030019430e+00
2.070305801657616485e+01,4.487667665602424805e+00
2.072306373249499956e+01,3.953806844976190060e+00
2.074306944841383427e+01,3.822868674171029824e+00
2.076307516433266898e+01,3.628637666426654640e+00
2.078308088025150369e+01,3.357736232677462240e+00
2.080308659617033484e+01,4.659691822465948263e+00
2.082309231208916955e+01,4.689565205930209757e+00
2.084309802800800071e+01,4.060789782514675927e+00
2.086310374392683542e+01,4.825740367770092298e+00
2.088310945984567013e+01,4.250951949967507915e+00
2.090311517576450484e+01,4.683155442574660654e+00
2.092312089168333955e+01,5.287328785286642407e+00
2.094312660760217426e+01,4.571990461594829469e+00
2.096313232352100897e+01,4.929967681246711919e+00
2.098313803943984013e+01,4.801595581048009542e+00
2.100314375535867484e+01,4.290428286035194105e+00
2.102314947127750600e+01,5.084911320050075290e+00
2.104315518719634071e+01,5.104607457412636329e+00
2.106316090311517542e+01,5.183074773312974060e+00
2.108316661903401013e+01,5.379938845590263696e+00
2.110317233495284484e+01,5.818830360985425720e+00
2.112317805087167955e+01,5.485844007910428921e+00
2.114318376679051426e+01,6.544351436756462803e+00
2.116318948270934541e+01,6.474812197149184989e+00
2.118319519862818012e+01,5.983821065534532302e+00
2.120320091454701483e+01,6.235226846151670443e+00
2.122320663046584599e+01,5.752000312551334815e+00
2.124321234638468070e+01,6.235964242266970103e+00
2.126321806230351541e+01,6.476193800061080807e+00
2.128322377822235012e+01,7.132486761222084581e+00
2.130322949414118483e+01,6.415805053229649779e+00
2.132323521006001954e+01,7.288755167638810484e+00
2.134324092597885425e+01,7.431759906581488551e+00
2.136324664189768541e+01,6.854153546189689195e+00
2.138325235781652012e+01,6.964194798349316429e+00
2.140325807373535127e+01,7.106629565924984959e+00
2.142326378965418598e+01,7.813446613547973207e+00
2.144326950557302069e+01,8.284932536886891796e+00
2.146327522149185540e+01,7.449395735197921198e+00
2.148328093741069011e+01,8.840274834680633020e+00
2.150328665332952482e+01,8.438137203087050509e+00
2.152329236924835953e+01,8.756811608174734474e+00
2.154329808516719069e+01,8.445120256089191813e+00
2.156330380108602540e+01,8.189687270913811545e+00
2.158330951700485656e+01,8.816375934546750059e+00
2.160331523292369127e+01,8.896535050116860077e+00
2.162332094884252598e+01,9.239867021084167575e+00
2.164332666476136069e+01,9.255900379938658773e+00
2.166333238068019540e+01,9.090789997956900237e+00
2.168333809659903011e+01,9.563247633900042288e+00
2.170334381251786482e+01,9.154207808515842260e+00
2.172334952843669598e+01,9.617678745150145758e+00
2.174335524435553069e+01,8.803716150571062826e+00
2.176336096027436540e+01,1.011417300417493870e+01
2.178336667619319655e+01,9.946324559349836392e+00
2.180337239211203126e+01,1.025412259335472598e+01
2.182337810803086597e+01,1.042431639351332606e+01
2.184338382394970068e+01,9.895645749849601103e+00
2.186338953986853539e+01,9.817250292280476742e+00
2.188339525578737010e+01,1.070070923037584265e+01
2.190340097170620481e+01,1.027065113208985814e+01
2.192340668762503597e+01,1.039399264386546307e+01
2.194341240354387068e+01,1.045373154293294959e+01
2.196341811946270184e+01,1.099554368064802468e+01
2.198342383538153655e+01,9.890869852717091959e+00
2.200342955130037126e+01,1.119318973096395098e+01
2.202343526721920597e+01,1.014447298532538433e+01
2.204344098313804068e+01,9.478112220181296621e+00
2.206344669905687539e+01,9.538794255503258768e+00
2.208345241497571010e+01,9.345658813957273381e+00
2.210345813089454126e+01,8.822645146517075432e+00
2.212346384681337597e+01,8.595074805121395656e+00
2.214346956273221068e+01,8.593629526593328904e+00
2.216347527865104183e+01,8.179661925979319292e+00
2.218348099456987654e+01,7.142547281732962716e+00
2.220348671048871125e+01,7.119425557840365570e+00
2.222349242640754596e+01,7.659840725018101537e+00
2.224349814232638067e+01,6.818512929857385885e+00
2.226350385824521538e+01,7.408599462928196822e+00
2.228350957416405009e+01,6.989775928926312609e+00
2.230351529008288125e+01,6.942596446968274826e+00
2.232352100600171596e+01,7.020903053916839553e+00
2.234352672192054712e+01,7.285020775640573376e+00
2.236353243783938183e+01,7.107273623490383940e+00
2.238353815375821654e+01,7.501329252680950077e+00
2.240354386967705125e+01,6.769228596204422743e+00
2.242354958559588596e+01,6.841431782571657294e+00
2.244355530151472067e+01,6.707286757598769356e+00
2.246356101743355538e+01,7.517438539666837727e+00
2.248356673335238654e+01,7.026539390628713910e+00
2.250357244927122125e+01,7.174807902660027992e+00
2.252357816519005240e+01,7.388909197123317618e+00
2.254358388110888711e+01,7.972091537854499421e+00
2.256358959702772182e+01,7.565530589941573680e+00
2.258359531294655653e+01,7.279978602018577050e+00
2.260360102886539124e+01,6.702864840627881016e+00
2.262360674478422595e+01,6.922667345966173613e+00
2.264361246070306066e+01,7.620981609992202976e+00
2.266361817662189182e+01,6.832517382620991953e+00
2.268362389254072653e+01,6.809155710655355520e+00
2.270362960845956124e+01,6.570399245144771250e+00
2.272363532437839240e+01,7.266055566386050657e+00
2.274364104029722711e+01,5.990414504555703346e+00
2.276364675621606182e+01,6.724963745463618636e+00
2.278365247213489653e+01,6.795378255745691654e+00
2.280365818805373124e+01,4.997719678345152516e+00
2.282366390397256595e+01,5.632958064085494598e+00
2.284366961989140066e+01,5.368513262411456211e+00
2.286367533581023181e+01,5.233273453047380563e+00
2.288368105172906652e+01,5.555770772855208151e+00
2.290368676764789768e+01,5.606790385364499585e+00
2.292369248356673239e+01,5.072472039105914376e+00
2.294369819948556710e+01,4.365187670014213595e+00
2.296370391540440181e+01,4.481910463674308787e+00
2.298370963132323652e+01,4.441586903544060938e+00
2.300371534724207123e+01,3.895854243694095054e+00
2.302372106316090594e+01,4.518746584001957167e+00
2.304372677907973710e+01,4.345762565724212045e+00
2.306373249499857181e+01,4.016257288486428934e+00
2.308373821091740652e+01,3.746463874498619617e+00
2.310374392683623768e+01,4.428673552460306695e+00
2.312374964275507239e+01,4.099658434147999131e+00
2.314375535867390710e+01,3.523424431579365468e+00
2.316376107459274181e+01,4.014447534251168292e+00
2.318376679051157652e+01,3.263810997437521344e+00
2.320377250643041123e+01,3.000351837974630342e+00
2.322377822234924594e+01,3.946472621399922609e+00
2.324378393826807709e+01,3.498644495665092613e+00
2.326378965418691180e+01,3.476392429095995329e+00
2.328379537010574296e+01,3.037957718695173615e+00
2.330380108602457767e+01,2.583668010105664159e+00
2.332380680194341238e+01,3.053138110295477325e+00
2.334381251786224709e+01,3.913473344600903125e+00
2.336381823378108180e+01,3.353666692141999306e+00
2.338382394969991651e+01,3.505998628650831783e+00
2.340382966561875122e+01,3.145982537616404784e+00
2.342383538153758238e+01,2.988437073635278551e+00
2.344384109745641709e+01,3.203032831630684640e+00
2.346384681337524825e+01,3.363470095054073461e+00
2.348385252929408296e+01,3.930026584813871793e+00
2.350385824521291767e+01,3.149878685583431981e+00
2.352386396113175238e+01,2.613926677792305142e+00
2.354386967705058709e+01,2.656912496201099927e+00
2.356387539296942180e+01,3.813890309960161318e+00
2.358388110888825651e+01,2.581270898484273602e+00
2.360388682480708766e+01,2.683699366306919298e+00
2.362389254072592237e+01,2.945267732513776160e+00
2.364389825664475708e+01,3.651403104833586433e+00
2.366390397256358824e+01,3.083271832464475892e+00
2.368390968848242295e+01,3.366547450034207412e+00
2.370391540440125766e+01,3.696678143140614381e+00
2.372392112032009237e+01,3.435409436709230935e+00
2.374392683623892708e+01,3.546657905392294641e+00
2.376393255215776179e+01,3.620881239906874605e+00
2.378393826807659650e+01,3.433133765279418714e+00
2.380394398399542766e+01,3.699863630705201523e+00
2.382394969991426237e+01,3.718326019162635276e+00
2.384395541583309353e+01,3.621932758027084365e+00
2.386396113175192824e+01,4.645967646415609664e+00
2.388396684767076295e+01,3.416743189022193761e+00
2.390397256358959766e+01,3.500983713317379120e+00
2.392397827950843237e+01,3.836855225400217062e+00
2.394398399542726708e+01,3.858920625609646216e+00
2.396398971134610179e+01,4.160214403000197514e+00
2.398399542726493294e+01,4.481397342035343456e+00
2.400400114318376765e+01,4.068884005445061902e+00
2.402400685910260236e+01,4.735001698671989168e+00
2.404401257502143352e+01,5.349643130162855975e+00
2.406401829094026823e+01,5.333835740678486204e+00
2.408402400685910294e+01,4.459753639772228162e+00
2.410402972277793765e+01,4.912295187657296225e+00
2.412403543869677236e+01,4.986743517264144998e+00
2.414404115461560707e+01,5.512158361941544626e+00
2.416404687053444178e+01,5.703655768770708789e+00
2.418405258645327294e+01,5.430594236958818932e+00
2.420405830237210765e+01,6.299625627903033376e+00
2.422406401829093880e+01,5.902922412246248030e+00
2.424406973420977351e+01,6.252823842435961232e+00
2.426407545012860822e+01,6.135738647544712876e+00
2.428408116604744293e+01,6.890678458928780614e+00
2.430408688196627764e+01,7.398672231924598108e+00
2.432409259788511235e+01,6.886822618037539812e+00
2.434409831380394706e+01,7.614704405927371411e+00
2.436410402972277822e+01,7.601524358316103402e+00
2.438410974564161293e+01,8.234743231292084076e+00
2.440411546156044409e+01,7.897141719944045235e+00
2.442412117747927880e+01,8.471088523241403934e+00
2.444412689339811351e+01,8.847659772155177293e+00
2.446413260931694822e+01,9.422127657433554404e+00
2.448413832523578293e+01,8.871331005592388408e+00
2.450414404115461764e+01,9.302855616028891106e+00
2.452414975707345235e+01,9.697694230574077423e+00
2.454415547299228351e+01,9.950625400668162257e+00
2.456416118891111822e+01,1.032490804641004090e+01
2.458416690482995293e+01,1.029627638663672329e+01
2.460417262074878408e+01,9.776375302525764255e+00
2.462417833666761879e+01,1.056743540802790449e+01
2.464418405258645350e+01,1.058158754765521259e+01
2.466418976850528821e+01,1.112264146556873712e+01
2.468419548442412292e+01,1.055953880852078086e+01
2.470420120034295763e+01,1.102600567761970574e+01
2.472420691626179234e+01,1.187160758393903137e+01
2.474421263218062350e+01,1.033517129012940394e+01
2.476421834809945821e+01,1.087007636261218835e+01
2.478422406401828937e+01,1.180006383420410110e+01
2.480422977993712408e+01,1.099309381630523674e+01
2.482423549585595879e+01,1.125195225936156262e+01
2.484424121177479350e+01,1.081271580808093269e+01
2.486424692769362821e+01,1.064212333758641371e+01
2.488425264361246292e+01,1.105515047435983611e+01
2.490425835953129763e+01,1.054523330705841566e+01
2.492426407545012879e+01,1.001509167843608772e+01
2.494426979136896350e+01,9.952988604282555940e+00
2.496427550728779821e+01,9.709768069092529430e+00
2.498428122320662936e+01,9.548157508895091183e+00
2.500428693912546407e+01,1.005906609951090758e+01
2.502429265504429878e+01,9.331503649012391932e+00
2.504429837096313349e+01,8.968940242165771792e+00
2.506430408688196820e+01,8.363117048149540267e+00
2.508430980280080291e+01,8.500527124825204339e+00
2.510431551871963762e+01,7.488007121414057110e+00
2.512432123463846878e+01,7.885574309086032407e+00
2.514432695055730349e+01,7.556697421913328938e+00
2.516433266647613465e+01,7.565734854889410776e+00
2.518433838239496936e+01,7.001654710490946343e+00
2.520434409831380407e+01,6.201309415514608681e+00
2.522434981423263878e+01,7.490062428885450707e+00
2.524435553015147349e+01,6.852580411083955880e+00
2.526436124607030820e+01,6.479710988702935381e+00
2.528436696198914291e+01,6.799511115820960683e+00
2.530437267790797407e+01,6.759772671448565973e+00
2.532437839382680878e+01,6.607166586620498272e+00
2.534438410974563993e+01,6.350992588205544465e+00
2.536438982566447464e+01,5.689232803738711652e+00
2.538439554158330935e+01,6.039704484560820319e+00
2.540440125750214406e+01,5.915142144461283280e+00
2.542440697342097877e+01,6.338492527142866706e+00
2.544441268933981348e+01,6.851919521480894559e+00
2.546441840525864819e+01,6.371611567798133535e+00
2.548442412117747935e+01,5.867797312793209485e+00
2.550442983709631406e+01,5.807287579514692766e+00
2.552443555301514877e+01,5.371366566694572242e+00
2.554444126893397993e+01,6.370812659861567084e+00
2.556444698485281464e+01,5.216042462448889694e+00
2.558445270077164935e+01,6.204961677933308550e+00
2.560445841669048406e+01,6.443186581783068689e+00
2.562446413260931877e+01,6.163563840652830805e+00
2.564446984852815348e+01,5.198067350449505852e+00
2.566447556444698819e+01,5.101293531886720523e+00
2.568448128036581934e+01,5.757031557325809068e+00
2.570448699628465405e+01,5.984209799121801510e+00
2.572449271220348521e+01,4.772529219830868641e+00
2.574449842812231992e+01,5.507115869424123566e+00
2.576450414404115463e+01,5.491845118367153944e+00
2.578450985995998934e+01,5.435237258002404204e+00
2.580451557587882405e+01,5.435084303594642563e+00
2.582452129179765876e+01,4.614424406492503294e+00
2.584452700771649347e+01,4.539911865699602700e+00
2.586453272363532463e+01,6.142695980795597421e+00
2.588453843955415934e+01,5.979610947194387904e+00
2.590454415547299405e+01,5.574627689647229545e+00
2.592454987139182521e+01,5.750030432249028323e+00
2.594455558731065992e+01,5.995540018837353990e+00
2.596456130322949463e+01,5.956660620655191529e+00
2.598456701914832934e+01,6.791199785560103841e+00
2.600457273506716405e+01,7.285861056755516429e+00
2.602457845098599520e+01,7.393806929990518029e+00
2.604458416690482991e+01,6.889648049774634408e+00
2.606458988282366462e+01,6.474160106287572880e+00
2.608459559874249933e+01,7.646493357640387956e+00
2.610460131466133404e+01,7.107358028533219851e+00
2.612460703058016520e+01,7.296777734942406113e+00
2.614461274649899991e+01,8.023357294146679308e+00
2.616461846241783462e+01,8.927418408286229123e+00
2.618462417833666933e+01,8.245416932765838425e+00
2.620462989425550404e+01,9.438424662714476554e+00
2.622463561017433520e+01,9.433102713424274199e+00
2.624464132609316991e+01,9.281670066238442374e+00
2.626464704201200462e+01,9.468597417874802247e+00
2.628465275793083933e+01,1.060391203071554855e+01
2.630465847384967049e+01,1.095422369032506893e+01
2.632466418976850520e+01,1.147425437392014658e+01
2.634466990568733991e+01,1.099385284066680413e+01
2.636467562160617462e+01,1.038289658551648387e+01
2.638468133752500933e+01,1.106259447551290265e+01
2.640468705344384048e+01,1.145329031065603509e+01
2.642469276936267519e+01,1.157377352008278493e+01
2.644469848528150990e+01,1.139669753814583864e+01
2.646470420120034461e+01,1.139674965078766000e+01
2.648470991711917932e+01,1.128770012172315695e+01
2.650471563303801048e+01,1.078817631815495304e+01
2.652472134895684519e+01,1.202760867318087534e+01
2.654472706487567990e+01,1.121130602022502387e+01
2.656473278079451461e+01,1.207378132072655141e+01
2.658473849671334932e+01,1.178290549249862984e+01
2.660474421263218048e+01,1.219306716632254073e+01
2.662474992855101519e+01,1.331500282013679559e+01
2.664475564446984990e+01,1.296411329453643546e+01
2.666476136038868461e+01,1.392146152423330108e+01
2.668476707630751577e+01,1.418399027552121794e+01
2.670477279222635048e+01,1.403165957105641581e+01
2.672477850814518519e+01,1.396157203120909962e+01
2.674478422406401990e+01,1.519394163748968118e+01
2.676478993998285461e+01,1.600568381075321867e+01
2.678479565590168576e+01,1.667816705607155825e+01
2.680480137182052047e+01,1.769355262575082577e+01
2.682480708773935518e+01,1.820851332080220075e+01
2.684481280365818989e+01,1.912051024941184352e+01
2.686481851957702460e+01,2.062718780514872208e+01
2.688482423549585576e+01,2.023897664047481015e+01
2.690482995141469047e+01,2.180357008608854485e+01
2.692483566733352518e+01,2.281843529310229357e+01
2.694484138325235989e+01,2.437882683378359161e+01
2.696484709917119105e+01,2.560539419195676203e+01
2.698485281509002576e+01,2.648291884708710242e+01
2.700485853100886047e+01,2.786708629803546700e+01
2.702486424692769518e+01,2.901436971554344524e+01
2.704486996284652989e+01,3.039240187911487112e+01
2.706487567876536104e+01,3.194583618370061373e+01
2.708488139468419575e+01,3.311885215169577634e+01
2.710488711060303046e+01,3.535676794815240953e+01
2.712489282652186517e+01,3.592563811018283815e+01
2.714489854244069988e+01,3.690431618416268122e+01
2.716490425835953104e+01,3.830619608894215133e+01
2.718490997427836575e+01,4.008191837416131875e+01
2.720491569019720046e+01,4.162093483117244119e+01
2.722492140611603517e+01,4.257854091274381858e+01
2.724492712203486633e+01,4.339008821948003458e+01
2.726493283795370104e+01,4.544225266132767160e+01
2.728493855387253575e+01,4.513781519719697144e+01
2.730494426979137046e+01,4.624564790044340867e+01
2.732494998571020517e+01,4.745268693937475035e+01
2.734495570162903633e+01,4.920058164331963013e+01
2.736496141754787104e+01,5.065662513352093299e+01
2.738496713346670575e+01,5.068997239882897077e+01
2.740497284938554046e+01,5.205135655141206996e+01
2.742497856530437517e+01,5.325837509178379037e+01
2.744498428122320632e+01,5.453155701239809616e+01
2.746498999714204103e+01,5.466982175624347917e+01
2.748499571306087574e+01,5.651326603643767044e+01
2.750500142897971045e+01,5.828474712616878151e+01
2.752500714489854516e+01,5.844592613242235757e+01
2.754501286081737632e+01,6.011994187299110592e+01
2.756501857673621103e+01,6.119628791807216572e+01
2.758502429265504574e+01,6.243012901997190767e+01
2.760503000857388045e+01,6.295802903684873542e+01
2.762503572449271161e+01,6.424045808355928955e+01
2.764504144041154632e+01,6.439804278071932231e+01
2.766504715633038103e+01,6.618627359674985655e+01
2.768505287224921574e+01,6.675098098250451528e+01
2.770505858816805045e+01,6.632559624872986603e+01
2.772506430408688161e+01,6.728543834070850949e+01
2.774507002000571632e+01,6.649508208069657655e+01
2.776507573592455103e+01,6.690892059148843884e+01
2.778508145184338574e+01,6.570331903616630598e+01
2.780508716776222045e+01,6.573517672189453265e+01
2.782509288368105160e+01,6.314635930571155598e+01
2.784509859959988631e+01,6.241768430369801024e+01
2.786510431551872102e+01,5.911217161276039178e+01
2.788511003143755573e+01,5.787896252423273324e+01
2.790511574735638689e+01,5.483843831841117833e+01
2.792512146327522160e+01,5.324045511042653089e+01
2.794512717919405631e+01,4.961869211995171014e+01
2.796513289511289102e+01,4.805630707575089389e+01
2.798513861103172573e+01,4.493699978524878702e+01
2.800514432695055689e+01,4.425270827629911707e+01
2.802515004286939160e+01,4.181110822448565045e+01
2.804515575878822631e+01,4.104176207481147287e+01
2.806516147470706102e+01,3.909923741740435332e+01
2.808516719062589573e+01,3.772718579279013085e+01
2.810517290654472689e+01,3.773740303790988548e+01
2.812517862246356160e+01,3.741890979982927234e+01
2.814518433838239631e+01,3.680482262485952560e+01
2.816519005430123102e+01,3.773271637192723205e+01
2.818519577022006217e+01,3.840986103251911743e+01
2.820520148613889688e+01,3.818585734723559710e+01
2.822520720205773159e+01,3.945599451293263371e+01
2.824521291797656630e+01,4.078895511074543379e+01
2.826521863389540101e+01,4.187421653690626044e+01
2.828522434981423217e+01,4.280418577447227335e+01
2.830523006573306688e+01,4.481916786521458818e+01
2.832523578165190159e+01,4.612598951257823643e+01
2.834524149757073630e+01,4.792867943682916376e+01
2.836524721348957101e+01,4.948010207292793439e+01
2.838525292940840217e+01,5.063959324256462224e+01
2.840525864532723688e+01,5.210856093891680274e+01
2.842526436124607159e+01,5.365137170574276126e+01
2.844527007716490630e+01,5.451311721887657313e+01
2.846527579308374101e+01,5.413468312641082747e+01
2.848528150900257216e+01,5.425578755323219582e+01
2.850528722492140687e+01,5.374907397479204008e+01
2.852529294084024158e+01,5.308965658580483193e+01
2.854529865675907629e+01,5.094752285497902733e+01
2.856530437267790745e+01,4.905385380362656633e+01
2.858531008859674216e+01,4.731721316474009598e+01
2.860531580451557687e+01,4.531846197000852783e+01
2.862532152043441158e+01,4.192088413102965205e+01
2.864532723635324629e+01,3.926176068997000357e+01
2.866533295227207745e+01,3.656932521392383251e+01
2.868533866819091216e+01,3.349105065292493322e+01
2.870534438410974687e+01,2.974944004151955212e+01
2.872535010002858158e+01,2.888459441914890036e+01
2.874535581594741629e+01,2.593177515413498213e+01
2.876536153186624745e+01,2.473123032792333831e+01
2.878536724778508216e+01,2.248101892128313395e+01
2.880537296370391687e+01,2.167537675216260595e+01
2.882537867962275158e+01,2.061741741998694621e+01
2.884538439554158273e+01,2.058834496227812849e+01
2.886539011146041744e+01,1.978589655035535699e+01
2.888539582737925215e+01,1.926223992016528541e+01
2.890540154329808686e+01,1.934605201571836375e+01
2.892540725921692157e+01,1.921645264934394248e+01
2.894541297513575273e+01,1.924334573485091227e+01
2.896541869105458744e+01,1.930108956320279390e+01
2.898542440697342215e+01,1.802314353013208503e+01
2.900543012289225686e+01,1.948512363428643823e+01
2.902543583881109157e+01,1.750936625445308081e+01
2.904544155472992273e+01,1.828455299682192248e+01
2.906544727064875744e+01,1.602877720210880597e+01
2.908545298656759215e+01,1.769088595418787691e+01
2.910545870248642686e+01,1.431513201548761138e+01
2.912546441840525802e+01,1.617864866495929377e+01
2.914547013432409273e+01,1.232784013912343468e+01
2.916547585024292744e+01,1.418910700543940173e+01
2.918548156616176215e+01,1.073798908027954724e+01
2.920548728208059686e+01,1.378593012784801886e+01
2.922549299799942801e+01,9.045729356783587249e+00
2.924549871391826272e+01,1.313852167574284557e+01
2.926550442983709743e+01,7.895907028379174797e+00
2.928551014575593214e+01,1.311723321245691487e+01
2.930551586167476685e+01,7.063074708957445935e+00
2.932552157759359801e+01,1.358628481609524918e+01
2.934552729351243272e+01,6.331317694016677322e+00
2.936553300943126743e+01,1.421847705796674610e+01
2.938553872535010214e+01,6.740584120205415530e+00
2.940554444126893330e+01,1.495143097357448347e+01
2.942555015718776801e+01,5.344527672460822387e+00
2.944555587310660272e+01,1.716767050228388669e+01
2.946556158902543743e+01,6.111761631852351329e+00
2.948556730494427214e+01,1.904623219152263758e+01
2.950557302086310330e+01,5.805618094006482544e+00
2.952557873678193801e+01,2.108550998248191632e+01
2.954558445270077272e+01,5.834549677447280480e+00
2.956559016861960743e+01,2.371288113271146969e+01
2.958559588453844214e+01,6.691171376875848509e+00
2.960560160045727329e+01,2.649495297650654280e+01
2.962560731637610800e+01,7.068258944135155986e+00
2.964561303229494271e+01,2.929978927247732656e+01
2.966561874821377742e+01,7.977022112732397474e+00
2.968562446413261213e+01,3.346742475781285719e+01
2.970563018005144329e+01,7.684131655269914596e+00
2.972563589597027800e+01,3.591057551714063578e+01
2.974564161188911271e+01,7.763898722993104684e+00
2.976564732780794742e+01,3.925021692482300750e+01
2.978565304372677858e+01,9.166218487964510331e+00
2.980565875964561329e+01,4.322628499602551955e+01
2.982566447556444800e+01,1.000237099283342879e+01
2.984567019148328271e+01,4.475230143099684454e+01
2.986567590740211742e+01,1.107173773820702678e+01
2.988568162332094857e+01,4.684951967320094468e+01
2.990568733923978328e+01,1.155186401852519040e+01
2.992569305515861799e+01,4.706012739986254445e+01
2.994569877107745270e+01,1.315135254888980043e+01
2.996570448699628741e+01,4.558760215319632181e+01
2.998571020291511857e+01,1.403319573290301925e+01
3.000571591883395328e+01,4.337171643793216447e+01
3.002572163475278799e+01,1.718153243191010304e+01
3.004572735067162270e+01,4.022938951209434322e+01
3.006573306659045386e+01,1.804427317249066576e+01
3.008573878250928857e+01,3.757356374211224903e+01
3.010574449842812328e+01,2.081076928143039595e+01
3.012575021434695799e+01,3.523151512937179319e+01
3.014575593026579270e+01,2.369760426713531842e+01
3.016576164618462386e+01,3.442739465503272811e+01
3.018576736210345857e+01,2.684756286226715716e+01
3.020577307802229328e+01,3.395757634652989054e+01
3.022577879394112799e+01,2.914343627477302689e+01
3.024578450985996270e+01,3.439462684780278323e+01
3.026579022577879385e+01,3.180255350782089607e+01
3.028579594169762856e+01,3.641464165616653759e+01
3.030580165761646327e+01,3.478077279018338430e+01
3.032580737353529798e+01,3.753812186479778035e+01
3.034581308945412914e+01,3.672208115849090859e+01
3.036581880537296385e+01,4.015358586920078210e+01
3.038582452129179856e+01,4.044314161440697575e+01
3.040583023721063327e+01,4.299421632910470237e+01
3.042583595312946798e+01,4.272715566478679250e+01
3.044584166904829914e+01,4.536031924790823666e+01
3.046584738496713385e+01,4.575991159764744509e+01
3.048585310088596856e+01,4.796449058205038796e+01
3.050585881680480327e+01,4.816514095736958012e+01
3.052586453272363798e+01,4.956613273535844399e+01
3.054587024864246914e+01,4.943552349476448882e+01
3.056587596456130385e+01,5.090477422941964392e+01
3.058588168048013856e+01,5.000622546119170408e+01
3.060588739639897327e+01,4.952097864100245772e+01
3.062589311231780798e+01,4.829032107657329931e+01
3.064589882823663913e+01,4.799153589429828770e+01
3.066590454415547384e+01,4.466145232230680762e+01
3.068591026007430855e+01,4.293921275833102413e+01
3.070591597599314326e+01,3.955621402633367012e+01
3.072592169191197442e+01,3.804243597005312694e+01
3.074592740783080913e+01,3.392874478789803305e+01
3.076593312374964384e+01,3.127704524775811024e+01
3.078593883966847855e+01,2.804768351757541467e+01
3.080594455558731326e+01,2.551443864923556148e+01
3.082595027150614442e+01,2.244546514553408301e+01
3.084595598742497913e+01,2.078622094294955147e+01
3.086596170334381384e+01,1.849696600606725738e+01
3.088596741926264855e+01,1.698142647180160836e+01
3.090597313518148326e+01,1.437640537557282450e+01
3.092597885110031442e+01,1.417621084860176950e+01
3.094598456701914913e+01,1.235083581658404839e+01
3.096599028293798384e+01,1.204293294993905583e+01
3.098599599885681855e+01,9.496106906211629450e+00
3.100600171477564970e+01,9.952383672302781648e+00
3.102600743069448441e+01,8.098253141910721098e+00
3.104601314661331912e+01,8.587620811506100793e+00
3.106601886253215383e+01,8.411145258402118685e+00
3.108602457845098854e+01,7.215353352332708248e+00
3.110603029436981970e+01,7.300581150439228395e+00
3.112603601028865441e+01,6.561007083982661747e+00
3.114604172620748912e+01,6.914583255741002077e+00
3.116604744212632383e+01,6.463027117575414593e+00
3.118605315804515854e+01,6.226105475088955288e+00
3.120605887396398970e+01,6.746873236035587418e+00
3.122606458988282441e+01,6.940178084776049694e+00
3.124607030580165912e+01,6.603437795171309688e+00
3.126607602172049383e+01,5.562262049477027404e+00
3.128608173763932498e+01,6.115709039678286274e+00
3.130608745355815969e+01,5.980667037484090010e+00
3.132609316947699440e+01,5.582203722889674147e+00
3.134609888539582911e+01,6.585720389849605283e+00
3.136610460131466382e+01,6.536266499666933072e+00
3.138611031723349498e+01,6.448931999257421666e+00
3.140611603315232969e+01,6.621894571788736528e+00
3.142612174907116440e+01,7.121173002788029116e+00
3.144612746498999911e+01,7.679785392917556130e+00
3.146613318090883382e+01,7.491287300675654848e+00
3.148613889682766498e+01,7.529422762351405396e+00
3.150614461274649969e+01,7.958531710696553851e+00
3.152615032866533440e+01,8.039429112538588384e+00
3.154615604458416911e+01,8.465595319552580378e+00
3.156616176050300382e+01,8.281202220214673559e+00
3.158616747642183498e+01,9.029230710238337565e+00
3.160617319234066969e+01,9.901526046330788589e+00
3.162617890825950440e+01,9.053705183431867809e+00
3.164618462417833911e+01,9.315397231594072736e+00
3.166619034009717026e+01,1.036069187760563537e+01
3.168619605601600497e+01,1.043530037845076563e+01
3.170620177193483968e+01,1.173745872326595574e+01
3.172620748785367439e+01,1.231667240357563742e+01
3.174621320377250910e+01,1.289989120268230316e+01
3.176621891969134026e+01,1.344156226421038980e+01
3.178622463561017497e+01,1.413749011620027929e+01
3.180623035152900968e+01,1.522382814735271594e+01
3.182623606744784439e+01,1.689491918670252346e+01
3.184624178336667910e+01,1.783648895378277643e+01
3.186624749928551026e+01,1.802841384785735812e+01
3.188625321520434497e+01,2.006595732931027243e+01
3.190625893112317968e+01,2.142114909872315565e+01
3.192626464704201439e+01,2.206967908299330716e+01
3.194627036296084555e+01,2.432082582934378223e+01
3.196627607887968026e+01,2.515547398185221795e+01
3.198628179479851497e+01,2.800229186519690927e+01
3.200628751071734968e+01,2.946918593908265649e+01
3.202629322663618439e+01,3.131199084502648944e+01
3.204629894255501199e+01,3.313398113726331928e+01
3.206630465847385381e+01,3.641700925658092558e+01
3.208631037439268141e+01,3.824526066688223125e+01
3.210631609031152323e+01,4.068720066628662835e+01
3.212632180623035083e+01,4.271738485837374810e+01
3.214632752214918554e+01,4.639227541959644441e+01
3.216633323806802025e+01,4.880809741171148630e+01
3.218633895398685496e+01,5.146593308841666214e+01
3.220634466990568967e+01,5.412544018580827299e+01
3.222635038582451728e+01,5.591874118413655026e+01
3.224635610174335909e+01,5.791156043284974686e+01
3.226636181766218670e+01,5.992733443291126605e+01
3.228636753358102851e+01,6.165954652225337185e+01
3.230637324949985612e+01,6.233765283873692908e+01
3.232637896541869083e+01,6.292294716090218287e+01
3.234638468133752554e+01,6.335696667340582877e+01
3.236639039725636025e+01,6.396151183372218441e+01
3.238639611317519496e+01,6.241837308351907865e+01
3.240640182909402967e+01,6.203861224575921085e+01
3.242640754501286438e+01,6.106657424833476000e+01
3.244641326093169198e+01,5.895626936412710961e+01
3.246641897685053380e+01,5.725945185045731023e+01
3.248642469276936140e+01,5.666924069459265922e+01
3.250643040868819611e+01,5.393337271377844644e+01
3.252643612460703082e+01,5.268846639438912405e+01
3.254644184052586553e+01,5.176176372698508032e+01
3.256644755644470024e+01,5.037593224010709037e+01
3.258645327236353495e+01,4.882998653290123769e+01
3.260645898828236966e+01,4.786413445767021102e+01
3.262646470420119726e+01,4.616847101810585485e+01
3.264647042012003908e+01,4.435881595489099283e+01
3.266647613603886668e+01,4.315023192449487510e+01
3.268648185195770850e+01,4.220666467180516435e+01
3.270648756787653610e+01,4.024703499652597571e+01
3.272649328379537081e+01,3.838846341129760020e+01
3.274649899971420552e+01,3.665301182584134665e+01
3.276650471563304023e+01,3.442295470477048980e+01
3.278651043155187494e+01,3.202041699082130322e+01
3.280651614747070255e+01,3.008013147720982872e+01
3.282652186338954436e+01,2.724891726559527783e+01
3.284652757930837197e+01,2.547878355969246300e+01
3.286653329522721378e+01,2.315165080503830097e+01
3.288653901114604139e+01,2.085935611482591412e+01
3.290654472706487610e+01,1.909018007743765111e+01
3.292655044298371081e+01,1.844979550637641807e+01
3.294655615890254552e+01,1.582024466203634461e+01
3.296656187482138023e+01,1.456042327186776220e+01
3.298656759074020783e+01,1.444908931227137217e+01
3.300657330665904965e+01,1.255523548406553758e+01
3.302657902257787725e+01,1.253888522920105153e+01
3.304658473849671907e+01,1.202439826108282972e+01
3.306659045441554667e+01,1.155927025136206865e+01
3.308659617033438138e+01,1.185007558151273876e+01
3.310660188625321609e+01,1.176284257785840559e+01
3.312660760217205080e+01,1.143389939655462584e+01
3.314661331809088551e+01,1.129335027880247111e+01
3.316661903400971312e+01,1.183848131417684613e+01
3.318662474992855493e+01,1.242780408450876628e+01
3.320663046584738254e+01,1.156149918503071738e+01
3.322663618176622435e+01,1.247323871135216145e+01
3.324664189768505196e+01,1.230030991510028571e+01
3.326664761360388667e+01,1.265983251707827151e+01
3.328665332952272138e+01,1.309254302682140647e+01
3.330665904544155609e+01,1.347589109725150891e+01
3.332666476136039080e+01,1.435309670730332599e+01
3.334667047727922551e+01,1.478591295594971911e+01
3.336667619319806022e+01,1.560230542106416429e+01
3.338668190911688782e+01,1.682020992117571367e+01
3.340668762503572964e+01,1.760421600328545821e+01
3.342669334095455724e+01,1.858816800038350792e+01
3.344669905687339195e+01,1.885350539996397146e+01
3.346670477279222666e+01,2.056628779880797353e+01
3.348671048871106137e+01,2.145378024537522776e+01
3.350671620462989608e+01,2.199100258821727039e+01
3.352672192054873079e+01,2.352052398057944771e+01
3.354672763646756550e+01,2.480355677848352158e+01
3.356673335238639311e+01,2.611830380056122891e+01
3.358673906830523492e+01,2.672756705393274501e+01
3.360674478422406253e+01,2.783977608147466754e+01
3.362675050014290434e+01,2.924832665691954503e+01
3.364675621606173195e+01,2.971921271824079014e+01
3.366676193198056666e+01,3.086201375897659105e+01
3.368676764789940137e+01,3.074051001988723897e+01
3.370677336381823608e+01,3.178948563538153493e+01
3.372677907973707079e+01,3.226302484504404333e+01
3.374678479565589839e+01,3.324813774668438526e+01
3.376679051157474021e+01,3.268400765436717847e+01
3.378679622749356781e+01,3.412395593782130732e+01
3.380680194341240963e+01,3.384677897067173546e+01
3.382680765933123723e+01,3.439651584109935101e+01
3.384681337525007194e+01,3.416179720183892243e+01
3.386681909116890665e+01,3.458505256373292980e+01
3.388682480708774136e+01,3.467577141093845228e+01
3.390683052300657607e+01,3.380260733298998588e+01
3.392683623892540368e+01,3.525794957530989393e+01
3.394684195484424549e+01,3.441205145259581144e+01
3.396684767076307310e+01,3.418059398585758402e+01
3.398685338668191491e+01,3.386758896112463901e+01
3.400685910260074252e+01,3.256763877786423933e+01
3.402686481851957723e+01,3.297621897074690622e+01
3.404687053443841194e+01,3.144231865355152422e+01
3.406687625035724665e+01,3.099868096415031715e+01
3.408688196627608136e+01,2.909351051800996402e+01
3.410688768219490896e+01,2.843462673927883344e+01
3.412689339811375078e+01,2.677363720668994063e+01
3.414689911403257838e+01,2.569612571888094976e+01
3.416690482995142020e+01,2.401411686286548530e+01
3.418691054587024780e+01,2.198572770002711962e+01
3.420691626178908251e+01,2.072480331884791127e+01
3.422692197770791722e+01,1.966143715009923199e+01
3.424692769362675193e+01,1.835728918639195939e+01
3.426693340954558664e+01,1.786280541378390296e+01
3.428693912546442135e+01,1.553644372550953889e+01
3.430694484138325606e+01,1.485265349979442462e+01
3.432695055730208367e+01,1.527996967995627919e+01
3.434695627322092548e+01,1.430190952788528946e+01
3.436696198913975309e+01,1.338932224851167874e+01
3.438696770505858780e+01,1.305913850305138624e+01
3.440697342097742251e+01,1.275109781677907428e+01
3.442697913689625722e+01,1.328130860799677393e+01
3.444698485281509193e+01,1.367529126299567110e+01
3.446699056873392664e+01,1.311774479040576225e+01
3.448699628465276135e+01,1.345936811736972771e+01
3.450700200057158895e+01,1.313048125386189469e+01
3.452700771649043077e+01,1.284656072873099575e+01
3.454701343240925837e+01,1.248389794022080146e+01
3.456701914832810019e+01,1.240546310956320397e+01
3.458702486424692779e+01,1.219332091946845331e+01
3.460703058016576250e+01,1.245022399067810426e+01
3.462703629608459721e+01,1.285183121147028729e+01
3.464704201200343192e+01,1.193229987163515204e+01
3.466704772792226663e+01,1.285369913741656944e+01
3.468705344384109424e+01,1.247389811599293452e+01
3.470705915975993605e+01,1.259891801174592807e+01
3.472706487567876366e+01,1.167855994108379392e+01
3.474707059159760547e+01,1.166848312303889657e+01
3.476707630751643308e+01,1.098259213700759318e+01
3.478708202343526779e+01,1.053272518965701288e+01
3.480708773935410250e+01,1.049574054481792551e+01
3.482709345527293721e+01,1.124815500301273374e+01
3.484709917119177192e+01,1.053628931578058570e+01
3.486710488711059952e+01,9.789299263054417111e+00
3.488711060302944134e+01,9.818038084362797235e+00
3.490711631894826894e+01,1.007234634080520763e+01
3.492712203486711076e+01,9.487042944768825592e+00
3.494712775078593836e+01,9.336881184678137657e+00
3.496713346670477307e+01,9.426084460456166880e+00
3.498713918262360778e+01,9.301441849834825248e+00
3.500714489854244249e+01,8.213448913338197599e+00
3.502715061446127720e+01,9.200133917722455479e+00
3.504715633038010481e+01,9.109645283504674396e+00
3.506716204629894662e+01,9.551068042806763358e+00
3.508716776221777423e+01,8.355174022022517022e+00
3.510717347813661604e+01,8.458531882170095884e+00
3.512717919405544365e+01,9.439208523985758603e+00
3.514718490997427836e+01,8.991057336250703358e+00
3.516719062589311307e+01,9.795036974773758232e+00
3.518719634181194778e+01,9.611384441107674093e+00
3.520720205773078249e+01,9.519827489964596268e+00
3.522720777364961720e+01,9.408320642117374177e+00
3.524721348956845191e+01,9.103760489514916898e+00
3.526721920548727951e+01,9.605001144655311407e+00
3.528722492140612133e+01,1.033235112487103535e+01
3.530723063732494893e+01,9.465399594918178394e+00
3.532723635324378364e+01,9.869777481618728032e+00
3.534724206916261835e+01,9.721625432819816837e+00
3.536724778508145306e+01,1.055838052275768035e+01
3.538725350100028777e+01,1.080084494213233626e+01
3.540725921691912248e+01,1.057399215282471694e+01
3.542726493283795719e+01,1.076199736325349399e+01
3.544727064875678479e+01,1.111980201027752813e+01
3.546727636467562661e+01,1.225481039684838613e+01
3.548728208059445421e+01,1.210512816123337387e+01
3.550728779651329603e+01,1.269742448167640170e+01
3.552729351243212363e+01,1.298979407410384468e+01
3.554729922835095834e+01,1.266518792990451381e+01
3.556730494426979305e+01,1.407989325581542062e+01
3.558731066018862776e+01,1.443763471143961041e+01
3.560731637610746247e+01,1.414544283066748598e+01
3.562732209202629008e+01,1.392926434177832640e+01
3.564732780794513189e+01,1.439771151430983487e+01
3.566733352386395950e+01,1.558844827106977249e+01
3.568733923978280131e+01,1.551156986350001787e+01
3.570734495570162892e+01,1.470843014104209345e+01
3.572735067162046363e+01,1.492222796045898470e+01
3.574735638753929834e+01,1.446071604664375698e+01
3.576736210345813305e+01,1.488687875556938955e+01
3.578736781937696776e+01,1.402066577305780726e+01
3.580737353529579536e+01,1.316353565762786815e+01
3.582737925121463718e+01,1.243743707413354826e+01
3.584738496713346478e+01,1.121298556930371682e+01
3.586739068305230660e+01,1.150948396988307998e+01
3.588739639897113420e+01,1.021581320053490671e+01
3.590740211488996891e+01,1.002108264043332930e+01
3.592740783080880362e+01,9.113741417787739607e+00
3.594741354672763833e+01,8.902903792079746026e+00
3.596741926264647304e+01,8.266582237380767140e+00
3.598742497856530065e+01,8.059588246434655545e+00
3.600743069448414246e+01,7.495025774331333324e+00
3.602743641040297007e+01,7.983477460388447966e+00
3.604744212632181188e+01,8.372936598119904872e+00
3.606744784224063949e+01,8.246637319484236173e+00
3.608745355815947420e+01,8.633250969128781094e+00
3.610745927407830891e+01,8.675130724556368023e+00
3.612746498999714362e+01,9.928971231777431683e+00
3.614747070591597833e+01,1.121470553266904346e+01
3.616747642183481304e+01,1.072813869976118539e+01
3.618748213775364775e+01,1.227071592462625205e+01
3.620748785367247535e+01,1.339286701088443365e+01
3.622749356959131717e+01,1.348657760286255680e+01
3.624749928551014477e+01,1.422696346095048092e+01
3.626750500142897948e+01,1.511291670786803820e+01
3.628751071734781419e+01,1.602391477501526040e+01
3.630751643326664890e+01,1.731661831776814253e+01
3.632752214918548361e+01,1.887732220264208394e+01
3.634752786510431832e+01,1.977874474396076820e+01
3.636753358102315303e+01,2.036301250898304716e+01
3.638753929694198064e+01,2.247487549975005550e+01
3.640754501286082245e+01,2.279632013683828262e+01
3.642755072877965006e+01,2.396119069742006502e+01
3.644755644469849187e+01,2.561249293794580240e+01
3.646756216061731948e+01,2.603398687908202191e+01
3.648756787653615419e+01,2.675138248532632090e+01
3.650757359245498890e+01,2.772922171857049278e+01
3.652757930837382361e+01,2.759644553207224504e+01
3.654758502429265832e+01,2.829453352836882019e+01
3.656759074021148592e+01,2.740636893037995492e+01
3.658759645613032774e+01,2.656171734385017658e+01
3.660760217204915534e+01,2.641314480017161515e+01
3.662760788796799716e+01,2.494012862899782945e+01
3.664761360388682476e+01,2.401921225519359737e+01
3.666761931980565947e+01,2.287669220754578703e+01
3.668762503572449418e+01,2.240885346240311904e+01
3.670763075164332889e+01,2.069623796446274255e+01
3.672763646756216360e+01,1.928078775866662653e+01
3.674764218348099121e+01,1.809326767032600358e+01
3.676764789939983302e+01,1.634160224420989849e+01
3.678765361531866063e+01,1.609467384114473276e+01
3.680765933123750244e+01,1.510337948902306238e+01
3.682766504715633005e+01,1.393594641442554405e+01
3.684767076307516476e+01,1.278431902031912593e+01
3.686767647899399947e+01,1.381875041049133834e+01
3.688768219491283418e+01,1.174968188415320469e+01
3.690768791083166889e+01,1.225140700591998844e+01
3.692769362675049649e+01,1.208519409285750079e+01
3.694769934266933831e+01,1.079605826277473213e+01
3.696770505858816591e+01,1.185056157587365178e+01
3.698771077450700773e+01,1.147249510091180014e+01
3.700771649042583533e+01,1.182498027437430466e+01
3.702772220634467004e+01,1.086873659839760009e+01
3.704772792226350475e+01,1.046383232099561233e+01
3.706773363818233946e+01,1.045446157365410578e+01
3.708773935410117417e+01,1.051329102295170870e+01
3.710774507002000888e+01,1.041463156618044650e+01
3.712775078593884359e+01,1.008230322214656560e+01
3.714775650185767120e+01,1.050273710812548522e+01
3.716776221777651301e+01,1.029966531260316387e+01
3.718776793369534062e+01,9.790554890022852064e+00
3.720777364961417533e+01,1.015910983641292908e+01
3.722777936553301004e+01,1.054099485384735146e+01
3.724778508145184475e+01,1.019705829422112409e+01
3.726779079737067946e+01,9.311684955927880480e+00
3.728779651328951417e+01,9.151318649041666475e+00
3.730780222920834888e+01,9.690472989915559054e+00
3.732780794512717648e+01,9.168713143617633676e+00
3.734781366104601830e+01,9.790202154595984751e+00
3.736781937696484590e+01,1.040508969252642579e+01
3.738782509288368772e+01,1.003512241946876671e+01
3.740783080880251532e+01,9.653200158005844855e+00
3.742783652472135003e+01,9.486244369642632179e+00
3.744784224064018474e+01,9.575005517907788644e+00
3.746784795655901945e+01,9.547885986687891346e+00
3.748785367247785416e+01,9.527173701745317302e+00
3.750785938839668177e+01,9.178025566017304016e+00
3.752786510431552358e+01,8.975184283702580146e+00
3.754787082023435119e+01,8.897931095300133819e+00
3.756787653615319300e+01,8.484597946607534524e+00
3.758788225207202061e+01,8.655236772853658778e+00
3.760788796799085532e+01,7.353885964386980945e+00
3.762789368390969003e+01,7.221618740840024309e+00
3.764789939982852474e+01,8.340383929113464490e+00
3.766790511574735945e+01,7.348561987999052469e+00
3.768791083166618705e+01,7.160660061433853585e+00
3.770791654758502887e+01,7.218237636581808836e+00
3.772792226350385647e+01,7.349874298229109648e+00
3.774792797942269829e+01,7.687612373736589788e+00
3.776793369534152589e+01,7.630579736027337745e+00
3.778793941126036060e+01,6.481637287647484591e+00
3.780794512717919531e+01,6.499676701975565685e+00
3.782795084309803002e+01,6.867177119873105084e+00
3.784795655901686473e+01,6.743383030816284318e+00
3.786796227493569234e+01,7.497944057435400822e+00
3.788796799085453415e+01,6.966997093246115824e+00
3.790797370677336176e+01,7.571759376369866956e+00
3.792797942269220357e+01,7.213513420069808113e+00
3.794798513861103118e+01,7.501758254815833915e+00
3.796799085452986589e+01,7.796360086277377199e+00
3.798799657044870060e+01,8.926373533469709187e+00
3.800800228636753531e+01,8.404286823223895198e+00
3.802800800228637002e+01,8.812807446351623497e+00
3.804801371820520473e+01,9.702226300442044149e+00
3.806801943412403944e+01,9.137116042885313760e+00
3.808802515004286704e+01,9.193138481308988474e+00
3.810803086596170886e+01,1.080355212548229105e+01
3.812803658188053646e+01,9.665171861372574114e+00
3.814804229779937117e+01,1.009135202839430612e+01
3.816804801371820588e+01,1.040902533023621679e+01
3.818805372963704059e+01,1.113456375651376185e+01
3.820805944555587530e+01,1.036406455333363041e+01
3.822806516147471001e+01,1.058846512828281661e+01
3.824807087739354472e+01,1.061999677525732366e+01
3.826807659331237232e+01,9.813098045608622755e+00
3.828808230923121414e+01,1.035880595577562246e+01
3.830808802515004174e+01,9.939019583072340680e+00
3.832809374106888356e+01,9.671763471417712310e+00
3.834809945698771116e+01,1.002896838477481189e+01
3.836810517290654587e+01,9.412570240673872490e+00
3.838811088882538058e+01,9.802922215303290443e+00
3.840811660474421529e+01,8.514070885957520929e+00
3.842812232066305000e+01,9.857141128774946637e+00
3.844812803658187761e+01,8.342440519594410020e+00
3.846813375250071942e+01,9.350585720099838127e+00
3.848813946841954703e+01,8.551091430768762436e+00
3.850814518433838884e+01,9.778435545725200129e+00
3.852815090025721645e+01,9.926556891246399061e+00
3.854815661617605116e+01,8.949501932476040977e+00
3.856816233209488587e+01,9.117584440479109986e+00
3.858816804801372058e+01,9.628554108134082412e+00
3.860817376393255529e+01,1.028695758589636533e+01
3.862817947985138289e+01,1.088948908210522148e+01
3.864818519577022471e+01,1.143466480940645091e+01
3.866819091168905231e+01,1.046807433290087275e+01
3.868819662760789413e+01,1.207789742291870283e+01
3.870820234352672173e+01,1.258618229953484047e+01
3.872820805944555644e+01,1.271914045779547386e+01
3.874821377536439115e+01,1.339397591417740152e+01
3.876821949128322586e+01,1.420976518074879458e+01
3.878822520720206057e+01,1.396437468764773193e+01
3.880823092312088818e+01,1.470594659962806716e+01
3.882823663903972999e+01,1.543828393466432303e+01
3.884824235495855760e+01,1.634073098984435291e+01
3.886824807087739941e+01,1.721090303439062197e+01
3.888825378679622702e+01,1.725057006902628842e+01
3.890825950271506173e+01,1.744166648562809030e+01
3.892826521863389644e+01,1.771900249405941707e+01
3.894827093455273115e+01,1.871083901801976523e+01
3.896827665047156586e+01,1.911109665859250129e+01
3.898828236639040057e+01,1.920572264614070690e+01
3.900828808230923528e+01,1.985514108102852049e+01
3.902829379822806288e+01,2.092186579452313566e+01
3.904829951414690470e+01,2.072985529721704268e+01
3.906830523006573230e+01,1.978412152186015760e+01
3.908831094598456701e+01,2.013793579507402143e+01
3.910831666190340172e+01,2.135862655181036018e+01
3.912832237782223643e+01,2.061059580679749459e+01
3.914832809374107114e+01,2.120258615463711749e+01
3.916833380965990585e+01,2.117468183266585768e+01
3.918833952557874056e+01,2.144328364550433719e+01
3.920834524149756817e+01,2.075946489789492233e+01
3.922835095741640998e+01,2.265834858575306754e+01
3.924835667333523759e+01,2.164060706957121383e+01
3.926836238925407940e+01,2.265035094826819062e+01
3.928836810517290701e+01,2.429445179285717771e+01
3.930837382109174172e+01,2.486169520036148839e+01
3.932837953701057643e+01,2.411296119150550510e+01
3.934838525292941114e+01,2.576473010144293241e+01
3.936839096884824585e+01,2.581818601765763788e+01
3.938839668476707345e+01,2.620095200098040777e+01
3.940840240068591527e+01,2.652376504445271621e+01
3.942840811660474287e+01,2.774485685566512672e+01
3.944841383252358469e+01,2.665718471733790551e+01
3.946841954844241229e+01,2.677342183609859916e+01
3.948842526436124700e+01,2.515316708595844375e+01
3.950843098028008171e+01,2.465981754189217412e+01
3.952843669619891642e+01,2.402207162143325547e+01
3.954844241211775113e+01,2.334314740880369499e+01
3.956844812803657874e+01,2.184314966192462037e+01
3.958845384395542055e+01,1.989650080884223016e+01
3.960845955987424816e+01,1.894573883400337877e+01
3.962846527579308997e+01,1.798933836755709237e+01
3.964847099171191758e+01,1.525710941421857569e+01
3.966847670763075229e+01,1.438734201746093433e+01
3.968848242354958700e+01,1.274108678875482781e+01
3.970848813946842171e+01,1.144075899700792220e+01
3.972849385538725642e+01,1.071278112548808892e+01
3.974849957130608402e+01,9.421425775919162859e+00
3.976850528722492584e+01,9.155214746141473015e+00
3.978851100314375344e+01,8.680781035798213807e+00
3.980851671906259526e+01,8.215317095937233915e+00
3.982852243498142286e+01,6.973196295148596846e+00
3.984852815090025757e+01,7.370708480549192032e+00
3.986853386681909228e+01,7.407201648308609165e+00
3.988853958273792699e+01,6.702206770027727245e+00
3.990854529865676170e+01,7.611004586170022179e+00
3.992855101457559641e+01,6.703980096726900761e+00
3.994855673049443112e+01,6.568223893741728325e+00
3.996856244641325873e+01,6.706798310627455351e+00
3.998856816233210054e+01,7.182066999957774200e+00
4.000857387825092815e+01,7.606077873593154237e+00
4.002857959416976286e+01,8.206682241740544725e+00
4.004858531008859757e+01,8.379512054946278710e+00
4.006859102600743228e+01,8.544632399221676167e+00
4.008859674192626699e+01,8.107582012514505720e+00
4.010860245784510170e+01,8.982519683717782755e+00
4.012860817376393641e+01,8.941826678838333819e+00
4.014861388968276401e+01,8.473624240733842683e+00
4.016861960560160583e+01,8.457111863662781559e+00
4.018862532152043343e+01,9.159086780242411407e+00
4.020863103743927525e+01,8.486639151141552873e+00
4.022863675335810285e+01,8.896279197930846649e+00
4.024864246927693756e+01,8.884574082847022325e+00
4.026864818519577227e+01,9.184321163382843878e+00
4.028865390111460698e+01,8.923154859217683921e+00
4.030865961703344169e+01,8.254135883814543106e+00
4.032866533295226930e+01,7.620254574755302990e+00
4.034867104887111111e+01,7.958402411517131902e+00
4.036867676478993872e+01,6.815152804117811769e+00
4.038868248070878053e+01,7.153409388228542554e+00
4.040868819662760814e+01,6.143718812132035190e+00
4.042869391254644285e+01,5.854355693469821986e+00
4.044869962846527756e+01,6.230473190333579936e+00
4.046870534438411227e+01,4.779671097094034593e+00
4.048871106030294698e+01,5.395734124425469957e+00
4.050871677622177458e+01,4.808852068225934140e+00
4.052872249214061640e+01,6.018305774098786642e+00
4.054872820805944400e+01,6.216161907786864838e+00
4.056873392397828582e+01,5.743153049493606943e+00
4.058873963989711342e+01,6.554073457672556557e+00
4.060874535581594813e+01,6.746553778298891579e+00
4.062875107173478284e+01,5.933682959685456559e+00
4.064875678765361755e+01,7.294851844636776939e+00
4.066876250357245226e+01,7.252922126063761965e+00
4.068876821949127986e+01,6.643868597256722630e+00
4.070877393541012168e+01,8.112192044948695724e+00
4.072877965132894929e+01,7.711101218933977819e+00
4.074878536724779110e+01,7.781023861880301595e+00
4.076879108316661871e+01,8.463931285435158713e+00
4.078879679908545342e+01,9.314088669132923215e+00
4.080880251500428813e+01,8.951853513882632285e+00
4.082880823092312284e+01,8.960596362471950016e+00
4.084881394684195755e+01,8.967892296535527663e+00
4.086881966276079226e+01,8.711830759214457487e+00
4.088882537867962697e+01,9.652079053094865912e+00
4.090883109459845457e+01,8.928716506960901356e+00
4.092883681051729639e+01,9.633181313490291942e+00
4.094884252643612399e+01,9.327281887088172851e+00
4.096884824235495870e+01,9.418364720402674806e+00
4.098885395827379341e+01,9.055482186540931622e+00
4.100885967419262812e+01,9.651754471202675489e+00
4.102886539011146283e+01,9.169693213718375091e+00
4.104887110603029754e+01,9.457377875209701301e+00
4.106887682194913225e+01,9.635644664062194664e+00
4.108888253786795985e+01,9.867382401317339458e+00
4.110888825378680167e+01,9.389903312758601572e+00
4.112889396970562927e+01,9.336346081775729999e+00
4.114889968562447109e+01,9.217681948066708486e+00
4.116890540154329869e+01,9.933097569936544247e+00
4.118891111746213340e+01,9.904998260445303515e+00
4.120891683338096811e+01,9.978917202280690901e+00
4.122892254929980282e+01,9.764080772435573152e+00
4.124892826521863753e+01,1.074932996564218968e+01
4.126893398113746514e+01,1.013611201440411769e+01
4.128893969705630695e+01,1.034866473167959455e+01
4.130894541297513456e+01,9.771829689260099983e+00
4.132895112889397637e+01,1.006527362783602975e+01
4.134895684481280398e+01,1.090599352589237014e+01
4.136896256073163869e+01,9.292715413147293546e+00
4.138896827665047340e+01,9.954456079131373869e+00
4.140897399256930811e+01,9.409811379170594847e+00
4.142897970848814282e+01,9.077894716273846143e+00
4.144898542440697042e+01,9.002632411758348496e+00
4.146899114032581224e+01,8.745771160131337041e+00
4.148899685624463984e+01,9.041144028034992175e+00
4.150900257216348166e+01,7.493860111990951367e+00
4.152900828808230926e+01,7.911598961614736858e+00
4.154901400400114397e+01,7.614989150966667175e+00
4.156901971991997868e+01,7.863378152003963173e+00
4.158902543583881339e+01,7.907129099489969448e+00
4.160903115175764810e+01,7.159761432725060715e+00
4.162903686767647571e+01,6.807408643702812512e+00
4.164904258359531752e+01,8.113241794413077912e+00
4.166904829951414513e+01,7.695115708944843647e+00
4.168905401543298694e+01,7.249092814502590798e+00
4.170905973135181455e+01,8.570778339583789318e+00
4.172906544727064926e+01,7.587644498399811255e+00
4.174907116318948397e+01,8.843861109969704870e+00
4.176907687910831868e+01,9.016110447898924463e+00
4.178908259502715339e+01,9.136619943810931233e+00
4.180908831094598810e+01,9.773519433623839348e+00
4.182909402686482281e+01,1.064799817666737880e+01
4.184909974278365041e+01,1.113847798021958369e+01
4.186910545870249223e+01,1.189395050789104502e+01
4.188911117462131983e+01,1.144707743249392884e+01
4.190911689054015454e+01,1.215675045972981394e+01
4.192912260645898925e+01,1.225138729637764179e+01
4.194912832237782396e+01,1.303664843745613133e+01
4.196913403829665867e+01,1.427730642901288149e+01
4.198913975421549338e+01,1.357218093667297509e+01
4.200914547013432809e+01,1.408826127615106927e+01
4.202915118605316280e+01,1.433050659129955307e+01
4.204915690197199041e+01,1.403430004231408290e+01
4.206916261789082512e+01,1.472009687597040539e+01
4.208916833380965983e+01,1.503662837587522816e+01
4.210917404972849454e+01,1.387725181985385170e+01
4.212917976564732925e+01,1.435248710445663889e+01
4.214918548156616396e+01,1.482352466566692151e+01
4.216919119748499867e+01,1.420888746918125278e+01
4.218919691340383338e+01,1.383522051968543920e+01
4.220920262932266809e+01,1.318952962941661866e+01
4.222920834524150280e+01,1.397965556260120934e+01
4.224921406116033040e+01,1.359983301623586271e+01
4.226921977707916511e+01,1.202692612114091375e+01
4.228922549299799982e+01,1.219509939093262574e+01
4.230923120891683453e+01,1.190591809165180592e+01
4.232923692483566924e+01,1.146005322693302020e+01
4.234924264075450395e+01,1.148392605802374078e+01
4.236924835667333866e+01,1.075196446620267032e+01
4.238925407259217337e+01,1.099309435225976728e+01
4.240925978851100808e+01,1.091715282066932247e+01
4.242926550442983569e+01,1.070149131834394041e+01
4.244927122034867040e+01,1.092204997429138125e+01
4.246927693626750511e+01,1.117790253500508335e+01
4.248928265218633982e+01,1.128976674682309067e+01
4.250928836810517453e+01,1.079301234456991310e+01
4.252929408402400924e+01,1.097080339014405226e+01
4.254929979994284395e+01,1.083482180102164882e+01
4.256930551586167866e+01,1.072353028791199847e+01
4.258931123178051337e+01,1.091753274603642332e+01
4.260931694769934097e+01,1.031428719448363474e+01
4.262932266361817568e+01,9.891124185424432724e+00
4.264932837953701039e+01,9.859775194367845330e+00
4.266933409545584510e+01,9.494717386812887128e+00
4.268933981137467981e+01,1.039829527423931843e+01
4.270934552729351452e+01,9.856046337240769617e+00
4.272935124321234923e+01,9.556881750757566962e+00
4.274935695913118394e+01,9.599178169043057096e+00
4.276936267505001865e+01,9.409538513358651102e+00
4.278936839096885336e+01,9.629188357475584326e+00
4.280937410688768097e+01,1.060183019862968479e+01
4.282937982280651568e+01,1.060283793660497409e+01
4.284938553872535039e+01,9.989571773867002236e+00
4.286939125464418510e+01,1.002247614966376510e+01
4.288939697056301981e+01,1.085977226364175507e+01
4.290940268648185452e+01,1.041675774393041287e+01
4.292940840240068923e+01,1.043038332906916921e+01
4.294941411831952394e+01,1.100510754675829972e+01
4.296941983423835865e+01,1.079741239994522140e+01
4.298942555015718625e+01,1.066010233919177885e+01
4.300943126607602096e+01,1.084444692367147844e+01
4.302943698199485567e+01,1.067917450609355789e+01
4.304944269791369038e+01,1.045145032924007289e+01
4.306944841383252509e+01,1.039923372369531229e+01
4.308945412975135980e+01,1.079431571810338575e+01
4.310945984567019451e+01,1.006906274020063385e+01
4.312946556158902922e+01,8.548667313294256331e+00
4.314947127750786393e+01,8.380986050703263857e+00
4.316947699342669864e+01,8.340417860079497814e+00
4.318948270934552625e+01,7.853473966430957631e+00
4.320948842526436096e+01,7.611927204589314933e+00
4.322949414118319567e+01,7.055094829500978548e+00
4.324949985710203038e+01,6.076247872095787983e+00
4.326950557302086509e+01,6.460119594794028863e+00
4.328951128893969980e+01,6.281656075434408848e+00
4.330951700485853451e+01,5.711027276914563799e+00
4.332952272077736922e+01,5.114658808873744356e+00
4.334952843669620393e+01,5.361373511533148672e+00
4.336953415261503153e+01,5.430298565678813638e+00
4.338953986853386624e+01,6.435762989510871890e+00
4.340954558445270095e+01,6.129249531063841516e+00
4.342955130037153566e+01,5.440069240709201281e+00
4.344955701629037037e+01,6.840280857258322911e+00
4.346956273220920508e+01,6.638235823428363602e+00
4.348956844812803979e+01,7.772021919770669918e+00
4.350957416404687450e+01,7.371256072322129427e+00
4.352957987996570921e+01,7.463699481735756258e+00
4.354958559588453681e+01,8.161672400312236064e+00
4.356959131180337153e+01,8.291251963720794649e+00
4.358959702772220624e+01,8.917798107099393690e+00
4.360960274364104095e+01,9.426595522037615638e+00
4.362960845955987566e+01,8.897510383363846032e+00
4.364961417547871037e+01,1.016475687951053786e+01
4.366961989139754508e+01,1.032220763592013313e+01
4.368962560731637979e+01,1.010816731872629859e+01
4.370963132323521450e+01,9.977585832610403216e+00
4.372963703915404921e+01,9.657721049175620465e+00
4.374964275507287681e+01,9.982947906452700693e+00
4.376964847099171152e+01,9.094083108332572607e+00
4.378965418691054623e+01,7.563186123840780262e+00
4.380965990282938094e+01,7.917058436377159225e+00
4.382966561874821565e+01,7.477247486313457259e+00
4.384967133466705036e+01,6.164903580766806890e+00
4.386967705058588507e+01,6.298835370414495038e+00
4.388968276650471978e+01,5.827003116278668848e+00
4.390968848242355449e+01,5.320832328611658113e+00
4.392969419834238209e+01,4.902933274510593797e+00
4.394969991426121680e+01,4.822322664536686787e+00
4.396970563018005151e+01,4.917825147259440755e+00
4.398971134609888622e+01,4.071890827455713513e+00
4.400971706201772093e+01,4.320729383398116852e+00
4.402972277793655564e+01,5.090117427662038452e+00
4.404972849385539035e+01,5.054306550352373861e+00
4.406973420977422506e+01,4.171747764388504365e+00
4.408973992569305977e+01,4.784080231425802410e+00
4.410974564161189448e+01,4.312415166084276663e+00
4.412975135753072209e+01,4.328281768780955829e+00
4.414975707344955680e+01,5.012208609391846537e+00
4.416976278936839151e+01,5.203446050771018960e+00
4.418976850528722622e+01,4.515809625433216290e+00
4.420977422120606093e+01,4.188682387313802380e+00
4.422977993712489564e+01,4.103366448182494963e+00
4.424978565304373035e+01,4.397875785593140741e+00
4.426979136896256506e+01,5.231389201223556995e+00
4.428979708488139977e+01,5.360282254464816987e+00
4.430980280080022737e+01,5.461016061651331910e+00
4.432980851671906208e+01,5.119999656969237201e+00
4.434981423263789679e+01,5.057352269566434799e+00
4.436981994855673150e+01,5.950897990181699626e+00
4.438982566447556621e+01,5.469523218004233023e+00
4.440983138039440092e+01,5.837915725183068005e+00
4.442983709631323563e+01,5.479254762291247971e+00
4.444984281223207034e+01,6.018554959495263645e+00
4.446984852815090505e+01,5.796242435986057373e+00
4.448985424406973266e+01,5.730344737546239742e+00
4.450985995998856737e+01,5.240362339795195723e+00
4.452986567590740208e+01,6.502812831986336306e+00
4.454987139182623679e+01,5.984641682868807600e+00
4.456987710774507150e+01,5.748610469185683414e+00
4.458988282366390621e+01,6.433320254375509251e+00
4.460988853958274092e+01,5.838985467447881383e+00
4.462989425550157563e+01,6.921341036882518338e+00
4.464989997142041034e+01,6.159235063180723557e+00
4.466990568733924505e+01,6.180045428365900761e+00
4.468991140325807265e+01,6.205206099042191781e+00
4.470991711917690736e+01,6.273610076363572929e+00
4.472992283509574207e+01,5.799500372886732258e+00
4.474992855101457678e+01,6.584904307254722866e+00
4.476993426693341149e+01,6.340619912080328824e+00
4.478993998285224620e+01,5.850002933981768294e+00
4.480994569877108091e+01,5.868251540150469125e+00
4.482995141468991562e+01,6.854322169968543044e+00
4.484995713060875033e+01,6.927580726722106341e+00
4.486996284652757794e+01,6.966712314790376226e+00
4.488996856244641265e+01,6.513170271497744857e+00
4.490997427836524736e+01,5.929655864379654417e+00
4.492997999428408207e+01,6.851282433649832804e+00
4.494998571020291678e+01,5.916089647467183354e+00
4.496999142612175149e+01,5.376251385332490251e+00
4.498999714204058620e+01,5.821099774235467095e+00
4.501000285795942091e+01,5.616213552327347536e+00
4.503000857387825562e+01,4.991186622659550487e+00
4.505001428979709033e+01,5.213291010358490851e+00
4.507002000571591793e+01,4.515655922948736745e+00
4.509002572163475264e+01,3.721012494451661823e+00
4.511003143755358735e+01,3.972951925379203164e+00
4.513003715347242206e+01,3.519143645517607943e+00
4.515004286939125677e+01,2.433320977870829793e+00
4.517004858531009148e+01,3.065796505766274826e+00
4.519005430122892619e+01,2.947986000754245328e+00
4.521006001714776090e+01,2.579825490407756661e+00
4.523006573306659561e+01,3.468147553410226180e+00
4.525007144898542322e+01,3.116664704948434839e+00
4.527007716490425793e+01,3.139255422827790021e+00
4.529008288082309264e+01,3.045675722057688883e+00
4.531008859674192735e+01,3.139346634418819004e+00
4.533009431266076206e+01,2.862170320713190552e+00
4.535010002857959677e+01,3.537508958788494251e+00
4.537010574449843148e+01,3.422159860174604162e+00
4.539011146041726619e+01,3.265793815874973305e+00
4.541011717633610090e+01,4.233680004391174201e+00
4.543012289225492850e+01,4.377994013311657717e+00
4.545012860817376321e+01,4.455044013210733844e+00
4.547013432409259792e+01,3.577155115153074938e+00
4.549014004001143263e+01,4.155668930245197679e+00
4.551014575593026734e+01,4.948972347703664454e+00
4.553015147184910205e+01,5.141341582817435807e+00
4.555015718776793676e+01,5.669774173447210686e+00
4.557016290368677147e+01,5.153110394688779294e+00
4.559016861960560618e+01,5.924859003795176271e+00
4.561017433552444089e+01,5.738914456320266311e+00
4.563018005144326850e+01,5.711123838371191752e+00
4.565018576736210321e+01,6.556407140305943848e+00
4.567019148328093792e+01,6.478742810713986167e+00
4.569019719919977263e+01,6.351628489854259207e+00
4.571020291511860734e+01,7.125364920068884445e+00
4.573020863103744205e+01,7.029855292776113984e+00
4.575021434695627676e+01,7.253221636664895833e+00
4.577022006287511147e+01,6.949024857346247863e+00
4.579022577879394618e+01,6.645376766298083382e+00
4.581023149471277378e+01,6.438335583326239231e+00
4.583023721063160849e+01,6.726840925072206545e+00
4.585024292655044320e+01,6.969954650255867357e+00
4.587024864246927791e+01,5.916417818970186815e+00
4.589025435838811262e+01,5.926827754763708711e+00
4.591026007430694733e+01,6.678143785496013507e+00
4.593026579022578204e+01,6.517576255127657703e+00
4.595027150614461675e+01,5.785442083936303881e+00
4.597027722206345146e+01,6.535795638146161046e+00
4.599028293798228617e+01,6.529786905992569501e+00
4.601028865390111378e+01,6.675403144929873633e+00
4.603029436981994849e+01,7.843275288131834166e+00
4.605030008573878320e+01,7.352685822141324934e+00
4.607030580165761791e+01,7.293137978486671003e+00
4.609031151757645262e+01,8.474753996531106282e+00
4.611031723349528733e+01,8.670921754141197368e+00
4.613032294941412204e+01,9.627372954366521185e+00
4.615032866533295675e+01,9.153077695478980758e+00
4.617033438125179146e+01,9.563617147481711100e+00
4.619034009717061906e+01,9.687443822692983986e+00
4.621034581308945377e+01,1.029422687848376405e+01
4.623035152900828848e+01,9.967474510883217675e+00
4.625035724492712319e+01,1.072427125546542470e+01
4.627036296084595790e+01,9.992226187567272433e+00
4.629036867676479261e+01,1.043031220603972287e+01
4.631037439268362732e+01,1.052663363400892038e+01
4.633038010860246203e+01,1.035938876958805110e+01
4.635038582452129674e+01,1.044897653783429625e+01
4.637039154044012434e+01,1.064690064401773384e+01
4.639039725635895905e+01,1.085212113498243625e+01
4.641040297227779376e+01,1.077977780493011295e+01
4.643040868819662847e+01,1.029954451859587294e+01
4.645041440411546319e+01,1.065480902268342156e+01
4.647042012003429790e+01,1.121574530238697420e+01
4.649042583595313261e+01,1.128671499193801253e+01
4.651043155187196732e+01,1.118080090999059095e+01
4.653043726779080203e+01,1.201523254693454845e+01
4.655044298370963674e+01,1.221365908017586399e+01
4.657044869962846434e+01,1.275993662941022144e+01
4.659045441554729905e+01,1.158421371804137223e+01
4.661046013146613376e+01,1.163849342142760790e+01
4.663046584738496847e+01,1.274509813161861160e+01
4.665047156330380318e+01,1.226716464769460124e+01
4.667047727922263789e+01,1.222559516666936119e+01
4.669048299514147260e+01,1.167285745445093781e+01
4.671048871106030731e+01,1.176151358277498815e+01
4.673049442697914202e+01,1.199050701800151764e+01
4.675050014289796962e+01,1.074310351673448416e+01
4.677050585881680433e+01,1.084415703435028533e+01
4.679051157473563904e+01,1.084790000266812093e+01
4.681051729065447375e+01,1.050616877316911157e+01
4.683052300657330846e+01,1.057446525888801858e+01
4.685052872249214317e+01,1.009183928294091004e+01
4.687053443841097788e+01,1.066891525688480158e+01
4.689054015432981259e+01,1.005020903701054458e+01
4.691054587024864730e+01,1.018562612714079663e+01
4.693055158616748201e+01,1.002364230439024162e+01
4.695055730208630962e+01,9.599852783854817773e+00
4.697056301800514433e+01,9.761701680121337432e+00
4.699056873392397904e+01,9.253554825680517126e+00
4.701057444984281375e+01,1.021713601130858251e+01
4.703058016576164846e+01,9.154735196133028552e+00
4.705058588168048317e+01,8.726564083685945050e+00
4.707059159759931788e+01,9.911365836636514715e+00
4.709059731351815259e+01,9.330653531860793493e+00
4.711060302943698730e+01,9.804285747188830058e+00
4.713060874535581490e+01,9.013832105144231832e+00
4.715061446127464961e+01,8.673090949657998650e+00
4.717062017719348432e+01,9.351332218657962159e+00
4.719062589311231903e+01,9.490201384376007354e+00
4.721063160903115374e+01,9.927796227125298856e+00
4.723063732494998845e+01,9.264384886607384573e+00
4.725064304086882316e+01,9.322127540664869372e+00
4.727064875678765787e+01,9.391327538741599312e+00
4.729065447270649258e+01,9.858884963714382721e+00
4.731066018862532019e+01,9.684785213545357152e+00
4.733066590454415490e+01,1.042049767346987466e+01
4.735067162046298961e+01,1.095214882331088546e+01
4.737067733638182432e+01,1.217851210777204152e+01
4.739068305230065903e+01,1.086540240974813543e+01
4.741068876821949374e+01,1.210981247660240179e+01
4.743069448413832845e+01,1.241677222368527289e+01
4.745070020005716316e+01,1.243972497191091797e+01
4.747070591597599787e+01,1.206129892734556108e+01
4.749071163189483258e+01,1.224848607509610332e+01
4.751071734781366018e+01,1.251967972031176402e+01
4.753072306373249489e+01,1.228367942465092355e+01
4.755072877965132960e+01,1.247360126571068761e+01
4.757073449557016431e+01,1.254238429464573912e+01
4.759074021148899902e+01,1.176236211683703203e+01
4.761074592740783373e+01,1.155760178706282026e+01
4.763075164332666844e+01,1.158889957221368405e+01
4.765075735924550315e+01,1.144611697508948822e+01
4.767076307516433786e+01,1.038046914476585414e+01
4.769076879108316547e+01,9.239910478563547969e+00
4.771077450700200018e+01,9.126773073118400248e+00
4.773078022292083489e+01,8.911704289106065602e+00
4.775078593883966960e+01,7.928543196222738842e+00
4.777079165475850431e+01,7.785842348779589805e+00
4.779079737067733902e+01,6.939863894824864765e+00
4.781080308659617373e+01,7.128843514156033123e+00
4.783080880251500844e+01,6.522883495949425736e+00
4.785081451843384315e+01,5.210039342241897131e+00
4.787082023435267075e+01,5.165232645101653475e+00
4.789082595027150546e+01,4.657840533408283967e+00
4.791083166619034017e+01,4.101616333463169894e+00
4.793083738210917488e+01,3.588367382296494768e+00
4.795084309802800959e+01,4.122667836595478086e+00
4.797084881394684430e+01,3.420592931033733741e+00
4.799085452986567901e+01,3.584231761966665708e+00
4.801086024578451372e+01,3.453274405942133640e+00
4.803086596170334843e+01,2.993629143031730777e+00
4.805087167762218314e+01,3.099776277651078438e+00
4.807087739354101075e+01,3.164546355427776181e+00
4.809088310945984546e+01,3.007096786643434605e+00
4.811088882537868017e+01,3.115462651659949955e+00
4.813089454129751488e+01,3.911665609921897158e+00
4.815090025721634959e+01,3.053449765966875340e+00
4.817090597313518430e+01,2.779921893905389574e+00
4.819091168905401901e+01,3.197135496424219347e+00
4.821091740497285372e+01,3.526836551003609710e+00
4.823092312089168843e+01,4.369411413123641452e+00
4.825092883681051603e+01,3.422473751158056299e+00
4.827093455272935074e+01,4.261735119298881713e+00
4.829094026864818545e+01,3.770863149114889179e+00
4.831094598456702016e+01,4.459914830347676329e+00
4.833095170048585487e+01,4.515046624190523161e+00
4.835095741640468958e+01,4.396571221995921874e+00
4.837096313232352429e+01,4.185575630013369519e+00
4.839096884824235900e+01,5.358030144008107953e+00
4.841097456416119371e+01,4.949630182656802546e+00
4.843098028008002842e+01,4.341642311269376719e+00
4.845098599599885603e+01,5.296368804016879928e+00
4.847099171191769074e+01,4.935740981027111118e+00
4.849099742783652545e+01,4.903627264018192378e+00
4.851100314375536016e+01,4.258613142261121531e+00
4.853100885967419487e+01,3.937379353791552905e+00
4.855101457559302958e+01,3.460403839047647701e+00
4.857102029151186429e+01,3.676744339571286435e+00
4.859102600743069900e+01,3.690803230493176823e+00
4.861103172334953371e+01,3.210668517931787314e+00
4.863103743926836131e+01,2.861445605110140455e+00
4.865104315518719602e+01,4.087263767953410287e+00
4.867104887110603073e+01,3.132621966436804684e+00
4.869105458702486544e+01,2.862112587198340385e+00
4.871106030294370015e+01,3.361497211895437154e+00
4.873106601886253486e+01,3.766135194117360196e+00
4.875107173478136957e+01,3.906009948292556544e+00
4.877107745070020428e+01,3.974095351655600794e+00
4.879108316661903899e+01,3.841121462512219420e+00
4.881108888253786660e+01,4.022015076177567927e+00
4.883109459845670131e+01,4.238274936891158085e+00
4.885110031437553602e+01,3.844819114556586648e+00
4.887110603029437073e+01,4.613934295781954908e+00
4.889111174621320544e+01,5.438510028066961155e+00
4.891111746213204015e+01,5.356766411425537555e+00
4.893112317805087486e+01,5.847103242398870471e+00
4.895112889396970957e+01,5.587157675287830472e+00
4.897113460988854428e+01,5.790629652272889949e+00
4.899114032580737899e+01,5.969972847290377693e+00
4.901114604172620659e+01,6.853102875744994549e+00
4.903115175764504130e+01,6.843244120165465461e+00
4.905115747356387601e+01,6.791682652443205015e+00
4.907116318948271072e+01,6.637261736790087241e+00
4.909116890540154543e+01,7.257750056530314353e+00
4.911117462132038014e+01,6.804758377549457116e+00
4.913118033723921485e+01,7.385145460776818993e+00
4.915118605315804956e+01,7.146766797162788620e+00
4.917119176907688427e+01,6.784002306811604655e+00
4.919119748499571187e+01,6.332299895037849069e+00
4.921120320091454658e+01,7.050105702551990206e+00
4.923120891683338129e+01,6.266143553096745755e+00
4.925121463275221600e+01,6.435833805617500403e+00
4.927122034867105071e+01,5.658580605929113716e+00
4.929122606458988542e+01,6.412396210233403337e+00
4.931123178050872014e+01,5.337846934529991039e+00
4.933123749642755485e+01,5.761686081641360424e+00
4.935124321234638956e+01,5.682165339611746191e+00
4.937124892826522427e+01,5.157317476523779476e+00
4.939125464418405187e+01,5.572074041033344471e+00
4.941126036010288658e+01,5.240653883225697030e+00
4.943126607602172129e+01,5.738546212251832479e+00
4.945127179194055600e+01,6.025504776091276327e+00
4.947127750785939071e+01,6.579858710429135726e+00
4.949128322377822542e+01,5.751779899017325448e+00
4.951128893969706013e+01,5.856868304477348630e+00
4.953129465561589484e+01,6.373377004289599412e+00
4.955130037153472955e+01,6.042930078528321758e+00
4.957130608745355715e+01,7.028416510945320717e+00
4.959131180337239186e+01,6.893303825893305259e+00
4.961131751929122657e+01,7.098670804776253007e+00
4.963132323521006128e+01,7.497532228295583856e+00
4.965132895112889599e+01,8.204434835777624002e+00
4.967133466704773070e+01,8.600923089711077552e+00
4.969134038296656541e+01,7.826541318942977554e+00
4.971134609888540012e+01,7.668480860368926066e+00
4.973135181480423483e+01,8.173638040673704808e+00
4.975135753072306244e+01,7.312178679632321376e+00
4.977136324664189715e+01,8.028634264296622192e+00
4.979136896256073186e+01,7.035179017272357171e+00
4.981137467847956657e+01,7.229926157861969571e+00
4.983138039439840128e+01,6.184883611885586774e+00
4.985138611031723599e+01,6.361088333969207476e+00
4.987139182623607070e+01,5.498545204266318542e+00
4.989139754215490541e+01,5.260975873811347903e+00
4.991140325807374012e+01,5.729277729767686900e+00
4.993140897399257483e+01,5.490007247404353308e+00
4.995141468991140243e+01,6.314116511324629144e+00
4.997142040583023714e+01,5.776551712778722703e+00
4.999142612174907185e+01,5.554294412145434734e+00
5.001143183766790656e+01,5.820670821207906798e+00
5.003143755358674127e+01,5.372629784333096126e+00
5.005144326950557598e+01,6.035118863207845408e+00
5.007144898542441069e+01,6.654482191372340871e+00
5.009145470134324540e+01,6.385597409588706697e+00
5.011146041726208011e+01,7.068082017449542676e+00
5.013146613318090772e+01,6.313081446005146091e+00
5.015147184909974243e+01,7.194389311940202703e+00
5.017147756501857714e+01,6.253871017966140755e+00
5.019148328093741185e+01,6.392379248421956817e+00
5.021148899685624656e+01,7.220121029592215578e+00
5.023149471277508127e+01,6.780491759482507597e+00
5.025150042869391598e+01,6.104113435081952588e+00
5.027150614461275069e+01,6.264902241616299605e+00
5.029151186053158540e+01,6.725104341398765229e+00
5.031151757645042011e+01,7.404928944073716934e+00
5.033152329236924771e+01,6.926042446673700503e+00
5.035152900828808242e+01,6.503632314467099107e+00
5.037153472420691713e+01,6.942250272829394220e+00
5.039154044012575184e+01,6.097552256242064317e+00
5.041154615604458655e+01,6.532889452562571364e+00
5.043155187196342126e+01,7.418258072727390129e+00
5.045155758788225597e+01,6.473252891173991941e+00
5.047156330380109068e+01,6.107124178194078823e+00
5.049156901971992539e+01,6.133721602652172145e+00
5.051157473563875300e+01,6.726350014179715231e+00
5.053158045155758771e+01,6.532698869726861091e+00
5.055158616747642242e+01,7.137892485713335233e+00
5.057159188339525713e+01,7.074824354478025157e+00
5.059159759931409184e+01,6.732694562237179881e+00
5.061160331523292655e+01,6.672785652405192280e+00
5.063160903115176126e+01,6.864128757894225608e+00
5.065161474707059597e+01,7.873334143929512585e+00
5.067162046298943068e+01,7.497109788876334058e+00
5.069162617890825828e+01,8.101554641868119688e+00
5.071163189482709299e+01,7.999612701750432819e+00
5.073163761074592770e+01,9.019606016281548122e+00
5.075164332666476241e+01,9.478000746184426006e+00
5.077164904258359712e+01,9.883113167808851074e+00
5.079165475850243183e+01,9.457762652040559104e+00
5.081166047442126654e+01,1.105081420171529949e+01
5.083166619034010125e+01,1.150627995890620880e+01
5.085167190625893596e+01,1.164201088217617475e+01
5.087167762217777067e+01,1.242910496550211263e+01
5.089168333809659828e+01,1.299397167725227753e+01
5.091168905401543299e+01,1.347783255760251286e+01
5.093169476993426770e+01,1.413959391551385814e+01
5.095170048585310241e+01,1.396442739620489704e+01
5.097170620177193712e+01,1.376088183599806669e+01
5.099171191769077183e+01,1.428893567936584930e+01
5.101171763360960654e+01,1.482709317727966258e+01
5.103172334952844125e+01,1.336664611520793855e+01
5.105172906544727596e+01,1.408799956343174031e+01
5.107173478136610356e+01,1.324645120689973687e+01
5.109174049728493827e+01,1.411135061334575269e+01
5.111174621320377298e+01,1.308892610971598458e+01
5.113175192912260769e+01,1.323800916021885854e+01
5.115175764504144240e+01,1.327790918948498700e+01
5.117176336096027711e+01,1.221844711720748222e+01
5.119176907687911182e+01,1.211011417012200120e+01
5.121177479279794653e+01,1.253586932594423331e+01
5.123178050871678124e+01,1.155434411545606466e+01
5.125178622463561595e+01,1.105830955351540723e+01
5.127179194055444356e+01,1.104103840049131868e+01
5.129179765647327827e+01,1.199015595394916645e+01
5.131180337239211298e+01,1.172157603389986846e+01
5.133180908831094769e+01,1.174283490447822942e+01
5.135181480422978240e+01,1.218940865690876407e+01
5.137182052014861711e+01,1.304485302644823008e+01
5.139182623606745182e+01,1.242985891499090734e+01
5.141183195198628653e+01,1.298475041566319277e+01
5.143183766790512124e+01,1.291754157021637894e+01
5.145184338382394884e+01,1.404624021267582634e+01
5.147184909974278355e+01,1.460062644373281415e+01
5.149185481566161826e+01,1.445507970651151375e+01
5.151186053158045297e+01,1.564919544394090423e+01
5.153186624749928768e+01,1.592860879538444863e+01
5.155187196341812239e+01,1.581131844405904907e+01
5.157187767933695710e+01,1.597843027890893097e+01
5.159188339525579181e+01,1.670564869523483864e+01
5.161188911117462652e+01,1.756354062134574434e+01
5.163189482709345413e+01,1.711985651520629403e+01
5.165190054301228884e+01,1.776347477770887906e+01
5.167190625893112355e+01,1.823317808212485858e+01
5.169191197484995826e+01,1.866173562537790787e+01
5.171191769076879297e+01,1.838587150334169706e+01
5.173192340668762768e+01,1.807028227276592958e+01
5.175192912260646239e+01,1.883801656361754695e+01
5.177193483852529710e+01,1.814217929013559072e+01
5.179194055444413181e+01,1.880443047170569315e+01
5.181194627036296652e+01,1.877229492401772859e+01
5.183195198628179412e+01,1.887182623927472491e+01
5.185195770220062883e+01,1.871336907009960626e+01
5.187196341811946354e+01,1.932883399973552585e+01
5.189196913403829825e+01,1.957189231101612137e+01
5.191197484995713296e+01,1.939806160322382311e+01
5.193198056587596767e+01,1.948247320450084885e+01
5.195198628179480238e+01,1.811834776770353983e+01
5.197199199771363709e+01,1.812581294328601444e+01
5.199199771363247180e+01,1.766095244867560865e+01
5.201200342955129940e+01,1.690288837528980537e+01
5.203200914547013411e+01,1.622986887802444755e+01
5.205201486138896882e+01,1.526026874436806047e+01
5.207202057730780353e+01,1.436383230495856367e+01
5.209202629322663824e+01,1.283916894834026046e+01
5.211203200914547295e+01,1.268130445818217389e+01
5.213203772506430766e+01,1.158220776839508304e+01
5.215204344098314237e+01,1.103660130662099803e+01
5.217204915690197708e+01,1.038075701199593937e+01
5.219205487282081180e+01,1.069548717613528233e+01
5.221206058873963940e+01,9.576461240279121157e+00
5.223206630465847411e+01,9.935634003728432972e+00
5.225207202057730882e+01,9.754947000545215019e+00
5.227207773649614353e+01,9.217471578174261992e+00
5.229208345241497824e+01,8.343362093445394478e+00
5.231208916833381295e+01,8.995359976627494092e+00
5.233209488425264766e+01,8.026454301070128139e+00
5.235210060017148237e+01,8.447971152123271210e+00
5.237210631609031708e+01,8.382575865637187817e+00
5.239211203200914468e+01,8.334877820546541471e+00
5.241211774792797939e+01,7.851778323446116481e+00
5.243212346384681410e+01,8.828606473080316874e+00
5.245212917976564881e+01,7.748275442123087942e+00
5.247213489568448352e+01,8.122503669153818606e+00
5.249214061160331823e+01,8.275588734857981521e+00
5.251214632752215294e+01,8.207806648418255691e+00
5.253215204344098765e+01,8.034035448004464897e+00
5.255215775935982236e+01,7.780799285473503524e+00
5.257216347527864997e+01,8.247085221687347811e+00
5.259216919119748468e+01,8.179011266674951486e+00
5.261217490711631939e+01,7.457030839086018936e+00
5.263218062303515410e+01,7.148099726690205991e+00
5.265218633895398881e+01,7.694182422839700664e+00
5.267219205487282352e+01,7.427610878474684597e+00
5.269219777079165823e+01,7.368788875253050819e+00
5.271220348671049294e+01,7.011618247113914570e+00
5.273220920262932765e+01,7.456888445779656038e+00
5.275221491854816236e+01,7.736488124586497150e+00
5.277222063446698996e+01,7.906926922147812675e+00
5.279222635038582467e+01,7.126929238341294770e+00
5.281223206630465938e+01,8.394147343218326895e+00
5.283223778222349409e+01,7.077769004642957995e+00
5.285224349814232880e+01,7.723336200696280684e+00
5.287224921406116351e+01,7.222132012543347024e+00
5.289225492997999822e+01,8.106626582843064810e+00
5.291226064589883293e+01,7.159729714966220016e+00
5.293226636181766764e+01,7.396401899687484516e+00
5.295227207773649525e+01,7.088864665931042808e+00
5.297227779365532996e+01,6.736757432936083312e+00
5.299228350957416467e+01,7.060447314691675302e+00
5.301228922549299938e+01,7.951131320660820734e+00
5.303229494141183409e+01,7.248630997046625168e+00
5.305230065733066880e+01,7.507844897047480259e+00
5.307230637324950351e+01,7.132326665773381258e+00
5.309231208916833822e+01,7.616295254463127051e+00
5.311231780508717293e+01,8.358493493879269209e+00
5.313232352100600764e+01,8.905073451388677341e+00
5.315232923692483524e+01,8.594627871746460812e+00
5.317233495284366995e+01,9.194219643705878298e+00
5.319234066876250466e+01,9.204275067389264819e+00
5.321234638468133937e+01,1.032667687910682375e+01
5.323235210060017408e+01,9.467598470106661779e+00
5.325235781651900879e+01,1.085321897349536258e+01
5.327236353243784350e+01,1.142642661001209348e+01
5.329236924835667821e+01,1.115189171287132375e+01
5.331237496427551292e+01,1.185211883580059755e+01
5.333238068019434053e+01,1.275115658634014792e+01
5.335238639611317524e+01,1.259804421180274936e+01
5.337239211203200995e+01,1.348982580402991793e+01
5.339239782795084466e+01,1.327830534043349431e+01
5.341240354386967937e+01,1.351769512788266780e+01
5.343240925978851408e+01,1.371162540469902424e+01
5.345241497570734879e+01,1.437792126133026116e+01
5.347242069162618350e+01,1.461992157310769080e+01
5.349242640754501821e+01,1.345835164512371129e+01
5.351243212346384581e+01,1.358903779108346654e+01
5.353243783938268052e+01,1.291951651539432255e+01
5.355244355530151523e+01,1.247917242245303981e+01
5.357244927122034994e+01,1.363180548462525365e+01
5.359245498713918465e+01,1.283728146172322404e+01
5.361246070305801936e+01,1.182996389216193123e+01
5.363246641897685407e+01,1.279738204490827513e+01
5.365247213489568878e+01,1.182409430763003222e+01
5.367247785081452349e+01,1.125835945482218037e+01
5.369248356673335820e+01,1.181955130946851185e+01
5.371248928265218581e+01,1.205575581674784935e+01
5.373249499857102052e+01,1.214331955250301931e+01
5.375250071448985523e+01,1.180303794990112820e+01
5.377250643040868994e+01,1.266142484904999321e+01
5.379251214632752465e+01,1.306704492453203414e+01
5.381251786224635936e+01,1.385178725265729049e+01
5.383252357816519407e+01,1.364688462944730674e+01
5.385252929408402878e+01,1.503086024742939131e+01
5.387253501000286349e+01,1.605869338859156414e+01
5.389254072592169109e+01,1.653746307033063090e+01
5.391254644184052580e+01,1.760009627577456826e+01
5.393255215775936051e+01,1.833790825443344374e+01
5.395255787367819522e+01,1.899489781774443387e+01
5.397256358959702993e+01,2.008368460932040733e+01
5.399256930551586464e+01,2.084038377753722671e+01
5.401257502143469935e+01,2.062551547041620381e+01
5.403258073735353406e+01,2.188224462186639840e+01
5.405258645327236877e+01,2.214090067890783331e+01
5.407259216919120348e+01,2.306714585448915855e+01
5.409259788511003109e+01,2.273260380387698731e+01
5.411260360102886580e+01,2.264294638668447490e+01
5.413260931694770051e+01,2.130111510577133060e+01
5.415261503286653522e+01,2.110921814967784016e+01
5.417262074878536993e+01,1.967427457028430027e+01
5.419262646470420464e+01,1.959589345537524707e+01
5.421263218062303935e+01,1.854515313584482428e+01
5.423263789654187406e+01,1.810019597124955482e+01
5.425264361246070877e+01,1.708660778218278153e+01
5.427264932837953637e+01,1.638876797994969792e+01
5.429265504429837108e+01,1.473853713255745390e+01
5.431266076021720579e+01,1.458422541431465547e+01
5.433266647613604050e+01,1.363042051538192467e+01
5.435267219205487521e+01,1.323637285924660745e+01
5.437267790797370992e+01,1.362171794190308916e+01
5.439268362389254463e+01,1.257360874634606418e+01
5.441268933981137934e+01,1.172618334248748084e+01
5.443269505573021405e+01,1.166336473239277538e+01
5.445270077164904166e+01,1.119845935558337224e+01
5.447270648756787637e+01,1.059553440658246970e+01
5.449271220348671108e+01,1.094603503437405401e+01
5.451271791940554579e+01,9.752085645339036546e+00
5.453272363532438050e+01,1.001604158206364126e+01
5.455272935124321521e+01,1.009552596872929975e+01
5.457273506716204992e+01,8.459054734625787830e+00
5.459274078308088463e+01,9.244161858502891960e+00
5.461274649899971934e+01,8.775756140244180159e+00
5.463275221491855405e+01,8.679947925832042444e+00
5.465275793083738165e+01,8.750984391691876141e+00
5.467276364675621636e+01,8.002240962865714735e+00
5.469276936267505107e+01,8.005770029838478408e+00
5.471277507859388578e+01,8.679180573021085365e+00
5.473278079451272049e+01,8.051677104629970216e+00
5.475278651043155520e+01,8.104457157772891662e+00
5.477279222635038991e+01,7.573689459065311880e+00
5.479279794226922462e+01,8.188305135470347551e+00
5.481280365818805933e+01,8.041090186091974346e+00
5.483280937410688693e+01,8.061115256996256306e+00
5.485281509002572164e+01,8.478061234394594692e+00
5.487282080594455635e+01,7.806949357462426242e+00
5.489282652186339106e+01,6.850988994232480422e+00
5.491283223778222577e+01,7.355205084664447668e+00
5.493283795370106048e+01,6.986104645184267881e+00
5.495284366961989519e+01,7.265550151403953549e+00
5.497284938553872990e+01,8.163652696113359752e+00
5.499285510145756461e+01,7.847725748302870841e+00
5.501286081737639222e+01,8.023242116419954328e+00
5.503286653329522693e+01,8.174328921838835527e+00
5.505287224921406164e+01,7.428584225203978875e+00
5.507287796513289635e+01,8.403202078581353263e+00
5.509288368105173106e+01,9.407173200444834293e+00
5.511288939697056577e+01,1.021742059326432184e+01
5.513289511288940048e+01,1.081848921787703688e+01
5.515290082880823519e+01,1.124671712662948764e+01
5.517290654472706990e+01,1.171408856886348815e+01
5.519291226064590461e+01,1.262892679644863136e+01
5.521291797656473221e+01,1.387847500298467018e+01
5.523292369248356692e+01,1.459253218085589587e+01
5.525292940840240163e+01,1.507714995580850825e+01
5.527293512432123634e+01,1.658951510267941387e+01
5.529294084024007105e+01,1.691273334093166270e+01
5.531294655615890576e+01,1.783491563148076864e+01
5.533295227207774047e+01,1.869882141984789925e+01
5.535295798799657518e+01,1.899464628460428273e+01
5.537296370391540989e+01,1.892338040748694539e+01
5.539296941983423750e+01,1.904696593237684610e+01
5.541297513575307221e+01,1.937073723499303668e+01
5.543298085167190692e+01,1.957967790722929635e+01
5.545298656759074163e+01,1.955181363686574869e+01
5.547299228350957634e+01,1.922992489466266974e+01
5.549299799942841105e+01,1.785176838475275574e+01
5.551300371534724576e+01,1.822616691506382836e+01
5.553300943126608047e+01,1.686483843471424748e+01
5.555301514718491518e+01,1.738735629464795451e+01
5.557302086310374989e+01,1.644406856150543916e+01
5.559302657902257749e+01,1.644272847495057022e+01
5.561303229494141220e+01,1.578916244174228822e+01
5.563303801086024691e+01,1.511018175648611361e+01
5.565304372677908162e+01,1.538009523775934717e+01
5.567304944269791633e+01,1.524810774697751015e+01
5.569305515861675104e+01,1.401763630627033486e+01
5.571306087453558575e+01,1.409332007650583840e+01
5.573306659045442046e+01,1.301233455855919097e+01
5.575307230637325517e+01,1.299878881268637265e+01
5.577307802229208278e+01,1.299143723714501242e+01
5.579308373821091749e+01,1.227642898561744822e+01
5.581308945412975220e+01,1.157437936248254395e+01
5.583309517004858691e+01,1.078475979056148404e+01
5.585310088596742162e+01,1.053958593095993557e+01
5.587310660188625633e+01,9.279417420703762076e+00
5.589311231780509104e+01,9.993871121237415167e+00
5.591311803372392575e+01,9.129161084357020783e+00
5.593312374964276046e+01,9.280310578978316016e+00
5.595312946556158806e+01,9.261275572685349289e+00
5.597313518148042277e+01,8.168462217171892803e+00
5.599314089739925748e+01,9.657504979196557926e+00
5.601314661331809219e+01,9.373255868451156658e+00
5.603315232923692690e+01,9.714649328054559163e+00
5.605315804515576161e+01,9.503285403541813281e+00
5.607316376107459632e+01,1.006718998247867347e+01
5.609316947699343103e+01,1.070169836722316603e+01
5.611317519291226574e+01,1.096330628428592568e+01
5.613318090883110045e+01,1.179894898342661236e+01
5.615318662474992806e+01,1.200020432023613459e+01
5.617319234066876277e+01,1.207542874487661422e+01
5.619319805658759748e+01,1.333211781244868810e+01
5.621320377250643219e+01,1.299832878651310786e+01
5.623320948842526690e+01,1.330222549248815511e+01
5.625321520434410161e+01,1.292547402610168561e+01
5.627322092026293632e+01,1.313354433415523737e+01
5.629322663618177103e+01,1.388097074743402715e+01
5.631323235210060574e+01,1.249357590416439834e+01
5.633323806801943334e+01,1.313534447262555460e+01
5.635324378393826805e+01,1.358087591220937540e+01
5.637324949985710276e+01,1.293838471063141426e+01
5.639325521577593747e+01,1.299466734045605065e+01
5.641326093169477218e+01,1.231972414084526690e+01
5.643326664761360689e+01,1.228400757561628609e+01
5.645327236353244160e+01,1.223035807289095622e+01
5.647327807945127631e+01,1.233366567643445677e+01
5.649328379537011102e+01,1.190113564687115399e+01
5.651328951128894573e+01,1.171851661373561626e+01
5.653329522720777334e+01,1.288437284354664669e+01
5.655330094312660805e+01,1.145033122749194732e+01
5.657330665904544276e+01,1.226718236447169197e+01
5.659331237496427747e+01,1.122474689848092133e+01
5.661331809088311218e+01,1.150105843860258581e+01
5.663332380680194689e+01,1.159107394801510971e+01
5.665332952272078160e+01,1.172336854124434957e+01
5.667333523863961631e+01,1.140848896535207224e+01
5.669334095455845102e+01,1.092389008543355899e+01
5.671334667047727862e+01,9.496414362166976986e+00
5.673335238639611333e+01,9.953196030179524811e+00
5.675335810231494804e+01,8.559920141773819324e+00
5.677336381823378275e+01,8.498425480182639546e+00
5.679336953415261746e+01,7.127828819983280439e+00
5.681337525007145217e+01,6.939787611376449838e+00
5.683338096599028688e+01,7.132537830893499020e+00
5.685338668190912159e+01,6.762946133713764851e+00
5.687339239782795630e+01,6.282501097101974352e+00
5.689339811374678391e+01,5.904578232712650809e+00
5.691340382966561862e+01,5.461898718826367904e+00
5.693340954558445333e+01,5.495843458295202488e+00
5.695341526150328804e+01,4.485135189890536722e+00
5.697342097742212275e+01,4.599287956772007746e+00
5.699342669334095746e+01,4.929633113958508339e+00
5.701343240925979217e+01,4.643609749449948865e+00
5.703343812517862688e+01,3.924995766829737498e+00
5.705344384109746159e+01,4.155624425100060471e+00
5.707344955701629630e+01,5.300645520636503960e+00
5.709345527293512390e+01,4.852685612282858330e+00
5.711346098885395861e+01,5.524754459297915865e+00
5.713346670477279332e+01,5.781163492232963108e+00
5.715347242069162803e+01,5.515824881225154463e+00
5.717347813661046274e+01,5.426760416068545645e+00
5.719348385252929745e+01,5.937298706977418128e+00
5.721348956844813216e+01,6.923708478627112584e+00
5.723349528436696687e+01,7.277870278805715465e+00
5.725350100028580158e+01,6.179753811698573074e+00
5.727350671620462919e+01,7.326134659723217979e+00
5.729351243212346390e+01,8.104028138996218544e+00
5.731351814804229861e+01,7.808401351662264567e+00
5.733352386396113332e+01,7.865978898168073385e+00
5.735352957987996803e+01,7.943503301702181219e+00
5.737353529579880274e+01,9.825433989682982983e+00
5.739354101171763745e+01,9.154158513201945624e+00
5.741354672763647216e+01,9.827271507118116034e+00
5.743355244355530687e+01,9.838157077802602402e+00
5.745355815947414158e+01,1.100332444799350284e+01
5.747356387539296918e+01,1.069298692788068195e+01
5.749356959131180389e+01,1.131373755903165090e+01
5.751357530723063860e+01,1.109325856109386343e+01
5.753358102314947331e+01,1.165252428707768928e+01
5.755358673906830802e+01,1.096535483830831836e+01
5.757359245498714273e+01,1.228012966837913744e+01
5.759359817090597744e+01,1.234698175162399814e+01
5.761360388682481215e+01,1.145564149772536666e+01
5.763360960274364686e+01,1.113882836099506690e+01
5.765361531866247446e+01,1.077374407498207987e+01
5.767362103458130917e+01,1.076715019012334018e+01
5.769362675050014388e+01,9.952740120522836520e+00
5.771363246641897859e+01,9.509334360801632968e+00
5.773363818233781330e+01,9.658492333077978387e+00
5.775364389825664801e+01,9.635577730900797278e+00
5.777364961417548272e+01,8.998664401200400675e+00
5.779365533009431743e+01,8.581577164989994344e+00
5.781366104601315214e+01,8.247530313560579529e+00
5.783366676193197975e+01,8.235077759676478593e+00
5.785367247785081446e+01,8.811996457880574951e+00
5.787367819376964917e+01,8.758993095767493742e+00
5.789368390968848388e+01,8.526461466546308543e+00
5.791368962560731859e+01,9.103303872174301148e+00
5.793369534152615330e+01,9.402051982304675093e+00
5.795370105744498801e+01,8.033932070844727491e+00
5.797370677336382272e+01,8.578159796576953156e+00
5.799371248928265743e+01,9.196146120642403332e+00
5.801371820520149214e+01,8.835621564129766625e+00
5.803372392112031974e+01,8.883021424933746246e+00
5.805372963703915445e+01,9.369986490223821463e+00
5.807373535295798916e+01,8.200353472615947936e+00
5.809374106887682387e+01,9.466522820927881554e+00
5.811374678479565858e+01,9.043345289991794544e+00
5.813375250071449329e+01,8.815072996144673212e+00
5.815375821663332800e+01,8.721837596705995566e+00
5.817376393255216271e+01,8.697958738832140213e+00
5.819376964847099742e+01,8.474403502812016598e+00
5.821377536438982503e+01,8.319784368137153052e+00
5.823378108030865974e+01,8.774625041560188521e+00
5.825378679622749445e+01,8.540513165126260020e+00
5.827379251214632916e+01,8.696704970067010265e+00
5.829379822806516387e+01,7.966763099755866939e+00
5.831380394398399858e+01,8.344704929446260522e+00
5.833380965990283329e+01,8.234429417541766938e+00
5.835381537582166800e+01,8.909683503928739867e+00
5.837382109174050271e+01,8.731832127573808222e+00
5.839382680765933742e+01,8.270735689312859407e+00
5.841383252357816502e+01,9.483026036570377570e+00
5.843383823949699973e+01,8.422172404224184561e+00
5.845384395541583444e+01,8.950850286575246173e+00
5.847384967133466915e+01,8.589194267049204967e+00
5.849385538725350386e+01,9.185887192562921300e+00
5.851386110317233857e+01,9.606750699655993486e+00
5.853386681909117328e+01,9.645518093453837594e+00
5.855387253501000799e+01,9.727180156719901660e+00
5.857387825092884270e+01,1.004856755345267061e+01
5.859388396684767031e+01,1.012428416907456885e+01
5.861388968276650502e+01,9.995380354247556554e+00
5.863389539868533973e+01,1.076855714212130444e+01
5.865390111460417444e+01,1.014626802590420063e+01
5.867390683052300915e+01,1.013753886178753660e+01
5.869391254644184386e+01,1.042995230011029051e+01
5.871391826236067857e+01,1.083000920081537188e+01
5.873392397827951328e+01,1.105657096589236943e+01
5.875392969419834799e+01,1.019503235554213560e+01
5.877393541011717559e+01,1.033366163225196566e+01
5.879394112603601030e+01,1.106914610972193103e+01
5.881394684195484501e+01,1.086207557723117390e+01
5.883395255787367972e+01,1.132422202764954910e+01
5.885395827379251443e+01,1.170351034314037619e+01
5.887396398971134914e+01,1.209272832784327534e+01
5.889396970563018385e+01,1.216017852917726394e+01
5.891397542154901856e+01,1.326598136817434082e+01
5.893398113746785327e+01,1.284438715495791072e+01
5.895398685338668798e+01,1.271285566218680252e+01
5.897399256930551559e+01,1.350311929390121080e+01
5.899399828522435030e+01,1.325499746193660044e+01
5.901400400114318501e+01,1.328912447035079580e+01
5.903400971706201972e+01,1.332564392011053300e+01
5.905401543298085443e+01,1.467712050371981647e+01
5.907402114889968914e+01,1.433383602205257645e+01
5.909402686481852385e+01,1.423581220849722229e+01
5.911403258073735856e+01,1.394526141145691511e+01
5.913403829665619327e+01,1.354704830315330710e+01
5.915404401257502087e+01,1.341398853837019445e+01
5.917404972849385558e+01,1.398787289164959091e+01
5.919405544441269029e+01,1.408850941699557779e+01
5.921406116033152500e+01,1.278806659290109771e+01
5.923406687625035971e+01,1.221119828186363776e+01
5.925407259216919442e+01,1.267017945627191011e+01
5.927407830808802913e+01,1.158443201831898861e+01
5.929408402400686384e+01,1.137148487695461974e+01
5.931408973992569855e+01,1.060147998271931158e+01
5.933409545584453326e+01,1.075988830820950781e+01
5.935410117176336087e+01,1.005990984455932846e+01
5.937410688768219558e+01,1.062709116432989376e+01
5.939411260360103029e+01,1.010233977779504855e+01
5.941411831951986500e+01,9.720111955311002916e+00
5.943412403543869971e+01,8.829112034736162684e+00
5.945412975135753442e+01,9.135417297149452054e+00
5.947413546727636913e+01,9.190861461364074003e+00
5.949414118319520384e+01,8.183978199672747422e+00
5.951414689911403855e+01,8.677033529512648613e+00
5.953415261503286615e+01,8.054382445278450930e+00
5.955415833095170086e+01,7.977383682147130450e+00
5.957416404687053557e+01,6.893110021667326670e+00
5.959416976278937028e+01,7.327076817809873077e+00
5.961417547870820499e+01,7.654244062186941200e+00
5.963418119462703970e+01,6.433568886480422577e+00
5.965418691054587441e+01,7.298483963601572810e+00
5.967419262646470912e+01,6.982513125891155248e+00
5.969419834238354383e+01,6.484394744237250485e+00
5.971420405830237144e+01,6.513999139773300584e+00
5.973420977422120615e+01,6.069162771013073332e+00
5.975421549014004086e+01,6.772119809957310110e+00
5.977422120605887557e+01,5.536963737871888114e+00
5.979422692197771028e+01,5.813148812467683335e+00
5.981423263789654499e+01,6.978904219876920223e+00
5.983423835381537970e+01,6.149249792281280769e+00
5.985424406973421441e+01,6.166414527937774004e+00
5.987424978565304912e+01,6.886536420475552589e+00
5.989425550157188383e+01,7.151415663807406453e+00
5.991426121749071143e+01,8.254091071112068079e+00
5.993426693340954614e+01,7.942306879919829754e+00
5.995427264932838085e+01,8.716919795915121227e+00
5.997427836524721556e+01,8.284712234176328849e+00
5.999428408116605027e+01,8.551007124091569267e+00
6.001428979708488498e+01,9.517068555304975419e+00
6.003429551300371969e+01,9.373084561239085843e+00
6.005430122892255440e+01,1.097365054081523006e+01
6.007430694484138911e+01,1.015390700797275692e+01
6.009431266076021672e+01,1.104459280072127925e+01
6.011431837667905143e+01,1.144222062547469676e+01
6.013432409259788614e+01,1.083472107140304175e+01
6.015432980851672085e+01,1.195729111290262203e+01
6.017433552443555556e+01,1.125364835647266304e+01
6.019434124035439027e+01,1.040482566036084577e+01
6.021434695627322498e+01,9.830674317724177769e+00
6.023435267219205969e+01,1.006317157738102530e+01
6.025435838811089440e+01,9.929247190316676352e+00
6.027436410402972911e+01,9.492411435754988247e+00
6.029436981994855671e+01,9.799852399729076069e+00
6.031437553586739142e+01,9.112848902214484070e+00
6.033438125178622613e+01,8.313510738960241397e+00
6.035438696770506084e+01,7.351937807470712016e+00
6.037439268362389555e+01,7.478702323808183117e+00
6.039439839954273026e+01,7.494984207559045153e+00
6.041440411546156497e+01,7.649304892716164872e+00
6.043440983138039968e+01,7.124047882050654756e+00
6.045441554729923439e+01,7.349746833700331550e+00
6.047442126321806199e+01,6.763931094462986238e+00
6.049442697913689670e+01,6.631302125233291989e+00
6.051443269505573141e+01,5.957963232059634962e+00
6.053443841097456612e+01,6.837124112281230737e+00
6.055444412689340083e+01,5.890758777384788480e+00
6.057444984281223554e+01,5.831425188780995583e+00
6.059445555873107025e+01,5.984577186416611738e+00
6.061446127464990496e+01,5.548304357938070197e+00
6.063446699056873967e+01,6.250233311767402711e+00
6.065447270648756728e+01,4.986755244187062175e+00
6.067447842240640199e+01,5.736987977799836713e+00
6.069448413832523670e+01,5.496970821822058539e+00
6.071448985424407141e+01,5.582760143048517421e+00
6.073449557016290612e+01,5.514900557210009602e+00
6.075450128608174083e+01,6.022153230608683572e+00
6.077450700200057554e+01,7.044907981408824682e+00
6.079451271791941025e+01,6.899647251778359802e+00
6.081451843383824496e+01,7.805042299837639419e+00
6.083452414975707967e+01,8.176891522318650019e+00
6.085452986567590727e+01,8.386220222957945225e+00
6.087453558159474198e+01,9.403216154060494603e+00
6.089454129751357669e+01,9.236183888161972888e+00
6.091454701343241140e+01,9.455410870666842271e+00
6.093455272935124611e+01,1.055577607619751213e+01
6.095455844527008082e+01,1.141372135332999349e+01
6.097456416118891553e+01,1.202885308201659065e+01
6.099456987710775024e+01,1.120452403315987588e+01
6.101457559302658495e+01,1.208966223262108741e+01
6.103458130894541256e+01,1.189392252621081170e+01
6.105458702486424727e+01,1.316691619100064514e+01
6.107459274078308198e+01,1.284723249721993632e+01
6.109459845670191669e+01,1.318843230088135066e+01
6.111460417262075140e+01,1.367104485905345257e+01
6.113460988853958611e+01,1.383438625294941104e+01
6.115461560445842082e+01,1.301266324919219031e+01
6.117462132037725553e+01,1.302186869551102788e+01
6.119462703629609024e+01,1.353972985039382948e+01
6.121463275221492495e+01,1.274161920798204939e+01
6.123463846813375255e+01,1.301488833899820996e+01
6.125464418405258726e+01,1.251960833134013740e+01
6.127464989997142197e+01,1.167050317111372770e+01
6.129465561589025668e+01,1.196066281850936619e+01
6.131466133180909139e+01,1.155627988611400703e+01
6.133466704772792610e+01,1.019175551389476020e+01
6.135467276364676081e+01,1.013359339575637641e+01
6.137467847956559552e+01,8.918541636981480281e+00
6.139468419548443023e+01,9.221645540107282102e+00
6.141468991140325784e+01,7.754565168446069023e+00
6.143469562732209255e+01,6.771017049548203381e+00
6.145470134324092726e+01,6.887486702974045194e+00
6.147470705915976197e+01,5.831725262854035918e+00
6.149471277507859668e+01,5.641671806853750581e+00
6.151471849099743139e+01,4.967797352409641043e+00
6.153472420691626610e+01,3.697301449138780782e+00
6.155472992283510081e+01,4.047060929514768368e+00
6.157473563875393552e+01,4.130231922880335915e+00
6.159474135467276312e+01,3.632017158152582859e+00
6.161474707059159783e+01,3.941743277530425082e+00
6.163475278651043254e+01,3.328031409129793339e+00
6.165475850242926725e+01,3.330530335347310356e+00
6.167476421834810196e+01,2.736621129116470819e+00
6.169476993426693667e+01,3.516220749171194981e+00
6.171477565018577138e+01,3.687591422280824816e+00
6.173478136610460609e+01,3.462166585277528519e+00
6.175478708202344080e+01,3.274656419918792416e+00
6.177479279794227551e+01,3.394351731592663235e+00
6.179479851386110312e+01,2.581368606058052517e+00
6.181480422977993783e+01,2.148499985004471924e+00
6.183480994569877254e+01,2.679731664364456201e+00
6.185481566161760725e+01,3.325932828192248003e+00
6.187482137753644196e+01,2.881626844759644257e+00
6.189482709345527667e+01,3.259616672266899329e+00
6.191483280937411138e+01,2.183738527338807689e+00
6.193483852529294609e+01,3.045583267313988429e+00
6.195484424121178080e+01,3.316632321252380500e+00
6.197484995713060840e+01,2.987811348096102826e+00
6.199485567304944311e+01,3.105854369154957162e+00
6.201486138896827782e+01,2.339850069573095048e+00
6.203486710488711253e+01,3.554135900232898493e+00
6.205487282080594724e+01,3.206143762527377206e+00
6.207487853672478195e+01,2.505457999438782224e+00
6.209488425264361666e+01,3.232907648382895793e+00
6.211488996856245137e+01,3.875762998286524486e+00
6.213489568448128608e+01,2.851858736908438274e+00
6.215490140040011369e+01,3.390177141402632710e+00
6.217490711631894840e+01,3.207093136281915502e+00
6.219491283223778311e+01,3.973139426094974613e+00
6.221491854815661782e+01,4.294524819617591582e+00
6.223492426407545253e+01,3.867716316735590354e+00
6.225492997999428724e+01,4.517336496642948340e+00
6.227493569591312195e+01,5.573956076521172420e+00
6.229494141183195666e+01,4.686583915456687066e+00
6.231494712775079137e+01,5.105806872607081992e+00
6.233495284366962608e+01,5.265181515839595150e+00
6.235495855958845368e+01,5.526129139971592608e+00
6.237496427550728839e+01,5.941595521470151908e+00
6.239496999142612310e+01,5.738022943018711075e+00
6.241497570734495781e+01,5.302351920336896285e+00
6.243498142326379252e+01,5.737204072583447001e+00
6.245498713918262723e+01,5.125881487613050957e+00
6.247499285510146194e+01,5.960737227350379364e+00
6.249499857102029665e+01,5.612736626557769171e+00
6.251500428693913136e+01,6.016803209648051265e+00
6.253501000285795897e+01,6.051825718523699216e+00
6.255501571877679368e+01,5.918159059810045086e+00
6.257502143469562839e+01,6.467376658719693694e+00
6.259502715061446310e+01,6.919983806471518228e+00
6.261503286653329781e+01,7.230994658947706100e+00
6.263503858245213252e+01,5.993369624946267571e+00
6.265504429837096723e+01,6.274514368528397945e+00
6.267505001428980194e+01,6.550243043084466699e+00
6.269505573020863665e+01,6.478501989586513687e+00
6.271506144612747136e+01,6.597350357299469614e+00
6.273506716204629896e+01,7.011492582518009442e+00
6.275507287796513367e+01,7.336567450785285160e+00
6.277507859388396838e+01,5.709277241088000387e+00
6.279508430980280309e+01,6.340336601073273570e+00
6.281509002572163780e+01,5.715320378273819557e+00
6.283509574164047251e+01,6.405562108691472467e+00
6.285510145755930722e+01,6.802567282957074468e+00
6.287510717347814193e+01,7.014837884579879557e+00
6.289511288939697664e+01,6.297093888705866505e+00
6.291511860531580425e+01,6.130437694655457292e+00
6.293512432123463896e+01,6.543226246884994879e+00
6.295513003715347367e+01,6.668086358455486362e+00
6.297513575307230838e+01,5.808891405637605310e+00
6.299514146899114309e+01,6.500939552103520924e+00
6.301514718490997780e+01,6.376089629310371265e+00
6.303515290082881251e+01,6.309963530371453189e+00
6.305515861674764722e+01,6.207039356986053136e+00
6.307516433266648193e+01,6.971249023070576811e+00
6.309517004858530953e+01,6.072157334841609355e+00
6.311517576450414424e+01,6.803453048582666085e+00
6.313518148042297895e+01,6.426510312948286341e+00
6.315518719634181366e+01,5.877541106560135731e+00
6.317519291226064837e+01,6.496158176159276820e+00
6.319519862817948308e+01,6.312727622727694055e+00
6.321520434409831779e+01,5.835967376602305023e+00
6.323521006001715250e+01,5.524086925019460637e+00
6.325521577593598721e+01,6.058705604831660096e+00
6.327522149185482192e+01,5.035752407096046213e+00
6.329522720777364952e+01,5.897933698085410015e+00
6.331523292369248423e+01,5.653528067514631772e+00
6.333523863961131894e+01,6.501130433244691531e+00
6.335524435553015365e+01,5.777451275259265273e+00
6.337525007144898836e+01,5.438764136515722214e+00
6.339525578736782307e+01,5.980171657170433974e+00
6.341526150328665778e+01,5.740801729754410943e+00
6.343526721920549249e+01,6.207651137856625034e+00
6.345527293512432720e+01,6.713930904946881384e+00
6.347527865104315481e+01,5.895156982512133936e+00
6.349528436696198952e+01,6.531753711307401566e+00
6.351529008288082423e+01,5.854228949671316684e+00
6.353529579879965894e+01,6.500524035623405084e+00
6.355530151471849365e+01,7.501901386159476104e+00
6.357530723063732836e+01,6.435257642025732139e+00
6.359531294655616307e+01,7.782144696650860283e+00
6.361531866247499778e+01,6.948608032176348814e+00
6.363532437839383249e+01,7.950003084699410749e+00
6.365533009431266720e+01,7.559013687294600103e+00
6.367533581023149480e+01,8.546359199255565642e+00
6.369534152615032951e+01,8.982117559845015364e+00
6.371534724206916422e+01,8.642075802966795450e+00
6.373535295798799893e+01,9.522474144372043980e+00
6.375535867390683364e+01,9.579624836837567159e+00
6.377536438982566835e+01,9.945277492765203675e+00
6.379537010574450306e+01,9.835571554388524262e+00
6.381537582166333777e+01,1.059179060607599610e+01
6.383538153758217248e+01,9.799171257565255644e+00
6.385538725350100009e+01,1.004724952763569590e+01
6.387539296941983480e+01,9.906234921016025652e+00
6.389539868533866951e+01,9.169574580250388962e+00
6.391540440125750422e+01,8.834800993891063214e+00
6.393541011717633893e+01,8.523211152421335868e+00
6.395541583309517364e+01,7.603027043332233781e+00
6.397542154901400835e+01,7.457049900867923853e+00
6.399542726493284306e+01,6.967865723419042645e+00
6.401543298085167066e+01,7.346107588144152878e+00
6.403543869677051248e+01,6.716806656392298791e+00
6.405544441268934008e+01,6.396905171323188810e+00
6.407545012860816769e+01,5.724621219708004638e+00
6.409545584452700950e+01,5.583362619334394594e+00
6.411546156044585132e+01,5.255137786126081956e+00
6.413546727636467892e+01,5.247565224292060293e+00
6.415547299228350653e+01,4.865389797085157397e+00
6.417547870820234834e+01,4.612459920940864322e+00
6.419548442412119016e+01,3.804074006675186581e+00
6.421549014004001776e+01,4.380673827378118723e+00
6.423549585595884537e+01,4.605443395758746838e+00
6.425550157187768718e+01,4.803516500872004436e+00
6.427550728779651479e+01,3.915795402532912917e+00
6.429551300371534239e+01,4.200244155360617349e+00
6.431551871963418421e+01,3.762322846594741144e+00
6.433552443555302602e+01,4.617711355077497970e+00
6.435553015147185363e+01,3.548832279185496041e+00
6.437553586739068123e+01,4.132880399296482210e+00
6.439554158330952305e+01,3.368260276978301881e+00
6.441554729922835065e+01,4.555336514086984145e+00
6.443555301514717826e+01,3.907740106953978110e+00
6.445555873106602007e+01,4.841621485849639583e+00
6.447556444698486189e+01,4.423002928592075556e+00
6.449557016290368949e+01,4.788949114079270153e+00
6.451557587882251710e+01,5.341454287569387560e+00
6.453558159474135891e+01,5.232554484921778659e+00
6.455558731066020073e+01,5.636546516162690423e+00
6.457559302657902833e+01,6.208907893580975390e+00
6.459559874249785594e+01,6.241850488659077989e+00
6.461560445841669775e+01,6.010637808193248333e+00
6.463561017433552536e+01,6.705936245606689994e+00
6.465561589025435296e+01,6.315506549861121144e+00
6.467562160617319478e+01,6.875980779128786580e+00
6.469562732209203659e+01,7.502653208694266773e+00
6.471563303801086420e+01,6.516703423743157586e+00
6.473563875392969180e+01,7.778621171194590289e+00
6.475564446984853362e+01,8.042314353315617836e+00
6.477565018576737543e+01,7.580593839982828541e+00
6.479565590168618883e+01,7.583490707063896608e+00
6.481566161760503064e+01,7.572119242219956803e+00
6.483566733352387246e+01,7.931583373078041177e+00
6.485567304944270006e+01,7.882418424121630629e+00
6.487567876536152767e+01,7.147087082856415030e+00
6.489568448128036948e+01,7.663649211407877360e+00
6.491569019719921130e+01,7.209744020507696582e+00
6.493569591311803890e+01,7.872601457933133595e+00
6.495570162903686651e+01,7.431812040552660648e+00
6.497570734495570832e+01,6.405337597635742952e+00
6.499571306087453593e+01,7.012910046103262296e+00
6.501571877679336353e+01,6.632780292551378132e+00
6.503572449271220535e+01,6.681016335080506074e+00
6.505573020863104716e+01,6.142598701502729241e+00
6.507573592454987477e+01,5.152198868817510657e+00
6.509574164046870237e+01,5.918276819142006318e+00
6.511574735638754419e+01,5.463708517268068832e+00
6.513575307230638600e+01,4.934501760199323961e+00
6.515575878822521361e+01,4.416668672922269501e+00
6.517576450414404121e+01,4.879082160524784939e+00
6.519577022006288303e+01,5.311035689325215081e+00
6.521577593598171063e+01,4.001473929506532023e+00
6.523578165190053824e+01,4.033247433228536849e+00
6.525578736781938005e+01,4.157869891194423850e+00
6.527579308373822187e+01,4.490929054676369603e+00
6.529579879965704947e+01,3.970017974331017996e+00
6.531580451557587708e+01,3.293889801739152468e+00
6.533581023149471889e+01,3.280431048173956921e+00
6.535581594741354650e+01,3.093957899052671046e+00
6.537582166333237410e+01,3.685320395023908624e+00
6.539582737925121592e+01,3.565429686521575547e+00
6.541583309517005773e+01,2.722161133158127910e+00
6.543583881108888534e+01,3.390859180050331823e+00
6.545584452700771294e+01,3.501946964488519498e+00
6.547585024292655476e+01,3.824507913491278721e+00
6.549585595884539657e+01,3.958797712823256099e+00
6.551586167476422418e+01,3.731625465474612824e+00
6.553586739068305178e+01,3.547506815412879710e+00
6.555587310660189360e+01,3.585490124780870147e+00
6.557587882252072120e+01,4.330823524644102029e+00
6.559588453843954881e+01,3.815188383269255468e+00
6.561589025435839062e+01,4.374700236088088445e+00
6.563589597027723244e+01,3.261884682985025652e+00
6.565590168619606004e+01,4.039374896820425498e+00
6.567590740211488765e+01,4.444143785461250218e+00
6.569591311803372946e+01,3.885387986706516639e+00
6.571591883395257128e+01,4.361573864852129390e+00
6.573592454987138467e+01,4.808452916354871931e+00
6.575593026579022649e+01,3.864848479129324499e+00
6.577593598170906830e+01,4.238449083422602293e+00
6.579594169762789591e+01,4.149366208960314495e+00
6.581594741354672351e+01,5.714910258580653490e+00
6.583595312946556533e+01,5.382435550083913611e+00
6.585595884538440714e+01,4.996847296969567864e+00
6.587596456130323475e+01,4.834213377237045250e+00
6.589597027722206235e+01,5.272358696272845258e+00
6.591597599314090417e+01,5.012347380367388361e+00
6.593598170905973177e+01,4.943555530973724466e+00
6.595598742497855937e+01,5.690380290248079120e+00
6.597599314089740119e+01,5.762570436694180565e+00
6.599599885681624301e+01,5.328238408165113071e+00
6.601600457273507061e+01,4.654061172936617474e+00
6.603601028865389821e+01,4.178818099887258164e+00
6.605601600457274003e+01,4.530627607566108495e+00
6.607602172049158185e+01,4.832961741604438366e+00
6.609602743641040945e+01,4.697145345916154291e+00
6.611603315232923705e+01,3.698214781308814203e+00
6.613603886824807887e+01,3.787687486763020139e+00
6.615604458416690647e+01,3.791248300592965581e+00
6.617605030008573408e+01,4.205012696913702719e+00
6.619605601600457589e+01,3.826140444636116023e+00
6.621606173192341771e+01,4.008173825629965492e+00
6.623606744784224531e+01,3.238990896737412584e+00
6.625607316376107292e+01,3.755972206908214872e+00
6.627607887967991473e+01,4.496047317822661427e+00
6.629608459559874234e+01,4.371735409111075832e+00
6.631609031151756994e+01,5.409354409767103355e+00
6.633609602743641176e+01,4.682458432555092642e+00
6.635610174335525357e+01,5.200410680415321174e+00
6.637610745927408118e+01,5.841015134826013977e+00
6.639611317519290878e+01,5.490194630424732658e+00
6.641611889111175060e+01,6.615953211333075679e+00
6.643612460703059241e+01,6.580237262553389144e+00
6.645613032294942002e+01,6.419506973712656439e+00
6.647613603886824762e+01,6.383722091236188945e+00
6.649614175478708944e+01,6.944192015843215771e+00
6.651614747070591704e+01,7.325030491368766938e+00
6.653615318662474465e+01,6.997702440851409911e+00
6.655615890254358646e+01,7.516173112061711237e+00
6.657616461846242828e+01,6.803508294129715139e+00
6.659617033438125588e+01,7.235116647214384855e+00
6.661617605030008349e+01,6.842057186660079893e+00
6.663618176621892530e+01,6.683780302582383648e+00
6.665618748213776712e+01,6.435468008186312261e+00
6.667619319805658051e+01,5.476017330696495655e+00
6.669619891397542233e+01,5.886368316259884992e+00
6.671620462989426414e+01,5.948025123290680227e+00
6.673621034581309175e+01,5.339986774195307540e+00
6.675621606173191935e+01,4.729629143664868529e+00
6.677622177765076117e+01,5.159568844320849834e+00
6.679622749356960298e+01,5.041576806639511688e+00
6.681623320948843059e+01,4.374789632700450959e+00
6.683623892540725819e+01,4.254623913035879390e+00
6.685624464132610001e+01,4.020718864015341509e+00
6.687625035724492761e+01,3.599921490378048983e+00
6.689625607316375522e+01,4.337171204561988347e+00
6.691626178908259703e+01,3.967528781066743004e+00
6.693626750500143885e+01,4.190372044814741237e+00
6.695627322092026645e+01,3.772657140518183017e+00
6.697627893683909406e+01,4.412257098904923680e+00
6.699628465275793587e+01,4.311749030534661742e+00
6.701629036867677769e+01,4.052648298919722336e+00
6.703629608459560529e+01,4.631988116581409187e+00
6.705630180051443290e+01,4.177676278493303030e+00
6.707630751643327471e+01,4.471775451230131537e+00
6.709631323235210232e+01,3.908458253073093580e+00
6.711631894827092992e+01,5.188324205892484109e+00
6.713632466418977174e+01,4.546718860860613276e+00
6.715633038010861355e+01,4.782195824811841689e+00
6.717633609602744116e+01,5.372968472537231754e+00
6.719634181194626876e+01,5.227198437799971842e+00
6.721634752786511058e+01,5.089266056904268254e+00
6.723635324378393818e+01,6.028922878460757140e+00
6.725635895970276579e+01,5.893427916223886953e+00
6.727636467562160760e+01,6.381269118234175863e+00
6.729637039154044942e+01,6.451664228139628143e+00
6.731637610745927702e+01,6.446265638387716379e+00
6.733638182337810463e+01,6.440280177270279793e+00
6.735638753929694644e+01,7.194381022622799549e+00
6.737639325521578826e+01,6.733720712610782755e+00
6.739639897113461586e+01,6.934240642896507545e+00
6.741640468705344347e+01,7.607071698724311659e+00
6.743641040297228528e+01,6.710060068651639398e+00
6.745641611889111289e+01,7.406948314047968829e+00
6.747642183480994049e+01,7.064578339270022767e+00
6.749642755072878231e+01,6.893661536122708711e+00
6.751643326664762412e+01,7.809892190662296230e+00
6.753643898256645173e+01,7.337932655717784414e+00
6.755644469848527933e+01,7.328884414009233517e+00
6.757645041440412115e+01,7.660713533131316311e+00
6.759645613032296296e+01,7.609937909520873234e+00
6.761646184624177636e+01,7.157862604734420486e+00
6.763646756216061817e+01,7.074569709779785498e+00
6.765647327807945999e+01,7.437954019848515230e+00
6.767647899399828759e+01,8.004071154605735927e+00
6.769648470991711520e+01,8.596227985007750760e+00
6.771649042583595701e+01,8.004275921246264858e+00
6.773649614175479883e+01,7.745211900613604428e+00
6.775650185767362643e+01,8.845360816118873259e+00
6.777650757359245404e+01,8.795955504285776883e+00
6.779651328951129585e+01,8.737207546652779655e+00
6.781651900543012346e+01,9.684150500583758259e+00
6.783652472134895106e+01,8.840965280064727594e+00
6.785653043726779288e+01,9.693629786411069205e+00
6.787653615318663469e+01,1.028270654328730060e+01
6.789654186910546230e+01,9.124941902843492159e+00
6.791654758502428990e+01,8.917117261085317992e+00
6.793655330094313172e+01,8.102380742336718455e+00
6.795655901686197353e+01,8.425495678518419851e+00
6.797656473278080114e+01,8.528279944575835714e+00
6.799657044869962874e+01,8.050629988672644899e+00
6.801657616461847056e+01,7.000752261531639320e+00
6.803658188053729816e+01,6.824035913608287984e+00
6.805658759645612577e+01,6.556555660054343093e+00
6.807659331237496758e+01,6.333646926396917287e+00
6.809659902829380940e+01,5.425498370896008282e+00
6.811660474421263700e+01,4.870635612218475963e+00
6.813661046013146461e+01,5.742693609844408797e+00
6.815661617605030642e+01,5.069111287475796424e+00
6.817662189196913403e+01,5.043366431645283754e+00
6.819662760788796163e+01,4.918218091546959769e+00
6.821663332380680345e+01,5.544546772195679374e+00
6.823663903972564526e+01,5.584647086488853773e+00
6.825664475564447287e+01,6.027645501999261413e+00
6.827665047156330047e+01,5.901743923026954164e+00
6.829665618748214229e+01,4.997015319557078783e+00
6.831666190340098410e+01,6.072488609597609610e+00
6.833666761931981171e+01,6.729564250400571268e+00
6.835667333523863931e+01,6.218106775457972191e+00
6.837667905115748113e+01,7.427386551654690194e+00
6.839668476707630873e+01,7.430236578531227210e+00
6.841669048299513634e+01,6.933092241607631934e+00
6.843669619891397815e+01,7.750071376341836071e+00
6.845670191483281997e+01,7.505575654927559626e+00
6.847670763075164757e+01,6.917723065468255328e+00
6.849671334667047518e+01,8.384486117833452212e+00
6.851671906258931699e+01,7.680915913054343847e+00
6.853672477850815881e+01,7.285346803482697808e+00
6.855673049442697220e+01,6.746048253248376092e+00
6.857673621034581402e+01,7.339454598447655798e+00
6.859674192626465583e+01,7.272823352566987865e+00
6.861674764218348344e+01,6.640622479297956460e+00
6.863675335810231104e+01,7.295761981616115222e+00
6.865675907402115286e+01,6.361762361630606932e+00
6.867676478993999467e+01,5.862835237043782399e+00
6.869677050585882228e+01,6.088439157691736270e+00
6.871677622177764988e+01,5.821644461633237455e+00
6.873678193769649170e+01,6.063800919378293131e+00
6.875678765361531930e+01,6.195975111956460779e+00
6.877679336953414690e+01,5.898198129660870315e+00
6.879679908545298872e+01,5.496421917847817973e+00
6.881680480137183054e+01,5.255398935608371680e+00
6.883681051729065814e+01,5.177526235773097341e+00
6.885681623320948574e+01,5.791960134840669738e+00
6.887682194912832756e+01,5.212970642039788771e+00
6.889682766504716938e+01,5.460477388864859449e+00
6.891683338096599698e+01,5.516069607142758180e+00
6.893683909688482458e+01,6.722746999806230583e+00
6.895684481280366640e+01,6.623232315547899596e+00
6.897685052872249400e+01,7.330143218518582415e+00
6.899685624464132161e+01,7.864448386526191825e+00
6.901686196056016342e+01,8.598310289643020354e+00
6.903686767647900524e+01,9.204138556319019671e+00
6.905687339239783284e+01,9.542890553481633731e+00
6.907687910831666045e+01,9.378477751744267010e+00
6.909688482423550226e+01,1.062255745647200555e+01
6.911689054015432987e+01,1.112714994714167815e+01
6.913689625607315747e+01,1.097161533806221279e+01
6.915690197199199929e+01,1.169887565605248447e+01
6.917690768791084110e+01,1.207110880286071719e+01
6.919691340382966871e+01,1.298977048814312241e+01
6.921691911974849631e+01,1.240957440399647993e+01
6.923692483566733813e+01,1.216380056028465084e+01
6.925693055158617994e+01,1.257485332781098464e+01
6.927693626750500755e+01,1.206388279444345457e+01
6.929694198342383515e+01,1.155088781357484073e+01
6.931694769934267697e+01,1.142670066451304223e+01
6.933695341526150457e+01,1.040390118632793204e+01
6.935695913118033218e+01,1.136421748901153705e+01
6.937696484709917399e+01,1.110005162646929833e+01
6.939697056301801581e+01,1.050925025157883397e+01
6.941697627893684341e+01,1.071425888863798193e+01
6.943698199485567102e+01,9.604176948596643726e+00
6.945698771077451283e+01,1.081712931190559956e+01
6.947699342669335465e+01,9.825375140335010471e+00
6.949699914261216804e+01,9.984767337431337708e+00
6.951700485853100986e+01,1.089108886470052084e+01
6.953701057444985167e+01,1.017285854125723432e+01
6.955701629036867928e+01,9.943923509533970417e+00
6.957702200628750688e+01,1.005599565976243426e+01
6.959702772220634870e+01,9.997480119178110414e+00
6.961703343812519051e+01,1.046239532243588144e+01
6.963703915404401812e+01,1.000546782736355311e+01
6.965704486996284572e+01,1.021583072101105572e+01
6.967705058588168754e+01,1.015695299491648740e+01
6.969705630180051514e+01,1.019949196679426962e+01
6.971706201771934275e+01,1.057724406765816383e+01
6.973706773363818456e+01,1.063480146500150170e+01
6.975707344955702638e+01,1.049452900197523775e+01
6.977707916547585398e+01,9.538489733064746900e+00
6.979708488139468159e+01,1.036806156769672782e+01
6.981709059731352340e+01,1.060257570298928087e+01
6.983709631323236522e+01,9.951418229195590825e+00
6.985710202915119282e+01,9.410211363241788973e+00
6.987710774507002043e+01,9.828971024953606417e+00
6.989711346098886224e+01,9.431368372052830296e+00
6.991711917690768985e+01,9.415707855017755534e+00
6.993712489282651745e+01,9.519738540773357016e+00
6.995713060874535927e+01,9.089691596158999687e+00
6.997713632466420108e+01,9.053085674529246063e+00
6.999714204058302869e+01,8.543040128131636379e+00
7.001714775650185629e+01,8.456338707716099634e+00
7.003715347242069811e+01,8.288571335529031359e+00
7.005715918833952571e+01,8.247949321087531871e+00
7.007716490425835332e+01,7.611769091438665313e+00
7.009717062017719513e+01,7.407251309023644481e+00
7.011717633609603695e+01,8.245785291859171195e+00
7.013718205201486455e+01,7.874046809782468515e+00
7.015718776793369216e+01,7.685175508364498143e+00
7.017719348385253397e+01,8.111686466486141001e+00
7.019719919977137579e+01,7.729066322717427440e+00
7.021720491569020339e+01,6.821561944404128219e+00
7.023721063160903100e+01,6.461301279427753563e+00
7.025721634752787281e+01,6.556336107037077809e+00
7.027722206344670042e+01,6.505151119749116972e+00
7.029722777936552802e+01,7.434326165247952645e+00
7.031723349528436984e+01,6.658587593642618430e+00
7.033723921120321165e+01,6.139680061938404876e+00
7.035724492712203926e+01,5.697746653521243765e+00
7.037725064304086686e+01,6.146443443832724896e+00
7.039725635895970868e+01,5.480537104444710650e+00
7.041726207487855049e+01,5.383079108710888683e+00
7.043726779079736389e+01,5.857118571489776215e+00
7.045727350671620570e+01,5.533634124232435170e+00
7.047727922263504752e+01,5.128398793479171935e+00
7.049728493855387512e+01,5.464988591255417916e+00
7.051729065447270273e+01,4.923573051872542905e+00
7.053729637039154454e+01,4.397258590170339154e+00
7.055730208631038636e+01,5.770693747749705338e+00
7.057730780222921396e+01,5.064333883568384209e+00
7.059731351814804157e+01,4.216615704530598308e+00
7.061731923406688338e+01,4.605200308212655358e+00
7.063732494998571099e+01,3.992510276679969827e+00
7.065733066590453859e+01,4.471647463373383147e+00
7.067733638182338041e+01,4.106860495330382221e+00
7.069734209774222222e+01,3.813278307146152457e+00
7.071734781366104983e+01,4.283027529195575944e+00
7.073735352957987743e+01,4.103553306500070441e+00
7.075735924549871925e+01,3.908141341384439915e+00
7.077736496141756106e+01,3.715522029515340385e+00
7.079737067733638867e+01,3.862088375247833660e+00
7.081737639325521627e+01,4.213296498029111881e+00
7.083738210917405809e+01,3.616390544805404339e+00
7.085738782509288569e+01,4.405695640270085534e+00
7.087739354101171330e+01,4.428139399170237134e+00
7.089739925693055511e+01,5.212589740923549542e+00
7.091740497284939693e+01,4.108446679754838016e+00
7.093741068876822453e+01,4.561720427306381609e+00
7.095741640468705214e+01,4.492906154342245273e+00
7.097742212060589395e+01,5.032328055981826864e+00
7.099742783652472156e+01,5.210604580931560648e+00
7.101743355244354916e+01,5.041674492780192196e+00
7.103743926836239098e+01,4.753380208923196903e+00
7.105744498428123279e+01,4.581198818955476426e+00
7.107745070020006040e+01,4.754619761329824001e+00
7.109745641611888800e+01,5.633274839176937832e+00
7.111746213203772982e+01,6.053081454628593150e+00
7.113746784795657163e+01,6.555465411673007559e+00
7.115747356387539924e+01,5.296140539953754889e+00
7.117747927979422684e+01,5.837220546853607139e+00
7.119748499571306866e+01,7.437832939047627434e+00
7.121749071163189626e+01,7.018274069651795344e+00
7.123749642755072387e+01,7.434924039886634972e+00
7.125750214346956568e+01,7.557722730489361496e+00
7.127750785938840750e+01,7.850212855231168518e+00
7.129751357530723510e+01,8.135844458337997409e+00
7.131751929122606271e+01,7.275001858765131502e+00
7.133752500714490452e+01,7.686156227831926202e+00
7.135753072306374634e+01,7.863404737639619668e+00
7.137753643898255973e+01,7.634527958732215680e+00
7.139754215490140155e+01,7.660062843112075193e+00
7.141754787082024336e+01,7.018542584461153311e+00
7.143755358673907097e+01,7.909585087916209289e+00
7.145755930265789857e+01,6.959230946957944752e+00
7.147756501857674039e+01,7.021549792990013472e+00
7.149757073449558220e+01,5.911728195316289458e+00
7.151757645041440981e+01,5.821761715288508832e+00
7.153758216633323741e+01,4.687076665578171486e+00
7.155758788225207923e+01,6.038895036260488070e+00
7.157759359817090683e+01,4.688526133929990181e+00
7.159759931408973443e+01,4.772529590986129833e+00
7.161760503000857625e+01,4.924546916926892948e+00
7.163761074592741807e+01,4.368191775332575411e+00
7.165761646184624567e+01,5.179842860527893222e+00
7.167762217776507327e+01,4.586720043273264658e+00
7.169762789368391509e+01,4.124022079918432837e+00
7.171763360960275691e+01,4.048890366106862260e+00
7.173763932552158451e+01,4.487309148326730224e+00
7.175764504144041211e+01,5.401083633197096390e+00
7.177765075735925393e+01,4.306420239096847347e+00
7.179765647327808153e+01,4.696301768329442794e+00
7.181766218919690914e+01,4.696843488932609390e+00
7.183766790511575095e+01,4.641554418271224947e+00
7.185767362103459277e+01,4.898837992136453323e+00
7.187767933695342037e+01,4.545164905584618609e+00
7.189768505287224798e+01,5.136344103049935050e+00
7.191769076879108979e+01,4.571821271288524891e+00
7.193769648470991740e+01,4.822082056420653906e+00
7.195770220062874500e+01,5.160448063093117099e+00
7.197770791654758682e+01,4.537863106866537599e+00
7.199771363246642863e+01,4.326709405392994867e+00
7.201771934838525624e+01,4.682687964122854929e+00
7.203772506430408384e+01,4.218148676244907413e+00
7.205773078022292566e+01,4.368191111956954309e+00
7.207773649614176747e+01,4.431395784142127425e+00
7.209774221206059508e+01,4.467912969184490102e+00
7.211774792797942268e+01,4.721945047232695813e+00
7.213775364389826450e+01,3.870032780092032443e+00
7.215775935981709210e+01,4.794410530127299452e+00
7.217776507573591971e+01,2.974634316127439337e+00
7.219777079165476152e+01,3.064496268440727977e+00
7.221777650757360334e+01,3.117322676404189252e+00
7.223778222349243094e+01,3.587897497460800000e+00
7.225778793941125855e+01,3.619333551832820017e+00
7.227779365533010036e+01,3.256731340325097257e+00
7.229779937124894218e+01,3.603938726745986809e+00
7.231780508716775557e+01,3.420179843872996450e+00
7.233781080308659739e+01,3.030654898061504454e+00
7.235781651900543920e+01,3.500784164741704174e+00
7.237782223492426681e+01,2.947860730793544271e+00
7.239782795084309441e+01,3.291563321755860638e+00
7.241783366676193623e+01,3.213857847941854473e+00
7.243783938268077804e+01,3.563774554957825913e+00
7.245784509859960565e+01,2.937034369273472834e+00
7.247785081451843325e+01,3.380824471918964846e+00
7.249785653043727507e+01,3.384830770958865198e+00
7.251786224635610267e+01,4.000232076386322611e+00
7.253786796227493028e+01,3.541479718421475464e+00
7.255787367819377209e+01,3.041994794091184229e+00
7.257787939411261391e+01,4.132605884417008824e+00
7.259788511003144151e+01,3.697230640893367948e+00
7.261789082595026912e+01,4.180279038362234800e+00
7.263789654186911093e+01,3.751646944222906122e+00
7.265790225778795275e+01,4.146702036493103982e+00
7.267790797370678035e+01,4.490023193344729435e+00
7.269791368962560796e+01,4.086822350749832466e+00
7.271791940554444977e+01,3.950974336199494008e+00
7.273792512146327738e+01,3.893023845830812402e+00
7.275793083738210498e+01,4.578266906767686883e+00
7.277793655330094680e+01,3.972343014002731820e+00
7.279794226921978861e+01,4.192686121408012667e+00
7.281794798513861622e+01,4.065808365295641380e+00
7.283795370105744382e+01,4.410800954418874653e+00
7.285795941697628564e+01,4.108336374249430989e+00
7.287796513289511324e+01,4.019120167214027539e+00
7.289797084881394085e+01,3.816242479683237931e+00
7.291797656473278266e+01,3.270174320116712163e+00
7.293798228065162448e+01,3.707018873412840865e+00
7.295798799657045208e+01,3.422200216228143077e+00
7.297799371248927969e+01,3.377755069056706194e+00
7.299799942840812150e+01,3.953504065037666049e+00
7.301800514432696332e+01,4.093400531921931318e+00
7.303801086024579092e+01,2.992720711809810918e+00
7.305801657616461853e+01,4.028607798631555603e+00
7.307802229208346034e+01,3.267168906635024683e+00
7.309802800800228795e+01,3.387170765853993792e+00
7.311803372392111555e+01,3.054763189624205566e+00
7.313803943983995737e+01,2.912947846666088303e+00
7.315804515575879918e+01,3.494393716475306277e+00
7.317805087167762679e+01,3.999525557349416616e+00
7.319805658759645439e+01,4.275721237234424876e+00
7.321806230351529621e+01,3.750061131639498946e+00
7.323806801943413802e+01,4.205583411865362109e+00
7.325807373535295142e+01,4.613672131211938421e+00
7.327807945127179323e+01,4.440023502990547044e+00
7.329808516719063505e+01,4.974421386270805989e+00
7.331809088310946265e+01,5.036414346771989514e+00
7.333809659902829026e+01,5.913180917036994444e+00
7.335810231494713207e+01,5.740711077674406582e+00
7.337810803086597389e+01,6.174243467415216458e+00
7.339811374678480149e+01,6.111723504027843035e+00
7.341811946270362910e+01,7.171261545499946877e+00
7.343812517862247091e+01,6.410275675490531455e+00
7.345813089454129852e+01,6.560022488119239270e+00
7.347813661046012612e+01,6.457480355366747915e+00
7.349814232637896794e+01,6.486045333987309647e+00
7.351814804229780975e+01,6.508978939002044051e+00
7.353815375821663736e+01,6.984929157111883669e+00
7.355815947413546496e+01,7.133111172379713594e+00
7.357816519005430678e+01,6.512668232276245028e+00
7.359817090597314859e+01,5.883702367336514527e+00
7.361817662189197620e+01,6.479440753259130048e+00
7.363818233781080380e+01,5.750827560536796668e+00
7.365818805372964562e+01,6.537363435622302710e+00
7.367819376964847322e+01,6.705134554940860525e+00
7.369819948556730083e+01,6.655332256575765548e+00
7.371820520148614264e+01,6.673098246458089022e+00
7.373821091740498446e+01,7.107936187942192063e+00
7.375821663332381206e+01,6.687629866433344006e+00
7.377822234924263967e+01,6.483044592165422948e+00
7.379822806516148148e+01,7.327536951010597654e+00
7.381823378108030909e+01,6.092526591184683760e+00
7.383823949699913669e+01,6.857149621246710680e+00
7.385824521291797851e+01,6.442686947088202665e+00
7.387825092883682032e+01,6.380114337733775898e+00
7.389825664475564793e+01,6.151030419134967175e+00
7.391826236067447553e+01,6.071300601124749008e+00
7.393826807659331735e+01,6.004934324617229535e+00
7.395827379251215916e+01,5.024004430153365952e+00
7.397827950843098677e+01,5.176797045284202703e+00
7.399828522434981437e+01,5.079378587648285759e+00
7.401829094026865619e+01,4.880839570942194783e+00
7.403829665618748379e+01,4.063406940988096849e+00
7.405830237210632561e+01,3.924871116840984442e+00
7.407830808802515321e+01,3.868529609429087301e+00
7.409831380394398082e+01,4.149366494180648957e+00
7.411831951986282263e+01,3.785499441612093285e+00
7.413832523578165024e+01,3.636268335274443597e+00
7.415833095170049205e+01,3.775463285221237975e+00
7.417833666761931966e+01,2.884375188315526195e+00
7.419834238353816147e+01,3.228831653362256304e+00
7.421834809945698908e+01,2.662219468784780219e+00
7.423835381537583089e+01,2.809722063927735380e+00
7.425835953129465850e+01,2.838835875063776104e+00
7.427836524721348610e+01,3.501439957493930333e+00
7.429837096313232792e+01,3.243415427543222762e+00
7.431837667905115552e+01,2.777033587183470598e+00
7.433838239496999734e+01,2.294618140965141606e+00
7.435838811088882494e+01,3.021281699563593826e+00
7.437839382680766676e+01,2.431611432116053351e+00
7.439839954272649436e+01,2.629748781659610124e+00
7.441840525864533618e+01,2.705948830700979357e+00
7.443841097456416378e+01,2.078879123432275211e+00
7.445841669048300560e+01,2.766702806302677953e+00
7.447842240640183320e+01,3.431612239555932309e+00
7.449842812232066080e+01,2.871923470370020048e+00
7.451843383823950262e+01,2.688471279792250979e+00
7.453843955415833022e+01,3.131095408066624231e+00
7.455844527007717204e+01,3.766168520473154757e+00
7.457845098599599964e+01,3.088643445998966008e+00
7.459845670191484146e+01,2.510422202798098468e+00
7.461846241783366906e+01,3.723612666201265853e+00
7.463846813375251088e+01,3.404617800771503777e+00
7.465847384967133848e+01,2.916693971963410625e+00
7.467847956559016609e+01,3.318423492368670846e+00
7.469848528150900790e+01,3.490484504790482667e+00
7.471849099742783551e+01,2.875231130757534004e+00
7.473849671334667732e+01,3.619772333945592280e+00
7.475850242926550493e+01,2.639827891824769512e+00
7.477850814518434674e+01,3.387966965117459317e+00
7.479851386110317435e+01,3.924740653839039695e+00
7.481851957702201616e+01,3.611224651207266323e+00
7.483852529294084377e+01,4.312967559397392847e+00
7.485853100885967137e+01,3.779301285780368058e+00
7.487853672477851319e+01,3.836193672542076882e+00
7.489854244069734079e+01,4.245364126487408463e+00
7.491854815661618261e+01,3.701945039023128103e+00
7.493855387253501021e+01,3.833912105679715854e+00
7.495855958845385203e+01,3.791745401647066416e+00
7.497856530437267963e+01,3.928843637510560427e+00
7.499857102029152145e+01,4.132986573961472843e+00
7.501857673621034905e+01,4.223099161282259040e+00
7.503858245212917666e+01,4.182272723278744664e+00
7.505858816804801847e+01,3.495058869205085905e+00
7.507859388396684608e+01,4.687864143065505473e+00
7.509859959988568789e+01,4.982062230264851621e+00
7.511860531580451550e+01,4.220871250711275557e+00
7.513861103172335731e+01,4.425209409603172439e+00
7.515861674764218492e+01,4.136937831760054252e+00
7.517862246356102673e+01,4.004883232581438079e+00
7.519862817947985434e+01,4.478137539238662868e+00
7.521863389539868194e+01,4.167251767854660116e+00
7.523863961131752376e+01,3.957126940673755477e+00
7.525864532723635136e+01,4.531747824544632763e+00
7.527865104315519318e+01,4.668145144480579489e+00
7.529865675907402078e+01,3.971908774422127308e+00
7.531866247499286260e+01,4.535877037149981028e+00
7.533866819091169020e+01,4.876586288364635813e+00
7.535867390683053202e+01,4.496170167966091924e+00
7.537867962274935962e+01,4.493175741619750418e+00
7.539868533866820144e+01,4.009408123684434777e+00
7.541869105458702904e+01,4.983960520228524871e+00
7.543869677050585665e+01,4.165845572255152618e+00
7.545870248642469846e+01,3.514668979291580175e+00
7.547870820234352607e+01,3.439121167432265924e+00
7.549871391826236788e+01,2.941637102323267694e+00
7.551871963418119549e+01,4.246883573070517670e+00
7.553872535010003730e+01,3.014715800368199083e+00
7.555873106601886491e+01,3.035788530576627675e+00
7.557873678193770672e+01,3.466553590428502751e+00
7.559874249785653433e+01,3.351799038962814503e+00
7.561874821377536193e+01,2.731781998507260223e+00
7.563875392969420375e+01,2.907400020104910610e+00
7.565875964561303135e+01,2.397045646808613206e+00
7.567876536153187317e+01,3.340091701788336032e+00
7.569877107745070077e+01,2.574703303482413830e+00
7.571877679336954259e+01,2.536682157239727342e+00
7.573878250928837019e+01,2.484413920010789312e+00
7.575878822520721201e+01,2.888203039880349543e+00
7.577879394112603961e+01,2.784824393987971991e+00
7.579879965704486722e+01,2.430407220105693433e+00
7.581880537296370903e+01,1.979076234728354144e+00
7.583881108888253664e+01,1.430184112973506672e+00
7.585881680480137845e+01,2.485197242008251095e+00
7.587882252072020606e+01,1.375502076938795337e+00
7.589882823663904787e+01,1.964328443913762712e+00
7.591883395255787548e+01,2.156839211916512955e+00
7.593883966847671729e+01,2.478212481365735353e+00
7.595884538439554490e+01,1.526222616545860555e+00
7.597885110031437250e+01,1.429388935941939387e+00
7.599885681623321432e+01,2.605438945187507294e+00
7.601886253215204192e+01,1.812817686685583407e+00
7.603886824807088374e+01,2.102346460734185740e+00
7.605887396398971134e+01,2.298472622593598302e+00
7.607887967990855316e+01,2.969999633005019568e+00
7.609888539582738076e+01,2.542210981115899493e+00
7.611889111174622258e+01,2.642456937046872234e+00
7.613889682766505018e+01,3.412539534275557340e+00
7.615890254358387779e+01,3.405859132367720310e+00
7.617890825950271960e+01,2.499270273742232096e+00
7.619891397542154721e+01,2.967063962285513057e+00
7.621891969134038902e+01,3.122053928182433324e+00
7.623892540725921663e+01,3.142015338847192751e+00
7.625893112317805844e+01,4.047187942756619528e+00
7.627893683909688605e+01,3.513027290066602859e+00
7.629894255501572786e+01,4.276587662050287619e+00
7.631894827093455547e+01,3.987326388641673880e+00
7.633895398685339728e+01,4.414513808989491750e+00
7.635895970277222489e+01,3.071470534004234310e+00
7.637896541869105249e+01,3.642123150989103664e+00
7.639897113460989431e+01,2.889570124646873239e+00
7.641897685052872191e+01,3.945095079782995562e+00
7.643898256644756373e+01,3.242915852141734057e+00
7.645898828236639133e+01,3.136257724961042381e+00
7.647899399828523315e+01,3.155880536896564337e+00
7.649899971420406075e+01,2.907422434307676440e+00
7.651900543012290257e+01,3.135749484189382041e+00
7.653901114604173017e+01,3.438013558471335607e+00
7.655901686196055778e+01,3.326275433929137382e+00
7.657902257787939959e+01,2.949111331234197664e+00
7.659902829379822720e+01,3.033107193917281563e+00
7.661903400971706901e+01,3.550080789886068899e+00
7.663903972563589662e+01,2.990104219360789628e+00
7.665904544155473843e+01,3.889115257886626598e+00
7.667905115747356604e+01,4.033247207447663740e+00
7.669905687339240785e+01,3.303214943220457389e+00
7.671906258931123546e+01,3.136739176950749108e+00
7.673906830523006306e+01,3.067442140700900932e+00
7.675907402114890488e+01,4.129112767803209572e+00
7.677907973706773248e+01,3.229040852780715731e+00
7.679908545298657430e+01,3.532938316887039409e+00
7.681909116890540190e+01,3.657655456922165094e+00
7.683909688482424372e+01,3.508472984892694768e+00
7.685910260074307132e+01,2.971367765137399530e+00
7.687910831666191314e+01,4.353329135123297888e+00
7.689911403258074074e+01,3.391945150874733361e+00
7.691911974849956835e+01,3.089356399258767372e+00
7.693912546441841016e+01,4.206633186562124926e+00
7.695913118033723777e+01,4.298292103718664769e+00
7.697913689625607958e+01,3.395859234620211886e+00
7.699914261217490719e+01,3.836400845443974639e+00
7.701914832809374900e+01,3.569130402154673920e+00
7.703915404401257661e+01,3.225269057439140052e+00
7.705915975993141842e+01,3.305307157689167497e+00
7.707916547585024603e+01,2.280345979259312372e+00
7.709917119176907363e+01,3.048390082431243542e+00
7.711917690768791545e+01,3.094936000037006973e+00
7.713918262360674305e+01,2.046574751073199749e+00
7.715918833952558487e+01,3.031193600564296098e+00
7.717919405544441247e+01,2.122915841080906585e+00
7.719919977136325429e+01,2.509751311822895570e+00
7.721920548728208189e+01,2.499476594420518616e+00
7.723921120320092371e+01,2.270427563343110577e+00
7.725921691911975131e+01,2.887424234982951088e+00
7.727922263503859313e+01,3.752881483625999159e+00
7.729922835095742073e+01,2.489346813868852593e+00
7.731923406687624833e+01,3.366847467525056814e+00
7.733923978279509015e+01,3.211588517316408264e+00
7.735924549871391775e+01,3.301997985417612469e+00
7.737925121463275957e+01,3.270909149928767690e+00
7.739925693055158717e+01,3.979138831232147844e+00
7.741926264647042899e+01,4.213666510492226180e+00
7.743926836238925659e+01,4.546964034653728781e+00
7.745927407830809841e+01,4.636688164185542860e+00
7.747927979422692601e+01,4.104053442415121822e+00
7.749928551014575362e+01,4.220304236578952484e+00
7.751929122606459543e+01,4.995869671098608578e+00
7.753929694198342304e+01,4.438266583645959606e+00
7.755930265790226485e+01,4.284413858278404597e+00
7.757930837382109246e+01,5.023597130857686111e+00
7.759931408973993427e+01,4.477067594733365574e+00
7.761931980565876188e+01,4.287133936397354184e+00
7.763932552157760369e+01,3.962044200137921912e+00
7.765933123749643130e+01,4.180491347541651415e+00
7.767933695341525890e+01,3.606783599955366348e+00
7.769934266933410072e+01,3.780632862979676823e+00
7.771934838525292832e+01,4.720699768279517983e+00
7.773935410117177014e+01,4.454085433783681935e+00
7.775935981709059774e+01,4.568561921754199062e+00
7.777936553300943956e+01,4.929649495129256209e+00
7.779937124892826716e+01,4.221849783734928252e+00
7.781937696484710898e+01,4.823136805426868179e+00
7.783938268076593658e+01,4.744176046800466118e+00
7.785938839668476419e+01,4.710988893988926840e+00
7.787939411260360600e+01,4.808828664151636900e+00
7.789939982852243361e+01,4.578365240312779250e+00
7.791940554444127542e+01,3.983348131536967429e+00
7.793941126036010303e+01,4.330467910923458952e+00
7.795941697627894484e+01,4.124164875203187641e+00
7.797942269219777245e+01,4.068754349668175507e+00
7.799942840811661426e+01,3.112350357159550107e+00
7.801943412403544187e+01,3.402550951731239337e+00
7.803943983995426947e+01,2.839846247962797499e+00
7.805944555587311129e+01,3.407272623009726331e+00
7.807945127179193889e+01,2.988937795547973675e+00
7.809945698771078071e+01,2.085623433784192571e+00
7.811946270362960831e+01,2.436209146686870497e+00
7.813946841954845013e+01,1.936292621129201752e+00
7.815947413546727773e+01,2.377061979351082321e+00
7.817947985138611955e+01,2.802088883013519105e+00
7.819948556730494715e+01,2.514002483295270096e+00
7.821949128322378897e+01,1.899516988303187492e+00
7.823949699914261657e+01,2.187859484624516959e+00
7.825950271506144418e+01,1.955190831261955697e+00
7.827950843098028599e+01,1.510748331258809252e+00
7.829951414689911360e+01,2.437303362008796270e+00
7.831951986281795541e+01,2.150187429893085422e+00
7.833952557873678302e+01,2.645339627485431500e+00
7.835953129465562483e+01,2.169373549783881305e+00
7.837953701057445244e+01,1.918489670804077951e+00
7.839954272649329425e+01,1.861766847433702354e+00
7.841954844241212186e+01,1.867025575891901212e+00
7.843955415833094946e+01,2.481847907103176265e+00
7.845955987424979128e+01,1.794760676253007947e+00
7.847956559016861888e+01,2.516497623827349539e+00
7.849957130608746070e+01,2.171719610332552008e+00
7.851957702200628830e+01,1.632895452002020686e+00
7.853958273792513012e+01,2.386751999933013568e+00
7.855958845384395772e+01,3.059146449446108029e+00
7.857959416976279954e+01,3.286642141334438882e+00
7.859959988568162714e+01,3.007061449375295403e+00
7.861960560160045475e+01,2.198008159823761520e+00
7.863961131751929656e+01,3.235934273940708650e+00
7.865961703343812417e+01,3.512810348806130634e+00
7.867962274935696598e+01,3.999944899380965424e+00
7.869962846527579359e+01,2.931114703141820321e+00
7.871963418119463540e+01,3.165016219186125301e+00
7.873963989711346301e+01,3.379194998178010056e+00
7.875964561303230482e+01,3.315304516793553979e+00
7.877965132895113243e+01,3.819810558573789372e+00
7.879965704486996003e+01,2.761242454203594932e+00
7.881966276078880185e+01,3.144884787948643012e+00
7.883966847670762945e+01,3.302987893828678523e+00
7.885967419262647127e+01,3.868010781182828595e+00
7.887967990854529887e+01,3.351247752110814826e+00
7.889968562446414069e+01,3.259198438237965512e+00
7.891969134038296829e+01,3.720014090256590578e+00
7.893969705630181011e+01,2.624742091501436114e+00
7.895970277222063771e+01,3.730988370396249643e+00
7.897970848813946532e+01,3.235602393493971718e+00
7.899971420405830713e+01,3.936082087502818183e+00
7.901971991997713474e+01,3.015272227224415680e+00
7.903972563589597655e+01,3.416761412624718108e+00
7.905973135181480416e+01,3.780400739373964036e+00
7.907973706773364597e+01,4.235403549392609435e+00
7.909974278365247358e+01,3.902779336754079065e+00
7.911974849957131539e+01,3.637436350652984984e+00
7.913975421549014300e+01,4.278858566856937884e+00
7.915975993140898481e+01,4.213546139995351325e+00
7.917976564732781242e+01,3.755910000493606127e+00
7.919977136324664002e+01,3.655151456298083801e+00
7.921977707916548184e+01,3.818763883271841131e+00
7.923978279508430944e+01,3.909756802564227307e+00
7.925978851100315126e+01,4.149476017419901908e+00
7.927979422692197886e+01,3.644751554585927700e+00
7.929979994284082068e+01,4.505984833594782302e+00
7.931980565875964828e+01,4.485639218858292310e+00
7.933981137467849010e+01,4.666701303820607549e+00
7.935981709059731770e+01,4.327886720326890035e+00
7.937982280651614531e+01,5.188907117648493994e+00
7.939982852243498712e+01,4.678867349399563835e+00
7.941983423835381473e+01,4.759565317939316920e+00
7.943983995427265654e+01,4.492488146702395824e+00
7.945984567019148415e+01,4.833743317140666740e+00
7.947985138611032596e+01,4.875360754147427755e+00
7.949985710202915357e+01,4.942572961280639277e+00
7.951986281794799538e+01,5.028087846562045549e+00
7.953986853386682299e+01,4.435475031255775136e+00
7.955987424978565059e+01,4.777044730477843615e+00
7.957987996570449241e+01,5.139586635014623539e+00
7.959988568162332001e+01,4.523631159335907981e+00
7.961989139754216183e+01,4.531504049588647831e+00
7.963989711346098943e+01,5.239636130233483513e+00
7.965990282937983125e+01,4.471769685702460251e+00
7.967990854529865885e+01,4.456706275796892491e+00
7.969991426121750067e+01,3.715960573707271841e+00
7.971991997713632827e+01,4.163467009622187298e+00
7.973992569305515588e+01,4.220364520279675347e+00
7.975993140897399769e+01,3.178497637045965440e+00
7.977993712489282530e+01,2.879235074757230173e+00
7.979994284081166711e+01,2.487886861249196002e+00
7.981994855673049472e+01,2.788644153383369684e+00
7.983995427264933653e+01,3.536813642959289794e+00
7.985995998856816414e+01,3.211013483092481469e+00
7.987996570448700595e+01,2.964876736984661587e+00
7.989997142040583356e+01,3.168406575726869345e+00
7.991997713632466116e+01,2.553297090990087170e+00
7.993998285224350298e+01,2.349605312464532414e+00
7.995998856816233058e+01,1.934003434204007554e+00
7.997999428408117240e+01,1.965326134437167971e+00
8.000000000000000000e+01,1.197357801641072639e+00
