angle,intensity
1.000000000000000000e+01,3.719846635401663715e+00
1.002000571591883471e+01,2.755275431054462931e+00
1.004001143183766764e+01,3.372547392287940315e+00
1.006001714775650235e+01,2.909375641692740544e+00
1.008002286367533529e+01,3.417046820046620415e+00
1.010002857959417000e+01,2.604131162168769276e+00
1.012003429551300293e+01,4.216352826844214086e+00
1.014004001143183764e+01,3.009410831875557690e+00
1.016004572735067235e+01,3.179942665633028742e+00
1.018005144326950528e+01,3.335271093083671090e+00
1.020005715918833999e+01,2.731196644537956075e+00
1.022006287510717293e+01,3.442556893016846420e+00
1.024006859102600764e+01,3.080225782462287398e+00
1.026007430694484057e+01,3.172157396719966549e+00
1.028008002286367528e+01,3.914422456104257542e+00
1.030008573878250999e+01,3.379321658546023954e+00
1.032009145470134293e+01,3.171266710654339960e+00
1.034009717062017764e+01,3.437897375470325478e+00
1.036010288653901057e+01,4.068578911054494540e+00
1.038010860245784528e+01,4.117891528428232029e+00
1.040011431837667999e+01,3.192276282958816935e+00
1.042012003429551292e+01,3.865224140714184742e+00
1.044012575021434763e+01,2.883031675266398253e+00
1.046013146613318057e+01,3.356618576659670783e+00
1.048013718205201528e+01,3.259823500849420075e+00
1.050014289797084821e+01,3.510858071692362969e+00
1.052014861388968292e+01,3.790084258317133248e+00
1.054015432980851585e+01,3.793752266929593553e+00
1.056016004572735056e+01,3.780869626729464805e+00
1.058016576164618527e+01,3.964104692540507457e+00
1.060017147756501821e+01,3.405527766592503447e+00
1.062017719348385292e+01,3.323565228262530979e+00
1.064018290940268585e+01,3.540773482183291243e+00
1.066018862532152056e+01,3.471507464655188890e+00
1.068019434124035527e+01,4.037689152879845977e+00
1.070020005715918820e+01,3.690045721765254250e+00
1.072020577307802292e+01,3.910194133125107108e+00
1.074021148899685585e+01,2.756263583733327138e+00
1.076021720491569056e+01,3.742933903980890875e+00
1.078022292083452349e+01,3.135187127822853803e+00
1.080022863675335820e+01,3.093384594761910300e+00
1.082023435267219291e+01,3.184647474578298443e+00
1.084024006859102585e+01,3.670310587628516252e+00
1.086024578450986056e+01,3.375239235353968414e+00
1.088025150042869349e+01,3.981667966995638963e+00
1.090025721634752820e+01,3.828508354107784672e+00
1.092026293226636113e+01,3.493974246465437972e+00
1.094026864818519584e+01,3.863213591653875234e+00
1.096027436410403055e+01,3.435122325037565094e+00
1.098028008002286349e+01,3.252558739993985704e+00
1.100028579594169820e+01,3.276480805869072199e+00
1.102029151186053113e+01,4.298280588435762439e+00
1.104029722777936584e+01,3.418293670490160086e+00
1.106030294369819877e+01,3.742258816396588639e+00
1.108030865961703348e+01,4.017629452313115301e+00
1.110031437553586819e+01,4.128261433020063542e+00
1.112032009145470113e+01,2.985375960126068762e+00
1.114032580737353584e+01,3.114535695747137289e+00
1.116033152329236877e+01,3.897375565694255251e+00
1.118033723921120348e+01,3.464687407890688853e+00
1.120034295513003642e+01,3.646145974933125533e+00
1.122034867104887113e+01,3.890130963294161415e+00
1.124035438696770584e+01,3.622752220608496110e+00
1.126036010288653877e+01,3.072600262383234249e+00
1.128036581880537348e+01,3.438529830861433823e+00
1.130037153472420641e+01,2.864236671869627049e+00
1.132037725064304112e+01,3.838226229429614111e+00
1.134038296656187583e+01,3.012666960582579101e+00
1.136038868248070877e+01,3.739062381865743134e+00
1.138039439839954348e+01,3.600661472707533228e+00
1.140040011431837641e+01,3.415934296410660487e+00
1.142040583023721112e+01,3.755106528429975388e+00
1.144041154615604405e+01,3.346136248948559544e+00
1.146041726207487876e+01,3.843828524484124820e+00
1.148042297799371170e+01,3.778636043996475014e+00
1.150042869391254641e+01,3.595125348455243675e+00
1.152043440983138112e+01,3.979948629351566680e+00
1.154044012575021405e+01,3.375025583040524246e+00
1.156044584166904876e+01,3.271176623180554355e+00
1.158045155758788169e+01,4.020097173758693465e+00
1.160045727350671640e+01,3.340761578675064847e+00
1.162046298942555111e+01,3.381102254106935767e+00
1.164046870534438405e+01,3.300460574558930382e+00
1.166047442126321876e+01,3.411770908243819900e+00
1.168048013718205169e+01,3.754333021815091875e+00
1.170048585310088640e+01,3.287716407274427155e+00
1.172049156901971934e+01,2.812563870932997201e+00
1.174049728493855405e+01,3.593239304395841938e+00
1.176050300085738698e+01,3.496403011437489994e+00
1.178050871677622169e+01,3.940747225972940804e+00
1.180051443269505640e+01,2.976873330164264253e+00
1.182052014861388933e+01,3.095376255238049268e+00
1.184052586453272404e+01,3.195280491216275998e+00
1.186053158045155698e+01,3.500810660827231136e+00
1.188053729637039169e+01,3.403673295272070742e+00
1.190054301228922640e+01,3.999395459181434909e+00
1.192054872820805933e+01,3.632433726977718269e+00
1.194055444412689404e+01,3.505415136115054953e+00
1.196056016004572697e+01,3.340778240902077201e+00
1.198056587596456168e+01,3.497842143111618007e+00
1.200057159188339639e+01,3.988335605629458769e+00
1.202057730780222933e+01,2.693857929375416571e+00
1.204058302372106226e+01,3.853624951173850732e+00
1.206058873963989697e+01,3.714908536965152219e+00
1.208059445555873168e+01,3.099228461171458004e+00
1.210060017147756461e+01,3.708220320415010818e+00
1.212060588739639932e+01,3.353144098884953905e+00
1.214061160331523226e+01,3.146582507539828377e+00
1.216061731923406697e+01,2.938309643402410742e+00
1.218062303515290168e+01,4.039161148338238583e+00
1.220062875107173461e+01,4.195802940310524143e+00
1.222063446699056932e+01,3.778458401151826962e+00
1.224064018290940226e+01,3.341116439145071837e+00
1.226064589882823697e+01,3.395165708475300193e+00
1.228065161474707168e+01,3.326202219833124918e+00
1.230065733066590461e+01,2.801902484610114819e+00
1.232066304658473754e+01,2.954573751059559328e+00
1.234066876250357225e+01,2.755357595082179145e+00
1.236067447842240696e+01,2.964695919435754945e+00
1.238068019434123990e+01,3.000927505208827117e+00
1.240068591026007461e+01,3.726015108702098289e+00
1.242069162617890754e+01,3.463015923757101433e+00
1.244069734209774225e+01,3.387348479974868543e+00
1.246070305801657696e+01,3.394621861380791916e+00
1.248070877393540989e+01,3.566908156354290149e+00
1.250071448985424460e+01,3.755341038381885710e+00
1.252072020577307754e+01,3.414029405443686827e+00
1.254072592169191225e+01,3.015801474916928182e+00
1.256073163761074696e+01,2.590461565046194181e+00
1.258073735352957989e+01,2.672267025680485908e+00
1.260074306944841460e+01,3.459184619733869592e+00
1.262074878536724754e+01,4.191425839755948957e+00
1.264075450128608225e+01,3.162917896044645794e+00
1.266076021720491518e+01,3.306707965481506584e+00
1.268076593312374989e+01,3.939833923615259081e+00
1.270077164904258282e+01,2.746805261356965566e+00
1.272077736496141753e+01,3.739988826770192176e+00
1.274078308088025224e+01,2.680137987047950698e+00
1.276078879679908518e+01,3.176662227438472819e+00
1.278079451271791989e+01,3.532607548180171531e+00
1.280080022863675282e+01,3.441309352853671566e+00
1.282080594455558753e+01,2.678065052065244256e+00
1.284081166047442224e+01,3.520176628655065088e+00
1.286081737639325517e+01,3.953651978644663778e+00
1.288082309231208988e+01,4.096754046184938325e+00
1.290082880823092282e+01,3.563973410960770583e+00
1.292083452414975753e+01,3.799001295219138541e+00
1.294084024006859224e+01,2.901176229601269974e+00
1.296084595598742517e+01,3.836032807676988288e+00
1.298085167190625810e+01,3.493432888123659819e+00
1.300085738782509281e+01,3.884511368784727470e+00
1.302086310374392752e+01,3.780809187361770185e+00
1.304086881966276046e+01,3.655694954087947313e+00
1.306087453558159517e+01,3.977652380952928723e+00
1.308088025150042810e+01,3.682101855479384067e+00
1.310088596741926281e+01,3.565083962201805790e+00
1.312089168333809752e+01,3.424162319998185655e+00
1.314089739925693046e+01,3.670623339036568566e+00
1.316090311517576517e+01,3.001207726241452711e+00
1.318090883109459810e+01,4.172556606806640644e+00
1.320091454701343281e+01,3.619528558662794548e+00
1.322092026293226752e+01,3.296722869783970111e+00
1.324092597885110045e+01,3.382033164134166547e+00
1.326093169476993339e+01,3.346347389812554418e+00
1.328093741068876810e+01,4.300496660595153564e+00
1.330094312660760281e+01,3.002775971083650575e+00
1.332094884252643574e+01,2.673054948520577234e+00
1.334095455844527045e+01,3.769796487201979573e+00
1.336096027436410338e+01,3.024512104898012588e+00
1.338096599028293809e+01,3.205394195773465960e+00
1.340097170620177280e+01,3.583073172462017286e+00
1.342097742212060574e+01,3.555296796108136981e+00
1.344098313803944045e+01,2.881201608644255341e+00
1.346098885395827338e+01,3.517701320337952353e+00
1.348099456987710809e+01,3.475453980609567672e+00
1.350100028579594280e+01,3.600912519104979559e+00
1.352100600171477573e+01,3.725564374347094088e+00
1.354101171763361044e+01,3.425168872947591314e+00
1.356101743355244338e+01,2.810320531085215734e+00
1.358102314947127809e+01,3.668224475424870512e+00
1.360102886539011102e+01,2.892182356170651225e+00
1.362103458130894573e+01,3.459947428189070973e+00
1.364104029722777867e+01,3.251452084087566696e+00
1.366104601314661338e+01,4.125843867277861676e+00
1.368105172906544809e+01,3.128655329386373030e+00
1.370105744498428102e+01,3.138642518015958949e+00
1.372106316090311573e+01,3.400376010621766198e+00
1.374106887682194866e+01,2.731022659052142032e+00
1.376107459274078337e+01,2.982073451040542444e+00
1.378108030865961808e+01,3.055304215241212873e+00
1.380108602457845102e+01,3.119956166046301327e+00
1.382109174049728573e+01,2.955947072520380026e+00
1.384109745641611866e+01,4.201521577999022483e+00
1.386110317233495337e+01,3.623979927613369512e+00
1.388110888825378808e+01,3.602801724112831838e+00
1.390111460417262101e+01,3.653201238383451788e+00
1.392112032009145395e+01,3.483068630550196332e+00
1.394112603601028866e+01,3.422068736291794977e+00
1.396113175192912337e+01,3.622100118220700438e+00
1.398113746784795630e+01,3.001873767455003783e+00
1.400114318376679101e+01,3.590687302606277331e+00
1.402114889968562395e+01,3.857570814997526298e+00
1.404115461560445866e+01,3.080349028218853036e+00
1.406116033152329337e+01,3.566980041935142509e+00
1.408116604744212630e+01,3.122416992781223311e+00
1.410117176336095923e+01,2.774556260352952997e+00
1.412117747927979394e+01,3.515076818878552167e+00
1.414118319519862865e+01,3.968248964881161633e+00
1.416118891111746336e+01,3.338187769944807481e+00
1.418119462703629630e+01,3.913176143820335184e+00
1.420120034295512923e+01,3.424301689410091498e+00
1.422120605887396394e+01,3.565093785420458516e+00
1.424121177479279865e+01,2.588282787316074973e+00
1.426121749071163336e+01,3.335812619626108422e+00
1.428122320663046629e+01,3.741977525069674293e+00
1.430122892254929923e+01,3.248540409643118299e+00
1.432123463846813394e+01,2.944489903853772184e+00
1.434124035438696865e+01,3.331344282215151331e+00
1.436124607030580158e+01,3.568239583835017381e+00
1.438125178622463629e+01,3.434315608329215230e+00
1.440125750214346922e+01,3.136036625111034759e+00
1.442126321806230393e+01,3.253394823658155133e+00
1.444126893398113864e+01,3.816559105543263719e+00
1.446127464989997158e+01,3.157023054352366298e+00
1.448128036581880451e+01,3.233809234250355047e+00
1.450128608173763922e+01,3.059958851206409314e+00
1.452129179765647393e+01,3.394142954841944615e+00
1.454129751357530864e+01,3.909853981821949098e+00
1.456130322949414158e+01,3.798831204095769465e+00
1.458130894541297451e+01,4.169963938467194708e+00
1.460131466133180922e+01,4.050874332826642110e+00
1.462132037725064393e+01,3.658534627994927568e+00
1.464132609316947686e+01,3.414006189337626118e+00
1.466133180908831157e+01,3.239606274754751158e+00
1.468133752500714451e+01,3.028998816790509974e+00
1.470134324092597922e+01,3.585522462474135530e+00
1.472134895684481393e+01,3.434570695614709290e+00
1.474135467276364686e+01,2.771747308716086433e+00
1.476136038868247979e+01,3.450605346370812399e+00
1.478136610460131450e+01,3.253372556136691518e+00
1.480137182052014921e+01,3.257215780906763225e+00
1.482137753643898392e+01,2.961111716585461018e+00
1.484138325235781686e+01,3.684510906386689655e+00
1.486138896827664979e+01,3.036755880243613870e+00
1.488139468419548450e+01,3.709350525304377477e+00
1.490140040011431921e+01,2.714575128377815005e+00
1.492140611603315392e+01,3.924512043243328918e+00
1.494141183195198685e+01,2.633853748937437622e+00
1.496141754787081979e+01,4.061321998834579006e+00
1.498142326378965450e+01,3.056442239429217000e+00
1.500142897970848921e+01,3.466617335811188472e+00
1.502143469562732214e+01,3.711079364883200338e+00
1.504144041154615508e+01,3.168801526641796151e+00
1.506144612746498979e+01,3.439369763526180623e+00
1.508145184338382450e+01,3.534705532205967060e+00
1.510145755930265921e+01,3.694179609168102729e+00
1.512146327522149214e+01,3.284027019476813081e+00
1.514146899114032507e+01,3.933911345836577311e+00
1.516147470705915978e+01,3.225319956738989635e+00
1.518148042297799449e+01,3.788273021761532355e+00
1.520148613889682920e+01,2.803573534737588080e+00
1.522149185481566214e+01,2.888572469072214766e+00
1.524149757073449507e+01,3.238779799435020479e+00
1.526150328665332978e+01,2.749289735427134396e+00
1.528150900257216449e+01,3.047782892862044513e+00
1.530151471849099742e+01,3.243533054167969887e+00
1.532152043440983036e+01,3.350267612518339710e+00
1.534152615032866507e+01,3.874245888300923646e+00
1.536153186624749978e+01,3.423342345535384634e+00
1.538153758216633449e+01,3.709420942576730162e+00
1.540154329808516742e+01,3.355523761742888134e+00
1.542154901400400036e+01,4.176157725750773153e+00
1.544155472992283507e+01,3.240566022556297554e+00
1.546156044584166978e+01,3.718680955021829160e+00
1.548156616176050449e+01,2.951181342908590466e+00
1.550157187767933742e+01,3.358283000748213176e+00
1.552157759359817035e+01,2.840001893401318256e+00
1.554158330951700506e+01,3.263848230870495470e+00
1.556158902543583977e+01,3.046987205943176846e+00
1.558159474135467271e+01,3.508665855589427895e+00
1.560160045727350742e+01,3.229541587766431299e+00
1.562160617319234035e+01,3.491760690137014400e+00
1.564161188911117506e+01,3.660345722895805842e+00
1.566161760503000977e+01,3.328382162176310111e+00
1.568162332094884270e+01,3.838109192625809296e+00
1.570162903686767564e+01,3.297574812553919710e+00
1.572163475278651035e+01,3.856454011397210557e+00
1.574164046870534506e+01,3.172976037544743999e+00
1.576164618462417977e+01,3.386285746930415286e+00
1.578165190054301270e+01,2.964383590091469234e+00
1.580165761646184563e+01,3.494132859296915861e+00
1.582166333238068034e+01,3.748416009362987023e+00
1.584166904829951505e+01,3.041182217420024703e+00
1.586167476421834799e+01,3.038129457887890794e+00
1.588168048013718270e+01,2.812791995714228221e+00
1.590168619605601563e+01,3.508078575503613017e+00
1.592169191197485034e+01,3.991098702676806109e+00
1.594169762789368505e+01,3.948019063813033913e+00
1.596170334381251799e+01,2.962045656540398753e+00
1.598170905973135092e+01,3.808981318976036423e+00
1.600171477565018563e+01,3.547779043342849992e+00
1.602172049156902034e+01,3.136010393942307406e+00
1.604172620748785505e+01,2.837182563027034199e+00
1.606173192340668976e+01,3.171130014606452718e+00
1.608173763932552092e+01,3.263494589578770810e+00
1.610174335524435563e+01,3.030975734947725542e+00
1.612174907116319034e+01,3.034431098697365048e+00
1.614175478708202505e+01,3.488198713624503178e+00
1.616176050300085620e+01,3.361593056938064095e+00
1.618176621891969091e+01,3.238750646715988779e+00
1.620177193483852562e+01,3.556792599784822428e+00
1.622177765075736033e+01,4.048879160318849202e+00
1.624178336667619504e+01,3.880240692498757582e+00
1.626178908259502620e+01,3.377496135483706752e+00
1.628179479851386091e+01,3.894702994085173842e+00
1.630180051443269562e+01,4.199887417140355517e+00
1.632180623035153033e+01,3.870515034669685051e+00
1.634181194627036149e+01,3.862466617594238816e+00
1.636181766218919620e+01,3.251147423010037230e+00
1.638182337810803091e+01,3.931358055377248473e+00
1.640182909402686562e+01,3.337178355969366628e+00
1.642183480994570033e+01,3.679770952971025633e+00
1.644184052586453504e+01,3.684057789946713068e+00
1.646184624178336620e+01,4.148604284647436913e+00
1.648185195770220091e+01,3.223255545661544375e+00
1.650185767362103562e+01,3.805643585384272498e+00
1.652186338953986677e+01,3.405911450840616084e+00
1.654186910545870148e+01,3.656034760469251133e+00
1.656187482137753619e+01,2.884183528067622682e+00
1.658188053729637090e+01,3.014024888943713343e+00
1.660188625321520561e+01,3.252324779323336301e+00
1.662189196913404032e+01,3.016719633553045732e+00
1.664189768505287148e+01,3.313843260471919017e+00
1.666190340097170619e+01,3.024525413861521184e+00
1.668190911689054090e+01,3.893053561183245748e+00
1.670191483280937561e+01,4.086412892103091998e+00
1.672192054872820677e+01,3.676908735622487878e+00
1.674192626464704148e+01,2.657193053761980117e+00
1.676193198056587619e+01,3.944559505937803578e+00
1.678193769648471090e+01,4.251210819744327019e+00
1.680194341240354561e+01,4.119726749761551510e+00
1.682194912832238032e+01,2.763285036165121333e+00
1.684195484424121148e+01,3.575444767561520187e+00
1.686196056016004619e+01,2.959141010631574531e+00
1.688196627607888090e+01,3.134523804336968755e+00
1.690197199199771205e+01,3.431229867655931187e+00
1.692197770791654676e+01,2.802442323720839568e+00
1.694198342383538147e+01,3.175398717361503920e+00
1.696198913975421618e+01,3.508323924197108923e+00
1.698199485567305089e+01,3.812324058151235651e+00
1.700200057159188560e+01,3.089137936281093122e+00
1.702200628751071676e+01,3.478770418883935012e+00
1.704201200342955147e+01,4.136986286853877814e+00
1.706201771934838618e+01,3.435212059970617737e+00
1.708202343526722089e+01,3.633772167911199169e+00
1.710202915118605205e+01,3.686586629717948593e+00
1.712203486710488676e+01,3.694027840223905290e+00
1.714204058302372147e+01,3.310227942947330693e+00
1.716204629894255618e+01,3.705410008739501215e+00
1.718205201486139089e+01,4.170327507399070655e+00
1.720205773078022204e+01,3.999750484553890040e+00
1.722206344669905675e+01,3.885051886806830446e+00
1.724206916261789146e+01,2.851695146402566383e+00
1.726207487853672617e+01,3.632000554140515813e+00
1.728208059445555733e+01,3.369986612453419461e+00
1.730208631037439204e+01,3.122568923128017815e+00
1.732209202629322675e+01,3.211288621991353676e+00
1.734209774221206146e+01,3.315204481405509718e+00
1.736210345813089617e+01,3.152553557779619986e+00
1.738210917404973088e+01,3.429290775449945095e+00
1.740211488996856204e+01,3.071413506160696194e+00
1.742212060588739675e+01,3.104320962206939871e+00
1.744212632180623146e+01,3.652748612357518354e+00
1.746213203772506262e+01,3.441524780911039194e+00
1.748213775364389733e+01,3.159645238517545085e+00
1.750214346956273204e+01,4.194903058861672029e+00
1.752214918548156675e+01,3.880729564180736446e+00
1.754215490140040146e+01,3.513394838895667505e+00
1.756216061731923617e+01,3.455227642215382922e+00
1.758216633323806732e+01,3.604024991594142691e+00
1.760217204915690203e+01,3.215975336438326337e+00
1.762217776507573674e+01,3.439851972323814344e+00
1.764218348099457145e+01,3.701925148396923326e+00
1.766218919691340261e+01,3.292688968836410712e+00
1.768219491283223732e+01,3.519321262704906417e+00
1.770220062875107203e+01,3.653305164315557629e+00
1.772220634466990674e+01,3.249018310469620641e+00
1.774221206058874145e+01,3.577089012947972435e+00
1.776221777650757616e+01,3.339154335635275750e+00
1.778222349242640732e+01,3.254362217070383423e+00
1.780222920834524203e+01,3.462051906854801242e+00
1.782223492426407674e+01,3.132397660878417867e+00
1.784224064018290790e+01,3.693444598573112359e+00
1.786224635610174261e+01,2.887601472633039901e+00
1.788225207202057732e+01,4.194016283785620303e+00
1.790225778793941203e+01,3.350134279013841532e+00
1.792226350385824674e+01,3.957830220683296929e+00
1.794226921977708145e+01,3.381608149444041977e+00
1.796227493569591260e+01,3.562666173601465758e+00
1.798228065161474731e+01,2.840557292493163022e+00
1.800228636753358202e+01,3.869398254995756847e+00
1.802229208345241318e+01,3.537826684336698779e+00
1.804229779937124789e+01,2.598961127594118015e+00
1.806230351529008260e+01,3.775076900903653332e+00
1.808230923120891731e+01,3.779576117060938323e+00
1.810231494712775202e+01,2.650078660120290142e+00
1.812232066304658673e+01,4.018813164386579651e+00
1.814232637896542144e+01,3.856262823000472295e+00
1.816233209488425260e+01,4.037401534907665734e+00
1.818233781080308731e+01,3.936994639732895873e+00
1.820234352672191847e+01,3.179010753205413931e+00
1.822234924264075318e+01,3.739813809866503913e+00
1.824235495855958789e+01,3.002531166514144534e+00
1.826236067447842260e+01,3.273871140493691989e+00
1.828236639039725731e+01,3.664248084603264566e+00
1.830237210631609202e+01,3.032617962975167281e+00
1.832237782223492673e+01,3.555924179261561235e+00
1.834238353815375788e+01,3.169392203613199843e+00
1.836238925407259259e+01,3.856741306718859619e+00
1.838239496999142730e+01,3.715868308118278840e+00
1.840240068591025846e+01,4.179094991987072127e+00
1.842240640182909317e+01,3.566780729304582565e+00
1.844241211774792788e+01,3.072866185653396087e+00
1.846241783366676259e+01,4.057448079874844460e+00
1.848242354958559730e+01,3.803313246615334542e+00
1.850242926550443201e+01,4.183939147478291432e+00
1.852243498142326672e+01,3.007900575727930903e+00
1.854244069734209788e+01,3.695160449609955045e+00
1.856244641326093259e+01,3.245460128798294708e+00
1.858245212917976374e+01,3.150080082943062187e+00
1.860245784509859845e+01,3.632708137379090374e+00
1.862246356101743316e+01,3.862824243309568750e+00
1.864246927693626787e+01,3.093471387546480322e+00
1.866247499285510258e+01,3.561418995168209811e+00
1.868248070877393729e+01,3.577620005864217134e+00
1.870248642469277200e+01,3.143140930982735171e+00
1.872249214061160316e+01,3.145862404145770341e+00
1.874249785653043787e+01,4.089971169081346503e+00
1.876250357244927258e+01,3.849203933377907560e+00
1.878250928836810374e+01,3.672012279486118747e+00
1.880251500428693845e+01,3.909770804942539701e+00
1.882252072020577316e+01,3.736090457694318356e+00
1.884252643612460787e+01,3.601552422112383134e+00
1.886253215204344258e+01,3.874660450449908033e+00
1.888253786796227729e+01,2.927194951679028101e+00
1.890254358388111200e+01,3.116846060721661704e+00
1.892254929979994316e+01,4.208949118150399293e+00
1.894255501571877787e+01,3.017027078269272522e+00
1.896256073163760902e+01,4.394785265250595430e+00
1.898256644755644373e+01,3.549354391636709849e+00
1.900257216347527844e+01,3.069168908302707166e+00
1.902257787939411315e+01,3.671766613731800355e+00
1.904258359531294786e+01,4.168114515707833867e+00
1.906258931123178257e+01,3.776324269955075863e+00
1.908259502715061728e+01,3.862496227147621752e+00
1.910260074306944844e+01,3.270308309005310221e+00
1.912260645898828315e+01,3.264300340775042386e+00
1.914261217490711431e+01,3.732212936046500396e+00
1.916261789082594902e+01,3.471909298826323820e+00
1.918262360674478373e+01,3.699195786995522095e+00
1.920262932266361844e+01,3.770978692827799961e+00
1.922263503858245315e+01,4.378041352667105812e+00
1.924264075450128786e+01,4.071736070599835777e+00
1.926264647042012257e+01,3.478490697868879877e+00
1.928265218633895373e+01,2.980656012504975916e+00
1.930265790225778844e+01,3.263419810035170343e+00
1.932266361817662315e+01,3.645506935047853503e+00
1.934266933409545430e+01,4.017609288267613543e+00
1.936267505001428901e+01,4.148652172813064531e+00
1.938268076593312372e+01,4.542047261122741375e+00
1.940268648185195843e+01,4.396872090216279005e+00
1.942269219777079314e+01,4.415481349716985804e+00
1.944269791368962785e+01,3.465516200938816294e+00
1.946270362960846256e+01,3.710319499764487716e+00
1.948270934552729372e+01,3.095159083786851006e+00
1.950271506144612843e+01,3.631685182197047723e+00
1.952272077736495959e+01,3.356074883202201597e+00
1.954272649328379430e+01,3.540818175467359552e+00
1.956273220920262901e+01,4.281903715657156440e+00
1.958273792512146372e+01,3.085727012177803985e+00
1.960274364104029843e+01,3.477001053988242774e+00
1.962274935695913314e+01,3.151798564636908662e+00
1.964275507287796785e+01,3.297090766499517045e+00
1.966276078879679901e+01,2.987013510664508154e+00
1.968276650471563372e+01,3.427600595951658669e+00
1.970277222063446487e+01,3.923704132214876239e+00
1.972277793655329958e+01,3.615391169230275814e+00
1.974278365247213429e+01,3.585599962594685941e+00
1.976278936839096900e+01,3.657757170371563671e+00
1.978279508430980371e+01,4.243534307134235739e+00
1.980280080022863842e+01,3.018444863758174002e+00
1.982280651614747313e+01,3.647046458611088227e+00
1.984281223206630784e+01,3.466489938636624579e+00
1.986281794798513900e+01,2.964464125274579143e+00
1.988282366390397371e+01,3.905622272545910878e+00
1.990282937982280487e+01,3.178086461648763184e+00
1.992283509574163958e+01,3.500755843675208645e+00
1.994284081166047429e+01,3.588112439609435711e+00
1.996284652757930900e+01,3.341822785702130538e+00
1.998285224349814371e+01,3.399731716531137593e+00
2.000285795941697842e+01,4.509731242336348700e+00
2.002286367533581313e+01,3.796565761836585118e+00
2.004286939125464428e+01,3.640152164728557516e+00
2.006287510717347899e+01,2.971607238700328502e+00
2.008288082309231015e+01,3.415754250320109264e+00
2.010288653901114486e+01,3.824972012417911849e+00
2.012289225492997957e+01,4.235403274100409732e+00
2.014289797084881428e+01,3.725583359516520421e+00
2.016290368676764899e+01,3.088002224966452935e+00
2.018290940268648370e+01,4.058640195447526189e+00
2.020291511860531841e+01,3.368994356313516736e+00
2.022292083452414957e+01,4.378933948335949289e+00
2.024292655044298428e+01,3.830036086615317359e+00
2.026293226636181899e+01,3.852976467988717957e+00
2.028293798228065015e+01,3.400791546984802682e+00
2.030294369819948486e+01,3.356634043749957996e+00
2.032294941411831957e+01,3.271623250540084626e+00
2.034295513003715428e+01,3.418211913236188337e+00
2.036296084595598899e+01,3.240030784277752929e+00
2.038296656187482370e+01,3.369045355144681064e+00
2.040297227779365841e+01,3.409293478113562870e+00
2.042297799371248956e+01,4.387096759292779424e+00
2.044298370963132427e+01,4.128553761403406241e+00
2.046298942555015543e+01,3.405474814758394864e+00
2.048299514146899014e+01,3.680051305952619423e+00
2.050300085738782485e+01,3.681234821720166472e+00
2.052300657330665956e+01,2.962513545932353498e+00
2.054301228922549427e+01,3.757225431218375711e+00
2.056301800514432898e+01,4.420887595123769387e+00
2.058302372106316369e+01,4.057442931474984249e+00
2.060302943698199485e+01,3.145546940720527207e+00
2.062303515290082956e+01,3.433783014704975045e+00
2.064304086881966072e+01,3.662615669365036908e+00
2.066304658473849543e+01,4.391000042487402943e+00
2.068305230065733014e+01,3.701332179671360301e+00
2.070305801657616485e+01,3.165929656011291726e+00
2.072306373249499956e+01,3.723795581166473134e+00
2.074306944841383427e+01,3.805320646747132329e+00
2.076307516433266898e+01,4.222505331804355500e+00
2.078308088025150369e+01,4.141542563597858440e+00
2.080308659617033484e+01,3.857444026290552941e+00
2.082309231208916955e+01,4.355400361499006223e+00
2.084309802800800071e+01,4.070319146855881698e+00
2.086310374392683542e+01,3.821647786303684846e+00
2.088310945984567013e+01,4.426679914114346026e+00
2.090311517576450484e+01,4.713698054001985938e+00
2.092312089168333955e+01,4.512899786129136004e+00
2.094312660760217426e+01,4.866781803901842451e+00
2.096313232352100897e+01,4.457940283585733354e+00
2.098313803943984013e+01,4.404820267891242480e+00
2.100314375535867484e+01,4.300389549612003925e+00
2.102314947127750600e+01,4.143467439331038449e+00
2.104315518719634071e+01,4.303160949664965429e+00
2.106316090311517542e+01,3.478720235754475087e+00
2.108316661903401013e+01,4.824145680600423702e+00
2.110317233495284484e+01,4.494825392622296967e+00
2.112317805087167955e+01,4.985095137195578729e+00
2.114318376679051426e+01,4.102224858029292598e+00
2.116318948270934541e+01,4.421047467323056424e+00
2.118319519862818012e+01,5.025126043822549349e+00
2.120320091454701483e+01,5.065605711846769665e+00
2.122320663046584599e+01,4.524389025085648441e+00
2.124321234638468070e+01,4.882128648488928135e+00
2.126321806230351541e+01,5.276223537387267015e+00
2.128322377822235012e+01,4.792227990018764316e+00
2.130322949414118483e+01,5.644806618014815314e+00
2.132323521006001954e+01,4.705470609829534467e+00
2.134324092597885425e+01,5.035132779422236027e+00
2.136324664189768541e+01,5.290207868725049778e+00
2.138325235781652012e+01,4.993733529165172769e+00
2.140325807373535127e+01,5.298916339147756283e+00
2.142326378965418598e+01,5.917640547228310233e+00
2.144326950557302069e+01,5.119633934806733677e+00
2.146327522149185540e+01,6.183817516185632357e+00
2.148328093741069011e+01,6.418710380161700257e+00
2.150328665332952482e+01,5.745013452195699699e+00
2.152329236924835953e+01,6.399184599693478859e+00
2.154329808516719069e+01,6.697854438715443948e+00
2.156330380108602540e+01,5.989307321489780733e+00
2.158330951700485656e+01,6.070644444306742216e+00
2.160331523292369127e+01,6.750184938879524310e+00
2.162332094884252598e+01,7.154299450639369340e+00
2.164332666476136069e+01,6.641500448221767883e+00
2.166333238068019540e+01,6.988552127654396706e+00
2.168333809659903011e+01,6.887767104529904927e+00
2.170334381251786482e+01,7.115843315388424628e+00
2.172334952843669598e+01,7.195713173533546225e+00
2.174335524435553069e+01,7.847233572801981083e+00
2.176336096027436540e+01,7.390065667120341075e+00
2.178336667619319655e+01,7.831417965281561422e+00
2.180337239211203126e+01,8.298261520819865567e+00
2.182337810803086597e+01,7.870719030990370513e+00
2.184338382394970068e+01,9.274852058178780112e+00
2.186338953986853539e+01,8.531449561965260386e+00
2.188339525578737010e+01,8.230611560086611433e+00
2.190340097170620481e+01,9.213318444794488471e+00
2.192340668762503597e+01,9.518624581014663022e+00
2.194341240354387068e+01,9.275015620143991057e+00
2.196341811946270184e+01,9.677460364940092319e+00
2.198342383538153655e+01,1.011378414781861323e+01
2.200342955130037126e+01,9.512134127480976531e+00
2.202343526721920597e+01,9.969777843753957924e+00
2.204344098313804068e+01,1.049631348338069259e+01
2.206344669905687539e+01,1.117983370207516103e+01
2.208345241497571010e+01,1.039785906178915553e+01
2.210345813089454126e+01,1.123719752381332171e+01
2.212346384681337597e+01,1.108206221108492961e+01
2.214346956273221068e+01,1.206577264699326335e+01
2.216347527865104183e+01,1.211767358414619977e+01
2.218348099456987654e+01,1.185576964375918685e+01
2.220348671048871125e+01,1.123500048915598981e+01
2.222349242640754596e+01,1.183687350618286871e+01
2.224349814232638067e+01,1.175985084674930725e+01
2.226350385824521538e+01,1.256170425746604025e+01
2.228350957416405009e+01,1.222027957571854984e+01
2.230351529008288125e+01,1.241669849410248005e+01
2.232352100600171596e+01,1.199752267351012947e+01
2.234352672192054712e+01,1.263255106563119945e+01
2.236353243783938183e+01,1.291234517631501433e+01
2.238353815375821654e+01,1.269173576289214367e+01
2.240354386967705125e+01,1.198907980555790331e+01
2.242354958559588596e+01,1.222917046559686938e+01
2.244355530151472067e+01,1.248495645839317092e+01
2.246356101743355538e+01,1.171813475120711701e+01
2.248356673335238654e+01,1.158058494263622507e+01
2.250357244927122125e+01,1.158250470756039263e+01
2.252357816519005240e+01,1.247604323963060757e+01
2.254358388110888711e+01,1.183359629770280463e+01
2.256358959702772182e+01,1.114932694079895370e+01
2.258359531294655653e+01,1.083753907933941107e+01
2.260360102886539124e+01,1.079341955741619685e+01
2.262360674478422595e+01,1.114619990389886794e+01
2.264361246070306066e+01,1.038580568865975806e+01
2.266361817662189182e+01,9.910656087740498776e+00
2.268362389254072653e+01,1.044486831486268130e+01
2.270362960845956124e+01,9.020579615860722100e+00
2.272363532437839240e+01,9.026810170194170979e+00
2.274364104029722711e+01,8.602591227029233067e+00
2.276364675621606182e+01,8.396948517229558817e+00
2.278365247213489653e+01,8.184051106171574830e+00
2.280365818805373124e+01,7.754956642769363917e+00
2.282366390397256595e+01,7.900259418056972294e+00
2.284366961989140066e+01,7.923738797084844521e+00
2.286367533581023181e+01,7.052728359674967251e+00
2.288368105172906652e+01,7.652042871615288178e+00
2.290368676764789768e+01,7.210743191870914615e+00
2.292369248356673239e+01,6.303338324628603218e+00
2.294369819948556710e+01,6.226353659359833870e+00
2.296370391540440181e+01,5.923276402092437110e+00
2.298370963132323652e+01,5.676652874720165443e+00
2.300371534724207123e+01,6.216783395757061292e+00
2.302372106316090594e+01,6.760317629937722117e+00
2.304372677907973710e+01,5.146567850593267934e+00
2.306373249499857181e+01,5.495908429442570409e+00
2.308373821091740652e+01,4.923526196795279475e+00
2.310374392683623768e+01,4.736996587837013273e+00
2.312374964275507239e+01,5.225685836005605545e+00
2.314375535867390710e+01,4.967867730726805320e+00
2.316376107459274181e+01,5.416410718278919845e+00
2.318376679051157652e+01,4.805629099115469316e+00
2.320377250643041123e+01,5.347753795583706449e+00
2.322377822234924594e+01,4.872151097145250631e+00
2.324378393826807709e+01,5.452241118686457000e+00
2.326378965418691180e+01,5.040154312124531799e+00
2.328379537010574296e+01,4.370754113318444212e+00
2.330380108602457767e+01,4.781456747004160235e+00
2.332380680194341238e+01,4.398663027512294654e+00
2.334381251786224709e+01,4.226431445969227596e+00
2.336381823378108180e+01,4.217002026118218616e+00
2.338382394969991651e+01,4.758314825977866036e+00
2.340382966561875122e+01,4.028054189437955124e+00
2.342383538153758238e+01,4.172036849959202875e+00
2.344384109745641709e+01,3.919242380909588430e+00
2.346384681337524825e+01,4.417337124622178202e+00
2.348385252929408296e+01,4.465642278527644393e+00
2.350385824521291767e+01,4.675998105233302837e+00
2.352386396113175238e+01,4.624381155272627275e+00
2.354386967705058709e+01,5.032547422814820592e+00
2.356387539296942180e+01,4.644376029634866399e+00
2.358388110888825651e+01,3.733679839014127033e+00
2.360388682480708766e+01,3.455925559042178463e+00
2.362389254072592237e+01,3.879089252179187763e+00
2.364389825664475708e+01,4.083002811708620783e+00
2.366390397256358824e+01,3.731283609439502325e+00
2.368390968848242295e+01,4.009498652065104807e+00
2.370391540440125766e+01,4.284788505702998407e+00
2.372392112032009237e+01,3.315230224079931176e+00
2.374392683623892708e+01,4.338715511832617722e+00
2.376393255215776179e+01,3.917121330368082965e+00
2.378393826807659650e+01,3.978599954264486982e+00
2.380394398399542766e+01,3.134390870931409445e+00
2.382394969991426237e+01,4.419987015338282532e+00
2.384395541583309353e+01,4.771737823635017861e+00
2.386396113175192824e+01,4.239658870401719071e+00
2.388396684767076295e+01,3.973788239853607074e+00
2.390397256358959766e+01,4.293877830645122629e+00
2.392397827950843237e+01,3.624057388908842547e+00
2.394398399542726708e+01,3.524165032779231765e+00
2.396398971134610179e+01,4.075451051091022237e+00
2.398399542726493294e+01,3.398412091957990988e+00
2.400400114318376765e+01,3.326500444897767750e+00
2.402400685910260236e+01,3.803595439049403559e+00
2.404401257502143352e+01,3.406063425088487584e+00
2.406401829094026823e+01,3.691408500604218546e+00
2.408402400685910294e+01,4.258657643633741330e+00
2.410402972277793765e+01,4.055815508365809841e+00
2.412403543869677236e+01,3.755287057230292547e+00
2.414404115461560707e+01,3.900215707722849867e+00
2.416404687053444178e+01,3.420961085281092995e+00
2.418405258645327294e+01,3.830327357497477880e+00
2.420405830237210765e+01,3.654447015518310415e+00
2.422406401829093880e+01,3.833464308524183295e+00
2.424406973420977351e+01,2.902907411269401550e+00
2.426407545012860822e+01,3.404239590962949258e+00
2.428408116604744293e+01,4.310316919519444845e+00
2.430408688196627764e+01,4.134966023631599263e+00
2.432409259788511235e+01,3.773438068642748000e+00
2.434409831380394706e+01,4.067184683397109701e+00
2.436410402972277822e+01,3.213002769389850855e+00
2.438410974564161293e+01,3.652633164736885263e+00
2.440411546156044409e+01,3.959050745584568265e+00
2.442412117747927880e+01,3.715867775082584146e+00
2.444412689339811351e+01,3.626874862970795199e+00
2.446413260931694822e+01,3.475992956398235911e+00
2.448413832523578293e+01,3.539728090478089229e+00
2.450414404115461764e+01,3.304851742463158715e+00
2.452414975707345235e+01,3.954925335862778724e+00
2.454415547299228351e+01,3.371417078547622292e+00
2.456416118891111822e+01,3.583278993027276371e+00
2.458416690482995293e+01,3.496041489533072255e+00
2.460417262074878408e+01,4.098520725530319098e+00
2.462417833666761879e+01,3.767600704379447052e+00
2.464418405258645350e+01,3.937251099572570467e+00
2.466418976850528821e+01,3.086599392210095161e+00
2.468419548442412292e+01,3.733035045527519635e+00
2.470420120034295763e+01,4.324882725575836417e+00
2.472420691626179234e+01,3.467303856177372356e+00
2.474421263218062350e+01,4.098263603165036351e+00
2.476421834809945821e+01,3.247679760106610303e+00
2.478422406401828937e+01,3.738360161181722319e+00
2.480422977993712408e+01,4.002502881766265119e+00
2.482423549585595879e+01,4.024990641912640221e+00
2.484424121177479350e+01,3.209165622302572629e+00
2.486424692769362821e+01,3.706948849606966245e+00
2.488425264361246292e+01,3.873702968326298013e+00
2.490425835953129763e+01,3.070226457657125874e+00
2.492426407545012879e+01,3.401431062217721735e+00
2.494426979136896350e+01,3.752362966825885771e+00
2.496427550728779821e+01,3.643291115886582610e+00
2.498428122320662936e+01,2.909592348337391332e+00
2.500428693912546407e+01,4.236792373902106057e+00
2.502429265504429878e+01,3.196693371631719849e+00
2.504429837096313349e+01,3.760897894741177083e+00
2.506430408688196820e+01,3.985290242734409460e+00
2.508430980280080291e+01,3.245954914683482073e+00
2.510431551871963762e+01,3.102055880231949558e+00
2.512432123463846878e+01,4.292298511438215947e+00
2.514432695055730349e+01,3.655416832712616859e+00
2.516433266647613465e+01,3.447625686065990180e+00
2.518433838239496936e+01,3.441600719861371616e+00
2.520434409831380407e+01,3.199549836106130307e+00
2.522434981423263878e+01,3.882172976666621089e+00
2.524435553015147349e+01,3.334027609391297720e+00
2.526436124607030820e+01,3.506057620328131286e+00
2.528436696198914291e+01,3.784341649731012946e+00
2.530437267790797407e+01,3.494046762181567178e+00
2.532437839382680878e+01,4.145699628898938727e+00
2.534438410974563993e+01,3.588653102848857301e+00
2.536438982566447464e+01,4.396956859027355335e+00
2.538439554158330935e+01,3.477168943747297902e+00
2.540440125750214406e+01,4.116717437729093376e+00
2.542440697342097877e+01,3.967909116178728102e+00
2.544441268933981348e+01,4.301002175075035794e+00
2.546441840525864819e+01,4.012321287936252645e+00
2.548442412117747935e+01,3.121255782084283670e+00
2.550442983709631406e+01,3.349354273635852586e+00
2.552443555301514877e+01,3.940734745070436418e+00
2.554444126893397993e+01,4.002905540379408933e+00
2.556444698485281464e+01,3.084342960287863367e+00
2.558445270077164935e+01,3.408640862537496652e+00
2.560445841669048406e+01,3.909515593939853151e+00
2.562446413260931877e+01,3.666528524691821556e+00
2.564446984852815348e+01,4.044765199262007727e+00
2.566447556444698819e+01,3.472840411569278807e+00
2.568448128036581934e+01,2.919614898921226054e+00
2.570448699628465405e+01,3.304633528236117002e+00
2.572449271220348521e+01,3.006240826988875625e+00
2.574449842812231992e+01,3.610971909221635912e+00
2.576450414404115463e+01,4.114573310180141164e+00
2.578450985995998934e+01,4.054549368253778319e+00
2.580451557587882405e+01,4.520230101183328131e+00
2.582452129179765876e+01,3.751590200949744158e+00
2.584452700771649347e+01,3.968507191908917875e+00
2.586453272363532463e+01,3.051773619937273363e+00
2.588453843955415934e+01,3.533623175867840693e+00
2.590454415547299405e+01,2.961501107444467262e+00
2.592454987139182521e+01,3.941360636348225643e+00
2.594455558731065992e+01,3.294525825337180969e+00
2.596456130322949463e+01,3.789684038842880742e+00
2.598456701914832934e+01,3.698140079669135272e+00
2.600457273506716405e+01,3.582723715628583605e+00
2.602457845098599520e+01,3.910876615037558235e+00
2.604458416690482991e+01,3.541795236668532354e+00
2.606458988282366462e+01,4.532433898446279308e+00
2.608459559874249933e+01,3.390262967734232635e+00
2.610460131466133404e+01,3.856155180095455215e+00
2.612460703058016520e+01,4.231879116576275912e+00
2.614461274649899991e+01,4.167420184042598841e+00
2.616461846241783462e+01,4.182211419568650612e+00
2.618462417833666933e+01,3.167079799579291866e+00
2.620462989425550404e+01,3.789096248638217812e+00
2.622463561017433520e+01,3.760893882030030611e+00
2.624464132609316991e+01,2.960292200406066776e+00
2.626464704201200462e+01,4.034692745632900923e+00
2.628465275793083933e+01,3.166528375439257914e+00
2.630465847384967049e+01,2.932690608978358870e+00
2.632466418976850520e+01,3.437917646919121939e+00
2.634466990568733991e+01,3.555211398720798943e+00
2.636467562160617462e+01,4.157448519016612387e+00
2.638468133752500933e+01,3.028321946241988805e+00
2.640468705344384048e+01,3.976830716791225129e+00
2.642469276936267519e+01,3.403651154760670039e+00
2.644469848528150990e+01,4.418206218228545090e+00
2.646470420120034461e+01,3.675238876331200721e+00
2.648470991711917932e+01,4.215897310162038281e+00
2.650471563303801048e+01,3.766902732007231691e+00
2.652472134895684519e+01,3.947506949761089512e+00
2.654472706487567990e+01,3.648013456171919966e+00
2.656473278079451461e+01,3.593376175067509948e+00
2.658473849671334932e+01,3.593052164986983765e+00
2.660474421263218048e+01,4.585911796824289510e+00
2.662474992855101519e+01,4.163004223059894926e+00
2.664475564446984990e+01,3.325307365205318888e+00
2.666476136038868461e+01,4.251081892420915942e+00
2.668476707630751577e+01,3.604451817210401643e+00
2.670477279222635048e+01,3.607658084337666438e+00
2.672477850814518519e+01,4.027143081372512867e+00
2.674478422406401990e+01,4.096390417125532757e+00
2.676478993998285461e+01,3.238881647171019118e+00
2.678479565590168576e+01,3.951327653076464053e+00
2.680480137182052047e+01,3.515071160141896023e+00
2.682480708773935518e+01,3.531937472024123892e+00
2.684481280365818989e+01,3.772338644179506595e+00
2.686481851957702460e+01,4.226446618379147147e+00
2.688482423549585576e+01,4.134638385120684489e+00
2.690482995141469047e+01,4.424408422599968915e+00
2.692483566733352518e+01,3.389072417683841376e+00
2.694484138325235989e+01,4.223237186303586910e+00
2.696484709917119105e+01,3.612145859990036900e+00
2.698485281509002576e+01,3.683850725843053731e+00
2.700485853100886047e+01,3.819036037638197989e+00
2.702486424692769518e+01,4.074718592139417339e+00
2.704486996284652989e+01,4.504855246024311199e+00
2.706487567876536104e+01,4.275356546608040098e+00
2.708488139468419575e+01,3.625847537150822752e+00
2.710488711060303046e+01,3.475615142566357729e+00
2.712489282652186517e+01,4.298738498612921788e+00
2.714489854244069988e+01,4.141389848232716275e+00
2.716490425835953104e+01,3.331675868502184557e+00
2.718490997427836575e+01,4.346459705014767749e+00
2.720491569019720046e+01,3.456462960443673182e+00
2.722492140611603517e+01,3.440609376599711666e+00
2.724492712203486633e+01,3.505872895791545041e+00
2.726493283795370104e+01,4.287594278325475017e+00
2.728493855387253575e+01,3.591923304270498996e+00
2.730494426979137046e+01,4.005946393660028804e+00
2.732494998571020517e+01,4.222408812404832901e+00
2.734495570162903633e+01,3.281446064771099014e+00
2.736496141754787104e+01,3.438982619315518630e+00
2.738496713346670575e+01,4.481895830210458342e+00
2.740497284938554046e+01,4.271383946118294972e+00
2.742497856530437517e+01,4.087005966677604185e+00
2.744498428122320632e+01,3.795561933111375907e+00
2.746498999714204103e+01,3.618071470222880226e+00
2.748499571306087574e+01,3.801327674952499791e+00
2.750500142897971045e+01,4.105491889553281482e+00
2.752500714489854516e+01,4.542591887128762274e+00
2.754501286081737632e+01,3.905719379996703378e+00
2.756501857673621103e+01,4.111801333412025805e+00
2.758502429265504574e+01,4.157377612091633701e+00
2.760503000857388045e+01,4.053833548140633347e+00
2.762503572449271161e+01,3.917577881558210962e+00
2.764504144041154632e+01,4.175086731749770408e+00
2.766504715633038103e+01,3.936478151622917032e+00
2.768505287224921574e+01,4.367008942826052120e+00
2.770505858816805045e+01,3.463097995622022474e+00
2.772506430408688161e+01,4.049368224206672195e+00
2.774507002000571632e+01,4.134231372934015880e+00
2.776507573592455103e+01,4.412245410455043704e+00
2.778508145184338574e+01,3.912543428548823865e+00
2.780508716776222045e+01,3.552891069924519307e+00
2.782509288368105160e+01,4.572930618530562263e+00
2.784509859959988631e+01,3.573387326618230553e+00
2.786510431551872102e+01,3.421192121145939069e+00
2.788511003143755573e+01,3.648984142117885909e+00
2.790511574735638689e+01,4.230707811184422518e+00
2.792512146327522160e+01,3.780291885770523219e+00
2.794512717919405631e+01,4.373863205826117984e+00
2.796513289511289102e+01,4.313608309564714638e+00
2.798513861103172573e+01,3.582065455846987767e+00
2.800514432695055689e+01,4.709156214765275905e+00
2.802515004286939160e+01,4.574233216384452128e+00
2.804515575878822631e+01,4.052579241730225768e+00
2.806516147470706102e+01,4.233144136387585021e+00
2.808516719062589573e+01,4.567290205818359539e+00
2.810517290654472689e+01,3.855564509034239862e+00
2.812517862246356160e+01,4.275449416570806349e+00
2.814518433838239631e+01,3.423941578714430278e+00
2.816519005430123102e+01,3.658654818355987270e+00
2.818519577022006217e+01,4.196293502920841689e+00
2.820520148613889688e+01,3.802409818813744735e+00
2.822520720205773159e+01,3.289430144400207645e+00
2.824521291797656630e+01,3.955673042399837414e+00
2.826521863389540101e+01,4.807008182305006372e+00
2.828522434981423217e+01,4.071990296405516574e+00
2.830523006573306688e+01,4.063174586257110477e+00
2.832523578165190159e+01,3.925158373390475131e+00
2.834524149757073630e+01,4.370790462694713163e+00
2.836524721348957101e+01,4.137418561851786691e+00
2.838525292940840217e+01,4.955353361340995910e+00
2.840525864532723688e+01,3.762766757756461189e+00
2.842526436124607159e+01,4.059737939482168656e+00
2.844527007716490630e+01,4.154118140339619458e+00
2.846527579308374101e+01,4.191542791130964396e+00
2.848528150900257216e+01,4.539338489996126214e+00
2.850528722492140687e+01,4.777511893258782116e+00
2.852529294084024158e+01,4.898811852784946907e+00
2.854529865675907629e+01,3.664935746331258848e+00
2.856530437267790745e+01,4.591452045421248407e+00
2.858531008859674216e+01,4.079535283869700990e+00
2.860531580451557687e+01,4.373806953295193090e+00
2.862532152043441158e+01,4.177683219018797800e+00
2.864532723635324629e+01,3.369141121361865387e+00
2.866533295227207745e+01,3.721670596416258192e+00
2.868533866819091216e+01,4.727321711580226626e+00
2.870534438410974687e+01,3.850881051089833029e+00
2.872535010002858158e+01,4.378811811686664335e+00
2.874535581594741629e+01,3.714068774964238706e+00
2.876536153186624745e+01,4.489186386437175713e+00
2.878536724778508216e+01,4.036198230329667069e+00
2.880537296370391687e+01,4.281029870243892255e+00
2.882537867962275158e+01,3.771139394936461553e+00
2.884538439554158273e+01,3.477445319143824598e+00
2.886539011146041744e+01,3.768379149664427441e+00
2.888539582737925215e+01,3.798377115189142561e+00
2.890540154329808686e+01,4.823826855917634049e+00
2.892540725921692157e+01,4.642342601850948824e+00
2.894541297513575273e+01,4.890746877147401861e+00
2.896541869105458744e+01,4.651458534374773635e+00
2.898542440697342215e+01,4.969573348507754673e+00
2.900543012289225686e+01,4.237243214264978519e+00
2.902543583881109157e+01,4.461007895571204251e+00
2.904544155472992273e+01,4.460817705966158009e+00
2.906544727064875744e+01,4.814618290843149850e+00
2.908545298656759215e+01,4.570876801859689031e+00
2.910545870248642686e+01,4.947979875690782237e+00
2.912546441840525802e+01,4.160847517747873425e+00
2.914547013432409273e+01,4.231579822675413993e+00
2.916547585024292744e+01,4.820810451373110261e+00
2.918548156616176215e+01,4.191821732767929909e+00
2.920548728208059686e+01,5.185858733667893183e+00
2.922549299799942801e+01,4.528501170865393277e+00
2.924549871391826272e+01,4.165706352614500396e+00
2.926550442983709743e+01,5.238084895624507631e+00
2.928551014575593214e+01,4.913597701313033639e+00
2.930551586167476685e+01,4.997638711733511485e+00
2.932552157759359801e+01,4.760669368300240123e+00
2.934552729351243272e+01,3.869588362151336725e+00
2.936553300943126743e+01,4.522155342141272349e+00
2.938553872535010214e+01,5.583850179927392077e+00
2.940554444126893330e+01,4.990559062999351703e+00
2.942555015718776801e+01,5.354905902370601822e+00
2.944555587310660272e+01,4.667928194242115580e+00
2.946556158902543743e+01,4.884163665479820615e+00
2.948556730494427214e+01,4.763212040974527106e+00
2.950557302086310330e+01,5.038544356987060269e+00
2.952557873678193801e+01,5.447351558430602481e+00
2.954558445270077272e+01,5.133648897232630404e+00
2.956559016861960743e+01,4.842329464265777261e+00
2.958559588453844214e+01,5.188246772573357646e+00
2.960560160045727329e+01,4.664140777755700462e+00
2.962560731637610800e+01,4.793617959266919470e+00
2.964561303229494271e+01,5.987425413114149109e+00
2.966561874821377742e+01,5.358277159888467978e+00
2.968562446413261213e+01,5.862525907723837193e+00
2.970563018005144329e+01,6.054349283450518371e+00
2.972563589597027800e+01,5.306078183397286097e+00
2.974564161188911271e+01,5.229321246552638414e+00
2.976564732780794742e+01,5.154419113352735948e+00
2.978565304372677858e+01,5.670495876482088526e+00
2.980565875964561329e+01,5.422701414696083688e+00
2.982566447556444800e+01,5.491713734363919741e+00
2.984567019148328271e+01,5.873834923526491281e+00
2.986567590740211742e+01,6.064439871569390128e+00
2.988568162332094857e+01,6.140611493277044808e+00
2.990568733923978328e+01,4.868206255097003776e+00
2.992569305515861799e+01,5.634896256590894659e+00
2.994569877107745270e+01,5.536713406175074681e+00
2.996570448699628741e+01,5.837435501686728756e+00
2.998571020291511857e+01,5.862099637637514959e+00
3.000571591883395328e+01,6.165031340299428564e+00
3.002572163475278799e+01,6.341776266155809694e+00
3.004572735067162270e+01,6.021656188845786239e+00
3.006573306659045386e+01,6.742473501162539407e+00
3.008573878250928857e+01,5.811545284753194096e+00
3.010574449842812328e+01,6.031271962876881609e+00
3.012575021434695799e+01,5.887158048721247816e+00
3.014575593026579270e+01,5.766401752835616179e+00
3.016576164618462386e+01,6.999356816450339025e+00
3.018576736210345857e+01,6.234169734162152032e+00
3.020577307802229328e+01,6.932519452529431803e+00
3.022577879394112799e+01,6.745253510893165938e+00
3.024578450985996270e+01,7.790036613543724897e+00
3.026579022577879385e+01,7.291809282411420234e+00
3.028579594169762856e+01,7.673241458296590878e+00
3.030580165761646327e+01,8.022602667534027177e+00
3.032580737353529798e+01,8.096134925212002287e+00
3.034581308945412914e+01,7.122817315408088490e+00
3.036581880537296385e+01,7.452943621563986376e+00
3.038582452129179856e+01,7.664448113203551571e+00
3.040583023721063327e+01,8.440105274654374767e+00
3.042583595312946798e+01,7.825910746267494389e+00
3.044584166904829914e+01,8.606822540346181327e+00
3.046584738496713385e+01,8.319087851591783433e+00
3.048585310088596856e+01,8.889575510720973739e+00
3.050585881680480327e+01,8.934101770146103405e+00
3.052586453272363798e+01,8.648050587499845676e+00
3.054587024864246914e+01,9.016791905806970320e+00
3.056587596456130385e+01,9.832823239340852339e+00
3.058588168048013856e+01,9.776431673624591312e+00
3.060588739639897327e+01,9.018683680539684389e+00
3.062589311231780798e+01,1.018010162002904551e+01
3.064589882823663913e+01,1.005469711547116418e+01
3.066590454415547384e+01,1.112935079808552707e+01
3.068591026007430855e+01,1.167601891241230305e+01
3.070591597599314326e+01,1.077733813777887129e+01
3.072592169191197442e+01,1.151298084249206077e+01
3.074592740783080913e+01,1.152053194761541199e+01
3.076593312374964384e+01,1.214608291325797573e+01
3.078593883966847855e+01,1.266028590666943998e+01
3.080594455558731326e+01,1.248290748060742317e+01
3.082595027150614442e+01,1.392516247630094739e+01
3.084595598742497913e+01,1.331238515104964115e+01
3.086596170334381384e+01,1.407903657303921463e+01
3.088596741926264855e+01,1.471307468883859570e+01
3.090597313518148326e+01,1.527634776419169427e+01
3.092597885110031442e+01,1.496966281955750944e+01
3.094598456701914913e+01,1.599899785729858870e+01
3.096599028293798384e+01,1.647610187272763582e+01
3.098599599885681855e+01,1.801323991532877855e+01
3.100600171477564970e+01,1.898037185351143563e+01
3.102600743069448441e+01,1.971554998696417726e+01
3.104601314661331912e+01,1.948379336145174889e+01
3.106601886253215383e+01,2.095404295415542606e+01
3.108602457845098854e+01,2.127656110820975499e+01
3.110603029436981970e+01,2.242471827892505587e+01
3.112603601028865441e+01,2.344786597090979541e+01
3.114604172620748912e+01,2.447818571710645230e+01
3.116604744212632383e+01,2.604973017865300022e+01
3.118605315804515854e+01,2.634195534030843788e+01
3.120605887396398970e+01,2.741609361948592039e+01
3.122606458988282441e+01,2.888531516607108429e+01
3.124607030580165912e+01,3.083160465518506754e+01
3.126607602172049383e+01,3.250778596831902689e+01
3.128608173763932498e+01,3.374605720322512781e+01
3.130608745355815969e+01,3.417818930100147412e+01
3.132609316947699440e+01,3.712183976909294358e+01
3.134609888539582911e+01,3.800133613489288109e+01
3.136610460131466382e+01,3.992558396230123918e+01
3.138611031723349498e+01,4.202797650612082236e+01
3.140611603315232969e+01,4.374621157704149255e+01
3.142612174907116440e+01,4.556399736749716567e+01
3.144612746498999911e+01,4.682968584737501772e+01
3.146613318090883382e+01,4.828827732021055397e+01
3.148613889682766498e+01,5.171904832353980908e+01
3.150614461274649969e+01,5.328396982082202271e+01
3.152615032866533440e+01,5.578049800108659895e+01
3.154615604458416911e+01,5.818549408020787439e+01
3.156616176050300382e+01,6.011015214593983558e+01
3.158616747642183498e+01,6.300420204339490482e+01
3.160617319234066969e+01,6.479195375996869188e+01
3.162617890825950440e+01,6.734789720027703197e+01
3.164618462417833911e+01,6.965634063871954140e+01
3.166619034009717026e+01,7.202372004410592865e+01
3.168619605601600497e+01,7.469778103646311251e+01
3.170620177193483968e+01,7.690385471706065346e+01
3.172620748785367439e+01,7.879697512656500180e+01
3.174621320377250910e+01,8.140328584393236611e+01
3.176621891969134026e+01,8.442262396537859104e+01
3.178622463561017497e+01,8.551607446810881186e+01
3.180623035152900968e+01,8.791812607131566892e+01
3.182623606744784439e+01,8.922849996771583392e+01
3.184624178336667910e+01,9.160064352533522936e+01
3.186624749928551026e+01,9.297383487616863817e+01
3.188625321520434497e+01,9.372982015682347878e+01
3.190625893112317968e+01,9.534636374662952107e+01
3.192626464704201439e+01,9.743108795823015100e+01
3.194627036296084555e+01,9.706707044757698100e+01
3.196627607887968026e+01,9.742079514919386440e+01
3.198628179479851497e+01,9.940410786250720321e+01
3.200628751071734968e+01,9.928362258408179741e+01
3.202629322663618439e+01,9.900672567538725843e+01
3.204629894255501199e+01,9.820380418107208698e+01
3.206630465847385381e+01,9.884048035648893915e+01
3.208631037439268141e+01,9.818507127810204338e+01
3.210631609031152323e+01,9.670200321490909801e+01
3.212632180623035083e+01,9.508705590130213636e+01
3.214632752214918554e+01,9.484192490406258003e+01
3.216633323806802025e+01,9.321576808774712219e+01
3.218633895398685496e+01,9.045479917203124387e+01
3.220634466990568967e+01,8.929021559626436044e+01
3.222635038582451728e+01,8.684012295854789443e+01
3.224635610174335909e+01,8.506143254135361076e+01
3.226636181766218670e+01,8.253461165361892427e+01
3.228636753358102851e+01,7.975329788007337584e+01
3.230637324949985612e+01,7.783498389096078540e+01
3.232637896541869083e+01,7.500719351138090474e+01
3.234638468133752554e+01,7.263104773241767020e+01
3.236639039725636025e+01,7.005017128258360515e+01
3.238639611317519496e+01,6.796669260469897722e+01
3.240640182909402967e+01,6.481126058163572168e+01
3.242640754501286438e+01,6.289636664971691005e+01
3.244641326093169198e+01,6.092405181105050360e+01
3.246641897685053380e+01,5.777325691196490709e+01
3.248642469276936140e+01,5.587274697884843278e+01
3.250643040868819611e+01,5.380321548702789869e+01
3.252643612460703082e+01,5.111091973096264951e+01
3.254644184052586553e+01,4.854238893018305845e+01
3.256644755644470024e+01,4.687813499584459009e+01
3.258645327236353495e+01,4.413968273403332176e+01
3.260645898828236966e+01,4.274175618864639858e+01
3.262646470420119726e+01,4.056148740124717733e+01
3.264647042012003908e+01,3.751379913346688966e+01
3.266647613603886668e+01,3.607267379881702141e+01
3.268648185195770850e+01,3.369104739491800160e+01
3.270648756787653610e+01,3.211582265784752366e+01
3.272649328379537081e+01,3.027275906411641060e+01
3.274649899971420552e+01,2.921639359405970993e+01
3.276650471563304023e+01,2.670738828485616878e+01
3.278651043155187494e+01,2.569456089885495942e+01
3.280651614747070255e+01,2.524514880073604317e+01
3.282652186338954436e+01,2.329753610090529037e+01
3.284652757930837197e+01,2.268799622781725844e+01
3.286653329522721378e+01,2.126068677163067377e+01
3.288653901114604139e+01,2.052684777045273279e+01
3.290654472706487610e+01,1.925304276025243766e+01
3.292655044298371081e+01,1.893444483123173327e+01
3.294655615890254552e+01,1.850334553797307180e+01
3.296656187482138023e+01,1.702744282672590259e+01
3.298656759074020783e+01,1.623489087284210797e+01
3.300657330665904965e+01,1.534701357305344693e+01
3.302657902257787725e+01,1.458019932386156547e+01
3.304658473849671907e+01,1.450534343801268200e+01
3.306659045441554667e+01,1.450564895727381654e+01
3.308659617033438138e+01,1.396177944240516666e+01
3.310660188625321609e+01,1.321005997271316801e+01
3.312660760217205080e+01,1.284658885426278019e+01
3.314661331809088551e+01,1.269038716183912641e+01
3.316661903400971312e+01,1.219142723052850741e+01
3.318662474992855493e+01,1.206276936005382083e+01
3.320663046584738254e+01,1.121373450846456166e+01
3.322663618176622435e+01,1.107819585563663445e+01
3.324664189768505196e+01,1.159822563495448478e+01
3.326664761360388667e+01,1.058482080561268290e+01
3.328665332952272138e+01,1.031239003763188400e+01
3.330665904544155609e+01,9.161212059763503390e+00
3.332666476136039080e+01,9.968537993087661420e+00
3.334667047727922551e+01,9.852155175897420847e+00
3.336667619319806022e+01,8.879803749963441462e+00
3.338668190911688782e+01,8.918156018047582734e+00
3.340668762503572964e+01,8.455869674331797370e+00
3.342669334095455724e+01,8.811292809750636223e+00
3.344669905687339195e+01,8.476035741928763301e+00
3.346670477279222666e+01,7.864567752376377285e+00
3.348671048871106137e+01,8.643385600696333881e+00
3.350671620462989608e+01,7.727865164901846384e+00
3.352672192054873079e+01,8.057303261797928329e+00
3.354672763646756550e+01,7.023107848293586031e+00
3.356673335238639311e+01,7.596148784581940205e+00
3.358673906830523492e+01,7.383760628018941397e+00
3.360674478422406253e+01,6.873911055391392466e+00
3.362675050014290434e+01,7.137300387163222126e+00
3.364675621606173195e+01,6.975280822216323173e+00
3.366676193198056666e+01,6.446005147750804909e+00
3.368676764789940137e+01,7.047093087146926393e+00
3.370677336381823608e+01,6.798115316679695042e+00
3.372677907973707079e+01,6.480784303521012646e+00
3.374678479565589839e+01,6.081503205540091272e+00
3.376679051157474021e+01,6.618814276467417379e+00
3.378679622749356781e+01,7.318021674073182936e+00
3.380680194341240963e+01,6.619236424772032557e+00
3.382680765933123723e+01,6.122313744598708141e+00
3.384681337525007194e+01,6.449606576384995016e+00
3.386681909116890665e+01,6.415557694288540169e+00
3.388682480708774136e+01,6.259478084831533451e+00
3.390683052300657607e+01,6.008684120964002062e+00
3.392683623892540368e+01,6.629164933416333838e+00
3.394684195484424549e+01,6.512635418656902431e+00
3.396684767076307310e+01,5.154926861583342124e+00
3.398685338668191491e+01,5.656578310309813062e+00
3.400685910260074252e+01,6.356831364948549279e+00
3.402686481851957723e+01,5.628009535949451525e+00
3.404687053443841194e+01,5.888458941436809368e+00
3.406687625035724665e+01,6.087001573217102113e+00
3.408688196627608136e+01,5.342019902565109390e+00
3.410688768219490896e+01,5.746270827761938094e+00
3.412689339811375078e+01,5.651720316570904679e+00
3.414689911403257838e+01,5.523480116848965338e+00
3.416690482995142020e+01,5.418197653232104116e+00
3.418691054587024780e+01,5.953540364046395972e+00
3.420691626178908251e+01,4.991335437098690875e+00
3.422692197770791722e+01,5.551752783667554425e+00
3.424692769362675193e+01,4.777033897719606514e+00
3.426693340954558664e+01,4.919560957933530432e+00
3.428693912546442135e+01,5.425970380120029191e+00
3.430694484138325606e+01,4.664334891032517305e+00
3.432695055730208367e+01,5.320583933481406902e+00
3.434695627322092548e+01,5.357049281849128874e+00
3.436696198913975309e+01,5.400850112530057423e+00
3.438696770505858780e+01,5.710802873837496740e+00
3.440697342097742251e+01,5.114215183555778310e+00
3.442697913689625722e+01,5.005191256399083244e+00
3.444698485281509193e+01,4.945041845297408756e+00
3.446699056873392664e+01,4.936557678538506799e+00
3.448699628465276135e+01,5.216500544994508992e+00
3.450700200057158895e+01,5.027758622212049389e+00
3.452700771649043077e+01,4.107050575880765386e+00
3.454701343240925837e+01,4.501407219956608863e+00
3.456701914832810019e+01,5.251696102944655387e+00
3.458702486424692779e+01,4.282174849948914286e+00
3.460703058016576250e+01,4.290235207928656536e+00
3.462703629608459721e+01,4.999601082801064855e+00
3.464704201200343192e+01,4.702462690895517383e+00
3.466704772792226663e+01,4.524238338525440106e+00
3.468705344384109424e+01,4.025873709532696409e+00
3.470705915975993605e+01,4.896600140280892965e+00
3.472706487567876366e+01,4.999568914157215715e+00
3.474707059159760547e+01,4.614855859098677016e+00
3.476707630751643308e+01,4.437953436416825603e+00
3.478708202343526779e+01,3.817848309480235791e+00
3.480708773935410250e+01,5.052270731430922979e+00
3.482709345527293721e+01,5.325427900177495566e+00
3.484709917119177192e+01,4.096721360241813770e+00
3.486710488711059952e+01,4.705647729876192287e+00
3.488711060302944134e+01,5.206180875943308806e+00
3.490711631894826894e+01,4.506524262787872992e+00
3.492712203486711076e+01,4.076023420290974641e+00
3.494712775078593836e+01,4.442122257900757987e+00
3.496713346670477307e+01,4.270899614089625373e+00
3.498713918262360778e+01,4.554453913714825219e+00
3.500714489854244249e+01,4.360276629495894340e+00
3.502715061446127720e+01,4.170609208641981702e+00
3.504715633038010481e+01,4.472438209435809497e+00
3.506716204629894662e+01,4.473379923323017593e+00
3.508716776221777423e+01,5.070508570286715866e+00
3.510717347813661604e+01,3.874555193897969652e+00
3.512717919405544365e+01,4.174941161102807996e+00
3.514718490997427836e+01,4.575928610043456857e+00
3.516719062589311307e+01,4.679798124582456254e+00
3.518719634181194778e+01,3.983013552216100095e+00
3.520720205773078249e+01,3.816697732785230723e+00
3.522720777364961720e+01,4.666164025738661181e+00
3.524721348956845191e+01,3.730622865727422521e+00
3.526721920548727951e+01,3.908104064815918655e+00
3.528722492140612133e+01,3.958511103005434961e+00
3.530723063732494893e+01,4.292590923747565235e+00
3.532723635324378364e+01,4.116707538221275442e+00
3.534724206916261835e+01,4.965714635764482132e+00
3.536724778508145306e+01,3.895003194349635045e+00
3.538725350100028777e+01,4.057207643954627407e+00
3.540725921691912248e+01,3.942102317386756649e+00
3.542726493283795719e+01,4.399314513926388059e+00
3.544727064875678479e+01,4.513065153398313711e+00
3.546727636467562661e+01,4.494464011811431625e+00
3.548728208059445421e+01,3.879203569464992896e+00
3.550728779651329603e+01,3.604789202382970181e+00
3.552729351243212363e+01,3.634997143634449035e+00
3.554729922835095834e+01,4.267151920897996220e+00
3.556730494426979305e+01,3.391350458734662787e+00
3.558731066018862776e+01,4.398848032098511496e+00
3.560731637610746247e+01,4.055325455578312699e+00
3.562732209202629008e+01,4.270750380983608707e+00
3.564732780794513189e+01,4.001702750614192894e+00
3.566733352386395950e+01,4.313698448638019656e+00
3.568733923978280131e+01,4.663733274755841762e+00
3.570734495570162892e+01,4.926575278402660629e+00
3.572735067162046363e+01,4.058106964940263239e+00
3.574735638753929834e+01,4.004703156465106773e+00
3.576736210345813305e+01,3.859945337154571554e+00
3.578736781937696776e+01,4.369707055211447866e+00
3.580737353529579536e+01,3.986513013626244550e+00
3.582737925121463718e+01,4.214528944086575635e+00
3.584738496713346478e+01,4.029463439303502703e+00
3.586739068305230660e+01,4.877531382147556549e+00
3.588739639897113420e+01,3.842110966169865360e+00
3.590740211488996891e+01,3.943216485168547170e+00
3.592740783080880362e+01,3.959931724374963657e+00
3.594741354672763833e+01,3.929379959747888673e+00
3.596741926264647304e+01,4.135944980189328213e+00
3.598742497856530065e+01,4.361438157981271324e+00
3.600743069448414246e+01,3.599209670248335158e+00
3.602743641040297007e+01,4.437985392362493897e+00
3.604744212632181188e+01,4.941663246660036535e+00
3.606744784224063949e+01,4.097399820244014279e+00
3.608745355815947420e+01,3.944200416564922484e+00
3.610745927407830891e+01,3.137253976582573767e+00
3.612746498999714362e+01,4.042396129635926982e+00
3.614747070591597833e+01,4.667555559473774096e+00
3.616747642183481304e+01,3.982508269833820336e+00
3.618748213775364775e+01,3.752650073707971323e+00
3.620748785367247535e+01,4.609297913226734877e+00
3.622749356959131717e+01,3.971031048090584825e+00
3.624749928551014477e+01,4.305004340472157409e+00
3.626750500142897948e+01,4.654440984599927944e+00
3.628751071734781419e+01,3.757406047208260880e+00
3.630751643326664890e+01,4.353666828392404931e+00
3.632752214918548361e+01,3.876966570687127689e+00
3.634752786510431832e+01,4.466915040721267438e+00
3.636753358102315303e+01,4.261802554475814020e+00
3.638753929694198064e+01,4.217235612346324380e+00
3.640754501286082245e+01,3.992377317370697121e+00
3.642755072877965006e+01,3.552998142425293437e+00
3.644755644469849187e+01,3.901521437653959978e+00
3.646756216061731948e+01,4.172387291233984108e+00
3.648756787653615419e+01,4.029482010312365858e+00
3.650757359245498890e+01,4.008128726110189888e+00
3.652757930837382361e+01,3.809588751839002363e+00
3.654758502429265832e+01,3.328703766089948779e+00
3.656759074021148592e+01,4.396565340325474303e+00
3.658759645613032774e+01,4.462464300493452996e+00
3.660760217204915534e+01,4.001824715703770075e+00
3.662760788796799716e+01,3.608484426585800264e+00
3.664761360388682476e+01,3.721860970777433497e+00
3.666761931980565947e+01,4.966213110492692095e+00
3.668762503572449418e+01,4.167245116818745210e+00
3.670763075164332889e+01,4.012982710571617595e+00
3.672763646756216360e+01,3.808358304309385378e+00
3.674764218348099121e+01,4.789935037741331669e+00
3.676764789939983302e+01,4.216746995919210761e+00
3.678765361531866063e+01,4.410272230309964847e+00
3.680765933123750244e+01,4.498000938618931244e+00
3.682766504715633005e+01,5.001553435179909357e+00
3.684767076307516476e+01,3.647164130777958757e+00
3.686767647899399947e+01,4.325994382052376963e+00
3.688768219491283418e+01,4.679353879255703674e+00
3.690768791083166889e+01,4.411731041824016764e+00
3.692769362675049649e+01,3.931044404100105361e+00
3.694769934266933831e+01,4.827671208132525926e+00
3.696770505858816591e+01,4.691941352847448954e+00
3.698771077450700773e+01,4.235667580217623573e+00
3.700771649042583533e+01,4.040083149517683658e+00
3.702772220634467004e+01,4.077347139677218735e+00
3.704772792226350475e+01,3.988741790808721710e+00
3.706773363818233946e+01,4.130023058176409911e+00
3.708773935410117417e+01,3.879439880145388209e+00
3.710774507002000888e+01,4.467033301210847185e+00
3.712775078593884359e+01,5.168561556729473594e+00
3.714775650185767120e+01,4.553204832325574714e+00
3.716776221777651301e+01,4.878221443602589247e+00
3.718776793369534062e+01,4.530071260749665818e+00
3.720777364961417533e+01,4.097016036567476149e+00
3.722777936553301004e+01,5.162358929187437440e+00
3.724778508145184475e+01,4.467136248088369399e+00
3.726779079737067946e+01,5.476266148115652044e+00
3.728779651328951417e+01,4.817382955795650901e+00
3.730780222920834888e+01,4.909716706174941159e+00
3.732780794512717648e+01,4.302343735147772463e+00
3.734781366104601830e+01,4.409648620629859295e+00
3.736781937696484590e+01,5.181368264556311054e+00
3.738782509288368772e+01,5.795649333023558114e+00
3.740783080880251532e+01,5.050638957026842846e+00
3.742783652472135003e+01,4.669066754011976350e+00
3.744784224064018474e+01,5.233039853198564018e+00
3.746784795655901945e+01,4.813256820699464811e+00
3.748785367247785416e+01,5.267239020254731230e+00
3.750785938839668177e+01,4.646334572384282602e+00
3.752786510431552358e+01,5.821770103528685070e+00
3.754787082023435119e+01,5.607283287011766149e+00
3.756787653615319300e+01,5.562280724843235546e+00
3.758788225207202061e+01,5.204191418528422375e+00
3.760788796799085532e+01,4.559092143307271527e+00
3.762789368390969003e+01,5.406822275430861247e+00
3.764789939982852474e+01,4.731730082822966921e+00
3.766790511574735945e+01,5.411423297519728948e+00
3.768791083166618705e+01,5.628743430889994848e+00
3.770791654758502887e+01,5.764226032330529215e+00
3.772792226350385647e+01,5.689511367690096577e+00
3.774792797942269829e+01,5.126402460763807234e+00
3.776793369534152589e+01,5.303467208907820307e+00
3.778793941126036060e+01,5.356410292991274247e+00
3.780794512717919531e+01,6.046205292073398851e+00
3.782795084309803002e+01,5.024426826627852449e+00
3.784795655901686473e+01,5.379470313383729163e+00
3.786796227493569234e+01,5.612919776722163689e+00
3.788796799085453415e+01,4.934326872368095529e+00
3.790797370677336176e+01,5.149446536302876964e+00
3.792797942269220357e+01,4.860093888477500457e+00
3.794798513861103118e+01,5.802709445343427141e+00
3.796799085452986589e+01,6.021400796177762693e+00
3.798799657044870060e+01,4.626012927228425831e+00
3.800800228636753531e+01,4.511677646950417397e+00
3.802800800228637002e+01,4.818953139746517067e+00
3.804801371820520473e+01,4.597234529153294780e+00
3.806801943412403944e+01,5.084560460565502815e+00
3.808802515004286704e+01,4.947840336734121713e+00
3.810803086596170886e+01,5.486038238247274990e+00
3.812803658188053646e+01,4.910891015714271113e+00
3.814804229779937117e+01,5.244804054020338668e+00
3.816804801371820588e+01,5.084675409128440293e+00
3.818805372963704059e+01,4.975661480166996498e+00
3.820805944555587530e+01,4.821878920507532307e+00
3.822806516147471001e+01,4.665313525398119054e+00
3.824807087739354472e+01,4.818188727471923727e+00
3.826807659331237232e+01,5.067443474024681649e+00
3.828808230923121414e+01,5.317110361586435019e+00
3.830808802515004174e+01,5.390533580045030249e+00
3.832809374106888356e+01,4.969605030549159252e+00
3.834809945698771116e+01,5.175992067065847024e+00
3.836810517290654587e+01,5.135624715203187307e+00
3.838811088882538058e+01,5.083833328952120922e+00
3.840811660474421529e+01,5.049763437464962479e+00
3.842812232066305000e+01,5.905596061265091734e+00
3.844812803658187761e+01,5.303767202161882466e+00
3.846813375250071942e+01,4.878009289760926848e+00
3.848813946841954703e+01,4.763789773272409711e+00
3.850814518433838884e+01,5.638076057881420411e+00
3.852815090025721645e+01,4.845071582443597258e+00
3.854815661617605116e+01,5.684004274892549446e+00
3.856816233209488587e+01,6.300605123429480869e+00
3.858816804801372058e+01,6.159318777803112432e+00
3.860817376393255529e+01,5.991334959268918681e+00
3.862817947985138289e+01,5.760092253925471084e+00
3.864818519577022471e+01,5.694009048617076019e+00
3.866819091168905231e+01,6.192859700194913941e+00
3.868819662760789413e+01,6.230704781279589710e+00
3.870820234352672173e+01,6.537172329095321643e+00
3.872820805944555644e+01,5.732921599862615736e+00
3.874821377536439115e+01,6.628660116233334065e+00
3.876821949128322586e+01,6.079406160014496407e+00
3.878822520720206057e+01,6.165588131898569912e+00
3.880823092312088818e+01,6.718389069514356216e+00
3.882823663903972999e+01,6.563818132277527084e+00
3.884824235495855760e+01,7.200563042000241332e+00
3.886824807087739941e+01,7.781309966243673770e+00
3.888825378679622702e+01,7.452783121118104148e+00
3.890825950271506173e+01,7.179648365944873767e+00
3.892826521863389644e+01,8.735993492032211094e+00
3.894827093455273115e+01,8.098784948558115815e+00
3.896827665047156586e+01,8.140812526887765799e+00
3.898828236639040057e+01,8.361081883086944444e+00
3.900828808230923528e+01,9.169840578494612870e+00
3.902829379822806288e+01,8.815865824525747740e+00
3.904829951414690470e+01,8.916449808334585114e+00
3.906830523006573230e+01,9.379345752030941341e+00
3.908831094598456701e+01,9.813244284341479329e+00
3.910831666190340172e+01,9.775554157801408905e+00
3.912832237782223643e+01,1.045170904914454901e+01
3.914832809374107114e+01,1.070413772198921265e+01
3.916833380965990585e+01,1.047495405895121756e+01
3.918833952557874056e+01,1.138560209319998506e+01
3.920834524149756817e+01,1.143051780500190873e+01
3.922835095741640998e+01,1.126725922425675108e+01
3.924835667333523759e+01,1.255251592128077220e+01
3.926836238925407940e+01,1.201123442639788585e+01
3.928836810517290701e+01,1.308117398153583011e+01
3.930837382109174172e+01,1.308573297437830618e+01
3.932837953701057643e+01,1.304791536134410812e+01
3.934838525292941114e+01,1.325817119387150456e+01
3.936839096884824585e+01,1.371580260819952102e+01
3.938839668476707345e+01,1.414271965526706332e+01
3.940840240068591527e+01,1.397900424305186462e+01
3.942840811660474287e+01,1.396265659653841595e+01
3.944841383252358469e+01,1.416384045138834225e+01
3.946841954844241229e+01,1.417352767102031130e+01
3.948842526436124700e+01,1.377948563160309270e+01
3.950843098028008171e+01,1.373290941145695854e+01
3.952843669619891642e+01,1.431394961359630891e+01
3.954844241211775113e+01,1.399052519979726483e+01
3.956844812803657874e+01,1.344590393153900010e+01
3.958845384395542055e+01,1.381162176309712386e+01
3.960845955987424816e+01,1.389192673662906508e+01
3.962846527579308997e+01,1.295292160825420069e+01
3.964847099171191758e+01,1.264253383779037954e+01
3.966847670763075229e+01,1.282037153772417781e+01
3.968848242354958700e+01,1.153999551412655400e+01
3.970848813946842171e+01,1.162961683841466609e+01
3.972849385538725642e+01,1.151416484159187270e+01
3.974849957130608402e+01,1.091769960121060201e+01
3.976850528722492584e+01,1.185705214116140738e+01
3.978851100314375344e+01,1.104000726770592067e+01
3.980851671906259526e+01,1.072426635517439131e+01
3.982852243498142286e+01,1.070238785222417022e+01
3.984852815090025757e+01,1.102598761418227191e+01
3.986853386681909228e+01,1.066599196671479177e+01
3.988853958273792699e+01,1.008596884894139123e+01
3.990854529865676170e+01,1.107280678699836862e+01
3.992855101457559641e+01,1.016141783162129286e+01
3.994855673049443112e+01,1.045794790914164984e+01
3.996856244641325873e+01,1.036032162063876960e+01
3.998856816233210054e+01,9.342413247924326924e+00
4.000857387825092815e+01,9.807942720964362593e+00
4.002857959416976286e+01,1.037357937739903235e+01
4.004858531008859757e+01,9.574676598652661852e+00
4.006859102600743228e+01,9.388672340693140939e+00
4.008859674192626699e+01,9.554127866307034367e+00
4.010860245784510170e+01,9.228229669752417763e+00
4.012860817376393641e+01,9.119395292977817036e+00
4.014861388968276401e+01,8.399328230873630119e+00
4.016861960560160583e+01,8.486964635826538483e+00
4.018862532152043343e+01,8.112305689040653078e+00
4.020863103743927525e+01,7.814809873843473476e+00
4.022863675335810285e+01,7.280050020901922991e+00
4.024864246927693756e+01,8.050749862678824087e+00
4.026864818519577227e+01,7.247577282808057575e+00
4.028865390111460698e+01,6.831952831871316079e+00
4.030865961703344169e+01,7.071306955438627639e+00
4.032866533295226930e+01,6.448904093296935258e+00
4.034867104887111111e+01,6.913672277158226187e+00
4.036867676478993872e+01,6.523433679781425631e+00
4.038868248070878053e+01,6.500672334110594974e+00
4.040868819662760814e+01,5.331626499871693348e+00
4.042869391254644285e+01,5.893492598975116792e+00
4.044869962846527756e+01,6.071966673146388160e+00
4.046870534438411227e+01,6.543572133744445907e+00
4.048871106030294698e+01,6.179189226793811329e+00
4.050871677622177458e+01,5.566514382509780923e+00
4.052872249214061640e+01,5.461440834867143934e+00
4.054872820805944400e+01,5.001509305481414813e+00
4.056873392397828582e+01,4.655685484793805173e+00
4.058873963989711342e+01,5.058223932112225540e+00
4.060874535581594813e+01,5.264246829788230109e+00
4.062875107173478284e+01,4.766005503849027214e+00
4.064875678765361755e+01,5.446015707596087552e+00
4.066876250357245226e+01,4.931983789033841603e+00
4.068876821949127986e+01,4.350092617307369736e+00
4.070877393541012168e+01,5.626338867606980543e+00
4.072877965132894929e+01,5.652272134250813096e+00
4.074878536724779110e+01,4.361352287653579296e+00
4.076879108316661871e+01,5.040926222009996849e+00
4.078879679908545342e+01,4.000027464164646496e+00
4.080880251500428813e+01,4.155563993496802055e+00
4.082880823092312284e+01,4.734454990159137289e+00
4.084881394684195755e+01,4.310162293641369047e+00
4.086881966276079226e+01,5.074566483405165584e+00
4.088882537867962697e+01,4.525796407008550126e+00
4.090883109459845457e+01,3.714670955199840030e+00
4.092883681051729639e+01,5.073038394451266697e+00
4.094884252643612399e+01,5.034158939198244198e+00
4.096884824235495870e+01,4.151034103656233043e+00
4.098885395827379341e+01,4.143174966935221804e+00
4.100885967419262812e+01,3.688237174497766002e+00
4.102886539011146283e+01,4.162760600019599799e+00
4.104887110603029754e+01,4.537866239718339578e+00
4.106887682194913225e+01,3.627360233198814399e+00
4.108888253786795985e+01,3.438409928403053151e+00
4.110888825378680167e+01,4.306548590125440334e+00
4.112889396970562927e+01,4.893796398557897831e+00
4.114889968562447109e+01,3.629430609509776584e+00
4.116890540154329869e+01,3.629968523461857277e+00
4.118891111746213340e+01,4.112210856046927709e+00
4.120891683338096811e+01,3.787455271543519686e+00
4.122892254929980282e+01,3.628470936052194951e+00
4.124892826521863753e+01,3.440143487049313720e+00
4.126893398113746514e+01,4.461088711945139451e+00
4.128893969705630695e+01,4.366160127891475895e+00
4.130894541297513456e+01,4.320517477999831435e+00
4.132895112889397637e+01,4.467804557270985022e+00
4.134895684481280398e+01,4.694682481552618469e+00
4.136896256073163869e+01,3.519097391231332583e+00
4.138896827665047340e+01,3.560461182387317347e+00
4.140897399256930811e+01,3.919551577493596284e+00
4.142897970848814282e+01,3.723845273829255120e+00
4.144898542440697042e+01,4.582635624307556554e+00
4.146899114032581224e+01,4.342081136541377617e+00
4.148899685624463984e+01,4.005197811947517117e+00
4.150900257216348166e+01,3.366023873214602169e+00
4.152900828808230926e+01,3.562717244255833915e+00
4.154901400400114397e+01,4.153494770829554206e+00
4.156901971991997868e+01,3.569229591220722142e+00
4.158902543583881339e+01,4.366538514265595694e+00
4.160903115175764810e+01,3.991773199129408312e+00
4.162903686767647571e+01,4.168365027174685267e+00
4.164904258359531752e+01,4.566021387495081463e+00
4.166904829951414513e+01,4.247282100320791010e+00
4.168905401543298694e+01,3.867363448232068457e+00
4.170905973135181455e+01,4.003262689641267968e+00
4.172906544727064926e+01,4.316344918917752516e+00
4.174907116318948397e+01,3.852170719690083622e+00
4.176907687910831868e+01,3.370166412226066832e+00
4.178908259502715339e+01,3.431778536314759265e+00
4.180908831094598810e+01,4.144332619684533370e+00
4.182909402686482281e+01,3.718351276345543077e+00
4.184909974278365041e+01,4.349852132600750210e+00
4.186910545870249223e+01,3.683521394004136251e+00
4.188911117462131983e+01,3.732394595833615547e+00
4.190911689054015454e+01,3.212248397781592768e+00
4.192912260645898925e+01,3.875002900376192994e+00
4.194912832237782396e+01,4.030203580951588371e+00
4.196913403829665867e+01,4.418864351394793388e+00
4.198913975421549338e+01,4.189330285632517636e+00
4.200914547013432809e+01,4.376882367761405490e+00
4.202915118605316280e+01,3.033539478829732960e+00
4.204915690197199041e+01,4.056091048872914939e+00
4.206916261789082512e+01,4.302480190698351414e+00
4.208916833380965983e+01,3.183021475777026765e+00
4.210917404972849454e+01,3.653931498319403559e+00
4.212917976564732925e+01,3.135699606355665470e+00
4.214918548156616396e+01,3.808473340792901674e+00
4.216919119748499867e+01,3.828660051508473661e+00
4.218919691340383338e+01,4.369105183888347455e+00
4.220920262932266809e+01,4.080033309159930788e+00
4.222920834524150280e+01,3.677712765236004877e+00
4.224921406116033040e+01,4.052330384308924671e+00
4.226921977707916511e+01,3.201499760335684286e+00
4.228922549299799982e+01,4.575212513493436717e+00
4.230923120891683453e+01,3.887474342851580111e+00
4.232923692483566924e+01,3.307480705679326505e+00
4.234924264075450395e+01,3.756328209126960083e+00
4.236924835667333866e+01,4.583073598065674048e+00
4.238925407259217337e+01,3.746878060077038164e+00
4.240925978851100808e+01,3.726081777264103501e+00
4.242926550442983569e+01,3.564587929249237064e+00
4.244927122034867040e+01,4.332552468514178301e+00
4.246927693626750511e+01,3.556318944851437180e+00
4.248928265218633982e+01,3.910198850360910416e+00
4.250928836810517453e+01,3.347852718760579105e+00
4.252929408402400924e+01,4.017717129951583033e+00
4.254929979994284395e+01,4.132723145500993844e+00
4.256930551586167866e+01,3.428071289148769019e+00
4.258931123178051337e+01,3.859549842077846016e+00
4.260931694769934097e+01,4.112355616671167446e+00
4.262932266361817568e+01,3.266854760691029647e+00
4.264932837953701039e+01,4.104558967527612623e+00
4.266933409545584510e+01,3.738683975625596734e+00
4.268933981137467981e+01,3.289999976477506305e+00
4.270934552729351452e+01,4.519772195401627002e+00
4.272935124321234923e+01,4.154367990775410746e+00
4.274935695913118394e+01,3.994988612672081274e+00
4.276936267505001865e+01,3.877200503434337087e+00
4.278936839096885336e+01,4.630780055369374537e+00
4.280937410688768097e+01,4.103747458342658305e+00
4.282937982280651568e+01,3.929374280579075229e+00
4.284938553872535039e+01,3.905577159513190288e+00
4.286939125464418510e+01,4.432304568330368788e+00
4.288939697056301981e+01,3.615124543146691849e+00
4.290940268648185452e+01,4.219993109345245408e+00
4.292940840240068923e+01,4.315294757098973477e+00
4.294941411831952394e+01,4.153558916308969451e+00
4.296941983423835865e+01,3.947761763694497716e+00
4.298942555015718625e+01,4.267239322360127041e+00
4.300943126607602096e+01,3.586047894645299827e+00
4.302943698199485567e+01,4.320267402667598233e+00
4.304944269791369038e+01,3.934239134950001660e+00
4.306944841383252509e+01,3.343081245732472784e+00
4.308945412975135980e+01,3.276554590092558783e+00
4.310945984567019451e+01,4.087430215294280522e+00
4.312946556158902922e+01,3.780759021192224623e+00
4.314947127750786393e+01,3.409810667049259170e+00
4.316947699342669864e+01,3.738603619824257596e+00
4.318948270934552625e+01,4.171191894805316380e+00
4.320948842526436096e+01,4.126384381949482538e+00
4.322949414118319567e+01,4.067826879095234105e+00
4.324949985710203038e+01,3.267709064438851119e+00
4.326950557302086509e+01,4.321172828326598214e+00
4.328951128893969980e+01,3.227930967995626510e+00
4.330951700485853451e+01,3.628037034820220441e+00
4.332952272077736922e+01,4.224348995469960677e+00
4.334952843669620393e+01,4.420978654175717892e+00
4.336953415261503153e+01,4.264386997511275368e+00
4.338953986853386624e+01,4.342752298297424041e+00
4.340954558445270095e+01,3.108321872115274775e+00
4.342955130037153566e+01,4.092223796780444900e+00
4.344955701629037037e+01,3.322026111084790401e+00
4.346956273220920508e+01,3.757755492767251404e+00
4.348956844812803979e+01,4.074093218223645785e+00
4.350957416404687450e+01,3.785177222239615613e+00
4.352957987996570921e+01,3.988173656088519259e+00
4.354958559588453681e+01,3.814342741959854788e+00
4.356959131180337153e+01,3.525384669313528896e+00
4.358959702772220624e+01,3.665861521818291280e+00
4.360960274364104095e+01,3.740759109831147899e+00
4.362960845955987566e+01,4.086804977182614707e+00
4.364961417547871037e+01,4.391924507871594940e+00
4.366961989139754508e+01,4.097621244058433199e+00
4.368962560731637979e+01,3.570887652808649282e+00
4.370963132323521450e+01,3.715783541638923104e+00
4.372963703915404921e+01,3.390380869037844747e+00
4.374964275507287681e+01,4.501140670032882873e+00
4.376964847099171152e+01,3.867851184851458513e+00
4.378965418691054623e+01,4.354273417489693543e+00
4.380965990282938094e+01,4.267738100637768817e+00
4.382966561874821565e+01,3.380605751778829049e+00
4.384967133466705036e+01,3.653353620934412849e+00
4.386967705058588507e+01,4.831384991606876511e+00
4.388968276650471978e+01,4.072102735671200513e+00
4.390968848242355449e+01,3.583102375523421479e+00
4.392969419834238209e+01,3.957683860711860291e+00
4.394969991426121680e+01,4.234297930790702935e+00
4.396970563018005151e+01,4.742534001959656464e+00
4.398971134609888622e+01,3.600948285378606784e+00
4.400971706201772093e+01,4.517314133457971614e+00
4.402972277793655564e+01,4.655804999417252787e+00
4.404972849385539035e+01,4.375833995307803370e+00
4.406973420977422506e+01,4.856377918507861047e+00
4.408973992569305977e+01,4.125957319606430751e+00
4.410974564161189448e+01,4.165935084708974223e+00
4.412975135753072209e+01,4.674302498713084120e+00
4.414975707344955680e+01,4.035857309446151397e+00
4.416976278936839151e+01,4.585321484136695602e+00
4.418976850528722622e+01,3.632243656356422434e+00
4.420977422120606093e+01,3.897560984284890395e+00
4.422977993712489564e+01,4.285203013781810455e+00
4.424978565304373035e+01,4.729105961667430691e+00
4.426979136896256506e+01,4.612348987237714582e+00
4.428979708488139977e+01,4.533756216196069389e+00
4.430980280080022737e+01,5.053451772735200187e+00
4.432980851671906208e+01,4.998220219842986367e+00
4.434981423263789679e+01,4.776043599716619070e+00
4.436981994855673150e+01,4.646932806862848153e+00
4.438982566447556621e+01,4.609033434112475902e+00
4.440983138039440092e+01,4.867064525392517993e+00
4.442983709631323563e+01,5.411598093892997952e+00
4.444984281223207034e+01,3.923450948481277401e+00
4.446984852815090505e+01,5.117883820151345908e+00
4.448985424406973266e+01,4.981814398026563673e+00
4.450985995998856737e+01,4.187137263690541289e+00
4.452986567590740208e+01,4.685659666517050681e+00
4.454987139182623679e+01,5.426759475174010916e+00
4.456987710774507150e+01,5.595938739510013527e+00
4.458988282366390621e+01,5.086107873531645396e+00
4.460988853958274092e+01,5.180602536738766695e+00
4.462989425550157563e+01,5.074510446910936778e+00
4.464989997142041034e+01,5.012653655972804323e+00
4.466990568733924505e+01,6.024232401608406562e+00
4.468991140325807265e+01,6.004862639320890594e+00
4.470991711917690736e+01,5.607079247787155829e+00
4.472992283509574207e+01,5.978051563506198818e+00
4.474992855101457678e+01,5.388778961743563301e+00
4.476993426693341149e+01,6.075367218095182764e+00
4.478993998285224620e+01,5.926846402994847551e+00
4.480994569877108091e+01,5.902008055525439723e+00
4.482995141468991562e+01,5.966403230179954775e+00
4.484995713060875033e+01,5.837921615925468544e+00
4.486996284652757794e+01,6.304269660554701282e+00
4.488996856244641265e+01,7.019795545564651462e+00
4.490997427836524736e+01,6.169126087263658853e+00
4.492997999428408207e+01,7.170989098158363717e+00
4.494998571020291678e+01,7.499577151208361769e+00
4.496999142612175149e+01,6.452581596107893169e+00
4.498999714204058620e+01,7.246305441500512146e+00
4.501000285795942091e+01,7.807740910359155961e+00
4.503000857387825562e+01,7.906182719699820005e+00
4.505001428979709033e+01,7.501748015528376001e+00
4.507002000571591793e+01,8.553962343291333426e+00
4.509002572163475264e+01,8.857665838541397108e+00
4.511003143755358735e+01,8.372038733840556191e+00
4.513003715347242206e+01,8.828459578811054698e+00
4.515004286939125677e+01,8.892780489325787130e+00
4.517004858531009148e+01,9.581326557612811712e+00
4.519005430122892619e+01,9.807519822963916667e+00
4.521006001714776090e+01,1.022056223223076898e+01
4.523006573306659561e+01,1.115024236838431015e+01
4.525007144898542322e+01,1.128378194006418056e+01
4.527007716490425793e+01,1.071549795514005154e+01
4.529008288082309264e+01,1.174855387509890647e+01
4.531008859674192735e+01,1.204704063434830630e+01
4.533009431266076206e+01,1.247396777878341112e+01
4.535010002857959677e+01,1.318611657897881528e+01
4.537010574449843148e+01,1.295713819340116757e+01
4.539011146041726619e+01,1.374882239874717094e+01
4.541011717633610090e+01,1.412695810012015230e+01
4.543012289225492850e+01,1.514134426266049616e+01
4.545012860817376321e+01,1.613681295283869233e+01
4.547013432409259792e+01,1.613286902918378729e+01
4.549014004001143263e+01,1.716966327019535044e+01
4.551014575593026734e+01,1.714433501012879901e+01
4.553015147184910205e+01,1.873644789687377710e+01
4.555015718776793676e+01,1.910569414661936349e+01
4.557016290368677147e+01,1.974953039027116120e+01
4.559016861960560618e+01,2.034760808202046789e+01
4.561017433552444089e+01,2.100153669937525081e+01
4.563018005144326850e+01,2.188316183146011440e+01
4.565018576736210321e+01,2.201690836594388401e+01
4.567019148328093792e+01,2.284637113178279577e+01
4.569019719919977263e+01,2.425693473805827338e+01
4.571020291511860734e+01,2.567607545276719350e+01
4.573020863103744205e+01,2.581783756551651265e+01
4.575021434695627676e+01,2.645747603842916362e+01
4.577022006287511147e+01,2.700124426567055025e+01
4.579022577879394618e+01,2.789217796543878336e+01
4.581023149471277378e+01,2.701030323016361834e+01
4.583023721063160849e+01,2.881423640554917398e+01
4.585024292655044320e+01,2.903078652654986058e+01
4.587024864246927791e+01,2.928572520825156644e+01
4.589025435838811262e+01,2.810884080562192366e+01
4.591026007430694733e+01,2.907812259183516090e+01
4.593026579022578204e+01,2.783422432512528033e+01
4.595027150614461675e+01,2.854089844180847280e+01
4.597027722206345146e+01,2.772308659322014179e+01
4.599028293798228617e+01,2.684777640582264979e+01
4.601028865390111378e+01,2.656594975372227552e+01
4.603029436981994849e+01,2.509215103298465976e+01
4.605030008573878320e+01,2.521135417739785467e+01
4.607030580165761791e+01,2.325343904552388352e+01
4.609031151757645262e+01,2.239865627642798529e+01
4.611031723349528733e+01,2.248984793588810405e+01
4.613032294941412204e+01,2.190361622163704425e+01
4.615032866533295675e+01,2.104282399680061388e+01
4.617033438125179146e+01,1.996494515510048018e+01
4.619034009717061906e+01,1.993337439966148850e+01
4.621034581308945377e+01,1.932834385966736335e+01
4.623035152900828848e+01,1.799227663065606819e+01
4.625035724492712319e+01,1.744432575790406759e+01
4.627036296084595790e+01,1.676775577703530828e+01
4.629036867676479261e+01,1.778753067246306685e+01
4.631037439268362732e+01,1.633286033564303352e+01
4.633038010860246203e+01,1.657671594914730306e+01
4.635038582452129674e+01,1.667246447697220901e+01
4.637039154044012434e+01,1.660729719285422235e+01
4.639039725635895905e+01,1.623049855499291283e+01
4.641040297227779376e+01,1.743793948368272950e+01
4.643040868819662847e+01,1.703145182430902338e+01
4.645041440411546319e+01,1.696279795219683351e+01
4.647042012003429790e+01,1.653445033476651460e+01
4.649042583595313261e+01,1.746210580622157948e+01
4.651043155187196732e+01,1.680781450753892159e+01
4.653043726779080203e+01,1.693599671648763660e+01
4.655044298370963674e+01,1.622072689720550187e+01
4.657044869962846434e+01,1.627103163946085118e+01
4.659045441554729905e+01,1.704191467911515900e+01
4.661046013146613376e+01,1.580465252582771996e+01
4.663046584738496847e+01,1.556585552984771326e+01
4.665047156330380318e+01,1.496072018544700910e+01
4.667047727922263789e+01,1.510633327511578727e+01
4.669048299514147260e+01,1.371341382490108884e+01
4.671048871106030731e+01,1.388031602135372111e+01
4.673049442697914202e+01,1.307452192624193188e+01
4.675050014289796962e+01,1.297956270714608706e+01
4.677050585881680433e+01,1.245738804794011756e+01
4.679051157473563904e+01,1.193601797989761693e+01
4.681051729065447375e+01,1.071604778586025475e+01
4.683052300657330846e+01,1.030774739007924623e+01
4.685052872249214317e+01,1.028959652481109366e+01
4.687053443841097788e+01,9.215002373929440438e+00
4.689054015432981259e+01,9.181030160198677237e+00
4.691054587024864730e+01,8.427050641642775730e+00
4.693055158616748201e+01,8.987172560932833676e+00
4.695055730208630962e+01,8.307007435557006048e+00
4.697056301800514433e+01,7.366832313344399807e+00
4.699056873392397904e+01,7.619905167781492850e+00
4.701057444984281375e+01,7.559849968817513144e+00
4.703058016576164846e+01,7.975807058575837161e+00
4.705058588168048317e+01,6.508244217110769725e+00
4.707059159759931788e+01,6.705867478929039116e+00
4.709059731351815259e+01,6.771718190687298744e+00
4.711060302943698730e+01,7.122169063454676596e+00
4.713060874535581490e+01,6.522742201803327866e+00
4.715061446127464961e+01,5.991856601232185220e+00
4.717062017719348432e+01,6.249883326313412368e+00
4.719062589311231903e+01,5.677912505516243158e+00
4.721063160903115374e+01,6.329809985981464493e+00
4.723063732494998845e+01,5.677504396804620157e+00
4.725064304086882316e+01,5.419899523169544153e+00
4.727064875678765787e+01,5.891718518467540022e+00
4.729065447270649258e+01,4.965470389415118646e+00
4.731066018862532019e+01,5.585605589753432909e+00
4.733066590454415490e+01,5.611856665635447605e+00
4.735067162046298961e+01,4.876515180997674115e+00
4.737067733638182432e+01,4.971128566380405900e+00
4.739068305230065903e+01,4.875118101817192517e+00
4.741068876821949374e+01,5.203866920794785855e+00
4.743069448413832845e+01,5.586318741933906651e+00
4.745070020005716316e+01,4.535660400189606811e+00
4.747070591597599787e+01,5.063284492233284695e+00
4.749071163189483258e+01,4.897467036662582984e+00
4.751071734781366018e+01,4.293195059594106411e+00
4.753072306373249489e+01,4.451710332193523634e+00
4.755072877965132960e+01,5.290295402653566903e+00
4.757073449557016431e+01,4.543040622588036648e+00
4.759074021148899902e+01,4.212158646464463807e+00
4.761074592740783373e+01,5.215312614301588212e+00
4.763075164332666844e+01,4.870054073476046241e+00
4.765075735924550315e+01,4.784862628199675783e+00
4.767076307516433786e+01,4.095139833323776735e+00
4.769076879108316547e+01,4.550393904471004447e+00
4.771077450700200018e+01,5.096490444648044793e+00
4.773078022292083489e+01,5.086573284841131581e+00
4.775078593883966960e+01,3.648709895863702091e+00
4.777079165475850431e+01,4.274773528652467292e+00
4.779079737067733902e+01,4.278313711003054465e+00
4.781080308659617373e+01,4.453522131182310773e+00
4.783080880251500844e+01,4.909556438995164918e+00
4.785081451843384315e+01,4.564722522946006222e+00
4.787082023435267075e+01,3.946529479686408770e+00
4.789082595027150546e+01,4.745386291500400588e+00
4.791083166619034017e+01,4.429224242070146644e+00
4.793083738210917488e+01,4.661294842052617682e+00
4.795084309802800959e+01,4.154716532485160485e+00
4.797084881394684430e+01,3.483599091888600174e+00
4.799085452986567901e+01,3.970470554764520266e+00
4.801086024578451372e+01,4.565659369798395595e+00
4.803086596170334843e+01,4.330707796440430357e+00
4.805087167762218314e+01,3.792911531104026679e+00
4.807087739354101075e+01,4.711956787457281415e+00
4.809088310945984546e+01,3.955173897115942250e+00
4.811088882537868017e+01,3.327884660290508556e+00
4.813089454129751488e+01,4.021847430704493576e+00
4.815090025721634959e+01,4.465035430263931460e+00
4.817090597313518430e+01,3.212595157059269901e+00
4.819091168905401901e+01,4.740460536923574608e+00
4.821091740497285372e+01,4.449699571903108719e+00
4.823092312089168843e+01,4.792276459160707880e+00
4.825092883681051603e+01,4.106724620178887619e+00
4.827093455272935074e+01,3.965417672386889691e+00
4.829094026864818545e+01,4.167844447940364461e+00
4.831094598456702016e+01,3.234740283285606477e+00
4.833095170048585487e+01,4.203995740945758897e+00
4.835095741640468958e+01,3.875821831362321390e+00
4.837096313232352429e+01,3.542463042781912819e+00
4.839096884824235900e+01,4.671571466078490609e+00
4.841097456416119371e+01,3.806313082065789111e+00
4.843098028008002842e+01,4.452032086589330362e+00
4.845098599599885603e+01,3.638334617541262972e+00
4.847099171191769074e+01,3.835548941380012788e+00
4.849099742783652545e+01,4.703926697682769387e+00
4.851100314375536016e+01,4.579353920192160032e+00
4.853100885967419487e+01,4.206493913075520119e+00
4.855101457559302958e+01,4.164615774674130577e+00
4.857102029151186429e+01,3.543313228311439467e+00
4.859102600743069900e+01,4.697262742036157235e+00
4.861103172334953371e+01,3.991265553598915883e+00
4.863103743926836131e+01,3.900787276774780654e+00
4.865104315518719602e+01,3.612233921444185203e+00
4.867104887110603073e+01,3.824618981953870733e+00
4.869105458702486544e+01,4.339773688952424102e+00
4.871106030294370015e+01,4.382522252150815589e+00
4.873106601886253486e+01,3.147979103902411868e+00
4.875107173478136957e+01,3.770248724018477660e+00
4.877107745070020428e+01,4.247434526411833389e+00
4.879108316661903899e+01,3.472618017357656850e+00
4.881108888253786660e+01,4.454579077648689989e+00
4.883109459845670131e+01,4.092405166533420235e+00
4.885110031437553602e+01,4.332484313303231360e+00
4.887110603029437073e+01,4.319852500013692698e+00
4.889111174621320544e+01,4.034245978565727420e+00
4.891111746213204015e+01,4.746876798853964630e+00
4.893112317805087486e+01,3.882975210791327125e+00
4.895112889396970957e+01,3.836483929655527536e+00
4.897113460988854428e+01,3.975065022681193216e+00
4.899114032580737899e+01,4.065366594889015417e+00
4.901114604172620659e+01,4.583632540915379749e+00
4.903115175764504130e+01,4.003187947729024643e+00
4.905115747356387601e+01,3.390897449157053600e+00
4.907116318948271072e+01,3.565453328165502533e+00
4.909116890540154543e+01,4.277758113027902098e+00
4.911117462132038014e+01,3.669776825129747344e+00
4.913118033723921485e+01,3.973927231278732819e+00
4.915118605315804956e+01,4.157429239660116238e+00
4.917119176907688427e+01,3.281465399154177565e+00
4.919119748499571187e+01,3.788926617034425348e+00
4.921120320091454658e+01,4.550792394788139461e+00
4.923120891683338129e+01,3.959214379616994073e+00
4.925121463275221600e+01,3.304184871307856319e+00
4.927122034867105071e+01,3.601650449582769031e+00
4.929122606458988542e+01,3.325969485088212441e+00
4.931123178050872014e+01,3.829889955110827415e+00
4.933123749642755485e+01,3.255762879715371483e+00
4.935124321234638956e+01,4.004479351509674601e+00
4.937124892826522427e+01,4.172562712513851579e+00
4.939125464418405187e+01,3.866898546555950222e+00
4.941126036010288658e+01,3.659347810713209359e+00
4.943126607602172129e+01,3.437898534210576340e+00
4.945127179194055600e+01,3.915050469465388261e+00
4.947127750785939071e+01,3.468212447115120778e+00
4.949128322377822542e+01,3.961516280341588647e+00
4.951128893969706013e+01,4.532248664186845133e+00
4.953129465561589484e+01,3.127435534863766353e+00
4.955130037153472955e+01,3.695817246003585410e+00
4.957130608745355715e+01,3.497218871861663025e+00
4.959131180337239186e+01,3.368241145267588443e+00
4.961131751929122657e+01,4.040028338604283675e+00
4.963132323521006128e+01,3.862222059867140622e+00
4.965132895112889599e+01,3.989810016113816804e+00
4.967133466704773070e+01,3.944644577774953476e+00
4.969134038296656541e+01,3.618186438406609362e+00
4.971134609888540012e+01,3.874235398114882933e+00
4.973135181480423483e+01,4.451702596444987670e+00
4.975135753072306244e+01,3.429386999570653849e+00
4.977136324664189715e+01,3.994813348487437743e+00
4.979136896256073186e+01,3.961157870064607067e+00
4.981137467847956657e+01,3.682581907785122066e+00
4.983138039439840128e+01,3.306605798787863204e+00
4.985138611031723599e+01,4.035307880314517703e+00
4.987139182623607070e+01,3.665570800056034528e+00
4.989139754215490541e+01,4.130731791713835754e+00
4.991140325807374012e+01,3.716384587219810243e+00
4.993140897399257483e+01,3.862737577302838510e+00
4.995141468991140243e+01,4.005906151955395345e+00
4.997142040583023714e+01,4.473255118005659448e+00
4.999142612174907185e+01,4.576183640233416838e+00
5.001143183766790656e+01,3.982031426924451001e+00
5.003143755358674127e+01,4.322159838620387440e+00
5.005144326950557598e+01,4.063776861405612451e+00
5.007144898542441069e+01,3.543161502763776838e+00
5.009145470134324540e+01,3.829448433977166388e+00
5.011146041726208011e+01,4.454195221435110597e+00
5.013146613318090772e+01,4.164215455945958766e+00
5.015147184909974243e+01,4.031595187965173466e+00
5.017147756501857714e+01,4.184372615300118170e+00
5.019148328093741185e+01,4.459281678696709328e+00
5.021148899685624656e+01,4.197874235554747813e+00
5.023149471277508127e+01,3.351318943163716035e+00
5.025150042869391598e+01,3.926871351045591485e+00
5.027150614461275069e+01,4.080907931833085200e+00
5.029151186053158540e+01,3.413622086119220356e+00
5.031151757645042011e+01,3.737149882502530218e+00
5.033152329236924771e+01,4.653324589767438901e+00
5.035152900828808242e+01,4.497448828571332768e+00
5.037153472420691713e+01,3.909038888618095342e+00
5.039154044012575184e+01,4.291882130680156671e+00
5.041154615604458655e+01,3.462543519593505703e+00
5.043155187196342126e+01,4.206302677454489825e+00
5.045155758788225597e+01,4.887318187949389880e+00
5.047156330380109068e+01,4.317540963275000365e+00
5.049156901971992539e+01,4.411685567248620821e+00
5.051157473563875300e+01,4.556273287091872959e+00
5.053158045155758771e+01,4.396315161317175146e+00
5.055158616747642242e+01,3.696935862924660476e+00
5.057159188339525713e+01,3.516330901799556763e+00
5.059159759931409184e+01,5.108453107892991341e+00
5.061160331523292655e+01,4.711215294698650524e+00
5.063160903115176126e+01,4.439397328524189668e+00
5.065161474707059597e+01,5.064433359696538517e+00
5.067162046298943068e+01,4.767952433601577056e+00
5.069162617890825828e+01,4.211142347983802381e+00
5.071163189482709299e+01,5.038579588188757619e+00
5.073163761074592770e+01,3.763883753504400076e+00
5.075164332666476241e+01,5.071773633601022624e+00
5.077164904258359712e+01,4.138706501373480506e+00
5.079165475850243183e+01,4.495836751108548413e+00
5.081166047442126654e+01,5.019201411568455562e+00
5.083166619034010125e+01,4.900145698141487927e+00
5.085167190625893596e+01,4.507776954817771298e+00
5.087167762217777067e+01,4.796551615023023629e+00
5.089168333809659828e+01,5.046389029085160516e+00
5.091168905401543299e+01,4.388511833656783878e+00
5.093169476993426770e+01,4.521546497303940981e+00
5.095170048585310241e+01,4.937422274712982784e+00
5.097170620177193712e+01,4.780789750347424594e+00
5.099171191769077183e+01,4.762555079184751960e+00
5.101171763360960654e+01,4.452471855443064008e+00
5.103172334952844125e+01,4.469069055628915876e+00
5.105172906544727596e+01,5.517690525803698343e+00
5.107173478136610356e+01,5.057861010485927622e+00
5.109174049728493827e+01,4.540624573822356069e+00
5.111174621320377298e+01,5.059932415181807919e+00
5.113175192912260769e+01,4.962926865844927704e+00
5.115175764504144240e+01,4.939804477496490875e+00
5.117176336096027711e+01,5.186238895645496783e+00
5.119176907687911182e+01,5.374336633524105622e+00
5.121177479279794653e+01,6.041536477140477146e+00
5.123178050871678124e+01,5.830646755811788040e+00
5.125178622463561595e+01,5.727297855830219220e+00
5.127179194055444356e+01,5.482886402193194897e+00
5.129179765647327827e+01,6.052141215615899128e+00
5.131180337239211298e+01,5.519099369288776202e+00
5.133180908831094769e+01,6.007190691368345270e+00
5.135181480422978240e+01,5.805074464170361992e+00
5.137182052014861711e+01,6.788919610384320791e+00
5.139182623606745182e+01,6.444935060251627768e+00
5.141183195198628653e+01,6.422136388715111721e+00
5.143183766790512124e+01,6.679089462482394879e+00
5.145184338382394884e+01,6.468688656356091471e+00
5.147184909974278355e+01,6.534617227265400174e+00
5.149185481566161826e+01,6.698491527936958789e+00
5.151186053158045297e+01,6.304269880123217540e+00
5.153186624749928768e+01,6.161582938187294189e+00
5.155187196341812239e+01,6.332627562010419098e+00
5.157187767933695710e+01,6.393198480270586792e+00
5.159188339525579181e+01,7.172363842076901363e+00
5.161188911117462652e+01,6.627194015489693335e+00
5.163189482709345413e+01,7.690858816443563839e+00
5.165190054301228884e+01,6.538575955200547796e+00
5.167190625893112355e+01,7.211701517700197073e+00
5.169191197484995826e+01,6.657063892021106710e+00
5.171191769076879297e+01,6.911470335301268975e+00
5.173192340668762768e+01,7.350364876192406527e+00
5.175192912260646239e+01,6.929405558201219506e+00
5.177193483852529710e+01,6.604249722274030177e+00
5.179194055444413181e+01,7.258475287243015828e+00
5.181194627036296652e+01,5.851398852656215510e+00
5.183195198628179412e+01,6.532443283753997854e+00
5.185195770220062883e+01,7.189082301535355768e+00
5.187196341811946354e+01,6.489261552243059228e+00
5.189196913403829825e+01,7.288326073450957843e+00
5.191197484995713296e+01,7.156748189803513682e+00
5.193198056587596767e+01,7.029992506742397396e+00
5.195198628179480238e+01,6.914995421605770076e+00
5.197199199771363709e+01,6.167947269134891997e+00
5.199199771363247180e+01,6.941265162627916041e+00
5.201200342955129940e+01,6.857323551622519275e+00
5.203200914547013411e+01,6.960944207418748420e+00
5.205201486138896882e+01,6.654320564582112851e+00
5.207202057730780353e+01,6.669062223700242598e+00
5.209202629322663824e+01,6.585478771352084593e+00
5.211203200914547295e+01,6.059775273057252498e+00
5.213203772506430766e+01,6.316435232603799577e+00
5.215204344098314237e+01,7.305329438371423123e+00
5.217204915690197708e+01,7.156538558550331608e+00
5.219205487282081180e+01,7.109030860132482310e+00
5.221206058873963940e+01,6.272841932865841130e+00
5.223206630465847411e+01,6.997366162311487336e+00
5.225207202057730882e+01,6.283412992728292679e+00
5.227207773649614353e+01,6.142730216937728471e+00
5.229208345241497824e+01,6.259305514274538851e+00
5.231208916833381295e+01,6.866637339589321876e+00
5.233209488425264766e+01,6.170511604069816691e+00
5.235210060017148237e+01,6.595455129001720707e+00
5.237210631609031708e+01,5.164559836830068917e+00
5.239211203200914468e+01,5.220472675283984287e+00
5.241211774792797939e+01,5.380439280210953079e+00
5.243212346384681410e+01,5.317087830141209892e+00
5.245212917976564881e+01,5.072459408856985874e+00
5.247213489568448352e+01,5.984442269530312331e+00
5.249214061160331823e+01,5.275106243141875595e+00
5.251214632752215294e+01,4.913773336598655561e+00
5.253215204344098765e+01,4.516827997774372605e+00
5.255215775935982236e+01,4.764903975322543950e+00
5.257216347527864997e+01,5.809875754967154471e+00
5.259216919119748468e+01,5.296091635168462375e+00
5.261217490711631939e+01,5.188629455599241602e+00
5.263218062303515410e+01,5.445964820956152863e+00
5.265218633895398881e+01,4.381200125713980320e+00
5.267219205487282352e+01,4.415188438006235394e+00
5.269219777079165823e+01,5.287614791355229826e+00
5.271220348671049294e+01,5.322386392210725070e+00
5.273220920262932765e+01,4.841433627720297395e+00
5.275221491854816236e+01,4.211755414666744635e+00
5.277222063446698996e+01,5.084010648022927015e+00
5.279222635038582467e+01,4.997625084204262436e+00
5.281223206630465938e+01,4.163335677689358860e+00
5.283223778222349409e+01,4.728299074630947452e+00
5.285224349814232880e+01,4.556365112359493708e+00
5.287224921406116351e+01,4.460796068764227407e+00
5.289225492997999822e+01,4.518187529126385549e+00
5.291226064589883293e+01,4.437396027473516469e+00
5.293226636181766764e+01,4.274868789491284460e+00
5.295227207773649525e+01,4.419353737469026377e+00
5.297227779365532996e+01,4.685264464895170455e+00
5.299228350957416467e+01,4.059828160674917363e+00
5.301228922549299938e+01,4.412859048563213094e+00
5.303229494141183409e+01,4.430426459551341623e+00
5.305230065733066880e+01,4.353551333925446798e+00
5.307230637324950351e+01,4.675987177951265394e+00
5.309231208916833822e+01,4.181073628678156240e+00
5.311231780508717293e+01,3.734726520732855715e+00
5.313232352100600764e+01,4.320355423465105815e+00
5.315232923692483524e+01,3.660474282856207129e+00
5.317233495284366995e+01,3.380863772138840151e+00
5.319234066876250466e+01,4.150299479069537334e+00
5.321234638468133937e+01,4.440592761013540724e+00
5.323235210060017408e+01,3.393797005333888173e+00
5.325235781651900879e+01,4.184432568177714806e+00
5.327236353243784350e+01,3.950054163001754493e+00
5.329236924835667821e+01,4.417946012474075701e+00
5.331237496427551292e+01,3.408912165700493269e+00
5.333238068019434053e+01,4.029498579606272557e+00
5.335238639611317524e+01,3.726551027371622915e+00
5.337239211203200995e+01,3.666350674911725172e+00
5.339239782795084466e+01,4.330594954927253326e+00
5.341240354386967937e+01,4.083392923410663400e+00
5.343240925978851408e+01,3.888343856259902864e+00
5.345241497570734879e+01,3.508001465623262760e+00
5.347242069162618350e+01,3.688934409036760620e+00
5.349242640754501821e+01,3.799581405377868926e+00
5.351243212346384581e+01,4.469696965318346926e+00
5.353243783938268052e+01,3.414547092461421407e+00
5.355244355530151523e+01,3.442131774089393748e+00
5.357244927122034994e+01,4.173077682748181694e+00
5.359245498713918465e+01,3.491329333106331312e+00
5.361246070305801936e+01,3.919094388046268307e+00
5.363246641897685407e+01,4.459604366140249354e+00
5.365247213489568878e+01,4.160656581668877863e+00
5.367247785081452349e+01,4.692828209235107906e+00
5.369248356673335820e+01,3.853069165177336330e+00
5.371248928265218581e+01,3.601343577762843751e+00
5.373249499857102052e+01,3.472096232155222673e+00
5.375250071448985523e+01,3.677784793378109818e+00
5.377250643040868994e+01,3.632596549389743856e+00
5.379251214632752465e+01,3.139133399224666832e+00
5.381251786224635936e+01,4.792448517206786995e+00
5.383252357816519407e+01,4.418184723741857667e+00
5.385252929408402878e+01,3.925875668371753058e+00
5.387253501000286349e+01,3.950267076924046439e+00
5.389254072592169109e+01,3.829124553188984592e+00
5.391254644184052580e+01,4.363034212438156700e+00
5.393255215775936051e+01,3.697680627561568123e+00
5.395255787367819522e+01,3.828454992368100385e+00
5.397256358959702993e+01,3.913627471060823204e+00
5.399256930551586464e+01,4.145982260573983780e+00
5.401257502143469935e+01,4.126771566653551382e+00
5.403258073735353406e+01,4.410431996225305795e+00
5.405258645327236877e+01,3.871442772863534110e+00
5.407259216919120348e+01,3.937276631318041176e+00
5.409259788511003109e+01,4.283632900462089665e+00
5.411260360102886580e+01,4.209329746892201740e+00
5.413260931694770051e+01,4.867581933536533789e+00
5.415261503286653522e+01,4.171201067290609465e+00
5.417262074878536993e+01,3.941987575813183486e+00
5.419262646470420464e+01,3.784044428929383752e+00
5.421263218062303935e+01,3.796114311157531951e+00
5.423263789654187406e+01,4.852329159447908324e+00
5.425264361246070877e+01,3.471793662465186614e+00
5.427264932837953637e+01,4.081743623930079501e+00
5.429265504429837108e+01,4.466999034736718777e+00
5.431266076021720579e+01,3.796692881984639723e+00
5.433266647613604050e+01,4.024270260055685000e+00
5.435267219205487521e+01,4.722649122082712481e+00
5.437267790797370992e+01,4.266785118022875523e+00
5.439268362389254463e+01,4.014867683018377598e+00
5.441268933981137934e+01,4.256440387818637205e+00
5.443269505573021405e+01,3.576402953630869241e+00
5.445270077164904166e+01,3.760805112791617333e+00
5.447270648756787637e+01,4.099171620203136079e+00
5.449271220348671108e+01,3.293759587135590916e+00
5.451271791940554579e+01,3.504387042042748757e+00
5.453272363532438050e+01,4.298692040182481300e+00
5.455272935124321521e+01,3.562149412517561231e+00
5.457273506716204992e+01,4.147901240121313116e+00
5.459274078308088463e+01,4.787926064025322503e+00
5.461274649899971934e+01,4.149871826085974824e+00
5.463275221491855405e+01,3.723549109790250000e+00
5.465275793083738165e+01,4.355906581019942436e+00
5.467276364675621636e+01,3.590666357568079725e+00
5.469276936267505107e+01,3.654130123350022075e+00
5.471277507859388578e+01,3.518345355769440630e+00
5.473278079451272049e+01,4.047570087778377790e+00
5.475278651043155520e+01,4.068262584909033919e+00
5.477279222635038991e+01,4.580442337588473301e+00
5.479279794226922462e+01,4.536384258258528313e+00
5.481280365818805933e+01,3.516978637982737688e+00
5.483280937410688693e+01,4.078630077669618714e+00
5.485281509002572164e+01,4.801285949208228487e+00
5.487282080594455635e+01,3.877304748518259903e+00
5.489282652186339106e+01,4.229200005073871615e+00
5.491283223778222577e+01,4.168196797956414734e+00
5.493283795370106048e+01,3.972139605202792190e+00
5.495284366961989519e+01,4.615801529527029601e+00
5.497284938553872990e+01,3.674230633578933869e+00
5.499285510145756461e+01,4.224764249325109411e+00
5.501286081737639222e+01,4.518397072010403193e+00
5.503286653329522693e+01,5.166791471425304927e+00
5.505287224921406164e+01,4.145949965578966889e+00
5.507287796513289635e+01,4.240693545662326258e+00
5.509288368105173106e+01,4.605918841764395033e+00
5.511288939697056577e+01,4.094603389704794871e+00
5.513289511288940048e+01,4.355795089215332538e+00
5.515290082880823519e+01,4.225963805537787721e+00
5.517290654472706990e+01,4.806642591901680639e+00
5.519291226064590461e+01,5.020313414228089854e+00
5.521291797656473221e+01,4.962872316442536125e+00
5.523292369248356692e+01,5.395311757437855960e+00
5.525292940840240163e+01,4.826906565170451024e+00
5.527293512432123634e+01,5.478202180103547647e+00
5.529294084024007105e+01,5.571701233556529687e+00
5.531294655615890576e+01,5.233035410513769747e+00
5.533295227207774047e+01,5.191588448106328357e+00
5.535295798799657518e+01,5.373385659508573831e+00
5.537296370391540989e+01,4.183452845462180214e+00
5.539296941983423750e+01,5.589667562419526448e+00
5.541297513575307221e+01,4.608473763438883708e+00
5.543298085167190692e+01,5.188714070574768300e+00
5.545298656759074163e+01,4.639361046084022888e+00
5.547299228350957634e+01,5.689343171485434780e+00
5.549299799942841105e+01,4.374338291635664788e+00
5.551300371534724576e+01,6.145757301892713187e+00
5.553300943126608047e+01,5.268075215083215745e+00
5.555301514718491518e+01,5.671867872592347481e+00
5.557302086310374989e+01,5.423464301590035674e+00
5.559302657902257749e+01,5.584539341277586999e+00
5.561303229494141220e+01,5.634059958627389619e+00
5.563303801086024691e+01,5.814281882616310071e+00
5.565304372677908162e+01,6.059349861077373944e+00
5.567304944269791633e+01,5.652720002301826696e+00
5.569305515861675104e+01,5.379404305516486851e+00
5.571306087453558575e+01,5.652105011009846969e+00
5.573306659045442046e+01,6.257413679502963788e+00
5.575307230637325517e+01,5.686374254309782827e+00
5.577307802229208278e+01,6.012150586675983455e+00
5.579308373821091749e+01,6.065602358833148244e+00
5.581308945412975220e+01,6.324884593325462490e+00
5.583309517004858691e+01,6.307739481311791074e+00
5.585310088596742162e+01,6.400911879202016763e+00
5.587310660188625633e+01,6.742856262300287895e+00
5.589311231780509104e+01,6.965345854764734668e+00
5.591311803372392575e+01,7.625499406575988459e+00
5.593312374964276046e+01,7.267420610131388514e+00
5.595312946556158806e+01,7.566223288685362647e+00
5.597313518148042277e+01,7.950394243324563348e+00
5.599314089739925748e+01,7.798489598933837641e+00
5.601314661331809219e+01,8.050855695136124979e+00
5.603315232923692690e+01,8.387996478159559288e+00
5.605315804515576161e+01,8.347776635386582100e+00
5.607316376107459632e+01,9.070007271612151811e+00
5.609316947699343103e+01,8.806144549052163484e+00
5.611317519291226574e+01,8.789670117259692717e+00
5.613318090883110045e+01,9.621933099855015215e+00
5.615318662474992806e+01,9.399334621255947653e+00
5.617319234066876277e+01,1.074778267472152038e+01
5.619319805658759748e+01,1.096295022689453624e+01
5.621320377250643219e+01,1.098596713459737373e+01
5.623320948842526690e+01,1.158984242887780169e+01
5.625321520434410161e+01,1.179871987077215856e+01
5.627322092026293632e+01,1.160125497692511942e+01
5.629322663618177103e+01,1.198478343111169764e+01
5.631323235210060574e+01,1.298853027663791337e+01
5.633323806801943334e+01,1.278894234681319908e+01
5.635324378393826805e+01,1.357668323068678085e+01
5.637324949985710276e+01,1.306324976746027033e+01
5.639325521577593747e+01,1.392382711567240605e+01
5.641326093169477218e+01,1.480777851655445687e+01
5.643326664761360689e+01,1.528024414404030118e+01
5.645327236353244160e+01,1.574705881785867057e+01
5.647327807945127631e+01,1.556168502128168818e+01
5.649328379537011102e+01,1.614502233055215541e+01
5.651328951128894573e+01,1.644320967946102385e+01
5.653329522720777334e+01,1.791130490591738322e+01
5.655330094312660805e+01,1.769325389412207983e+01
5.657330665904544276e+01,1.762410259140763458e+01
5.659331237496427747e+01,1.920241409851256975e+01
5.661331809088311218e+01,2.045514624022613503e+01
5.663332380680194689e+01,2.010791352578633706e+01
5.665332952272078160e+01,2.129971762357068599e+01
5.667333523863961631e+01,2.178389919582334500e+01
5.669334095455845102e+01,2.262265070219897467e+01
5.671334667047727862e+01,2.215977869014749402e+01
5.673335238639611333e+01,2.408961209727841180e+01
5.675335810231494804e+01,2.465699860631472973e+01
5.677336381823378275e+01,2.531852547853482349e+01
5.679336953415261746e+01,2.520344467369238828e+01
5.681337525007145217e+01,2.711265978243178765e+01
5.683338096599028688e+01,2.745059690755589443e+01
5.685338668190912159e+01,2.757992273145191930e+01
5.687339239782795630e+01,2.903814026850496077e+01
5.689339811374678391e+01,2.908248911733861064e+01
5.691340382966561862e+01,3.038755418819292231e+01
5.693340954558445333e+01,3.017222816878311420e+01
5.695341526150328804e+01,3.001011539299052089e+01
5.697342097742212275e+01,3.118178029084910463e+01
5.699342669334095746e+01,3.113889418750435212e+01
5.701343240925979217e+01,3.174832301401628598e+01
5.703343812517862688e+01,3.172346367642737164e+01
5.705344384109746159e+01,3.163060704417999602e+01
5.707344955701629630e+01,3.120325699624000038e+01
5.709345527293512390e+01,3.241051478789476192e+01
5.711346098885395861e+01,3.132506066523320243e+01
5.713346670477279332e+01,3.213977223022943974e+01
5.715347242069162803e+01,3.172900546059162252e+01
5.717347813661046274e+01,3.205698706726997216e+01
5.719348385252929745e+01,3.109989560089098148e+01
5.721348956844813216e+01,3.082161670161455902e+01
5.723349528436696687e+01,3.117155929579306672e+01
5.725350100028580158e+01,3.098144626193355933e+01
5.727350671620462919e+01,3.082097669516085858e+01
5.729351243212346390e+01,3.115164551889633060e+01
5.731351814804229861e+01,2.985318497001923888e+01
5.733352386396113332e+01,3.030327054856896041e+01
5.735352957987996803e+01,2.975658987248347742e+01
5.737353529579880274e+01,2.964999066242716452e+01
5.739354101171763745e+01,2.894511264995138689e+01
5.741354672763647216e+01,2.852752027083769804e+01
5.743355244355530687e+01,2.862213531249064147e+01
5.745355815947414158e+01,2.824256560745952171e+01
5.747356387539296918e+01,2.782812507283268744e+01
5.749356959131180389e+01,2.712741179432908467e+01
5.751357530723063860e+01,2.742291201209344464e+01
5.753358102314947331e+01,2.632078369248221250e+01
5.755358673906830802e+01,2.602815133066323483e+01
5.757359245498714273e+01,2.530383561260109104e+01
5.759359817090597744e+01,2.468150953350323107e+01
5.761360388682481215e+01,2.434139901070405543e+01
5.763360960274364686e+01,2.453232958367500771e+01
5.765361531866247446e+01,2.406225176264103283e+01
5.767362103458130917e+01,2.377785699739152392e+01
5.769362675050014388e+01,2.289512785627605496e+01
5.771363246641897859e+01,2.238577351925225400e+01
5.773363818233781330e+01,2.321319709955820443e+01
5.775364389825664801e+01,2.205778190854254461e+01
5.777364961417548272e+01,2.195274616839637360e+01
5.779365533009431743e+01,2.187629496751087288e+01
5.781366104601315214e+01,2.130065508868096202e+01
5.783366676193197975e+01,2.056265860352439745e+01
5.785367247785081446e+01,1.974330342402542016e+01
5.787367819376964917e+01,1.965804516113517764e+01
5.789368390968848388e+01,1.943809034642583455e+01
5.791368962560731859e+01,1.790259489870455667e+01
5.793369534152615330e+01,1.831177410752178147e+01
5.795370105744498801e+01,1.730462295235602355e+01
5.797370677336382272e+01,1.670295198725339247e+01
5.799371248928265743e+01,1.730379261390639201e+01
5.801371820520149214e+01,1.646476690939459786e+01
5.803372392112031974e+01,1.678937911145020934e+01
5.805372963703915445e+01,1.531406974238819707e+01
5.807373535295798916e+01,1.565425633165333785e+01
5.809374106887682387e+01,1.471986070152502535e+01
5.811374678479565858e+01,1.491575251564310634e+01
5.813375250071449329e+01,1.461746842419117698e+01
5.815375821663332800e+01,1.359574158851512315e+01
5.817376393255216271e+01,1.329931522640847952e+01
5.819376964847099742e+01,1.304026146050393464e+01
5.821377536438982503e+01,1.362150209829792757e+01
5.823378108030865974e+01,1.322108784596912834e+01
5.825378679622749445e+01,1.206993676018388584e+01
5.827379251214632916e+01,1.192862854423380625e+01
5.829379822806516387e+01,1.209496904016276098e+01
5.831380394398399858e+01,1.140924960118975662e+01
5.833380965990283329e+01,1.094704969463659339e+01
5.835381537582166800e+01,1.110415908441139266e+01
5.837382109174050271e+01,1.079252045517278802e+01
5.839382680765933742e+01,1.110756197400921508e+01
5.841383252357816502e+01,1.033024407984638771e+01
5.843383823949699973e+01,9.306879494539284536e+00
5.845384395541583444e+01,9.405575894702284501e+00
5.847384967133466915e+01,8.955992781035682526e+00
5.849385538725350386e+01,9.056654595297116472e+00
5.851386110317233857e+01,9.154994222898951151e+00
5.853386681909117328e+01,8.635791129627426344e+00
5.855387253501000799e+01,8.012661266511637237e+00
5.857387825092884270e+01,8.475231611045170865e+00
5.859388396684767031e+01,7.448248052437250522e+00
5.861388968276650502e+01,7.439364878165717343e+00
5.863389539868533973e+01,6.696645610109746016e+00
5.865390111460417444e+01,6.686172006370141752e+00
5.867390683052300915e+01,6.571971611564713101e+00
5.869391254644184386e+01,7.029364151660614901e+00
5.871391826236067857e+01,7.383690863585774977e+00
5.873392397827951328e+01,5.707886709005242309e+00
5.875392969419834799e+01,6.538815051008375789e+00
5.877393541011717559e+01,6.602144622975205657e+00
5.879394112603601030e+01,5.864682392076419504e+00
5.881394684195484501e+01,5.621548517525642552e+00
5.883395255787367972e+01,6.523823891731591829e+00
5.885395827379251443e+01,5.228136218524549683e+00
5.887396398971134914e+01,6.180595970034937991e+00
5.889396970563018385e+01,6.171797284929630756e+00
5.891397542154901856e+01,5.395437004994324326e+00
5.893398113746785327e+01,5.231482671319277244e+00
5.895398685338668798e+01,5.274249045896748811e+00
5.897399256930551559e+01,5.494793935704654686e+00
5.899399828522435030e+01,5.453091341332283903e+00
5.901400400114318501e+01,5.382753006153276232e+00
5.903400971706201972e+01,5.876606015826613572e+00
5.905401543298085443e+01,5.167214850464834086e+00
5.907402114889968914e+01,4.944229125977197548e+00
5.909402686481852385e+01,5.285397960514695903e+00
5.911403258073735856e+01,5.093646547377884026e+00
5.913403829665619327e+01,4.784617835436854705e+00
5.915404401257502087e+01,5.018830404626820396e+00
5.917404972849385558e+01,5.658830864602069965e+00
5.919405544441269029e+01,4.974461607482123959e+00
5.921406116033152500e+01,5.473409749001387326e+00
5.923406687625035971e+01,4.894542177094763247e+00
5.925407259216919442e+01,5.460461398629311347e+00
5.927407830808802913e+01,5.088908692035123416e+00
5.929408402400686384e+01,4.625305418096848697e+00
5.931408973992569855e+01,4.451683792826630182e+00
5.933409545584453326e+01,5.137515638458529210e+00
5.935410117176336087e+01,4.806360146002297995e+00
5.937410688768219558e+01,5.092473476800918775e+00
5.939411260360103029e+01,4.320646144821328249e+00
5.941411831951986500e+01,4.427734080108426618e+00
5.943412403543869971e+01,4.692100782737192333e+00
5.945412975135753442e+01,3.655915702234479703e+00
5.947413546727636913e+01,4.373810241591099768e+00
5.949414118319520384e+01,3.835219943588245251e+00
5.951414689911403855e+01,4.477578533356187940e+00
5.953415261503286615e+01,4.833555219336679087e+00
5.955415833095170086e+01,4.004673166412899832e+00
5.957416404687053557e+01,3.746719315139883655e+00
5.959416976278937028e+01,4.334439529464830798e+00
5.961417547870820499e+01,3.625845192751816271e+00
5.963418119462703970e+01,4.070821807841094930e+00
5.965418691054587441e+01,4.318442175250458703e+00
5.967419262646470912e+01,4.274589090533963187e+00
5.969419834238354383e+01,3.890267237065112571e+00
5.971420405830237144e+01,4.292919189241409583e+00
5.973420977422120615e+01,3.822074684279721524e+00
5.975421549014004086e+01,4.479294370119009550e+00
5.977422120605887557e+01,4.673676683146927857e+00
5.979422692197771028e+01,3.868972350698133944e+00
5.981423263789654499e+01,4.594560262190821476e+00
5.983423835381537970e+01,5.031103816020731756e+00
5.985424406973421441e+01,3.759997867824862894e+00
5.987424978565304912e+01,4.782909430857205990e+00
5.989425550157188383e+01,3.795691765247617422e+00
5.991426121749071143e+01,4.393467931540283367e+00
5.993426693340954614e+01,3.783152256103576416e+00
5.995427264932838085e+01,3.265384377782903691e+00
5.997427836524721556e+01,4.000615752909487455e+00
5.999428408116605027e+01,3.715918389627993257e+00
6.001428979708488498e+01,4.002315639960466243e+00
6.003429551300371969e+01,4.133134729939576424e+00
6.005430122892255440e+01,3.789185975402008744e+00
6.007430694484138911e+01,4.297364097742549127e+00
6.009431266076021672e+01,3.605135590695830672e+00
6.011431837667905143e+01,3.928832205885413487e+00
6.013432409259788614e+01,3.399891380189596468e+00
6.015432980851672085e+01,3.253223897878176452e+00
6.017433552443555556e+01,4.116570367395617325e+00
6.019434124035439027e+01,4.081069652217902188e+00
6.021434695627322498e+01,4.789327265782730159e+00
6.023435267219205969e+01,3.369647326598824932e+00
6.025435838811089440e+01,4.473861732167775607e+00
6.027436410402972911e+01,4.381838697099883717e+00
6.029436981994855671e+01,4.054003876543935014e+00
6.031437553586739142e+01,3.865135303877706541e+00
6.033438125178622613e+01,4.458009445542818305e+00
6.035438696770506084e+01,3.679908046579640324e+00
6.037439268362389555e+01,4.283765966829600202e+00
6.039439839954273026e+01,3.331620505880054317e+00
6.041440411546156497e+01,3.765269795980225265e+00
6.043440983138039968e+01,3.438454927952097506e+00
6.045441554729923439e+01,3.806295571125275501e+00
6.047442126321806199e+01,3.878784423048275976e+00
6.049442697913689670e+01,4.330370099272871975e+00
6.051443269505573141e+01,3.383387105632185587e+00
6.053443841097456612e+01,3.833701371330561880e+00
6.055444412689340083e+01,4.522138015794496368e+00
6.057444984281223554e+01,3.418659403387418916e+00
6.059445555873107025e+01,3.616712604875630177e+00
6.061446127464990496e+01,3.809566899528317840e+00
6.063446699056873967e+01,3.178042587749351000e+00
6.065447270648756728e+01,4.127830939753094341e+00
6.067447842240640199e+01,3.626453787093188996e+00
6.069448413832523670e+01,4.178746074296146418e+00
6.071448985424407141e+01,3.687189153787834961e+00
6.073449557016290612e+01,3.155809704810764060e+00
6.075450128608174083e+01,3.927232428640852646e+00
6.077450700200057554e+01,3.371547690170245914e+00
6.079451271791941025e+01,3.995972947134635689e+00
6.081451843383824496e+01,4.216997227201639831e+00
6.083452414975707967e+01,3.524516673973074887e+00
6.085452986567590727e+01,3.252235981452736624e+00
6.087453558159474198e+01,3.923802792515498350e+00
6.089454129751357669e+01,3.854815306106254447e+00
6.091454701343241140e+01,3.569148416646290567e+00
6.093455272935124611e+01,3.906511134447979927e+00
6.095455844527008082e+01,4.164212942920014093e+00
6.097456416118891553e+01,3.767572273243659176e+00
6.099456987710775024e+01,4.369985483754368794e+00
6.101457559302658495e+01,3.828219677581847336e+00
6.103458130894541256e+01,3.756148486515151319e+00
6.105458702486424727e+01,3.621658497523533082e+00
6.107459274078308198e+01,3.164106726317398532e+00
6.109459845670191669e+01,4.339144392062097566e+00
6.111460417262075140e+01,3.166282290159048607e+00
6.113460988853958611e+01,3.690704549312679994e+00
6.115461560445842082e+01,3.221326644887529955e+00
6.117462132037725553e+01,3.599170947400697429e+00
6.119462703629609024e+01,3.606044941626502798e+00
6.121463275221492495e+01,3.517236132746214050e+00
6.123463846813375255e+01,3.536072606548856356e+00
6.125464418405258726e+01,3.315741002219393607e+00
6.127464989997142197e+01,3.975943592893996126e+00
6.129465561589025668e+01,3.036545453701017916e+00
6.131466133180909139e+01,3.388350431320678702e+00
6.133466704772792610e+01,3.378573034667553099e+00
6.135467276364676081e+01,3.451756384445487491e+00
6.137467847956559552e+01,4.105006257040374251e+00
6.139468419548443023e+01,3.912538502252747463e+00
6.141468991140325784e+01,3.132152812378215856e+00
6.143469562732209255e+01,4.443667526259249101e+00
6.145470134324092726e+01,3.740912285578319452e+00
6.147470705915976197e+01,3.620029893672766619e+00
6.149471277507859668e+01,3.888216836060290671e+00
6.151471849099743139e+01,3.950653666282296861e+00
6.153472420691626610e+01,4.071547240824466840e+00
6.155472992283510081e+01,3.004406478306888673e+00
6.157473563875393552e+01,3.925612305895602727e+00
6.159474135467276312e+01,3.408359252800198913e+00
6.161474707059159783e+01,3.806543332487927422e+00
6.163475278651043254e+01,3.534929755201274393e+00
6.165475850242926725e+01,4.067376922599707179e+00
6.167476421834810196e+01,3.527237425584505814e+00
6.169476993426693667e+01,4.533093350615217787e+00
6.171477565018577138e+01,3.819736581685054588e+00
6.173478136610460609e+01,3.450183888873219473e+00
6.175478708202344080e+01,3.503206965247745330e+00
6.177479279794227551e+01,3.452147928566895452e+00
6.179479851386110312e+01,3.793468832920346756e+00
6.181480422977993783e+01,3.758195030341873633e+00
6.183480994569877254e+01,4.050033146235136883e+00
6.185481566161760725e+01,4.132962771473631669e+00
6.187482137753644196e+01,4.253764426654070618e+00
6.189482709345527667e+01,3.810999336353213973e+00
6.191483280937411138e+01,2.934337611584678207e+00
6.193483852529294609e+01,3.922988679683025115e+00
6.195484424121178080e+01,3.687788035616992310e+00
6.197484995713060840e+01,3.636128687256369396e+00
6.199485567304944311e+01,2.920854976238512535e+00
6.201486138896827782e+01,4.129842164672540505e+00
6.203486710488711253e+01,3.480830145997217073e+00
6.205487282080594724e+01,3.437469397248686498e+00
6.207487853672478195e+01,3.075728237961397049e+00
6.209488425264361666e+01,3.925219085749931835e+00
6.211488996856245137e+01,4.079526577549154709e+00
6.213489568448128608e+01,3.187560779606736006e+00
6.215490140040011369e+01,3.085353966176788809e+00
6.217490711631894840e+01,3.891748466101926596e+00
6.219491283223778311e+01,3.572418820700429709e+00
6.221491854815661782e+01,3.602699372477862649e+00
6.223492426407545253e+01,4.271754894719475892e+00
6.225492997999428724e+01,3.565201365927185506e+00
6.227493569591312195e+01,3.493834683259709806e+00
6.229494141183195666e+01,4.022977168674355397e+00
6.231494712775079137e+01,3.165180931001875475e+00
6.233495284366962608e+01,3.607526846823933653e+00
6.235495855958845368e+01,3.151862696742786962e+00
6.237496427550728839e+01,3.438095974234011809e+00
6.239496999142612310e+01,4.067196051963877679e+00
6.241497570734495781e+01,3.770831961074757821e+00
6.243498142326379252e+01,3.236771297999325281e+00
6.245498713918262723e+01,3.492091330512472780e+00
6.247499285510146194e+01,3.668225962979180910e+00
6.249499857102029665e+01,3.794071990389960902e+00
6.251500428693913136e+01,3.799548371963856308e+00
6.253501000285795897e+01,3.403175517715346654e+00
6.255501571877679368e+01,3.027673112208542516e+00
6.257502143469562839e+01,3.238966772809901418e+00
6.259502715061446310e+01,3.483278720280609697e+00
6.261503286653329781e+01,3.276685769141457261e+00
6.263503858245213252e+01,3.961879477662975546e+00
6.265504429837096723e+01,3.628469849744057285e+00
6.267505001428980194e+01,2.981030694765265832e+00
6.269505573020863665e+01,4.021583625309567367e+00
6.271506144612747136e+01,3.623520791997686175e+00
6.273506716204629896e+01,3.928704107319225702e+00
6.275507287796513367e+01,3.017765155853299852e+00
6.277507859388396838e+01,3.511571180609055265e+00
6.279508430980280309e+01,3.873852878270512612e+00
6.281509002572163780e+01,3.380473211545807377e+00
6.283509574164047251e+01,3.977511764074725509e+00
6.285510145755930722e+01,3.950312962862419841e+00
6.287510717347814193e+01,3.002748665323781374e+00
6.289511288939697664e+01,2.715194804596209099e+00
6.291511860531580425e+01,3.933000636904499192e+00
6.293512432123463896e+01,3.163823906506479489e+00
6.295513003715347367e+01,3.541129999536324569e+00
6.297513575307230838e+01,4.484167934682079526e+00
6.299514146899114309e+01,3.985070044294895197e+00
6.301514718490997780e+01,3.350914120315320766e+00
6.303515290082881251e+01,2.946369986498807769e+00
6.305515861674764722e+01,3.775225480330566263e+00
6.307516433266648193e+01,3.773392668751412327e+00
6.309517004858530953e+01,2.900268813470932905e+00
6.311517576450414424e+01,3.623629094599554179e+00
6.313518148042297895e+01,3.205502553252459030e+00
6.315518719634181366e+01,3.909626858858595622e+00
6.317519291226064837e+01,3.174369710217807672e+00
6.319519862817948308e+01,3.931323812205304691e+00
6.321520434409831779e+01,3.754090924441068733e+00
6.323521006001715250e+01,3.854602009136282703e+00
6.325521577593598721e+01,2.934718885973946811e+00
6.327522149185482192e+01,4.025109917070381904e+00
6.329522720777364952e+01,3.750060743607331659e+00
6.331523292369248423e+01,3.512117805984077634e+00
6.333523863961131894e+01,4.025955523933006930e+00
6.335524435553015365e+01,3.780984168016865876e+00
6.337525007144898836e+01,3.462695321233378198e+00
6.339525578736782307e+01,3.450138034500824347e+00
6.341526150328665778e+01,3.579354085723217338e+00
6.343526721920549249e+01,3.631387091529404643e+00
6.345527293512432720e+01,3.373850483419730040e+00
6.347527865104315481e+01,3.255852934177040581e+00
6.349528436696198952e+01,4.484685269974890254e+00
6.351529008288082423e+01,3.542411279796874979e+00
6.353529579879965894e+01,3.530682802107872220e+00
6.355530151471849365e+01,4.395887827251954150e+00
6.357530723063732836e+01,3.619640062131894709e+00
6.359531294655616307e+01,4.208371086066738265e+00
6.361531866247499778e+01,3.058351951403519564e+00
6.363532437839383249e+01,3.282366651571841931e+00
6.365533009431266720e+01,3.795836338306620483e+00
6.367533581023149480e+01,4.009438174634858854e+00
6.369534152615032951e+01,3.603995288286068188e+00
6.371534724206916422e+01,3.754250509868850560e+00
6.373535295798799893e+01,3.769134304006430458e+00
6.375535867390683364e+01,4.016496721296582528e+00
6.377536438982566835e+01,3.674771830590331412e+00
6.379537010574450306e+01,3.235745217224886172e+00
6.381537582166333777e+01,4.004375843685310521e+00
6.383538153758217248e+01,3.627095107457846801e+00
6.385538725350100009e+01,3.236007417596955982e+00
6.387539296941983480e+01,3.606904087236667333e+00
6.389539868533866951e+01,4.038665573157890876e+00
6.391540440125750422e+01,3.729712666574109825e+00
6.393541011717633893e+01,3.561702971781028015e+00
6.395541583309517364e+01,3.883799131034785024e+00
6.397542154901400835e+01,3.609693473887401360e+00
6.399542726493284306e+01,3.608079118615135528e+00
6.401543298085167066e+01,3.626554602964287888e+00
6.403543869677051248e+01,4.142320890330368321e+00
6.405544441268934008e+01,4.291287715397500868e+00
6.407545012860816769e+01,3.866354450137581278e+00
6.409545584452700950e+01,3.133503455001530824e+00
6.411546156044585132e+01,3.948152005438283485e+00
6.413546727636467892e+01,3.913010853239227593e+00
6.415547299228350653e+01,3.559209428331878033e+00
6.417547870820234834e+01,3.344730172284565484e+00
6.419548442412119016e+01,3.328965711751483703e+00
6.421549014004001776e+01,3.633761461748981958e+00
6.423549585595884537e+01,3.749846051185082629e+00
6.425550157187768718e+01,3.494451707973778021e+00
6.427550728779651479e+01,3.900573337216645786e+00
6.429551300371534239e+01,3.294678179266335771e+00
6.431551871963418421e+01,3.100632329824225319e+00
6.433552443555302602e+01,3.781383186975766364e+00
6.435553015147185363e+01,2.932534387804042186e+00
6.437553586739068123e+01,2.813152337674660330e+00
6.439554158330952305e+01,3.863636958184326176e+00
6.441554729922835065e+01,3.655234972400782656e+00
6.443555301514717826e+01,3.777566965397312959e+00
6.445555873106602007e+01,3.285293651362194201e+00
6.447556444698486189e+01,3.371594071370134227e+00
6.449557016290368949e+01,3.797139834907023115e+00
6.451557587882251710e+01,3.317418139157952695e+00
6.453558159474135891e+01,3.575756488741625994e+00
6.455558731066020073e+01,3.659284080503279135e+00
6.457559302657902833e+01,3.278114681886166615e+00
6.459559874249785594e+01,3.994159343583755017e+00
6.461560445841669775e+01,4.387030170617797431e+00
6.463561017433552536e+01,4.232024783148753855e+00
6.465561589025435296e+01,3.723967020197456623e+00
6.467562160617319478e+01,3.726930640957516694e+00
6.469562732209203659e+01,3.490124770319659842e+00
6.471563303801086420e+01,3.856615036782729433e+00
6.473563875392969180e+01,4.219170025668038448e+00
6.475564446984853362e+01,3.427009995986686430e+00
6.477565018576737543e+01,3.224419587253948283e+00
6.479565590168618883e+01,4.014591010447219332e+00
6.481566161760503064e+01,4.270045006502510176e+00
6.483566733352387246e+01,3.533731913148528747e+00
6.485567304944270006e+01,4.104995104988447885e+00
6.487567876536152767e+01,3.872166687736985136e+00
6.489568448128036948e+01,4.195728893464293563e+00
6.491569019719921130e+01,3.385252253682611734e+00
6.493569591311803890e+01,3.335653915615278464e+00
6.495570162903686651e+01,4.549971704095899128e+00
6.497570734495570832e+01,4.065171323301589368e+00
6.499571306087453593e+01,3.896021772069756306e+00
6.501571877679336353e+01,4.596070976588636725e+00
6.503572449271220535e+01,3.173509024893628183e+00
6.505573020863104716e+01,3.477942868910659957e+00
6.507573592454987477e+01,3.282997585533009577e+00
6.509574164046870237e+01,3.673558462809049630e+00
6.511574735638754419e+01,4.386147394568599367e+00
6.513575307230638600e+01,4.252643355028265404e+00
6.515575878822521361e+01,4.678110794599363409e+00
6.517576450414404121e+01,3.889084681610178063e+00
6.519577022006288303e+01,4.128705963897377984e+00
6.521577593598171063e+01,3.631435335941727072e+00
6.523578165190053824e+01,4.205711762756171979e+00
6.525578736781938005e+01,4.024581347691978728e+00
6.527579308373822187e+01,3.736872431844524556e+00
6.529579879965704947e+01,4.495625605830095850e+00
6.531580451557587708e+01,3.516092976614776155e+00
6.533581023149471889e+01,4.583120005590815005e+00
6.535581594741354650e+01,3.648804044964643722e+00
6.537582166333237410e+01,3.889213304630316781e+00
6.539582737925121592e+01,4.154267701362916121e+00
6.541583309517005773e+01,3.753192289540119742e+00
6.543583881108888534e+01,4.327050613612568597e+00
6.545584452700771294e+01,4.128053069755538651e+00
6.547585024292655476e+01,4.544666684342416829e+00
6.549585595884539657e+01,4.441131669137051929e+00
6.551586167476422418e+01,4.003396278642453510e+00
6.553586739068305178e+01,3.931005446436667938e+00
6.555587310660189360e+01,4.600795720932933541e+00
6.557587882252072120e+01,4.532985246797117895e+00
6.559588453843954881e+01,4.561756643467727912e+00
6.561589025435839062e+01,3.908591889231627370e+00
6.563589597027723244e+01,4.316809518250291688e+00
6.565590168619606004e+01,4.260074911253980190e+00
6.567590740211488765e+01,4.432534556607723886e+00
6.569591311803372946e+01,3.924000886413115730e+00
6.571591883395257128e+01,4.907268770323904405e+00
6.573592454987138467e+01,3.944273303881549175e+00
6.575593026579022649e+01,4.640918878708432338e+00
6.577593598170906830e+01,4.864088208261751589e+00
6.579594169762789591e+01,4.317696383061438326e+00
6.581594741354672351e+01,4.352837455288311119e+00
6.583595312946556533e+01,4.847747466510881509e+00
6.585595884538440714e+01,4.315909396303601042e+00
6.587596456130323475e+01,5.635875745455460439e+00
6.589597027722206235e+01,5.352805514110311691e+00
6.591597599314090417e+01,5.211569010109883493e+00
6.593598170905973177e+01,5.396407016677454038e+00
6.595598742497855937e+01,4.878136447109342910e+00
6.597599314089740119e+01,5.663425477610709358e+00
6.599599885681624301e+01,5.427181047430245542e+00
6.601600457273507061e+01,5.819129230062008773e+00
6.603601028865389821e+01,5.209953044877131845e+00
6.605601600457274003e+01,5.814217198758686145e+00
6.607602172049158185e+01,6.558831473509258103e+00
6.609602743641040945e+01,6.112944564293552929e+00
6.611603315232923705e+01,6.004144630186119436e+00
6.613603886824807887e+01,6.268800193512679364e+00
6.615604458416690647e+01,5.867064738029808879e+00
6.617605030008573408e+01,5.945077432544729312e+00
6.619605601600457589e+01,6.684633125984829505e+00
6.621606173192341771e+01,6.954994001715419927e+00
6.623606744784224531e+01,6.262646033785868482e+00
6.625607316376107292e+01,6.230879992049901617e+00
6.627607887967991473e+01,6.937237017081804069e+00
6.629608459559874234e+01,7.270191799838066515e+00
6.631609031151756994e+01,7.355134618583540451e+00
6.633609602743641176e+01,7.075672959892519209e+00
6.635610174335525357e+01,7.581419810737335396e+00
6.637610745927408118e+01,7.528608040540284208e+00
6.639611317519290878e+01,7.290424148856041953e+00
6.641611889111175060e+01,8.001026964094640093e+00
6.643612460703059241e+01,7.692571955862066879e+00
6.645613032294942002e+01,8.013133946428993681e+00
6.647613603886824762e+01,8.399279204751589845e+00
6.649614175478708944e+01,8.763853709247186430e+00
6.651614747070591704e+01,8.794305621972480225e+00
6.653615318662474465e+01,8.552907593348065163e+00
6.655615890254358646e+01,8.417971842025931295e+00
6.657616461846242828e+01,8.828087256333901678e+00
6.659617033438125588e+01,9.510513524950384934e+00
6.661617605030008349e+01,9.859030666187765135e+00
6.663618176621892530e+01,9.921292195920248247e+00
6.665618748213776712e+01,9.484930515281913443e+00
6.667619319805658051e+01,1.016063736636318815e+01
6.669619891397542233e+01,9.160693093573019752e+00
6.671620462989426414e+01,9.411545297815120392e+00
6.673621034581309175e+01,9.784636552157749634e+00
6.675621606173191935e+01,9.602781477143029321e+00
6.677622177765076117e+01,9.910284596796101297e+00
6.679622749356960298e+01,8.966514941966000407e+00
6.681623320948843059e+01,9.335642459132674986e+00
6.683623892540725819e+01,9.007512018061703429e+00
6.685624464132610001e+01,1.016500834633903771e+01
6.687625035724492761e+01,9.293561918756806151e+00
6.689625607316375522e+01,1.032599915767605836e+01
6.691626178908259703e+01,1.012510038616696306e+01
6.693626750500143885e+01,9.533943497128177569e+00
6.695627322092026645e+01,1.001293697225693435e+01
6.697627893683909406e+01,1.089922385056337717e+01
6.699628465275793587e+01,1.073418671444393446e+01
6.701629036867677769e+01,1.074861286916136471e+01
6.703629608459560529e+01,1.077966304007948040e+01
6.705630180051443290e+01,1.081432212608007504e+01
6.707630751643327471e+01,1.119886112736479333e+01
6.709631323235210232e+01,1.102927635653701266e+01
6.711631894827092992e+01,1.174280127380973582e+01
6.713632466418977174e+01,1.202676737084715164e+01
6.715633038010861355e+01,1.114952809774234055e+01
6.717633609602744116e+01,1.172445991095148621e+01
6.719634181194626876e+01,1.178510828713053016e+01
6.721634752786511058e+01,1.196227544162339740e+01
6.723635324378393818e+01,1.226991641578043968e+01
6.725635895970276579e+01,1.166534116014853595e+01
6.727636467562160760e+01,1.152063344495032027e+01
6.729637039154044942e+01,1.233762127457308466e+01
6.731637610745927702e+01,1.270909091595912521e+01
6.733638182337810463e+01,1.188924153201141110e+01
6.735638753929694644e+01,1.236674535121002094e+01
6.737639325521578826e+01,1.141070295625382869e+01
6.739639897113461586e+01,1.085412227335898017e+01
6.741640468705344347e+01,1.135650676935456360e+01
6.743641040297228528e+01,1.104151525818906521e+01
6.745641611889111289e+01,1.100204407928689321e+01
6.747642183480994049e+01,1.134441165773840154e+01
6.749642755072878231e+01,1.054846793429072704e+01
6.751643326664762412e+01,1.031568345847993484e+01
6.753643898256645173e+01,1.048699936441730074e+01
6.755644469848527933e+01,9.845091846539666847e+00
6.757645041440412115e+01,1.039358487082013127e+01
6.759645613032296296e+01,1.022743829889976297e+01
6.761646184624177636e+01,1.070938949867311862e+01
6.763646756216061817e+01,1.053895257262461271e+01
6.765647327807945999e+01,1.003210652966712502e+01
6.767647899399828759e+01,9.551785866336661712e+00
6.769648470991711520e+01,9.208476142826011568e+00
6.771649042583595701e+01,9.582182595697954497e+00
6.773649614175479883e+01,1.026818035817181141e+01
6.775650185767362643e+01,9.554859019637273576e+00
6.777650757359245404e+01,9.554916519955597209e+00
6.779651328951129585e+01,9.941262477143091303e+00
6.781651900543012346e+01,9.228213606130177382e+00
6.783652472134895106e+01,9.356662353300237100e+00
6.785653043726779288e+01,9.092690783106323948e+00
6.787653615318663469e+01,9.696100405762727803e+00
6.789654186910546230e+01,8.734286812347587414e+00
6.791654758502428990e+01,8.233150522744594468e+00
6.793655330094313172e+01,8.360966406176776999e+00
6.795655901686197353e+01,8.028172691107732462e+00
6.797656473278080114e+01,8.595660694999834206e+00
6.799657044869962874e+01,8.902544162138152473e+00
6.801657616461847056e+01,8.691800327562946293e+00
6.803658188053729816e+01,8.782557673625499106e+00
6.805658759645612577e+01,7.927847370503611657e+00
6.807659331237496758e+01,8.044588950837827213e+00
6.809659902829380940e+01,8.146228569740049608e+00
6.811660474421263700e+01,8.815522842294738481e+00
6.813661046013146461e+01,8.478472560434919814e+00
6.815661617605030642e+01,8.432410120680247090e+00
6.817662189196913403e+01,8.570227367558430842e+00
6.819662760788796163e+01,8.572426491907723545e+00
6.821663332380680345e+01,8.711602157910627753e+00
6.823663903972564526e+01,7.504703414424706232e+00
6.825664475564447287e+01,7.653322428771954122e+00
6.827665047156330047e+01,7.840822037382981335e+00
6.829665618748214229e+01,8.322089692487455892e+00
6.831666190340098410e+01,6.540022469470800459e+00
6.833666761931981171e+01,7.684809456863874289e+00
6.835667333523863931e+01,7.539338436015796674e+00
6.837667905115748113e+01,6.983162526392681535e+00
6.839668476707630873e+01,6.601142246568542760e+00
6.841669048299513634e+01,6.842478165819888325e+00
6.843669619891397815e+01,5.703570763482018080e+00
6.845670191483281997e+01,6.367271721986563549e+00
6.847670763075164757e+01,5.812673917799567214e+00
6.849671334667047518e+01,6.370172471204968545e+00
6.851671906258931699e+01,5.323014514367988781e+00
6.853672477850815881e+01,6.047063438799159307e+00
6.855673049442697220e+01,5.705353150996290701e+00
6.857673621034581402e+01,4.705967464841099179e+00
6.859674192626465583e+01,4.915256011597271879e+00
6.861674764218348344e+01,5.371418214489574794e+00
6.863675335810231104e+01,5.133298039408308533e+00
6.865675907402115286e+01,5.377327700109731268e+00
6.867676478993999467e+01,5.206302855168213561e+00
6.869677050585882228e+01,5.161884839481760245e+00
6.871677622177764988e+01,4.793284476198834909e+00
6.873678193769649170e+01,5.024950373456475106e+00
6.875678765361531930e+01,5.131333727025626956e+00
6.877679336953414690e+01,4.955326778346659466e+00
6.879679908545298872e+01,3.969324941767960802e+00
6.881680480137183054e+01,4.438956235076993551e+00
6.883681051729065814e+01,5.355549697645161089e+00
6.885681623320948574e+01,3.809979934718006778e+00
6.887682194912832756e+01,4.320190350224702769e+00
6.889682766504716938e+01,4.484857649543030789e+00
6.891683338096599698e+01,4.153212561177672235e+00
6.893683909688482458e+01,4.304097189226713027e+00
6.895684481280366640e+01,4.999546595637095692e+00
6.897685052872249400e+01,4.467713577866601504e+00
6.899685624464132161e+01,4.673025463253423162e+00
6.901686196056016342e+01,4.178468947446539516e+00
6.903686767647900524e+01,4.218965675531598514e+00
6.905687339239783284e+01,4.120550461525547270e+00
6.907687910831666045e+01,3.797588513588151748e+00
6.909688482423550226e+01,4.281697039928901383e+00
6.911689054015432987e+01,4.147182363319350529e+00
6.913689625607315747e+01,3.975032252393543963e+00
6.915690197199199929e+01,3.380256536720756433e+00
6.917690768791084110e+01,4.501346311679204959e+00
6.919691340382966871e+01,4.054854253691901889e+00
6.921691911974849631e+01,4.083665990590374051e+00
6.923692483566733813e+01,4.962801742792489534e+00
6.925693055158617994e+01,4.233207347010436550e+00
6.927693626750500755e+01,3.476222987320399582e+00
6.929694198342383515e+01,4.586942696745508918e+00
6.931694769934267697e+01,4.659824666064983134e+00
6.933695341526150457e+01,3.352038433133155859e+00
6.935695913118033218e+01,3.498881941649576000e+00
6.937696484709917399e+01,4.434175049386195333e+00
6.939697056301801581e+01,4.151378656457410443e+00
6.941697627893684341e+01,3.797577248275136874e+00
6.943698199485567102e+01,3.463129020473831421e+00
6.945698771077451283e+01,3.822794046947942892e+00
6.947699342669335465e+01,3.820490187547926464e+00
6.949699914261216804e+01,4.302850109107104970e+00
6.951700485853100986e+01,4.271996492436027637e+00
6.953701057444985167e+01,3.814995877357800769e+00
6.955701629036867928e+01,3.606475417116826954e+00
6.957702200628750688e+01,4.137178150137176935e+00
6.959702772220634870e+01,4.882953749658785370e+00
6.961703343812519051e+01,3.488594979945492280e+00
6.963703915404401812e+01,3.713917691566527957e+00
6.965704486996284572e+01,3.718609233379464918e+00
6.967705058588168754e+01,3.801470061282591573e+00
6.969705630180051514e+01,3.587882345925049954e+00
6.971706201771934275e+01,4.083902253846014574e+00
6.973706773363818456e+01,3.896838745803453463e+00
6.975707344955702638e+01,4.564465450515887923e+00
6.977707916547585398e+01,3.784900921177688726e+00
6.979708488139468159e+01,4.051521898857780357e+00
6.981709059731352340e+01,3.087182534563924552e+00
6.983709631323236522e+01,3.889801413759696125e+00
6.985710202915119282e+01,4.172981848103329838e+00
6.987710774507002043e+01,3.436998549062922237e+00
6.989711346098886224e+01,3.826185508603070939e+00
6.991711917690768985e+01,4.219391054042908706e+00
6.993712489282651745e+01,4.428374185159574594e+00
6.995713060874535927e+01,3.877115714776750988e+00
6.997713632466420108e+01,3.638244990152181391e+00
6.999714204058302869e+01,4.214510266680038697e+00
7.001714775650185629e+01,3.858495834767979638e+00
7.003715347242069811e+01,3.779031675421765879e+00
7.005715918833952571e+01,3.159038218865807490e+00
7.007716490425835332e+01,4.589442960176137731e+00
7.009717062017719513e+01,3.592502175752873672e+00
7.011717633609603695e+01,4.014950222338531383e+00
7.013718205201486455e+01,3.979872529044520046e+00
7.015718776793369216e+01,4.588098019405551398e+00
7.017719348385253397e+01,4.041420619032647821e+00
7.019719919977137579e+01,4.329491566823672422e+00
7.021720491569020339e+01,3.947834939631893025e+00
7.023721063160903100e+01,4.713418627827837604e+00
7.025721634752787281e+01,3.897759990232140481e+00
7.027722206344670042e+01,3.695433891586968222e+00
7.029722777936552802e+01,4.897329269999963763e+00
7.031723349528436984e+01,4.064994440687948796e+00
7.033723921120321165e+01,4.009189877978773353e+00
7.035724492712203926e+01,4.677837240095337634e+00
7.037725064304086686e+01,4.022905273960397210e+00
7.039725635895970868e+01,3.922882904547410288e+00
7.041726207487855049e+01,3.813623480984273506e+00
7.043726779079736389e+01,3.691526119193719424e+00
7.045727350671620570e+01,4.452317297138169039e+00
7.047727922263504752e+01,4.635823784102178990e+00
7.049728493855387512e+01,4.217637282222956863e+00
7.051729065447270273e+01,3.740598487965828944e+00
7.053729637039154454e+01,4.381708202222322157e+00
7.055730208631038636e+01,3.897043238353599115e+00
7.057730780222921396e+01,4.661207417260066599e+00
7.059731351814804157e+01,4.695010051857855693e+00
7.061731923406688338e+01,3.988632089756010579e+00
7.063732494998571099e+01,4.617619333903911993e+00
7.065733066590453859e+01,3.725933855462916000e+00
7.067733638182338041e+01,4.266401690527913182e+00
7.069734209774222222e+01,4.293951708728855898e+00
7.071734781366104983e+01,4.728923957308748705e+00
7.073735352957987743e+01,4.831931699028852556e+00
7.075735924549871925e+01,4.556741613207091035e+00
7.077736496141756106e+01,3.696258171505499401e+00
7.079737067733638867e+01,4.292311427022557524e+00
7.081737639325521627e+01,3.665591528171142421e+00
7.083738210917405809e+01,3.891196281430073345e+00
7.085738782509288569e+01,4.445169070619386709e+00
7.087739354101171330e+01,4.994089791382204879e+00
7.089739925693055511e+01,3.781088587917388111e+00
7.091740497284939693e+01,4.438616502488798687e+00
7.093741068876822453e+01,4.716612208175116727e+00
7.095741640468705214e+01,4.640727208990846897e+00
7.097742212060589395e+01,4.388617403843648290e+00
7.099742783652472156e+01,4.501030193218403141e+00
7.101743355244354916e+01,4.555475690783242548e+00
7.103743926836239098e+01,3.899418671832581840e+00
7.105744498428123279e+01,4.343332719912482709e+00
7.107745070020006040e+01,4.090199525424834448e+00
7.109745641611888800e+01,4.791820699377122850e+00
7.111746213203772982e+01,4.606913205143744250e+00
7.113746784795657163e+01,4.546793859166387897e+00
7.115747356387539924e+01,4.335683429066459205e+00
7.117747927979422684e+01,4.996017523168380770e+00
7.119748499571306866e+01,4.651657386426506946e+00
7.121749071163189626e+01,5.089771558537643514e+00
7.123749642755072387e+01,5.485939214583211765e+00
7.125750214346956568e+01,5.007445312365915058e+00
7.127750785938840750e+01,4.654492239964554301e+00
7.129751357530723510e+01,4.857454093111081228e+00
7.131751929122606271e+01,4.656173111830947065e+00
7.133752500714490452e+01,5.038415690046977424e+00
7.135753072306374634e+01,4.488391701811743850e+00
7.137753643898255973e+01,5.112470240104377339e+00
7.139754215490140155e+01,4.929931995901182695e+00
7.141754787082024336e+01,4.452539857341443863e+00
7.143755358673907097e+01,5.291280024547281080e+00
7.145755930265789857e+01,4.635547601591844646e+00
7.147756501857674039e+01,5.807098734113307792e+00
7.149757073449558220e+01,5.015753247318281538e+00
7.151757645041440981e+01,5.883458843688914364e+00
7.153758216633323741e+01,5.700158767971963414e+00
7.155758788225207923e+01,5.015575341541394394e+00
7.157759359817090683e+01,5.877402305717623676e+00
7.159759931408973443e+01,5.473379207219435827e+00
7.161760503000857625e+01,5.428296372801117542e+00
7.163761074592741807e+01,5.522479660680465585e+00
7.165761646184624567e+01,4.779136105466259998e+00
7.167762217776507327e+01,5.545688687566369346e+00
7.169762789368391509e+01,5.766001147689026496e+00
7.171763360960275691e+01,5.703464757651593331e+00
7.173763932552158451e+01,5.368266259694367548e+00
7.175764504144041211e+01,5.512850889629277162e+00
7.177765075735925393e+01,5.402680903271699364e+00
7.179765647327808153e+01,4.846718414164804756e+00
7.181766218919690914e+01,5.591686767020120463e+00
7.183766790511575095e+01,5.230102718614358714e+00
7.185767362103459277e+01,5.408132030308059335e+00
7.187767933695342037e+01,5.646070146193807204e+00
7.189768505287224798e+01,6.217405181019195481e+00
7.191769076879108979e+01,4.963467205589402020e+00
7.193769648470991740e+01,4.518350498890058908e+00
7.195770220062874500e+01,4.840734157484131828e+00
7.197770791654758682e+01,4.787260137408301475e+00
7.199771363246642863e+01,5.142998157320723074e+00
7.201771934838525624e+01,4.598263754860907326e+00
7.203772506430408384e+01,4.952301645275692721e+00
7.205773078022292566e+01,4.645769517790419023e+00
7.207773649614176747e+01,4.511040346477549257e+00
7.209774221206059508e+01,5.145438325566992432e+00
7.211774792797942268e+01,4.329618902145421444e+00
7.213775364389826450e+01,4.746888600667623415e+00
7.215775935981709210e+01,4.576962744962425056e+00
7.217776507573591971e+01,4.812086248588771653e+00
7.219777079165476152e+01,4.926828583162662589e+00
7.221777650757360334e+01,4.244651958828456806e+00
7.223778222349243094e+01,4.485492380231457688e+00
7.225778793941125855e+01,3.982434197312128887e+00
7.227779365533010036e+01,4.824885094263819951e+00
7.229779937124894218e+01,4.453411426992968103e+00
7.231780508716775557e+01,4.754974419745014558e+00
7.233781080308659739e+01,4.184805349682651610e+00
7.235781651900543920e+01,4.850440945316483621e+00
7.237782223492426681e+01,5.058946559311285895e+00
7.239782795084309441e+01,4.153102544226217496e+00
7.241783366676193623e+01,4.989244655555109986e+00
7.243783938268077804e+01,4.381701734877926135e+00
7.245784509859960565e+01,5.082598348642253683e+00
7.247785081451843325e+01,3.789057491576826031e+00
7.249785653043727507e+01,3.985167334450751220e+00
7.251786224635610267e+01,4.806894710776636437e+00
7.253786796227493028e+01,4.476515806381911489e+00
7.255787367819377209e+01,4.390388799610218662e+00
7.257787939411261391e+01,4.555800140864728398e+00
7.259788511003144151e+01,4.147538573512639104e+00
7.261789082595026912e+01,4.600156642151209674e+00
7.263789654186911093e+01,5.064334107043162447e+00
7.265790225778795275e+01,5.018208934872345317e+00
7.267790797370678035e+01,3.820837089624447014e+00
7.269791368962560796e+01,4.650968215612571122e+00
7.271791940554444977e+01,5.245393244366433727e+00
7.273792512146327738e+01,4.934718760713948882e+00
7.275793083738210498e+01,4.873815149435601235e+00
7.277793655330094680e+01,4.830461429578346788e+00
7.279794226921978861e+01,5.186166323492933827e+00
7.281794798513861622e+01,4.831145673362347459e+00
7.283795370105744382e+01,4.743555341154569227e+00
7.285795941697628564e+01,4.252847305909194020e+00
7.287796513289511324e+01,4.841419486454928034e+00
7.289797084881394085e+01,4.493215174127627165e+00
7.291797656473278266e+01,4.013630600773119284e+00
7.293798228065162448e+01,4.712701274800338069e+00
7.295798799657045208e+01,3.665194647461079480e+00
7.297799371248927969e+01,3.822464428308689488e+00
7.299799942840812150e+01,3.766090607731500395e+00
7.301800514432696332e+01,4.804178040250359771e+00
7.303801086024579092e+01,4.350928560905870768e+00
7.305801657616461853e+01,3.992727467153953214e+00
7.307802229208346034e+01,4.716343118225630349e+00
7.309802800800228795e+01,3.693235389370006061e+00
7.311803372392111555e+01,4.416815804415041846e+00
7.313803943983995737e+01,4.927955259059464410e+00
7.315804515575879918e+01,3.912387547052910364e+00
7.317805087167762679e+01,4.212600701681972204e+00
7.319805658759645439e+01,3.994835594447890159e+00
7.321806230351529621e+01,4.438279057479260992e+00
7.323806801943413802e+01,4.211871481528905115e+00
7.325807373535295142e+01,3.926462489623205876e+00
7.327807945127179323e+01,3.832252537891295496e+00
7.329808516719063505e+01,4.233572415971518232e+00
7.331809088310946265e+01,3.707936634596946224e+00
7.333809659902829026e+01,4.128058512447129402e+00
7.335810231494713207e+01,4.465603358838185599e+00
7.337810803086597389e+01,4.287890823423326836e+00
7.339811374678480149e+01,3.255884907132289285e+00
7.341811946270362910e+01,3.717730872215709859e+00
7.343812517862247091e+01,4.314630022222294414e+00
7.345813089454129852e+01,4.169202847020302194e+00
7.347813661046012612e+01,4.521953106785266741e+00
7.349814232637896794e+01,3.185224271457111289e+00
7.351814804229780975e+01,4.276789471208185311e+00
7.353815375821663736e+01,3.752576830253322893e+00
7.355815947413546496e+01,4.113925255000951964e+00
7.357816519005430678e+01,3.230417023309211544e+00
7.359817090597314859e+01,3.961275806529688026e+00
7.361817662189197620e+01,4.092147086476245477e+00
7.363818233781080380e+01,3.546312798070864414e+00
7.365818805372964562e+01,4.067587737465407471e+00
7.367819376964847322e+01,4.050541047733207556e+00
7.369819948556730083e+01,3.631243333126998429e+00
7.371820520148614264e+01,4.706232016317058786e+00
7.373821091740498446e+01,3.304378921252916879e+00
7.375821663332381206e+01,3.775246869091978041e+00
7.377822234924263967e+01,3.205390609810025104e+00
7.379822806516148148e+01,4.720887551563245133e+00
7.381823378108030909e+01,4.031480345057532944e+00
7.383823949699913669e+01,4.668720082206050392e+00
7.385824521291797851e+01,4.362082161230942390e+00
7.387825092883682032e+01,3.811796483452946749e+00
7.389825664475564793e+01,3.388912176081299243e+00
7.391826236067447553e+01,4.101983381596529199e+00
7.393826807659331735e+01,3.523781265639603255e+00
7.395827379251215916e+01,3.003339564399455597e+00
7.397827950843098677e+01,4.290872193256264566e+00
7.399828522434981437e+01,4.100440414070305906e+00
7.401829094026865619e+01,4.275486035494285630e+00
7.403829665618748379e+01,3.455744126352825685e+00
7.405830237210632561e+01,3.312185358588050299e+00
7.407830808802515321e+01,4.614012557589285635e+00
7.409831380394398082e+01,3.653928812855213426e+00
7.411831951986282263e+01,3.435119702931577645e+00
7.413832523578165024e+01,4.132670129066315923e+00
7.415833095170049205e+01,3.178365979635589422e+00
7.417833666761931966e+01,4.139289797350437894e+00
7.419834238353816147e+01,4.508759031942971340e+00
7.421834809945698908e+01,3.142903050361150363e+00
7.423835381537583089e+01,3.579612580019946755e+00
7.425835953129465850e+01,4.044632987350475162e+00
7.427836524721348610e+01,4.493823253699410714e+00
7.429837096313232792e+01,4.481386583395297940e+00
7.431837667905115552e+01,4.494434275747789087e+00
7.433838239496999734e+01,3.393834767891721782e+00
7.435838811088882494e+01,4.083033840859188857e+00
7.437839382680766676e+01,4.094295053598008494e+00
7.439839954272649436e+01,3.761296565315345397e+00
7.441840525864533618e+01,4.138211189335910589e+00
7.443841097456416378e+01,3.742281870717545811e+00
7.445841669048300560e+01,4.295547174082315678e+00
7.447842240640183320e+01,4.762965847107164308e+00
7.449842812232066080e+01,4.506014757078663280e+00
7.451843383823950262e+01,3.536627347257137899e+00
7.453843955415833022e+01,3.696350654368347755e+00
7.455844527007717204e+01,4.188939569736312762e+00
7.457845098599599964e+01,4.918039842469095646e+00
7.459845670191484146e+01,4.002852035321108559e+00
7.461846241783366906e+01,4.543556668549576294e+00
7.463846813375251088e+01,4.245545323458667752e+00
7.465847384967133848e+01,4.453332749676748747e+00
7.467847956559016609e+01,4.864473725316037722e+00
7.469848528150900790e+01,4.356869711288940294e+00
7.471849099742783551e+01,4.753519703050534950e+00
7.473849671334667732e+01,5.326485623520127888e+00
7.475850242926550493e+01,4.284119927111824211e+00
7.477850814518434674e+01,4.227966459964129342e+00
7.479851386110317435e+01,3.765475001164361846e+00
7.481851957702201616e+01,5.019642362814041192e+00
7.483852529294084377e+01,5.180154784563012704e+00
7.485853100885967137e+01,4.760444325333699211e+00
7.487853672477851319e+01,5.097915437791241899e+00
7.489854244069734079e+01,4.316971606641444303e+00
7.491854815661618261e+01,4.744486583837686844e+00
7.493855387253501021e+01,4.994705358417514951e+00
7.495855958845385203e+01,4.568042940718511247e+00
7.497856530437267963e+01,5.559865892839050971e+00
7.499857102029152145e+01,5.318280072482505005e+00
7.501857673621034905e+01,4.733370834083569179e+00
7.503858245212917666e+01,5.312564132057691957e+00
7.505858816804801847e+01,5.510949799326018805e+00
7.507859388396684608e+01,5.154603674629480992e+00
7.509859959988568789e+01,5.755435545802084718e+00
7.511860531580451550e+01,5.835956307558332057e+00
7.513861103172335731e+01,5.542444952340849440e+00
7.515861674764218492e+01,6.563990635821643771e+00
7.517862246356102673e+01,5.425699884115804394e+00
7.519862817947985434e+01,5.691043647309632192e+00
7.521863389539868194e+01,5.764523113624449024e+00
7.523863961131752376e+01,5.710698596085343581e+00
7.525864532723635136e+01,6.740320495453001826e+00
7.527865104315519318e+01,6.350581337936585413e+00
7.529865675907402078e+01,6.912824403748288660e+00
7.531866247499286260e+01,6.533737594686526151e+00
7.533866819091169020e+01,6.835741607321168090e+00
7.535867390683053202e+01,6.356366136455910976e+00
7.537867962274935962e+01,6.516354618333307869e+00
7.539868533866820144e+01,6.069344225485984623e+00
7.541869105458702904e+01,7.601977307821231378e+00
7.543869677050585665e+01,6.687204918626554750e+00
7.545870248642469846e+01,7.549700545365350735e+00
7.547870820234352607e+01,6.590222083170100831e+00
7.549871391826236788e+01,7.186423782943540672e+00
7.551871963418119549e+01,7.521650922582237442e+00
7.553872535010003730e+01,6.873604627038843340e+00
7.555873106601886491e+01,7.479039862632960833e+00
7.557873678193770672e+01,7.313210655184562370e+00
7.559874249785653433e+01,8.567364702418613476e+00
7.561874821377536193e+01,7.773021355652001141e+00
7.563875392969420375e+01,8.411833356579801801e+00
7.565875964561303135e+01,8.800829297234688653e+00
7.567876536153187317e+01,8.370180574167957133e+00
7.569877107745070077e+01,8.226226890704296579e+00
7.571877679336954259e+01,8.647006889314273081e+00
7.573878250928837019e+01,9.074063181255660027e+00
7.575878822520721201e+01,9.034967985551887182e+00
7.577879394112603961e+01,9.089402073637945279e+00
7.579879965704486722e+01,9.021230257208070924e+00
7.581880537296370903e+01,9.878176807974089257e+00
7.583881108888253664e+01,9.278823789975913172e+00
7.585881680480137845e+01,1.002522193526219318e+01
7.587882252072020606e+01,9.972523421840271851e+00
7.589882823663904787e+01,1.051316480176690327e+01
7.591883395255787548e+01,9.814874838960299996e+00
7.593883966847671729e+01,1.050700243616239860e+01
7.595884538439554490e+01,1.128948089236664032e+01
7.597885110031437250e+01,1.065879929233229362e+01
7.599885681623321432e+01,1.144655150971070157e+01
7.601886253215204192e+01,1.108530526103004732e+01
7.603886824807088374e+01,1.073188740395386631e+01
7.605887396398971134e+01,1.074009678765267850e+01
7.607887967990855316e+01,1.172644139669526808e+01
7.609888539582738076e+01,1.150916340664251969e+01
7.611889111174622258e+01,1.102314108955131644e+01
7.613889682766505018e+01,1.083494579791836543e+01
7.615890254358387779e+01,1.067246433772820779e+01
7.617890825950271960e+01,1.101648159641679570e+01
7.619891397542154721e+01,1.146349469595513249e+01
7.621891969134038902e+01,1.080854065018793264e+01
7.623892540725921663e+01,1.105483887369785734e+01
7.625893112317805844e+01,1.097787014160375207e+01
7.627893683909688605e+01,1.129669361866196198e+01
7.629894255501572786e+01,1.157560037198227754e+01
7.631894827093455547e+01,1.084051231372670543e+01
7.633895398685339728e+01,1.091965578005670956e+01
7.635895970277222489e+01,1.105992626232219322e+01
7.637896541869105249e+01,1.114370761225492856e+01
7.639897113460989431e+01,1.176622299538389882e+01
7.641897685052872191e+01,1.070158758547161604e+01
7.643898256644756373e+01,1.110669316216268143e+01
7.645898828236639133e+01,1.059739345378704911e+01
7.647899399828523315e+01,1.107677508435079261e+01
7.649899971420406075e+01,1.054705888396125424e+01
7.651900543012290257e+01,1.141550472511384662e+01
7.653901114604173017e+01,1.038186852577554120e+01
7.655901686196055778e+01,1.032833160399675876e+01
7.657902257787939959e+01,1.022370107775660308e+01
7.659902829379822720e+01,1.034895496525438396e+01
7.661903400971706901e+01,1.096286804810105764e+01
7.663903972563589662e+01,1.025968464834226879e+01
7.665904544155473843e+01,1.033911498558535413e+01
7.667905115747356604e+01,9.666080745493964343e+00
7.669905687339240785e+01,1.033841556541393558e+01
7.671906258931123546e+01,1.051107484043362206e+01
7.673906830523006306e+01,9.770578324282457316e+00
7.675907402114890488e+01,1.019982571767270052e+01
7.677907973706773248e+01,1.060860287968865379e+01
7.679908545298657430e+01,9.215175084997067501e+00
7.681909116890540190e+01,1.023126246575453990e+01
7.683909688482424372e+01,9.468925752445921162e+00
7.685910260074307132e+01,9.331595324480591813e+00
7.687910831666191314e+01,9.265180759069366445e+00
7.689911403258074074e+01,9.197053854872731193e+00
7.691911974849956835e+01,9.253878040311278141e+00
7.693912546441841016e+01,9.227855601366378835e+00
7.695913118033723777e+01,9.238857808258263304e+00
7.697913689625607958e+01,9.582166480474857195e+00
7.699914261217490719e+01,8.731283108606916699e+00
7.701914832809374900e+01,9.774728181028113028e+00
7.703915404401257661e+01,9.662328298805890725e+00
7.705915975993141842e+01,8.925997302876430339e+00
7.707916547585024603e+01,8.977199679095877016e+00
7.709917119176907363e+01,8.742134261534634021e+00
7.711917690768791545e+01,9.215233485456863605e+00
7.713918262360674305e+01,8.233031138526349935e+00
7.715918833952558487e+01,9.566108875503616105e+00
7.717919405544441247e+01,8.237982894494924935e+00
7.719919977136325429e+01,8.987497740887151920e+00
7.721920548728208189e+01,8.386375551250008442e+00
7.723921120320092371e+01,8.226574307447339862e+00
7.725921691911975131e+01,8.360096765138349539e+00
7.727922263503859313e+01,8.176359116125656357e+00
7.729922835095742073e+01,7.466368354494375303e+00
7.731923406687624833e+01,8.144919778894022855e+00
7.733923978279509015e+01,8.138465366641561616e+00
7.735924549871391775e+01,8.008682916931935125e+00
7.737925121463275957e+01,7.537905006137665787e+00
7.739925693055158717e+01,8.233112858722366312e+00
7.741926264647042899e+01,8.277971708132012552e+00
7.743926836238925659e+01,7.852079747402224363e+00
7.745927407830809841e+01,7.907967661796567960e+00
7.747927979422692601e+01,8.336180722105131835e+00
7.749928551014575362e+01,7.506495096168867676e+00
7.751929122606459543e+01,8.334417690793269884e+00
7.753929694198342304e+01,7.811816096012512922e+00
7.755930265790226485e+01,8.098970517479621378e+00
7.757930837382109246e+01,7.238320682527815464e+00
7.759931408973993427e+01,7.307426642351890322e+00
7.761931980565876188e+01,7.517585263365669235e+00
7.763932552157760369e+01,7.200384320247282588e+00
7.765933123749643130e+01,8.182542329477517029e+00
7.767933695341525890e+01,7.286474632319546174e+00
7.769934266933410072e+01,6.952443661139941611e+00
7.771934838525292832e+01,7.651658449132202833e+00
7.773935410117177014e+01,7.266390850705057858e+00
7.775935981709059774e+01,6.859121734956120875e+00
7.777936553300943956e+01,6.720481629287291980e+00
7.779937124892826716e+01,7.367279130804931242e+00
7.781937696484710898e+01,6.916665083705861861e+00
7.783938268076593658e+01,6.239751189852396962e+00
7.785938839668476419e+01,7.514329879163294201e+00
7.787939411260360600e+01,7.126543539210640432e+00
7.789939982852243361e+01,7.079632903988102299e+00
7.791940554444127542e+01,6.749243572875585073e+00
7.793941126036010303e+01,6.342167464881454109e+00
7.795941697627894484e+01,6.050656763596340859e+00
7.797942269219777245e+01,6.477612294074472921e+00
7.799942840811661426e+01,6.022298230792372919e+00
7.801943412403544187e+01,4.854611892502539661e+00
7.803943983995426947e+01,5.577462197209497319e+00
7.805944555587311129e+01,6.123826999251718917e+00
7.807945127179193889e+01,5.620117815165208697e+00
7.809945698771078071e+01,5.219536407642189069e+00
7.811946270362960831e+01,5.918381904083920730e+00
7.813946841954845013e+01,5.750819019858870895e+00
7.815947413546727773e+01,4.199827773950070231e+00
7.817947985138611955e+01,5.208846085316621632e+00
7.819948556730494715e+01,4.831929243180033140e+00
7.821949128322378897e+01,5.088427301118567669e+00
7.823949699914261657e+01,4.306267338987674442e+00
7.825950271506144418e+01,5.153363555764066462e+00
7.827950843098028599e+01,4.530970412275312498e+00
7.829951414689911360e+01,4.235149385303799363e+00
7.831951986281795541e+01,4.762781742829739429e+00
7.833952557873678302e+01,3.902929470494597375e+00
7.835953129465562483e+01,4.357990819949166372e+00
7.837953701057445244e+01,4.975115076254098767e+00
7.839954272649329425e+01,4.893444026860333196e+00
7.841954844241212186e+01,3.968250993318488185e+00
7.843955415833094946e+01,4.110350399170545899e+00
7.845955987424979128e+01,3.995971568985562605e+00
7.847956559016861888e+01,4.219430351489179998e+00
7.849957130608746070e+01,3.775713240214068733e+00
7.851957702200628830e+01,4.332920127941566335e+00
7.853958273792513012e+01,4.037438325285700458e+00
7.855958845384395772e+01,3.757666657751561168e+00
7.857959416976279954e+01,4.784853911751821620e+00
7.859959988568162714e+01,4.182385546067687976e+00
7.861960560160045475e+01,4.063346171716070820e+00
7.863961131751929656e+01,4.499936721683968521e+00
7.865961703343812417e+01,4.227160375934876591e+00
7.867962274935696598e+01,4.189142618312734712e+00
7.869962846527579359e+01,4.027148203439404384e+00
7.871963418119463540e+01,3.781411473748906182e+00
7.873963989711346301e+01,4.053111786834408647e+00
7.875964561303230482e+01,3.768541682580630603e+00
7.877965132895113243e+01,3.265335357030186181e+00
7.879965704486996003e+01,4.649662537146543428e+00
7.881966276078880185e+01,3.736778159296922919e+00
7.883966847670762945e+01,3.668972447142008875e+00
7.885967419262647127e+01,3.360834213615487620e+00
7.887967990854529887e+01,3.549379559558861530e+00
7.889968562446414069e+01,3.156262077537007382e+00
7.891969134038296829e+01,3.779415870225168561e+00
7.893969705630181011e+01,4.522244130813357188e+00
7.895970277222063771e+01,4.270104240558239894e+00
7.897970848813946532e+01,3.892397258783291569e+00
7.899971420405830713e+01,3.689930387511093368e+00
7.901971991997713474e+01,4.120111099984823610e+00
7.903972563589597655e+01,3.832524392543361635e+00
7.905973135181480416e+01,3.318461272827916808e+00
7.907973706773364597e+01,4.073231775454088321e+00
7.909974278365247358e+01,3.987821007173241838e+00
7.911974849957131539e+01,3.356629320523156323e+00
7.913975421549014300e+01,3.993127967407454015e+00
7.915975993140898481e+01,3.509925958909473120e+00
7.917976564732781242e+01,3.241634776670493157e+00
7.919977136324664002e+01,3.535740129191957237e+00
7.921977707916548184e+01,3.880111653893282497e+00
7.923978279508430944e+01,3.584489245489915987e+00
7.925978851100315126e+01,3.804049056423410402e+00
7.927979422692197886e+01,4.046892227061812619e+00
7.929979994284082068e+01,3.296119465294392814e+00
7.931980565875964828e+01,3.774083917988500403e+00
7.933981137467849010e+01,3.895668903168255426e+00
7.935981709059731770e+01,4.453321022656715478e+00
7.937982280651614531e+01,3.991542694045195017e+00
7.939982852243498712e+01,3.598317688911118140e+00
7.941983423835381473e+01,4.217620201522093382e+00
7.943983995427265654e+01,4.336993642603266252e+00
7.945984567019148415e+01,4.061577473734406141e+00
7.947985138611032596e+01,3.535535631916468802e+00
7.949985710202915357e+01,4.017139933957349029e+00
7.951986281794799538e+01,3.718035554801085052e+00
7.953986853386682299e+01,4.294006751061587579e+00
7.955987424978565059e+01,3.797313229872082641e+00
7.957987996570449241e+01,4.483358202300826711e+00
7.959988568162332001e+01,4.682903614990813423e+00
7.961989139754216183e+01,4.466618141729159497e+00
7.963989711346098943e+01,3.597356421431124218e+00
7.965990282937983125e+01,3.546526504223124210e+00
7.967990854529865885e+01,3.785035272445652410e+00
7.969991426121750067e+01,3.391404473377228612e+00
7.971991997713632827e+01,3.449745681232769812e+00
7.973992569305515588e+01,4.418771679748727088e+00
7.975993140897399769e+01,4.111788776821116542e+00
7.977993712489282530e+01,3.724547118259917688e+00
7.979994284081166711e+01,4.123644660144328178e+00
7.981994855673049472e+01,3.700005945496315007e+00
7.983995427264933653e+01,3.289390608168784258e+00
7.985995998856816414e+01,3.473536265594704631e+00
7.987996570448700595e+01,3.066346090699303417e+00
7.989997142040583356e+01,3.952229983745606301e+00
7.991997713632466116e+01,3.083974129004949827e+00
7.993998285224350298e+01,3.356549826874739129e+00
7.995998856816233058e+01,4.495370758978725512e+00
7.997999428408117240e+01,4.345686558931057597e+00
8.000000000000000000e+01,4.151769192961525690e+00
