angle,intensity
1.000000000000000000e+01,1.817616808879922052e+00
1.002000571591883471e+01,1.603283389360143696e+00
1.004001143183766764e+01,6.404354595426720032e-01
1.006001714775650235e+01,1.173336505853638467e+00
1.008002286367533529e+01,1.382586423050466307e+00
1.010002857959417000e+01,9.449337840541081057e-01
1.012003429551300293e+01,4.001103202574273210e-01
1.014004001143183764e+01,1.362344811503296338e+00
1.016004572735067235e+01,1.654536315820799075e+00
1.018005144326950528e+01,1.250656759628528736e+00
1.020005715918833999e+01,1.323908024961267138e+00
1.022006287510717293e+01,3.531925771790553337e-01
1.024006859102600764e+01,7.248702177352642773e-01
1.026007430694484057e+01,1.682400129507109376e+00
1.028008002286367528e+01,1.904922100208942259e+00
1.030008573878250999e+01,1.189215684751080193e+00
1.032009145470134293e+01,2.545578063216149545e-01
1.034009717062017764e+01,8.386046438499991096e-01
1.036010288653901057e+01,7.956785096262534163e-01
1.038010860245784528e+01,1.365932529851839883e+00
1.040011431837667999e+01,1.880934846007703776e+00
1.042012003429551292e+01,2.010868912467290937e+00
1.044012575021434763e+01,1.561147441378409884e+00
1.046013146613318057e+01,1.024019776675259452e+00
1.048013718205201528e+01,9.940167071131542631e-01
1.050014289797084821e+01,8.251808023972173611e-01
1.052014861388968292e+01,9.443072971123236403e-01
1.054015432980851585e+01,9.735425572850887610e-01
1.056016004572735056e+01,6.240997666090134510e-01
1.058016576164618527e+01,1.321736738813230172e+00
1.060017147756501821e+01,6.382220781439162938e-01
1.062017719348385292e+01,2.089909284218865793e+00
1.064018290940268585e+01,1.219564405479151681e+00
1.066018862532152056e+01,1.977765863853172101e+00
1.068019434124035527e+01,1.224418614183799603e+00
1.070020005715918820e+01,1.528760784652982263e+00
1.072020577307802292e+01,1.712374034683232349e+00
1.074021148899685585e+01,4.439564562970076955e-01
1.076021720491569056e+01,2.026928046000262107e+00
1.078022292083452349e+01,1.169503958923605591e+00
1.080022863675335820e+01,1.169978494810430814e+00
1.082023435267219291e+01,6.942568321971864798e-01
1.084024006859102585e+01,2.191121619012209809e+00
1.086024578450986056e+01,9.104764995507093062e-01
1.088025150042869349e+01,2.232072203065762039e+00
1.090025721634752820e+01,1.850988948341975693e+00
1.092026293226636113e+01,1.507933208723791108e+00
1.094026864818519584e+01,2.108049086620452872e+00
1.096027436410403055e+01,1.919938391755676488e+00
1.098028008002286349e+01,6.221901248088738123e-01
1.100028579594169820e+01,5.354283552351740694e-01
1.102029151186053113e+01,9.745375896101311497e-01
1.104029722777936584e+01,1.308903448895807564e+00
1.106030294369819877e+01,9.971532429832337119e-01
1.108030865961703348e+01,1.962123192633409952e+00
1.110031437553586819e+01,1.001680975368277160e+00
1.112032009145470113e+01,1.415450121205336753e+00
1.114032580737353584e+01,1.064881000079445084e+00
1.116033152329236877e+01,1.201984227076891010e+00
1.118033723921120348e+01,8.027440750462292440e-01
1.120034295513003642e+01,1.743812960728961414e+00
1.122034867104887113e+01,2.404424879696560158e+00
1.124035438696770584e+01,8.564313638413649787e-01
1.126036010288653877e+01,9.859395929139027626e-01
1.128036581880537348e+01,2.251185046840879167e+00
1.130037153472420641e+01,5.331588831957931873e-01
1.132037725064304112e+01,9.621863376191444051e-01
1.134038296656187583e+01,2.156989312279176119e+00
1.136038868248070877e+01,1.868027965173860938e+00
1.138039439839954348e+01,2.132686592128304248e+00
1.140040011431837641e+01,9.969261436373181295e-01
1.142040583023721112e+01,1.215925523917977813e+00
1.144041154615604405e+01,1.653200760766910138e+00
1.146041726207487876e+01,2.016477886008739340e+00
1.148042297799371170e+01,1.715020574763215455e+00
1.150042869391254641e+01,1.681116410448739051e+00
1.152043440983138112e+01,1.713103252981293290e+00
1.154044012575021405e+01,9.515812856677394738e-01
1.156044584166904876e+01,1.622608180027645508e+00
1.158045155758788169e+01,2.107455189479892077e+00
1.160045727350671640e+01,1.710336138841152209e+00
1.162046298942555111e+01,1.694022680443713735e+00
1.164046870534438405e+01,2.034844902178411186e+00
1.166047442126321876e+01,1.175834314209111886e+00
1.168048013718205169e+01,1.919694536100993831e+00
1.170048585310088640e+01,2.045411003906088432e+00
1.172049156901971934e+01,2.387512779193820656e+00
1.174049728493855405e+01,2.254747528599722273e+00
1.176050300085738698e+01,2.515056680777979725e+00
1.178050871677622169e+01,1.285893457658587868e+00
1.180051443269505640e+01,2.420978718706377819e+00
1.182052014861388933e+01,1.916974539322307658e+00
1.184052586453272404e+01,1.024143906592395403e+00
1.186053158045155698e+01,9.784185371153053534e-01
1.188053729637039169e+01,2.526400340951452161e+00
1.190054301228922640e+01,2.431919123419929996e+00
1.192054872820805933e+01,2.108821539228220576e+00
1.194055444412689404e+01,1.686086818739919613e+00
1.196056016004572697e+01,2.083017037773005509e+00
1.198056587596456168e+01,2.483632954251596026e+00
1.200057159188339639e+01,2.696132926567634147e+00
1.202057730780222933e+01,2.465492339807917599e+00
1.204058302372106226e+01,2.285869739760463482e+00
1.206058873963989697e+01,1.632860173624685274e+00
1.208059445555873168e+01,1.494463702699097452e+00
1.210060017147756461e+01,1.812381118331727992e+00
1.212060588739639932e+01,2.658669735521023814e+00
1.214061160331523226e+01,8.964104643953498819e-01
1.216061731923406697e+01,1.276735521616302771e+00
1.218062303515290168e+01,2.225774806909006198e+00
1.220062875107173461e+01,2.698283890596202550e+00
1.222063446699056932e+01,1.746363754555786851e+00
1.224064018290940226e+01,1.575074814497061215e+00
1.226064589882823697e+01,2.518371502665746053e+00
1.228065161474707168e+01,1.598464688090127206e+00
1.230065733066590461e+01,1.928899364678193562e+00
1.232066304658473754e+01,2.304696719074700084e+00
1.234066876250357225e+01,1.237071078568400262e+00
1.236067447842240696e+01,2.597952237451494284e+00
1.238068019434123990e+01,1.626247459557598418e+00
1.240068591026007461e+01,1.918334013363929724e+00
1.242069162617890754e+01,1.659305105943386094e+00
1.244069734209774225e+01,2.804958224655109245e+00
1.246070305801657696e+01,1.886718777470273611e+00
1.248070877393540989e+01,1.238999077225626744e+00
1.250071448985424460e+01,2.097387911412684325e+00
1.252072020577307754e+01,2.437375831273027593e+00
1.254072592169191225e+01,1.720767828549381706e+00
1.256073163761074696e+01,1.619793200813760548e+00
1.258073735352957989e+01,2.475297362220426400e+00
1.260074306944841460e+01,1.908850791360978683e+00
1.262074878536724754e+01,1.081304564520000122e+00
1.264075450128608225e+01,1.069373745606272408e+00
1.266076021720491518e+01,1.336989462425607122e+00
1.268076593312374989e+01,2.238162552117216819e+00
1.270077164904258282e+01,2.262875405615787372e+00
1.272077736496141753e+01,2.064929074421066435e+00
1.274078308088025224e+01,1.981087661867217076e+00
1.276078879679908518e+01,2.853533962283282044e+00
1.278079451271791989e+01,1.561622977388058109e+00
1.280080022863675282e+01,1.287076623249091112e+00
1.282080594455558753e+01,2.836149281809511979e+00
1.284081166047442224e+01,2.751887427994302637e+00
1.286081737639325517e+01,1.363798949980061348e+00
1.288082309231208988e+01,2.402440524046386638e+00
1.290082880823092282e+01,1.328613272803427447e+00
1.292083452414975753e+01,2.413543320292468319e+00
1.294084024006859224e+01,1.928133119213679025e+00
1.296084595598742517e+01,2.163800803057158273e+00
1.298085167190625810e+01,2.762535819241825674e+00
1.300085738782509281e+01,1.662648267503293420e+00
1.302086310374392752e+01,2.651039690792320158e+00
1.304086881966276046e+01,1.993213103574287048e+00
1.306087453558159517e+01,1.576289553576653457e+00
1.308088025150042810e+01,2.109375044910237751e+00
1.310088596741926281e+01,3.087696212236885174e+00
1.312089168333809752e+01,1.319029017168091400e+00
1.314089739925693046e+01,2.167137776753462308e+00
1.316090311517576517e+01,1.964466399263798957e+00
1.318090883109459810e+01,2.820145282566191902e+00
1.320091454701343281e+01,1.849976620910751546e+00
1.322092026293226752e+01,1.719196467474310319e+00
1.324092597885110045e+01,3.132829519253305772e+00
1.326093169476993339e+01,2.982522540253776722e+00
1.328093741068876810e+01,3.079984956316620615e+00
1.330094312660760281e+01,1.876297263449818953e+00
1.332094884252643574e+01,2.547399322656570764e+00
1.334095455844527045e+01,1.942431756725758518e+00
1.336096027436410338e+01,2.527821886222898495e+00
1.338096599028293809e+01,2.325889734339774417e+00
1.340097170620177280e+01,2.255920868165338877e+00
1.342097742212060574e+01,2.787489261370569071e+00
1.344098313803944045e+01,3.158220600147531698e+00
1.346098885395827338e+01,1.885375458966944029e+00
1.348099456987710809e+01,1.381854528043259922e+00
1.350100028579594280e+01,2.558380124894246599e+00
1.352100600171477573e+01,2.728731118083313589e+00
1.354101171763361044e+01,2.119664998904188025e+00
1.356101743355244338e+01,2.860543241299317252e+00
1.358102314947127809e+01,2.239789440941715615e+00
1.360102886539011102e+01,1.477685255760908811e+00
1.362103458130894573e+01,1.638500925931828389e+00
1.364104029722777867e+01,2.962460047612663239e+00
1.366104601314661338e+01,2.798393591818503001e+00
1.368105172906544809e+01,2.379176371618137331e+00
1.370105744498428102e+01,2.415079068956763830e+00
1.372106316090311573e+01,3.278884529726220354e+00
1.374106887682194866e+01,2.667135765105066003e+00
1.376107459274078337e+01,1.545804091729555019e+00
1.378108030865961808e+01,3.029855429757100982e+00
1.380108602457845102e+01,2.004825010247807349e+00
1.382109174049728573e+01,2.836455547196536031e+00
1.384109745641611866e+01,2.047400275815498105e+00
1.386110317233495337e+01,3.061653238331075499e+00
1.388110888825378808e+01,3.132264097458685725e+00
1.390111460417262101e+01,2.312552361520516353e+00
1.392112032009145395e+01,1.756697873292433210e+00
1.394112603601028866e+01,2.217511624986455043e+00
1.396113175192912337e+01,2.356202437378599690e+00
1.398113746784795630e+01,2.461832183540796581e+00
1.400114318376679101e+01,2.047686330524081555e+00
1.402114889968562395e+01,2.386437878112412481e+00
1.404115461560445866e+01,3.119450502470725528e+00
1.406116033152329337e+01,2.569104898807853310e+00
1.408116604744212630e+01,2.653502018305880394e+00
1.410117176336095923e+01,2.091345288769704602e+00
1.412117747927979394e+01,2.545312246686582736e+00
1.414118319519862865e+01,3.279511198118155502e+00
1.416118891111746336e+01,2.672011940086651549e+00
1.418119462703629630e+01,2.906717786159334960e+00
1.420120034295512923e+01,3.026463623144365567e+00
1.422120605887396394e+01,2.021697953217978405e+00
1.424121177479279865e+01,1.899252901447539443e+00
1.426121749071163336e+01,2.833417157433410161e+00
1.428122320663046629e+01,3.133812300369650750e+00
1.430122892254929923e+01,3.454928591281595462e+00
1.432123463846813394e+01,2.843545137021196823e+00
1.434124035438696865e+01,3.070921598239035877e+00
1.436124607030580158e+01,2.566891584615080824e+00
1.438125178622463629e+01,1.965908206486284948e+00
1.440125750214346922e+01,3.119377075752446604e+00
1.442126321806230393e+01,2.275427835869367144e+00
1.444126893398113864e+01,3.291992170895836622e+00
1.446127464989997158e+01,2.518621123896670255e+00
1.448128036581880451e+01,3.062218777491542365e+00
1.450128608173763922e+01,2.580710915036570352e+00
1.452129179765647393e+01,1.880140610204125373e+00
1.454129751357530864e+01,2.537773751432797820e+00
1.456130322949414158e+01,3.366483218788527410e+00
1.458130894541297451e+01,3.388195264557988917e+00
1.460131466133180922e+01,2.393008202051064348e+00
1.462132037725064393e+01,2.835934118600881071e+00
1.464132609316947686e+01,3.198226687156528136e+00
1.466133180908831157e+01,2.939294454616145025e+00
1.468133752500714451e+01,3.179112964931236629e+00
1.470134324092597922e+01,2.050760293856385363e+00
1.472134895684481393e+01,1.797485439456862011e+00
1.474135467276364686e+01,2.813599731140138616e+00
1.476136038868247979e+01,2.455226718574769595e+00
1.478136610460131450e+01,2.481956085649077881e+00
1.480137182052014921e+01,1.959274951503498396e+00
1.482137753643898392e+01,1.903082828599217180e+00
1.484138325235781686e+01,2.091214781145196877e+00
1.486138896827664979e+01,2.705872021516479542e+00
1.488139468419548450e+01,2.233518455926314594e+00
1.490140040011431921e+01,2.062088721293980687e+00
1.492140611603315392e+01,3.612139389219926944e+00
1.494141183195198685e+01,2.848513425346367534e+00
1.496141754787081979e+01,3.274686859403090899e+00
1.498142326378965450e+01,2.042221342222742653e+00
1.500142897970848921e+01,2.441853036129217447e+00
1.502143469562732214e+01,2.580509935193840310e+00
1.504144041154615508e+01,2.040356239068434441e+00
1.506144612746498979e+01,2.076823821430120010e+00
1.508145184338382450e+01,3.789665665789490934e+00
1.510145755930265921e+01,3.509038834981870192e+00
1.512146327522149214e+01,3.071713249861456774e+00
1.514146899114032507e+01,3.504605859295844450e+00
1.516147470705915978e+01,2.666818044267972088e+00
1.518148042297799449e+01,2.875823868123879468e+00
1.520148613889682920e+01,2.669973158467349617e+00
1.522149185481566214e+01,2.550015818476623508e+00
1.524149757073449507e+01,3.203910058335856181e+00
1.526150328665332978e+01,2.639983892859250947e+00
1.528150900257216449e+01,4.000646644445883027e+00
1.530151471849099742e+01,2.357423549887695646e+00
1.532152043440983036e+01,2.777358668896352079e+00
1.534152615032866507e+01,3.974738325254725702e+00
1.536153186624749978e+01,2.369168036357614415e+00
1.538153758216633449e+01,3.440177250935701814e+00
1.540154329808516742e+01,2.447166379575959727e+00
1.542154901400400036e+01,3.280383815767790701e+00
1.544155472992283507e+01,3.250439512265957287e+00
1.546156044584166978e+01,2.950941960159716437e+00
1.548156616176050449e+01,2.858724808975365406e+00
1.550157187767933742e+01,3.119871833126508065e+00
1.552157759359817035e+01,2.707696589053575575e+00
1.554158330951700506e+01,4.106936116487207578e+00
1.556158902543583977e+01,3.825096198370096623e+00
1.558159474135467271e+01,2.846655216625189944e+00
1.560160045727350742e+01,3.490536181132551707e+00
1.562160617319234035e+01,2.547054944038038116e+00
1.564161188911117506e+01,3.104061948207810673e+00
1.566161760503000977e+01,3.000377598282608638e+00
1.568162332094884270e+01,2.771521081471944203e+00
1.570162903686767564e+01,3.166593161898191067e+00
1.572163475278651035e+01,3.717956025586590219e+00
1.574164046870534506e+01,3.183553311037406353e+00
1.576164618462417977e+01,2.625512508025719338e+00
1.578165190054301270e+01,4.066375521251424097e+00
1.580165761646184563e+01,4.324210947362884028e+00
1.582166333238068034e+01,3.960511065808675291e+00
1.584166904829951505e+01,4.083791309541734194e+00
1.586167476421834799e+01,4.075215784146299924e+00
1.588168048013718270e+01,3.094248126553920120e+00
1.590168619605601563e+01,2.772699619528979476e+00
1.592169191197485034e+01,3.934865857862268168e+00
1.594169762789368505e+01,3.236004690335828382e+00
1.596170334381251799e+01,3.573579495851432419e+00
1.598170905973135092e+01,4.315688837638148811e+00
1.600171477565018563e+01,3.093079516125448958e+00
1.602172049156902034e+01,3.336010894354766165e+00
1.604172620748785505e+01,4.165292326571396586e+00
1.606173192340668976e+01,2.978184130657043127e+00
1.608173763932552092e+01,4.081329314789083007e+00
1.610174335524435563e+01,3.302960244674566948e+00
1.612174907116319034e+01,4.305205407795607009e+00
1.614175478708202505e+01,3.538777805429188739e+00
1.616176050300085620e+01,3.283722715970271100e+00
1.618176621891969091e+01,3.954090982727046288e+00
1.620177193483852562e+01,4.938335453112518536e+00
1.622177765075736033e+01,4.286958746004341236e+00
1.624178336667619504e+01,4.737321346785804188e+00
1.626178908259502620e+01,4.263055469745485659e+00
1.628179479851386091e+01,4.080865367626439699e+00
1.630180051443269562e+01,4.130110741246444839e+00
1.632180623035153033e+01,5.510936372475627287e+00
1.634181194627036149e+01,5.270520793099591650e+00
1.636181766218919620e+01,5.898557561462103749e+00
1.638182337810803091e+01,6.076735948621144523e+00
1.640182909402686562e+01,6.463702552772297771e+00
1.642183480994570033e+01,5.684072578491018213e+00
1.644184052586453504e+01,5.179472408801425232e+00
1.646184624178336620e+01,6.390263615986183865e+00
1.648185195770220091e+01,6.090224080689927710e+00
1.650185767362103562e+01,7.144216470649856099e+00
1.652186338953986677e+01,7.777944558291286725e+00
1.654186910545870148e+01,7.522626147834061250e+00
1.656187482137753619e+01,7.056734534884693488e+00
1.658188053729637090e+01,6.988379555461703418e+00
1.660188625321520561e+01,8.300096695698302440e+00
1.662189196913404032e+01,9.101048821848115367e+00
1.664189768505287148e+01,8.194029703519253971e+00
1.666190340097170619e+01,8.739526566585766432e+00
1.668190911689054090e+01,8.786326796680448581e+00
1.670191483280937561e+01,9.817107149419520340e+00
1.672192054872820677e+01,1.128265901736894783e+01
1.674192626464704148e+01,1.171432259426553735e+01
1.676193198056587619e+01,1.185864845095772147e+01
1.678193769648471090e+01,1.197757854325887195e+01
1.680194341240354561e+01,1.342027856036073885e+01
1.682194912832238032e+01,1.293697518631400278e+01
1.684195484424121148e+01,1.438132821105037173e+01
1.686196056016004619e+01,1.361031898770499815e+01
1.688196627607888090e+01,1.407673253896940224e+01
1.690197199199771205e+01,1.576806221388287632e+01
1.692197770791654676e+01,1.694862595487958856e+01
1.694198342383538147e+01,1.627749761888826541e+01
1.696198913975421618e+01,1.688663372897175918e+01
1.698199485567305089e+01,1.890135545796984218e+01
1.700200057159188560e+01,1.990850023389159418e+01
1.702200628751071676e+01,1.893554174334300910e+01
1.704201200342955147e+01,2.142740142237227730e+01
1.706201771934838618e+01,2.188260611899083941e+01
1.708202343526722089e+01,2.297865033770696641e+01
1.710202915118605205e+01,2.315144977063264875e+01
1.712203486710488676e+01,2.388270262171997516e+01
1.714204058302372147e+01,2.440486302567674315e+01
1.716204629894255618e+01,2.662829191125918982e+01
1.718205201486139089e+01,2.670017262651536072e+01
1.720205773078022204e+01,2.915240730655662205e+01
1.722206344669905675e+01,2.880579835525284338e+01
1.724206916261789146e+01,3.030412796799792119e+01
1.726207487853672617e+01,3.253045964032657622e+01
1.728208059445555733e+01,3.374382423607615777e+01
1.730208631037439204e+01,3.364542936817786511e+01
1.732209202629322675e+01,3.543866539698930040e+01
1.734209774221206146e+01,3.586117377536282191e+01
1.736210345813089617e+01,3.886785107442575082e+01
1.738210917404973088e+01,3.991205408848811231e+01
1.740211488996856204e+01,4.018336206191568749e+01
1.742212060588739675e+01,4.314299674986558131e+01
1.744212632180623146e+01,4.341995244338020399e+01
1.746213203772506262e+01,4.592158204238563002e+01
1.748213775364389733e+01,4.674510627996452428e+01
1.750214346956273204e+01,4.862706658215140720e+01
1.752214918548156675e+01,5.017389513279130142e+01
1.754215490140040146e+01,5.185330248205675474e+01
1.756216061731923617e+01,5.427498443966187835e+01
1.758216633323806732e+01,5.611138575369432147e+01
1.760217204915690203e+01,5.725029062172509953e+01
1.762217776507573674e+01,5.990742355789769391e+01
1.764218348099457145e+01,6.067449575054919109e+01
1.766218919691340261e+01,6.414972900991995175e+01
1.768219491283223732e+01,6.522535280079478071e+01
1.770220062875107203e+01,6.777345961557116993e+01
1.772220634466990674e+01,7.082449004183494878e+01
1.774221206058874145e+01,7.239420507905305158e+01
1.776221777650757616e+01,7.432842059370642573e+01
1.778222349242640732e+01,7.675512403891507063e+01
1.780222920834524203e+01,7.823030406161153394e+01
1.782223492426407674e+01,8.156604890926759310e+01
1.784224064018290790e+01,8.326414459082414510e+01
1.786224635610174261e+01,8.673418224926234643e+01
1.788225207202057732e+01,8.913699237954554633e+01
1.790225778793941203e+01,9.006505218847358663e+01
1.792226350385824674e+01,9.167765001506182898e+01
1.794226921977708145e+01,9.489425941134025777e+01
1.796227493569591260e+01,9.510737536201658315e+01
1.798228065161474731e+01,9.694962083329730262e+01
1.800228636753358202e+01,9.817107486182156606e+01
1.802229208345241318e+01,1.000000000000000000e+02
1.804229779937124789e+01,9.883424282327490573e+01
1.806230351529008260e+01,9.971261419444238072e+01
1.808230923120891731e+01,9.921262165818269807e+01
1.810231494712775202e+01,9.794955166561797455e+01
1.812232066304658673e+01,9.684243172016667245e+01
1.814232637896542144e+01,9.506847111956801655e+01
1.816233209488425260e+01,9.150988709303929625e+01
1.818233781080308731e+01,8.924653871109980230e+01
1.820234352672191847e+01,8.552274004986158218e+01
1.822234924264075318e+01,8.198491464674656015e+01
1.824235495855958789e+01,7.649786411468977576e+01
1.826236067447842260e+01,7.146166932307146169e+01
1.828236639039725731e+01,6.638396075953917830e+01
1.830237210631609202e+01,6.179458520700013224e+01
1.832237782223492673e+01,5.624221641508642477e+01
1.834238353815375788e+01,5.166721834802079627e+01
1.836238925407259259e+01,4.699310026638389814e+01
1.838239496999142730e+01,4.169789896586319600e+01
1.840240068591025846e+01,3.833723606730387701e+01
1.842240640182909317e+01,3.262497151225508674e+01
1.844241211774792788e+01,2.902205304893780635e+01
1.846241783366676259e+01,2.651301290881513140e+01
1.848242354958559730e+01,2.304660787259504673e+01
1.850242926550443201e+01,2.073478354293870751e+01
1.852243498142326672e+01,1.893130747564624983e+01
1.854244069734209788e+01,1.772693546161486111e+01
1.856244641326093259e+01,1.460142147790913114e+01
1.858245212917976374e+01,1.484388629379296809e+01
1.860245784509859845e+01,1.200801263821128906e+01
1.862246356101743316e+01,1.174589834428867618e+01
1.864246927693626787e+01,1.037033754680325970e+01
1.866247499285510258e+01,1.096992377834353327e+01
1.868248070877393729e+01,8.846410894254857382e+00
1.870248642469277200e+01,9.987110080056174510e+00
1.872249214061160316e+01,8.912897656742311270e+00
1.874249785653043787e+01,8.835262908008195026e+00
1.876250357244927258e+01,8.415952011086075046e+00
1.878250928836810374e+01,6.918520577951175810e+00
1.880251500428693845e+01,8.363436092503778951e+00
1.882252072020577316e+01,8.206779867760161551e+00
1.884252643612460787e+01,6.240146258864474937e+00
1.886253215204344258e+01,7.220226423030872809e+00
1.888253786796227729e+01,5.878780840044150580e+00
1.890254358388111200e+01,5.749301976585364571e+00
1.892254929979994316e+01,5.964651779546211507e+00
1.894255501571877787e+01,7.170346208931277054e+00
1.896256073163760902e+01,6.665670663921114958e+00
1.898256644755644373e+01,5.274022534843857635e+00
1.900257216347527844e+01,6.264075827808643915e+00
1.902257787939411315e+01,6.771048908974992564e+00
1.904258359531294786e+01,6.883007966721652160e+00
1.906258931123178257e+01,6.150718492967653717e+00
1.908259502715061728e+01,5.905177541318249013e+00
1.910260074306944844e+01,5.163853331276358816e+00
1.912260645898828315e+01,5.584023392413161702e+00
1.914261217490711431e+01,4.997927228070025762e+00
1.916261789082594902e+01,6.328705375446078918e+00
1.918262360674478373e+01,5.562778410362228421e+00
1.920262932266361844e+01,5.662298252403890508e+00
1.922263503858245315e+01,5.482812765303295421e+00
1.924264075450128786e+01,4.720434699311023330e+00
1.926264647042012257e+01,6.414291760987697266e+00
1.928265218633895373e+01,5.094259976316885208e+00
1.930265790225778844e+01,6.602875253689952650e+00
1.932266361817662315e+01,5.393294246465210939e+00
1.934266933409545430e+01,5.438791428851949661e+00
1.936267505001428901e+01,5.733894789554438098e+00
1.938268076593312372e+01,5.461001544709419342e+00
1.940268648185195843e+01,6.107193055391734404e+00
1.942269219777079314e+01,5.436336527928929740e+00
1.944269791368962785e+01,6.362071672154406166e+00
1.946270362960846256e+01,5.529637740716197847e+00
1.948270934552729372e+01,6.623647902852954239e+00
1.950271506144612843e+01,6.025218992525549488e+00
1.952272077736495959e+01,6.319627867278187594e+00
1.954272649328379430e+01,6.999863610752447229e+00
1.956273220920262901e+01,7.553051890348568165e+00
1.958273792512146372e+01,6.250416210783523496e+00
1.960274364104029843e+01,7.475024467253764016e+00
1.962274935695913314e+01,7.817860759499308365e+00
1.964275507287796785e+01,6.714053023166566270e+00
1.966276078879679901e+01,7.280943629372336190e+00
1.968276650471563372e+01,8.036474827281267608e+00
1.970277222063446487e+01,8.786084232716669717e+00
1.972277793655329958e+01,8.633491863731268978e+00
1.974278365247213429e+01,8.958944390060056051e+00
1.976278936839096900e+01,8.517784129773261270e+00
1.978279508430980371e+01,8.898663789141231462e+00
1.980280080022863842e+01,8.892276770721654344e+00
1.982280651614747313e+01,9.561843754217576929e+00
1.984281223206630784e+01,9.067703881787398501e+00
1.986281794798513900e+01,9.452075935854978184e+00
1.988282366390397371e+01,1.099864935725463688e+01
1.990282937982280487e+01,1.119580469212895046e+01
1.992283509574163958e+01,1.130260865086572508e+01
1.994284081166047429e+01,1.124942415275618579e+01
1.996284652757930900e+01,1.179854317587952472e+01
1.998285224349814371e+01,1.128334708181923318e+01
2.000285795941697842e+01,1.306049883790185007e+01
2.002286367533581313e+01,1.308658373401471131e+01
2.004286939125464428e+01,1.249607979675336544e+01
2.006287510717347899e+01,1.421529525647963155e+01
2.008288082309231015e+01,1.454728234242055862e+01
2.010288653901114486e+01,1.490705591774759675e+01
2.012289225492997957e+01,1.476501019094231815e+01
2.014289797084881428e+01,1.543406526698862002e+01
2.016290368676764899e+01,1.495096126839586859e+01
2.018290940268648370e+01,1.548358138164769215e+01
2.020291511860531841e+01,1.609848726098741167e+01
2.022292083452414957e+01,1.808968382946867948e+01
2.024292655044298428e+01,1.851683588890053045e+01
2.026293226636181899e+01,1.772059554369141665e+01
2.028293798228065015e+01,1.940691085353999057e+01
2.030294369819948486e+01,2.065490226208604696e+01
2.032294941411831957e+01,2.115520390322223321e+01
2.034295513003715428e+01,2.092191225111520581e+01
2.036296084595598899e+01,2.244367713712945900e+01
2.038296656187482370e+01,2.327339417285825363e+01
2.040297227779365841e+01,2.374539527938910410e+01
2.042297799371248956e+01,2.399029874596365275e+01
2.044298370963132427e+01,2.527112643709746109e+01
2.046298942555015543e+01,2.605118956232453442e+01
2.048299514146899014e+01,2.562978424887091933e+01
2.050300085738782485e+01,2.697447629075619702e+01
2.052300657330665956e+01,2.811917011012928924e+01
2.054301228922549427e+01,2.864494376570586098e+01
2.056301800514432898e+01,2.864938694445455525e+01
2.058302372106316369e+01,2.937962700791471704e+01
2.060302943698199485e+01,3.123701556787354860e+01
2.062303515290082956e+01,3.073174464084307900e+01
2.064304086881966072e+01,3.232246779061910757e+01
2.066304658473849543e+01,3.218921405788625378e+01
2.068305230065733014e+01,3.212480597621513567e+01
2.070305801657616485e+01,3.361266725533254629e+01
2.072306373249499956e+01,3.254974122019820015e+01
2.074306944841383427e+01,3.351475652188047150e+01
2.076307516433266898e+01,3.254506683769414366e+01
2.078308088025150369e+01,3.282546328103536126e+01
2.080308659617033484e+01,3.099782297196974667e+01
2.082309231208916955e+01,2.976253922241907901e+01
2.084309802800800071e+01,2.993369294131802860e+01
2.086310374392683542e+01,2.805778439947841818e+01
2.088310945984567013e+01,2.777452277374807466e+01
2.090311517576450484e+01,2.539580596935538281e+01
2.092312089168333955e+01,2.420836853988134507e+01
2.094312660760217426e+01,2.277573751967064908e+01
2.096313232352100897e+01,1.967927216532973134e+01
2.098313803943984013e+01,1.934415617781411356e+01
2.100314375535867484e+01,1.676272456999585359e+01
2.102314947127750600e+01,1.520241741297912874e+01
2.104315518719634071e+01,1.383069820872695210e+01
2.106316090311517542e+01,1.375994542442261448e+01
2.108316661903401013e+01,1.194219668456652172e+01
2.110317233495284484e+01,1.108484085425581789e+01
2.112317805087167955e+01,1.037206241035401177e+01
2.114318376679051426e+01,9.934897263729585148e+00
2.116318948270934541e+01,7.665894978653290615e+00
2.118319519862818012e+01,8.265096379775524582e+00
2.120320091454701483e+01,6.562670142009438656e+00
2.122320663046584599e+01,6.867008422836477166e+00
2.124321234638468070e+01,7.165299658173729824e+00
2.126321806230351541e+01,6.970813217031051501e+00
2.128322377822235012e+01,5.990317937725845532e+00
2.130322949414118483e+01,5.622502082146462854e+00
2.132323521006001954e+01,4.993826470653464078e+00
2.134324092597885425e+01,5.027611987094187995e+00
2.136324664189768541e+01,5.260381975066503735e+00
2.138325235781652012e+01,4.661827258866734880e+00
2.140325807373535127e+01,4.888342215999348817e+00
2.142326378965418598e+01,5.978555620892727518e+00
2.144326950557302069e+01,5.802111168360959859e+00
2.146327522149185540e+01,4.633269810068646244e+00
2.148328093741069011e+01,4.958539214097357650e+00
2.150328665332952482e+01,4.331963288615332530e+00
2.152329236924835953e+01,4.215924089718324552e+00
2.154329808516719069e+01,4.181413484027683758e+00
2.156330380108602540e+01,5.390388657585871712e+00
2.158330951700485656e+01,5.270873005977024128e+00
2.160331523292369127e+01,4.524241472487916305e+00
2.162332094884252598e+01,4.882514934207418555e+00
2.164332666476136069e+01,4.857478875939751362e+00
2.166333238068019540e+01,3.887108892559453466e+00
2.168333809659903011e+01,4.799063721425048890e+00
2.170334381251786482e+01,5.044459315899604945e+00
2.172334952843669598e+01,4.998848773942921930e+00
2.174335524435553069e+01,4.835419426378294361e+00
2.176336096027436540e+01,5.191868960311019521e+00
2.178336667619319655e+01,3.944572510091425510e+00
2.180337239211203126e+01,5.558242490239442724e+00
2.182337810803086597e+01,5.331854017141609781e+00
2.184338382394970068e+01,4.194235784247301702e+00
2.186338953986853539e+01,5.469273891839712576e+00
2.188339525578737010e+01,3.878556773632162891e+00
2.190340097170620481e+01,4.265364411080182272e+00
2.192340668762503597e+01,5.272809691638728147e+00
2.194341240354387068e+01,4.281688951491135597e+00
2.196341811946270184e+01,4.063248135929886651e+00
2.198342383538153655e+01,4.161319670052046504e+00
2.200342955130037126e+01,3.624614405292005515e+00
2.202343526721920597e+01,4.031540581595494999e+00
2.204344098313804068e+01,5.152389953355280383e+00
2.206344669905687539e+01,4.313129890386938392e+00
2.208345241497571010e+01,5.043761697367307839e+00
2.210345813089454126e+01,3.955036748515804668e+00
2.212346384681337597e+01,4.281878859570850793e+00
2.214346956273221068e+01,4.312974257800147093e+00
2.216347527865104183e+01,4.172398575042883806e+00
2.218348099456987654e+01,5.021853526453161187e+00
2.220348671048871125e+01,3.626084815301271913e+00
2.222349242640754596e+01,3.753697677621842921e+00
2.224349814232638067e+01,4.395219239423913571e+00
2.226350385824521538e+01,4.436890613154453433e+00
2.228350957416405009e+01,4.952058537973812236e+00
2.230351529008288125e+01,3.809706297853718837e+00
2.232352100600171596e+01,5.290383755516886666e+00
2.234352672192054712e+01,4.284591466369269241e+00
2.236353243783938183e+01,5.226044763677021976e+00
2.238353815375821654e+01,3.995333693115258988e+00
2.240354386967705125e+01,4.006465851950511414e+00
2.242354958559588596e+01,3.660085399067622980e+00
2.244355530151472067e+01,3.564645236308421783e+00
2.246356101743355538e+01,4.028063267696820660e+00
2.248356673335238654e+01,3.948739937402546474e+00
2.250357244927122125e+01,4.889709827701632427e+00
2.252357816519005240e+01,5.119331695336746257e+00
2.254358388110888711e+01,3.945117513226910511e+00
2.256358959702772182e+01,4.689592633784950948e+00
2.258359531294655653e+01,4.880854850354175767e+00
2.260360102886539124e+01,3.894307070989228681e+00
2.262360674478422595e+01,3.719103155290649720e+00
2.264361246070306066e+01,4.392972027592168871e+00
2.266361817662189182e+01,5.224340614165903673e+00
2.268362389254072653e+01,4.731043204838684346e+00
2.270362960845956124e+01,4.929998893850139119e+00
2.272363532437839240e+01,4.305506054516863301e+00
2.274364104029722711e+01,4.336576061891564748e+00
2.276364675621606182e+01,5.160501255271581655e+00
2.278365247213489653e+01,3.668852326074261594e+00
2.280365818805373124e+01,4.281418931457536381e+00
2.282366390397256595e+01,4.876101682752028488e+00
2.284366961989140066e+01,3.978523620182069731e+00
2.286367533581023181e+01,4.689716787937727283e+00
2.288368105172906652e+01,3.511685182975539998e+00
2.290368676764789768e+01,3.620428064500513354e+00
2.292369248356673239e+01,3.895322355910044276e+00
2.294369819948556710e+01,3.955585174864835629e+00
2.296370391540440181e+01,3.739764653583035336e+00
2.298370963132323652e+01,3.771892111599954411e+00
2.300371534724207123e+01,4.617414591682502234e+00
2.302372106316090594e+01,5.158759839474570619e+00
2.304372677907973710e+01,4.821459763103685070e+00
2.306373249499857181e+01,5.197732080785224973e+00
2.308373821091740652e+01,3.490091441883399703e+00
2.310374392683623768e+01,4.353453810571599192e+00
2.312374964275507239e+01,4.250567347119152295e+00
2.314375535867390710e+01,4.367165523284722184e+00
2.316376107459274181e+01,4.072747815446903452e+00
2.318376679051157652e+01,5.054363914331026386e+00
2.320377250643041123e+01,3.593934185154633365e+00
2.322377822234924594e+01,3.537796628345415861e+00
2.324378393826807709e+01,4.807305599466845436e+00
2.326378965418691180e+01,3.685918524777741734e+00
2.328379537010574296e+01,4.486083206875347784e+00
2.330380108602457767e+01,4.446069279196195545e+00
2.332380680194341238e+01,4.962722300345574489e+00
2.334381251786224709e+01,3.464787393631667989e+00
2.336381823378108180e+01,4.176317594763613528e+00
2.338382394969991651e+01,5.204529518124285659e+00
2.340382966561875122e+01,4.798467215955361631e+00
2.342383538153758238e+01,4.931784780295410897e+00
2.344384109745641709e+01,4.185286425240985153e+00
2.346384681337524825e+01,4.383385886618710536e+00
2.348385252929408296e+01,4.752682961471583312e+00
2.350385824521291767e+01,4.187761586905171640e+00
2.352386396113175238e+01,3.956692917539404775e+00
2.354386967705058709e+01,3.562780995309195564e+00
2.356387539296942180e+01,4.327687639616608628e+00
2.358388110888825651e+01,3.567130429943356607e+00
2.360388682480708766e+01,4.432705941766725388e+00
2.362389254072592237e+01,3.599537346599506638e+00
2.364389825664475708e+01,4.166126012488795105e+00
2.366390397256358824e+01,3.898288382597970170e+00
2.368390968848242295e+01,4.511802823834589304e+00
2.370391540440125766e+01,4.149957908906900528e+00
2.372392112032009237e+01,3.800962102369232376e+00
2.374392683623892708e+01,4.249539217142494607e+00
2.376393255215776179e+01,3.657924372747324515e+00
2.378393826807659650e+01,4.968533135635563092e+00
2.380394398399542766e+01,5.077531734905857519e+00
2.382394969991426237e+01,4.341178512968397740e+00
2.384395541583309353e+01,4.468821694061637650e+00
2.386396113175192824e+01,5.190216166174375978e+00
2.388396684767076295e+01,4.973473915002288415e+00
2.390397256358959766e+01,3.615448526948757735e+00
2.392397827950843237e+01,4.101359768976145403e+00
2.394398399542726708e+01,4.498403435746896939e+00
2.396398971134610179e+01,3.524138107073744752e+00
2.398399542726493294e+01,4.724332943242504967e+00
2.400400114318376765e+01,4.760931581011541347e+00
2.402400685910260236e+01,3.840169305484116169e+00
2.404401257502143352e+01,3.910692711782832731e+00
2.406401829094026823e+01,4.655418686067598344e+00
2.408402400685910294e+01,4.170002090077201018e+00
2.410402972277793765e+01,4.229373465912464880e+00
2.412403543869677236e+01,3.904299894600006926e+00
2.414404115461560707e+01,4.347067224752418468e+00
2.416404687053444178e+01,3.767815550952569925e+00
2.418405258645327294e+01,5.328260326961109072e+00
2.420405830237210765e+01,5.406655097661044351e+00
2.422406401829093880e+01,5.361899643475434907e+00
2.424406973420977351e+01,4.520207690241401899e+00
2.426407545012860822e+01,3.632600028018179827e+00
2.428408116604744293e+01,5.076819291439728765e+00
2.430408688196627764e+01,4.928325005768740219e+00
2.432409259788511235e+01,4.884464028419158055e+00
2.434409831380394706e+01,3.915547246953613225e+00
2.436410402972277822e+01,4.226306940418543157e+00
2.438410974564161293e+01,4.450859739766285905e+00
2.440411546156044409e+01,3.958526240729788093e+00
2.442412117747927880e+01,3.988101442921927031e+00
2.444412689339811351e+01,5.430295478649180829e+00
2.446413260931694822e+01,5.157280131337696361e+00
2.448413832523578293e+01,3.980528077350868887e+00
2.450414404115461764e+01,5.467580212552351604e+00
2.452414975707345235e+01,4.187919999076398447e+00
2.454415547299228351e+01,3.569295807969262935e+00
2.456416118891111822e+01,4.885657092365167209e+00
2.458416690482995293e+01,4.503053744846901907e+00
2.460417262074878408e+01,5.013055228325837831e+00
2.462417833666761879e+01,5.410078696606728244e+00
2.464418405258645350e+01,4.885582422246708134e+00
2.466418976850528821e+01,5.320322496472716267e+00
2.468419548442412292e+01,5.118676736278620965e+00
2.470420120034295763e+01,4.076907420597825293e+00
2.472420691626179234e+01,4.695107313610737521e+00
2.474421263218062350e+01,4.778595420513345182e+00
2.476421834809945821e+01,4.272553130728097059e+00
2.478422406401828937e+01,4.075402492573110713e+00
2.480422977993712408e+01,5.280200424261209946e+00
2.482423549585595879e+01,4.600355311641409095e+00
2.484424121177479350e+01,4.604956448293119564e+00
2.486424692769362821e+01,5.056301178712710787e+00
2.488425264361246292e+01,4.550836454254085339e+00
2.490425835953129763e+01,3.860144724903129543e+00
2.492426407545012879e+01,3.669699156615558788e+00
2.494426979136896350e+01,4.552006504930271369e+00
2.496427550728779821e+01,5.314240784866822942e+00
2.498428122320662936e+01,4.392184534447016730e+00
2.500428693912546407e+01,3.851707334303348773e+00
2.502429265504429878e+01,3.923006147014492129e+00
2.504429837096313349e+01,4.653902296946839101e+00
2.506430408688196820e+01,4.425336822250913293e+00
2.508430980280080291e+01,4.415176829049380025e+00
2.510431551871963762e+01,4.205524519174747233e+00
2.512432123463846878e+01,4.497482653655170637e+00
2.514432695055730349e+01,5.030798402564990113e+00
2.516433266647613465e+01,3.881605124149403174e+00
2.518433838239496936e+01,3.832888746518498202e+00
2.520434409831380407e+01,3.945966889383205611e+00
2.522434981423263878e+01,4.131688522142989761e+00
2.524435553015147349e+01,3.990214009233060910e+00
2.526436124607030820e+01,4.017227378143891414e+00
2.528436696198914291e+01,3.954575785017215406e+00
2.530437267790797407e+01,5.332080099246798710e+00
2.532437839382680878e+01,5.415257799574389352e+00
2.534438410974563993e+01,5.189799112632142553e+00
2.536438982566447464e+01,5.429589851613855878e+00
2.538439554158330935e+01,4.611639053183439252e+00
2.540440125750214406e+01,4.573959884090887940e+00
2.542440697342097877e+01,5.025617129873586109e+00
2.544441268933981348e+01,4.054121736012065824e+00
2.546441840525864819e+01,4.870700605182429754e+00
2.548442412117747935e+01,5.541536262153583969e+00
2.550442983709631406e+01,4.825129561537139899e+00
2.552443555301514877e+01,4.644036818529547084e+00
2.554444126893397993e+01,5.524732694574840508e+00
2.556444698485281464e+01,4.408604849119655889e+00
2.558445270077164935e+01,3.989107895472154830e+00
2.560445841669048406e+01,4.706783499357878320e+00
2.562446413260931877e+01,4.928781981264562795e+00
2.564446984852815348e+01,3.954378938782784569e+00
2.566447556444698819e+01,5.178820034460790644e+00
2.568448128036581934e+01,4.221818795892970932e+00
2.570448699628465405e+01,4.376739041733394231e+00
2.572449271220348521e+01,3.882545916784133411e+00
2.574449842812231992e+01,4.363287772802785014e+00
2.576450414404115463e+01,4.231611086689263779e+00
2.578450985995998934e+01,4.954502143754090149e+00
2.580451557587882405e+01,4.063181957770374275e+00
2.582452129179765876e+01,4.745887126623055785e+00
2.584452700771649347e+01,3.815571969320699530e+00
2.586453272363532463e+01,4.523216963264078849e+00
2.588453843955415934e+01,4.041624657753538408e+00
2.590454415547299405e+01,5.484185732482623976e+00
2.592454987139182521e+01,4.953869549458213228e+00
2.594455558731065992e+01,3.758385161900824389e+00
2.596456130322949463e+01,5.181018125520531648e+00
2.598456701914832934e+01,3.954891536950947195e+00
2.600457273506716405e+01,4.866942504770228162e+00
2.602457845098599520e+01,4.042551007995756507e+00
2.604458416690482991e+01,4.122236109871519893e+00
2.606458988282366462e+01,4.101678164755496070e+00
2.608459559874249933e+01,5.302839535769064305e+00
2.610460131466133404e+01,5.037051518052757082e+00
2.612460703058016520e+01,5.498782559367196399e+00
2.614461274649899991e+01,5.616143951113934385e+00
2.616461846241783462e+01,5.189639822074947340e+00
2.618462417833666933e+01,4.548324808589041979e+00
2.620462989425550404e+01,4.924690558127963413e+00
2.622463561017433520e+01,4.685037868894724511e+00
2.624464132609316991e+01,5.050086553939127754e+00
2.626464704201200462e+01,3.834270118808198902e+00
2.628465275793083933e+01,4.936049075756935522e+00
2.630465847384967049e+01,5.037450999370286731e+00
2.632466418976850520e+01,5.712598856387424817e+00
2.634466990568733991e+01,5.524921864582189812e+00
2.636467562160617462e+01,3.899613725388102026e+00
2.638468133752500933e+01,4.677568245858792828e+00
2.640468705344384048e+01,5.629146973024216294e+00
2.642469276936267519e+01,5.702801767295245128e+00
2.644469848528150990e+01,5.011009988671244031e+00
2.646470420120034461e+01,3.834708636037020391e+00
2.648470991711917932e+01,4.936142253493293275e+00
2.650471563303801048e+01,3.849262287441574504e+00
2.652472134895684519e+01,5.423282723566919650e+00
2.654472706487567990e+01,4.769845366197793979e+00
2.656473278079451461e+01,5.496901446023936266e+00
2.658473849671334932e+01,5.756801853204323471e+00
2.660474421263218048e+01,4.547740790408265177e+00
2.662474992855101519e+01,4.835778143789978500e+00
2.664475564446984990e+01,5.583750533305597230e+00
2.666476136038868461e+01,4.251597140057868707e+00
2.668476707630751577e+01,4.883873093893983608e+00
2.670477279222635048e+01,4.440687839789274172e+00
2.672477850814518519e+01,5.173380400294689707e+00
2.674478422406401990e+01,5.410577548233780121e+00
2.676478993998285461e+01,5.286937756169142411e+00
2.678479565590168576e+01,4.514105215492941525e+00
2.680480137182052047e+01,5.648900637087558074e+00
2.682480708773935518e+01,5.173723637409310072e+00
2.684481280365818989e+01,4.771500159949585651e+00
2.686481851957702460e+01,5.086482848969501980e+00
2.688482423549585576e+01,5.665392114164390591e+00
2.690482995141469047e+01,4.556619550571959110e+00
2.692483566733352518e+01,4.777114418410068453e+00
2.694484138325235989e+01,5.406400361663885157e+00
2.696484709917119105e+01,4.104529965160831573e+00
2.698485281509002576e+01,4.809977604335380796e+00
2.700485853100886047e+01,5.540183609752542537e+00
2.702486424692769518e+01,5.214115617356289256e+00
2.704486996284652989e+01,5.657523451050793462e+00
2.706487567876536104e+01,4.841366495180669638e+00
2.708488139468419575e+01,4.615699848984825771e+00
2.710488711060303046e+01,5.817057048776926642e+00
2.712489282652186517e+01,4.559068427189189698e+00
2.714489854244069988e+01,4.220552104928983361e+00
2.716490425835953104e+01,4.499608971568494376e+00
2.718490997427836575e+01,4.655596751076017448e+00
2.720491569019720046e+01,4.061407285822880020e+00
2.722492140611603517e+01,4.622352811550984875e+00
2.724492712203486633e+01,5.316710993641115657e+00
2.726493283795370104e+01,4.865313571547631888e+00
2.728493855387253575e+01,4.345616933898639900e+00
2.730494426979137046e+01,5.283735912899747866e+00
2.732494998571020517e+01,4.969069769151817972e+00
2.734495570162903633e+01,4.981355761904223911e+00
2.736496141754787104e+01,5.203376751346627138e+00
2.738496713346670575e+01,4.220270560043216435e+00
2.740497284938554046e+01,5.170366084653924332e+00
2.742497856530437517e+01,5.109310142536124033e+00
2.744498428122320632e+01,5.811543067980646349e+00
2.746498999714204103e+01,4.215107887463461545e+00
2.748499571306087574e+01,4.244889494006183206e+00
2.750500142897971045e+01,5.474557036713779468e+00
2.752500714489854516e+01,4.238630967003883754e+00
2.754501286081737632e+01,5.967842786899698382e+00
2.756501857673621103e+01,5.837390964811553395e+00
2.758502429265504574e+01,4.682746921593757605e+00
2.760503000857388045e+01,5.334362323937009265e+00
2.762503572449271161e+01,5.993224668011231770e+00
2.764504144041154632e+01,5.945089009615937670e+00
2.766504715633038103e+01,4.943193667309289552e+00
2.768505287224921574e+01,5.551531342004367708e+00
2.770505858816805045e+01,4.823332777226560175e+00
2.772506430408688161e+01,4.521746353155329246e+00
2.774507002000571632e+01,5.850514623319834406e+00
2.776507573592455103e+01,5.298400292569730219e+00
2.778508145184338574e+01,4.803984595959422954e+00
2.780508716776222045e+01,5.123890862802984003e+00
2.782509288368105160e+01,4.506466310974075462e+00
2.784509859959988631e+01,5.459180318974517832e+00
2.786510431551872102e+01,5.102875758618562685e+00
2.788511003143755573e+01,5.754154140393253236e+00
2.790511574735638689e+01,5.248182876162728938e+00
2.792512146327522160e+01,5.367768362482932432e+00
2.794512717919405631e+01,5.757648700002985009e+00
2.796513289511289102e+01,4.860345219194545763e+00
2.798513861103172573e+01,4.871677345827928995e+00
2.800514432695055689e+01,4.270215592362828438e+00
2.802515004286939160e+01,4.716091241121984190e+00
2.804515575878822631e+01,4.202171214085503870e+00
2.806516147470706102e+01,4.993529829994751701e+00
2.808516719062589573e+01,4.729485931180136049e+00
2.810517290654472689e+01,4.716145807781348509e+00
2.812517862246356160e+01,5.671550780099506639e+00
2.814518433838239631e+01,5.598718915711815569e+00
2.816519005430123102e+01,4.365650563848417320e+00
2.818519577022006217e+01,4.891697876373697795e+00
2.820520148613889688e+01,4.703381863863194567e+00
2.822520720205773159e+01,4.957524322931301519e+00
2.824521291797656630e+01,6.138886554077719104e+00
2.826521863389540101e+01,5.266335024242262186e+00
2.828522434981423217e+01,6.054096398233817844e+00
2.830523006573306688e+01,4.612235982449877980e+00
2.832523578165190159e+01,5.768600365153178977e+00
2.834524149757073630e+01,4.576462315376930157e+00
2.836524721348957101e+01,5.449670544481704404e+00
2.838525292940840217e+01,5.102720082539639712e+00
2.840525864532723688e+01,4.793422749840741126e+00
2.842526436124607159e+01,4.913797362835953031e+00
2.844527007716490630e+01,5.574543250818508433e+00
2.846527579308374101e+01,5.663836972522931390e+00
2.848528150900257216e+01,5.510761671119555949e+00
2.850528722492140687e+01,5.057708661995672372e+00
2.852529294084024158e+01,5.994147357656201436e+00
2.854529865675907629e+01,5.693642225940579671e+00
2.856530437267790745e+01,6.859929851878725060e+00
2.858531008859674216e+01,6.261436136212682690e+00
2.860531580451557687e+01,6.258194412300198017e+00
2.862532152043441158e+01,6.774355925020755009e+00
2.864532723635324629e+01,6.153465777573085660e+00
2.866533295227207745e+01,7.527125026837476085e+00
2.868533866819091216e+01,6.751423198619812993e+00
2.870534438410974687e+01,7.750150771968023378e+00
2.872535010002858158e+01,6.769724456486083675e+00
2.874535581594741629e+01,7.447916561552976766e+00
2.876536153186624745e+01,8.453759159593365879e+00
2.878536724778508216e+01,7.154531947572419170e+00
2.880537296370391687e+01,7.996599979536052061e+00
2.882537867962275158e+01,8.245129777966457851e+00
2.884538439554158273e+01,7.937632611721014086e+00
2.886539011146041744e+01,8.938220608494804154e+00
2.888539582737925215e+01,9.141935746594070267e+00
2.890540154329808686e+01,9.580954755093360475e+00
2.892540725921692157e+01,9.684712453431822965e+00
2.894541297513575273e+01,1.030153899176435850e+01
2.896541869105458744e+01,1.069010734422455933e+01
2.898542440697342215e+01,1.092981581819288550e+01
2.900543012289225686e+01,1.035730817659240266e+01
2.902543583881109157e+01,1.231827528287552553e+01
2.904544155472992273e+01,1.189586694502116515e+01
2.906544727064875744e+01,1.285952970992564204e+01
2.908545298656759215e+01,1.323398733190843046e+01
2.910545870248642686e+01,1.348539415765800520e+01
2.912546441840525802e+01,1.373607860146902837e+01
2.914547013432409273e+01,1.580012597953988163e+01
2.916547585024292744e+01,1.651603689912315431e+01
2.918548156616176215e+01,1.691215980349760883e+01
2.920548728208059686e+01,1.777337007357938958e+01
2.922549299799942801e+01,1.720159835868649267e+01
2.924549871391826272e+01,1.871496622890486705e+01
2.926550442983709743e+01,2.022549324348053901e+01
2.928551014575593214e+01,1.957123556439889356e+01
2.930551586167476685e+01,2.104916559163746825e+01
2.932552157759359801e+01,2.106645363313145580e+01
2.934552729351243272e+01,2.205778524490301251e+01
2.936553300943126743e+01,2.219732871717608447e+01
2.938553872535010214e+01,2.315327269715718472e+01
2.940554444126893330e+01,2.418116640481212443e+01
2.942555015718776801e+01,2.491739604147025489e+01
2.944555587310660272e+01,2.507959423515963593e+01
2.946556158902543743e+01,2.528091792504115887e+01
2.948556730494427214e+01,2.542685838028042511e+01
2.950557302086310330e+01,2.607693323920171480e+01
2.952557873678193801e+01,2.484033673254479169e+01
2.954558445270077272e+01,2.572618453107202896e+01
2.956559016861960743e+01,2.497526318951110724e+01
2.958559588453844214e+01,2.543516900545840898e+01
2.960560160045727329e+01,2.400938236612212151e+01
2.962560731637610800e+01,2.377872197732392934e+01
2.964561303229494271e+01,2.407467459403782684e+01
2.966561874821377742e+01,2.357522011303096221e+01
2.968562446413261213e+01,2.394296648194309896e+01
2.970563018005144329e+01,2.369413719094596615e+01
2.972563589597027800e+01,2.282406880977036678e+01
2.974564161188911271e+01,2.264808068902546978e+01
2.976564732780794742e+01,2.268161649424721205e+01
2.978565304372677858e+01,2.306714894948296646e+01
2.980565875964561329e+01,2.222333316123312841e+01
2.982566447556444800e+01,2.408491363375052075e+01
2.984567019148328271e+01,2.372703077174919173e+01
2.986567590740211742e+01,2.352716456667176814e+01
2.988568162332094857e+01,2.393517384698044026e+01
2.990568733923978328e+01,2.393305685726826937e+01
2.992569305515861799e+01,2.466303456634069136e+01
2.994569877107745270e+01,2.562665427752275349e+01
2.996570448699628741e+01,2.604622536902398267e+01
2.998571020291511857e+01,2.593915225826467719e+01
3.000571591883395328e+01,2.546698576422629756e+01
3.002572163475278799e+01,2.588519577533371319e+01
3.004572735067162270e+01,2.441694343015281632e+01
3.006573306659045386e+01,2.413646965195138705e+01
3.008573878250928857e+01,2.312454733381490257e+01
3.010574449842812328e+01,2.238387938610611627e+01
3.012575021434695799e+01,2.188583217522766944e+01
3.014575593026579270e+01,2.065836056800924680e+01
3.016576164618462386e+01,1.931073019701363691e+01
3.018576736210345857e+01,1.943294553820495452e+01
3.020577307802229328e+01,1.830284221234399311e+01
3.022577879394112799e+01,1.674615066357952742e+01
3.024578450985996270e+01,1.442567894020534780e+01
3.026579022577879385e+01,1.436449718135860820e+01
3.028579594169762856e+01,1.384118725740497702e+01
3.030580165761646327e+01,1.152953853966392295e+01
3.032580737353529798e+01,1.039632965739203208e+01
3.034581308945412914e+01,9.600613067893858599e+00
3.036581880537296385e+01,9.819728963809959410e+00
3.038582452129179856e+01,9.639190274422414717e+00
3.040583023721063327e+01,8.992629551807187482e+00
3.042583595312946798e+01,8.733658438605843344e+00
3.044584166904829914e+01,7.597625975921218355e+00
3.046584738496713385e+01,6.923734271666948104e+00
3.048585310088596856e+01,7.334568499079351156e+00
3.050585881680480327e+01,7.244329856975745940e+00
3.052586453272363798e+01,7.253050091885132389e+00
3.054587024864246914e+01,7.326010224140063976e+00
3.056587596456130385e+01,6.602052200154623129e+00
3.058588168048013856e+01,6.145760713668622977e+00
3.060588739639897327e+01,6.910082408428781520e+00
3.062589311231780798e+01,6.887034407234875033e+00
3.064589882823663913e+01,5.839287349106669467e+00
3.066590454415547384e+01,6.652483618129643617e+00
3.068591026007430855e+01,5.439803038996680051e+00
3.070591597599314326e+01,5.960958846889449880e+00
3.072592169191197442e+01,5.383545444333488916e+00
3.074592740783080913e+01,5.833238826876786298e+00
3.076593312374964384e+01,5.980013982548246787e+00
3.078593883966847855e+01,5.746552885351893458e+00
3.080594455558731326e+01,5.772458915083580777e+00
3.082595027150614442e+01,6.047135955778230709e+00
3.084595598742497913e+01,6.637253020427710481e+00
3.086596170334381384e+01,5.727329496210721516e+00
3.088596741926264855e+01,6.254370666283519675e+00
3.090597313518148326e+01,6.184389127182949863e+00
3.092597885110031442e+01,6.615465086863574484e+00
3.094598456701914913e+01,5.741474715123112027e+00
3.096599028293798384e+01,5.916156604392476481e+00
3.098599599885681855e+01,6.962060743106428973e+00
3.100600171477564970e+01,6.603370259029171407e+00
3.102600743069448441e+01,5.175892975255367290e+00
3.104601314661331912e+01,6.423736530650743681e+00
3.106601886253215383e+01,5.487750570949557982e+00
3.108602457845098854e+01,6.045019614394664842e+00
3.110603029436981970e+01,5.167962964334172682e+00
3.112603601028865441e+01,6.398241990286615000e+00
3.114604172620748912e+01,6.579659371196458828e+00
3.116604744212632383e+01,6.454257164785940581e+00
3.118605315804515854e+01,5.148332983145238906e+00
3.120605887396398970e+01,5.802945411609136350e+00
3.122606458988282441e+01,5.121831789899984777e+00
3.124607030580165912e+01,5.318208588394981895e+00
3.126607602172049383e+01,6.457610295068503703e+00
3.128608173763932498e+01,5.084755959921258395e+00
3.130608745355815969e+01,5.868345375749329129e+00
3.132609316947699440e+01,5.898813585638363222e+00
3.134609888539582911e+01,6.177492807456796520e+00
3.136610460131466382e+01,5.567904300421615993e+00
3.138611031723349498e+01,5.902807415301231764e+00
3.140611603315232969e+01,4.936969058534468324e+00
3.142612174907116440e+01,4.968297772122442169e+00
3.144612746498999911e+01,5.907434943914370962e+00
3.146613318090883382e+01,4.869089862387109058e+00
3.148613889682766498e+01,5.123681720331042300e+00
3.150614461274649969e+01,5.941888925393480569e+00
3.152615032866533440e+01,6.149808010501195632e+00
3.154615604458416911e+01,5.834185950138527588e+00
3.156616176050300382e+01,5.270562804165075832e+00
3.158616747642183498e+01,5.574205755447945165e+00
3.160617319234066969e+01,4.746605964204986705e+00
3.162617890825950440e+01,5.158117649480139733e+00
3.164618462417833911e+01,5.070766734624551297e+00
3.166619034009717026e+01,6.290822039838205093e+00
3.168619605601600497e+01,5.161027551905436717e+00
3.170620177193483968e+01,5.518793799098297370e+00
3.172620748785367439e+01,5.100958983046782080e+00
3.174621320377250910e+01,4.795462458681821083e+00
3.176621891969134026e+01,5.806847402346895670e+00
3.178622463561017497e+01,6.053535675733701105e+00
3.180623035152900968e+01,4.597389860568892317e+00
3.182623606744784439e+01,5.854598150671225909e+00
3.184624178336667910e+01,4.508215222411056544e+00
3.186624749928551026e+01,6.410373145527880290e+00
3.188625321520434497e+01,5.541898548448568995e+00
3.190625893112317968e+01,5.838136801340811033e+00
3.192626464704201439e+01,5.054103148062391249e+00
3.194627036296084555e+01,5.330126173752590901e+00
3.196627607887968026e+01,5.805900956775117194e+00
3.198628179479851497e+01,4.963573736252692825e+00
3.200628751071734968e+01,5.796228720956388081e+00
3.202629322663618439e+01,4.569916068881121340e+00
3.204629894255501199e+01,6.382236299913675914e+00
3.206630465847385381e+01,5.523368993189076370e+00
3.208631037439268141e+01,5.213672526059771606e+00
3.210631609031152323e+01,5.715901303456127458e+00
3.212632180623035083e+01,4.865822840996535170e+00
3.214632752214918554e+01,5.637199241367181202e+00
3.216633323806802025e+01,4.712828777306173222e+00
3.218633895398685496e+01,5.127195687861912710e+00
3.220634466990568967e+01,5.669887071784463828e+00
3.222635038582451728e+01,6.092799842142358813e+00
3.224635610174335909e+01,4.540215769810672874e+00
3.226636181766218670e+01,5.433018397818201173e+00
3.228636753358102851e+01,4.687368922659162607e+00
3.230637324949985612e+01,6.058719619917376953e+00
3.232637896541869083e+01,5.569875636137936681e+00
3.234638468133752554e+01,5.907204541203880055e+00
3.236639039725636025e+01,5.682853652112725307e+00
3.238639611317519496e+01,5.333837885641988130e+00
3.240640182909402967e+01,4.905435800010965686e+00
3.242640754501286438e+01,5.669499017927088325e+00
3.244641326093169198e+01,5.445530503616022422e+00
3.246641897685053380e+01,5.456466151218464233e+00
3.248642469276936140e+01,5.365079649869768375e+00
3.250643040868819611e+01,4.910325690080071581e+00
3.252643612460703082e+01,5.954105211242790574e+00
3.254644184052586553e+01,6.158893714194030089e+00
3.256644755644470024e+01,4.920321464841608261e+00
3.258645327236353495e+01,6.443059986349104484e+00
3.260645898828236966e+01,6.365122019301747258e+00
3.262646470420119726e+01,4.618918112239964735e+00
3.264647042012003908e+01,5.930389189309666520e+00
3.266647613603886668e+01,6.224992212466402108e+00
3.268648185195770850e+01,5.716324373538097525e+00
3.270648756787653610e+01,5.308803418476761848e+00
3.272649328379537081e+01,5.960855962986571832e+00
3.274649899971420552e+01,4.972885271614730485e+00
3.276650471563304023e+01,5.520510184500059481e+00
3.278651043155187494e+01,6.227509260557965831e+00
3.280651614747070255e+01,4.954616454763750788e+00
3.282652186338954436e+01,4.920061977739073278e+00
3.284652757930837197e+01,5.228540699506492473e+00
3.286653329522721378e+01,5.533220865346393680e+00
3.288653901114604139e+01,5.016934336382465887e+00
3.290654472706487610e+01,5.792077110864242151e+00
3.292655044298371081e+01,6.267980320497526847e+00
3.294655615890254552e+01,5.558815083590693540e+00
3.296656187482138023e+01,6.354964384243593223e+00
3.298656759074020783e+01,5.428933365369839059e+00
3.300657330665904965e+01,6.101948913427695409e+00
3.302657902257787725e+01,5.254905035674307889e+00
3.304658473849671907e+01,5.146135749432776407e+00
3.306659045441554667e+01,5.597053473325087403e+00
3.308659617033438138e+01,6.005953089220382957e+00
3.310660188625321609e+01,6.201533273498356813e+00
3.312660760217205080e+01,4.802378730237720106e+00
3.314661331809088551e+01,6.519505707805482331e+00
3.316661903400971312e+01,6.202823889330224993e+00
3.318662474992855493e+01,6.033832643819661889e+00
3.320663046584738254e+01,6.509057914419750901e+00
3.322663618176622435e+01,5.063786460172341464e+00
3.324664189768505196e+01,6.742562388770823922e+00
3.326664761360388667e+01,5.991442335588567758e+00
3.328665332952272138e+01,6.775072868612094901e+00
3.330665904544155609e+01,6.258337355009229164e+00
3.332666476136039080e+01,6.346422851485788996e+00
3.334667047727922551e+01,6.509220811486160052e+00
3.336667619319806022e+01,6.059533419711282676e+00
3.338668190911688782e+01,5.788915332771325417e+00
3.340668762503572964e+01,6.716871484575252182e+00
3.342669334095455724e+01,6.060160473554209837e+00
3.344669905687339195e+01,5.164841144917312832e+00
3.346670477279222666e+01,5.123087101469671722e+00
3.348671048871106137e+01,6.694243858605746667e+00
3.350671620462989608e+01,6.269101265697846870e+00
3.352672192054873079e+01,5.520056694001826081e+00
3.354672763646756550e+01,5.948331041501282890e+00
3.356673335238639311e+01,6.664934803687503795e+00
3.358673906830523492e+01,7.190005973766789182e+00
3.360674478422406253e+01,6.093035468900735552e+00
3.362675050014290434e+01,6.175464722951502061e+00
3.364675621606173195e+01,6.354618317322510812e+00
3.366676193198056666e+01,6.359722719476102348e+00
3.368676764789940137e+01,6.739240840673216937e+00
3.370677336381823608e+01,6.512994094961165992e+00
3.372677907973707079e+01,5.977249462187415929e+00
3.374678479565589839e+01,5.797301239937381112e+00
3.376679051157474021e+01,6.776998204292829620e+00
3.378679622749356781e+01,6.992078623342304233e+00
3.380680194341240963e+01,6.130498700728724160e+00
3.382680765933123723e+01,7.406399672659303768e+00
3.384681337525007194e+01,7.053308291797987017e+00
3.386681909116890665e+01,7.039062948906456008e+00
3.388682480708774136e+01,7.970820806270928927e+00
3.390683052300657607e+01,6.653990429229295955e+00
3.392683623892540368e+01,7.606760867880769439e+00
3.394684195484424549e+01,7.158437855596719857e+00
3.396684767076307310e+01,8.200255305993193744e+00
3.398685338668191491e+01,7.644030120772120185e+00
3.400685910260074252e+01,8.271145770419018106e+00
3.402686481851957723e+01,9.377042254423205492e+00
3.404687053443841194e+01,9.735453763546395578e+00
3.406687625035724665e+01,9.241850714438289316e+00
3.408688196627608136e+01,9.746073495444800727e+00
3.410688768219490896e+01,1.059873838659407319e+01
3.412689339811375078e+01,1.093595545163431559e+01
3.414689911403257838e+01,1.072432750385649314e+01
3.416690482995142020e+01,1.200819847214038383e+01
3.418691054587024780e+01,1.253177321959963209e+01
3.420691626178908251e+01,1.378064397714788214e+01
3.422692197770791722e+01,1.365495018647473202e+01
3.424692769362675193e+01,1.479608373438315638e+01
3.426693340954558664e+01,1.563342313721692634e+01
3.428693912546442135e+01,1.719986802244579138e+01
3.430694484138325606e+01,1.864744438765684720e+01
3.432695055730208367e+01,1.879818982308384889e+01
3.434695627322092548e+01,1.982739476241335197e+01
3.436696198913975309e+01,2.071501338044513574e+01
3.438696770505858780e+01,2.252936244939019161e+01
3.440697342097742251e+01,2.459737790986812556e+01
3.442697913689625722e+01,2.630150478075649190e+01
3.444698485281509193e+01,2.903941547189825556e+01
3.446699056873392664e+01,3.101568579972322937e+01
3.448699628465276135e+01,3.193169450871352311e+01
3.450700200057158895e+01,3.555163499710318575e+01
3.452700771649043077e+01,3.685565904448806407e+01
3.454701343240925837e+01,3.860180402131236832e+01
3.456701914832810019e+01,4.207607178711672447e+01
3.458702486424692779e+01,4.418790915924736140e+01
3.460703058016576250e+01,4.835878931884283816e+01
3.462703629608459721e+01,5.033772262467017100e+01
3.464704201200343192e+01,5.339722869572219111e+01
3.466704772792226663e+01,5.559065926992015250e+01
3.468705344384109424e+01,5.914490906589664121e+01
3.470705915975993605e+01,6.290985835708325169e+01
3.472706487567876366e+01,6.473907928920813504e+01
3.474707059159760547e+01,6.867409544903063079e+01
3.476707630751643308e+01,6.978246665111764457e+01
3.478708202343526779e+01,7.291265644594798800e+01
3.480708773935410250e+01,7.341483887522396401e+01
3.482709345527293721e+01,7.489894442075488712e+01
3.484709917119177192e+01,7.642477796550100777e+01
3.486710488711059952e+01,7.635191264955869883e+01
3.488711060302944134e+01,7.651371516158050667e+01
3.490711631894826894e+01,7.654726418216506545e+01
3.492712203486711076e+01,7.524023867254048525e+01
3.494712775078593836e+01,7.386425188167279998e+01
3.496713346670477307e+01,7.106881686010531496e+01
3.498713918262360778e+01,6.820224963998286682e+01
3.500714489854244249e+01,6.555098305498604816e+01
3.502715061446127720e+01,6.254929060191062007e+01
3.504715633038010481e+01,5.744095187341415709e+01
3.506716204629894662e+01,5.411039685937099364e+01
3.508716776221777423e+01,4.903959301342001709e+01
3.510717347813661604e+01,4.533051481019131046e+01
3.512717919405544365e+01,4.180641607647776681e+01
3.514718490997427836e+01,3.795881744448464445e+01
3.516719062589311307e+01,3.504485685310127963e+01
3.518719634181194778e+01,3.124279852081431486e+01
3.520720205773078249e+01,2.935579850369101962e+01
3.522720777364961720e+01,2.554867304128925554e+01
3.524721348956845191e+01,2.262952926985590096e+01
3.526721920548727951e+01,2.169516752482062216e+01
3.528722492140612133e+01,1.917536238568912310e+01
3.530723063732494893e+01,1.845089005078756017e+01
3.532723635324378364e+01,1.576370677513732232e+01
3.534724206916261835e+01,1.456970907148210159e+01
3.536724778508145306e+01,1.455616372827742921e+01
3.538725350100028777e+01,1.350325858105374621e+01
3.540725921691912248e+01,1.138495002830250868e+01
3.542726493283795719e+01,1.145385126151528965e+01
3.544727064875678479e+01,1.002225717023733687e+01
3.546727636467562661e+01,9.900706354344860571e+00
3.548728208059445421e+01,1.068387485153109751e+01
3.550728779651329603e+01,1.043695855137592687e+01
3.552729351243212363e+01,8.856546097068237700e+00
3.554729922835095834e+01,9.191714074907238796e+00
3.556730494426979305e+01,8.892091266692093043e+00
3.558731066018862776e+01,7.645772090767058771e+00
3.560731637610746247e+01,7.993048377389084358e+00
3.562732209202629008e+01,8.225053977420550666e+00
3.564732780794513189e+01,8.763790803059650969e+00
3.566733352386395950e+01,6.865224662776494569e+00
3.568733923978280131e+01,6.741211729434610334e+00
3.570734495570162892e+01,8.325363584688776797e+00
3.572735067162046363e+01,7.780281696510297884e+00
3.574735638753929834e+01,6.938956228777285240e+00
3.576736210345813305e+01,7.766634555780131954e+00
3.578736781937696776e+01,7.985874250192670942e+00
3.580737353529579536e+01,6.384472538817044018e+00
3.582737925121463718e+01,7.588966470245440021e+00
3.584738496713346478e+01,6.132809170013113764e+00
3.586739068305230660e+01,7.208223255311386524e+00
3.588739639897113420e+01,7.125578003127768234e+00
3.590740211488996891e+01,6.256567121317307745e+00
3.592740783080880362e+01,6.659558757103170024e+00
3.594741354672763833e+01,6.132594224211701750e+00
3.596741926264647304e+01,5.949712784775494256e+00
3.598742497856530065e+01,5.931658856379218747e+00
3.600743069448414246e+01,7.628797755560009719e+00
3.602743641040297007e+01,7.623147470033457829e+00
3.604744212632181188e+01,6.909046540434508721e+00
3.606744784224063949e+01,6.063020936456887000e+00
3.608745355815947420e+01,6.155535293811703390e+00
3.610745927407830891e+01,6.503913512637325312e+00
3.612746498999714362e+01,6.544042432817249733e+00
3.614747070591597833e+01,6.844074574687661006e+00
3.616747642183481304e+01,7.558444053259074202e+00
3.618748213775364775e+01,7.136348880389529192e+00
3.620748785367247535e+01,7.629011029564496837e+00
3.622749356959131717e+01,6.345887633276066531e+00
3.624749928551014477e+01,6.442192023847344906e+00
3.626750500142897948e+01,6.153075456093572093e+00
3.628751071734781419e+01,5.899469198127755831e+00
3.630751643326664890e+01,7.383175881012085995e+00
3.632752214918548361e+01,7.276387939589167075e+00
3.634752786510431832e+01,7.191091163100017170e+00
3.636753358102315303e+01,6.643613059101708629e+00
3.638753929694198064e+01,6.292012139646541158e+00
3.640754501286082245e+01,6.936304517578796514e+00
3.642755072877965006e+01,6.995573539019992459e+00
3.644755644469849187e+01,7.222260314087884048e+00
3.646756216061731948e+01,6.666241842173608489e+00
3.648756787653615419e+01,6.753624591635383645e+00
3.650757359245498890e+01,7.663567730900281205e+00
3.652757930837382361e+01,7.590407822972442098e+00
3.654758502429265832e+01,6.240658660720292517e+00
3.656759074021148592e+01,7.781093488959283988e+00
3.658759645613032774e+01,7.513450915091446802e+00
3.660760217204915534e+01,6.359064645894003220e+00
3.662760788796799716e+01,7.075400100695595995e+00
3.664761360388682476e+01,6.181452075808677726e+00
3.666761931980565947e+01,7.880317663971286635e+00
3.668762503572449418e+01,7.360888112800080485e+00
3.670763075164332889e+01,7.888641597590198451e+00
3.672763646756216360e+01,6.298616231012266198e+00
3.674764218348099121e+01,6.487050458609397552e+00
3.676764789939983302e+01,7.617088200712681001e+00
3.678765361531866063e+01,6.347369825412453537e+00
3.680765933123750244e+01,7.620582418788290902e+00
3.682766504715633005e+01,7.323204812943902020e+00
3.684767076307516476e+01,7.637327293425157038e+00
3.686767647899399947e+01,7.691926230098416362e+00
3.688768219491283418e+01,6.891359920473014711e+00
3.690768791083166889e+01,6.754260041911367196e+00
3.692769362675049649e+01,6.804387227670931182e+00
3.694769934266933831e+01,7.518671033174586960e+00
3.696770505858816591e+01,6.595999593567578145e+00
3.698771077450700773e+01,7.749128776448994671e+00
3.700771649042583533e+01,7.107149688395148601e+00
3.702772220634467004e+01,6.670872047148626471e+00
3.704772792226350475e+01,7.277008109925250601e+00
3.706773363818233946e+01,7.478208543639372152e+00
3.708773935410117417e+01,7.445884872629331852e+00
3.710774507002000888e+01,6.630622401648122555e+00
3.712775078593884359e+01,5.551427389657355604e+00
3.714775650185767120e+01,6.390343494319620454e+00
3.716776221777651301e+01,6.427698499412643152e+00
3.718776793369534062e+01,6.056270093970161028e+00
3.720777364961417533e+01,7.007970485031107089e+00
3.722777936553301004e+01,6.809164549032546532e+00
3.724778508145184475e+01,6.609261600599230846e+00
3.726779079737067946e+01,5.856857270275767746e+00
3.728779651328951417e+01,6.343680864280405451e+00
3.730780222920834888e+01,5.773936327541671965e+00
3.732780794512717648e+01,6.577383894526295016e+00
3.734781366104601830e+01,6.545177272684384207e+00
3.736781937696484590e+01,5.317141627398030757e+00
3.738782509288368772e+01,5.783472244187132461e+00
3.740783080880251532e+01,5.087676405535633606e+00
3.742783652472135003e+01,6.306251967443395223e+00
3.744784224064018474e+01,6.528724379573803915e+00
3.746784795655901945e+01,5.440782679102870389e+00
3.748785367247785416e+01,4.970077095010438484e+00
3.750785938839668177e+01,6.664727327500115983e+00
3.752786510431552358e+01,5.434978519371643557e+00
3.754787082023435119e+01,6.826170301116086137e+00
3.756787653615319300e+01,6.375626663964757412e+00
3.758788225207202061e+01,5.612706170788436033e+00
3.760788796799085532e+01,6.813117675031435283e+00
3.762789368390969003e+01,5.670877005246354408e+00
3.764789939982852474e+01,5.133515259432642530e+00
3.766790511574735945e+01,6.876606583596380773e+00
3.768791083166618705e+01,5.355476132930951927e+00
3.770791654758502887e+01,5.768791174289972901e+00
3.772792226350385647e+01,6.712983471633785726e+00
3.774792797942269829e+01,6.775143862726506150e+00
3.776793369534152589e+01,5.495260529662669313e+00
3.778793941126036060e+01,5.135485780365298680e+00
3.780794512717919531e+01,4.973952288948640721e+00
3.782795084309803002e+01,5.202616895694939458e+00
3.784795655901686473e+01,6.488869367666168841e+00
3.786796227493569234e+01,6.214053996832086035e+00
3.788796799085453415e+01,5.731063218228581668e+00
3.790797370677336176e+01,5.606222340233800061e+00
3.792797942269220357e+01,5.478865743502841390e+00
3.794798513861103118e+01,5.017964578102170670e+00
3.796799085452986589e+01,5.521504945278480569e+00
3.798799657044870060e+01,5.715772761190357265e+00
3.800800228636753531e+01,6.135044113023334411e+00
3.802800800228637002e+01,5.709089131321701593e+00
3.804801371820520473e+01,5.847818095398523930e+00
3.806801943412403944e+01,5.591709683459786362e+00
3.808802515004286704e+01,6.218791187019471423e+00
3.810803086596170886e+01,4.941013367653041222e+00
3.812803658188053646e+01,5.008783361884291629e+00
3.814804229779937117e+01,6.649615331871023827e+00
3.816804801371820588e+01,6.374174542021062706e+00
3.818805372963704059e+01,6.547331943167934654e+00
3.820805944555587530e+01,5.285603392263946709e+00
3.822806516147471001e+01,4.940940286734385900e+00
3.824807087739354472e+01,5.098511914879397366e+00
3.826807659331237232e+01,6.520254243022153950e+00
3.828808230923121414e+01,5.879416509043378092e+00
3.830808802515004174e+01,4.843304010674657434e+00
3.832809374106888356e+01,6.417468928002404205e+00
3.834809945698771116e+01,5.202448639785793638e+00
3.836810517290654587e+01,5.708266712902955398e+00
3.838811088882538058e+01,6.233495876378452927e+00
3.840811660474421529e+01,6.073978995618067422e+00
3.842812232066305000e+01,4.785934646022170114e+00
3.844812803658187761e+01,5.412065789540545957e+00
3.846813375250071942e+01,5.909704471348005583e+00
3.848813946841954703e+01,5.527715146089686726e+00
3.850814518433838884e+01,5.885041492262062413e+00
3.852815090025721645e+01,6.619228420699329263e+00
3.854815661617605116e+01,5.542206429110683175e+00
3.856816233209488587e+01,5.697018515689161511e+00
3.858816804801372058e+01,5.062713896177415407e+00
3.860817376393255529e+01,5.054868804296666518e+00
3.862817947985138289e+01,6.223968705013758651e+00
3.864818519577022471e+01,6.314486821599891719e+00
3.866819091168905231e+01,5.077378075380515554e+00
3.868819662760789413e+01,5.989559155103338917e+00
3.870820234352672173e+01,5.169313472317401015e+00
3.872820805944555644e+01,5.885705282177200459e+00
3.874821377536439115e+01,5.804416341790861189e+00
3.876821949128322586e+01,5.456658286875305741e+00
3.878822520720206057e+01,4.806910460146892383e+00
3.880823092312088818e+01,5.426476283650689680e+00
3.882823663903972999e+01,6.646391027487402070e+00
3.884824235495855760e+01,5.499353183381352927e+00
3.886824807087739941e+01,6.129924641663133222e+00
3.888825378679622702e+01,5.797086700954826810e+00
3.890825950271506173e+01,4.809959761131840317e+00
3.892826521863389644e+01,5.788994538666479173e+00
3.894827093455273115e+01,4.998358104014180014e+00
3.896827665047156586e+01,4.935952790177764449e+00
3.898828236639040057e+01,5.819829683335079551e+00
3.900828808230923528e+01,5.777900051085987698e+00
3.902829379822806288e+01,5.158917160210446440e+00
3.904829951414690470e+01,4.916706489652003853e+00
3.906830523006573230e+01,6.170193839956340298e+00
3.908831094598456701e+01,5.028592514072696140e+00
3.910831666190340172e+01,4.888848001514611852e+00
3.912832237782223643e+01,6.561433848132467439e+00
3.914832809374107114e+01,6.097858569660226102e+00
3.916833380965990585e+01,5.002831137098421088e+00
3.918833952557874056e+01,5.017318614118837061e+00
3.920834524149756817e+01,5.521639549392454605e+00
3.922835095741640998e+01,6.342895141219087485e+00
3.924835667333523759e+01,5.283262759395514152e+00
3.926836238925407940e+01,5.723695545173503874e+00
3.928836810517290701e+01,5.778417306235907880e+00
3.930837382109174172e+01,5.791936524647487872e+00
3.932837953701057643e+01,5.493347542098089065e+00
3.934838525292941114e+01,5.359917926340815875e+00
3.936839096884824585e+01,6.635361638917378180e+00
3.938839668476707345e+01,5.968264451782012259e+00
3.940840240068591527e+01,6.694634425384104581e+00
3.942840811660474287e+01,5.216652260287237830e+00
3.944841383252358469e+01,5.347640559158413964e+00
3.946841954844241229e+01,6.696693196386249269e+00
3.948842526436124700e+01,5.573353713249169950e+00
3.950843098028008171e+01,6.534340720745380970e+00
3.952843669619891642e+01,5.342376812721565393e+00
3.954844241211775113e+01,5.883355289297616864e+00
3.956844812803657874e+01,4.811523070368957988e+00
3.958845384395542055e+01,5.502735438711021665e+00
3.960845955987424816e+01,4.861411809901069248e+00
3.962846527579308997e+01,4.945855532055234427e+00
3.964847099171191758e+01,5.463964531182391227e+00
3.966847670763075229e+01,6.592217511570093613e+00
3.968848242354958700e+01,6.011805547999394150e+00
3.970848813946842171e+01,6.409040120908980676e+00
3.972849385538725642e+01,6.106436479451839539e+00
3.974849957130608402e+01,6.688037041857385567e+00
3.976850528722492584e+01,5.136480533173383378e+00
3.978851100314375344e+01,6.762317158407656237e+00
3.980851671906259526e+01,6.451685771675388814e+00
3.982852243498142286e+01,5.213424681450322673e+00
3.984852815090025757e+01,6.769677654300194192e+00
3.986853386681909228e+01,5.001325736154037749e+00
3.988853958273792699e+01,6.253319188929989281e+00
3.990854529865676170e+01,6.663855821466513341e+00
3.992855101457559641e+01,4.940778505395507558e+00
3.994855673049443112e+01,5.760121074604795055e+00
3.996856244641325873e+01,6.159585179117473608e+00
3.998856816233210054e+01,5.297274856586414948e+00
4.000857387825092815e+01,5.468068097856946252e+00
4.002857959416976286e+01,4.925338836934289866e+00
4.004858531008859757e+01,5.033373439563463947e+00
4.006859102600743228e+01,5.645799007311092410e+00
4.008859674192626699e+01,5.795852455065896081e+00
4.010860245784510170e+01,5.290188146835269833e+00
4.012860817376393641e+01,6.120500117835794285e+00
4.014861388968276401e+01,6.322217434596742791e+00
4.016861960560160583e+01,6.636923557131687801e+00
4.018862532152043343e+01,6.114300476002886953e+00
4.020863103743927525e+01,5.252463048596196948e+00
4.022863675335810285e+01,6.499426076332381896e+00
4.024864246927693756e+01,6.016069102076618158e+00
4.026864818519577227e+01,5.671919664800593175e+00
4.028865390111460698e+01,6.524694376621027914e+00
4.030865961703344169e+01,6.327153937076067436e+00
4.032866533295226930e+01,5.920913959514775726e+00
4.034867104887111111e+01,6.783273262476903653e+00
4.036867676478993872e+01,5.196025510188585272e+00
4.038868248070878053e+01,5.632002790251827484e+00
4.040868819662760814e+01,6.979367461964544717e+00
4.042869391254644285e+01,5.379391282991114132e+00
4.044869962846527756e+01,5.578680956095066534e+00
4.046870534438411227e+01,5.648240504262648898e+00
4.048871106030294698e+01,7.160096252254894544e+00
4.050871677622177458e+01,6.402855705000473741e+00
4.052872249214061640e+01,5.450304763678150977e+00
4.054872820805944400e+01,6.520556515609315262e+00
4.056873392397828582e+01,5.570198667058309461e+00
4.058873963989711342e+01,7.285598113332166115e+00
4.060874535581594813e+01,6.546896956371729637e+00
4.062875107173478284e+01,5.444531217762875741e+00
4.064875678765361755e+01,7.179195722511798827e+00
4.066876250357245226e+01,6.640783558338370085e+00
4.068876821949127986e+01,7.271569475478154132e+00
4.070877393541012168e+01,5.567663352576501801e+00
4.072877965132894929e+01,6.055164628186846087e+00
4.074878536724779110e+01,6.153445902829949965e+00
4.076879108316661871e+01,6.160377026160210434e+00
4.078879679908545342e+01,6.700882590441660014e+00
4.080880251500428813e+01,6.229386349908127229e+00
4.082880823092312284e+01,5.749046588955541992e+00
4.084881394684195755e+01,6.074932726937208649e+00
4.086881966276079226e+01,6.927165003057245585e+00
4.088882537867962697e+01,5.710891355011557202e+00
4.090883109459845457e+01,7.118556915941848473e+00
4.092883681051729639e+01,6.006047233697736409e+00
4.094884252643612399e+01,6.549483459667261975e+00
4.096884824235495870e+01,7.142841051025468069e+00
4.098885395827379341e+01,7.436566089807449487e+00
4.100885967419262812e+01,7.433663790992517839e+00
4.102886539011146283e+01,7.277936271604655616e+00
4.104887110603029754e+01,7.362162390175583049e+00
4.106887682194913225e+01,6.348118782751463129e+00
4.108888253786795985e+01,7.627595536124711195e+00
4.110888825378680167e+01,6.799787751165134786e+00
4.112889396970562927e+01,7.215671249103993823e+00
4.114889968562447109e+01,6.704561536323643267e+00
4.116890540154329869e+01,6.924065339884919013e+00
4.118891111746213340e+01,6.293361561620775646e+00
4.120891683338096811e+01,6.595065759985756060e+00
4.122892254929980282e+01,6.531007175020782540e+00
4.124892826521863753e+01,7.165252778501861819e+00
4.126893398113746514e+01,6.015240454653205227e+00
4.128893969705630695e+01,5.986636112050411462e+00
4.130894541297513456e+01,6.174678743266425407e+00
4.132895112889397637e+01,6.786927031060760562e+00
4.134895684481280398e+01,6.650907146359515743e+00
4.136896256073163869e+01,6.930026883792686831e+00
4.138896827665047340e+01,7.986115254636591665e+00
4.140897399256930811e+01,7.062280843327610746e+00
4.142897970848814282e+01,8.054655976069758694e+00
4.144898542440697042e+01,7.040798002681747825e+00
4.146899114032581224e+01,7.421417722865854216e+00
4.148899685624463984e+01,8.179873055315598052e+00
4.150900257216348166e+01,7.994503180223393457e+00
4.152900828808230926e+01,7.400406484057660883e+00
4.154901400400114397e+01,7.991724674545939600e+00
4.156901971991997868e+01,7.667269783190018728e+00
4.158902543583881339e+01,7.706377178053399390e+00
4.160903115175764810e+01,8.864936055128751491e+00
4.162903686767647571e+01,7.679372666529998170e+00
4.164904258359531752e+01,8.464192666302297496e+00
4.166904829951414513e+01,8.229133043449333940e+00
4.168905401543298694e+01,9.525445376588221436e+00
4.170905973135181455e+01,8.774828413654056192e+00
4.172906544727064926e+01,8.981325965303758707e+00
4.174907116318948397e+01,8.573507765617998544e+00
4.176907687910831868e+01,9.192432477409868241e+00
4.178908259502715339e+01,1.028842873502657085e+01
4.180908831094598810e+01,1.144875903450395604e+01
4.182909402686482281e+01,1.159915667306841591e+01
4.184909974278365041e+01,1.147852809675853969e+01
4.186910545870249223e+01,1.290401522495153763e+01
4.188911117462131983e+01,1.302516366193211184e+01
4.190911689054015454e+01,1.289344898389013139e+01
4.192912260645898925e+01,1.380191472380244555e+01
4.194912832237782396e+01,1.511937464750990756e+01
4.196913403829665867e+01,1.655045112719814782e+01
4.198913975421549338e+01,1.894301474814790254e+01
4.200914547013432809e+01,1.875735001023287651e+01
4.202915118605316280e+01,2.131521228614791852e+01
4.204915690197199041e+01,2.232835829596549360e+01
4.206916261789082512e+01,2.466433775400958339e+01
4.208916833380965983e+01,2.743746653835177440e+01
4.210917404972849454e+01,2.869416888523806364e+01
4.212917976564732925e+01,3.246416306319303402e+01
4.214918548156616396e+01,3.510451662072705403e+01
4.216919119748499867e+01,3.725417444115869614e+01
4.218919691340383338e+01,4.092578212453243225e+01
4.220920262932266809e+01,4.373089635154079957e+01
4.222920834524150280e+01,4.685960910433157522e+01
4.224921406116033040e+01,4.892254258746910267e+01
4.226921977707916511e+01,5.224773053420540947e+01
4.228922549299799982e+01,5.643395007940701191e+01
4.230923120891683453e+01,5.997937014586061366e+01
4.232923692483566924e+01,6.294574747474809584e+01
4.234924264075450395e+01,6.604600335075632245e+01
4.236924835667333866e+01,6.988214146443380059e+01
4.238925407259217337e+01,7.155466999077121670e+01
4.240925978851100808e+01,7.359106056828343867e+01
4.242926550442983569e+01,7.676015811754849949e+01
4.244927122034867040e+01,7.822848024260296995e+01
4.246927693626750511e+01,7.828207790860288640e+01
4.248928265218633982e+01,7.969138478764641320e+01
4.250928836810517453e+01,8.075686680835461573e+01
4.252929408402400924e+01,7.916439061975162872e+01
4.254929979994284395e+01,7.826155117638937497e+01
4.256930551586167866e+01,7.732777719664046856e+01
4.258931123178051337e+01,7.638079872730247644e+01
4.260931694769934097e+01,7.459857514037342696e+01
4.262932266361817568e+01,7.333278446944682116e+01
4.264932837953701039e+01,7.111820561926319328e+01
4.266933409545584510e+01,6.798953849908612312e+01
4.268933981137467981e+01,6.531701503098032902e+01
4.270934552729351452e+01,6.042981754588677035e+01
4.272935124321234923e+01,5.835732695741878473e+01
4.274935695913118394e+01,5.342377519638841932e+01
4.276936267505001865e+01,5.121659113349802084e+01
4.278936839096885336e+01,4.758715243019000951e+01
4.280937410688768097e+01,4.403797811309694055e+01
4.282937982280651568e+01,3.988517432463342516e+01
4.284938553872535039e+01,3.728105348698917965e+01
4.286939125464418510e+01,3.380261206660775031e+01
4.288939697056301981e+01,3.030823892343325454e+01
4.290940268648185452e+01,2.653674786038344990e+01
4.292940840240068923e+01,2.560162211560446011e+01
4.294941411831952394e+01,2.314286490671656793e+01
4.296941983423835865e+01,1.946047230604726153e+01
4.298942555015718625e+01,1.766460577279444522e+01
4.300943126607602096e+01,1.676991457606579772e+01
4.302943698199485567e+01,1.499349037643783866e+01
4.304944269791369038e+01,1.446069328058228898e+01
4.306944841383252509e+01,1.433884102609226474e+01
4.308945412975135980e+01,1.209636758364271358e+01
4.310945984567019451e+01,1.172053478683105254e+01
4.312946556158902922e+01,1.049557933904267770e+01
4.314947127750786393e+01,1.061211000206565025e+01
4.316947699342669864e+01,1.083389607988251235e+01
4.318948270934552625e+01,1.035796334207407732e+01
4.320948842526436096e+01,1.005994084570200009e+01
4.322949414118319567e+01,9.199411753786352008e+00
4.324949985710203038e+01,9.888106753365882184e+00
4.326950557302086509e+01,7.816358555864765023e+00
4.328951128893969980e+01,8.728368332927978201e+00
4.330951700485853451e+01,8.115665445136865941e+00
4.332952272077736922e+01,7.674467314934869222e+00
4.334952843669620393e+01,7.737883548221077490e+00
4.336953415261503153e+01,7.240444155043396002e+00
4.338953986853386624e+01,8.549308329933179351e+00
4.340954558445270095e+01,8.022355900080896163e+00
4.342955130037153566e+01,7.816924372916374431e+00
4.344955701629037037e+01,7.692493659602101630e+00
4.346956273220920508e+01,7.543520406508438469e+00
4.348956844812803979e+01,6.469846025871780704e+00
4.350957416404687450e+01,7.570232422779045400e+00
4.352957987996570921e+01,7.624251951599200439e+00
4.354958559588453681e+01,6.919214326412162386e+00
4.356959131180337153e+01,7.490799971737764906e+00
4.358959702772220624e+01,7.128821347847835277e+00
4.360960274364104095e+01,7.813035968853151658e+00
4.362960845955987566e+01,7.190329623711322782e+00
4.364961417547871037e+01,6.180521782906182260e+00
4.366961989139754508e+01,6.210488512445381026e+00
4.368962560731637979e+01,7.542727640328176442e+00
4.370963132323521450e+01,7.598989899838839435e+00
4.372963703915404921e+01,5.973570051687605797e+00
4.374964275507287681e+01,6.384192422904384934e+00
4.376964847099171152e+01,6.597556028540503270e+00
4.378965418691054623e+01,6.980376248934208938e+00
4.380965990282938094e+01,5.768659935773732705e+00
4.382966561874821565e+01,6.326497791381188840e+00
4.384967133466705036e+01,6.753962214113149898e+00
4.386967705058588507e+01,7.298701518401207622e+00
4.388968276650471978e+01,6.809204874965248955e+00
4.390968848242355449e+01,6.326731471362322168e+00
4.392969419834238209e+01,5.915935781654233061e+00
4.394969991426121680e+01,7.396075466548778010e+00
4.396970563018005151e+01,6.105424007576220724e+00
4.398971134609888622e+01,7.278874887260179172e+00
4.400971706201772093e+01,7.079524632091300340e+00
4.402972277793655564e+01,6.690189402251982997e+00
4.404972849385539035e+01,7.117722181160544892e+00
4.406973420977422506e+01,6.015132040598149210e+00
4.408973992569305977e+01,5.867337676206711983e+00
4.410974564161189448e+01,6.024437474225543099e+00
4.412975135753072209e+01,5.817135935296342986e+00
4.414975707344955680e+01,6.000283785417341420e+00
4.416976278936839151e+01,7.175132490398886453e+00
4.418976850528722622e+01,5.395184913620731493e+00
4.420977422120606093e+01,6.689285553371582260e+00
4.422977993712489564e+01,5.646452603662561742e+00
4.424978565304373035e+01,6.852619818316757261e+00
4.426979136896256506e+01,5.541804903175991726e+00
4.428979708488139977e+01,6.872806917911803204e+00
4.430980280080022737e+01,6.347292918747062807e+00
4.432980851671906208e+01,6.567736534287406336e+00
4.434981423263789679e+01,6.929035638591583890e+00
4.436981994855673150e+01,6.416602892932401936e+00
4.438982566447556621e+01,6.860145435013293991e+00
4.440983138039440092e+01,6.872226161592546845e+00
4.442983709631323563e+01,5.286425466903699188e+00
4.444984281223207034e+01,5.339266142720547670e+00
4.446984852815090505e+01,5.840311083636957612e+00
4.448985424406973266e+01,6.748879403560929191e+00
4.450985995998856737e+01,6.391597629234155420e+00
4.452986567590740208e+01,6.843049922238833460e+00
4.454987139182623679e+01,5.748264309985066767e+00
4.456987710774507150e+01,5.746183239303526591e+00
4.458988282366390621e+01,5.245649322267595061e+00
4.460988853958274092e+01,6.582872189435660992e+00
4.462989425550157563e+01,5.371452603299320394e+00
4.464989997142041034e+01,6.349459089672346401e+00
4.466990568733924505e+01,6.387235037989075437e+00
4.468991140325807265e+01,6.954535446313353297e+00
4.470991711917690736e+01,6.313081559399374321e+00
4.472992283509574207e+01,5.375753771477381981e+00
4.474992855101457678e+01,6.546720028447613693e+00
4.476993426693341149e+01,6.803505905517087449e+00
4.478993998285224620e+01,6.403172575159217672e+00
4.480994569877108091e+01,6.544213262085706084e+00
4.482995141468991562e+01,5.358955087606822154e+00
4.484995713060875033e+01,6.404985958299945104e+00
4.486996284652757794e+01,6.410399925582279224e+00
4.488996856244641265e+01,5.337451484936195811e+00
4.490997427836524736e+01,5.140429953491832293e+00
4.492997999428408207e+01,6.097724566962986259e+00
4.494998571020291678e+01,6.847496958397004008e+00
4.496999142612175149e+01,5.420139067368547003e+00
4.498999714204058620e+01,5.847261220029147388e+00
4.501000285795942091e+01,5.187086498635462561e+00
4.503000857387825562e+01,5.587276773585005074e+00
4.505001428979709033e+01,6.740708314582990468e+00
4.507002000571591793e+01,5.970859843169007419e+00
4.509002572163475264e+01,6.895773005685029489e+00
4.511003143755358735e+01,5.639260731445573605e+00
4.513003715347242206e+01,5.596590965753934555e+00
4.515004286939125677e+01,5.884992075867520711e+00
4.517004858531009148e+01,6.672600875943469845e+00
4.519005430122892619e+01,5.176396574328644640e+00
4.521006001714776090e+01,5.975717662612114012e+00
4.523006573306659561e+01,6.625137373265501672e+00
4.525007144898542322e+01,5.771822343960794299e+00
4.527007716490425793e+01,6.636167980284374046e+00
4.529008288082309264e+01,7.017874459692578171e+00
4.531008859674192735e+01,5.187843099439771954e+00
4.533009431266076206e+01,6.053053961584724085e+00
4.535010002857959677e+01,6.599850163305795547e+00
4.537010574449843148e+01,6.442303047617134126e+00
4.539011146041726619e+01,7.085873454658652371e+00
4.541011717633610090e+01,7.011771509329078889e+00
4.543012289225492850e+01,6.191196160027766737e+00
4.545012860817376321e+01,6.979999982561617244e+00
4.547013432409259792e+01,6.486969689329884048e+00
4.549014004001143263e+01,6.929125363442667052e+00
4.551014575593026734e+01,6.118008468862425886e+00
4.553015147184910205e+01,6.044395346286659532e+00
4.555015718776793676e+01,6.895984598543918764e+00
4.557016290368677147e+01,6.282816637523873204e+00
4.559016861960560618e+01,7.024146551871593758e+00
4.561017433552444089e+01,7.147718967846565796e+00
4.563018005144326850e+01,5.582086083178826819e+00
4.565018576736210321e+01,6.564020613527920212e+00
4.567019148328093792e+01,5.864578744593011983e+00
4.569019719919977263e+01,6.501721770250076915e+00
4.571020291511860734e+01,6.386059503487079958e+00
4.573020863103744205e+01,7.252717007361455970e+00
4.575021434695627676e+01,7.554096807547740156e+00
4.577022006287511147e+01,6.767925454274920760e+00
4.579022577879394618e+01,8.020210973802983645e+00
4.581023149471277378e+01,7.676131410280909506e+00
4.583023721063160849e+01,6.890596090766635484e+00
4.585024292655044320e+01,7.319276335624717689e+00
4.587024864246927791e+01,8.698280221221819986e+00
4.589025435838811262e+01,8.529352162222608058e+00
4.591026007430694733e+01,7.817657734055438290e+00
4.593026579022578204e+01,9.172664736554612119e+00
4.595027150614461675e+01,8.820941698439344947e+00
4.597027722206345146e+01,9.714914721144536358e+00
4.599028293798228617e+01,9.927555975747871742e+00
4.601028865390111378e+01,1.013038271702944648e+01
4.603029436981994849e+01,1.040245099011030838e+01
4.605030008573878320e+01,1.114106099289944751e+01
4.607030580165761791e+01,1.045048465033185003e+01
4.609031151757645262e+01,1.176759501379255823e+01
4.611031723349528733e+01,1.249099626789325512e+01
4.613032294941412204e+01,1.316116026578076159e+01
4.615032866533295675e+01,1.362226809443116515e+01
4.617033438125179146e+01,1.387989867240107067e+01
4.619034009717061906e+01,1.396532382119877624e+01
4.621034581308945377e+01,1.310333964424111564e+01
4.623035152900828848e+01,1.510208686210641993e+01
4.625035724492712319e+01,1.471081469048842827e+01
4.627036296084595790e+01,1.434598755662354641e+01
4.629036867676479261e+01,1.443310109599141278e+01
4.631037439268362732e+01,1.484572138054404178e+01
4.633038010860246203e+01,1.618816618187454281e+01
4.635038582452129674e+01,1.543291387783696322e+01
4.637039154044012434e+01,1.522638192178593108e+01
4.639039725635895905e+01,1.615086633089864065e+01
4.641040297227779376e+01,1.633700541209598711e+01
4.643040868819662847e+01,1.551974546979459291e+01
4.645041440411546319e+01,1.572156369343659854e+01
4.647042012003429790e+01,1.616773250300236597e+01
4.649042583595313261e+01,1.608607392823244453e+01
4.651043155187196732e+01,1.493469846518214261e+01
4.653043726779080203e+01,1.384314921287064593e+01
4.655044298370963674e+01,1.388678824768523334e+01
4.657044869962846434e+01,1.426916949723224270e+01
4.659045441554729905e+01,1.391077202551960745e+01
4.661046013146613376e+01,1.372602493232448140e+01
4.663046584738496847e+01,1.247747797930657754e+01
4.665047156330380318e+01,1.182804432167948860e+01
4.667047727922263789e+01,1.308404174194239289e+01
4.669048299514147260e+01,1.166828613277004578e+01
4.671048871106030731e+01,1.171986005143834575e+01
4.673049442697914202e+01,1.147556658762655069e+01
4.675050014289796962e+01,1.036312125753352298e+01
4.677050585881680433e+01,1.119419075372288752e+01
4.679051157473563904e+01,1.118925106809748193e+01
4.681051729065447375e+01,1.000112266059564803e+01
4.683052300657330846e+01,1.117455726414102202e+01
4.685052872249214317e+01,1.105986764894583096e+01
4.687053443841097788e+01,1.139465829122817553e+01
4.689054015432981259e+01,1.014875244018902478e+01
4.691054587024864730e+01,1.126430569870947984e+01
4.693055158616748201e+01,1.112101087546727562e+01
4.695055730208630962e+01,1.164876102569896155e+01
4.697056301800514433e+01,1.102623211832302808e+01
4.699056873392397904e+01,1.224382263800393211e+01
4.701057444984281375e+01,1.147160817301151425e+01
4.703058016576164846e+01,1.236471356373257713e+01
4.705058588168048317e+01,1.324171087823516935e+01
4.707059159759931788e+01,1.328625899304432068e+01
4.709059731351815259e+01,1.173193411890295934e+01
4.711060302943698730e+01,1.342699512777774373e+01
4.713060874535581490e+01,1.285324653640315695e+01
4.715061446127464961e+01,1.323205545203797762e+01
4.717062017719348432e+01,1.216963454412941736e+01
4.719062589311231903e+01,1.261378227833740340e+01
4.721063160903115374e+01,1.150143716324407528e+01
4.723063732494998845e+01,1.173147711155079520e+01
4.725064304086882316e+01,1.129281776303691842e+01
4.727064875678765787e+01,1.206363829338534011e+01
4.729065447270649258e+01,1.208065261079572217e+01
4.731066018862532019e+01,1.067390600844295001e+01
4.733066590454415490e+01,1.024326896871440695e+01
4.735067162046298961e+01,1.055960589880412215e+01
4.737067733638182432e+01,1.060239581281410537e+01
4.739068305230065903e+01,1.058200171752949714e+01
4.741068876821949374e+01,1.093872008203747370e+01
4.743069448413832845e+01,1.061911180018749690e+01
4.745070020005716316e+01,9.314243972528064575e+00
4.747070591597599787e+01,9.821625211598497884e+00
4.749071163189483258e+01,9.125390884373400624e+00
4.751071734781366018e+01,9.361539425819890070e+00
4.753072306373249489e+01,1.091336998142050518e+01
4.755072877965132960e+01,1.025421042532643057e+01
4.757073449557016431e+01,9.961373754626624333e+00
4.759074021148899902e+01,1.052545258664740224e+01
4.761074592740783373e+01,1.109037905833045734e+01
4.763075164332666844e+01,1.161889130817695026e+01
4.765075735924550315e+01,1.216800829115806692e+01
4.767076307516433786e+01,1.229920042705931671e+01
4.769076879108316547e+01,1.231004760647570606e+01
4.771077450700200018e+01,1.337686085199091579e+01
4.773078022292083489e+01,1.445192333726618372e+01
4.775078593883966960e+01,1.501995375099968832e+01
4.777079165475850431e+01,1.476523167519825641e+01
4.779079737067733902e+01,1.492202689109227087e+01
4.781080308659617373e+01,1.570827524163676259e+01
4.783080880251500844e+01,1.661605867567737604e+01
4.785081451843384315e+01,1.633711921228739072e+01
4.787082023435267075e+01,1.627313733325737743e+01
4.789082595027150546e+01,1.832486829622546765e+01
4.791083166619034017e+01,1.774690780813886093e+01
4.793083738210917488e+01,1.728341754899588523e+01
4.795084309802800959e+01,1.829605891848115107e+01
4.797084881394684430e+01,1.856615328709483848e+01
4.799085452986567901e+01,1.782943346339952484e+01
4.801086024578451372e+01,1.732997636812519104e+01
4.803086596170334843e+01,1.841425068668947418e+01
4.805087167762218314e+01,1.826596612978543632e+01
4.807087739354101075e+01,1.713358986094725367e+01
4.809088310945984546e+01,1.634458262751433466e+01
4.811088882537868017e+01,1.560313096901867347e+01
4.813089454129751488e+01,1.559395222740132247e+01
4.815090025721634959e+01,1.499046043196128331e+01
4.817090597313518430e+01,1.392862351255493181e+01
4.819091168905401901e+01,1.350955080540038189e+01
4.821091740497285372e+01,1.220649118550928769e+01
4.823092312089168843e+01,1.219233486059746596e+01
4.825092883681051603e+01,1.152107767561668439e+01
4.827093455272935074e+01,1.124441989664466490e+01
4.829094026864818545e+01,1.029706724486078606e+01
4.831094598456702016e+01,1.063147556029643326e+01
4.833095170048585487e+01,9.401127639419391002e+00
4.835095741640468958e+01,8.041724794562700396e+00
4.837096313232352429e+01,8.385038726087209682e+00
4.839096884824235900e+01,8.960015700669039518e+00
4.841097456416119371e+01,8.156391973241321480e+00
4.843098028008002842e+01,8.477518754580016136e+00
4.845098599599885603e+01,8.409868914422895969e+00
4.847099171191769074e+01,7.412593630844328985e+00
4.849099742783652545e+01,7.950538456193825709e+00
4.851100314375536016e+01,7.012761199225580278e+00
4.853100885967419487e+01,6.416494084955910004e+00
4.855101457559302958e+01,7.700139343181447771e+00
4.857102029151186429e+01,7.242368283037802001e+00
4.859102600743069900e+01,6.702038223945640638e+00
4.861103172334953371e+01,6.911470604053048916e+00
4.863103743926836131e+01,5.786339672338783657e+00
4.865104315518719602e+01,6.477459988188805085e+00
4.867104887110603073e+01,6.711845304626502084e+00
4.869105458702486544e+01,6.803308439222204740e+00
4.871106030294370015e+01,5.936135007331169611e+00
4.873106601886253486e+01,7.103463736804136452e+00
4.875107173478136957e+01,7.143165883767493618e+00
4.877107745070020428e+01,6.453360172398706851e+00
4.879108316661903899e+01,7.162207894222656357e+00
4.881108888253786660e+01,6.094630648466005773e+00
4.883109459845670131e+01,7.289065560495507690e+00
4.885110031437553602e+01,6.942043102866761295e+00
4.887110603029437073e+01,6.023382697816231257e+00
4.889111174621320544e+01,6.502876220406964336e+00
4.891111746213204015e+01,5.937212276401430344e+00
4.893112317805087486e+01,6.609930969502081588e+00
4.895112889396970957e+01,6.634624721923782609e+00
4.897113460988854428e+01,6.399106834584307180e+00
4.899114032580737899e+01,6.029230291471776582e+00
4.901114604172620659e+01,6.750518445732792472e+00
4.903115175764504130e+01,5.419226810863064792e+00
4.905115747356387601e+01,6.648642955465478899e+00
4.907116318948271072e+01,5.579865782915620187e+00
4.909116890540154543e+01,6.268872687206759942e+00
4.911117462132038014e+01,5.252914960874441874e+00
4.913118033723921485e+01,5.278207020962486062e+00
4.915118605315804956e+01,6.555477340253701435e+00
4.917119176907688427e+01,5.867121268286828339e+00
4.919119748499571187e+01,6.560746412112065329e+00
4.921120320091454658e+01,5.244579317736304702e+00
4.923120891683338129e+01,6.587457995745248596e+00
4.925121463275221600e+01,5.939779583151851838e+00
4.927122034867105071e+01,5.407030871573382136e+00
4.929122606458988542e+01,5.743254742583258299e+00
4.931123178050872014e+01,6.132359523349736996e+00
4.933123749642755485e+01,5.628607955379650640e+00
4.935124321234638956e+01,5.250085940070320589e+00
4.937124892826522427e+01,5.913030880790104860e+00
4.939125464418405187e+01,6.212495265201306793e+00
4.941126036010288658e+01,6.844773466646126181e+00
4.943126607602172129e+01,6.336804243887845800e+00
4.945127179194055600e+01,5.320385371874729152e+00
4.947127750785939071e+01,6.758188221031935505e+00
4.949128322377822542e+01,5.607024424088783654e+00
4.951128893969706013e+01,5.320243378158940217e+00
4.953129465561589484e+01,5.614417162323245947e+00
4.955130037153472955e+01,6.526303140527007329e+00
4.957130608745355715e+01,5.237818635299314352e+00
4.959131180337239186e+01,6.113324404809200807e+00
4.961131751929122657e+01,6.772838830625257600e+00
4.963132323521006128e+01,5.986400069367093124e+00
4.965132895112889599e+01,5.573398071012193533e+00
4.967133466704773070e+01,5.225839836237697433e+00
4.969134038296656541e+01,6.855046717877887552e+00
4.971134609888540012e+01,6.574588129382628487e+00
4.973135181480423483e+01,6.258599590367692755e+00
4.975135753072306244e+01,6.237973951348608992e+00
4.977136324664189715e+01,5.940273439568972691e+00
4.979136896256073186e+01,6.371181908426230223e+00
4.981137467847956657e+01,6.039147719158822980e+00
4.983138039439840128e+01,5.535308161429340679e+00
4.985138611031723599e+01,6.277728343086267593e+00
4.987139182623607070e+01,5.521205669806717786e+00
4.989139754215490541e+01,6.253688346637481743e+00
4.991140325807374012e+01,6.334773498440209316e+00
4.993140897399257483e+01,6.813036988852328335e+00
4.995141468991140243e+01,6.364235755918534743e+00
4.997142040583023714e+01,6.429206845250043045e+00
4.999142612174907185e+01,4.948507666971492469e+00
5.001143183766790656e+01,5.450086551585743955e+00
5.003143755358674127e+01,5.305672794290187788e+00
5.005144326950557598e+01,5.215164366372350813e+00
5.007144898542441069e+01,5.637809576734771788e+00
5.009145470134324540e+01,5.951112889444459597e+00
5.011146041726208011e+01,5.147031191498954605e+00
5.013146613318090772e+01,5.636032740925784879e+00
5.015147184909974243e+01,4.979668922899838535e+00
5.017147756501857714e+01,4.985902186776890233e+00
5.019148328093741185e+01,6.121056096513431299e+00
5.021148899685624656e+01,6.549557935427276156e+00
5.023149471277508127e+01,5.199936583748448804e+00
5.025150042869391598e+01,6.741426345196577685e+00
5.027150614461275069e+01,5.043750952717727110e+00
5.029151186053158540e+01,6.090954203649491916e+00
5.031151757645042011e+01,6.658366077103819336e+00
5.033152329236924771e+01,5.118113449965049355e+00
5.035152900828808242e+01,6.665082284789605183e+00
5.037153472420691713e+01,5.753253653178717286e+00
5.039154044012575184e+01,5.671241391427839673e+00
5.041154615604458655e+01,6.761855514178567894e+00
5.043155187196342126e+01,5.751782130249567082e+00
5.045155758788225597e+01,6.528443253294623716e+00
5.047156330380109068e+01,5.943656349801312189e+00
5.049156901971992539e+01,5.697565836564820074e+00
5.051157473563875300e+01,5.263675170733584707e+00
5.053158045155758771e+01,6.591645797467353241e+00
5.055158616747642242e+01,5.387927481445461630e+00
5.057159188339525713e+01,5.075345158762744724e+00
5.059159759931409184e+01,6.394590786723133746e+00
5.061160331523292655e+01,5.137289956623346754e+00
5.063160903115176126e+01,5.676697931412100218e+00
5.065161474707059597e+01,5.056790329482033108e+00
5.067162046298943068e+01,4.994320412642113460e+00
5.069162617890825828e+01,6.294695928548195596e+00
5.071163189482709299e+01,5.802761031156838278e+00
5.073163761074592770e+01,6.465310529448645482e+00
5.075164332666476241e+01,4.942007157271198103e+00
5.077164904258359712e+01,6.164922667209098428e+00
5.079165475850243183e+01,6.204413648785194191e+00
5.081166047442126654e+01,5.368883506375221160e+00
5.083166619034010125e+01,6.137802175807554939e+00
5.085167190625893596e+01,5.069796753362671993e+00
5.087167762217777067e+01,6.217063083882017338e+00
5.089168333809659828e+01,5.632679886753154008e+00
5.091168905401543299e+01,6.576027150906703866e+00
5.093169476993426770e+01,5.251509759102772179e+00
5.095170048585310241e+01,6.634445079703258585e+00
5.097170620177193712e+01,6.528868038605354585e+00
5.099171191769077183e+01,5.558419598271976625e+00
5.101171763360960654e+01,6.198638179326047215e+00
5.103172334952844125e+01,6.354751955246191741e+00
5.105172906544727596e+01,6.401186936505482983e+00
5.107173478136610356e+01,6.289567750881512431e+00
5.109174049728493827e+01,5.582911209367189542e+00
5.111174621320377298e+01,5.626868220776017893e+00
5.113175192912260769e+01,5.150598996932763463e+00
5.115175764504144240e+01,6.779989763145068515e+00
5.117176336096027711e+01,5.673754506828814215e+00
5.119176907687911182e+01,6.423233556680838952e+00
5.121177479279794653e+01,6.464415753330906789e+00
5.123178050871678124e+01,5.720151887337969754e+00
5.125178622463561595e+01,6.035780089157704253e+00
5.127179194055444356e+01,5.997971901917057203e+00
5.129179765647327827e+01,6.382239743430885071e+00
5.131180337239211298e+01,6.857251518955775005e+00
5.133180908831094769e+01,6.471522319000334811e+00
5.135181480422978240e+01,6.864483337817614661e+00
5.137182052014861711e+01,6.354342317979348564e+00
5.139182623606745182e+01,6.300387719121946617e+00
5.141183195198628653e+01,5.281106304245338556e+00
5.143183766790512124e+01,6.264714702878310781e+00
5.145184338382394884e+01,6.711751955194522168e+00
5.147184909974278355e+01,6.766317076576805256e+00
5.149185481566161826e+01,6.070615900144392896e+00
5.151186053158045297e+01,6.926406014049160120e+00
5.153186624749928768e+01,6.779626475275804864e+00
5.155187196341812239e+01,6.858329966676588008e+00
5.157187767933695710e+01,6.166886492754075633e+00
5.159188339525579181e+01,5.740933281862949045e+00
5.161188911117462652e+01,5.537735689928279470e+00
5.163189482709345413e+01,6.705290847906514529e+00
5.165190054301228884e+01,5.965356156046945024e+00
5.167190625893112355e+01,6.926321876347769191e+00
5.169191197484995826e+01,5.442765744311320653e+00
5.171191769076879297e+01,6.744323829369921697e+00
5.173192340668762768e+01,6.382235719059487167e+00
5.175192912260646239e+01,5.679810640753898632e+00
5.177193483852529710e+01,6.662599631462218674e+00
5.179194055444413181e+01,5.832569134818309742e+00
5.181194627036296652e+01,5.915687153392283015e+00
5.183195198628179412e+01,5.309485778101927345e+00
5.185195770220062883e+01,5.976268302377413910e+00
5.187196341811946354e+01,7.015681495224113995e+00
5.189196913403829825e+01,5.861387472817439104e+00
5.191197484995713296e+01,5.729022716220110389e+00
5.193198056587596767e+01,7.257576884703854425e+00
5.195198628179480238e+01,7.129457755541692698e+00
5.197199199771363709e+01,7.304652422631392916e+00
5.199199771363247180e+01,6.611674555572336409e+00
5.201200342955129940e+01,7.053273358121839642e+00
5.203200914547013411e+01,6.180446469632722817e+00
5.205201486138896882e+01,6.105806658902881878e+00
5.207202057730780353e+01,7.109262948218330713e+00
5.209202629322663824e+01,7.758993690026020573e+00
5.211203200914547295e+01,6.739183839231359663e+00
5.213203772506430766e+01,8.165237034423064699e+00
5.215204344098314237e+01,6.674297352123642391e+00
5.217204915690197708e+01,7.235928833226105361e+00
5.219205487282081180e+01,8.246714269805741182e+00
5.221206058873963940e+01,7.442802071164941857e+00
5.223206630465847411e+01,9.315046798493689550e+00
5.225207202057730882e+01,7.964944402570103499e+00
5.227207773649614353e+01,9.208448528273848410e+00
5.229208345241497824e+01,9.297272411209881682e+00
5.231208916833381295e+01,9.803818194211171289e+00
5.233209488425264766e+01,1.101363342709402104e+01
5.235210060017148237e+01,1.122311980291856770e+01
5.237210631609031708e+01,1.046295128667180663e+01
5.239211203200914468e+01,1.092782180453439977e+01
5.241211774792797939e+01,1.158029437538261774e+01
5.243212346384681410e+01,1.181504727562407986e+01
5.245212917976564881e+01,1.198178042628233797e+01
5.247213489568448352e+01,1.156607640273043458e+01
5.249214061160331823e+01,1.241705430028526891e+01
5.251214632752215294e+01,1.239545244936233281e+01
5.253215204344098765e+01,1.270217251667024883e+01
5.255215775935982236e+01,1.327023229771719848e+01
5.257216347527864997e+01,1.320447914061600514e+01
5.259216919119748468e+01,1.395783250628241845e+01
5.261217490711631939e+01,1.460218726595122085e+01
5.263218062303515410e+01,1.475863740334620999e+01
5.265218633895398881e+01,1.429073906039513275e+01
5.267219205487282352e+01,1.314820231869824418e+01
5.269219777079165823e+01,1.384128081586139736e+01
5.271220348671049294e+01,1.492585408613515163e+01
5.273220920262932765e+01,1.468507262664942914e+01
5.275221491854816236e+01,1.388980477426990845e+01
5.277222063446698996e+01,1.415623151416655645e+01
5.279222635038582467e+01,1.381882439066877311e+01
5.281223206630465938e+01,1.299918951818511026e+01
5.283223778222349409e+01,1.232247976987670945e+01
5.285224349814232880e+01,1.206843764525186202e+01
5.287224921406116351e+01,1.273768754282482085e+01
5.289225492997999822e+01,1.198155115224590439e+01
5.291226064589883293e+01,1.193639676197856758e+01
5.293226636181766764e+01,1.165968613310051261e+01
5.295227207773649525e+01,1.085866533908322751e+01
5.297227779365532996e+01,1.008207714719943482e+01
5.299228350957416467e+01,9.594877570763379993e+00
5.301228922549299938e+01,1.053609748394368317e+01
5.303229494141183409e+01,8.767471260584750681e+00
5.305230065733066880e+01,9.290516614166387299e+00
5.307230637324950351e+01,8.744745497499920361e+00
5.309231208916833822e+01,8.120299045480850353e+00
5.311231780508717293e+01,8.989967039138555549e+00
5.313232352100600764e+01,8.499864549625952392e+00
5.315232923692483524e+01,7.154101154279911334e+00
5.317233495284366995e+01,7.996045372429295917e+00
5.319234066876250466e+01,7.427777299358243823e+00
5.321234638468133937e+01,7.956309182442519834e+00
5.323235210060017408e+01,6.963715733770181160e+00
5.325235781651900879e+01,6.863208308390512435e+00
5.327236353243784350e+01,6.576186331052801037e+00
5.329236924835667821e+01,7.587581356045413727e+00
5.331237496427551292e+01,7.126201290361479757e+00
5.333238068019434053e+01,7.018191885340734792e+00
5.335238639611317524e+01,7.051732718489579277e+00
5.337239211203200995e+01,7.411035435058513698e+00
5.339239782795084466e+01,6.497282961436064319e+00
5.341240354386967937e+01,6.923745806061291752e+00
5.343240925978851408e+01,7.377980429408608209e+00
5.345241497570734879e+01,5.973326657915984050e+00
5.347242069162618350e+01,5.833472352013346907e+00
5.349242640754501821e+01,5.588201419037863715e+00
5.351243212346384581e+01,7.269759611831879020e+00
5.353243783938268052e+01,7.038114903974138414e+00
5.355244355530151523e+01,6.842777357839911367e+00
5.357244927122034994e+01,5.904991912390030961e+00
5.359245498713918465e+01,5.612581635992590634e+00
5.361246070305801936e+01,6.785157523346458497e+00
5.363246641897685407e+01,6.199439845730271514e+00
5.365247213489568878e+01,5.687010247211886416e+00
5.367247785081452349e+01,5.585700823927964187e+00
5.369248356673335820e+01,5.600367576528805458e+00
5.371248928265218581e+01,6.716606709762643845e+00
5.373249499857102052e+01,6.198731471178806629e+00
5.375250071448985523e+01,6.814512140000800855e+00
5.377250643040868994e+01,6.497160901670087974e+00
5.379251214632752465e+01,6.467136080741737736e+00
5.381251786224635936e+01,5.470204277221152545e+00
5.383252357816519407e+01,6.137952165783605807e+00
5.385252929408402878e+01,5.191931851027903555e+00
5.387253501000286349e+01,6.354000959225146516e+00
5.389254072592169109e+01,5.714683413483560237e+00
5.391254644184052580e+01,5.892958734132623277e+00
5.393255215775936051e+01,6.372342465639246001e+00
5.395255787367819522e+01,5.792782742122442485e+00
5.397256358959702993e+01,6.167460220650222702e+00
5.399256930551586464e+01,6.626654145250966188e+00
5.401257502143469935e+01,5.949822864768517405e+00
5.403258073735353406e+01,5.946807721744804986e+00
5.405258645327236877e+01,5.302251748644547291e+00
5.407259216919120348e+01,5.062977522334016989e+00
5.409259788511003109e+01,6.391538900041120463e+00
5.411260360102886580e+01,6.029729907100941588e+00
5.413260931694770051e+01,5.998396549799582367e+00
5.415261503286653522e+01,5.662178078727816199e+00
5.417262074878536993e+01,6.114985822495143886e+00
5.419262646470420464e+01,5.346558074878553946e+00
5.421263218062303935e+01,6.390725803106252378e+00
5.423263789654187406e+01,5.306668504582576773e+00
5.425264361246070877e+01,6.557632955328971391e+00
5.427264932837953637e+01,5.099551148584655635e+00
5.429265504429837108e+01,6.356943452456008004e+00
5.431266076021720579e+01,6.249053386410666988e+00
5.433266647613604050e+01,5.959047206223024418e+00
5.435267219205487521e+01,6.692953504636282247e+00
5.437267790797370992e+01,6.694052818610827238e+00
5.439268362389254463e+01,6.420287769510446552e+00
5.441268933981137934e+01,5.939554413718104442e+00
5.443269505573021405e+01,5.972688639643642716e+00
5.445270077164904166e+01,5.589402470733636719e+00
5.447270648756787637e+01,5.612657978616899968e+00
5.449271220348671108e+01,5.122236411678394497e+00
5.451271791940554579e+01,6.680027459671343593e+00
5.453272363532438050e+01,5.806021169529951287e+00
5.455272935124321521e+01,6.512446539624423103e+00
5.457273506716204992e+01,5.151563732296104980e+00
5.459274078308088463e+01,5.514690759161483768e+00
5.461274649899971934e+01,6.397171784527365013e+00
5.463275221491855405e+01,6.917249400525164127e+00
5.465275793083738165e+01,5.057748078419287197e+00
5.467276364675621636e+01,5.854793583075351471e+00
5.469276936267505107e+01,5.699830970865216173e+00
5.471277507859388578e+01,5.732906326788147489e+00
5.473278079451272049e+01,6.569903401356714134e+00
5.475278651043155520e+01,5.310382358593956909e+00
5.477279222635038991e+01,5.860128979248111492e+00
5.479279794226922462e+01,6.289398996245309625e+00
5.481280365818805933e+01,5.724090191046416365e+00
5.483280937410688693e+01,6.099917849541424353e+00
5.485281509002572164e+01,5.779038461001402283e+00
5.487282080594455635e+01,5.456534560425885694e+00
5.489282652186339106e+01,5.885121959137889824e+00
5.491283223778222577e+01,6.127575516861394789e+00
5.493283795370106048e+01,5.098293648686631485e+00
5.495284366961989519e+01,5.472282497728913953e+00
5.497284938553872990e+01,5.570395603630416304e+00
5.499285510145756461e+01,6.221202760105086327e+00
5.501286081737639222e+01,6.731202457970796083e+00
5.503286653329522693e+01,7.000702767479165090e+00
5.505287224921406164e+01,5.601672321683403233e+00
5.507287796513289635e+01,5.382115092274319501e+00
5.509288368105173106e+01,6.754091305368199016e+00
5.511288939697056577e+01,7.085945669415595560e+00
5.513289511288940048e+01,6.357491837980582261e+00
5.515290082880823519e+01,6.431777769919618137e+00
5.517290654472706990e+01,6.763993492125946361e+00
5.519291226064590461e+01,5.922467453115100255e+00
5.521291797656473221e+01,6.885005380844129164e+00
5.523292369248356692e+01,5.937074024477024814e+00
5.525292940840240163e+01,7.040557404372563610e+00
5.527293512432123634e+01,6.693868546884411685e+00
5.529294084024007105e+01,5.790571176791182495e+00
5.531294655615890576e+01,5.901484615097570163e+00
5.533295227207774047e+01,6.278608869348961896e+00
5.535295798799657518e+01,5.958572716240918332e+00
5.537296370391540989e+01,6.210729357197156020e+00
5.539296941983423750e+01,5.734410528462198009e+00
5.541297513575307221e+01,7.277956696587959406e+00
5.543298085167190692e+01,5.999467797689447934e+00
5.545298656759074163e+01,7.180477513638860998e+00
5.547299228350957634e+01,6.318683070571686322e+00
5.549299799942841105e+01,6.702585820107945125e+00
5.551300371534724576e+01,6.862630671490070888e+00
5.553300943126608047e+01,7.177506315909399248e+00
5.555301514718491518e+01,7.387309802786830026e+00
5.557302086310374989e+01,7.223754659609552320e+00
5.559302657902257749e+01,7.040037863844052168e+00
5.561303229494141220e+01,6.574566682532719142e+00
5.563303801086024691e+01,7.074466637593141982e+00
5.565304372677908162e+01,6.664106593128773071e+00
5.567304944269791633e+01,7.092666173319411627e+00
5.569305515861675104e+01,7.966929230764073111e+00
5.571306087453558575e+01,7.852326904767658711e+00
5.573306659045442046e+01,8.139968038924921601e+00
5.575307230637325517e+01,8.146689738675386039e+00
5.577307802229208278e+01,9.481258482457324277e+00
5.579308373821091749e+01,8.652465529788850418e+00
5.581308945412975220e+01,9.187411285628430235e+00
5.583309517004858691e+01,1.076334112168446566e+01
5.585310088596742162e+01,1.128215966957914596e+01
5.587310660188625633e+01,1.056694461150913789e+01
5.589311231780509104e+01,1.156985969352203192e+01
5.591311803372392575e+01,1.266507466099157142e+01
5.593312374964276046e+01,1.273088242684910121e+01
5.595312946556158806e+01,1.239750828923430959e+01
5.597313518148042277e+01,1.381321147492218593e+01
5.599314089739925748e+01,1.425267574453095598e+01
5.601314661331809219e+01,1.533029057445106424e+01
5.603315232923692690e+01,1.600704281679377416e+01
5.605315804515576161e+01,1.741601178438295605e+01
5.607316376107459632e+01,1.809047369682791029e+01
5.609316947699343103e+01,1.824204901002226009e+01
5.611317519291226574e+01,1.890208511296238569e+01
5.613318090883110045e+01,1.818291725734594166e+01
5.615318662474992806e+01,1.825038977578604360e+01
5.617319234066876277e+01,1.958175299418598314e+01
5.619319805658759748e+01,1.885683524277076373e+01
5.621320377250643219e+01,1.943479159108502330e+01
5.623320948842526690e+01,1.928618910522369490e+01
5.625321520434410161e+01,1.901958024678430803e+01
5.627322092026293632e+01,2.063103694085067730e+01
5.629322663618177103e+01,1.995725019362206254e+01
5.631323235210060574e+01,2.012545829394921881e+01
5.633323806801943334e+01,1.866486860914065815e+01
5.635324378393826805e+01,1.891088196825086598e+01
5.637324949985710276e+01,1.869585808222078782e+01
5.639325521577593747e+01,2.039679120418936265e+01
5.641326093169477218e+01,1.992481232123204649e+01
5.643326664761360689e+01,2.050262774800216903e+01
5.645327236353244160e+01,1.898594164073844937e+01
5.647327807945127631e+01,2.049142393949035679e+01
5.649328379537011102e+01,1.969231663374021934e+01
5.651328951128894573e+01,1.991607205009678339e+01
5.653329522720777334e+01,1.958751894716311526e+01
5.655330094312660805e+01,2.144101487455987254e+01
5.657330665904544276e+01,2.089673260193771398e+01
5.659331237496427747e+01,2.072101812421591305e+01
5.661331809088311218e+01,2.108430201325620601e+01
5.663332380680194689e+01,2.012584691056902741e+01
5.665332952272078160e+01,2.138642037398503248e+01
5.667333523863961631e+01,2.049928358172634901e+01
5.669334095455845102e+01,2.024507664632076853e+01
5.671334667047727862e+01,2.043463444462587475e+01
5.673335238639611333e+01,1.927429766565414582e+01
5.675335810231494804e+01,1.888437043833418727e+01
5.677336381823378275e+01,1.848936091315856700e+01
5.679336953415261746e+01,1.823021433630563948e+01
5.681337525007145217e+01,1.700957728442036654e+01
5.683338096599028688e+01,1.718575735548472494e+01
5.685338668190912159e+01,1.570928086211789854e+01
5.687339239782795630e+01,1.562026375613521445e+01
5.689339811374678391e+01,1.438417192625087537e+01
5.691340382966561862e+01,1.313689651211553233e+01
5.693340954558445333e+01,1.267033381961356397e+01
5.695341526150328804e+01,1.289980484790996940e+01
5.697342097742212275e+01,1.258212986634598707e+01
5.699342669334095746e+01,1.158665189171042265e+01
5.701343240925979217e+01,1.060991912785555158e+01
5.703343812517862688e+01,1.080384538051348819e+01
5.705344384109746159e+01,9.431609482701222902e+00
5.707344955701629630e+01,8.782092931111304068e+00
5.709345527293512390e+01,9.010878067971592742e+00
5.711346098885395861e+01,7.573646381535612981e+00
5.713346670477279332e+01,8.430684416967462624e+00
5.715347242069162803e+01,8.095098204492797933e+00
5.717347813661046274e+01,7.195298116318750381e+00
5.719348385252929745e+01,7.025794862676367103e+00
5.721348956844813216e+01,8.203594573679064084e+00
5.723349528436696687e+01,6.797188662903907996e+00
5.725350100028580158e+01,6.950119257653311067e+00
5.727350671620462919e+01,7.797000314323673464e+00
5.729351243212346390e+01,7.671176818197260161e+00
5.731351814804229861e+01,6.428304496555555581e+00
5.733352386396113332e+01,5.760424099409525489e+00
5.735352957987996803e+01,7.458687840996439888e+00
5.737353529579880274e+01,5.729678511844102040e+00
5.739354101171763745e+01,7.324980819366996521e+00
5.741354672763647216e+01,6.310371898296016191e+00
5.743355244355530687e+01,5.773813851024566901e+00
5.745355815947414158e+01,7.283164290295382592e+00
5.747356387539296918e+01,7.078055210977535872e+00
5.749356959131180389e+01,7.142413464397948886e+00
5.751357530723063860e+01,6.232279055021602510e+00
5.753358102314947331e+01,6.438993006144663411e+00
5.755358673906830802e+01,7.254858220930834989e+00
5.757359245498714273e+01,6.215154001659342953e+00
5.759359817090597744e+01,7.164715009611435370e+00
5.761360388682481215e+01,6.271949790809833836e+00
5.763360960274364686e+01,6.441159977372162615e+00
5.765361531866247446e+01,5.650650051090384096e+00
5.767362103458130917e+01,6.144409736894342444e+00
5.769362675050014388e+01,6.985358220002368057e+00
5.771363246641897859e+01,6.514421147994846173e+00
5.773363818233781330e+01,5.881553975166044168e+00
5.775364389825664801e+01,5.500745387991925917e+00
5.777364961417548272e+01,5.549032943593551259e+00
5.779365533009431743e+01,6.445330399325956527e+00
5.781366104601315214e+01,6.443408869712889953e+00
5.783366676193197975e+01,5.226660039349786402e+00
5.785367247785081446e+01,7.083194258685064248e+00
5.787367819376964917e+01,5.299921061802495892e+00
5.789368390968848388e+01,6.303928420612655792e+00
5.791368962560731859e+01,6.603321587641083568e+00
5.793369534152615330e+01,6.482451167824051730e+00
5.795370105744498801e+01,5.176626550057924270e+00
5.797370677336382272e+01,6.213276486151829481e+00
5.799371248928265743e+01,6.556575290816944346e+00
5.801371820520149214e+01,5.482114266345871734e+00
5.803372392112031974e+01,5.564102981157542871e+00
5.805372963703915445e+01,5.575999139345491962e+00
5.807373535295798916e+01,5.929218090985808765e+00
5.809374106887682387e+01,6.591505556282355016e+00
5.811374678479565858e+01,6.858305177670915853e+00
5.813375250071449329e+01,6.325550932181510433e+00
5.815375821663332800e+01,6.276744704698049127e+00
5.817376393255216271e+01,6.775255905854044691e+00
5.819376964847099742e+01,5.742011431778362152e+00
5.821377536438982503e+01,5.806138098964805039e+00
5.823378108030865974e+01,6.606936886003654585e+00
5.825378679622749445e+01,6.683274278628884346e+00
5.827379251214632916e+01,5.725721878307781232e+00
5.829379822806516387e+01,5.287901192008741091e+00
5.831380394398399858e+01,6.109580111715398054e+00
5.833380965990283329e+01,6.122041387687375824e+00
5.835381537582166800e+01,6.977353507775992725e+00
5.837382109174050271e+01,5.633099084797652978e+00
5.839382680765933742e+01,6.852138147521769973e+00
5.841383252357816502e+01,5.403632889223343838e+00
5.843383823949699973e+01,6.497262094502198160e+00
5.845384395541583444e+01,6.352225906768809160e+00
5.847384967133466915e+01,5.496136411313162995e+00
5.849385538725350386e+01,6.736241985456334014e+00
5.851386110317233857e+01,6.427668583661574786e+00
5.853386681909117328e+01,5.746244671966332263e+00
5.855387253501000799e+01,5.521031264983051301e+00
5.857387825092884270e+01,6.110328154067485862e+00
5.859388396684767031e+01,5.245860179076918151e+00
5.861388968276650502e+01,5.154933367132540134e+00
5.863389539868533973e+01,6.867169178534323848e+00
5.865390111460417444e+01,5.232546267818548813e+00
5.867390683052300915e+01,5.489805668715572295e+00
5.869391254644184386e+01,6.160920945099901402e+00
5.871391826236067857e+01,6.720042289622972120e+00
5.873392397827951328e+01,5.410180644814945872e+00
5.875392969419834799e+01,5.420357242122423536e+00
5.877393541011717559e+01,5.349311632222274682e+00
5.879394112603601030e+01,6.052197826951574378e+00
5.881394684195484501e+01,5.228819225370410884e+00
5.883395255787367972e+01,6.954154923947887923e+00
5.885395827379251443e+01,7.018284137529674283e+00
5.887396398971134914e+01,5.588161531610171373e+00
5.889396970563018385e+01,6.050807944913989544e+00
5.891397542154901856e+01,5.867307970072016765e+00
5.893398113746785327e+01,5.730362990920677468e+00
5.895398685338668798e+01,5.573808603950920926e+00
5.897399256930551559e+01,5.310934142697838922e+00
5.899399828522435030e+01,6.251744295775693239e+00
5.901400400114318501e+01,5.496708069068340308e+00
5.903400971706201972e+01,5.138405290852988472e+00
5.905401543298085443e+01,5.395353434965529438e+00
5.907402114889968914e+01,6.780642060225473777e+00
5.909402686481852385e+01,6.207271263711430898e+00
5.911403258073735856e+01,6.926415305136396583e+00
5.913403829665619327e+01,6.081733048671717157e+00
5.915404401257502087e+01,6.441608429206515218e+00
5.917404972849385558e+01,5.371948108928254584e+00
5.919405544441269029e+01,6.426990183090556030e+00
5.921406116033152500e+01,5.917968296040107212e+00
5.923406687625035971e+01,6.275867499712923347e+00
5.925407259216919442e+01,5.889149714433328242e+00
5.927407830808802913e+01,5.272099426033814318e+00
5.929408402400686384e+01,6.101933814088413399e+00
5.931408973992569855e+01,5.893988551711441204e+00
5.933409545584453326e+01,5.836845736154126385e+00
5.935410117176336087e+01,6.310904276058074913e+00
5.937410688768219558e+01,5.256457173043490805e+00
5.939411260360103029e+01,5.728011445713702798e+00
5.941411831951986500e+01,5.189266455800724209e+00
5.943412403543869971e+01,5.714535564486591390e+00
5.945412975135753442e+01,6.340295616815566859e+00
5.947413546727636913e+01,5.794368934934335691e+00
5.949414118319520384e+01,6.393907629608527543e+00
5.951414689911403855e+01,5.587792609515596531e+00
5.953415261503286615e+01,5.317679773999820725e+00
5.955415833095170086e+01,5.759928096351459637e+00
5.957416404687053557e+01,6.386162941095924417e+00
5.959416976278937028e+01,6.809387743440852958e+00
5.961417547870820499e+01,6.133319977894691633e+00
5.963418119462703970e+01,5.787218798904662620e+00
5.965418691054587441e+01,6.362364464638561756e+00
5.967419262646470912e+01,6.177233102876289905e+00
5.969419834238354383e+01,6.255338393327420476e+00
5.971420405830237144e+01,6.144580359615085641e+00
5.973420977422120615e+01,6.750443515308557352e+00
5.975421549014004086e+01,6.301776024011686239e+00
5.977422120605887557e+01,6.138062375355357148e+00
5.979422692197771028e+01,6.157097951053700058e+00
5.981423263789654499e+01,6.389637908547418199e+00
5.983423835381537970e+01,5.810144319241802968e+00
5.985424406973421441e+01,5.204729726046158689e+00
5.987424978565304912e+01,5.401203569582747832e+00
5.989425550157188383e+01,5.524373689668344412e+00
5.991426121749071143e+01,5.491560055520291250e+00
5.993426693340954614e+01,6.564936517380458803e+00
5.995427264932838085e+01,6.865000026299547642e+00
5.997427836524721556e+01,6.213794643356948200e+00
5.999428408116605027e+01,7.096080873546548595e+00
6.001428979708488498e+01,6.721673698428076271e+00
6.003429551300371969e+01,6.253865474838780081e+00
6.005430122892255440e+01,6.144410101444978345e+00
6.007430694484138911e+01,6.237215514287008489e+00
6.009431266076021672e+01,5.988222792571040287e+00
6.011431837667905143e+01,5.330108571996813538e+00
6.013432409259788614e+01,5.269254511109751071e+00
6.015432980851672085e+01,5.622905059277255368e+00
6.017433552443555556e+01,5.704419640504324818e+00
6.019434124035439027e+01,6.547659537607263935e+00
6.021434695627322498e+01,5.498853543067887983e+00
6.023435267219205969e+01,6.240075884371077741e+00
6.025435838811089440e+01,6.881968558693755789e+00
6.027436410402972911e+01,7.173930840519736840e+00
6.029436981994855671e+01,6.879135941780468499e+00
6.031437553586739142e+01,5.673176061128383907e+00
6.033438125178622613e+01,6.929474187547016939e+00
6.035438696770506084e+01,7.067156333428183501e+00
6.037439268362389555e+01,6.416212411505772373e+00
6.039439839954273026e+01,6.741195090502642984e+00
6.041440411546156497e+01,7.104507687216770506e+00
6.043440983138039968e+01,6.619399167407717499e+00
6.045441554729923439e+01,7.336999369753888445e+00
6.047442126321806199e+01,7.048879005621563998e+00
6.049442697913689670e+01,5.530149649291091762e+00
6.051443269505573141e+01,5.622663091583353534e+00
6.053443841097456612e+01,7.023190119321552238e+00
6.055444412689340083e+01,7.244483893205941882e+00
6.057444984281223554e+01,6.207556784309949727e+00
6.059445555873107025e+01,6.751422138751924429e+00
6.061446127464990496e+01,6.779478541338771258e+00
6.063446699056873967e+01,7.504662654810088540e+00
6.065447270648756728e+01,6.006632063485819018e+00
6.067447842240640199e+01,6.183851218636225333e+00
6.069448413832523670e+01,6.055803716490503419e+00
6.071448985424407141e+01,6.762884867279823631e+00
6.073449557016290612e+01,6.790303992511891096e+00
6.075450128608174083e+01,6.938707713576266478e+00
6.077450700200057554e+01,6.335543835951110481e+00
6.079451271791941025e+01,6.518876717071061755e+00
6.081451843383824496e+01,7.129993271647268038e+00
6.083452414975707967e+01,6.874557904731156022e+00
6.085452986567590727e+01,7.709864319862585802e+00
6.087453558159474198e+01,7.604191109785545244e+00
6.089454129751357669e+01,8.625607216661379084e+00
6.091454701343241140e+01,7.924702863543346965e+00
6.093455272935124611e+01,8.684787591054563549e+00
6.095455844527008082e+01,7.697537345616047411e+00
6.097456416118891553e+01,8.741538195099083808e+00
6.099456987710775024e+01,8.720747118301069634e+00
6.101457559302658495e+01,9.000831443157741418e+00
6.103458130894541256e+01,9.634542924540362208e+00
6.105458702486424727e+01,9.884157027260105366e+00
6.107459274078308198e+01,1.051756322983978542e+01
6.109459845670191669e+01,1.205009175300113711e+01
6.111460417262075140e+01,1.281933134258052043e+01
6.113460988853958611e+01,1.249045263868102751e+01
6.115461560445842082e+01,1.382554603938980797e+01
6.117462132037725553e+01,1.517548061893265476e+01
6.119462703629609024e+01,1.571868430034296971e+01
6.121463275221492495e+01,1.534781317954737290e+01
6.123463846813375255e+01,1.630830083362664951e+01
6.125464418405258726e+01,1.850218521462782206e+01
6.127464989997142197e+01,1.840657739097193257e+01
6.129465561589025668e+01,1.932397968134502264e+01
6.131466133180909139e+01,1.996365490016506072e+01
6.133466704772792610e+01,2.085445332156016107e+01
6.135467276364676081e+01,2.090195078781177784e+01
6.137467847956559552e+01,2.323211497830354588e+01
6.139468419548443023e+01,2.209373513746090723e+01
6.141468991140325784e+01,2.398206721245771078e+01
6.143469562732209255e+01,2.470732870500564360e+01
6.145470134324092726e+01,2.443974615500054526e+01
6.147470705915976197e+01,2.490046120815951625e+01
6.149471277507859668e+01,2.559192760390398291e+01
6.151471849099743139e+01,2.560391762978676766e+01
6.153472420691626610e+01,2.520885791012148047e+01
6.155472992283510081e+01,2.555217447984009382e+01
6.157473563875393552e+01,2.527031525272585100e+01
6.159474135467276312e+01,2.508793603565833763e+01
6.161474707059159783e+01,2.624563169260845541e+01
6.163475278651043254e+01,2.572671327181617684e+01
6.165475850242926725e+01,2.746276198096937549e+01
6.167476421834810196e+01,2.757238807339302511e+01
6.169476993426693667e+01,2.755487828086895519e+01
6.171477565018577138e+01,2.901383769952008862e+01
6.173478136610460609e+01,3.072783429335731498e+01
6.175478708202344080e+01,3.185245787305842669e+01
6.177479279794227551e+01,3.294103605229655329e+01
6.179479851386110312e+01,3.355059772950453123e+01
6.181480422977993783e+01,3.481850703225585875e+01
6.183480994569877254e+01,3.457449631014314662e+01
6.185481566161760725e+01,3.503284615167277849e+01
6.187482137753644196e+01,3.584754984118805510e+01
6.189482709345527667e+01,3.448045899684392879e+01
6.191483280937411138e+01,3.354324828932443836e+01
6.193483852529294609e+01,3.251874063615699839e+01
6.195484424121178080e+01,3.159467078440079391e+01
6.197484995713060840e+01,3.149809005599302125e+01
6.199485567304944311e+01,2.959279331347294928e+01
6.201486138896827782e+01,2.727604998446947704e+01
6.203486710488711253e+01,2.591117362410523128e+01
6.205487282080594724e+01,2.397879331028636685e+01
6.207487853672478195e+01,2.264640884984334335e+01
6.209488425264361666e+01,2.131992647495875914e+01
6.211488996856245137e+01,1.984091470151927084e+01
6.213489568448128608e+01,1.796453226638282885e+01
6.215490140040011369e+01,1.615947801628456659e+01
6.217490711631894840e+01,1.558263586770923048e+01
6.219491283223778311e+01,1.435424773937604037e+01
6.221491854815661782e+01,1.385339320898750692e+01
6.223492426407545253e+01,1.378779473182054183e+01
6.225492997999428724e+01,1.324053163236193420e+01
6.227493569591312195e+01,1.285676384678163231e+01
6.229494141183195666e+01,1.249190401355090074e+01
6.231494712775079137e+01,1.367426876927094881e+01
6.233495284366962608e+01,1.276647202326511099e+01
6.235495855958845368e+01,1.341388384480006479e+01
6.237496427550728839e+01,1.371938909729212952e+01
6.239496999142612310e+01,1.494964758956307094e+01
6.241497570734495781e+01,1.526033477152769890e+01
6.243498142326379252e+01,1.409580914570344312e+01
6.245498713918262723e+01,1.450466230902215514e+01
6.247499285510146194e+01,1.587619348942715369e+01
6.249499857102029665e+01,1.585499656719159489e+01
6.251500428693913136e+01,1.571013481705126402e+01
6.253501000285795897e+01,1.549113436896617380e+01
6.255501571877679368e+01,1.500396350009501845e+01
6.257502143469562839e+01,1.480154130064156170e+01
6.259502715061446310e+01,1.488799192201654975e+01
6.261503286653329781e+01,1.512452334659844055e+01
6.263503858245213252e+01,1.407461303645068007e+01
6.265504429837096723e+01,1.368139131666175068e+01
6.267505001428980194e+01,1.399154089482852115e+01
6.269505573020863665e+01,1.224461913571503402e+01
6.271506144612747136e+01,1.189218662262030080e+01
6.273506716204629896e+01,1.173929858870201137e+01
6.275507287796513367e+01,1.054613043984542209e+01
6.277507859388396838e+01,9.827294593897635266e+00
6.279508430980280309e+01,1.042339700593273477e+01
6.281509002572163780e+01,1.010772226629394588e+01
6.283509574164047251e+01,8.242970841113210767e+00
6.285510145755930722e+01,8.958761825373864340e+00
6.287510717347814193e+01,8.697864216079095101e+00
6.289511288939697664e+01,8.922838357775816576e+00
6.291511860531580425e+01,8.730813583815411505e+00
6.293512432123463896e+01,7.981851247582258502e+00
6.295513003715347367e+01,8.451434745478575650e+00
6.297513575307230838e+01,6.973129739413256978e+00
6.299514146899114309e+01,6.482348848421978005e+00
6.301514718490997780e+01,7.231371206447781752e+00
6.303515290082881251e+01,7.216106506593841452e+00
6.305515861674764722e+01,6.237193246467699126e+00
6.307516433266648193e+01,7.366807797163731131e+00
6.309517004858530953e+01,6.460437739933944989e+00
6.311517576450414424e+01,6.029819871729331204e+00
6.313518148042297895e+01,5.981123326355958447e+00
6.315518719634181366e+01,6.254771290168312348e+00
6.317519291226064837e+01,5.819896337040844969e+00
6.319519862817948308e+01,7.541935594768283124e+00
6.321520434409831779e+01,6.418311775810182418e+00
6.323521006001715250e+01,7.025479420812993148e+00
6.325521577593598721e+01,6.761102984296015528e+00
6.327522149185482192e+01,7.545592095901495711e+00
6.329522720777364952e+01,7.511450111888827941e+00
6.331523292369248423e+01,6.359907153914704736e+00
6.333523863961131894e+01,5.790347306014865580e+00
6.335524435553015365e+01,7.254624193659316767e+00
6.337525007144898836e+01,5.710916930677111480e+00
6.339525578736782307e+01,5.657075213351789422e+00
6.341526150328665778e+01,6.951674765982328807e+00
6.343526721920549249e+01,7.025239749785363585e+00
6.345527293512432720e+01,7.132224222866968333e+00
6.347527865104315481e+01,7.282324515090085271e+00
6.349528436696198952e+01,5.672917486676177568e+00
6.351529008288082423e+01,6.250953036817252340e+00
6.353529579879965894e+01,6.360299295471651071e+00
6.355530151471849365e+01,6.869231148785838847e+00
6.357530723063732836e+01,6.528092722797077307e+00
6.359531294655616307e+01,6.550862818185917646e+00
6.361531866247499778e+01,6.788707705414128490e+00
6.363532437839383249e+01,7.254895272550994534e+00
6.365533009431266720e+01,6.482343521947597331e+00
6.367533581023149480e+01,7.262536594863508554e+00
6.369534152615032951e+01,6.906881492021437197e+00
6.371534724206916422e+01,5.503395798988401033e+00
6.373535295798799893e+01,5.923033016010282203e+00
6.375535867390683364e+01,6.602612064219870902e+00
6.377536438982566835e+01,6.040696312344113750e+00
6.379537010574450306e+01,5.850564857568707033e+00
6.381537582166333777e+01,6.357732930179881059e+00
6.383538153758217248e+01,6.612533953271608311e+00
6.385538725350100009e+01,6.915650645784638506e+00
6.387539296941983480e+01,6.470561190356306724e+00
6.389539868533866951e+01,5.883989155808748706e+00
6.391540440125750422e+01,6.781839428608419595e+00
6.393541011717633893e+01,7.112012858766561862e+00
6.395541583309517364e+01,6.058912931223797038e+00
6.397542154901400835e+01,6.447833830794291288e+00
6.399542726493284306e+01,7.532410478208981353e+00
6.401543298085167066e+01,6.589099984405054400e+00
6.403543869677051248e+01,7.127314034469480752e+00
6.405544441268934008e+01,7.469713085796760410e+00
6.407545012860816769e+01,6.507246317894871623e+00
6.409545584452700950e+01,6.762071181382008689e+00
6.411546156044585132e+01,7.047889627258755674e+00
6.413546727636467892e+01,6.981287979520937270e+00
6.415547299228350653e+01,8.189925147982489051e+00
6.417547870820234834e+01,7.974897814709597021e+00
6.419548442412119016e+01,8.134414207744113057e+00
6.421549014004001776e+01,9.158358133321886640e+00
6.423549585595884537e+01,9.942231284026025406e+00
6.425550157187768718e+01,9.367841778094726735e+00
6.427550728779651479e+01,1.078211213214015451e+01
6.429551300371534239e+01,1.056313052805524855e+01
6.431551871963418421e+01,1.046488577204614678e+01
6.433552443555302602e+01,1.098529027241349709e+01
6.435553015147185363e+01,1.283164163483116305e+01
6.437553586739068123e+01,1.321721927011105890e+01
6.439554158330952305e+01,1.380753097506213045e+01
6.441554729922835065e+01,1.332733302641715945e+01
6.443555301514717826e+01,1.437334834202218303e+01
6.445555873106602007e+01,1.440890163392677970e+01
6.447556444698486189e+01,1.427098489112261426e+01
6.449557016290368949e+01,1.500690231372424144e+01
6.451557587882251710e+01,1.584812860717375038e+01
6.453558159474135891e+01,1.653897015655610403e+01
6.455558731066020073e+01,1.645838288845737907e+01
6.457559302657902833e+01,1.598872391403843984e+01
6.459559874249785594e+01,1.629314288922924092e+01
6.461560445841669775e+01,1.752446714483840395e+01
6.463561017433552536e+01,1.627626968882096037e+01
6.465561589025435296e+01,1.796030103497567865e+01
6.467562160617319478e+01,1.704206120696705540e+01
6.469562732209203659e+01,1.789638965649636404e+01
6.471563303801086420e+01,1.670016566331877783e+01
6.473563875392969180e+01,1.659959878845420533e+01
6.475564446984853362e+01,1.732481270422558950e+01
6.477565018576737543e+01,1.704646413867657984e+01
6.479565590168618883e+01,1.767906752218742028e+01
6.481566161760503064e+01,1.754591471637781908e+01
6.483566733352387246e+01,1.602743482906546646e+01
6.485567304944270006e+01,1.729226198368420953e+01
6.487567876536152767e+01,1.701128634788357630e+01
6.489568448128036948e+01,1.627016000398095130e+01
6.491569019719921130e+01,1.551501165175364250e+01
6.493569591311803890e+01,1.503415818044543428e+01
6.495570162903686651e+01,1.524623546078431957e+01
6.497570734495570832e+01,1.342170313856391850e+01
6.499571306087453593e+01,1.398340225730746589e+01
6.501571877679336353e+01,1.335043201108318556e+01
6.503572449271220535e+01,1.202720159863351235e+01
6.505573020863104716e+01,1.236713545502598777e+01
6.507573592454987477e+01,1.151836471785122207e+01
6.509574164046870237e+01,1.166744387566073193e+01
6.511574735638754419e+01,1.250569245149452158e+01
6.513575307230638600e+01,1.121879180510650009e+01
6.515575878822521361e+01,1.151972572433033548e+01
6.517576450414404121e+01,1.053330433438519265e+01
6.519577022006288303e+01,1.208580420098890151e+01
6.521577593598171063e+01,1.144032762867358421e+01
6.523578165190053824e+01,1.071471653177124495e+01
6.525578736781938005e+01,1.091137845994370537e+01
6.527579308373822187e+01,1.260019615003521309e+01
6.529579879965704947e+01,1.170963171463315255e+01
6.531580451557587708e+01,1.117612869740082360e+01
6.533581023149471889e+01,1.225332386349949410e+01
6.535581594741354650e+01,1.231726908492756323e+01
6.537582166333237410e+01,1.129611230370007924e+01
6.539582737925121592e+01,1.159216274671733515e+01
6.541583309517005773e+01,1.302602871819165564e+01
6.543583881108888534e+01,1.192914426159504160e+01
6.545584452700771294e+01,1.155504233968236072e+01
6.547585024292655476e+01,1.202925787226722143e+01
6.549585595884539657e+01,1.223488254723070412e+01
6.551586167476422418e+01,1.161408815442555031e+01
6.553586739068305178e+01,1.088010278645581153e+01
6.555587310660189360e+01,1.172171405413647527e+01
6.557587882252072120e+01,1.076200448592749304e+01
6.559588453843954881e+01,1.086813875800877760e+01
6.561589025435839062e+01,1.131424730478742724e+01
6.563589597027723244e+01,9.653306476887488330e+00
6.565590168619606004e+01,9.726889013531318184e+00
6.567590740211488765e+01,9.677774602215508892e+00
6.569591311803372946e+01,9.275997952318968842e+00
6.571591883395257128e+01,1.034862534494901709e+01
6.573592454987138467e+01,1.027841915931064776e+01
6.575593026579022649e+01,9.990204709662119598e+00
6.577593598170906830e+01,8.825598068763344628e+00
6.579594169762789591e+01,8.669515971996402115e+00
6.581594741354672351e+01,8.970185761320275120e+00
6.583595312946556533e+01,8.986679605877856858e+00
6.585595884538440714e+01,8.613079978475147058e+00
6.587596456130323475e+01,7.818533892566915888e+00
6.589597027722206235e+01,7.277535096792986380e+00
6.591597599314090417e+01,8.617253873879780812e+00
6.593598170905973177e+01,8.211273987223409065e+00
6.595598742497855937e+01,7.582921683171393035e+00
6.597599314089740119e+01,8.360259022832339681e+00
6.599599885681624301e+01,6.591263522631265026e+00
6.601600457273507061e+01,8.056190420725460655e+00
6.603601028865389821e+01,6.662771418636086906e+00
6.605601600457274003e+01,7.876153499831196392e+00
6.607602172049158185e+01,6.104501053995646132e+00
6.609602743641040945e+01,6.745612493641187868e+00
6.611603315232923705e+01,5.880869876171832544e+00
6.613603886824807887e+01,7.625442878154879978e+00
6.615604458416690647e+01,5.962280014527299166e+00
6.617605030008573408e+01,7.224341426588625659e+00
6.619605601600457589e+01,6.454502961034520148e+00
6.621606173192341771e+01,7.319186132197183170e+00
6.623606744784224531e+01,6.544174189478819237e+00
6.625607316376107292e+01,7.584163931381183055e+00
6.627607887967991473e+01,7.378791202762857715e+00
6.629608459559874234e+01,7.537326133760947400e+00
6.631609031151756994e+01,7.554477130468646884e+00
6.633609602743641176e+01,6.333188055487079637e+00
6.635610174335525357e+01,5.782815993721454717e+00
6.637610745927408118e+01,6.540853250788180695e+00
6.639611317519290878e+01,6.184309027124943903e+00
6.641611889111175060e+01,6.566067191258087909e+00
6.643612460703059241e+01,6.996377516210966263e+00
6.645613032294942002e+01,7.210344957815603806e+00
6.647613603886824762e+01,7.069943078984005425e+00
6.649614175478708944e+01,6.635573669059523283e+00
6.651614747070591704e+01,7.654466020128610992e+00
6.653615318662474465e+01,6.685075254483121121e+00
6.655615890254358646e+01,7.386700244921063252e+00
6.657616461846242828e+01,7.094320426768569554e+00
6.659617033438125588e+01,7.129017174148311042e+00
6.661617605030008349e+01,7.259880838320424523e+00
6.663618176621892530e+01,7.656309043561856598e+00
6.665618748213776712e+01,7.644462484215416964e+00
6.667619319805658051e+01,6.935404213041248767e+00
6.669619891397542233e+01,7.520242786568376303e+00
6.671620462989426414e+01,7.941624915608127999e+00
6.673621034581309175e+01,6.654466867637542471e+00
6.675621606173191935e+01,6.948212821606968070e+00
6.677622177765076117e+01,8.094810059478865227e+00
6.679622749356960298e+01,6.966069075975187097e+00
6.681623320948843059e+01,7.430327031816586825e+00
6.683623892540725819e+01,6.667245744006986108e+00
6.685624464132610001e+01,7.729388605253364908e+00
6.687625035724492761e+01,7.095204758793863142e+00
6.689625607316375522e+01,6.571275319843780771e+00
6.691626178908259703e+01,6.988152320621875191e+00
6.693626750500143885e+01,7.053760258828583041e+00
6.695627322092026645e+01,6.865440361440524164e+00
6.697627893683909406e+01,6.318221413919315133e+00
6.699628465275793587e+01,5.993595456605244287e+00
6.701629036867677769e+01,7.492327686807244369e+00
6.703629608459560529e+01,6.769521726584835086e+00
6.705630180051443290e+01,6.523691528512516769e+00
6.707630751643327471e+01,5.947613423233244490e+00
6.709631323235210232e+01,5.761349808803203132e+00
6.711631894827092992e+01,5.924392844216498588e+00
6.713632466418977174e+01,6.882936278198290125e+00
6.715633038010861355e+01,5.500142569689573158e+00
6.717633609602744116e+01,7.063716789935191365e+00
6.719634181194626876e+01,5.815031690713010626e+00
6.721634752786511058e+01,5.374816845585168146e+00
6.723635324378393818e+01,6.523194716168065455e+00
6.725635895970276579e+01,6.330406443101291636e+00
6.727636467562160760e+01,5.154428066666033814e+00
6.729637039154044942e+01,7.035068558245714421e+00
6.731637610745927702e+01,6.486192825425554531e+00
6.733638182337810463e+01,5.230523731883343963e+00
6.735638753929694644e+01,6.250713439616276013e+00
6.737639325521578826e+01,6.042910304869343996e+00
6.739639897113461586e+01,6.376241053871114062e+00
6.741640468705344347e+01,5.606610481748353081e+00
6.743641040297228528e+01,6.686033891124597339e+00
6.745641611889111289e+01,6.833689715709142298e+00
6.747642183480994049e+01,5.815611348744018194e+00
6.749642755072878231e+01,6.831346065075375229e+00
6.751643326664762412e+01,5.091543033007534191e+00
6.753643898256645173e+01,6.574506144078391401e+00
6.755644469848527933e+01,5.148214044763165909e+00
6.757645041440412115e+01,5.215832330863507060e+00
6.759645613032296296e+01,5.019019727111635909e+00
6.761646184624177636e+01,5.242191045318909559e+00
6.763646756216061817e+01,5.715059099323943848e+00
6.765647327807945999e+01,6.782499556845730915e+00
6.767647899399828759e+01,5.625529392102381898e+00
6.769648470991711520e+01,6.116610598026549717e+00
6.771649042583595701e+01,5.809212048967618891e+00
6.773649614175479883e+01,5.445798054653161913e+00
6.775650185767362643e+01,5.242634578393360556e+00
6.777650757359245404e+01,6.842881066975066595e+00
6.779651328951129585e+01,6.457512526361612437e+00
6.781651900543012346e+01,6.272721423123244655e+00
6.783652472134895106e+01,6.303853609567523719e+00
6.785653043726779288e+01,5.596300302223687240e+00
6.787653615318663469e+01,6.655346151651871267e+00
6.789654186910546230e+01,6.562849871283541248e+00
6.791654758502428990e+01,6.760332518181369821e+00
6.793655330094313172e+01,6.424823830894150767e+00
6.795655901686197353e+01,5.925349143712495881e+00
6.797656473278080114e+01,6.888061782871564454e+00
6.799657044869962874e+01,6.205181757721782709e+00
6.801657616461847056e+01,6.147597472094870952e+00
6.803658188053729816e+01,6.197138997399071592e+00
6.805658759645612577e+01,5.160531685140691494e+00
6.807659331237496758e+01,5.049314625801314627e+00
6.809659902829380940e+01,6.897485739653455461e+00
6.811660474421263700e+01,5.137195223860088866e+00
6.813661046013146461e+01,6.184948616704605051e+00
6.815661617605030642e+01,5.633784832013242649e+00
6.817662189196913403e+01,6.602483967926120911e+00
6.819662760788796163e+01,6.277950529228125909e+00
6.821663332380680345e+01,6.076934664607713366e+00
6.823663903972564526e+01,6.888465070459990791e+00
6.825664475564447287e+01,6.355105751157130278e+00
6.827665047156330047e+01,5.581615803759704342e+00
6.829665618748214229e+01,5.218504336948917022e+00
6.831666190340098410e+01,5.181413659096089752e+00
6.833666761931981171e+01,6.335594473125678583e+00
6.835667333523863931e+01,5.826481529008260551e+00
6.837667905115748113e+01,5.450539158039527265e+00
6.839668476707630873e+01,6.715518884328488980e+00
6.841669048299513634e+01,6.402674487848217133e+00
6.843669619891397815e+01,6.571149754605892568e+00
6.845670191483281997e+01,5.291900802064307463e+00
6.847670763075164757e+01,6.010602050734932256e+00
6.849671334667047518e+01,6.653961695952576250e+00
6.851671906258931699e+01,6.150711467033818991e+00
6.853672477850815881e+01,6.744694460772419298e+00
6.855673049442697220e+01,6.879535035466163961e+00
6.857673621034581402e+01,5.535698819796516901e+00
6.859674192626465583e+01,5.832368744280003625e+00
6.861674764218348344e+01,5.922410774814008683e+00
6.863675335810231104e+01,6.642827333240105325e+00
6.865675907402115286e+01,5.480584237208503851e+00
6.867676478993999467e+01,6.461905885456804555e+00
6.869677050585882228e+01,6.488527912312437529e+00
6.871677622177764988e+01,5.416197823848154513e+00
6.873678193769649170e+01,6.031480309605455226e+00
6.875678765361531930e+01,5.238567216549573580e+00
6.877679336953414690e+01,5.189524776366257086e+00
6.879679908545298872e+01,6.033107841933001758e+00
6.881680480137183054e+01,6.588784099534643168e+00
6.883681051729065814e+01,6.700066018133158607e+00
6.885681623320948574e+01,5.902810952550374246e+00
6.887682194912832756e+01,5.282252834538096131e+00
6.889682766504716938e+01,6.665666116843683930e+00
6.891683338096599698e+01,5.451897921041861217e+00
6.893683909688482458e+01,5.937600490589362678e+00
6.895684481280366640e+01,6.844024691642720981e+00
6.897685052872249400e+01,5.343493043239991636e+00
6.899685624464132161e+01,5.981914633292896077e+00
6.901686196056016342e+01,5.298332679693525726e+00
6.903686767647900524e+01,6.236569273048145234e+00
6.905687339239783284e+01,6.408898530628843737e+00
6.907687910831666045e+01,5.811703675637997613e+00
6.909688482423550226e+01,6.818340976186846092e+00
6.911689054015432987e+01,6.704992962836539228e+00
6.913689625607315747e+01,5.566297074125475142e+00
6.915690197199199929e+01,6.642117247269651692e+00
6.917690768791084110e+01,5.399980393169623305e+00
6.919691340382966871e+01,5.641800170351864097e+00
6.921691911974849631e+01,6.663900055291766655e+00
6.923692483566733813e+01,6.630595698940653371e+00
6.925693055158617994e+01,6.969800498447274784e+00
6.927693626750500755e+01,5.418040113524784651e+00
6.929694198342383515e+01,6.852125489055604035e+00
6.931694769934267697e+01,6.596802080368109777e+00
6.933695341526150457e+01,5.565200664874683234e+00
6.935695913118033218e+01,5.318818956383990937e+00
6.937696484709917399e+01,5.428064236540563137e+00
6.939697056301801581e+01,5.703380219191510392e+00
6.941697627893684341e+01,6.162491839087423706e+00
6.943698199485567102e+01,5.652876501629473083e+00
6.945698771077451283e+01,6.245225127719458591e+00
6.947699342669335465e+01,6.076371836912802138e+00
6.949699914261216804e+01,7.374502915595927632e+00
6.951700485853100986e+01,7.154184154847861521e+00
6.953701057444985167e+01,5.765878096119958940e+00
6.955701629036867928e+01,6.186890834479045864e+00
6.957702200628750688e+01,6.143291947466543945e+00
6.959702772220634870e+01,6.311178103980738641e+00
6.961703343812519051e+01,6.495143840601583562e+00
6.963703915404401812e+01,6.311045030713257731e+00
6.965704486996284572e+01,6.982724110537455786e+00
6.967705058588168754e+01,7.934289460158975515e+00
6.969705630180051514e+01,7.281612523091093969e+00
6.971706201771934275e+01,6.573583337226097001e+00
6.973706773363818456e+01,8.300998062118470244e+00
6.975707344955702638e+01,7.159235952864208663e+00
6.977707916547585398e+01,7.796234345177684766e+00
6.979708488139468159e+01,8.409387807607540566e+00
6.981709059731352340e+01,8.038200717525484151e+00
6.983709631323236522e+01,7.677925256699115408e+00
6.985710202915119282e+01,8.413568951376783289e+00
6.987710774507002043e+01,8.484136652995932337e+00
6.989711346098886224e+01,7.731424213865448536e+00
6.991711917690768985e+01,8.410658432260740724e+00
6.993712489282651745e+01,6.826498786291416820e+00
6.995713060874535927e+01,6.611818269919609747e+00
6.997713632466420108e+01,6.836356629669374740e+00
6.999714204058302869e+01,6.693590350984347737e+00
7.001714775650185629e+01,7.549628378949686969e+00
7.003715347242069811e+01,6.795007633062334129e+00
7.005715918833952571e+01,6.506192788267108895e+00
7.007716490425835332e+01,6.932400729175080656e+00
7.009717062017719513e+01,7.543757560409100726e+00
7.011717633609603695e+01,6.180137132528949806e+00
7.013718205201486455e+01,7.788955092194586705e+00
7.015718776793369216e+01,7.556610098705852430e+00
7.017719348385253397e+01,6.342220193770208958e+00
7.019719919977137579e+01,7.239795967733245519e+00
7.021720491569020339e+01,7.373999364350643404e+00
7.023721063160903100e+01,6.002141923573322657e+00
7.025721634752787281e+01,6.055809723409899092e+00
7.027722206344670042e+01,7.449153159318477435e+00
7.029722777936552802e+01,6.494915429396906248e+00
7.031723349528436984e+01,5.692907776674710263e+00
7.033723921120321165e+01,6.580253764994131060e+00
7.035724492712203926e+01,6.344985154081095757e+00
7.037725064304086686e+01,6.833059837490164767e+00
7.039725635895970868e+01,6.434564426550250182e+00
7.041726207487855049e+01,6.825318073716032607e+00
7.043726779079736389e+01,6.669138271440634647e+00
7.045727350671620570e+01,6.343459651833792456e+00
7.047727922263504752e+01,6.302240591901952627e+00
7.049728493855387512e+01,5.825874217638959074e+00
7.051729065447270273e+01,6.212963010687106546e+00
7.053729637039154454e+01,6.330941229371330081e+00
7.055730208631038636e+01,7.305556641170558585e+00
7.057730780222921396e+01,6.541450407298247782e+00
7.059731351814804157e+01,7.712096074292587033e+00
7.061731923406688338e+01,6.164117633127659701e+00
7.063732494998571099e+01,7.972316033950495928e+00
7.065733066590453859e+01,6.523391062508678395e+00
7.067733638182338041e+01,7.220295861373792867e+00
7.069734209774222222e+01,7.441675419832215255e+00
7.071734781366104983e+01,7.827754791899397269e+00
7.073735352957987743e+01,6.561037077788714811e+00
7.075735924549871925e+01,7.602930286429955054e+00
7.077736496141756106e+01,6.828824725819404584e+00
7.079737067733638867e+01,6.436437908373625838e+00
7.081737639325521627e+01,6.430970872621968759e+00
7.083738210917405809e+01,6.803762016249822686e+00
7.085738782509288569e+01,6.361278816221235033e+00
7.087739354101171330e+01,7.357470429325976724e+00
7.089739925693055511e+01,6.621289322474832595e+00
7.091740497284939693e+01,6.308706354867301691e+00
7.093741068876822453e+01,7.200504980729948379e+00
7.095741640468705214e+01,7.226512941280208935e+00
7.097742212060589395e+01,7.651818407028654789e+00
7.099742783652472156e+01,5.968420879514259703e+00
7.101743355244354916e+01,5.837409923490555208e+00
7.103743926836239098e+01,6.676097175082067459e+00
7.105744498428123279e+01,6.229425586358711797e+00
7.107745070020006040e+01,6.387371235428552119e+00
7.109745641611888800e+01,6.744160777996435208e+00
7.111746213203772982e+01,6.844136417871125033e+00
7.113746784795657163e+01,6.042676942101381066e+00
7.115747356387539924e+01,5.603975689116009740e+00
7.117747927979422684e+01,6.847892271300362488e+00
7.119748499571306866e+01,6.995954871230031458e+00
7.121749071163189626e+01,6.151136937514609215e+00
7.123749642755072387e+01,6.186937215439202831e+00
7.125750214346956568e+01,5.879470542902204500e+00
7.127750785938840750e+01,6.284968877375992413e+00
7.129751357530723510e+01,5.589663732808308083e+00
7.131751929122606271e+01,6.680829435734946919e+00
7.133752500714490452e+01,5.404046140209494808e+00
7.135753072306374634e+01,5.817470775793989191e+00
7.137753643898255973e+01,5.128720524250714341e+00
7.139754215490140155e+01,5.929542682222878724e+00
7.141754787082024336e+01,6.039186442898805574e+00
7.143755358673907097e+01,5.737685986999793819e+00
7.145755930265789857e+01,6.903640583518606988e+00
7.147756501857674039e+01,5.688072561165986585e+00
7.149757073449558220e+01,5.109343902256212822e+00
7.151757645041440981e+01,6.430493358496256029e+00
7.153758216633323741e+01,4.991299663188369706e+00
7.155758788225207923e+01,5.202587850065038211e+00
7.157759359817090683e+01,5.377790777153380830e+00
7.159759931408973443e+01,5.978793784944651080e+00
7.161760503000857625e+01,5.574722265381184094e+00
7.163761074592741807e+01,5.833339411992393586e+00
7.165761646184624567e+01,5.450305502088713894e+00
7.167762217776507327e+01,5.429881888918898447e+00
7.169762789368391509e+01,5.873829298713864056e+00
7.171763360960275691e+01,6.570618402879799369e+00
7.173763932552158451e+01,6.909593885485808329e+00
7.175764504144041211e+01,6.085162155345225976e+00
7.177765075735925393e+01,5.604517129747232040e+00
7.179765647327808153e+01,5.175930427434475511e+00
7.181766218919690914e+01,5.530386701904853375e+00
7.183766790511575095e+01,5.229462339429520767e+00
7.185767362103459277e+01,5.681251984331405325e+00
7.187767933695342037e+01,5.337663735760878936e+00
7.189768505287224798e+01,6.622816017354526963e+00
7.191769076879108979e+01,6.442760121531057926e+00
7.193769648470991740e+01,5.504991208465004782e+00
7.195770220062874500e+01,6.084341922509550749e+00
7.197770791654758682e+01,6.393012765603122816e+00
7.199771363246642863e+01,5.950030195814118628e+00
7.201771934838525624e+01,5.521955543326613203e+00
7.203772506430408384e+01,5.899007984755800571e+00
7.205773078022292566e+01,5.902359887600661104e+00
7.207773649614176747e+01,6.497282926113729928e+00
7.209774221206059508e+01,7.065825230063513374e+00
7.211774792797942268e+01,6.783539998297373863e+00
7.213775364389826450e+01,5.928563819921111921e+00
7.215775935981709210e+01,6.672510694334724768e+00
7.217776507573591971e+01,7.170210240361665655e+00
7.219777079165476152e+01,5.891848119392667726e+00
7.221777650757360334e+01,6.644868748326845598e+00
7.223778222349243094e+01,6.996750265134055624e+00
7.225778793941125855e+01,6.828558627952515003e+00
7.227779365533010036e+01,7.396112122000730871e+00
7.229779937124894218e+01,7.738959300718831535e+00
7.231780508716775557e+01,6.752460002768578384e+00
7.233781080308659739e+01,6.823954345778519226e+00
7.235781651900543920e+01,8.096749531940648836e+00
7.237782223492426681e+01,7.280806942402189286e+00
7.239782795084309441e+01,8.103993389790575819e+00
7.241783366676193623e+01,6.658724835456975022e+00
7.243783938268077804e+01,7.293415016444625643e+00
7.245784509859960565e+01,6.991636056100244190e+00
7.247785081451843325e+01,7.615686233427132024e+00
7.249785653043727507e+01,8.082803718263129156e+00
7.251786224635610267e+01,7.171235666627361560e+00
7.253786796227493028e+01,8.840604188129615792e+00
7.255787367819377209e+01,8.550219981393984980e+00
7.257787939411261391e+01,7.837200506762932228e+00
7.259788511003144151e+01,8.273186472613017983e+00
7.261789082595026912e+01,8.057439592048455168e+00
7.263789654186911093e+01,9.515408158198415123e+00
7.265790225778795275e+01,7.960881483485522381e+00
7.267790797370678035e+01,8.996972757551793265e+00
7.269791368962560796e+01,8.198267385393224416e+00
7.271791940554444977e+01,9.609021453879270425e+00
7.273792512146327738e+01,9.675455409563809894e+00
7.275793083738210498e+01,8.337512256322115789e+00
7.277793655330094680e+01,8.671696455798926451e+00
7.279794226921978861e+01,8.378115175123499014e+00
7.281794798513861622e+01,7.851279905727211350e+00
7.283795370105744382e+01,9.326817889094009217e+00
7.285795941697628564e+01,7.883563741206858211e+00
7.287796513289511324e+01,7.702918788164003772e+00
7.289797084881394085e+01,9.286002234167826330e+00
7.291797656473278266e+01,7.912328765251547047e+00
7.293798228065162448e+01,8.682671285369607972e+00
7.295798799657045208e+01,8.065433134037281349e+00
7.297799371248927969e+01,8.740240227961662001e+00
7.299799942840812150e+01,7.570753579213666207e+00
7.301800514432696332e+01,8.571834545512134085e+00
7.303801086024579092e+01,7.698313551066995331e+00
7.305801657616461853e+01,8.992790370518733312e+00
7.307802229208346034e+01,7.571089546911013102e+00
7.309802800800228795e+01,7.585992687762314723e+00
7.311803372392111555e+01,7.570636025757426779e+00
7.313803943983995737e+01,7.856108203434578385e+00
7.315804515575879918e+01,8.310998309957609465e+00
7.317805087167762679e+01,8.492118864668473321e+00
7.319805658759645439e+01,7.243367707775807851e+00
7.321806230351529621e+01,7.562111764677493575e+00
7.323806801943413802e+01,8.384168403032353112e+00
7.325807373535295142e+01,7.706910426244365730e+00
7.327807945127179323e+01,6.923252669501170686e+00
7.329808516719063505e+01,7.847278819754015089e+00
7.331809088310946265e+01,8.311829697835284136e+00
7.333809659902829026e+01,7.542947520913137360e+00
7.335810231494713207e+01,7.303832646090983260e+00
7.337810803086597389e+01,7.572242740393004823e+00
7.339811374678480149e+01,6.791627893037491148e+00
7.341811946270362910e+01,8.099532384755061543e+00
7.343812517862247091e+01,7.426979577116865627e+00
7.345813089454129852e+01,6.992558287499790914e+00
7.347813661046012612e+01,6.926278788732599168e+00
7.349814232637896794e+01,8.225742643686539068e+00
7.351814804229780975e+01,6.815951127427537060e+00
7.353815375821663736e+01,8.425393168412041334e+00
7.355815947413546496e+01,8.039746551538744512e+00
7.357816519005430678e+01,7.407346188832804046e+00
7.359817090597314859e+01,7.818661448952544113e+00
7.361817662189197620e+01,8.173647305666406737e+00
7.363818233781080380e+01,7.439049020002155288e+00
7.365818805372964562e+01,7.315877551769801812e+00
7.367819376964847322e+01,6.953460338801634499e+00
7.369819948556730083e+01,6.551409769385972304e+00
7.371820520148614264e+01,7.717850607887574377e+00
7.373821091740498446e+01,6.103099059915132685e+00
7.375821663332381206e+01,7.523098391809597274e+00
7.377822234924263967e+01,6.956407563030012398e+00
7.379822806516148148e+01,6.755782284005221072e+00
7.381823378108030909e+01,7.013255659539875175e+00
7.383823949699913669e+01,6.260948291575661351e+00
7.385824521291797851e+01,6.261410845646889101e+00
7.387825092883682032e+01,6.399361975852052353e+00
7.389825664475564793e+01,7.158393220243712385e+00
7.391826236067447553e+01,6.389067534212207633e+00
7.393826807659331735e+01,6.776765401209546624e+00
7.395827379251215916e+01,5.694004437626182025e+00
7.397827950843098677e+01,6.480750615909093959e+00
7.399828522434981437e+01,7.300924074009925491e+00
7.401829094026865619e+01,6.301750098787413989e+00
7.403829665618748379e+01,5.464578916392964558e+00
7.405830237210632561e+01,5.701474248766669639e+00
7.407830808802515321e+01,6.961000567970138775e+00
7.409831380394398082e+01,5.389909905269883339e+00
7.411831951986282263e+01,6.968746178568924421e+00
7.413832523578165024e+01,5.865816000631440374e+00
7.415833095170049205e+01,6.663910054398504812e+00
7.417833666761931966e+01,6.900142784078852287e+00
7.419834238353816147e+01,5.504913645977937087e+00
7.421834809945698908e+01,5.451970513852952394e+00
7.423835381537583089e+01,6.593736425376762966e+00
7.425835953129465850e+01,5.508544010479329955e+00
7.427836524721348610e+01,6.356556982727988192e+00
7.429837096313232792e+01,6.356044513312050448e+00
7.431837667905115552e+01,5.534598152885513045e+00
7.433838239496999734e+01,5.507410787879421399e+00
7.435838811088882494e+01,6.010307229067767487e+00
7.437839382680766676e+01,6.270540767653753456e+00
7.439839954272649436e+01,6.294367350489432411e+00
7.441840525864533618e+01,5.784227642409409675e+00
7.443841097456416378e+01,6.939246854852602731e+00
7.445841669048300560e+01,6.920897963914349305e+00
7.447842240640183320e+01,5.839637469801843395e+00
7.449842812232066080e+01,6.648972139727974628e+00
7.451843383823950262e+01,6.187173007282710024e+00
7.453843955415833022e+01,6.759166221972651378e+00
7.455844527007717204e+01,5.488911475391119232e+00
7.457845098599599964e+01,6.998144488732833679e+00
7.459845670191484146e+01,5.853758960888535867e+00
7.461846241783366906e+01,7.355233048091030845e+00
7.463846813375251088e+01,5.612235490374006375e+00
7.465847384967133848e+01,5.716542465580031873e+00
7.467847956559016609e+01,5.966001041801576754e+00
7.469848528150900790e+01,6.199847197420838008e+00
7.471849099742783551e+01,6.904231872328783659e+00
7.473849671334667732e+01,5.770753318321944825e+00
7.475850242926550493e+01,5.958029726649614943e+00
7.477850814518434674e+01,5.878522646818312936e+00
7.479851386110317435e+01,7.326614423134038212e+00
7.481851957702201616e+01,5.581844354139131603e+00
7.483852529294084377e+01,6.006666930359441992e+00
7.485853100885967137e+01,7.099195366501554361e+00
7.487853672477851319e+01,6.323149355715492526e+00
7.489854244069734079e+01,7.003374939288706358e+00
7.491854815661618261e+01,5.944956668864996630e+00
7.493855387253501021e+01,5.432421600757230351e+00
7.495855958845385203e+01,5.537572230085306302e+00
7.497856530437267963e+01,5.835612295773943359e+00
7.499857102029152145e+01,6.703034765743783652e+00
7.501857673621034905e+01,6.121460612828623304e+00
7.503858245212917666e+01,5.292943038247223342e+00
7.505858816804801847e+01,5.831502866308388100e+00
7.507859388396684608e+01,6.908570236591743630e+00
7.509859959988568789e+01,5.252296414278894154e+00
7.511860531580451550e+01,5.613663949898721306e+00
7.513861103172335731e+01,6.124435627600119503e+00
7.515861674764218492e+01,6.736591558451323181e+00
7.517862246356102673e+01,6.129950759039119568e+00
7.519862817947985434e+01,5.706654724719826710e+00
7.521863389539868194e+01,6.578784663885411277e+00
7.523863961131752376e+01,6.891354158486455717e+00
7.525864532723635136e+01,6.517024397574049388e+00
7.527865104315519318e+01,5.608617405374684672e+00
7.529865675907402078e+01,5.031281358631377820e+00
7.531866247499286260e+01,6.071967737999587555e+00
7.533866819091169020e+01,5.398589599744029854e+00
7.535867390683053202e+01,5.752625202965218065e+00
7.537867962274935962e+01,5.393773069775245510e+00
7.539868533866820144e+01,5.728130920606699483e+00
7.541869105458702904e+01,6.294749585395622127e+00
7.543869677050585665e+01,5.603915979510881940e+00
7.545870248642469846e+01,5.579392044785290494e+00
7.547870820234352607e+01,5.185426208062698272e+00
7.549871391826236788e+01,6.466887221928564244e+00
7.551871963418119549e+01,5.640638633915561861e+00
7.553872535010003730e+01,5.368321067711016248e+00
7.555873106601886491e+01,5.054805429839118958e+00
7.557873678193770672e+01,6.484060890955601231e+00
7.559874249785653433e+01,5.182674727312952534e+00
7.561874821377536193e+01,6.040702149269775667e+00
7.563875392969420375e+01,5.645323214615149077e+00
7.565875964561303135e+01,6.175914255016193621e+00
7.567876536153187317e+01,5.207199284014251361e+00
7.569877107745070077e+01,6.172355109061478551e+00
7.571877679336954259e+01,5.094881677841732071e+00
7.573878250928837019e+01,6.575008618219061240e+00
7.575878822520721201e+01,5.195997764240358308e+00
7.577879394112603961e+01,5.932742103981140325e+00
7.579879965704486722e+01,5.967815833745060417e+00
7.581880537296370903e+01,5.363960186624529669e+00
7.583881108888253664e+01,6.108404472265953622e+00
7.585881680480137845e+01,5.982950294039660832e+00
7.587882252072020606e+01,6.682937552702777673e+00
7.589882823663904787e+01,6.819604373604931880e+00
7.591883395255787548e+01,5.394471554845441830e+00
7.593883966847671729e+01,6.532770889854523588e+00
7.595884538439554490e+01,5.841710184748529322e+00
7.597885110031437250e+01,5.052659913012218951e+00
7.599885681623321432e+01,5.470572690914315750e+00
7.601886253215204192e+01,6.754862506370897357e+00
7.603886824807088374e+01,6.060398496004111735e+00
7.605887396398971134e+01,5.727277586554879285e+00
7.607887967990855316e+01,6.111222858417692194e+00
7.609888539582738076e+01,5.378720014091897816e+00
7.611889111174622258e+01,6.791690252981532616e+00
7.613889682766505018e+01,5.782014194021310338e+00
7.615890254358387779e+01,6.170291806442913085e+00
7.617890825950271960e+01,5.459799445508526361e+00
7.619891397542154721e+01,5.484539101364299896e+00
7.621891969134038902e+01,6.709160718943143920e+00
7.623892540725921663e+01,5.648587152681990631e+00
7.625893112317805844e+01,6.818688847675306697e+00
7.627893683909688605e+01,6.087769534400885085e+00
7.629894255501572786e+01,5.340000363286860008e+00
7.631894827093455547e+01,6.643457552358204232e+00
7.633895398685339728e+01,5.383413797398413969e+00
7.635895970277222489e+01,6.120738702958971267e+00
7.637896541869105249e+01,5.629891835240906417e+00
7.639897113460989431e+01,6.508261455509054549e+00
7.641897685052872191e+01,6.663325431618924100e+00
7.643898256644756373e+01,5.743969979554917060e+00
7.645898828236639133e+01,6.476591841009128991e+00
7.647899399828523315e+01,5.107856671655776282e+00
7.649899971420406075e+01,5.973317765773656696e+00
7.651900543012290257e+01,6.191022960763122640e+00
7.653901114604173017e+01,5.617162658417859333e+00
7.655901686196055778e+01,6.136106719309264435e+00
7.657902257787939959e+01,5.322504783923687199e+00
7.659902829379822720e+01,5.525421887705180168e+00
7.661903400971706901e+01,5.798054253424179905e+00
7.663903972563589662e+01,5.925426074818407329e+00
7.665904544155473843e+01,5.584973448529587436e+00
7.667905115747356604e+01,5.894109989271973937e+00
7.669905687339240785e+01,6.800614581392354197e+00
7.671906258931123546e+01,5.170597233495898060e+00
7.673906830523006306e+01,5.296551995793386425e+00
7.675907402114890488e+01,5.415945754538594059e+00
7.677907973706773248e+01,5.541161279823024977e+00
7.679908545298657430e+01,6.510842262873969055e+00
7.681909116890540190e+01,5.761452964840078295e+00
7.683909688482424372e+01,6.238361895966268555e+00
7.685910260074307132e+01,6.735007472173178300e+00
7.687910831666191314e+01,5.208259575270937525e+00
7.689911403258074074e+01,6.167729766350118048e+00
7.691911974849956835e+01,5.616388014496667580e+00
7.693912546441841016e+01,6.743952204946122464e+00
7.695913118033723777e+01,6.031474098873832901e+00
7.697913689625607958e+01,7.118196494547786912e+00
7.699914261217490719e+01,6.050996843813367221e+00
7.701914832809374900e+01,7.389943900734630589e+00
7.703915404401257661e+01,6.118339310262157049e+00
7.705915975993141842e+01,6.807879373363544317e+00
7.707916547585024603e+01,7.834273435555138221e+00
7.709917119176907363e+01,7.590962658932927987e+00
7.711917690768791545e+01,7.563215353798900864e+00
7.713918262360674305e+01,8.020991708524491060e+00
7.715918833952558487e+01,7.177958134839776960e+00
7.717919405544441247e+01,7.197666904572460389e+00
7.719919977136325429e+01,7.655665059113964332e+00
7.721920548728208189e+01,8.438590717519645068e+00
7.723921120320092371e+01,7.508033676489509922e+00
7.725921691911975131e+01,7.603067183545664243e+00
7.727922263503859313e+01,8.224185888468605654e+00
7.729922835095742073e+01,9.320401172172887883e+00
7.731923406687624833e+01,9.129793846236797350e+00
7.733923978279509015e+01,9.164522318386774558e+00
7.735924549871391775e+01,8.840389193752917762e+00
7.737925121463275957e+01,9.212183487089621536e+00
7.739925693055158717e+01,9.178217428270574629e+00
7.741926264647042899e+01,8.784554800829051047e+00
7.743926836238925659e+01,8.212500095954625934e+00
7.745927407830809841e+01,9.231707190711986755e+00
7.747927979422692601e+01,8.270340845873061397e+00
7.749928551014575362e+01,8.913214605517802980e+00
7.751929122606459543e+01,9.198096490825976801e+00
7.753929694198342304e+01,9.179152143775434425e+00
7.755930265790226485e+01,8.740960129658068567e+00
7.757930837382109246e+01,9.010571703715836378e+00
7.759931408973993427e+01,9.305379841406113073e+00
7.761931980565876188e+01,9.870634223739880753e+00
7.763932552157760369e+01,9.525807557006842785e+00
7.765933123749643130e+01,9.647278109597296591e+00
7.767933695341525890e+01,9.387799471667841900e+00
7.769934266933410072e+01,9.820624380180799307e+00
7.771934838525292832e+01,8.037047094691219584e+00
7.773935410117177014e+01,8.725541794127364525e+00
7.775935981709059774e+01,8.189356124110279467e+00
7.777936553300943956e+01,8.479169712600430842e+00
7.779937124892826716e+01,7.638546002356599196e+00
7.781937696484710898e+01,7.071530421570526137e+00
7.783938268076593658e+01,7.333242277412652221e+00
7.785938839668476419e+01,7.287882737484743245e+00
7.787939411260360600e+01,6.761925793883477809e+00
7.789939982852243361e+01,7.413846877563909921e+00
7.791940554444127542e+01,7.863239258151279110e+00
7.793941126036010303e+01,6.789635109020847992e+00
7.795941697627894484e+01,6.007826219641869692e+00
7.797942269219777245e+01,7.240832833923636080e+00
7.799942840811661426e+01,6.593458021310516060e+00
7.801943412403544187e+01,5.882907436093174347e+00
7.803943983995426947e+01,5.748409167295807976e+00
7.805944555587311129e+01,5.970933570566195669e+00
7.807945127179193889e+01,7.171275135668119916e+00
7.809945698771078071e+01,6.188029374560815477e+00
7.811946270362960831e+01,6.863426396569622945e+00
7.813946841954845013e+01,6.811757137900376513e+00
7.815947413546727773e+01,7.146208622630823015e+00
7.817947985138611955e+01,6.534786598705007776e+00
7.819948556730494715e+01,7.801341072675509913e+00
7.821949128322378897e+01,6.510986982375204235e+00
7.823949699914261657e+01,6.432242981909483071e+00
7.825950271506144418e+01,7.039415530544153476e+00
7.827950843098028599e+01,6.962568365189917508e+00
7.829951414689911360e+01,6.732287073702522662e+00
7.831951986281795541e+01,8.576827779305890687e+00
7.833952557873678302e+01,8.058950801074875159e+00
7.835953129465562483e+01,8.653125312956118975e+00
7.837953701057445244e+01,8.506465063961188733e+00
7.839954272649329425e+01,9.300046322179774450e+00
7.841954844241212186e+01,8.415953556255754364e+00
7.843955415833094946e+01,8.861166224122069224e+00
7.845955987424979128e+01,9.173381106849587852e+00
7.847956559016861888e+01,8.954620525023557320e+00
7.849957130608746070e+01,9.416053366928309742e+00
7.851957702200628830e+01,9.463372985588085484e+00
7.853958273792513012e+01,8.863249811567799341e+00
7.855958845384395772e+01,8.461443896040846013e+00
7.857959416976279954e+01,9.061678537498455199e+00
7.859959988568162714e+01,9.342056973729105707e+00
7.861960560160045475e+01,8.379422279532885653e+00
7.863961131751929656e+01,9.685468519171855917e+00
7.865961703343812417e+01,9.086755775748223130e+00
7.867962274935696598e+01,9.449826334290641228e+00
7.869962846527579359e+01,8.974663988175050733e+00
7.871963418119463540e+01,8.248597872499162875e+00
7.873963989711346301e+01,8.323674002396604266e+00
7.875964561303230482e+01,8.714429634713441786e+00
7.877965132895113243e+01,8.829102396262518582e+00
7.879965704486996003e+01,9.685484277433504374e+00
7.881966276078880185e+01,9.383709192609945404e+00
7.883966847670762945e+01,9.530969536102118056e+00
7.885967419262647127e+01,9.350221527573415514e+00
7.887967990854529887e+01,8.414658788291077940e+00
7.889968562446414069e+01,9.100856000340867169e+00
7.891969134038296829e+01,8.438845342767180568e+00
7.893969705630181011e+01,7.530542914242111863e+00
7.895970277222063771e+01,8.463409960212041838e+00
7.897970848813946532e+01,7.637298612367552586e+00
7.899971420405830713e+01,6.723232197606104243e+00
7.901971991997713474e+01,6.552371996387573283e+00
7.903972563589597655e+01,7.130279094938575035e+00
7.905973135181480416e+01,7.398016410217030270e+00
7.907973706773364597e+01,7.017457933894125865e+00
7.909974278365247358e+01,7.222359255014561441e+00
7.911974849957131539e+01,5.736576332333197747e+00
7.913975421549014300e+01,7.029920266511759941e+00
7.915975993140898481e+01,6.265691901313738654e+00
7.917976564732781242e+01,6.021119801053598231e+00
7.919977136324664002e+01,7.060823277414609578e+00
7.921977707916548184e+01,5.983730172866317254e+00
7.923978279508430944e+01,6.055424561861618926e+00
7.925978851100315126e+01,6.474127377384962578e+00
7.927979422692197886e+01,5.455202305686448483e+00
7.929979994284082068e+01,6.874337781091578670e+00
7.931980565875964828e+01,6.765502928277892458e+00
7.933981137467849010e+01,6.079727881195423400e+00
7.935981709059731770e+01,5.359560112022494494e+00
7.937982280651614531e+01,5.118771072952672974e+00
7.939982852243498712e+01,6.105153060323261549e+00
7.941983423835381473e+01,5.246783797710601327e+00
7.943983995427265654e+01,6.318763064424535614e+00
7.945984567019148415e+01,5.273287623839721050e+00
7.947985138611032596e+01,5.256823972095069131e+00
7.949985710202915357e+01,5.347606478957200871e+00
7.951986281794799538e+01,5.275066914558524722e+00
7.953986853386682299e+01,5.810488615271866664e+00
7.955987424978565059e+01,6.374090131525358416e+00
7.957987996570449241e+01,5.590341419001963352e+00
7.959988568162332001e+01,6.593351976477016763e+00
7.961989139754216183e+01,6.406663825819110869e+00
7.963989711346098943e+01,6.438400129927559945e+00
7.965990282937983125e+01,5.806016106193267134e+00
7.967990854529865885e+01,6.628862900594905128e+00
7.969991426121750067e+01,6.058631819821370001e+00
7.971991997713632827e+01,5.384815501936461857e+00
7.973992569305515588e+01,5.005424297825686430e+00
7.975993140897399769e+01,6.254304093045881530e+00
7.977993712489282530e+01,6.125036833777328660e+00
7.979994284081166711e+01,6.458300285956609876e+00
7.981994855673049472e+01,6.744706279761483181e+00
7.983995427264933653e+01,5.620765329541382194e+00
7.985995998856816414e+01,6.415219167270223011e+00
7.987996570448700595e+01,5.138125030354537159e+00
7.989997142040583356e+01,5.149840342583318353e+00
7.991997713632466116e+01,6.464171935848033179e+00
7.993998285224350298e+01,5.732755166064465335e+00
7.995998856816233058e+01,6.078341353934403557e+00
7.997999428408117240e+01,5.520323653590232915e+00
8.000000000000000000e+01,5.726120497942152276e+00
