angle,intensity
1.000000000000000000e+01,6.556009902609356566e+00
1.002000571591883471e+01,6.045332058294555111e+00
1.004001143183766764e+01,5.898511861269930989e+00
1.006001714775650235e+01,5.827818595580865235e+00
1.008002286367533529e+01,6.423262685765240398e+00
1.010002857959417000e+01,5.936991759920372758e+00
1.012003429551300293e+01,6.109831272929751478e+00
1.014004001143183764e+01,6.069959651202337270e+00
1.016004572735067235e+01,6.433944874671463587e+00
1.018005144326950528e+01,6.512675399234876039e+00
1.020005715918833999e+01,5.220037757469127015e+00
1.022006287510717293e+01,5.518790429823734911e+00
1.024006859102600764e+01,5.743997425392112888e+00
1.026007430694484057e+01,5.467485389836022946e+00
1.028008002286367528e+01,5.786411699460897395e+00
1.030008573878250999e+01,6.025021282846026338e+00
1.032009145470134293e+01,5.906322130926355385e+00
1.034009717062017764e+01,5.228385195353091319e+00
1.036010288653901057e+01,5.426213878606902519e+00
1.038010860245784528e+01,5.983939588650953212e+00
1.040011431837667999e+01,6.109108278945567960e+00
1.042012003429551292e+01,5.745361098847759251e+00
1.044012575021434763e+01,5.777633372019959523e+00
1.046013146613318057e+01,5.794774565490321550e+00
1.048013718205201528e+01,5.485254674531961250e+00
1.050014289797084821e+01,5.705657050832288135e+00
1.052014861388968292e+01,5.467572322955538411e+00
1.054015432980851585e+01,5.720290043303444705e+00
1.056016004572735056e+01,5.732425024776846456e+00
1.058016576164618527e+01,5.615613948507124142e+00
1.060017147756501821e+01,5.638825649677908558e+00
1.062017719348385292e+01,5.955256275457990967e+00
1.064018290940268585e+01,6.436736745698409479e+00
1.066018862532152056e+01,5.311752009357222803e+00
1.068019434124035527e+01,5.575540022357815317e+00
1.070020005715918820e+01,5.981013449955139727e+00
1.072020577307802292e+01,5.822594858431641818e+00
1.074021148899685585e+01,5.025734227449994762e+00
1.076021720491569056e+01,5.465197739387843257e+00
1.078022292083452349e+01,5.299875655246365724e+00
1.080022863675335820e+01,5.589092724066077267e+00
1.082023435267219291e+01,5.667030811896243137e+00
1.084024006859102585e+01,5.994058598383587011e+00
1.086024578450986056e+01,5.713374697027193250e+00
1.088025150042869349e+01,4.886351498364428281e+00
1.090025721634752820e+01,5.300303007982497761e+00
1.092026293226636113e+01,5.273315646166631510e+00
1.094026864818519584e+01,5.416718845130045423e+00
1.096027436410403055e+01,5.532937850194636908e+00
1.098028008002286349e+01,5.431681044117853574e+00
1.100028579594169820e+01,5.214102954494613584e+00
1.102029151186053113e+01,4.650490718793951928e+00
1.104029722777936584e+01,5.815374176487736690e+00
1.106030294369819877e+01,5.780788394071208813e+00
1.108030865961703348e+01,5.666007804828057104e+00
1.110031437553586819e+01,5.393242638701936542e+00
1.112032009145470113e+01,6.280129864126308803e+00
1.114032580737353584e+01,5.110882326279329035e+00
1.116033152329236877e+01,4.756483982287811330e+00
1.118033723921120348e+01,5.231052026261449051e+00
1.120034295513003642e+01,6.013325055366144589e+00
1.122034867104887113e+01,4.933233717331074075e+00
1.124035438696770584e+01,5.396437526123543549e+00
1.126036010288653877e+01,5.353821255885023334e+00
1.128036581880537348e+01,5.783777883788185470e+00
1.130037153472420641e+01,5.624769076288448133e+00
1.132037725064304112e+01,4.665295015371087040e+00
1.134038296656187583e+01,6.129240429076817875e+00
1.136038868248070877e+01,4.855492154067261978e+00
1.138039439839954348e+01,5.980372390644305369e+00
1.140040011431837641e+01,5.988185005234404557e+00
1.142040583023721112e+01,5.489007442282861859e+00
1.144041154615604405e+01,5.217463267893883483e+00
1.146041726207487876e+01,5.313211475702377840e+00
1.148042297799371170e+01,5.784302478685235727e+00
1.150042869391254641e+01,5.989390248397661765e+00
1.152043440983138112e+01,5.509439929560869587e+00
1.154044012575021405e+01,5.781181432552571664e+00
1.156044584166904876e+01,5.441310528129336355e+00
1.158045155758788169e+01,6.207929281150908807e+00
1.160045727350671640e+01,4.854190412572815916e+00
1.162046298942555111e+01,5.288050924930441710e+00
1.164046870534438405e+01,5.460920995041591119e+00
1.166047442126321876e+01,5.145569186013712049e+00
1.168048013718205169e+01,5.058758428465125689e+00
1.170048585310088640e+01,5.394944785807050280e+00
1.172049156901971934e+01,5.530930565318948666e+00
1.174049728493855405e+01,5.842127610736588039e+00
1.176050300085738698e+01,5.775374305000901209e+00
1.178050871677622169e+01,5.067518707227858243e+00
1.180051443269505640e+01,5.385507445238170376e+00
1.182052014861388933e+01,6.007352849200525924e+00
1.184052586453272404e+01,5.008338424566689540e+00
1.186053158045155698e+01,5.624635906386154183e+00
1.188053729637039169e+01,5.931842490960681502e+00
1.190054301228922640e+01,5.791959477368809672e+00
1.192054872820805933e+01,5.276373963012899182e+00
1.194055444412689404e+01,5.701007239540334837e+00
1.196056016004572697e+01,6.151549382308688863e+00
1.198056587596456168e+01,5.225977811447153343e+00
1.200057159188339639e+01,4.815753417643962031e+00
1.202057730780222933e+01,4.954635369545778545e+00
1.204058302372106226e+01,5.776919235638005468e+00
1.206058873963989697e+01,5.021900904970213020e+00
1.208059445555873168e+01,5.688786425014598080e+00
1.210060017147756461e+01,5.204619068328109499e+00
1.212060588739639932e+01,4.867481159639179822e+00
1.214061160331523226e+01,5.280651195705395651e+00
1.216061731923406697e+01,5.181505401527276788e+00
1.218062303515290168e+01,4.864840532204151025e+00
1.220062875107173461e+01,4.376869451046141002e+00
1.222063446699056932e+01,4.853799526373171247e+00
1.224064018290940226e+01,5.144633245245833209e+00
1.226064589882823697e+01,4.498743697360218619e+00
1.228065161474707168e+01,5.090280014593299818e+00
1.230065733066590461e+01,5.199463670666662374e+00
1.232066304658473754e+01,5.164711161350318491e+00
1.234066876250357225e+01,5.753377292385369657e+00
1.236067447842240696e+01,5.397515737223271159e+00
1.238068019434123990e+01,5.826992993403921517e+00
1.240068591026007461e+01,5.608499891416680150e+00
1.242069162617890754e+01,5.146093620741687857e+00
1.244069734209774225e+01,5.493828252844734195e+00
1.246070305801657696e+01,5.739449334618630161e+00
1.248070877393540989e+01,5.386496485133941192e+00
1.250071448985424460e+01,4.593853430199489551e+00
1.252072020577307754e+01,5.877768232824614358e+00
1.254072592169191225e+01,4.927229497159815175e+00
1.256073163761074696e+01,4.291582525580240670e+00
1.258073735352957989e+01,4.428798085073996305e+00
1.260074306944841460e+01,5.088293444244367691e+00
1.262074878536724754e+01,4.466403294452470973e+00
1.264075450128608225e+01,5.752804066095983160e+00
1.266076021720491518e+01,5.028244917348414944e+00
1.268076593312374989e+01,5.055719698344208979e+00
1.270077164904258282e+01,4.516708576655630303e+00
1.272077736496141753e+01,4.743819623855463519e+00
1.274078308088025224e+01,4.855640901442797031e+00
1.276078879679908518e+01,5.030721305851711733e+00
1.278079451271791989e+01,4.132930917502408263e+00
1.280080022863675282e+01,5.020424501269425299e+00
1.282080594455558753e+01,5.060798248798992205e+00
1.284081166047442224e+01,4.909503513866557256e+00
1.286081737639325517e+01,4.726290929164187915e+00
1.288082309231208988e+01,5.234323330043464395e+00
1.290082880823092282e+01,5.611881521119396865e+00
1.292083452414975753e+01,4.683106391663312884e+00
1.294084024006859224e+01,5.576303608610500007e+00
1.296084595598742517e+01,4.287634764920121633e+00
1.298085167190625810e+01,5.305255402177186497e+00
1.300085738782509281e+01,4.473930644655684574e+00
1.302086310374392752e+01,5.144928963373843089e+00
1.304086881966276046e+01,4.631478120044046243e+00
1.306087453558159517e+01,4.286495847047460117e+00
1.308088025150042810e+01,4.218303431859203201e+00
1.310088596741926281e+01,4.644599411884071216e+00
1.312089168333809752e+01,4.580448109054101380e+00
1.314089739925693046e+01,5.366659927045472678e+00
1.316090311517576517e+01,5.224970859353827990e+00
1.318090883109459810e+01,5.390784115681777067e+00
1.320091454701343281e+01,4.732972530166525971e+00
1.322092026293226752e+01,4.659732174920862668e+00
1.324092597885110045e+01,4.662626065029014555e+00
1.326093169476993339e+01,4.526276335129879591e+00
1.328093741068876810e+01,5.484925643862112565e+00
1.330094312660760281e+01,4.719182220896972701e+00
1.332094884252643574e+01,4.724580839998830939e+00
1.334095455844527045e+01,4.912578513643472533e+00
1.336096027436410338e+01,5.226927254029657632e+00
1.338096599028293809e+01,4.863156527649113769e+00
1.340097170620177280e+01,4.799686773313327492e+00
1.342097742212060574e+01,4.710293822024468113e+00
1.344098313803944045e+01,4.626017202735459577e+00
1.346098885395827338e+01,4.765324520153155774e+00
1.348099456987710809e+01,5.185465464491783472e+00
1.350100028579594280e+01,4.117614794749588469e+00
1.352100600171477573e+01,5.347131769053012462e+00
1.354101171763361044e+01,4.488874694183264680e+00
1.356101743355244338e+01,3.939473750284463449e+00
1.358102314947127809e+01,4.060551275245371627e+00
1.360102886539011102e+01,5.168328936574289045e+00
1.362103458130894573e+01,4.685269888051053044e+00
1.364104029722777867e+01,4.296456912727292021e+00
1.366104601314661338e+01,5.036746684600570845e+00
1.368105172906544809e+01,5.245190407331024929e+00
1.370105744498428102e+01,4.372998668373796249e+00
1.372106316090311573e+01,4.927018912819216112e+00
1.374106887682194866e+01,4.662234610881659691e+00
1.376107459274078337e+01,5.302956052284148569e+00
1.378108030865961808e+01,4.459631298441337321e+00
1.380108602457845102e+01,4.071863215623015009e+00
1.382109174049728573e+01,4.954935073740120544e+00
1.384109745641611866e+01,5.347999300311771620e+00
1.386110317233495337e+01,4.535285616607637849e+00
1.388110888825378808e+01,4.939690595416571739e+00
1.390111460417262101e+01,4.057060690656847157e+00
1.392112032009145395e+01,4.640065497447647402e+00
1.394112603601028866e+01,4.125909276369185363e+00
1.396113175192912337e+01,5.693302049806944432e+00
1.398113746784795630e+01,5.175662940677641544e+00
1.400114318376679101e+01,4.961684560598065730e+00
1.402114889968562395e+01,4.964989330429144587e+00
1.404115461560445866e+01,5.622797835192185900e+00
1.406116033152329337e+01,4.471149362252051951e+00
1.408116604744212630e+01,4.717050062461238369e+00
1.410117176336095923e+01,5.557065355826185993e+00
1.412117747927979394e+01,4.388025549304268580e+00
1.414118319519862865e+01,5.567010175420735507e+00
1.416118891111746336e+01,4.580274492366160466e+00
1.418119462703629630e+01,5.354552450552597875e+00
1.420120034295512923e+01,4.894941342416865737e+00
1.422120605887396394e+01,5.511212079129405694e+00
1.424121177479279865e+01,5.301993311487882110e+00
1.426121749071163336e+01,5.009325234679051775e+00
1.428122320663046629e+01,4.996176084494666547e+00
1.430122892254929923e+01,5.034140159988892194e+00
1.432123463846813394e+01,5.334971276144270469e+00
1.434124035438696865e+01,4.866154177249040202e+00
1.436124607030580158e+01,5.765527240558361299e+00
1.438125178622463629e+01,5.231136032102588374e+00
1.440125750214346922e+01,5.054893688561037379e+00
1.442126321806230393e+01,5.805689262423984864e+00
1.444126893398113864e+01,5.336517950172500413e+00
1.446127464989997158e+01,5.459124736889186202e+00
1.448128036581880451e+01,4.858783959724074286e+00
1.450128608173763922e+01,5.988594484666430517e+00
1.452129179765647393e+01,4.958720883230705034e+00
1.454129751357530864e+01,5.884592340369737329e+00
1.456130322949414158e+01,5.540570551766708540e+00
1.458130894541297451e+01,4.791428636432605082e+00
1.460131466133180922e+01,5.605135155482354747e+00
1.462132037725064393e+01,5.448613266692140300e+00
1.464132609316947686e+01,6.068700237952273646e+00
1.466133180908831157e+01,5.702229094696281919e+00
1.468133752500714451e+01,5.558311315659510754e+00
1.470134324092597922e+01,5.478448978488829724e+00
1.472134895684481393e+01,6.297348551336797939e+00
1.474135467276364686e+01,5.063563456341629632e+00
1.476136038868247979e+01,5.918172263522205157e+00
1.478136610460131450e+01,6.353982251239058243e+00
1.480137182052014921e+01,5.668088241642625924e+00
1.482137753643898392e+01,6.289023097714625976e+00
1.484138325235781686e+01,6.438462702715981756e+00
1.486138896827664979e+01,5.995692712946036451e+00
1.488139468419548450e+01,6.554829375543079983e+00
1.490140040011431921e+01,5.948314469321519304e+00
1.492140611603315392e+01,5.904517376269117435e+00
1.494141183195198685e+01,6.970183078004158261e+00
1.496141754787081979e+01,6.674819446858073491e+00
1.498142326378965450e+01,6.964152180916909352e+00
1.500142897970848921e+01,6.235504729299041315e+00
1.502143469562732214e+01,6.864020990268205225e+00
1.504144041154615508e+01,6.731553440320693582e+00
1.506144612746498979e+01,6.758635433504294632e+00
1.508145184338382450e+01,7.468951694202502267e+00
1.510145755930265921e+01,6.398155251507172459e+00
1.512146327522149214e+01,7.622377074910234640e+00
1.514146899114032507e+01,8.002678025125675276e+00
1.516147470705915978e+01,6.632963722513389726e+00
1.518148042297799449e+01,6.601673424855225569e+00
1.520148613889682920e+01,6.766320855373428422e+00
1.522149185481566214e+01,7.323314857831611846e+00
1.524149757073449507e+01,8.206117383961498035e+00
1.526150328665332978e+01,7.812791233422787585e+00
1.528150900257216449e+01,7.789015932677862963e+00
1.530151471849099742e+01,7.958198782120198267e+00
1.532152043440983036e+01,8.004414877959039387e+00
1.534152615032866507e+01,8.608224855490089311e+00
1.536153186624749978e+01,7.507641953716162497e+00
1.538153758216633449e+01,8.615641590238336534e+00
1.540154329808516742e+01,8.630822851012576180e+00
1.542154901400400036e+01,8.329965093470134363e+00
1.544155472992283507e+01,8.727152077137324326e+00
1.546156044584166978e+01,8.462048753717500205e+00
1.548156616176050449e+01,9.321563530052955571e+00
1.550157187767933742e+01,8.326202178752303951e+00
1.552157759359817035e+01,8.729842725102859191e+00
1.554158330951700506e+01,8.998103613779001364e+00
1.556158902543583977e+01,9.326610557433827609e+00
1.558159474135467271e+01,8.663404992962643547e+00
1.560160045727350742e+01,8.678317753700886428e+00
1.562160617319234035e+01,9.343981071286492579e+00
1.564161188911117506e+01,8.913078253877181112e+00
1.566161760503000977e+01,8.813992955033373988e+00
1.568162332094884270e+01,8.793451812759947472e+00
1.570162903686767564e+01,8.408657873506978575e+00
1.572163475278651035e+01,8.107390035869311617e+00
1.574164046870534506e+01,8.626714929698831469e+00
1.576164618462417977e+01,7.139771482240678147e+00
1.578165190054301270e+01,7.967985891960642775e+00
1.580165761646184563e+01,6.957909730123395420e+00
1.582166333238068034e+01,6.795107182045565963e+00
1.584166904829951505e+01,6.358018365646644021e+00
1.586167476421834799e+01,6.782708185003608392e+00
1.588168048013718270e+01,6.194076672220162116e+00
1.590168619605601563e+01,5.059174176646595633e+00
1.592169191197485034e+01,5.303700272317072972e+00
1.594169762789368505e+01,5.029226186985789937e+00
1.596170334381251799e+01,4.838230541471737922e+00
1.598170905973135092e+01,5.491625072964602339e+00
1.600171477565018563e+01,4.859048361395364779e+00
1.602172049156902034e+01,4.692710148992542685e+00
1.604172620748785505e+01,4.518467050604310309e+00
1.606173192340668976e+01,4.024103116370754130e+00
1.608173763932552092e+01,4.259723660429989955e+00
1.610174335524435563e+01,3.413472240444137995e+00
1.612174907116319034e+01,3.698790493113399691e+00
1.614175478708202505e+01,4.207938748425686271e+00
1.616176050300085620e+01,3.514650308171533233e+00
1.618176621891969091e+01,4.377750077688403962e+00
1.620177193483852562e+01,4.730927068456346696e+00
1.622177765075736033e+01,3.877203023578077890e+00
1.624178336667619504e+01,4.950237435031622724e+00
1.626178908259502620e+01,4.082255131009688398e+00
1.628179479851386091e+01,4.298330956255558277e+00
1.630180051443269562e+01,4.647333134301806723e+00
1.632180623035153033e+01,4.483996566869217659e+00
1.634181194627036149e+01,4.189763031133331594e+00
1.636181766218919620e+01,4.894634823594094186e+00
1.638182337810803091e+01,3.864671093140953140e+00
1.640182909402686562e+01,3.700205831898626840e+00
1.642183480994570033e+01,3.964501993683026804e+00
1.644184052586453504e+01,3.665058200213196393e+00
1.646184624178336620e+01,3.873145118028961775e+00
1.648185195770220091e+01,4.206300585827894345e+00
1.650185767362103562e+01,4.315479385632408516e+00
1.652186338953986677e+01,4.005765074506587808e+00
1.654186910545870148e+01,4.389578280592072446e+00
1.656187482137753619e+01,3.563153816162621723e+00
1.658188053729637090e+01,3.662100539047581371e+00
1.660188625321520561e+01,3.783400749819330500e+00
1.662189196913404032e+01,4.315124848453252504e+00
1.664189768505287148e+01,3.752468122930907146e+00
1.666190340097170619e+01,4.161994952673783388e+00
1.668190911689054090e+01,3.847146076197616615e+00
1.670191483280937561e+01,3.787969744358167468e+00
1.672192054872820677e+01,4.074887461406158096e+00
1.674192626464704148e+01,3.285572501183511296e+00
1.676193198056587619e+01,3.328298583100211872e+00
1.678193769648471090e+01,4.357271283817008012e+00
1.680194341240354561e+01,3.923481088062889199e+00
1.682194912832238032e+01,3.629165418784202402e+00
1.684195484424121148e+01,4.117250933193452589e+00
1.686196056016004619e+01,4.144911417832584988e+00
1.688196627607888090e+01,4.035924998804114594e+00
1.690197199199771205e+01,4.400408431123837616e+00
1.692197770791654676e+01,3.797836834389237026e+00
1.694198342383538147e+01,3.684815021659314738e+00
1.696198913975421618e+01,3.494630246344980318e+00
1.698199485567305089e+01,3.585061568490218953e+00
1.700200057159188560e+01,3.377822563243807252e+00
1.702200628751071676e+01,3.571810260366033773e+00
1.704201200342955147e+01,3.042931067653566135e+00
1.706201771934838618e+01,3.591146833354150303e+00
1.708202343526722089e+01,4.138885854610405701e+00
1.710202915118605205e+01,3.828075436908616958e+00
1.712203486710488676e+01,3.695275016376646349e+00
1.714204058302372147e+01,3.139868522718039845e+00
1.716204629894255618e+01,4.065260716578672273e+00
1.718205201486139089e+01,4.378054547512068240e+00
1.720205773078022204e+01,4.303663429169378496e+00
1.722206344669905675e+01,4.427026007355433279e+00
1.724206916261789146e+01,4.384527156644020707e+00
1.726207487853672617e+01,4.243042576838836233e+00
1.728208059445555733e+01,4.533804962395045379e+00
1.730208631037439204e+01,3.981780425728906891e+00
1.732209202629322675e+01,3.887070995840599785e+00
1.734209774221206146e+01,4.001259004603530123e+00
1.736210345813089617e+01,4.531008483156625744e+00
1.738210917404973088e+01,3.669372043083527046e+00
1.740211488996856204e+01,3.073340722373399725e+00
1.742212060588739675e+01,3.779598974088085761e+00
1.744212632180623146e+01,4.377278338727295548e+00
1.746213203772506262e+01,3.830047944636181256e+00
1.748213775364389733e+01,4.037489875336034650e+00
1.750214346956273204e+01,4.016525460117319923e+00
1.752214918548156675e+01,4.102928759378005275e+00
1.754215490140040146e+01,3.622660964861824873e+00
1.756216061731923617e+01,4.147936422284896452e+00
1.758216633323806732e+01,3.291282441826866023e+00
1.760217204915690203e+01,3.598225013681608075e+00
1.762217776507573674e+01,4.266621423265550384e+00
1.764218348099457145e+01,4.430545359633255131e+00
1.766218919691340261e+01,3.858836349316304926e+00
1.768219491283223732e+01,3.489404950517129400e+00
1.770220062875107203e+01,4.090124454459829195e+00
1.772220634466990674e+01,3.864795471428777329e+00
1.774221206058874145e+01,3.947979256550949501e+00
1.776221777650757616e+01,4.199948532100730603e+00
1.778222349242640732e+01,3.659445789158937146e+00
1.780222920834524203e+01,3.991403703257654367e+00
1.782223492426407674e+01,3.881107799732359531e+00
1.784224064018290790e+01,2.954065210054022117e+00
1.786224635610174261e+01,3.389815301324944130e+00
1.788225207202057732e+01,4.230166771411097315e+00
1.790225778793941203e+01,3.656628437710440327e+00
1.792226350385824674e+01,3.790434469497193870e+00
1.794226921977708145e+01,4.297172918611158465e+00
1.796227493569591260e+01,3.585740612064360455e+00
1.798228065161474731e+01,2.919289176875569325e+00
1.800228636753358202e+01,3.645052653859989000e+00
1.802229208345241318e+01,3.666962573001637971e+00
1.804229779937124789e+01,3.790033236220739177e+00
1.806230351529008260e+01,4.143758653987315022e+00
1.808230923120891731e+01,3.608744238869273868e+00
1.810231494712775202e+01,2.761249456570501248e+00
1.812232066304658673e+01,3.995361474767423093e+00
1.814232637896542144e+01,3.343096342472914095e+00
1.816233209488425260e+01,3.083477248772244828e+00
1.818233781080308731e+01,4.126419794566291266e+00
1.820234352672191847e+01,2.959045532429368741e+00
1.822234924264075318e+01,3.744571988919700445e+00
1.824235495855958789e+01,3.664173896697747068e+00
1.826236067447842260e+01,3.547435318368815871e+00
1.828236639039725731e+01,3.874493107258411229e+00
1.830237210631609202e+01,4.093264700840816950e+00
1.832237782223492673e+01,3.706195650121735241e+00
1.834238353815375788e+01,3.961412442532957101e+00
1.836238925407259259e+01,3.614182597546949705e+00
1.838239496999142730e+01,2.635667949871296489e+00
1.840240068591025846e+01,4.495901615123830908e+00
1.842240640182909317e+01,4.177569613192523512e+00
1.844241211774792788e+01,3.758779069133587392e+00
1.846241783366676259e+01,3.734212517890342919e+00
1.848242354958559730e+01,3.921133189937852315e+00
1.850242926550443201e+01,3.780753712958174084e+00
1.852243498142326672e+01,3.734496058215970304e+00
1.854244069734209788e+01,3.723474723760609173e+00
1.856244641326093259e+01,4.037145152906423284e+00
1.858245212917976374e+01,3.626861518734241230e+00
1.860245784509859845e+01,3.150967323911583406e+00
1.862246356101743316e+01,3.660790506321022431e+00
1.864246927693626787e+01,3.373192405746212152e+00
1.866247499285510258e+01,3.806934465950599922e+00
1.868248070877393729e+01,3.499115402190315471e+00
1.870248642469277200e+01,3.132733844565373182e+00
1.872249214061160316e+01,4.091651031787977288e+00
1.874249785653043787e+01,3.864190183788373201e+00
1.876250357244927258e+01,3.680448923030311903e+00
1.878250928836810374e+01,3.164792628099018401e+00
1.880251500428693845e+01,2.908866402688063069e+00
1.882252072020577316e+01,3.056169934809682687e+00
1.884252643612460787e+01,3.318011080381992439e+00
1.886253215204344258e+01,2.863674327145283804e+00
1.888253786796227729e+01,3.415845730144041248e+00
1.890254358388111200e+01,3.917515651165543566e+00
1.892254929979994316e+01,3.314706486094805449e+00
1.894255501571877787e+01,2.812250529061461002e+00
1.896256073163760902e+01,3.484386447911181683e+00
1.898256644755644373e+01,3.716557385082402298e+00
1.900257216347527844e+01,4.367826215571032122e+00
1.902257787939411315e+01,3.007746330488758169e+00
1.904258359531294786e+01,3.215072663654057639e+00
1.906258931123178257e+01,3.480106525015765673e+00
1.908259502715061728e+01,3.431247705525104497e+00
1.910260074306944844e+01,4.051839601716611838e+00
1.912260645898828315e+01,3.629645855991931569e+00
1.914261217490711431e+01,3.597334213070144227e+00
1.916261789082594902e+01,3.152881248741564946e+00
1.918262360674478373e+01,3.851200148056450168e+00
1.920262932266361844e+01,4.034771971873329477e+00
1.922263503858245315e+01,3.389943601758465874e+00
1.924264075450128786e+01,3.403231787665102814e+00
1.926264647042012257e+01,3.397764344200227438e+00
1.928265218633895373e+01,3.056022295720088877e+00
1.930265790225778844e+01,3.223826080204207578e+00
1.932266361817662315e+01,3.211065542361833280e+00
1.934266933409545430e+01,2.708825689746762855e+00
1.936267505001428901e+01,3.669099482794994760e+00
1.938268076593312372e+01,3.754894305530787513e+00
1.940268648185195843e+01,3.452426224799381771e+00
1.942269219777079314e+01,3.469107618196538567e+00
1.944269791368962785e+01,2.978602169619609441e+00
1.946270362960846256e+01,2.949917863741867485e+00
1.948270934552729372e+01,3.609588082830606837e+00
1.950271506144612843e+01,3.641255675331953157e+00
1.952272077736495959e+01,3.406066648010269482e+00
1.954272649328379430e+01,2.690849339297309406e+00
1.956273220920262901e+01,3.617056250247720151e+00
1.958273792512146372e+01,4.215134606381649718e+00
1.960274364104029843e+01,3.338237783460312524e+00
1.962274935695913314e+01,3.237615165089369640e+00
1.964275507287796785e+01,3.391913156749792435e+00
1.966276078879679901e+01,4.157425343411992102e+00
1.968276650471563372e+01,3.523143394429026465e+00
1.970277222063446487e+01,3.198809345596625331e+00
1.972277793655329958e+01,3.811376151321093531e+00
1.974278365247213429e+01,4.319141380536651198e+00
1.976278936839096900e+01,3.573421934595878646e+00
1.978279508430980371e+01,3.078056312632629243e+00
1.980280080022863842e+01,2.923412946749734953e+00
1.982280651614747313e+01,4.042275130497209545e+00
1.984281223206630784e+01,3.453688445334626600e+00
1.986281794798513900e+01,3.062553117083835819e+00
1.988282366390397371e+01,3.772277397350294326e+00
1.990282937982280487e+01,3.802469423503290535e+00
1.992283509574163958e+01,3.909011377566021572e+00
1.994284081166047429e+01,4.340968968621464974e+00
1.996284652757930900e+01,3.621198685569022580e+00
1.998285224349814371e+01,4.044032088710595829e+00
2.000285795941697842e+01,3.456291019411267040e+00
2.002286367533581313e+01,3.664790513216710899e+00
2.004286939125464428e+01,3.819116213807096649e+00
2.006287510717347899e+01,3.307361203569232799e+00
2.008288082309231015e+01,4.521927310461668625e+00
2.010288653901114486e+01,3.746247564154352894e+00
2.012289225492997957e+01,3.553614885796533507e+00
2.014289797084881428e+01,3.341022465774584838e+00
2.016290368676764899e+01,4.044569457952755798e+00
2.018290940268648370e+01,3.963154413027458745e+00
2.020291511860531841e+01,4.164105931220306367e+00
2.022292083452414957e+01,3.871500091928351317e+00
2.024292655044298428e+01,3.925531722790364331e+00
2.026293226636181899e+01,3.470549057488147682e+00
2.028293798228065015e+01,3.758492177608471430e+00
2.030294369819948486e+01,4.305987744703749343e+00
2.032294941411831957e+01,3.339433861911198953e+00
2.034295513003715428e+01,3.749873779836245369e+00
2.036296084595598899e+01,3.901859209904793957e+00
2.038296656187482370e+01,3.439999491433172629e+00
2.040297227779365841e+01,3.616273915554995000e+00
2.042297799371248956e+01,4.007761181825083341e+00
2.044298370963132427e+01,4.322762305899690460e+00
2.046298942555015543e+01,3.295781473538530015e+00
2.048299514146899014e+01,4.415882862380099638e+00
2.050300085738782485e+01,4.379730851978131945e+00
2.052300657330665956e+01,3.455902393217025637e+00
2.054301228922549427e+01,3.616124933076884318e+00
2.056301800514432898e+01,3.998585641626389631e+00
2.058302372106316369e+01,3.224919190740787478e+00
2.060302943698199485e+01,4.188568573519056315e+00
2.062303515290082956e+01,3.799966354287176884e+00
2.064304086881966072e+01,3.337909832387561337e+00
2.066304658473849543e+01,3.168088261774846259e+00
2.068305230065733014e+01,3.144752167658889430e+00
2.070305801657616485e+01,3.919543396611944619e+00
2.072306373249499956e+01,3.522480148647997744e+00
2.074306944841383427e+01,2.748973803394167525e+00
2.076307516433266898e+01,3.358663083183098585e+00
2.078308088025150369e+01,3.867239088808426928e+00
2.080308659617033484e+01,2.880381546162269935e+00
2.082309231208916955e+01,2.560993325139703458e+00
2.084309802800800071e+01,3.574398418685712286e+00
2.086310374392683542e+01,3.512958653782771279e+00
2.088310945984567013e+01,2.738633098637724750e+00
2.090311517576450484e+01,3.490647708724051057e+00
2.092312089168333955e+01,3.192033996391276496e+00
2.094312660760217426e+01,3.857173506766241378e+00
2.096313232352100897e+01,3.412361238133773345e+00
2.098313803943984013e+01,3.367322591231630469e+00
2.100314375535867484e+01,3.422081646076515327e+00
2.102314947127750600e+01,3.423211660035101467e+00
2.104315518719634071e+01,3.180842515457516395e+00
2.106316090311517542e+01,2.567613701006981053e+00
2.108316661903401013e+01,2.814556098083023095e+00
2.110317233495284484e+01,3.696296545546036594e+00
2.112317805087167955e+01,3.148457771793049531e+00
2.114318376679051426e+01,2.664676694002892532e+00
2.116318948270934541e+01,3.226625203132515107e+00
2.118319519862818012e+01,3.945867379372117068e+00
2.120320091454701483e+01,3.150160202242437535e+00
2.122320663046584599e+01,3.210060798347752709e+00
2.124321234638468070e+01,3.170547560244875829e+00
2.126321806230351541e+01,4.008507196678404050e+00
2.128322377822235012e+01,2.484891204744775539e+00
2.130322949414118483e+01,2.798182002651321998e+00
2.132323521006001954e+01,3.470031560687806937e+00
2.134324092597885425e+01,2.833808533906368776e+00
2.136324664189768541e+01,3.464413369492659989e+00
2.138325235781652012e+01,3.800159007861294569e+00
2.140325807373535127e+01,3.166966419591694226e+00
2.142326378965418598e+01,2.983829158628700462e+00
2.144326950557302069e+01,3.644185587637831070e+00
2.146327522149185540e+01,3.290731313020243576e+00
2.148328093741069011e+01,2.899216164244990068e+00
2.150328665332952482e+01,3.489245847699979919e+00
2.152329236924835953e+01,2.793696545623708616e+00
2.154329808516719069e+01,2.581860056691200889e+00
2.156330380108602540e+01,2.481295367471386015e+00
2.158330951700485656e+01,2.373892241675320314e+00
2.160331523292369127e+01,2.351070660057311024e+00
2.162332094884252598e+01,3.068656228810441533e+00
2.164332666476136069e+01,2.983442150518542224e+00
2.166333238068019540e+01,2.572766257901138776e+00
2.168333809659903011e+01,2.787237857095071547e+00
2.170334381251786482e+01,3.449347748388227330e+00
2.172334952843669598e+01,3.668136006220145795e+00
2.174335524435553069e+01,3.262830465343814268e+00
2.176336096027436540e+01,3.317280031437085164e+00
2.178336667619319655e+01,2.861130223412692075e+00
2.180337239211203126e+01,3.664501866423782062e+00
2.182337810803086597e+01,3.434536685581004001e+00
2.184338382394970068e+01,2.875419732043737575e+00
2.186338953986853539e+01,3.334696036393968832e+00
2.188339525578737010e+01,2.583171961704906039e+00
2.190340097170620481e+01,2.827876089158186890e+00
2.192340668762503597e+01,3.255938288601726072e+00
2.194341240354387068e+01,3.196670853047015370e+00
2.196341811946270184e+01,3.929065436828814040e+00
2.198342383538153655e+01,2.858198942824182076e+00
2.200342955130037126e+01,3.397796945465033414e+00
2.202343526721920597e+01,3.343814707777666762e+00
2.204344098313804068e+01,3.181758612879621140e+00
2.206344669905687539e+01,2.794473950234751314e+00
2.208345241497571010e+01,4.142920379912687245e+00
2.210345813089454126e+01,2.996646344709619214e+00
2.212346384681337597e+01,3.642074490832833966e+00
2.214346956273221068e+01,3.405889191075837985e+00
2.216347527865104183e+01,3.218607436709954861e+00
2.218348099456987654e+01,3.810833704738699979e+00
2.220348671048871125e+01,4.477165327434025954e+00
2.222349242640754596e+01,4.212955518353068918e+00
2.224349814232638067e+01,5.070361417452678765e+00
2.226350385824521538e+01,4.457113147212410809e+00
2.228350957416405009e+01,4.371154785655015473e+00
2.230351529008288125e+01,4.317738979140109734e+00
2.232352100600171596e+01,5.623041808946076081e+00
2.234352672192054712e+01,5.165508533828668369e+00
2.236353243783938183e+01,4.746524297426436334e+00
2.238353815375821654e+01,5.290652707259046572e+00
2.240354386967705125e+01,5.044036308367705779e+00
2.242354958559588596e+01,6.772478157204577798e+00
2.244355530151472067e+01,6.017938171055743801e+00
2.246356101743355538e+01,5.974492300645271037e+00
2.248356673335238654e+01,6.714971235366343549e+00
2.250357244927122125e+01,6.735261807260879863e+00
2.252357816519005240e+01,7.383227549658330169e+00
2.254358388110888711e+01,7.537313287925059058e+00
2.256358959702772182e+01,7.434537590837638099e+00
2.258359531294655653e+01,7.940619870838250272e+00
2.260360102886539124e+01,7.680030079537760734e+00
2.262360674478422595e+01,8.942588501633762732e+00
2.264361246070306066e+01,8.758371841690642867e+00
2.266361817662189182e+01,8.456443483131341310e+00
2.268362389254072653e+01,9.614366918736363843e+00
2.270362960845956124e+01,9.951767816571924996e+00
2.272363532437839240e+01,9.985314849239552260e+00
2.274364104029722711e+01,1.122984259136616458e+01
2.276364675621606182e+01,1.069477145392528961e+01
2.278365247213489653e+01,1.150438664848659265e+01
2.280365818805373124e+01,1.116691771787528253e+01
2.282366390397256595e+01,1.153591102823199677e+01
2.284366961989140066e+01,1.190767175402268130e+01
2.286367533581023181e+01,1.344878213696585334e+01
2.288368105172906652e+01,1.349060791550314420e+01
2.290368676764789768e+01,1.381297053275172004e+01
2.292369248356673239e+01,1.433298825463011106e+01
2.294369819948556710e+01,1.514969335927110095e+01
2.296370391540440181e+01,1.614145682572935669e+01
2.298370963132323652e+01,1.630936317453685902e+01
2.300371534724207123e+01,1.601698477749753025e+01
2.302372106316090594e+01,1.686333930464320829e+01
2.304372677907973710e+01,1.700523472034852546e+01
2.306373249499857181e+01,1.739135246938306523e+01
2.308373821091740652e+01,1.847586160465057858e+01
2.310374392683623768e+01,1.833945929882924020e+01
2.312374964275507239e+01,1.876499530794429660e+01
2.314375535867390710e+01,1.960154457730858724e+01
2.316376107459274181e+01,1.897604195371472358e+01
2.318376679051157652e+01,1.900393876700583107e+01
2.320377250643041123e+01,1.964107660557124646e+01
2.322377822234924594e+01,1.940511290848564840e+01
2.324378393826807709e+01,1.926740704894952572e+01
2.326378965418691180e+01,1.859783515306805413e+01
2.328379537010574296e+01,1.758551487500508870e+01
2.330380108602457767e+01,1.660156044531806430e+01
2.332380680194341238e+01,1.735668610589938154e+01
2.334381251786224709e+01,1.577632025215926248e+01
2.336381823378108180e+01,1.573562979880868440e+01
2.338382394969991651e+01,1.466216503172413432e+01
2.340382966561875122e+01,1.388643764449984808e+01
2.342383538153758238e+01,1.403684418337069317e+01
2.344384109745641709e+01,1.337539746527650308e+01
2.346384681337524825e+01,1.190716976804598026e+01
2.348385252929408296e+01,1.178310840041701191e+01
2.350385824521291767e+01,1.113515691404366770e+01
2.352386396113175238e+01,1.075727984189244069e+01
2.354386967705058709e+01,1.100353045883659853e+01
2.356387539296942180e+01,1.014543428072144238e+01
2.358388110888825651e+01,9.662056930499117513e+00
2.360388682480708766e+01,9.165260618298702866e+00
2.362389254072592237e+01,8.509067603192770335e+00
2.364389825664475708e+01,8.245857327367220435e+00
2.366390397256358824e+01,8.141651270039050203e+00
2.368390968848242295e+01,7.133969164623250592e+00
2.370391540440125766e+01,7.076465836648948127e+00
2.372392112032009237e+01,6.440845658274332308e+00
2.374392683623892708e+01,5.237111690287374444e+00
2.376393255215776179e+01,6.077855177749299287e+00
2.378393826807659650e+01,5.288852519092465343e+00
2.380394398399542766e+01,4.707675364425076836e+00
2.382394969991426237e+01,3.807967747888751031e+00
2.384395541583309353e+01,4.581985230707053880e+00
2.386396113175192824e+01,4.512562051317287271e+00
2.388396684767076295e+01,3.911214681432718443e+00
2.390397256358959766e+01,2.810412815787663554e+00
2.392397827950843237e+01,3.400773223714672611e+00
2.394398399542726708e+01,3.571858669933655861e+00
2.396398971134610179e+01,3.092506667411456078e+00
2.398399542726493294e+01,3.265754975103415614e+00
2.400400114318376765e+01,3.444826069475978692e+00
2.402400685910260236e+01,3.571025479920402201e+00
2.404401257502143352e+01,3.370393228789565931e+00
2.406401829094026823e+01,3.400155972722507247e+00
2.408402400685910294e+01,2.672255767531495074e+00
2.410402972277793765e+01,2.707934536137094561e+00
2.412403543869677236e+01,3.490070588182728528e+00
2.414404115461560707e+01,2.733812495110442331e+00
2.416404687053444178e+01,2.847055252170061834e+00
2.418405258645327294e+01,2.842570459773234859e+00
2.420405830237210765e+01,2.994080241547711019e+00
2.422406401829093880e+01,2.882441974691531072e+00
2.424406973420977351e+01,3.726800559407191571e+00
2.426407545012860822e+01,3.707229234421531849e+00
2.428408116604744293e+01,2.230431329477036151e+00
2.430408688196627764e+01,3.249507356854062223e+00
2.432409259788511235e+01,2.346987855671797796e+00
2.434409831380394706e+01,2.403708328159333441e+00
2.436410402972277822e+01,2.379427794567651411e+00
2.438410974564161293e+01,3.290560998197475495e+00
2.440411546156044409e+01,2.227546949844376734e+00
2.442412117747927880e+01,2.656155016727367091e+00
2.444412689339811351e+01,2.534800092700525642e+00
2.446413260931694822e+01,2.955010068686505065e+00
2.448413832523578293e+01,2.548792666055446965e+00
2.450414404115461764e+01,3.154340574255699359e+00
2.452414975707345235e+01,3.389694147185052575e+00
2.454415547299228351e+01,2.936296713658645530e+00
2.456416118891111822e+01,3.373672603742470244e+00
2.458416690482995293e+01,2.896516231839234123e+00
2.460417262074878408e+01,2.985861472878312384e+00
2.462417833666761879e+01,2.628850749022040745e+00
2.464418405258645350e+01,2.748261529604064002e+00
2.466418976850528821e+01,2.888475605118267175e+00
2.468419548442412292e+01,3.551405671953948406e+00
2.470420120034295763e+01,3.453128306996428698e+00
2.472420691626179234e+01,2.860190937476942530e+00
2.474421263218062350e+01,2.163925185087497649e+00
2.476421834809945821e+01,3.103629576657472189e+00
2.478422406401828937e+01,2.142380783122464827e+00
2.480422977993712408e+01,2.497164969578414162e+00
2.482423549585595879e+01,2.478607082336628409e+00
2.484424121177479350e+01,3.377450474706894301e+00
2.486424692769362821e+01,2.753648729529733608e+00
2.488425264361246292e+01,2.267462649337285807e+00
2.490425835953129763e+01,3.110045387815973061e+00
2.492426407545012879e+01,2.086199716777179525e+00
2.494426979136896350e+01,3.643297616293817320e+00
2.496427550728779821e+01,2.717993904186242649e+00
2.498428122320662936e+01,3.329222850309692561e+00
2.500428693912546407e+01,3.116481076893649060e+00
2.502429265504429878e+01,2.913591021666105174e+00
2.504429837096313349e+01,3.429806145729656919e+00
2.506430408688196820e+01,3.429418196413763997e+00
2.508430980280080291e+01,3.650980285733233632e+00
2.510431551871963762e+01,3.685569274705276399e+00
2.512432123463846878e+01,3.493856307177415133e+00
2.514432695055730349e+01,3.878721015535147920e+00
2.516433266647613465e+01,3.050674707950153497e+00
2.518433838239496936e+01,4.148699854247035468e+00
2.520434409831380407e+01,4.862101693780836342e+00
2.522434981423263878e+01,3.405926261667566290e+00
2.524435553015147349e+01,4.267157980227054281e+00
2.526436124607030820e+01,3.863436815519584844e+00
2.528436696198914291e+01,4.752422299503171743e+00
2.530437267790797407e+01,4.170631894493291192e+00
2.532437839382680878e+01,3.948986730717760629e+00
2.534438410974563993e+01,5.312612860515203650e+00
2.536438982566447464e+01,4.831619901210025603e+00
2.538439554158330935e+01,4.639711639952235345e+00
2.540440125750214406e+01,5.368320732798682826e+00
2.542440697342097877e+01,5.737154061088841850e+00
2.544441268933981348e+01,5.586317671134687579e+00
2.546441840525864819e+01,5.432745835077131602e+00
2.548442412117747935e+01,5.948609560555649267e+00
2.550442983709631406e+01,6.677406545660243609e+00
2.552443555301514877e+01,6.655835763492733648e+00
2.554444126893397993e+01,6.715574215876358721e+00
2.556444698485281464e+01,7.707429587760598722e+00
2.558445270077164935e+01,7.463489828326612674e+00
2.560445841669048406e+01,7.239796210528240294e+00
2.562446413260931877e+01,7.879933355395227323e+00
2.564446984852815348e+01,8.893280521463646338e+00
2.566447556444698819e+01,9.593214999948120436e+00
2.568448128036581934e+01,9.638655979202839674e+00
2.570448699628465405e+01,9.781971814822114197e+00
2.572449271220348521e+01,1.055639878168280532e+01
2.574449842812231992e+01,1.015214577395606987e+01
2.576450414404115463e+01,1.109040251976306735e+01
2.578450985995998934e+01,1.158947181028870688e+01
2.580451557587882405e+01,1.193977641593068206e+01
2.582452129179765876e+01,1.220540240937869569e+01
2.584452700771649347e+01,1.254859991378240558e+01
2.586453272363532463e+01,1.372296876351004613e+01
2.588453843955415934e+01,1.328181149187914301e+01
2.590454415547299405e+01,1.351389933029484069e+01
2.592454987139182521e+01,1.400015406382612859e+01
2.594455558731065992e+01,1.395790418857143145e+01
2.596456130322949463e+01,1.471411493140152693e+01
2.598456701914832934e+01,1.501732574992977653e+01
2.600457273506716405e+01,1.548609751348502428e+01
2.602457845098599520e+01,1.544545341573210706e+01
2.604458416690482991e+01,1.499953247282330437e+01
2.606458988282366462e+01,1.445656567934362613e+01
2.608459559874249933e+01,1.373919159135296120e+01
2.610460131466133404e+01,1.383903317760471374e+01
2.612460703058016520e+01,1.311991480513728625e+01
2.614461274649899991e+01,1.248538318077106801e+01
2.616461846241783462e+01,1.153517301352821534e+01
2.618462417833666933e+01,1.079143792838723570e+01
2.620462989425550404e+01,9.964261981205014607e+00
2.622463561017433520e+01,9.745145615249132476e+00
2.624464132609316991e+01,8.966846223574977515e+00
2.626464704201200462e+01,7.845610572170161667e+00
2.628465275793083933e+01,8.121333590639359556e+00
2.630465847384967049e+01,6.900120838320875194e+00
2.632466418976850520e+01,6.642723653379320581e+00
2.634466990568733991e+01,5.281347790629723704e+00
2.636467562160617462e+01,5.125664749912060891e+00
2.638468133752500933e+01,4.652366826019286528e+00
2.640468705344384048e+01,4.644373865041679039e+00
2.642469276936267519e+01,4.195926727765563413e+00
2.644469848528150990e+01,4.050920259110685429e+00
2.646470420120034461e+01,3.835278284150604122e+00
2.648470991711917932e+01,4.024234749514103981e+00
2.650471563303801048e+01,3.044417439635354938e+00
2.652472134895684519e+01,2.660357374953865595e+00
2.654472706487567990e+01,2.945043340367303308e+00
2.656473278079451461e+01,2.665068387662476113e+00
2.658473849671334932e+01,2.967022626551634179e+00
2.660474421263218048e+01,3.298476317576953143e+00
2.662474992855101519e+01,2.570570396253458512e+00
2.664475564446984990e+01,2.691825676908349507e+00
2.666476136038868461e+01,2.596892599902605347e+00
2.668476707630751577e+01,2.286240534919202094e+00
2.670477279222635048e+01,2.913243521716431861e+00
2.672477850814518519e+01,3.134064887304696345e+00
2.674478422406401990e+01,3.189388995000230764e+00
2.676478993998285461e+01,2.773094776340857326e+00
2.678479565590168576e+01,2.587030098985331428e+00
2.680480137182052047e+01,3.464094251099647082e+00
2.682480708773935518e+01,2.854314135498813076e+00
2.684481280365818989e+01,2.616801162741623887e+00
2.686481851957702460e+01,3.478753381817044410e+00
2.688482423549585576e+01,2.680219544351141625e+00
2.690482995141469047e+01,2.447583412111415946e+00
2.692483566733352518e+01,2.077838390079458364e+00
2.694484138325235989e+01,2.352500585860874072e+00
2.696484709917119105e+01,2.682638010426874331e+00
2.698485281509002576e+01,3.185570986987330322e+00
2.700485853100886047e+01,2.869145654592684558e+00
2.702486424692769518e+01,2.891865164076481420e+00
2.704486996284652989e+01,2.798640953980459756e+00
2.706487567876536104e+01,2.460904424380220057e+00
2.708488139468419575e+01,2.041021797433539398e+00
2.710488711060303046e+01,2.594598288970585642e+00
2.712489282652186517e+01,2.271566772106567988e+00
2.714489854244069988e+01,2.056766510135326520e+00
2.716490425835953104e+01,1.721825357481103769e+00
2.718490997427836575e+01,2.236981578909821522e+00
2.720491569019720046e+01,1.931219969606734255e+00
2.722492140611603517e+01,2.762698764741815971e+00
2.724492712203486633e+01,3.207700759499934939e+00
2.726493283795370104e+01,2.353617365466932121e+00
2.728493855387253575e+01,1.982776139205609134e+00
2.730494426979137046e+01,1.960735066607953492e+00
2.732494998571020517e+01,3.050163188924053692e+00
2.734495570162903633e+01,2.714517029382904845e+00
2.736496141754787104e+01,1.988419477778765376e+00
2.738496713346670575e+01,2.202259260461115531e+00
2.740497284938554046e+01,1.808773923686607610e+00
2.742497856530437517e+01,2.644883718408947093e+00
2.744498428122320632e+01,2.629558323844262802e+00
2.746498999714204103e+01,3.160735000514043769e+00
2.748499571306087574e+01,2.623285396002621894e+00
2.750500142897971045e+01,2.218663834412182290e+00
2.752500714489854516e+01,2.268655088815191512e+00
2.754501286081737632e+01,2.571465847550705508e+00
2.756501857673621103e+01,2.508339869164337266e+00
2.758502429265504574e+01,3.078079141968918186e+00
2.760503000857388045e+01,3.174505812824556017e+00
2.762503572449271161e+01,2.273215745525464015e+00
2.764504144041154632e+01,2.939982050331142460e+00
2.766504715633038103e+01,3.200953619958019303e+00
2.768505287224921574e+01,2.758355933767026258e+00
2.770505858816805045e+01,3.430879527837104703e+00
2.772506430408688161e+01,2.717091415748741579e+00
2.774507002000571632e+01,2.936291943977113572e+00
2.776507573592455103e+01,3.736353166967827821e+00
2.778508145184338574e+01,2.560428831440799691e+00
2.780508716776222045e+01,2.343209371214313830e+00
2.782509288368105160e+01,2.953104642846725802e+00
2.784509859959988631e+01,2.870581666988735847e+00
2.786510431551872102e+01,4.063098688423189664e+00
2.788511003143755573e+01,3.710084034295869415e+00
2.790511574735638689e+01,3.372970804374853415e+00
2.792512146327522160e+01,3.935476370285676762e+00
2.794512717919405631e+01,4.407722863526415402e+00
2.796513289511289102e+01,4.301903831592890803e+00
2.798513861103172573e+01,3.671711475327659180e+00
2.800514432695055689e+01,4.262950941136509186e+00
2.802515004286939160e+01,4.326202059408463363e+00
2.804515575878822631e+01,4.846869637763936645e+00
2.806516147470706102e+01,5.594495738544473795e+00
2.808516719062589573e+01,5.852511890385914128e+00
2.810517290654472689e+01,5.178079590208268357e+00
2.812517862246356160e+01,5.221201649950256041e+00
2.814518433838239631e+01,5.180294047327017815e+00
2.816519005430123102e+01,6.096510519670566453e+00
2.818519577022006217e+01,6.852224985365186427e+00
2.820520148613889688e+01,7.298366125228775481e+00
2.822520720205773159e+01,7.980003185623477435e+00
2.824521291797656630e+01,7.671405599057057323e+00
2.826521863389540101e+01,8.478883207587573523e+00
2.828522434981423217e+01,7.684391355689744962e+00
2.830523006573306688e+01,8.551259116831779750e+00
2.832523578165190159e+01,8.319863761757371634e+00
2.834524149757073630e+01,9.386792882074571409e+00
2.836524721348957101e+01,9.542596307968217673e+00
2.838525292940840217e+01,1.018982567571088005e+01
2.840525864532723688e+01,1.120971293304240390e+01
2.842526436124607159e+01,1.227296734825679003e+01
2.844527007716490630e+01,1.212762274983236210e+01
2.846527579308374101e+01,1.246073760431662336e+01
2.848528150900257216e+01,1.280996630020907112e+01
2.850528722492140687e+01,1.337911646130137910e+01
2.852529294084024158e+01,1.362194973366427320e+01
2.854529865675907629e+01,1.521797336183455229e+01
2.856530437267790745e+01,1.475650078860726566e+01
2.858531008859674216e+01,1.492582326251511482e+01
2.860531580451557687e+01,1.617629098847431379e+01
2.862532152043441158e+01,1.624299463017186440e+01
2.864532723635324629e+01,1.500060786436506710e+01
2.866533295227207745e+01,1.569950813970077164e+01
2.868533866819091216e+01,1.521415022099034431e+01
2.870534438410974687e+01,1.532250929050596788e+01
2.872535010002858158e+01,1.482635039472356020e+01
2.874535581594741629e+01,1.497452866517087777e+01
2.876536153186624745e+01,1.352499619100440853e+01
2.878536724778508216e+01,1.252782445106231179e+01
2.880537296370391687e+01,1.138510651361159631e+01
2.882537867962275158e+01,1.111368991599077560e+01
2.884538439554158273e+01,9.941367696779401797e+00
2.886539011146041744e+01,9.264210229237479055e+00
2.888539582737925215e+01,8.169257291985543290e+00
2.890540154329808686e+01,8.658877749170162730e+00
2.892540725921692157e+01,8.103702096315103631e+00
2.894541297513575273e+01,6.651661079239105767e+00
2.896541869105458744e+01,6.916303922050686559e+00
2.898542440697342215e+01,5.723544144312221249e+00
2.900543012289225686e+01,6.100051029522507662e+00
2.902543583881109157e+01,5.708098902412070963e+00
2.904544155472992273e+01,5.929503037371183005e+00
2.906544727064875744e+01,6.649090890695816825e+00
2.908545298656759215e+01,6.381596520844990295e+00
2.910545870248642686e+01,6.639262090688901274e+00
2.912546441840525802e+01,6.376565551060501491e+00
2.914547013432409273e+01,7.044759697940119914e+00
2.916547585024292744e+01,7.224116211930325271e+00
2.918548156616176215e+01,8.007157219474844823e+00
2.920548728208059686e+01,8.160288982212813735e+00
2.922549299799942801e+01,8.108027846312975129e+00
2.924549871391826272e+01,9.236336128826273750e+00
2.926550442983709743e+01,1.041923684899701463e+01
2.928551014575593214e+01,1.042520004575182035e+01
2.930551586167476685e+01,1.015255782623419201e+01
2.932552157759359801e+01,1.124621036556856879e+01
2.934552729351243272e+01,1.163548459489290110e+01
2.936553300943126743e+01,1.335407340996309244e+01
2.938553872535010214e+01,1.424384947184201344e+01
2.940554444126893330e+01,1.454661632866441856e+01
2.942555015718776801e+01,1.552924720107950662e+01
2.944555587310660272e+01,1.618520397551657908e+01
2.946556158902543743e+01,1.644959969537780609e+01
2.948556730494427214e+01,1.840290271104794684e+01
2.950557302086310330e+01,1.865834334470978106e+01
2.952557873678193801e+01,2.083315007038681443e+01
2.954558445270077272e+01,2.077557620517276504e+01
2.956559016861960743e+01,2.190621487730108186e+01
2.958559588453844214e+01,2.331972007202715957e+01
2.960560160045727329e+01,2.469115442193783849e+01
2.962560731637610800e+01,2.571824473929351740e+01
2.964561303229494271e+01,2.602692536661897549e+01
2.966561874821377742e+01,2.751610477311630731e+01
2.968562446413261213e+01,2.756497005044729676e+01
2.970563018005144329e+01,2.804545251994020560e+01
2.972563589597027800e+01,2.840958641624820302e+01
2.974564161188911271e+01,2.913040019810572900e+01
2.976564732780794742e+01,2.825609201735165499e+01
2.978565304372677858e+01,2.862279690671249099e+01
2.980565875964561329e+01,2.784453223798628585e+01
2.982566447556444800e+01,2.669054669448084027e+01
2.984567019148328271e+01,2.569519520070928920e+01
2.986567590740211742e+01,2.398723587301568472e+01
2.988568162332094857e+01,2.265980774421822019e+01
2.990568733923978328e+01,2.007058191453351981e+01
2.992569305515861799e+01,1.933336669230833849e+01
2.994569877107745270e+01,1.731549910641143342e+01
2.996570448699628741e+01,1.511243951773382399e+01
2.998571020291511857e+01,1.360925924450966207e+01
3.000571591883395328e+01,1.192690421505393772e+01
3.002572163475278799e+01,1.077014323633866510e+01
3.004572735067162270e+01,1.021745282403266408e+01
3.006573306659045386e+01,8.267334053933236504e+00
3.008573878250928857e+01,7.069218318757815922e+00
3.010574449842812328e+01,5.674972509868828396e+00
3.012575021434695799e+01,5.277890460659471650e+00
3.014575593026579270e+01,5.070929006611320844e+00
3.016576164618462386e+01,4.269077001749687739e+00
3.018576736210345857e+01,4.091220196167684620e+00
3.020577307802229328e+01,3.440364313575270838e+00
3.022577879394112799e+01,3.887865051412635609e+00
3.024578450985996270e+01,3.546835165522158828e+00
3.026579022577879385e+01,3.384435064370634461e+00
3.028579594169762856e+01,2.985450952782852330e+00
3.030580165761646327e+01,3.133288805890687811e+00
3.032580737353529798e+01,3.304979497135350108e+00
3.034581308945412914e+01,3.444832432872764194e+00
3.036581880537296385e+01,2.805172373969810451e+00
3.038582452129179856e+01,2.976665143465734076e+00
3.040583023721063327e+01,3.093106600020603114e+00
3.042583595312946798e+01,3.417907032002363898e+00
3.044584166904829914e+01,2.752846410996929283e+00
3.046584738496713385e+01,2.288876162688097793e+00
3.048585310088596856e+01,3.153995415797718138e+00
3.050585881680480327e+01,2.668764835380442957e+00
3.052586453272363798e+01,2.789899130276783268e+00
3.054587024864246914e+01,3.033635592795679514e+00
3.056587596456130385e+01,2.697802863406002061e+00
3.058588168048013856e+01,2.220415531965902023e+00
3.060588739639897327e+01,3.303354755975890455e+00
3.062589311231780798e+01,3.271445196988836734e+00
3.064589882823663913e+01,3.170956508616768588e+00
3.066590454415547384e+01,2.757809649488022430e+00
3.068591026007430855e+01,2.441279499698539190e+00
3.070591597599314326e+01,2.594768731055552280e+00
3.072592169191197442e+01,2.865127222275368979e+00
3.074592740783080913e+01,2.855749098236801231e+00
3.076593312374964384e+01,2.550696110426761365e+00
3.078593883966847855e+01,2.775998725673962664e+00
3.080594455558731326e+01,3.269660018023340164e+00
3.082595027150614442e+01,3.453848100280286992e+00
3.084595598742497913e+01,2.970662906413032545e+00
3.086596170334381384e+01,2.597952780940593343e+00
3.088596741926264855e+01,3.565551632641281277e+00
3.090597313518148326e+01,3.508929670655314137e+00
3.092597885110031442e+01,3.885143090556257839e+00
3.094598456701914913e+01,3.630649370301699541e+00
3.096599028293798384e+01,4.251368573208077706e+00
3.098599599885681855e+01,3.649797944074111733e+00
3.100600171477564970e+01,4.666679765922310708e+00
3.102600743069448441e+01,4.431665227290217501e+00
3.104601314661331912e+01,5.305803078240352022e+00
3.106601886253215383e+01,5.622924903575236222e+00
3.108602457845098854e+01,5.007029632341260417e+00
3.110603029436981970e+01,5.403899759079811460e+00
3.112603601028865441e+01,5.360956174011120012e+00
3.114604172620748912e+01,6.711606616354802490e+00
3.116604744212632383e+01,6.774943925480249263e+00
3.118605315804515854e+01,6.799679808261515745e+00
3.120605887396398970e+01,7.312385614223035901e+00
3.122606458988282441e+01,7.899977983022200334e+00
3.124607030580165912e+01,8.453408599628112086e+00
3.126607602172049383e+01,9.310333565349584006e+00
3.128608173763932498e+01,8.954192461554326243e+00
3.130608745355815969e+01,9.516995627312333283e+00
3.132609316947699440e+01,1.081161537279404428e+01
3.134609888539582911e+01,1.164132777430999255e+01
3.136610460131466382e+01,1.163437099981862488e+01
3.138611031723349498e+01,1.298759256604584245e+01
3.140611603315232969e+01,1.401789271413218785e+01
3.142612174907116440e+01,1.534698852632545396e+01
3.144612746498999911e+01,1.595542668684854348e+01
3.146613318090883382e+01,1.724238500158055487e+01
3.148613889682766498e+01,1.846462355751710405e+01
3.150614461274649969e+01,1.901595573759499302e+01
3.152615032866533440e+01,1.995136641794571375e+01
3.154615604458416911e+01,2.107107093489381811e+01
3.156616176050300382e+01,2.237467100323658187e+01
3.158616747642183498e+01,2.386333694077084644e+01
3.160617319234066969e+01,2.508988882095898276e+01
3.162617890825950440e+01,2.625388276379239016e+01
3.164618462417833911e+01,2.637512536471687952e+01
3.166619034009717026e+01,2.818117629686335235e+01
3.168619605601600497e+01,2.934751510726068346e+01
3.170620177193483968e+01,2.889162830968226103e+01
3.172620748785367439e+01,2.967379990030335080e+01
3.174621320377250910e+01,3.104265652151222810e+01
3.176621891969134026e+01,3.079155753669927620e+01
3.178622463561017497e+01,3.072717388573262909e+01
3.180623035152900968e+01,2.979824267718435493e+01
3.182623606744784439e+01,2.923893629821780848e+01
3.184624178336667910e+01,2.877137110138318477e+01
3.186624749928551026e+01,2.712546133601413345e+01
3.188625321520434497e+01,2.560829743295471417e+01
3.190625893112317968e+01,2.467765169203080333e+01
3.192626464704201439e+01,2.276272195890267014e+01
3.194627036296084555e+01,2.265765054923009814e+01
3.196627607887968026e+01,2.187636753107603838e+01
3.198628179479851497e+01,2.085111537592677422e+01
3.200628751071734968e+01,1.923751582733524046e+01
3.202629322663618439e+01,1.868790000087842174e+01
3.204629894255501199e+01,1.938030794858283201e+01
3.206630465847385381e+01,1.818321966222863750e+01
3.208631037439268141e+01,1.763588386895260385e+01
3.210631609031152323e+01,1.779243928160416743e+01
3.212632180623035083e+01,1.799132553005643231e+01
3.214632752214918554e+01,1.801238591781489262e+01
3.216633323806802025e+01,1.832607057578674770e+01
3.218633895398685496e+01,1.825127216837852018e+01
3.220634466990568967e+01,1.909440317261535114e+01
3.222635038582451728e+01,1.889719649440435489e+01
3.224635610174335909e+01,1.892052317873889677e+01
3.226636181766218670e+01,1.787440981936732243e+01
3.228636753358102851e+01,1.883265158485551183e+01
3.230637324949985612e+01,1.781323617036017026e+01
3.232637896541869083e+01,1.974157175504760886e+01
3.234638468133752554e+01,1.963311592396632221e+01
3.236639039725636025e+01,1.928237194089652462e+01
3.238639611317519496e+01,2.025246295197086610e+01
3.240640182909402967e+01,2.109951166521739907e+01
3.242640754501286438e+01,2.122290197008008406e+01
3.244641326093169198e+01,2.180498857343081198e+01
3.246641897685053380e+01,2.269735858287029018e+01
3.248642469276936140e+01,2.462788216320278067e+01
3.250643040868819611e+01,2.598889234468703791e+01
3.252643612460703082e+01,2.645823509230276471e+01
3.254644184052586553e+01,2.848968437483479121e+01
3.256644755644470024e+01,3.123814236419189427e+01
3.258645327236353495e+01,3.254235289623254346e+01
3.260645898828236966e+01,3.393433795135217679e+01
3.262646470420119726e+01,3.680200293923401489e+01
3.264647042012003908e+01,3.896801932517377764e+01
3.266647613603886668e+01,4.147724478135479842e+01
3.268648185195770850e+01,4.439941082800801553e+01
3.270648756787653610e+01,4.743203578900816808e+01
3.272649328379537081e+01,5.010320631152082882e+01
3.274649899971420552e+01,5.305688609544110790e+01
3.276650471563304023e+01,5.604911006812024965e+01
3.278651043155187494e+01,5.854350801691229833e+01
3.280651614747070255e+01,6.142137992631890597e+01
3.282652186338954436e+01,6.332886990247862968e+01
3.284652757930837197e+01,6.455652050000134068e+01
3.286653329522721378e+01,6.673167278419761317e+01
3.288653901114604139e+01,6.723618460641868921e+01
3.290654472706487610e+01,6.712949616685507692e+01
3.292655044298371081e+01,6.755038982009651249e+01
3.294655615890254552e+01,6.724285149578010135e+01
3.296656187482138023e+01,6.487483142568194694e+01
3.298656759074020783e+01,6.437973794459659871e+01
3.300657330665904965e+01,6.253189573017814951e+01
3.302657902257787725e+01,6.176671338682486834e+01
3.304658473849671907e+01,5.991372847312686645e+01
3.306659045441554667e+01,5.871480206469216512e+01
3.308659617033438138e+01,5.664174664100025325e+01
3.310660188625321609e+01,5.558269770891102723e+01
3.312660760217205080e+01,5.543325277722732380e+01
3.314661331809088551e+01,5.519366140580237357e+01
3.316661903400971312e+01,5.491732792863973600e+01
3.318662474992855493e+01,5.427581279024599326e+01
3.320663046584738254e+01,5.434907358239868813e+01
3.322663618176622435e+01,5.510019427049872576e+01
3.324664189768505196e+01,5.588568046649060506e+01
3.326664761360388667e+01,5.487254385437811521e+01
3.328665332952272138e+01,5.393006532887925175e+01
3.330665904544155609e+01,5.432553068463410995e+01
3.332666476136039080e+01,5.299183116826501561e+01
3.334667047727922551e+01,5.193044320672969860e+01
3.336667619319806022e+01,4.889810946217718168e+01
3.338668190911688782e+01,4.668127605831798377e+01
3.340668762503572964e+01,4.478194755103100988e+01
3.342669334095455724e+01,4.218130059165504520e+01
3.344669905687339195e+01,3.960047385820612220e+01
3.346670477279222666e+01,3.615495469507879989e+01
3.348671048871106137e+01,3.325953579136641736e+01
3.350671620462989608e+01,2.996759353517550295e+01
3.352672192054873079e+01,2.750725043814043858e+01
3.354672763646756550e+01,2.496580749177000413e+01
3.356673335238639311e+01,2.355869003336065859e+01
3.358673906830523492e+01,2.117235240217931036e+01
3.360674478422406253e+01,1.902348785685921229e+01
3.362675050014290434e+01,1.709897350795472803e+01
3.364675621606173195e+01,1.691513762351149097e+01
3.366676193198056666e+01,1.612061062385902233e+01
3.368676764789940137e+01,1.513239674345409647e+01
3.370677336381823608e+01,1.524425604037638848e+01
3.372677907973707079e+01,1.539464667084548744e+01
3.374678479565589839e+01,1.506444678393638803e+01
3.376679051157474021e+01,1.548290861599766544e+01
3.378679622749356781e+01,1.554416659527663391e+01
3.380680194341240963e+01,1.567186884134229707e+01
3.382680765933123723e+01,1.586401911462622394e+01
3.384681337525007194e+01,1.682958193008200709e+01
3.386681909116890665e+01,1.748467580383841025e+01
3.388682480708774136e+01,1.772023107398857533e+01
3.390683052300657607e+01,1.797278241890613160e+01
3.392683623892540368e+01,1.818393964423190923e+01
3.394684195484424549e+01,1.871587040858410944e+01
3.396684767076307310e+01,1.930092099198288480e+01
3.398685338668191491e+01,1.966502868143662752e+01
3.400685910260074252e+01,1.902884144545234690e+01
3.402686481851957723e+01,1.950829872335398463e+01
3.404687053443841194e+01,1.916031291869685305e+01
3.406687625035724665e+01,1.892067098246592138e+01
3.408688196627608136e+01,1.848323145919537325e+01
3.410688768219490896e+01,1.851375877850673390e+01
3.412689339811375078e+01,1.777773654774731682e+01
3.414689911403257838e+01,1.721173751247474115e+01
3.416690482995142020e+01,1.707117476354648034e+01
3.418691054587024780e+01,1.636588554519278915e+01
3.420691626178908251e+01,1.578698507305155907e+01
3.422692197770791722e+01,1.570639807490982420e+01
3.424692769362675193e+01,1.458809747504540333e+01
3.426693340954558664e+01,1.503909917266796192e+01
3.428693912546442135e+01,1.436553709729329675e+01
3.430694484138325606e+01,1.298095320968829469e+01
3.432695055730208367e+01,1.329577688301493055e+01
3.434695627322092548e+01,1.188332050947099816e+01
3.436696198913975309e+01,1.193888671286581271e+01
3.438696770505858780e+01,1.147159962263000743e+01
3.440697342097742251e+01,1.026412776779656433e+01
3.442697913689625722e+01,1.039126666397336507e+01
3.444698485281509193e+01,8.912466917584366044e+00
3.446699056873392664e+01,9.419087053707725588e+00
3.448699628465276135e+01,7.962492333572857461e+00
3.450700200057158895e+01,7.604017393624403987e+00
3.452700771649043077e+01,6.565828192499298943e+00
3.454701343240925837e+01,5.971373357317605546e+00
3.456701914832810019e+01,5.506837775307868554e+00
3.458702486424692779e+01,5.546562462148886929e+00
3.460703058016576250e+01,4.970490668085632890e+00
3.462703629608459721e+01,4.646300253589728868e+00
3.464704201200343192e+01,4.554521150754465175e+00
3.466704772792226663e+01,3.103701476577232832e+00
3.468705344384109424e+01,3.943234091256562657e+00
3.470705915975993605e+01,3.706550688542593175e+00
3.472706487567876366e+01,2.496257703734622524e+00
3.474707059159760547e+01,2.937178266254226067e+00
3.476707630751643308e+01,2.594199641929708200e+00
3.478708202343526779e+01,2.640291659429634841e+00
3.480708773935410250e+01,2.843220650096539792e+00
3.482709345527293721e+01,2.483222719518887622e+00
3.484709917119177192e+01,1.959306693226536389e+00
3.486710488711059952e+01,2.848604074680558540e+00
3.488711060302944134e+01,2.495551920786397648e+00
3.490711631894826894e+01,2.786496433734969358e+00
3.492712203486711076e+01,2.715584632367381790e+00
3.494712775078593836e+01,1.682736232347183059e+00
3.496713346670477307e+01,2.605647493446571872e+00
3.498713918262360778e+01,2.630316833870228521e+00
3.500714489854244249e+01,3.138133693901921539e+00
3.502715061446127720e+01,1.568499168928316312e+00
3.504715633038010481e+01,2.171688968844040613e+00
3.506716204629894662e+01,2.642379384970374723e+00
3.508716776221777423e+01,2.140435271442760801e+00
3.510717347813661604e+01,2.033075418744630714e+00
3.512717919405544365e+01,2.329072145324638576e+00
3.514718490997427836e+01,1.520530375082558283e+00
3.516719062589311307e+01,1.845052377833100277e+00
3.518719634181194778e+01,2.805588041043368897e+00
3.520720205773078249e+01,1.298421555298012287e+00
3.522720777364961720e+01,1.752044781892754033e+00
3.524721348956845191e+01,1.321304473351982312e+00
3.526721920548727951e+01,2.155140101393398844e+00
3.528722492140612133e+01,2.199915820067537719e+00
3.530723063732494893e+01,1.225087174183770777e+00
3.532723635324378364e+01,1.904036362759372825e+00
3.534724206916261835e+01,2.101909762909251800e+00
3.536724778508145306e+01,1.633919195715637152e+00
3.538725350100028777e+01,2.540869284209476664e+00
3.540725921691912248e+01,2.143941030928527169e+00
3.542726493283795719e+01,1.625443521900962640e+00
3.544727064875678479e+01,1.408486664388431731e+00
3.546727636467562661e+01,2.206323702135660980e+00
3.548728208059445421e+01,1.645200423799737965e+00
3.550728779651329603e+01,1.855826136554647787e+00
3.552729351243212363e+01,2.288365420123478877e+00
3.554729922835095834e+01,1.883928150913408928e+00
3.556730494426979305e+01,1.452705887180971489e+00
3.558731066018862776e+01,1.524992557499964985e+00
3.560731637610746247e+01,1.166076488965902325e+00
3.562732209202629008e+01,2.025663425399793383e+00
3.564732780794513189e+01,1.607956113116646435e+00
3.566733352386395950e+01,1.772622603143690245e+00
3.568733923978280131e+01,2.306110654557462780e+00
3.570734495570162892e+01,1.455845474871350298e+00
3.572735067162046363e+01,2.000151365960931571e+00
3.574735638753929834e+01,1.263608943878592683e+00
3.576736210345813305e+01,1.087305259242053790e+00
3.578736781937696776e+01,2.048921768220795414e+00
3.580737353529579536e+01,1.761465238568578284e+00
3.582737925121463718e+01,2.205566384410971636e+00
3.584738496713346478e+01,1.856421846437193990e+00
3.586739068305230660e+01,1.927186726294684238e+00
3.588739639897113420e+01,1.794044179353428081e+00
3.590740211488996891e+01,1.684244355184633779e+00
3.592740783080880362e+01,1.903072589614834165e+00
3.594741354672763833e+01,1.571879247311528172e+00
3.596741926264647304e+01,1.221288270652273633e+00
3.598742497856530065e+01,1.813371750944134941e+00
3.600743069448414246e+01,1.076651737417979815e+00
3.602743641040297007e+01,9.063221271936474643e-01
3.604744212632181188e+01,1.841140437233777183e+00
3.606744784224063949e+01,1.790294773115631344e+00
3.608745355815947420e+01,1.119577101179350054e+00
3.610745927407830891e+01,2.071786426027613093e+00
3.612746498999714362e+01,1.931959599058440613e+00
3.614747070591597833e+01,1.620198580380470599e+00
3.616747642183481304e+01,1.965738689882412071e+00
3.618748213775364775e+01,1.239269936871151501e+00
3.620748785367247535e+01,2.181986653294178513e+00
3.622749356959131717e+01,2.179855422155455358e+00
3.624749928551014477e+01,1.740130707021628087e+00
3.626750500142897948e+01,1.339619715168845815e+00
3.628751071734781419e+01,7.097550684149670497e-01
3.630751643326664890e+01,2.268079457599083693e+00
3.632752214918548361e+01,2.023106862160027219e+00
3.634752786510431832e+01,1.587987556649065990e+00
3.636753358102315303e+01,2.038879438327751981e+00
3.638753929694198064e+01,1.705448219635097740e+00
3.640754501286082245e+01,1.250919315008453214e+00
3.642755072877965006e+01,9.811256701935950897e-01
3.644755644469849187e+01,1.367618476507941105e+00
3.646756216061731948e+01,1.011782739208682669e+00
3.648756787653615419e+01,2.079258035681252448e+00
3.650757359245498890e+01,2.003716189325965402e+00
3.652757930837382361e+01,1.545799353627694384e+00
3.654758502429265832e+01,1.178248813158622621e+00
3.656759074021148592e+01,2.029940160312697639e+00
3.658759645613032774e+01,2.009593876613023244e+00
3.660760217204915534e+01,2.469444109281856203e+00
3.662760788796799716e+01,1.855763212359984760e+00
3.664761360388682476e+01,1.359892433620000673e+00
3.666761931980565947e+01,1.705038418188627780e+00
3.668762503572449418e+01,1.961747787645946595e+00
3.670763075164332889e+01,1.573186022957276498e+00
3.672763646756216360e+01,1.709683657501395615e+00
3.674764218348099121e+01,1.353150615931885792e+00
3.676764789939983302e+01,2.094760192590729098e+00
3.678765361531866063e+01,1.846395521340336021e+00
3.680765933123750244e+01,1.231805362023732364e+00
3.682766504715633005e+01,1.777611666195219264e+00
3.684767076307516476e+01,1.544701994237181353e+00
3.686767647899399947e+01,1.609749333388795112e+00
3.688768219491283418e+01,1.012638281940860141e+00
3.690768791083166889e+01,2.434996726059444505e+00
3.692769362675049649e+01,1.365140742765075021e+00
3.694769934266933831e+01,7.720604301550879622e-01
3.696770505858816591e+01,1.584832574233378200e+00
3.698771077450700773e+01,1.853764811280528502e+00
3.700771649042583533e+01,1.165721955535867327e+00
3.702772220634467004e+01,1.843235246733916366e+00
3.704772792226350475e+01,2.012689226529460029e+00
3.706773363818233946e+01,1.940251141059508910e+00
3.708773935410117417e+01,1.663338466619380007e+00
3.710774507002000888e+01,2.275990500765433300e+00
3.712775078593884359e+01,2.774352604210469586e+00
3.714775650185767120e+01,2.744541409798467058e+00
3.716776221777651301e+01,1.774225063703759320e+00
3.718776793369534062e+01,2.060902192640179820e+00
3.720777364961417533e+01,2.021789860634497948e+00
3.722777936553301004e+01,3.011940641239458483e+00
3.724778508145184475e+01,1.604447213857971732e+00
3.726779079737067946e+01,2.629056977248658278e+00
3.728779651328951417e+01,2.281030216462328397e+00
3.730780222920834888e+01,2.367340862700212156e+00
3.732780794512717648e+01,2.457926174742932179e+00
3.734781366104601830e+01,3.094075874763707379e+00
3.736781937696484590e+01,2.669793966381655892e+00
3.738782509288368772e+01,2.354525225810963018e+00
3.740783080880251532e+01,3.263475474463024550e+00
3.742783652472135003e+01,2.962881011139617105e+00
3.744784224064018474e+01,2.832870701220081777e+00
3.746784795655901945e+01,3.534645776110150628e+00
3.748785367247785416e+01,3.117239925785139754e+00
3.750785938839668177e+01,3.202150531858558136e+00
3.752786510431552358e+01,2.776405835658704468e+00
3.754787082023435119e+01,3.055745804591267323e+00
3.756787653615319300e+01,3.105907238645159385e+00
3.758788225207202061e+01,2.406805515342711033e+00
3.760788796799085532e+01,2.925355941765126033e+00
3.762789368390969003e+01,2.531474427938753990e+00
3.764789939982852474e+01,2.596492147008658158e+00
3.766790511574735945e+01,2.512538680148808545e+00
3.768791083166618705e+01,2.723366693368173941e+00
3.770791654758502887e+01,3.065627447671027461e+00
3.772792226350385647e+01,2.092493791334935516e+00
3.774792797942269829e+01,2.806986561100213606e+00
3.776793369534152589e+01,2.231542201807842130e+00
3.778793941126036060e+01,1.548297145548471532e+00
3.780794512717919531e+01,1.150822963828527223e+00
3.782795084309803002e+01,1.976905225414943290e+00
3.784795655901686473e+01,1.936081265859378675e+00
3.786796227493569234e+01,1.959565752484973888e+00
3.788796799085453415e+01,1.382860324660120988e+00
3.790797370677336176e+01,1.697096802695242435e+00
3.792797942269220357e+01,1.054815198972111290e+00
3.794798513861103118e+01,1.913342438174529647e+00
3.796799085452986589e+01,2.558790634238803818e+00
3.798799657044870060e+01,7.939920338478051454e-01
3.800800228636753531e+01,1.581671497090272327e+00
3.802800800228637002e+01,2.059073610438938218e+00
3.804801371820520473e+01,1.319252693418288214e+00
3.806801943412403944e+01,1.079400822767901058e+00
3.808802515004286704e+01,1.546659200014851354e+00
3.810803086596170886e+01,1.006208496811678010e+00
3.812803658188053646e+01,1.541802806775540491e+00
3.814804229779937117e+01,1.939735800410092192e+00
3.816804801371820588e+01,1.071777970997310536e+00
3.818805372963704059e+01,1.230458861150534045e+00
3.820805944555587530e+01,2.251890001790469498e+00
3.822806516147471001e+01,2.330613129862433297e+00
3.824807087739354472e+01,2.285197589305938415e+00
3.826807659331237232e+01,1.528896859498882987e+00
3.828808230923121414e+01,1.600584048464599896e+00
3.830808802515004174e+01,1.526521327512120330e+00
3.832809374106888356e+01,1.518551473624371262e+00
3.834809945698771116e+01,1.976520495422073864e+00
3.836810517290654587e+01,1.421258558870685862e+00
3.838811088882538058e+01,1.879971299223107462e+00
3.840811660474421529e+01,1.036190086175380776e+00
3.842812232066305000e+01,1.685315836071663798e+00
3.844812803658187761e+01,1.033611211511172634e+00
3.846813375250071942e+01,1.616807892792583301e+00
3.848813946841954703e+01,1.317715808557488488e+00
3.850814518433838884e+01,1.163423787124544084e+00
3.852815090025721645e+01,1.769999700931170095e+00
3.854815661617605116e+01,1.504286430685838338e+00
3.856816233209488587e+01,1.412235443970420556e+00
3.858816804801372058e+01,1.684806558746839489e+00
3.860817376393255529e+01,1.255928009491942499e+00
3.862817947985138289e+01,1.172936840942084391e+00
3.864818519577022471e+01,1.463092444760795141e+00
3.866819091168905231e+01,1.503870159310017662e+00
3.868819662760789413e+01,1.287909588763251012e+00
3.870820234352672173e+01,1.689332578731491896e+00
3.872820805944555644e+01,1.803190059289473623e+00
3.874821377536439115e+01,2.078335312250064959e+00
3.876821949128322586e+01,2.194084377129141394e+00
3.878822520720206057e+01,1.553981040343114017e+00
3.880823092312088818e+01,2.135557245984683217e+00
3.882823663903972999e+01,8.953551862591455635e-01
3.884824235495855760e+01,1.600280945979701830e+00
3.886824807087739941e+01,1.648275045474616896e+00
3.888825378679622702e+01,8.550046278641988406e-01
3.890825950271506173e+01,1.942477216853097488e+00
3.892826521863389644e+01,1.622137659076857030e+00
3.894827093455273115e+01,2.042838082323541471e+00
3.896827665047156586e+01,1.516541348078641160e+00
3.898828236639040057e+01,1.842929292091954441e+00
3.900828808230923528e+01,2.501125567157227003e+00
3.902829379822806288e+01,1.371769300707274208e+00
3.904829951414690470e+01,1.297363184917328827e+00
3.906830523006573230e+01,8.067065910495674341e-01
3.908831094598456701e+01,1.471188502386471697e+00
3.910831666190340172e+01,1.986245293337435491e+00
3.912832237782223643e+01,2.088002219120783209e+00
3.914832809374107114e+01,2.050933279725819069e+00
3.916833380965990585e+01,1.263916624386593357e+00
3.918833952557874056e+01,2.733200024014471374e+00
3.920834524149756817e+01,1.800113366033969209e+00
3.922835095741640998e+01,1.583089793546013979e+00
3.924835667333523759e+01,2.265747714228754095e+00
3.926836238925407940e+01,1.488903024604601999e+00
3.928836810517290701e+01,1.755010791886837618e+00
3.930837382109174172e+01,2.522353779504916904e+00
3.932837953701057643e+01,2.558867278771875142e+00
3.934838525292941114e+01,2.581248030600315158e+00
3.936839096884824585e+01,2.736609858677843121e+00
3.938839668476707345e+01,2.850419078499919490e+00
3.940840240068591527e+01,2.875181274848481294e+00
3.942840811660474287e+01,2.385328650239806336e+00
3.944841383252358469e+01,3.240530770860740706e+00
3.946841954844241229e+01,3.086070207112963537e+00
3.948842526436124700e+01,3.482162010807237529e+00
3.950843098028008171e+01,3.217412319033634116e+00
3.952843669619891642e+01,4.351657271339169242e+00
3.954844241211775113e+01,4.483355991607961499e+00
3.956844812803657874e+01,4.244507196906958768e+00
3.958845384395542055e+01,4.371604209521072093e+00
3.960845955987424816e+01,4.910742407186564407e+00
3.962846527579308997e+01,4.603521795132050620e+00
3.964847099171191758e+01,4.622100130291028286e+00
3.966847670763075229e+01,4.862331920213486924e+00
3.968848242354958700e+01,4.408656330959034086e+00
3.970848813946842171e+01,5.208118504866691367e+00
3.972849385538725642e+01,4.977061558301496547e+00
3.974849957130608402e+01,4.529112993700381118e+00
3.976850528722492584e+01,4.956701095274504532e+00
3.978851100314375344e+01,4.807039565305799123e+00
3.980851671906259526e+01,4.447285179566759616e+00
3.982852243498142286e+01,4.867495225754371546e+00
3.984852815090025757e+01,4.636339990941306333e+00
3.986853386681909228e+01,4.077023988580910974e+00
3.988853958273792699e+01,4.638806223700875364e+00
3.990854529865676170e+01,4.291588729726954377e+00
3.992855101457559641e+01,4.777299325505151018e+00
3.994855673049443112e+01,4.375220021849540508e+00
3.996856244641325873e+01,4.428056936328550464e+00
3.998856816233210054e+01,4.334270533554110294e+00
4.000857387825092815e+01,4.582947143389959344e+00
4.002857959416976286e+01,4.734690998330045808e+00
4.004858531008859757e+01,4.725156310841258644e+00
4.006859102600743228e+01,5.128339623257100577e+00
4.008859674192626699e+01,4.943777003259355318e+00
4.010860245784510170e+01,6.161576530747866265e+00
4.012860817376393641e+01,5.710470972736907846e+00
4.014861388968276401e+01,6.119369128214821707e+00
4.016861960560160583e+01,6.393457144607103793e+00
4.018862532152043343e+01,6.737026981824139504e+00
4.020863103743927525e+01,5.557588862424374554e+00
4.022863675335810285e+01,6.202906542356245723e+00
4.024864246927693756e+01,6.489106996087489421e+00
4.026864818519577227e+01,7.127286936116104421e+00
4.028865390111460698e+01,5.633741577121653243e+00
4.030865961703344169e+01,5.330116203736936953e+00
4.032866533295226930e+01,5.511003064803122520e+00
4.034867104887111111e+01,5.005363545109672962e+00
4.036867676478993872e+01,5.029061024342469821e+00
4.038868248070878053e+01,4.472745900670241248e+00
4.040868819662760814e+01,4.184008829817092767e+00
4.042869391254644285e+01,4.505582239903350050e+00
4.044869962846527756e+01,3.510416354249906057e+00
4.046870534438411227e+01,3.970752510409033764e+00
4.048871106030294698e+01,3.828013874605161071e+00
4.050871677622177458e+01,2.967497472156102045e+00
4.052872249214061640e+01,2.844712494974110939e+00
4.054872820805944400e+01,2.060156718973302770e+00
4.056873392397828582e+01,3.173207088404620180e+00
4.058873963989711342e+01,2.537228093769075876e+00
4.060874535581594813e+01,2.085846009299694437e+00
4.062875107173478284e+01,1.940665933059605219e+00
4.064875678765361755e+01,2.450240571478302876e+00
4.066876250357245226e+01,1.384753366477113889e+00
4.068876821949127986e+01,1.659012111188756355e+00
4.070877393541012168e+01,2.218626034437026107e+00
4.072877965132894929e+01,1.371282161242926678e+00
4.074878536724779110e+01,2.297682113655569403e+00
4.076879108316661871e+01,1.240972169271910008e+00
4.078879679908545342e+01,1.991317627448214278e+00
4.080880251500428813e+01,1.437344200632899582e+00
4.082880823092312284e+01,2.421061212524548090e+00
4.084881394684195755e+01,1.423228053937618309e+00
4.086881966276079226e+01,1.164601811397499409e+00
4.088882537867962697e+01,2.438777914308431161e+00
4.090883109459845457e+01,1.403961275649741713e+00
4.092883681051729639e+01,2.270467322823884526e+00
4.094884252643612399e+01,2.156304881660874528e+00
4.096884824235495870e+01,1.606553382877728309e+00
4.098885395827379341e+01,1.338048478044604472e+00
4.100885967419262812e+01,1.959824512727617929e+00
4.102886539011146283e+01,1.257551466780343796e+00
4.104887110603029754e+01,1.412875525062514459e+00
4.106887682194913225e+01,1.517715125480506799e+00
4.108888253786795985e+01,2.182455846640886321e+00
4.110888825378680167e+01,1.713767356928675101e+00
4.112889396970562927e+01,1.797666598642174263e+00
4.114889968562447109e+01,2.691918796304029637e+00
4.116890540154329869e+01,1.676707634277202930e+00
4.118891111746213340e+01,1.710338391610825681e+00
4.120891683338096811e+01,1.375547777141412409e+00
4.122892254929980282e+01,2.148942099082026935e+00
4.124892826521863753e+01,2.291517844858121933e+00
4.126893398113746514e+01,2.510177056093531700e+00
4.128893969705630695e+01,1.746335081418791013e+00
4.130894541297513456e+01,1.716771665735375541e+00
4.132895112889397637e+01,2.294673234164652520e+00
4.134895684481280398e+01,2.389545356717027058e+00
4.136896256073163869e+01,2.082862442591009167e+00
4.138896827665047340e+01,2.827786185301032873e+00
4.140897399256930811e+01,2.223598384748605383e+00
4.142897970848814282e+01,3.168323891932288472e+00
4.144898542440697042e+01,3.846248839496746008e+00
4.146899114032581224e+01,3.099731996192852890e+00
4.148899685624463984e+01,3.460308994371564584e+00
4.150900257216348166e+01,3.629878472258154076e+00
4.152900828808230926e+01,4.385518694336846046e+00
4.154901400400114397e+01,4.702421288946873723e+00
4.156901971991997868e+01,4.938631482279153495e+00
4.158902543583881339e+01,5.127175066129577630e+00
4.160903115175764810e+01,5.569227444307061070e+00
4.162903686767647571e+01,6.004091164791766744e+00
4.164904258359531752e+01,5.999387580303423562e+00
4.166904829951414513e+01,6.873369591188481564e+00
4.168905401543298694e+01,6.830883167155632485e+00
4.170905973135181455e+01,7.026784504898258454e+00
4.172906544727064926e+01,7.314879052527393455e+00
4.174907116318948397e+01,7.388908353889098279e+00
4.176907687910831868e+01,7.087600076177153596e+00
4.178908259502715339e+01,7.912838394786757767e+00
4.180908831094598810e+01,7.593497945370099700e+00
4.182909402686482281e+01,7.924586446780453208e+00
4.184909974278365041e+01,8.202250087900393893e+00
4.186910545870249223e+01,8.215437338756613528e+00
4.188911117462131983e+01,6.831215339250769958e+00
4.190911689054015454e+01,6.913819726715384917e+00
4.192912260645898925e+01,7.286482053475786813e+00
4.194912832237782396e+01,6.560524825508137425e+00
4.196913403829665867e+01,5.908390826738996182e+00
4.198913975421549338e+01,6.008713966228948600e+00
4.200914547013432809e+01,5.546642065491261597e+00
4.202915118605316280e+01,5.158462386900390051e+00
4.204915690197199041e+01,3.795182535054653972e+00
4.206916261789082512e+01,3.884411157652713609e+00
4.208916833380965983e+01,3.549692568013059102e+00
4.210917404972849454e+01,2.791697147217164332e+00
4.212917976564732925e+01,3.595782036679652904e+00
4.214918548156616396e+01,2.880458893908031559e+00
4.216919119748499867e+01,2.603573597830511233e+00
4.218919691340383338e+01,2.519467849265552228e+00
4.220920262932266809e+01,2.714988014757238055e+00
4.222920834524150280e+01,2.670997242894026957e+00
4.224921406116033040e+01,2.473743714650900927e+00
4.226921977707916511e+01,2.394499161293553779e+00
4.228922549299799982e+01,2.602106047610812212e+00
4.230923120891683453e+01,1.558785061372484737e+00
4.232923692483566924e+01,2.326278022501063525e+00
4.234924264075450395e+01,1.891557832006230289e+00
4.236924835667333866e+01,1.799348683847889596e+00
4.238925407259217337e+01,2.151503579470723793e+00
4.240925978851100808e+01,2.206469157191714547e+00
4.242926550442983569e+01,2.765976026981840086e+00
4.244927122034867040e+01,2.416483282385713416e+00
4.246927693626750511e+01,2.924135319262694210e+00
4.248928265218633982e+01,3.085489489353627324e+00
4.250928836810517453e+01,2.542398611146671872e+00
4.252929408402400924e+01,3.652133210528743845e+00
4.254929979994284395e+01,2.876086024177083811e+00
4.256930551586167866e+01,3.422277185464609683e+00
4.258931123178051337e+01,3.906953302223631574e+00
4.260931694769934097e+01,3.939516942602525162e+00
4.262932266361817568e+01,4.430746159621825164e+00
4.264932837953701039e+01,5.162517424674295086e+00
4.266933409545584510e+01,5.282047191471207270e+00
4.268933981137467981e+01,5.533671865316727612e+00
4.270934552729351452e+01,6.164954586952323012e+00
4.272935124321234923e+01,5.535229352216839871e+00
4.274935695913118394e+01,6.057801560012258335e+00
4.276936267505001865e+01,6.869162223745119533e+00
4.278936839096885336e+01,7.204692203939063511e+00
4.280937410688768097e+01,7.966557621164345626e+00
4.282937982280651568e+01,9.105863820881594961e+00
4.284938553872535039e+01,9.114340539608708269e+00
4.286939125464418510e+01,1.002125891536507396e+01
4.288939697056301981e+01,1.017445594028637323e+01
4.290940268648185452e+01,1.138002765007183470e+01
4.292940840240068923e+01,1.223102795507552365e+01
4.294941411831952394e+01,1.254444951698715016e+01
4.296941983423835865e+01,1.262313556674257242e+01
4.298942555015718625e+01,1.274530911708465020e+01
4.300943126607602096e+01,1.318317830900651089e+01
4.302943698199485567e+01,1.352275774672303754e+01
4.304944269791369038e+01,1.392190513491067705e+01
4.306944841383252509e+01,1.511855639077097990e+01
4.308945412975135980e+01,1.554947431154116089e+01
4.310945984567019451e+01,1.557274501090472540e+01
4.312946556158902922e+01,1.654085353205157816e+01
4.314947127750786393e+01,1.706528037587116131e+01
4.316947699342669864e+01,1.768433593198965070e+01
4.318948270934552625e+01,1.791243526502999117e+01
4.320948842526436096e+01,1.786341279863442821e+01
4.322949414118319567e+01,1.844404070749277835e+01
4.324949985710203038e+01,1.972042144748937176e+01
4.326950557302086509e+01,2.075593803658894032e+01
4.328951128893969980e+01,1.986019704561592292e+01
4.330951700485853451e+01,2.034689650496066093e+01
4.332952272077736922e+01,2.073403140518651355e+01
4.334952843669620393e+01,2.009179174100678367e+01
4.336953415261503153e+01,2.058630072325032856e+01
4.338953986853386624e+01,1.968230061462127622e+01
4.340954558445270095e+01,1.925924507221784054e+01
4.342955130037153566e+01,1.781334519542588524e+01
4.344955701629037037e+01,1.620969104911793579e+01
4.346956273220920508e+01,1.523124136877314072e+01
4.348956844812803979e+01,1.353363027677252362e+01
4.350957416404687450e+01,1.209098686085530261e+01
4.352957987996570921e+01,1.015496044994443636e+01
4.354958559588453681e+01,9.538803148645312646e+00
4.356959131180337153e+01,8.636729660482258097e+00
4.358959702772220624e+01,7.172906474799495058e+00
4.360960274364104095e+01,6.639296663221070816e+00
4.362960845955987566e+01,5.435696550507181257e+00
4.364961417547871037e+01,4.368060237164945292e+00
4.366961989139754508e+01,4.699714052051337632e+00
4.368962560731637979e+01,3.655882556627050750e+00
4.370963132323521450e+01,3.716907902464445357e+00
4.372963703915404921e+01,3.410977691369651232e+00
4.374964275507287681e+01,3.389485382741988850e+00
4.376964847099171152e+01,3.580040925673829477e+00
4.378965418691054623e+01,2.300929094817809606e+00
4.380965990282938094e+01,3.258446303652671183e+00
4.382966561874821565e+01,3.235137429883951476e+00
4.384967133466705036e+01,3.508148775154800170e+00
4.386967705058588507e+01,2.985974215405022392e+00
4.388968276650471978e+01,3.259147930368138102e+00
4.390968848242355449e+01,2.213573591865380941e+00
4.392969419834238209e+01,3.142059640858086311e+00
4.394969991426121680e+01,3.066635217236854061e+00
4.396970563018005151e+01,2.750025754742733142e+00
4.398971134609888622e+01,2.033317703029836387e+00
4.400971706201772093e+01,2.494698480465261436e+00
4.402972277793655564e+01,1.658320758948850671e+00
4.404972849385539035e+01,2.074986006024747809e+00
4.406973420977422506e+01,2.528315320914164666e+00
4.408973992569305977e+01,2.462568189466595392e+00
4.410974564161189448e+01,2.473352696951281349e+00
4.412975135753072209e+01,2.061222061508574122e+00
4.414975707344955680e+01,2.275333644516146503e+00
4.416976278936839151e+01,1.700697732214010216e+00
4.418976850528722622e+01,2.724754676965390310e+00
4.420977422120606093e+01,1.797872535867323540e+00
4.422977993712489564e+01,1.843140846250374665e+00
4.424978565304373035e+01,1.578455475542865916e+00
4.426979136896256506e+01,8.299732740395959762e-01
4.428979708488139977e+01,7.237107214569827862e-01
4.430980280080022737e+01,2.322473664027778995e+00
4.432980851671906208e+01,1.323490973807899262e+00
4.434981423263789679e+01,1.429763637546309862e+00
4.436981994855673150e+01,1.231294955431504690e+00
4.438982566447556621e+01,1.649053818254520687e+00
4.440983138039440092e+01,1.265223591339849296e+00
4.442983709631323563e+01,1.952290598538090727e+00
4.444984281223207034e+01,1.472728067638489291e+00
4.446984852815090505e+01,1.450615656377929330e+00
4.448985424406973266e+01,1.444091445797875961e+00
4.450985995998856737e+01,1.034548446593587023e+00
4.452986567590740208e+01,1.412316546477420331e+00
4.454987139182623679e+01,1.495896653788896247e+00
4.456987710774507150e+01,1.819330840073467126e+00
4.458988282366390621e+01,2.414938719955747271e+00
4.460988853958274092e+01,2.104179173663941249e+00
4.462989425550157563e+01,1.468279789947654290e+00
4.464989997142041034e+01,8.514983715156876354e-01
4.466990568733924505e+01,1.212062923692278193e+00
4.468991140325807265e+01,1.905330985118097065e+00
4.470991711917690736e+01,1.793114642157157546e+00
4.472992283509574207e+01,1.298448949684748222e+00
4.474992855101457678e+01,2.192130423284914809e+00
4.476993426693341149e+01,1.954070881036568785e+00
4.478993998285224620e+01,1.936486237483261652e+00
4.480994569877108091e+01,1.364588266735167199e+00
4.482995141468991562e+01,1.539829473651622038e+00
4.484995713060875033e+01,2.065979309526317920e+00
4.486996284652757794e+01,1.723072468347532693e+00
4.488996856244641265e+01,1.928574763300719086e+00
4.490997427836524736e+01,1.935135189102475728e+00
4.492997999428408207e+01,1.785249213702795323e+00
4.494998571020291678e+01,1.831589997857335117e+00
4.496999142612175149e+01,1.690685935636053294e+00
4.498999714204058620e+01,9.555273776620929471e-01
4.501000285795942091e+01,1.426419007312342835e+00
4.503000857387825562e+01,2.078481896046770139e+00
4.505001428979709033e+01,1.589936541885202725e+00
4.507002000571591793e+01,1.622187938392420925e+00
4.509002572163475264e+01,1.780437615690131370e+00
4.511003143755358735e+01,1.814727949153656095e+00
4.513003715347242206e+01,2.411722321921215606e+00
4.515004286939125677e+01,2.079792841991088270e+00
4.517004858531009148e+01,1.227121051253669215e+00
4.519005430122892619e+01,1.649500292680929459e+00
4.521006001714776090e+01,1.036052883015089243e+00
4.523006573306659561e+01,2.040448387475930936e+00
4.525007144898542322e+01,1.331366439745007790e+00
4.527007716490425793e+01,2.000263622073441994e+00
4.529008288082309264e+01,1.772853369496065756e+00
4.531008859674192735e+01,1.819831610036749092e+00
4.533009431266076206e+01,1.181079814238573666e+00
4.535010002857959677e+01,1.690767154142435835e+00
4.537010574449843148e+01,9.962118597549113330e-01
4.539011146041726619e+01,1.948514451463727148e+00
4.541011717633610090e+01,1.641293359530364704e+00
4.543012289225492850e+01,1.229604642542893922e+00
4.545012860817376321e+01,1.298832839530764227e+00
4.547013432409259792e+01,6.439785937416154793e-01
4.549014004001143263e+01,6.226459256814478316e-01
4.551014575593026734e+01,1.286948841532020271e+00
4.553015147184910205e+01,5.557673704339403109e-01
4.555015718776793676e+01,7.232326416004860592e-01
4.557016290368677147e+01,8.325972135029359178e-01
4.559016861960560618e+01,9.992632804646111033e-01
4.561017433552444089e+01,6.151899901368493850e-01
4.563018005144326850e+01,7.492474154596591163e-01
4.565018576736210321e+01,1.720963136101791857e+00
4.567019148328093792e+01,9.923183813050160396e-01
4.569019719919977263e+01,7.576653947445932680e-01
4.571020291511860734e+01,1.071906258025243197e+00
4.573020863103744205e+01,1.466353901611769484e+00
4.575021434695627676e+01,1.829329777135376922e+00
4.577022006287511147e+01,1.268033790778074987e+00
4.579022577879394618e+01,1.001886480828975579e+00
4.581023149471277378e+01,2.048519506691039105e+00
4.583023721063160849e+01,9.260341375953705656e-01
4.585024292655044320e+01,1.622549002097122717e+00
4.587024864246927791e+01,2.012432976257827022e+00
4.589025435838811262e+01,1.106387588233844310e+00
4.591026007430694733e+01,7.396696841822243407e-01
4.593026579022578204e+01,1.843720735814081468e+00
4.595027150614461675e+01,8.551896580639153367e-01
4.597027722206345146e+01,1.589922029709323059e+00
4.599028293798228617e+01,1.409436106368378461e+00
4.601028865390111378e+01,1.906549072399282174e+00
4.603029436981994849e+01,1.863463608774829527e+00
4.605030008573878320e+01,8.818681918083159932e-01
4.607030580165761791e+01,1.642915028090202068e+00
4.609031151757645262e+01,1.474242051682295829e+00
4.611031723349528733e+01,1.635128962731738023e+00
4.613032294941412204e+01,8.621563783918058110e-01
4.615032866533295675e+01,1.053060888705397158e+00
4.617033438125179146e+01,1.449729346627012916e+00
4.619034009717061906e+01,1.833051175819050194e+00
4.621034581308945377e+01,7.890621472073392484e-01
4.623035152900828848e+01,1.816628633475461996e+00
4.625035724492712319e+01,1.075694673204779406e+00
4.627036296084595790e+01,1.407917476681945779e+00
4.629036867676479261e+01,7.859541824141258459e-01
4.631037439268362732e+01,1.802346796081931490e+00
4.633038010860246203e+01,1.779045040888832974e+00
4.635038582452129674e+01,1.521255189575083655e+00
4.637039154044012434e+01,1.171678159879276482e+00
4.639039725635895905e+01,1.812408620900455514e+00
4.641040297227779376e+01,1.578320400787376787e+00
4.643040868819662847e+01,1.149392606193915478e+00
4.645041440411546319e+01,2.297053400208713736e+00
4.647042012003429790e+01,1.738142102907542119e+00
4.649042583595313261e+01,1.908228060857253272e+00
4.651043155187196732e+01,1.104354398505825507e+00
4.653043726779080203e+01,2.016732748329903124e+00
4.655044298370963674e+01,1.928404436970987845e+00
4.657044869962846434e+01,1.684629246798770019e+00
4.659045441554729905e+01,1.959026932144417810e+00
4.661046013146613376e+01,1.460028432673821319e+00
4.663046584738496847e+01,1.120461207300804896e+00
4.665047156330380318e+01,1.664293836198378562e+00
4.667047727922263789e+01,2.059197495651069687e+00
4.669048299514147260e+01,1.115417156290369194e+00
4.671048871106030731e+01,1.597200764472656687e+00
4.673049442697914202e+01,6.824377586187426736e-01
4.675050014289796962e+01,2.251570803436614199e+00
4.677050585881680433e+01,1.123004051378671875e+00
4.679051157473563904e+01,1.812979847263842093e+00
4.681051729065447375e+01,1.530115215782655635e+00
4.683052300657330846e+01,2.232281493837523279e+00
4.685052872249214317e+01,1.902101882731209948e+00
4.687053443841097788e+01,1.376156151997895760e+00
4.689054015432981259e+01,1.631975909761631538e+00
4.691054587024864730e+01,2.010597431858744955e+00
4.693055158616748201e+01,2.593597298825768060e+00
4.695055730208630962e+01,2.721888274738543334e+00
4.697056301800514433e+01,2.191276456255943472e+00
4.699056873392397904e+01,2.511578686290362405e+00
4.701057444984281375e+01,2.997015551230801655e+00
4.703058016576164846e+01,1.992664349225105713e+00
4.705058588168048317e+01,2.342241012611024242e+00
4.707059159759931788e+01,2.679314885298534232e+00
4.709059731351815259e+01,3.025365027446141220e+00
4.711060302943698730e+01,2.661116842206137090e+00
4.713060874535581490e+01,4.233578425614664908e+00
4.715061446127464961e+01,3.688665522436789246e+00
4.717062017719348432e+01,3.854725290970849372e+00
4.719062589311231903e+01,4.661816862530075767e+00
4.721063160903115374e+01,5.531118687715213866e+00
4.723063732494998845e+01,4.899148587430261159e+00
4.725064304086882316e+01,6.514876836712236496e+00
4.727064875678765787e+01,6.705010521690144110e+00
4.729065447270649258e+01,6.723149172841642596e+00
4.731066018862532019e+01,7.697110419911765256e+00
4.733066590454415490e+01,8.936580715084501136e+00
4.735067162046298961e+01,8.853684218373496506e+00
4.737067733638182432e+01,1.023369653484366104e+01
4.739068305230065903e+01,1.035603152420728179e+01
4.741068876821949374e+01,1.140346601280357142e+01
4.743069448413832845e+01,1.192017140695285349e+01
4.745070020005716316e+01,1.249323681214407777e+01
4.747070591597599787e+01,1.260470781086701031e+01
4.749071163189483258e+01,1.386992282422358613e+01
4.751071734781366018e+01,1.424456266402711258e+01
4.753072306373249489e+01,1.454448509228134334e+01
4.755072877965132960e+01,1.534228470836616331e+01
4.757073449557016431e+01,1.408094176457315250e+01
4.759074021148899902e+01,1.446703634886517342e+01
4.761074592740783373e+01,1.365797765752759219e+01
4.763075164332666844e+01,1.324843991594581993e+01
4.765075735924550315e+01,1.220047400428396323e+01
4.767076307516433786e+01,1.242315601048948714e+01
4.769076879108316547e+01,1.020702653900206158e+01
4.771077450700200018e+01,1.072634060584219817e+01
4.773078022292083489e+01,8.897499269322569404e+00
4.775078593883966960e+01,8.826345211741895014e+00
4.777079165475850431e+01,8.067153019330504549e+00
4.779079737067733902e+01,7.525273553895466705e+00
4.781080308659617373e+01,6.836374692327919611e+00
4.783080880251500844e+01,6.506790160951271496e+00
4.785081451843384315e+01,6.781940732092730961e+00
4.787082023435267075e+01,7.436115864988304125e+00
4.789082595027150546e+01,6.036659762039581878e+00
4.791083166619034017e+01,6.633583864234140037e+00
4.793083738210917488e+01,7.345701734046874876e+00
4.795084309802800959e+01,7.189241918556644961e+00
4.797084881394684430e+01,7.305139105269024213e+00
4.799085452986567901e+01,7.496091662115927257e+00
4.801086024578451372e+01,7.847358176903218130e+00
4.803086596170334843e+01,8.280078148498072110e+00
4.805087167762218314e+01,9.689431284264875543e+00
4.807087739354101075e+01,8.920377001667661787e+00
4.809088310945984546e+01,1.038443525242318444e+01
4.811088882537868017e+01,1.066088237831531416e+01
4.813089454129751488e+01,1.060706052145379985e+01
4.815090025721634959e+01,1.122733533804561823e+01
4.817090597313518430e+01,1.110495022782238905e+01
4.819091168905401901e+01,1.098640447152602739e+01
4.821091740497285372e+01,1.071568348766404100e+01
4.823092312089168843e+01,1.155527506506192381e+01
4.825092883681051603e+01,1.138422580814700424e+01
4.827093455272935074e+01,1.101280205572316007e+01
4.829094026864818545e+01,9.598893898352860887e+00
4.831094598456702016e+01,9.342648414237858745e+00
4.833095170048585487e+01,8.627217958572954259e+00
4.835095741640468958e+01,8.642200116523282460e+00
4.837096313232352429e+01,7.196209924634693778e+00
4.839096884824235900e+01,7.653926638080067235e+00
4.841097456416119371e+01,6.306095552722937647e+00
4.843098028008002842e+01,6.630520065847781197e+00
4.845098599599885603e+01,6.440282477134866568e+00
4.847099171191769074e+01,6.086922005624976428e+00
4.849099742783652545e+01,6.165289891435271841e+00
4.851100314375536016e+01,6.260654546340366444e+00
4.853100885967419487e+01,5.904464893191338604e+00
4.855101457559302958e+01,6.545911965908310925e+00
4.857102029151186429e+01,7.362995853050353645e+00
4.859102600743069900e+01,6.274295694604749229e+00
4.861103172334953371e+01,6.803495437865008988e+00
4.863103743926836131e+01,7.776208774656901745e+00
4.865104315518719602e+01,8.377354182612776867e+00
4.867104887110603073e+01,7.418055272701781000e+00
4.869105458702486544e+01,7.878770996829989492e+00
4.871106030294370015e+01,9.107146061168638340e+00
4.873106601886253486e+01,9.870030857167996885e+00
4.875107173478136957e+01,9.651955406620428946e+00
4.877107745070020428e+01,1.050070529239513739e+01
4.879108316661903899e+01,1.086933089643317807e+01
4.881108888253786660e+01,1.051502072175843772e+01
4.883109459845670131e+01,1.072716321954588281e+01
4.885110031437553602e+01,1.130484672182948280e+01
4.887110603029437073e+01,1.081202572939536743e+01
4.889111174621320544e+01,1.086093614050100165e+01
4.891111746213204015e+01,1.100581116975921070e+01
4.893112317805087486e+01,1.131480741715717464e+01
4.895112889396970957e+01,1.091728947426047469e+01
4.897113460988854428e+01,1.131504411552947786e+01
4.899114032580737899e+01,1.191968835442156127e+01
4.901114604172620659e+01,1.147629323729753636e+01
4.903115175764504130e+01,1.204785389756934322e+01
4.905115747356387601e+01,1.142174133359848121e+01
4.907116318948271072e+01,1.183197316196187465e+01
4.909116890540154543e+01,1.131153635035181004e+01
4.911117462132038014e+01,1.203678058030131659e+01
4.913118033723921485e+01,1.312871759500163193e+01
4.915118605315804956e+01,1.249257958053085460e+01
4.917119176907688427e+01,1.272759564968186474e+01
4.919119748499571187e+01,1.308530567228887165e+01
4.921120320091454658e+01,1.189554295172670884e+01
4.923120891683338129e+01,1.177517821560568478e+01
4.925121463275221600e+01,1.097681598817886517e+01
4.927122034867105071e+01,1.050465621601849264e+01
4.929122606458988542e+01,1.030804898252462110e+01
4.931123178050872014e+01,9.746458324661317008e+00
4.933123749642755485e+01,8.616138973691523262e+00
4.935124321234638956e+01,8.941208717357586266e+00
4.937124892826522427e+01,7.558753067896087252e+00
4.939125464418405187e+01,6.497478213916506817e+00
4.941126036010288658e+01,6.617933823601404697e+00
4.943126607602172129e+01,5.784799525484228155e+00
4.945127179194055600e+01,4.825204925770905540e+00
4.947127750785939071e+01,5.076212818546066430e+00
4.949128322377822542e+01,3.595512675083110121e+00
4.951128893969706013e+01,3.505360403120020063e+00
4.953129465561589484e+01,4.321391996429200688e+00
4.955130037153472955e+01,3.019309621360414475e+00
4.957130608745355715e+01,3.592183866929302027e+00
4.959131180337239186e+01,2.931777269104497208e+00
4.961131751929122657e+01,3.123244039903251945e+00
4.963132323521006128e+01,3.879956012789838482e+00
4.965132895112889599e+01,3.865317522206730416e+00
4.967133466704773070e+01,3.413237739390201142e+00
4.969134038296656541e+01,3.432458106786766106e+00
4.971134609888540012e+01,3.213032377381447091e+00
4.973135181480423483e+01,4.159023909600719549e+00
4.975135753072306244e+01,3.720799593565823127e+00
4.977136324664189715e+01,4.488615910082033089e+00
4.979136896256073186e+01,4.972636981605931261e+00
4.981137467847956657e+01,5.175869564469119943e+00
4.983138039439840128e+01,6.111099410608339610e+00
4.985138611031723599e+01,6.677144010893891313e+00
4.987139182623607070e+01,6.765688045685857688e+00
4.989139754215490541e+01,7.199456995096273459e+00
4.991140325807374012e+01,7.114605235871318101e+00
4.993140897399257483e+01,7.716848372677654666e+00
4.995141468991140243e+01,6.906157816011706529e+00
4.997142040583023714e+01,7.083472744217553796e+00
4.999142612174907185e+01,6.959497836822776229e+00
5.001143183766790656e+01,7.338104165413700919e+00
5.003143755358674127e+01,8.100518590222341331e+00
5.005144326950557598e+01,6.674154718007125453e+00
5.007144898542441069e+01,7.716096956021814002e+00
5.009145470134324540e+01,6.612311700338656451e+00
5.011146041726208011e+01,5.952443416910767837e+00
5.013146613318090772e+01,6.408319694490392848e+00
5.015147184909974243e+01,5.792396849243883317e+00
5.017147756501857714e+01,5.483024494669739290e+00
5.019148328093741185e+01,5.045488884078287661e+00
5.021148899685624656e+01,4.679076128053270445e+00
5.023149471277508127e+01,4.997590956960979547e+00
5.025150042869391598e+01,4.161084577106318960e+00
5.027150614461275069e+01,4.266778702510023891e+00
5.029151186053158540e+01,3.358451228462723925e+00
5.031151757645042011e+01,3.308378449322791237e+00
5.033152329236924771e+01,3.990451379696315470e+00
5.035152900828808242e+01,3.207148668745645637e+00
5.037153472420691713e+01,3.549349174526257755e+00
5.039154044012575184e+01,4.380283681091510672e+00
5.041154615604458655e+01,4.886012235297708450e+00
5.043155187196342126e+01,5.004560522226285890e+00
5.045155758788225597e+01,5.630052504459558627e+00
5.047156330380109068e+01,4.902577654043893673e+00
5.049156901971992539e+01,6.196314062763636166e+00
5.051157473563875300e+01,6.882039205508194257e+00
5.053158045155758771e+01,8.780885292643400675e+00
5.055158616747642242e+01,9.668263897523495132e+00
5.057159188339525713e+01,1.000193546764057118e+01
5.059159759931409184e+01,1.106315495177818775e+01
5.061160331523292655e+01,1.278537455586198490e+01
5.063160903115176126e+01,1.468303184153882768e+01
5.065161474707059597e+01,1.610748094090748239e+01
5.067162046298943068e+01,1.691524123952233438e+01
5.069162617890825828e+01,2.001432254871176397e+01
5.071163189482709299e+01,2.076205767033765071e+01
5.073163761074592770e+01,2.274563988757223143e+01
5.075164332666476241e+01,2.493950754415478244e+01
5.077164904258359712e+01,2.687468879031225200e+01
5.079165475850243183e+01,2.848658216300409407e+01
5.081166047442126654e+01,2.940820082183547157e+01
5.083166619034010125e+01,2.991744229243279563e+01
5.085167190625893596e+01,3.129900406990044814e+01
5.087167762217777067e+01,3.146276444872771449e+01
5.089168333809659828e+01,3.064549018245557122e+01
5.091168905401543299e+01,3.022043841545412235e+01
5.093169476993426770e+01,2.955191138250340543e+01
5.095170048585310241e+01,2.725863332943750450e+01
5.097170620177193712e+01,2.607986354695427167e+01
5.099171191769077183e+01,2.384398922454386138e+01
5.101171763360960654e+01,2.197011335698875101e+01
5.103172334952844125e+01,1.853979749781066744e+01
5.105172906544727596e+01,1.796558347673679634e+01
5.107173478136610356e+01,1.509610469768187002e+01
5.109174049728493827e+01,1.333228023752932501e+01
5.111174621320377298e+01,1.097010680836720375e+01
5.113175192912260769e+01,9.353520302384639606e+00
5.115175764504144240e+01,8.600904734418872266e+00
5.117176336096027711e+01,7.940539973077984648e+00
5.119176907687911182e+01,7.078448851930466468e+00
5.121177479279794653e+01,4.893231167923588032e+00
5.123178050871678124e+01,5.138238486715399844e+00
5.125178622463561595e+01,4.106099199480101269e+00
5.127179194055444356e+01,4.084230665024854545e+00
5.129179765647327827e+01,2.954178731345769915e+00
5.131180337239211298e+01,3.388929140931193018e+00
5.133180908831094769e+01,3.246770644572347653e+00
5.135181480422978240e+01,1.895587127552382789e+00
5.137182052014861711e+01,1.976293740214279726e+00
5.139182623606745182e+01,2.946701476193089864e+00
5.141183195198628653e+01,2.174232347106177521e+00
5.143183766790512124e+01,2.124207818109283608e+00
5.145184338382394884e+01,1.584138608033054840e+00
5.147184909974278355e+01,1.768829743761408446e+00
5.149185481566161826e+01,1.428112166328230126e+00
5.151186053158045297e+01,2.066676053040556571e+00
5.153186624749928768e+01,1.582475605368540483e+00
5.155187196341812239e+01,1.797466028156287976e+00
5.157187767933695710e+01,1.331114020866071446e+00
5.159188339525579181e+01,1.711795435068749427e+00
5.161188911117462652e+01,2.224692996938226752e+00
5.163189482709345413e+01,2.249485411799619250e+00
5.165190054301228884e+01,8.682665046148845267e-01
5.167190625893112355e+01,8.729649915716715114e-01
5.169191197484995826e+01,1.715454668827897322e+00
5.171191769076879297e+01,1.867449450376280407e+00
5.173192340668762768e+01,1.719871830759007736e+00
5.175192912260646239e+01,2.179984329735719761e+00
5.177193483852529710e+01,1.363103195032228765e+00
5.179194055444413181e+01,1.454045784812745046e+00
5.181194627036296652e+01,1.720991842218847712e+00
5.183195198628179412e+01,1.648414872151281685e+00
5.185195770220062883e+01,2.240037733164894629e+00
5.187196341811946354e+01,2.489301876744841380e+00
5.189196913403829825e+01,1.200591635030498150e+00
5.191197484995713296e+01,2.632017504133898456e+00
5.193198056587596767e+01,1.556309335817411377e+00
5.195198628179480238e+01,1.918614289875746781e+00
5.197199199771363709e+01,1.153773409294371888e+00
5.199199771363247180e+01,1.061255907415766142e+00
5.201200342955129940e+01,1.729266870378320942e+00
5.203200914547013411e+01,1.342693386079399698e+00
5.205201486138896882e+01,1.481765894854813137e+00
5.207202057730780353e+01,2.162180703911406265e+00
5.209202629322663824e+01,1.248420641753180238e+00
5.211203200914547295e+01,1.554407218530428070e+00
5.213203772506430766e+01,2.133285670236686027e+00
5.215204344098314237e+01,2.277578006723168791e+00
5.217204915690197708e+01,1.145441931321376838e+00
5.219205487282081180e+01,1.546056493954605982e+00
5.221206058873963940e+01,1.675798241877944683e+00
5.223206630465847411e+01,1.165826192234960423e+00
5.225207202057730882e+01,2.390939555834252772e+00
5.227207773649614353e+01,1.963558062256535841e+00
5.229208345241497824e+01,1.066689401011726712e+00
5.231208916833381295e+01,1.845900715531332947e+00
5.233209488425264766e+01,2.002103245238615159e+00
5.235210060017148237e+01,2.458132409181652989e+00
5.237210631609031708e+01,8.560682379672511777e-01
5.239211203200914468e+01,1.929972555752333507e+00
5.241211774792797939e+01,1.220040265833303827e+00
5.243212346384681410e+01,1.357061051977152877e+00
5.245212917976564881e+01,2.224791314787468277e+00
5.247213489568448352e+01,1.533390133983471459e+00
5.249214061160331823e+01,1.960286238297869632e+00
5.251214632752215294e+01,1.471808608611578695e+00
5.253215204344098765e+01,1.701983396661937764e+00
5.255215775935982236e+01,8.355903005356533075e-01
5.257216347527864997e+01,1.817582058417113622e+00
5.259216919119748468e+01,1.425032820572982750e+00
5.261217490711631939e+01,1.726781683546810164e+00
5.263218062303515410e+01,2.319125925287296219e+00
5.265218633895398881e+01,1.297420697325295080e+00
5.267219205487282352e+01,2.059193724722673480e+00
5.269219777079165823e+01,2.000682034021743050e+00
5.271220348671049294e+01,2.135394014780187977e+00
5.273220920262932765e+01,1.252147575163013116e+00
5.275221491854816236e+01,1.862791571159851500e+00
5.277222063446698996e+01,2.316415445864900668e+00
5.279222635038582467e+01,2.586751796980669926e+00
5.281223206630465938e+01,2.211203887357124920e+00
5.283223778222349409e+01,2.461551647921993879e+00
5.285224349814232880e+01,2.268200431603867084e+00
5.287224921406116351e+01,2.583860143944047394e+00
5.289225492997999822e+01,2.567856159722538223e+00
5.291226064589883293e+01,2.941787019093290212e+00
5.293226636181766764e+01,2.952595391337427877e+00
5.295227207773649525e+01,2.757148819094972225e+00
5.297227779365532996e+01,2.167741906916096362e+00
5.299228350957416467e+01,3.551026529982991509e+00
5.301228922549299938e+01,3.230969201246378208e+00
5.303229494141183409e+01,3.598423466533563264e+00
5.305230065733066880e+01,2.590746716519761961e+00
5.307230637324950351e+01,3.072711190602858800e+00
5.309231208916833822e+01,1.948390774241540502e+00
5.311231780508717293e+01,2.994808250725282672e+00
5.313232352100600764e+01,2.670572433319926997e+00
5.315232923692483524e+01,2.024286962135454004e+00
5.317233495284366995e+01,1.966949720869117346e+00
5.319234066876250466e+01,3.247633472758123308e+00
5.321234638468133937e+01,2.812637098513596889e+00
5.323235210060017408e+01,2.446970282893910387e+00
5.325235781651900879e+01,2.873561981355539974e+00
5.327236353243784350e+01,3.069001842221524168e+00
5.329236924835667821e+01,3.741679907674046568e+00
5.331237496427551292e+01,2.584985009631041386e+00
5.333238068019434053e+01,3.666254011749427555e+00
5.335238639611317524e+01,3.598259739411194591e+00
5.337239211203200995e+01,3.940598702028897282e+00
5.339239782795084466e+01,3.781257327590466399e+00
5.341240354386967937e+01,5.031908524537966443e+00
5.343240925978851408e+01,4.182266676272445416e+00
5.345241497570734879e+01,5.035492833716475936e+00
5.347242069162618350e+01,5.427841171950376520e+00
5.349242640754501821e+01,6.586522401008490846e+00
5.351243212346384581e+01,6.848222865624171263e+00
5.353243783938268052e+01,7.129009808749616539e+00
5.355244355530151523e+01,7.198079978247985622e+00
5.357244927122034994e+01,9.104598012863268863e+00
5.359245498713918465e+01,1.004869728220655567e+01
5.361246070305801936e+01,1.088541067080027247e+01
5.363246641897685407e+01,1.167229332084663795e+01
5.365247213489568878e+01,1.216777505262922610e+01
5.367247785081452349e+01,1.384079257186797207e+01
5.369248356673335820e+01,1.369521905442435639e+01
5.371248928265218581e+01,1.446224389818528699e+01
5.373249499857102052e+01,1.490285687871412890e+01
5.375250071448985523e+01,1.620033337960609288e+01
5.377250643040868994e+01,1.689826796268960507e+01
5.379251214632752465e+01,1.723539225629622251e+01
5.381251786224635936e+01,1.721079915500868296e+01
5.383252357816519407e+01,1.809905940526841661e+01
5.385252929408402878e+01,1.713059448428966647e+01
5.387253501000286349e+01,1.750061885231738401e+01
5.389254072592169109e+01,1.652710303175292950e+01
5.391254644184052580e+01,1.703589024165176724e+01
5.393255215775936051e+01,1.650384327063518697e+01
5.395255787367819522e+01,1.544082550390253061e+01
5.397256358959702993e+01,1.542924392111292065e+01
5.399256930551586464e+01,1.333717703583668701e+01
5.401257502143469935e+01,1.275307355421753108e+01
5.403258073735353406e+01,1.174863157013551529e+01
5.405258645327236877e+01,1.110399786141602441e+01
5.407259216919120348e+01,1.009331022802711608e+01
5.409259788511003109e+01,9.621966971716831907e+00
5.411260360102886580e+01,9.149888199522026255e+00
5.413260931694770051e+01,8.250484586872378401e+00
5.415261503286653522e+01,8.064513868276637965e+00
5.417262074878536993e+01,6.840866276048425121e+00
5.419262646470420464e+01,7.625744496093330937e+00
5.421263218062303935e+01,6.740367588201843674e+00
5.423263789654187406e+01,6.939014161692456106e+00
5.425264361246070877e+01,5.651061196375739115e+00
5.427264932837953637e+01,6.077296145736402977e+00
5.429265504429837108e+01,5.262361193334863074e+00
5.431266076021720579e+01,4.739157141211179258e+00
5.433266647613604050e+01,4.686049753753278146e+00
5.435267219205487521e+01,4.715502015431701999e+00
5.437267790797370992e+01,4.422704286296506027e+00
5.439268362389254463e+01,3.777462657068310303e+00
5.441268933981137934e+01,3.613631266607971515e+00
5.443269505573021405e+01,4.103806070246507787e+00
5.445270077164904166e+01,2.879431958871824015e+00
5.447270648756787637e+01,3.100442140768775445e+00
5.449271220348671108e+01,3.306805854268029421e+00
5.451271791940554579e+01,2.810663330460760001e+00
5.453272363532438050e+01,2.688317916170024802e+00
5.455272935124321521e+01,2.375848254954123551e+00
5.457273506716204992e+01,2.221824600307907627e+00
5.459274078308088463e+01,2.373143696233268596e+00
5.461274649899971934e+01,2.447189991811588250e+00
5.463275221491855405e+01,2.637598669341457480e+00
5.465275793083738165e+01,2.884599090509865515e+00
5.467276364675621636e+01,3.235303337982094796e+00
5.469276936267505107e+01,2.980200114393595889e+00
5.471277507859388578e+01,3.181577377648008742e+00
5.473278079451272049e+01,3.609807018083507568e+00
5.475278651043155520e+01,3.203684849545872737e+00
5.477279222635038991e+01,2.699979287356555346e+00
5.479279794226922462e+01,3.087549273730350929e+00
5.481280365818805933e+01,3.562089252071769074e+00
5.483280937410688693e+01,3.682627468832853967e+00
5.485281509002572164e+01,3.833021437580609980e+00
5.487282080594455635e+01,4.299611254689285289e+00
5.489282652186339106e+01,3.242024508950376749e+00
5.491283223778222577e+01,4.316360600333206676e+00
5.493283795370106048e+01,3.732508839393538391e+00
5.495284366961989519e+01,2.547575720095800467e+00
5.497284938553872990e+01,2.988610613992334741e+00
5.499285510145756461e+01,3.760925049063518433e+00
5.501286081737639222e+01,2.300593899256659913e+00
5.503286653329522693e+01,2.159092828218034832e+00
5.505287224921406164e+01,2.130499380200975068e+00
5.507287796513289635e+01,2.285749343861708027e+00
5.509288368105173106e+01,2.455112390193093130e+00
5.511288939697056577e+01,2.233596479348513242e+00
5.513289511288940048e+01,1.503113071742894657e+00
5.515290082880823519e+01,2.602380171166749356e+00
5.517290654472706990e+01,1.784967624023585442e+00
5.519291226064590461e+01,9.393661126609847978e-01
5.521291797656473221e+01,1.666514419013892079e+00
5.523292369248356692e+01,1.523564137458719658e+00
5.525292940840240163e+01,2.247416748377316420e+00
5.527293512432123634e+01,1.006820163737964569e+00
5.529294084024007105e+01,1.467397986762139395e+00
5.531294655615890576e+01,1.525014805759433933e+00
5.533295227207774047e+01,2.047716593381363470e+00
5.535295798799657518e+01,1.665144699096253067e+00
5.537296370391540989e+01,1.497628482041805542e+00
5.539296941983423750e+01,1.762132350912467560e+00
5.541297513575307221e+01,6.057063522270927924e-01
5.543298085167190692e+01,7.668177069938022505e-01
5.545298656759074163e+01,1.272498145489789678e+00
5.547299228350957634e+01,1.342824862298295230e+00
5.549299799942841105e+01,5.572196948537082584e-01
5.551300371534724576e+01,1.267724733368983392e+00
5.553300943126608047e+01,1.941289142369572840e+00
5.555301514718491518e+01,1.262656414044569297e+00
5.557302086310374989e+01,7.511085320311130520e-01
5.559302657902257749e+01,1.837593174139620533e+00
5.561303229494141220e+01,1.351020144678909851e+00
5.563303801086024691e+01,1.618796276530958922e+00
5.565304372677908162e+01,1.153978110827384995e+00
5.567304944269791633e+01,1.817053785936656229e+00
5.569305515861675104e+01,1.183118916469220405e+00
5.571306087453558575e+01,9.716265400478262260e-01
5.573306659045442046e+01,9.807599426764067596e-01
5.575307230637325517e+01,1.086878944336468145e+00
5.577307802229208278e+01,2.164874207384889004e+00
5.579308373821091749e+01,1.898262439385661748e+00
5.581308945412975220e+01,1.250688266413510830e+00
5.583309517004858691e+01,6.146315771199789557e-01
5.585310088596742162e+01,1.917615566306676289e+00
5.587310660188625633e+01,1.491607496178130710e+00
5.589311231780509104e+01,9.740882031908135730e-01
5.591311803372392575e+01,1.826233870732252296e+00
5.593312374964276046e+01,1.101131528794807135e+00
5.595312946556158806e+01,1.886345891628194771e+00
5.597313518148042277e+01,1.983706783930990092e+00
5.599314089739925748e+01,1.958391627690405201e+00
5.601314661331809219e+01,1.788780580661199826e+00
5.603315232923692690e+01,1.766290820581634113e+00
5.605315804515576161e+01,2.374784423919099385e+00
5.607316376107459632e+01,2.378897937081343450e+00
5.609316947699343103e+01,2.121578032061109731e+00
5.611317519291226574e+01,3.245033275441011611e+00
5.613318090883110045e+01,2.908151814344253516e+00
5.615318662474992806e+01,3.040758297652722320e+00
5.617319234066876277e+01,3.082961209598482633e+00
5.619319805658759748e+01,3.857252041303263823e+00
5.621320377250643219e+01,3.959921920095798242e+00
5.623320948842526690e+01,3.401350293767726463e+00
5.625321520434410161e+01,3.922604233444180633e+00
5.627322092026293632e+01,3.904731589276526194e+00
5.629322663618177103e+01,3.354676119051340777e+00
5.631323235210060574e+01,3.523897108228437158e+00
5.633323806801943334e+01,4.683731434509111224e+00
5.635324378393826805e+01,4.295263820401749477e+00
5.637324949985710276e+01,3.990482466870708400e+00
5.639325521577593747e+01,3.906753943239872129e+00
5.641326093169477218e+01,4.407667632255051871e+00
5.643326664761360689e+01,3.095799687070095008e+00
5.645327236353244160e+01,3.122979488591866470e+00
5.647327807945127631e+01,3.060954456304592508e+00
5.649328379537011102e+01,2.761329699069448917e+00
5.651328951128894573e+01,2.997185983704943268e+00
5.653329522720777334e+01,1.679746726977591198e+00
5.655330094312660805e+01,2.635913656503397373e+00
5.657330665904544276e+01,2.302524501957893932e+00
5.659331237496427747e+01,1.408066272016956555e+00
5.661331809088311218e+01,2.322065490920148800e+00
5.663332380680194689e+01,2.309573320880435876e+00
5.665332952272078160e+01,1.450101007171336276e+00
5.667333523863961631e+01,1.671224837748747305e+00
5.669334095455845102e+01,1.783463417173801302e+00
5.671334667047727862e+01,2.599453977644869518e+00
5.673335238639611333e+01,1.633801086190417973e+00
5.675335810231494804e+01,1.852072405755965434e+00
5.677336381823378275e+01,2.044529545796267112e+00
5.679336953415261746e+01,1.946462529233911276e+00
5.681337525007145217e+01,1.971800997953427004e+00
5.683338096599028688e+01,2.097229892911465665e+00
5.685338668190912159e+01,2.047920030366216615e+00
5.687339239782795630e+01,1.762794591521521292e+00
5.689339811374678391e+01,2.718140201972124359e+00
5.691340382966561862e+01,1.892894036586620699e+00
5.693340954558445333e+01,2.857053454239096624e+00
5.695341526150328804e+01,2.815944543638742026e+00
5.697342097742212275e+01,2.997955846120153645e+00
5.699342669334095746e+01,2.870285792657757185e+00
5.701343240925979217e+01,3.339148288925404273e+00
5.703343812517862688e+01,3.167128570195242965e+00
5.705344384109746159e+01,4.525709540317052415e+00
5.707344955701629630e+01,4.614795725061640930e+00
5.709345527293512390e+01,5.506954390392586163e+00
5.711346098885395861e+01,6.253128528307970058e+00
5.713346670477279332e+01,6.631237566668930938e+00
5.715347242069162803e+01,8.188757733584438370e+00
5.717347813661046274e+01,8.671434128451732448e+00
5.719348385252929745e+01,9.073061442374914520e+00
5.721348956844813216e+01,1.069749722311910389e+01
5.723349528436696687e+01,1.270452672866563049e+01
5.725350100028580158e+01,1.340365147942904045e+01
5.727350671620462919e+01,1.351616085952032265e+01
5.729351243212346390e+01,1.481698895756144019e+01
5.731351814804229861e+01,1.642860412735893050e+01
5.733352386396113332e+01,1.669380579298482203e+01
5.735352957987996803e+01,1.666577737306379703e+01
5.737353529579880274e+01,1.657176987829857850e+01
5.739354101171763745e+01,1.702674468490474879e+01
5.741354672763647216e+01,1.580853496009232728e+01
5.743355244355530687e+01,1.563247870715255239e+01
5.745355815947414158e+01,1.457649339882836514e+01
5.747356387539296918e+01,1.366517618866587647e+01
5.749356959131180389e+01,1.200326966388663763e+01
5.751357530723063860e+01,1.179085848832895600e+01
5.753358102314947331e+01,9.953664129403604122e+00
5.755358673906830802e+01,9.576850104996822211e+00
5.757359245498714273e+01,7.728520140340420674e+00
5.759359817090597744e+01,6.463925292238288378e+00
5.761360388682481215e+01,6.283203880596643032e+00
5.763360960274364686e+01,5.065943654828322096e+00
5.765361531866247446e+01,4.887507960118533390e+00
5.767362103458130917e+01,3.773962398573215360e+00
5.769362675050014388e+01,3.428172610947175514e+00
5.771363246641897859e+01,3.266118921357427318e+00
5.773363818233781330e+01,3.400314962456378431e+00
5.775364389825664801e+01,3.035545035184729734e+00
5.777364961417548272e+01,3.206820941654172863e+00
5.779365533009431743e+01,2.908963017311560151e+00
5.781366104601315214e+01,2.821172498432248155e+00
5.783366676193197975e+01,2.780301807314319973e+00
5.785367247785081446e+01,3.188477203610284860e+00
5.787367819376964917e+01,3.004166959101527201e+00
5.789368390968848388e+01,3.215634621825353978e+00
5.791368962560731859e+01,4.095291728763983841e+00
5.793369534152615330e+01,3.151608121367017734e+00
5.795370105744498801e+01,4.679817678855666685e+00
5.797370677336382272e+01,4.325873702673868948e+00
5.799371248928265743e+01,3.966497393826538875e+00
5.801371820520149214e+01,4.145350728595763812e+00
5.803372392112031974e+01,4.309756871910979115e+00
5.805372963703915445e+01,4.329885035366965340e+00
5.807373535295798916e+01,4.798772488585245632e+00
5.809374106887682387e+01,4.482038857949742550e+00
5.811374678479565858e+01,4.203830944819157978e+00
5.813375250071449329e+01,4.837852133914302577e+00
5.815375821663332800e+01,4.183264122834240872e+00
5.817376393255216271e+01,4.008983484374433637e+00
5.819376964847099742e+01,3.576961776643841073e+00
5.821377536438982503e+01,4.357875467350219800e+00
5.823378108030865974e+01,3.315498360664031363e+00
5.825378679622749445e+01,4.107926475299637836e+00
5.827379251214632916e+01,2.951801502071385919e+00
5.829379822806516387e+01,2.993584703523975321e+00
5.831380394398399858e+01,2.835255991419512789e+00
5.833380965990283329e+01,2.254615834524657192e+00
5.835381537582166800e+01,2.498329577427063963e+00
5.837382109174050271e+01,2.107925324435193204e+00
5.839382680765933742e+01,3.070537729426312534e+00
5.841383252357816502e+01,1.427019222084436656e+00
5.843383823949699973e+01,2.321114495739958983e+00
5.845384395541583444e+01,2.093873947032943050e+00
5.847384967133466915e+01,1.823371462218425831e+00
5.849385538725350386e+01,1.361368000848917958e+00
5.851386110317233857e+01,1.794977009130926948e+00
5.853386681909117328e+01,2.004545599467344452e+00
5.855387253501000799e+01,2.148548383890323432e+00
5.857387825092884270e+01,9.665103186340554542e-01
5.859388396684767031e+01,1.525888969067526579e+00
5.861388968276650502e+01,1.540072783636783793e+00
5.863389539868533973e+01,1.577780848124066715e+00
5.865390111460417444e+01,1.909676029588247115e+00
5.867390683052300915e+01,1.543052618369078921e+00
5.869391254644184386e+01,2.119720766744515483e+00
5.871391826236067857e+01,1.923488845883177811e+00
5.873392397827951328e+01,1.821163150835027444e+00
5.875392969419834799e+01,1.511647964122065924e+00
5.877393541011717559e+01,1.444336934300265884e+00
5.879394112603601030e+01,2.151458650434664666e+00
5.881394684195484501e+01,2.587062663196509682e+00
5.883395255787367972e+01,1.582503142274620078e+00
5.885395827379251443e+01,2.457038489277272753e+00
5.887396398971134914e+01,2.379145142271566815e+00
5.889396970563018385e+01,2.632433504934283963e+00
5.891397542154901856e+01,2.672760806411970336e+00
5.893398113746785327e+01,2.696376793404738237e+00
5.895398685338668798e+01,3.263016893695242615e+00
5.897399256930551559e+01,3.241708053675831813e+00
5.899399828522435030e+01,4.820740774481228286e+00
5.901400400114318501e+01,4.380401312972701966e+00
5.903400971706201972e+01,5.100079034973738601e+00
5.905401543298085443e+01,4.937012522255240121e+00
5.907402114889968914e+01,6.035413481181059581e+00
5.909402686481852385e+01,5.229144508562389326e+00
5.911403258073735856e+01,5.861206323337852631e+00
5.913403829665619327e+01,6.840973969112535968e+00
5.915404401257502087e+01,5.788422909752585888e+00
5.917404972849385558e+01,6.976833981874062118e+00
5.919405544441269029e+01,6.086921701543754004e+00
5.921406116033152500e+01,6.616817648345916680e+00
5.923406687625035971e+01,6.308120805033290424e+00
5.925407259216919442e+01,6.618268413016337171e+00
5.927407830808802913e+01,6.485026651836784062e+00
5.929408402400686384e+01,6.183068628490850926e+00
5.931408973992569855e+01,5.627908151025708960e+00
5.933409545584453326e+01,6.036978088308175394e+00
5.935410117176336087e+01,5.499595438681429194e+00
5.937410688768219558e+01,5.305624477112607984e+00
5.939411260360103029e+01,4.581187270525140853e+00
5.941411831951986500e+01,4.214083759186298295e+00
5.943412403543869971e+01,5.401536764172874427e+00
5.945412975135753442e+01,4.382927332363905748e+00
5.947413546727636913e+01,4.858050029227003463e+00
5.949414118319520384e+01,4.441450052743068255e+00
5.951414689911403855e+01,4.309492216888248350e+00
5.953415261503286615e+01,4.510902182054010723e+00
5.955415833095170086e+01,4.328690901785791745e+00
5.957416404687053557e+01,4.193527550502372137e+00
5.959416976278937028e+01,3.825514359059643432e+00
5.961417547870820499e+01,3.702897551238543805e+00
5.963418119462703970e+01,3.444225856558004839e+00
5.965418691054587441e+01,4.103363019455789740e+00
5.967419262646470912e+01,3.229398518770377091e+00
5.969419834238354383e+01,3.040077771572291532e+00
5.971420405830237144e+01,3.788894429587126300e+00
5.973420977422120615e+01,3.521714032580335108e+00
5.975421549014004086e+01,4.084697944776174872e+00
5.977422120605887557e+01,3.079902428897265843e+00
5.979422692197771028e+01,3.364601922959002955e+00
5.981423263789654499e+01,3.748068885364906233e+00
5.983423835381537970e+01,3.275098320472962232e+00
5.985424406973421441e+01,3.921903229859210693e+00
5.987424978565304912e+01,3.966763403387456144e+00
5.989425550157188383e+01,3.016877381115139478e+00
5.991426121749071143e+01,4.467411675048714059e+00
5.993426693340954614e+01,4.952716933181891434e+00
5.995427264932838085e+01,4.385092695873064272e+00
5.997427836524721556e+01,5.176098519846521029e+00
5.999428408116605027e+01,5.400152188457120417e+00
6.001428979708488498e+01,6.189937705559691139e+00
6.003429551300371969e+01,6.283035799931283805e+00
6.005430122892255440e+01,7.055850296867479443e+00
6.007430694484138911e+01,7.618629265530996619e+00
6.009431266076021672e+01,8.675939338495657793e+00
6.011431837667905143e+01,9.080468791881411761e+00
6.013432409259788614e+01,1.067018218620006920e+01
6.015432980851672085e+01,1.101994572246320203e+01
6.017433552443555556e+01,1.252656431474895804e+01
6.019434124035439027e+01,1.244782151378403512e+01
6.021434695627322498e+01,1.418719681386801312e+01
6.023435267219205969e+01,1.514572100070772365e+01
6.025435838811089440e+01,1.564219043721611513e+01
6.027436410402972911e+01,1.696907781938131166e+01
6.029436981994855671e+01,1.794208557528648740e+01
6.031437553586739142e+01,1.999545554904216260e+01
6.033438125178622613e+01,2.086774504381376616e+01
6.035438696770506084e+01,2.198999128505450784e+01
6.037439268362389555e+01,2.298141551264228610e+01
6.039439839954273026e+01,2.364372887058590322e+01
6.041440411546156497e+01,2.475976433327435799e+01
6.043440983138039968e+01,2.508324923526972583e+01
6.045441554729923439e+01,2.640174285073285887e+01
6.047442126321806199e+01,2.639144866585854388e+01
6.049442697913689670e+01,2.572179948484452083e+01
6.051443269505573141e+01,2.551047998732621735e+01
6.053443841097456612e+01,2.563649943054772606e+01
6.055444412689340083e+01,2.489193813569713143e+01
6.057444984281223554e+01,2.421359575780715545e+01
6.059445555873107025e+01,2.336257296591939436e+01
6.061446127464990496e+01,2.251868654385412327e+01
6.063446699056873967e+01,2.107348917623610163e+01
6.065447270648756728e+01,1.963134532563852375e+01
6.067447842240640199e+01,1.815827337299674937e+01
6.069448413832523670e+01,1.656146195757889217e+01
6.071448985424407141e+01,1.653755106925144958e+01
6.073449557016290612e+01,1.433153609299966824e+01
6.075450128608174083e+01,1.420852104079174971e+01
6.077450700200057554e+01,1.303577804162107512e+01
6.079451271791941025e+01,1.176220517171146795e+01
6.081451843383824496e+01,1.176077579424387309e+01
6.083452414975707967e+01,1.121442583063318921e+01
6.085452986567590727e+01,1.139002887212120818e+01
6.087453558159474198e+01,1.083144650140576815e+01
6.089454129751357669e+01,1.026287113442624843e+01
6.091454701343241140e+01,9.522741233117699267e+00
6.093455272935124611e+01,9.896433803619618885e+00
6.095455844527008082e+01,9.414868542551481312e+00
6.097456416118891553e+01,9.607874841712098046e+00
6.099456987710775024e+01,9.613435093770025475e+00
6.101457559302658495e+01,9.973383859551425701e+00
6.103458130894541256e+01,1.046028719481662250e+01
6.105458702486424727e+01,1.040326857277510086e+01
6.107459274078308198e+01,1.084472269574727932e+01
6.109459845670191669e+01,1.089319714323397470e+01
6.111460417262075140e+01,1.264246805906591042e+01
6.113460988853958611e+01,1.257404591950388451e+01
6.115461560445842082e+01,1.347630977400106644e+01
6.117462132037725553e+01,1.455654261078618283e+01
6.119462703629609024e+01,1.570270887567260587e+01
6.121463275221492495e+01,1.629732999041708652e+01
6.123463846813375255e+01,1.696883013699969567e+01
6.125464418405258726e+01,1.782343112722618272e+01
6.127464989997142197e+01,1.785980837415857181e+01
6.129465561589025668e+01,1.883300616726837973e+01
6.131466133180909139e+01,1.746265889533790272e+01
6.133466704772792610e+01,1.776995386326743898e+01
6.135467276364676081e+01,1.684250191837510613e+01
6.137467847956559552e+01,1.616322914823403423e+01
6.139468419548443023e+01,1.601238733812368054e+01
6.141468991140325784e+01,1.500552336330962433e+01
6.143469562732209255e+01,1.321518424466695052e+01
6.145470134324092726e+01,1.214917248662435512e+01
6.147470705915976197e+01,1.077083374483001244e+01
6.149471277507859668e+01,9.623552119164521912e+00
6.151471849099743139e+01,8.567876004973971504e+00
6.153472420691626610e+01,7.211372055622016219e+00
6.155472992283510081e+01,6.960450522295410281e+00
6.157473563875393552e+01,6.118832275310278845e+00
6.159474135467276312e+01,5.358788446000638750e+00
6.161474707059159783e+01,5.113766401935762040e+00
6.163475278651043254e+01,5.443138923294769782e+00
6.165475850242926725e+01,4.484757456591597524e+00
6.167476421834810196e+01,4.767867627609471803e+00
6.169476993426693667e+01,5.062268657158060847e+00
6.171477565018577138e+01,4.499080772583157639e+00
6.173478136610460609e+01,4.652200717835859756e+00
6.175478708202344080e+01,4.338624380898358446e+00
6.177479279794227551e+01,5.629798276153883840e+00
6.179479851386110312e+01,6.260193907577232153e+00
6.181480422977993783e+01,6.406334910029518603e+00
6.183480994569877254e+01,6.662858601276838044e+00
6.185481566161760725e+01,6.580420472902031470e+00
6.187482137753644196e+01,8.465635533068688545e+00
6.189482709345527667e+01,8.354943125636456358e+00
6.191483280937411138e+01,8.600965945991744022e+00
6.193483852529294609e+01,9.161240937016193797e+00
6.195484424121178080e+01,8.325627416999109798e+00
6.197484995713060840e+01,8.379994420669557798e+00
6.199485567304944311e+01,9.114023005000429833e+00
6.201486138896827782e+01,8.973918995740653770e+00
6.203486710488711253e+01,7.962184648043050927e+00
6.205487282080594724e+01,8.581894126154438140e+00
6.207487853672478195e+01,8.170746638512071058e+00
6.209488425264361666e+01,6.940242055463071935e+00
6.211488996856245137e+01,6.436596060581357470e+00
6.213489568448128608e+01,5.987375862880335298e+00
6.215490140040011369e+01,5.645591909696942245e+00
6.217490711631894840e+01,4.595478046838531228e+00
6.219491283223778311e+01,3.842912144382131245e+00
6.221491854815661782e+01,4.071315458903407070e+00
6.223492426407545253e+01,3.970152124367807733e+00
6.225492997999428724e+01,2.754198383110934678e+00
6.227493569591312195e+01,3.110727006686184737e+00
6.229494141183195666e+01,2.296777716318693763e+00
6.231494712775079137e+01,2.679409655648927302e+00
6.233495284366962608e+01,2.817108669301414459e+00
6.235495855958845368e+01,1.762166148076128369e+00
6.237496427550728839e+01,2.510111301144673401e+00
6.239496999142612310e+01,2.582798082707032705e+00
6.241497570734495781e+01,1.572233333150929724e+00
6.243498142326379252e+01,2.015381122263399938e+00
6.245498713918262723e+01,2.740775405427302580e+00
6.247499285510146194e+01,1.740687083514071087e+00
6.249499857102029665e+01,2.325416681265624064e+00
6.251500428693913136e+01,1.422469621640078286e+00
6.253501000285795897e+01,1.369679554989928771e+00
6.255501571877679368e+01,1.931781618281935620e+00
6.257502143469562839e+01,2.082644243800457318e+00
6.259502715061446310e+01,2.194796835839048832e+00
6.261503286653329781e+01,1.265640735951768514e+00
6.263503858245213252e+01,1.996002269012112862e+00
6.265504429837096723e+01,2.001561265169928827e+00
6.267505001428980194e+01,1.275872384142030080e+00
6.269505573020863665e+01,2.529093532732662020e+00
6.271506144612747136e+01,1.309718402646210755e+00
6.273506716204629896e+01,1.162598090407367168e+00
6.275507287796513367e+01,2.124816972553394301e+00
6.277507859388396838e+01,1.339102260570377290e+00
6.279508430980280309e+01,1.892432177410087402e+00
6.281509002572163780e+01,1.423953060157688189e+00
6.283509574164047251e+01,1.638625454579489160e+00
6.285510145755930722e+01,1.469621462994683325e+00
6.287510717347814193e+01,1.146680609962591024e+00
6.289511288939697664e+01,1.609490927813261862e+00
6.291511860531580425e+01,1.926831842638447201e+00
6.293512432123463896e+01,1.523608140791904653e+00
6.295513003715347367e+01,2.132304947243846449e+00
6.297513575307230838e+01,1.345638241479452768e+00
6.299514146899114309e+01,9.900458547697517098e-01
6.301514718490997780e+01,1.983019400620760431e+00
6.303515290082881251e+01,1.849277672663188099e+00
6.305515861674764722e+01,1.425377577045741972e+00
6.307516433266648193e+01,2.033031810150970120e+00
6.309517004858530953e+01,1.380614079922654946e+00
6.311517576450414424e+01,1.700195097345599482e+00
6.313518148042297895e+01,1.258879898979466727e+00
6.315518719634181366e+01,1.705244939673211446e+00
6.317519291226064837e+01,1.391824137660935268e+00
6.319519862817948308e+01,1.222032263393675988e+00
6.321520434409831779e+01,1.177502197391277150e+00
6.323521006001715250e+01,7.345791873785133541e-01
6.325521577593598721e+01,1.198850923876940033e+00
6.327522149185482192e+01,4.585087130562717217e-01
6.329522720777364952e+01,1.387095682141790576e+00
6.331523292369248423e+01,1.417930866899683728e+00
6.333523863961131894e+01,1.731514745104658637e+00
6.335524435553015365e+01,1.134230040548221075e+00
6.337525007144898836e+01,1.226446101161255076e+00
6.339525578736782307e+01,1.277025717908436775e+00
6.341526150328665778e+01,6.699175787692748241e-01
6.343526721920549249e+01,4.222612356875273809e-01
6.345527293512432720e+01,1.025681490769960735e+00
6.347527865104315481e+01,1.130013692574353579e+00
6.349528436696198952e+01,1.149847866271442198e+00
6.351529008288082423e+01,1.467879352467946319e+00
6.353529579879965894e+01,1.542894090974239241e+00
6.355530151471849365e+01,6.715545782474914294e-01
6.357530723063732836e+01,1.752134250516724334e+00
6.359531294655616307e+01,7.016373412954357569e-01
6.361531866247499778e+01,8.857376922025208543e-01
6.363532437839383249e+01,1.906819685384416152e+00
6.365533009431266720e+01,1.861188693016090800e+00
6.367533581023149480e+01,1.852296010300261031e+00
6.369534152615032951e+01,6.741191866055412651e-01
6.371534724206916422e+01,1.345845213719171873e+00
6.373535295798799893e+01,1.803744635592900103e+00
6.375535867390683364e+01,8.378503524330023211e-01
6.377536438982566835e+01,1.304307845786618625e+00
6.379537010574450306e+01,1.876808585699496268e+00
6.381537582166333777e+01,2.264567014026445335e+00
6.383538153758217248e+01,1.202244746633895911e+00
6.385538725350100009e+01,1.203792084571868148e+00
6.387539296941983480e+01,1.554779021118487314e+00
6.389539868533866951e+01,1.492048125176662854e+00
6.391540440125750422e+01,1.718855601663484611e+00
6.393541011717633893e+01,1.178816774067269257e+00
6.395541583309517364e+01,1.093000999012703645e+00
6.397542154901400835e+01,1.589934360865667085e+00
6.399542726493284306e+01,9.445408746104454467e-01
6.401543298085167066e+01,1.520598543770417255e+00
6.403543869677051248e+01,1.717309374614657269e+00
6.405544441268934008e+01,2.073636027360222123e+00
6.407545012860816769e+01,1.872535445131684684e+00
6.409545584452700950e+01,1.963801757949930948e+00
6.411546156044585132e+01,1.833524976275618279e+00
6.413546727636467892e+01,1.728040578251018200e+00
6.415547299228350653e+01,2.007111186328445207e+00
6.417547870820234834e+01,1.282060892346305270e+00
6.419548442412119016e+01,1.718071518721484559e+00
6.421549014004001776e+01,1.971547471061415591e+00
6.423549585595884537e+01,1.776771591383882409e+00
6.425550157187768718e+01,1.764859521706532153e+00
6.427550728779651479e+01,1.519178078592423153e+00
6.429551300371534239e+01,1.680669545935845166e+00
6.431551871963418421e+01,2.019542294463192889e+00
6.433552443555302602e+01,1.267625979961016558e+00
6.435553015147185363e+01,1.718455482012339219e+00
6.437553586739068123e+01,1.855791651586772950e+00
6.439554158330952305e+01,2.104577062402054111e+00
6.441554729922835065e+01,1.890670641278434427e+00
6.443555301514717826e+01,1.850101247941125404e+00
6.445555873106602007e+01,1.921010507618718055e+00
6.447556444698486189e+01,2.502651259415737517e+00
6.449557016290368949e+01,1.774549562344426290e+00
6.451557587882251710e+01,2.662082505365423568e+00
6.453558159474135891e+01,2.474632820444658599e+00
6.455558731066020073e+01,2.194897137945198029e+00
6.457559302657902833e+01,2.806271706801358512e+00
6.459559874249785594e+01,3.813265156439275660e+00
6.461560445841669775e+01,3.960551392430529116e+00
6.463561017433552536e+01,3.385150914098909336e+00
6.465561589025435296e+01,3.281116852066440881e+00
6.467562160617319478e+01,4.686805056303384731e+00
6.469562732209203659e+01,4.946310620882458764e+00
6.471563303801086420e+01,5.530814651642494084e+00
6.473563875392969180e+01,6.203954474906782757e+00
6.475564446984853362e+01,7.178548358815698194e+00
6.477565018576737543e+01,6.988363440536934590e+00
6.479565590168618883e+01,8.230926883277705386e+00
6.481566161760503064e+01,8.212916409250956562e+00
6.483566733352387246e+01,8.823453117609615148e+00
6.485567304944270006e+01,9.665698235612385503e+00
6.487567876536152767e+01,9.955083595383880990e+00
6.489568448128036948e+01,9.684537387592325075e+00
6.491569019719921130e+01,9.768306867748890454e+00
6.493569591311803890e+01,1.068899625099936657e+01
6.495570162903686651e+01,9.936119407333576348e+00
6.497570734495570832e+01,9.782500032342419161e+00
6.499571306087453593e+01,9.297222685620551985e+00
6.501571877679336353e+01,8.187054292535586697e+00
6.503572449271220535e+01,8.581530036394390493e+00
6.505573020863104716e+01,6.885787095675286018e+00
6.507573592454987477e+01,8.126421158639004716e+00
6.509574164046870237e+01,6.280891077072790374e+00
6.511574735638754419e+01,5.836523256438494123e+00
6.513575307230638600e+01,6.106331205039549737e+00
6.515575878822521361e+01,5.251777374198549175e+00
6.517576450414404121e+01,5.500221282912228560e+00
6.519577022006288303e+01,4.068024210593210732e+00
6.521577593598171063e+01,4.506888880025049282e+00
6.523578165190053824e+01,4.396582093091782717e+00
6.525578736781938005e+01,4.527821603227771163e+00
6.527579308373822187e+01,4.793961878768607576e+00
6.529579879965704947e+01,4.144346333382877390e+00
6.531580451557587708e+01,4.311038752186280298e+00
6.533581023149471889e+01,4.847654115659422835e+00
6.535581594741354650e+01,4.457605481513994938e+00
6.537582166333237410e+01,3.323531087749756807e+00
6.539582737925121592e+01,3.690528293083175537e+00
6.541583309517005773e+01,3.772745209737453642e+00
6.543583881108888534e+01,4.080499561310456436e+00
6.545584452700771294e+01,2.510267138224075101e+00
6.547585024292655476e+01,2.785181048910723156e+00
6.549585595884539657e+01,2.951870559972619823e+00
6.551586167476422418e+01,3.368463710204843142e+00
6.553586739068305178e+01,2.069621000999484650e+00
6.555587310660189360e+01,2.427701871906817743e+00
6.557587882252072120e+01,2.014957032112613344e+00
6.559588453843954881e+01,2.285510392317661399e+00
6.561589025435839062e+01,1.978291567342684409e+00
6.563589597027723244e+01,2.412971235890693400e+00
6.565590168619606004e+01,1.874280784984563297e+00
6.567590740211488765e+01,1.337482417625727837e+00
6.569591311803372946e+01,2.037747383335600571e+00
6.571591883395257128e+01,9.978778173554043729e-01
6.573592454987138467e+01,1.438053956680437340e+00
6.575593026579022649e+01,1.456333256845979696e+00
6.577593598170906830e+01,1.622030490089893640e+00
6.579594169762789591e+01,1.374690045864039423e+00
6.581594741354672351e+01,1.672491328181707537e+00
6.583595312946556533e+01,1.168178868148848082e+00
6.585595884538440714e+01,1.189246395137465662e+00
6.587596456130323475e+01,8.048823122075244862e-01
6.589597027722206235e+01,8.055329565226431177e-01
6.591597599314090417e+01,7.990836668339451609e-01
6.593598170905973177e+01,1.341767636138126774e+00
6.595598742497855937e+01,6.065626713496518052e-01
6.597599314089740119e+01,8.890202242711038316e-01
6.599599885681624301e+01,1.305689244384712122e+00
6.601600457273507061e+01,1.708651537859723568e+00
6.603601028865389821e+01,1.466309639711541379e+00
6.605601600457274003e+01,1.757025084400535730e+00
6.607602172049158185e+01,1.680305085703743817e+00
6.609602743641040945e+01,2.022105236848822152e+00
6.611603315232923705e+01,1.602143719118518383e+00
6.613603886824807887e+01,1.943517887012099710e+00
6.615604458416690647e+01,1.641384458984080918e+00
6.617605030008573408e+01,1.340428539465472468e+00
6.619605601600457589e+01,2.048654962541684554e+00
6.621606173192341771e+01,1.903357644802885273e+00
6.623606744784224531e+01,1.865898146149017389e+00
6.625607316376107292e+01,2.506222411317494014e+00
6.627607887967991473e+01,2.371680351421336930e+00
6.629608459559874234e+01,2.855304559199541625e+00
6.631609031151756994e+01,2.240236512982396455e+00
6.633609602743641176e+01,2.635703978122015734e+00
6.635610174335525357e+01,2.989325335414260376e+00
6.637610745927408118e+01,3.042767512887753600e+00
6.639611317519290878e+01,3.475616512377453837e+00
6.641611889111175060e+01,3.608153465969955676e+00
6.643612460703059241e+01,4.205352306789123418e+00
6.645613032294942002e+01,4.533864691332909480e+00
6.647613603886824762e+01,4.389664996752374648e+00
6.649614175478708944e+01,3.634656630157373058e+00
6.651614747070591704e+01,4.646789249031622937e+00
6.653615318662474465e+01,4.350130339847732230e+00
6.655615890254358646e+01,3.768152024533305777e+00
6.657616461846242828e+01,3.444800902429279610e+00
6.659617033438125588e+01,3.389249737937794382e+00
6.661617605030008349e+01,3.755534610111383120e+00
6.663618176621892530e+01,3.881674157330580410e+00
6.665618748213776712e+01,2.940235328786675595e+00
6.667619319805658051e+01,2.129151530360239963e+00
6.669619891397542233e+01,2.865143121053422171e+00
6.671620462989426414e+01,2.906021311444326294e+00
6.673621034581309175e+01,2.487158493907759560e+00
6.675621606173191935e+01,2.273606872699730719e+00
6.677622177765076117e+01,2.204232198569643586e+00
6.679622749356960298e+01,2.297649686755006471e+00
6.681623320948843059e+01,1.204227097232188903e+00
6.683623892540725819e+01,2.115697350089054574e+00
6.685624464132610001e+01,1.998987716588704000e+00
6.687625035724492761e+01,1.641983091892515789e+00
6.689625607316375522e+01,1.119469068844255455e+00
6.691626178908259703e+01,2.196075761746880683e+00
6.693626750500143885e+01,2.275698906976930669e+00
6.695627322092026645e+01,1.823843940005786646e+00
6.697627893683909406e+01,1.267392529890961406e+00
6.699628465275793587e+01,1.273632317564111105e+00
6.701629036867677769e+01,1.569858519130851171e+00
6.703629608459560529e+01,1.790260511152458101e+00
6.705630180051443290e+01,1.768517907059694361e+00
6.707630751643327471e+01,2.157736316019654765e+00
6.709631323235210232e+01,1.334218348821844424e+00
6.711631894827092992e+01,2.030959562375311833e+00
6.713632466418977174e+01,1.145059749659905091e+00
6.715633038010861355e+01,1.282081643459266562e+00
6.717633609602744116e+01,1.923265587030544177e+00
6.719634181194626876e+01,1.931616248560879656e+00
6.721634752786511058e+01,2.434554225549578010e+00
6.723635324378393818e+01,1.623197042608704121e+00
6.725635895970276579e+01,2.199216547280695266e+00
6.727636467562160760e+01,1.999323119618516387e+00
6.729637039154044942e+01,1.889519818607751311e+00
6.731637610745927702e+01,1.503527647658807087e+00
6.733638182337810463e+01,1.624324022359488140e+00
6.735638753929694644e+01,1.625911309800115223e+00
6.737639325521578826e+01,1.021413556793441924e+00
6.739639897113461586e+01,1.209649580916818623e+00
6.741640468705344347e+01,2.064026975227664984e+00
6.743641040297228528e+01,1.445407048540951145e+00
6.745641611889111289e+01,1.353705504400073423e+00
6.747642183480994049e+01,1.503450638143710272e+00
6.749642755072878231e+01,1.378395420353442979e+00
6.751643326664762412e+01,1.580363608700115829e+00
6.753643898256645173e+01,1.631301336545074143e+00
6.755644469848527933e+01,6.669499766598766533e-01
6.757645041440412115e+01,1.387949888572616253e+00
6.759645613032296296e+01,8.935062483408859890e-01
6.761646184624177636e+01,1.562227994092857841e+00
6.763646756216061817e+01,8.236122517191402093e-01
6.765647327807945999e+01,7.407432073648076987e-01
6.767647899399828759e+01,2.075647695719742725e+00
6.769648470991711520e+01,1.627763292863397382e+00
6.771649042583595701e+01,8.865045790647403390e-01
6.773649614175479883e+01,5.963403246084397757e-01
6.775650185767362643e+01,1.432450916987761280e+00
6.777650757359245404e+01,2.135206582055848568e+00
6.779651328951129585e+01,1.567209616499120051e+00
6.781651900543012346e+01,1.760271788081549049e+00
6.783652472134895106e+01,1.452342427508967582e+00
6.785653043726779288e+01,9.845491056215774917e-01
6.787653615318663469e+01,1.706490682641824019e+00
6.789654186910546230e+01,9.283850960288574372e-01
6.791654758502428990e+01,2.221083433848673128e+00
6.793655330094313172e+01,1.623410522961251878e+00
6.795655901686197353e+01,1.789553105696129132e+00
6.797656473278080114e+01,1.568748587672085026e+00
6.799657044869962874e+01,7.698111577784766402e-01
6.801657616461847056e+01,7.776600171084816493e-01
6.803658188053729816e+01,1.854383115092305356e+00
6.805658759645612577e+01,1.134457645854219487e+00
6.807659331237496758e+01,2.065313534692128972e+00
6.809659902829380940e+01,1.403716557228634088e+00
6.811660474421263700e+01,1.717605252931017734e+00
6.813661046013146461e+01,1.801545175660884457e+00
6.815661617605030642e+01,2.097528148662115122e+00
6.817662189196913403e+01,1.000174244146548208e+00
6.819662760788796163e+01,2.025477693675202584e+00
6.821663332380680345e+01,1.029484029709452741e+00
6.823663903972564526e+01,1.539612497713951367e+00
6.825664475564447287e+01,1.256296890478008077e+00
6.827665047156330047e+01,1.433861262026408401e+00
6.829665618748214229e+01,1.126587673179210825e+00
6.831666190340098410e+01,1.289525642328276822e+00
6.833666761931981171e+01,1.991194935149621204e+00
6.835667333523863931e+01,1.138822377482167081e+00
6.837667905115748113e+01,1.181416044767482632e+00
6.839668476707630873e+01,2.057777794083272660e+00
6.841669048299513634e+01,1.531304991418742212e+00
6.843669619891397815e+01,1.995319379401488291e+00
6.845670191483281997e+01,2.106446633623394682e+00
6.847670763075164757e+01,1.981028716689755775e+00
6.849671334667047518e+01,1.934725478502282048e+00
6.851671906258931699e+01,2.921670603434281421e+00
6.853672477850815881e+01,2.154262957155257396e+00
6.855673049442697220e+01,2.576166232265960421e+00
6.857673621034581402e+01,2.034766923124232463e+00
6.859674192626465583e+01,3.671661640941374483e+00
6.861674764218348344e+01,3.624883138222005918e+00
6.863675335810231104e+01,3.865425856475710464e+00
6.865675907402115286e+01,3.363488166758166642e+00
6.867676478993999467e+01,3.669853516853256448e+00
6.869677050585882228e+01,3.577663676785626468e+00
6.871677622177764988e+01,4.334400681798919130e+00
6.873678193769649170e+01,4.871083289858221477e+00
6.875678765361531930e+01,4.051147859021556386e+00
6.877679336953414690e+01,4.331254986033970411e+00
6.879679908545298872e+01,4.072633161782412969e+00
6.881680480137183054e+01,3.859882936303378642e+00
6.883681051729065814e+01,4.209011565879947625e+00
6.885681623320948574e+01,3.876964891874227881e+00
6.887682194912832756e+01,4.066035360597653359e+00
6.889682766504716938e+01,4.692071694465218989e+00
6.891683338096599698e+01,4.669481445891168647e+00
6.893683909688482458e+01,5.006439780797451000e+00
6.895684481280366640e+01,4.982722671742011222e+00
6.897685052872249400e+01,3.903690483035140435e+00
6.899685624464132161e+01,4.436182701420291252e+00
6.901686196056016342e+01,4.933834551934456414e+00
6.903686767647900524e+01,4.969739531144659495e+00
6.905687339239783284e+01,4.507649631723779748e+00
6.907687910831666045e+01,4.421305898653526967e+00
6.909688482423550226e+01,5.530901274809543189e+00
6.911689054015432987e+01,5.443998677661516794e+00
6.913689625607315747e+01,5.289768725387693493e+00
6.915690197199199929e+01,4.314975122859859624e+00
6.917690768791084110e+01,4.361954502466875994e+00
6.919691340382966871e+01,4.387562474511630839e+00
6.921691911974849631e+01,4.867321602581932360e+00
6.923692483566733813e+01,4.721172565211292138e+00
6.925693055158617994e+01,3.715791507436045471e+00
6.927693626750500755e+01,3.489408169316261521e+00
6.929694198342383515e+01,3.352849123410237553e+00
6.931694769934267697e+01,3.366286531040656449e+00
6.933695341526150457e+01,2.237150702631322208e+00
6.935695913118033218e+01,2.084433246817755325e+00
6.937696484709917399e+01,1.742710355486126517e+00
6.939697056301801581e+01,2.520965880262708403e+00
6.941697627893684341e+01,1.210642029053135893e+00
6.943698199485567102e+01,1.751196257971458614e+00
6.945698771077451283e+01,1.907447543499555920e+00
6.947699342669335465e+01,1.446295649740275024e+00
6.949699914261216804e+01,1.442520136940704800e+00
6.951700485853100986e+01,1.920895784357637304e+00
6.953701057444985167e+01,1.232458975632773068e+00
6.955701629036867928e+01,1.071326483963535248e+00
6.957702200628750688e+01,1.683574888495752431e+00
6.959702772220634870e+01,1.652577055910980253e+00
6.961703343812519051e+01,1.904273007687170782e+00
6.963703915404401812e+01,1.508743451789138712e+00
6.965704486996284572e+01,2.051264780075830352e+00
6.967705058588168754e+01,1.867362590615550655e+00
6.969705630180051514e+01,1.522854215486818097e+00
6.971706201771934275e+01,1.907780505880239508e+00
6.973706773363818456e+01,1.792195682056436645e+00
6.975707344955702638e+01,2.164373645067284357e+00
6.977707916547585398e+01,2.766352066662137066e+00
6.979708488139468159e+01,2.603233530398671114e+00
6.981709059731352340e+01,2.459932608937027254e+00
6.983709631323236522e+01,2.852409482833830445e+00
6.985710202915119282e+01,3.195107905429237061e+00
6.987710774507002043e+01,2.934019104848933246e+00
6.989711346098886224e+01,4.047908697117706289e+00
6.991711917690768985e+01,4.371502557902964270e+00
6.993712489282651745e+01,4.363417022291660174e+00
6.995713060874535927e+01,5.577534370624936955e+00
6.997713632466420108e+01,5.650864004560119724e+00
6.999714204058302869e+01,6.316270953531980759e+00
7.001714775650185629e+01,5.732009425892441001e+00
7.003715347242069811e+01,7.111651688190585574e+00
7.005715918833952571e+01,7.277104460491234050e+00
7.007716490425835332e+01,6.855314302019293038e+00
7.009717062017719513e+01,6.903916186922073095e+00
7.011717633609603695e+01,7.963219391653298729e+00
7.013718205201486455e+01,7.206867807033797924e+00
7.015718776793369216e+01,7.223093032779838829e+00
7.017719348385253397e+01,6.521758696101252362e+00
7.019719919977137579e+01,6.715459829105107303e+00
7.021720491569020339e+01,5.920458637253330991e+00
7.023721063160903100e+01,5.451020731222005367e+00
7.025721634752787281e+01,5.097329365167254878e+00
7.027722206344670042e+01,3.830054298286827308e+00
7.029722777936552802e+01,4.708643319274870009e+00
7.031723349528436984e+01,3.812794663639317960e+00
7.033723921120321165e+01,3.620559075360513468e+00
7.035724492712203926e+01,3.826727858712188901e+00
7.037725064304086686e+01,2.220989225137869560e+00
7.039725635895970868e+01,2.519566511267659514e+00
7.041726207487855049e+01,1.627931812634110686e+00
7.043726779079736389e+01,2.207020291381120103e+00
7.045727350671620570e+01,1.912690405387639458e+00
7.047727922263504752e+01,2.311875011265210222e+00
7.049728493855387512e+01,1.730204377977214936e+00
7.051729065447270273e+01,2.035594585596699702e+00
7.053729637039154454e+01,1.918673549466262340e+00
7.055730208631038636e+01,2.062182162065330893e+00
7.057730780222921396e+01,1.719561741549495038e+00
7.059731351814804157e+01,1.482992761307036389e+00
7.061731923406688338e+01,1.690367687492133175e+00
7.063732494998571099e+01,1.375759334242561582e+00
7.065733066590453859e+01,9.428803350386061322e-01
7.067733638182338041e+01,1.197047732751845395e+00
7.069734209774222222e+01,7.942326159430699306e-01
7.071734781366104983e+01,1.302507652078719991e+00
7.073735352957987743e+01,1.495821991762462222e+00
7.075735924549871925e+01,1.177544189759820226e+00
7.077736496141756106e+01,1.502135973818544912e+00
7.079737067733638867e+01,2.160292098584924325e+00
7.081737639325521627e+01,1.484322227857455934e+00
7.083738210917405809e+01,1.609158445042891961e+00
7.085738782509288569e+01,1.484611429306712971e+00
7.087739354101171330e+01,2.171194716773918287e+00
7.089739925693055511e+01,2.338152719901565924e+00
7.091740497284939693e+01,1.692102262044416605e+00
7.093741068876822453e+01,1.447481201459499545e+00
7.095741640468705214e+01,1.860570537258906754e+00
7.097742212060589395e+01,1.504089210054576853e+00
7.099742783652472156e+01,1.740230312820054914e+00
7.101743355244354916e+01,1.960158671032683486e+00
7.103743926836239098e+01,1.481738037522388529e+00
7.105744498428123279e+01,2.201243175708359257e+00
7.107745070020006040e+01,2.555194926963223256e+00
7.109745641611888800e+01,2.274283058936710678e+00
7.111746213203772982e+01,2.668323215898672274e+00
7.113746784795657163e+01,2.319672722335341941e+00
7.115747356387539924e+01,1.880909048863917077e+00
7.117747927979422684e+01,1.419747596363890807e+00
7.119748499571306866e+01,1.917903419602071891e+00
7.121749071163189626e+01,2.385339959689654066e+00
7.123749642755072387e+01,1.654889436787315038e+00
7.125750214346956568e+01,2.000890688035803500e+00
7.127750785938840750e+01,2.529145916839302899e+00
7.129751357530723510e+01,2.373465353009922119e+00
7.131751929122606271e+01,2.193917010594543804e+00
7.133752500714490452e+01,2.247697869653595415e+00
7.135753072306374634e+01,8.802357366256410298e-01
7.137753643898255973e+01,1.001293046964031763e+00
7.139754215490140155e+01,1.496136523190276346e+00
7.141754787082024336e+01,2.035100957664481403e+00
7.143755358673907097e+01,1.971410575149762590e+00
7.145755930265789857e+01,1.854156582886573368e+00
7.147756501857674039e+01,2.159326592655584687e+00
7.149757073449558220e+01,2.100007468849127701e+00
7.151757645041440981e+01,2.679253748569341287e+00
7.153758216633323741e+01,1.130768296463178890e+00
7.155758788225207923e+01,2.411828071867636147e+00
7.157759359817090683e+01,1.657387012382450120e+00
7.159759931408973443e+01,3.258725978337202900e+00
7.161760503000857625e+01,2.422911176164039837e+00
7.163761074592741807e+01,2.572753167971398192e+00
7.165761646184624567e+01,2.995301403686807085e+00
7.167762217776507327e+01,3.048823223590016340e+00
7.169762789368391509e+01,3.268870599869740712e+00
7.171763360960275691e+01,2.467008746590876989e+00
7.173763932552158451e+01,3.348615615182273686e+00
7.175764504144041211e+01,4.062825439649026649e+00
7.177765075735925393e+01,3.229138322425714858e+00
7.179765647327808153e+01,4.024904915234824188e+00
7.181766218919690914e+01,3.109500162310843585e+00
7.183766790511575095e+01,3.470576774605462322e+00
7.185767362103459277e+01,3.627215999646857814e+00
7.187767933695342037e+01,3.168562348139746021e+00
7.189768505287224798e+01,2.610289049685535989e+00
7.191769076879108979e+01,2.297642582729290339e+00
7.193769648470991740e+01,2.802608933127101132e+00
7.195770220062874500e+01,2.056787845999170194e+00
7.197770791654758682e+01,2.193251256929812598e+00
7.199771363246642863e+01,1.905424666043901816e+00
7.201771934838525624e+01,1.300588349532894483e+00
7.203772506430408384e+01,1.711573553443289653e+00
7.205773078022292566e+01,1.275938983799740356e+00
7.207773649614176747e+01,2.149397916789507867e+00
7.209774221206059508e+01,1.405312930540731697e+00
7.211774792797942268e+01,8.510421979158612205e-01
7.213775364389826450e+01,9.040966608144267447e-01
7.215775935981709210e+01,1.333583306940687052e+00
7.217776507573591971e+01,1.094033959341341067e+00
7.219777079165476152e+01,1.775343172237376255e+00
7.221777650757360334e+01,1.159366060311832536e+00
7.223778222349243094e+01,1.815446642020853263e+00
7.225778793941125855e+01,1.203969688201240729e+00
7.227779365533010036e+01,1.443927700129228775e+00
7.229779937124894218e+01,1.457407046609876078e+00
7.231780508716775557e+01,1.230433786029021093e+00
7.233781080308659739e+01,1.967979445633746050e+00
7.235781651900543920e+01,1.842876614783434341e+00
7.237782223492426681e+01,1.155970330562727133e+00
7.239782795084309441e+01,1.207819994858148505e+00
7.241783366676193623e+01,9.876326225691383076e-01
7.243783938268077804e+01,2.104753626588908411e+00
7.245784509859960565e+01,1.719785547226128752e+00
7.247785081451843325e+01,1.545017656381045823e+00
7.249785653043727507e+01,1.895460298224200590e+00
7.251786224635610267e+01,1.642214059317314012e+00
7.253786796227493028e+01,1.090162550698191568e+00
7.255787367819377209e+01,2.105643346045595443e+00
7.257787939411261391e+01,2.192031568005571973e+00
7.259788511003144151e+01,1.846689012600376767e+00
7.261789082595026912e+01,1.640957631193784572e+00
7.263789654186911093e+01,1.449886345321219405e+00
7.265790225778795275e+01,8.973118404086575239e-01
7.267790797370678035e+01,1.224937333230606828e+00
7.269791368962560796e+01,1.006896821663782138e+00
7.271791940554444977e+01,1.435149552563550923e+00
7.273792512146327738e+01,1.495053466451903734e+00
7.275793083738210498e+01,1.581887122058355688e+00
7.277793655330094680e+01,1.542177441198561594e+00
7.279794226921978861e+01,9.866758067778642616e-01
7.281794798513861622e+01,1.183688473891705950e+00
7.283795370105744382e+01,9.474443980340668814e-01
7.285795941697628564e+01,2.029608452407932084e+00
7.287796513289511324e+01,1.286357293975990634e+00
7.289797084881394085e+01,9.697473020408375888e-01
7.291797656473278266e+01,7.455880331257890292e-01
7.293798228065162448e+01,1.232583407224998595e+00
7.295798799657045208e+01,9.435474494788772537e-01
7.297799371248927969e+01,8.647316282325532288e-01
7.299799942840812150e+01,1.448570880928874427e+00
7.301800514432696332e+01,1.330284290832409733e+00
7.303801086024579092e+01,1.705720706366248507e+00
7.305801657616461853e+01,2.121155961464416428e+00
7.307802229208346034e+01,1.518759190882490895e+00
7.309802800800228795e+01,1.318881176873321959e+00
7.311803372392111555e+01,1.168627351935976888e+00
7.313803943983995737e+01,1.874233516232392871e+00
7.315804515575879918e+01,1.432930427502827397e+00
7.317805087167762679e+01,1.430696576079608429e+00
7.319805658759645439e+01,8.951478731345490214e-01
7.321806230351529621e+01,1.544873823091882148e+00
7.323806801943413802e+01,5.473047695715375083e-01
7.325807373535295142e+01,1.567072319786835699e+00
7.327807945127179323e+01,8.970851001895409071e-01
7.329808516719063505e+01,1.472941771160842794e+00
7.331809088310946265e+01,1.429579921174275459e+00
7.333809659902829026e+01,1.082117422181392064e+00
7.335810231494713207e+01,1.417526690614888230e+00
7.337810803086597389e+01,1.456502420882228810e+00
7.339811374678480149e+01,4.008549051851513223e-01
7.341811946270362910e+01,1.331801124124648350e+00
7.343812517862247091e+01,1.082305900818376188e+00
7.345813089454129852e+01,7.981733454369885905e-01
7.347813661046012612e+01,9.037864398614270378e-01
7.349814232637896794e+01,1.629411718805909626e+00
7.351814804229780975e+01,1.066758530543542083e+00
7.353815375821663736e+01,1.607441687180592549e+00
7.355815947413546496e+01,7.554194137023220179e-01
7.357816519005430678e+01,9.653151727984961017e-01
7.359817090597314859e+01,1.129761104571766150e+00
7.361817662189197620e+01,1.660004651233147666e+00
7.363818233781080380e+01,1.396295461126602966e+00
7.365818805372964562e+01,1.279915063285097965e+00
7.367819376964847322e+01,1.385477442247560642e+00
7.369819948556730083e+01,2.183470712769690181e+00
7.371820520148614264e+01,2.150024872115682051e+00
7.373821091740498446e+01,1.388395128478683072e+00
7.375821663332381206e+01,2.696928919586818907e+00
7.377822234924263967e+01,2.230552755029981515e+00
7.379822806516148148e+01,2.645718815890788722e+00
7.381823378108030909e+01,2.758369081645937193e+00
7.383823949699913669e+01,2.454557374758390420e+00
7.385824521291797851e+01,3.165486877265376364e+00
7.387825092883682032e+01,2.904316162706829907e+00
7.389825664475564793e+01,3.566292473096146498e+00
7.391826236067447553e+01,4.347177614851173821e+00
7.393826807659331735e+01,4.775687805260762531e+00
7.395827379251215916e+01,5.071524504532323618e+00
7.397827950843098677e+01,4.801347682575994646e+00
7.399828522434981437e+01,4.430119647990591325e+00
7.401829094026865619e+01,5.565857447337707598e+00
7.403829665618748379e+01,4.954275785600898097e+00
7.405830237210632561e+01,4.791749438657705973e+00
7.407830808802515321e+01,4.249325404340946299e+00
7.409831380394398082e+01,4.613525300267073526e+00
7.411831951986282263e+01,3.839890966077936785e+00
7.413832523578165024e+01,3.679399059510308323e+00
7.415833095170049205e+01,3.938191624889941345e+00
7.417833666761931966e+01,4.013392583814514580e+00
7.419834238353816147e+01,4.504868973616851235e+00
7.421834809945698908e+01,3.818689742616881766e+00
7.423835381537583089e+01,3.088319092070825889e+00
7.425835953129465850e+01,2.801614300948408687e+00
7.427836524721348610e+01,3.624790269827271150e+00
7.429837096313232792e+01,3.781004102915050957e+00
7.431837667905115552e+01,2.319513840121253168e+00
7.433838239496999734e+01,2.704375285161295217e+00
7.435838811088882494e+01,2.732262848692633916e+00
7.437839382680766676e+01,2.228915249180460023e+00
7.439839954272649436e+01,1.882296586633953162e+00
7.441840525864533618e+01,2.792720629596653126e+00
7.443841097456416378e+01,2.376838106758245139e+00
7.445841669048300560e+01,2.492481800095436739e+00
7.447842240640183320e+01,1.466395721017968334e+00
7.449842812232066080e+01,2.731430655770873628e+00
7.451843383823950262e+01,2.344880219879494909e+00
7.453843955415833022e+01,1.786867705887832614e+00
7.455844527007717204e+01,1.608026977398235191e+00
7.457845098599599964e+01,2.101293263850039228e+00
7.459845670191484146e+01,1.388859682253690497e+00
7.461846241783366906e+01,1.876651269861708826e+00
7.463846813375251088e+01,1.037391824497582382e+00
7.465847384967133848e+01,1.692477083046819208e+00
7.467847956559016609e+01,1.869388610794744165e+00
7.469848528150900790e+01,1.094777854125505989e+00
7.471849099742783551e+01,1.457448609798259742e+00
7.473849671334667732e+01,1.784051925237575942e+00
7.475850242926550493e+01,1.662248875756752842e+00
7.477850814518434674e+01,9.941730226167886375e-01
7.479851386110317435e+01,9.855074746662317864e-01
7.481851957702201616e+01,1.878819167513122501e+00
7.483852529294084377e+01,1.248410793596461232e+00
7.485853100885967137e+01,1.632781856558753297e+00
7.487853672477851319e+01,1.185157521792756574e+00
7.489854244069734079e+01,1.326436812100465490e+00
7.491854815661618261e+01,7.535842961138357055e-01
7.493855387253501021e+01,1.334948591430089593e+00
7.495855958845385203e+01,1.826340532095266589e+00
7.497856530437267963e+01,1.563609820225217106e+00
7.499857102029152145e+01,1.048985503587235524e+00
7.501857673621034905e+01,1.840652717952076411e+00
7.503858245212917666e+01,8.264940379503453727e-01
7.505858816804801847e+01,1.283388897249368998e+00
7.507859388396684608e+01,1.922130351892624933e+00
7.509859959988568789e+01,2.103789074556811300e+00
7.511860531580451550e+01,1.170474172775406441e+00
7.513861103172335731e+01,2.555608170017518166e+00
7.515861674764218492e+01,1.911547506906982719e+00
7.517862246356102673e+01,2.100460060668933870e+00
7.519862817947985434e+01,2.061154030091914890e+00
7.521863389539868194e+01,2.183246409697587431e+00
7.523863961131752376e+01,2.648267276513291968e+00
7.525864532723635136e+01,2.801549173988878927e+00
7.527865104315519318e+01,2.548664358556448573e+00
7.529865675907402078e+01,2.309697294916206012e+00
7.531866247499286260e+01,1.949059963479463864e+00
7.533866819091169020e+01,2.709183157681508192e+00
7.535867390683053202e+01,2.330228217679931380e+00
7.537867962274935962e+01,2.370292113130971323e+00
7.539868533866820144e+01,2.733579106175593854e+00
7.541869105458702904e+01,2.506956682205684128e+00
7.543869677050585665e+01,3.387950334570380750e+00
7.545870248642469846e+01,2.929695389933211658e+00
7.547870820234352607e+01,3.037115179949300803e+00
7.549871391826236788e+01,2.902970046591191622e+00
7.551871963418119549e+01,3.590078777438705959e+00
7.553872535010003730e+01,3.986300532281092934e+00
7.555873106601886491e+01,3.977646988368953807e+00
7.557873678193770672e+01,4.403289910252087047e+00
7.559874249785653433e+01,4.066103425768956114e+00
7.561874821377536193e+01,4.418149747187967158e+00
7.563875392969420375e+01,5.558285640896359681e+00
7.565875964561303135e+01,5.434474808175355776e+00
7.567876536153187317e+01,5.547357726248502097e+00
7.569877107745070077e+01,5.879880541562204854e+00
7.571877679336954259e+01,4.775254304091161472e+00
7.573878250928837019e+01,5.234338917146811987e+00
7.575878822520721201e+01,5.717110451796207471e+00
7.577879394112603961e+01,5.591810844363771515e+00
7.579879965704486722e+01,5.354583240625960805e+00
7.581880537296370903e+01,4.846002201762435568e+00
7.583881108888253664e+01,4.652819602219317119e+00
7.585881680480137845e+01,4.266219753828544903e+00
7.587882252072020606e+01,4.750736344071492034e+00
7.589882823663904787e+01,4.641729884033533260e+00
7.591883395255787548e+01,3.559159037928735447e+00
7.593883966847671729e+01,4.232594282881764869e+00
7.595884538439554490e+01,3.379293852058277370e+00
7.597885110031437250e+01,3.747458575399775782e+00
7.599885681623321432e+01,3.119657781417635611e+00
7.601886253215204192e+01,3.220651530187355061e+00
7.603886824807088374e+01,3.262064004869339229e+00
7.605887396398971134e+01,3.428754809036254514e+00
7.607887967990855316e+01,2.998967280424425841e+00
7.609888539582738076e+01,2.631102204314682780e+00
7.611889111174622258e+01,3.077673872167411506e+00
7.613889682766505018e+01,2.643321560618078436e+00
7.615890254358387779e+01,2.941098454668347628e+00
7.617890825950271960e+01,1.992461400721597720e+00
7.619891397542154721e+01,2.711093895485983118e+00
7.621891969134038902e+01,2.291213145583256505e+00
7.623892540725921663e+01,2.080981268080456026e+00
7.625893112317805844e+01,2.388920960623742040e+00
7.627893683909688605e+01,1.344558373001620843e+00
7.629894255501572786e+01,1.945389105745727543e+00
7.631894827093455547e+01,1.771627628338408034e+00
7.633895398685339728e+01,1.606505982553069423e+00
7.635895970277222489e+01,1.867704282009332362e+00
7.637896541869105249e+01,1.633354078826857680e+00
7.639897113460989431e+01,8.856496846372753362e-01
7.641897685052872191e+01,1.739573106347954479e+00
7.643898256644756373e+01,1.612847647774143578e+00
7.645898828236639133e+01,1.472754044303963283e+00
7.647899399828523315e+01,1.982696138660861473e+00
7.649899971420406075e+01,1.213152869765113273e+00
7.651900543012290257e+01,2.173871883637907843e+00
7.653901114604173017e+01,1.971151188907781293e+00
7.655901686196055778e+01,1.291295770885473093e+00
7.657902257787939959e+01,1.739200713272041288e+00
7.659902829379822720e+01,1.547165338004840685e+00
7.661903400971706901e+01,1.670064576683791824e+00
7.663903972563589662e+01,1.130583400122036952e+00
7.665904544155473843e+01,2.092927917564320506e+00
7.667905115747356604e+01,2.024861809901719933e+00
7.669905687339240785e+01,1.775177440303795207e+00
7.671906258931123546e+01,2.391810370718634449e+00
7.673906830523006306e+01,1.502724240730589855e+00
7.675907402114890488e+01,2.028422853934487957e+00
7.677907973706773248e+01,1.238232202572671303e+00
7.679908545298657430e+01,2.631348665123494079e+00
7.681909116890540190e+01,1.380985200387335743e+00
7.683909688482424372e+01,1.303669311724437341e+00
7.685910260074307132e+01,1.946807483770482072e+00
7.687910831666191314e+01,1.704187293938259629e+00
7.689911403258074074e+01,1.438527918946831186e+00
7.691911974849956835e+01,1.761394093910340741e+00
7.693912546441841016e+01,7.382935418174565445e-01
7.695913118033723777e+01,2.100505954294384026e+00
7.697913689625607958e+01,1.152828710249163002e+00
7.699914261217490719e+01,1.826327241107335464e+00
7.701914832809374900e+01,1.367899083996610532e+00
7.703915404401257661e+01,1.658799336363732113e+00
7.705915975993141842e+01,2.160103247982906982e+00
7.707916547585024603e+01,1.926557447950253632e+00
7.709917119176907363e+01,1.644135179426568172e+00
7.711917690768791545e+01,1.070099970517680354e+00
7.713918262360674305e+01,1.080248327975820377e+00
7.715918833952558487e+01,7.550824413521031175e-01
7.717919405544441247e+01,6.450177894485341623e-01
7.719919977136325429e+01,1.501862095958857779e+00
7.721920548728208189e+01,1.717913042455047279e+00
7.723921120320092371e+01,1.338549368659012861e+00
7.725921691911975131e+01,1.441720638494678131e+00
7.727922263503859313e+01,6.858123281244331571e-01
7.729922835095742073e+01,3.187544062720988336e-01
7.731923406687624833e+01,9.114208374755438102e-01
7.733923978279509015e+01,6.637485791437425231e-01
7.735924549871391775e+01,8.646399420339371256e-01
7.737925121463275957e+01,1.248078795149412334e+00
7.739925693055158717e+01,1.062531091385408688e+00
7.741926264647042899e+01,8.285898882904702001e-01
7.743926836238925659e+01,6.154779756364556764e-01
7.745927407830809841e+01,8.805536469497141638e-01
7.747927979422692601e+01,5.130307162205760552e-01
7.749928551014575362e+01,1.691774522174783524e+00
7.751929122606459543e+01,1.063198736310794645e+00
7.753929694198342304e+01,6.522087154165002731e-01
7.755930265790226485e+01,1.508433688561988673e+00
7.757930837382109246e+01,1.738511156090671861e+00
7.759931408973993427e+01,9.595460629933166841e-01
7.761931980565876188e+01,6.966431991346655472e-01
7.763932552157760369e+01,8.499592829193121091e-01
7.765933123749643130e+01,1.238898397532014251e+00
7.767933695341525890e+01,9.992540717359893465e-01
7.769934266933410072e+01,7.853224282317020633e-01
7.771934838525292832e+01,9.528907104468046230e-01
7.773935410117177014e+01,1.111098404537174344e+00
7.775935981709059774e+01,1.441185254958287087e+00
7.777936553300943956e+01,1.013478579486376319e+00
7.779937124892826716e+01,1.197603901748122812e+00
7.781937696484710898e+01,8.811353359347593450e-01
7.783938268076593658e+01,1.492934871318699397e+00
7.785938839668476419e+01,1.031857542516018800e+00
7.787939411260360600e+01,9.715255406431291263e-01
7.789939982852243361e+01,1.622355872085911255e+00
7.791940554444127542e+01,1.346063543332971069e+00
7.793941126036010303e+01,1.011101399017445779e+00
7.795941697627894484e+01,9.880542882168846797e-01
7.797942269219777245e+01,1.213281386431262598e+00
7.799942840811661426e+01,9.295402214815251529e-01
7.801943412403544187e+01,8.918071250346097933e-01
7.803943983995426947e+01,1.403003973496127932e+00
7.805944555587311129e+01,7.103854387672465798e-01
7.807945127179193889e+01,8.696813638287030912e-01
7.809945698771078071e+01,1.417246056549523070e+00
7.811946270362960831e+01,1.156387959978509405e+00
7.813946841954845013e+01,6.005637650908243197e-01
7.815947413546727773e+01,1.896696763661015694e+00
7.817947985138611955e+01,4.203305463183374391e-01
7.819948556730494715e+01,3.482383423236793396e-01
7.821949128322378897e+01,6.403956059073097062e-01
7.823949699914261657e+01,5.323158074970815168e-01
7.825950271506144418e+01,1.661955297580934632e+00
7.827950843098028599e+01,6.110299302358743745e-01
7.829951414689911360e+01,1.691562879398915475e+00
7.831951986281795541e+01,5.635418167781424126e-01
7.833952557873678302e+01,5.977696031745767247e-01
7.835953129465562483e+01,1.294657258238296693e+00
7.837953701057445244e+01,1.157116221465897654e+00
7.839954272649329425e+01,1.779349036071621981e+00
7.841954844241212186e+01,1.033326346698062670e+00
7.843955415833094946e+01,8.873315376064722093e-01
7.845955987424979128e+01,1.502317705461222008e+00
7.847956559016861888e+01,1.437942852340386324e+00
7.849957130608746070e+01,2.201081944356142017e+00
7.851957702200628830e+01,1.365321438218441763e+00
7.853958273792513012e+01,1.754913658864064807e+00
7.855958845384395772e+01,2.520632613021348334e+00
7.857959416976279954e+01,2.335037951852289240e+00
7.859959988568162714e+01,2.032787678031515721e+00
7.861960560160045475e+01,1.856738633003340633e+00
7.863961131751929656e+01,3.214805618808393106e+00
7.865961703343812417e+01,3.164163055137835023e+00
7.867962274935696598e+01,3.008217175182843928e+00
7.869962846527579359e+01,3.105603499267703071e+00
7.871963418119463540e+01,2.782769166741430489e+00
7.873963989711346301e+01,3.682909672152714364e+00
7.875964561303230482e+01,3.336400460790849287e+00
7.877965132895113243e+01,3.717792034907708487e+00
7.879965704486996003e+01,4.197782474462864677e+00
7.881966276078880185e+01,3.961792361846712129e+00
7.883966847670762945e+01,3.942229930773301305e+00
7.885967419262647127e+01,4.138621645389842563e+00
7.887967990854529887e+01,3.668161631552166568e+00
7.889968562446414069e+01,3.694832910876400867e+00
7.891969134038296829e+01,4.618042159951056824e+00
7.893969705630181011e+01,4.493567655814253214e+00
7.895970277222063771e+01,4.212723367351403958e+00
7.897970848813946532e+01,4.893724608049518032e+00
7.899971420405830713e+01,3.786234239151715641e+00
7.901971991997713474e+01,4.946852023906682660e+00
7.903972563589597655e+01,4.309696648169873079e+00
7.905973135181480416e+01,4.005266843814074385e+00
7.907973706773364597e+01,3.982251991034610583e+00
7.909974278365247358e+01,3.967661730434060452e+00
7.911974849957131539e+01,4.085516403292382748e+00
7.913975421549014300e+01,3.798348359205319547e+00
7.915975993140898481e+01,3.298978483114834326e+00
7.917976564732781242e+01,3.177263057763689780e+00
7.919977136324664002e+01,2.923664872074118737e+00
7.921977707916548184e+01,3.181504743532149959e+00
7.923978279508430944e+01,2.598150156444873016e+00
7.925978851100315126e+01,2.749899297628611627e+00
7.927979422692197886e+01,2.035799675436932077e+00
7.929979994284082068e+01,2.634097752613977050e+00
7.931980565875964828e+01,2.879222329016942972e+00
7.933981137467849010e+01,2.678730944305836914e+00
7.935981709059731770e+01,2.184176402267183459e+00
7.937982280651614531e+01,2.455980564348151596e+00
7.939982852243498712e+01,2.976216233931739730e+00
7.941983423835381473e+01,2.552022410844335454e+00
7.943983995427265654e+01,2.635587125410853382e+00
7.945984567019148415e+01,1.953625450517037621e+00
7.947985138611032596e+01,2.664136520823569221e+00
7.949985710202915357e+01,1.867307897972570130e+00
7.951986281794799538e+01,1.949799586646423943e+00
7.953986853386682299e+01,2.289518671817662998e+00
7.955987424978565059e+01,1.993975229388103454e+00
7.957987996570449241e+01,2.490382299858792337e+00
7.959988568162332001e+01,2.593053580297522309e+00
7.961989139754216183e+01,2.198883937778114195e+00
7.963989711346098943e+01,1.279118911572301176e+00
7.965990282937983125e+01,1.811391390460447948e+00
7.967990854529865885e+01,1.924779859035367746e+00
7.969991426121750067e+01,1.557165961111486308e+00
7.971991997713632827e+01,1.250389680539388815e+00
7.973992569305515588e+01,1.028581098435659369e+00
7.975993140897399769e+01,9.519717625406098893e-01
7.977993712489282530e+01,2.030959531271868457e+00
7.979994284081166711e+01,8.130874375610830374e-01
7.981994855673049472e+01,1.604430910422247392e+00
7.983995427264933653e+01,1.823539705743028261e+00
7.985995998856816414e+01,8.070718163937723455e-01
7.987996570448700595e+01,4.576793421942021434e-01
7.989997142040583356e+01,1.114470700816619031e+00
7.991997713632466116e+01,1.087483376453350026e+00
7.993998285224350298e+01,1.337217870293470279e+00
7.995998856816233058e+01,8.744024096847391458e-01
7.997999428408117240e+01,1.030380036120280840e+00
8.000000000000000000e+01,1.180574645091451380e+00
