angle,intensity
1.000000000000000000e+01,5.769734838591816795e-01
1.002000571591883471e+01,3.449626361499593119e-01
1.004001143183766764e+01,1.468836538412223280e+00
1.006001714775650235e+01,1.384886318062261257e+00
1.008002286367533529e+01,1.363842088127589891e+00
1.010002857959417000e+01,4.770491214156756254e-01
1.012003429551300293e+01,1.348474892085795407e+00
1.014004001143183764e+01,1.960523746434844172e+00
1.016004572735067235e+01,5.158934823386287505e-01
1.018005144326950528e+01,1.473734324346113844e+00
1.020005715918833999e+01,1.059207006292903319e+00
1.022006287510717293e+01,1.286822106462204074e+00
1.024006859102600764e+01,4.900823866343756996e-01
1.026007430694484057e+01,1.293394886932442422e-01
1.028008002286367528e+01,4.472268610038036551e-01
1.030008573878250999e+01,1.651228891219387096e+00
1.032009145470134293e+01,2.836656552644840068e-01
1.034009717062017764e+01,1.164783233736049750e+00
1.036010288653901057e+01,1.441768698963492357e+00
1.038010860245784528e+01,1.669804639752816122e+00
1.040011431837667999e+01,1.491336632245110927e+00
1.042012003429551292e+01,8.040260255079818563e-01
1.044012575021434763e+01,2.573487348462359381e-01
1.046013146613318057e+01,1.134019079556045195e+00
1.048013718205201528e+01,4.997000451887017580e-01
1.050014289797084821e+01,1.211494495777815983e+00
1.052014861388968292e+01,1.539561530551984969e+00
1.054015432980851585e+01,3.852746574687049286e-01
1.056016004572735056e+01,2.044268262214648413e+00
1.058016576164618527e+01,1.609890918410075811e+00
1.060017147756501821e+01,1.972446907282463080e+00
1.062017719348385292e+01,8.333327823942972001e-01
1.064018290940268585e+01,6.312364707317132950e-01
1.066018862532152056e+01,5.296685198212316426e-01
1.068019434124035527e+01,2.075021763993158963e+00
1.070020005715918820e+01,5.742622171478745097e-01
1.072020577307802292e+01,2.062135631630929833e+00
1.074021148899685585e+01,1.447931263542808100e+00
1.076021720491569056e+01,1.666861067969034993e+00
1.078022292083452349e+01,1.047104353236731011e+00
1.080022863675335820e+01,7.636329413333444727e-01
1.082023435267219291e+01,1.869199471358498954e+00
1.084024006859102585e+01,1.253281378237772081e+00
1.086024578450986056e+01,8.388140629897686829e-01
1.088025150042869349e+01,6.057099495900681863e-01
1.090025721634752820e+01,1.484654589195903540e+00
1.092026293226636113e+01,1.394257301951735251e+00
1.094026864818519584e+01,1.258309776073772923e+00
1.096027436410403055e+01,1.807343025601411801e+00
1.098028008002286349e+01,1.552835747091199314e+00
1.100028579594169820e+01,1.847670021643853966e+00
1.102029151186053113e+01,1.364584746894139666e+00
1.104029722777936584e+01,1.329280539566456198e+00
1.106030294369819877e+01,2.087343840919298810e+00
1.108030865961703348e+01,6.856994947755343794e-01
1.110031437553586819e+01,7.662999338459306475e-01
1.112032009145470113e+01,1.676543906858666499e+00
1.114032580737353584e+01,8.109273017343726631e-01
1.116033152329236877e+01,1.858671623384654303e+00
1.118033723921120348e+01,9.519215172305478534e-01
1.120034295513003642e+01,1.859244170396777029e+00
1.122034867104887113e+01,1.290505019574211820e+00
1.124035438696770584e+01,2.048911045557345822e+00
1.126036010288653877e+01,1.195774320188139228e+00
1.128036581880537348e+01,1.130938180648570990e+00
1.130037153472420641e+01,2.190601401318835961e+00
1.132037725064304112e+01,1.973160769274925785e+00
1.134038296656187583e+01,5.352884662287678008e-01
1.136038868248070877e+01,1.189100772333639089e+00
1.138039439839954348e+01,5.840186551740517151e-01
1.140040011431837641e+01,2.412495020055704043e+00
1.142040583023721112e+01,6.656046616298699758e-01
1.144041154615604405e+01,1.626594833185691424e+00
1.146041726207487876e+01,2.212107864933638979e+00
1.148042297799371170e+01,8.999322853024607216e-01
1.150042869391254641e+01,1.320821278444171964e+00
1.152043440983138112e+01,1.139717175988433251e+00
1.154044012575021405e+01,1.382077423015205531e+00
1.156044584166904876e+01,2.330075475547868979e+00
1.158045155758788169e+01,2.101285234678163416e+00
1.160045727350671640e+01,1.045433626185065412e+00
1.162046298942555111e+01,6.617521570963885713e-01
1.164046870534438405e+01,9.671483126536509767e-01
1.166047442126321876e+01,7.582769148837799067e-01
1.168048013718205169e+01,2.269267228457590768e+00
1.170048585310088640e+01,1.366518817878021430e+00
1.172049156901971934e+01,1.000916623397718253e+00
1.174049728493855405e+01,1.900808781871831332e+00
1.176050300085738698e+01,1.145655536854432999e+00
1.178050871677622169e+01,1.318358240973081630e+00
1.180051443269505640e+01,1.275540286449490912e+00
1.182052014861388933e+01,1.569685905156322780e+00
1.184052586453272404e+01,9.775461356715574590e-01
1.186053158045155698e+01,1.771050591529644391e+00
1.188053729637039169e+01,8.735318368850452098e-01
1.190054301228922640e+01,1.533895055007137520e+00
1.192054872820805933e+01,1.146735237891595816e+00
1.194055444412689404e+01,1.216577022468197100e+00
1.196056016004572697e+01,2.584337221334128909e+00
1.198056587596456168e+01,2.206538910889004779e+00
1.200057159188339639e+01,1.026019678163395898e+00
1.202057730780222933e+01,2.000101079655737912e+00
1.204058302372106226e+01,2.449359284177485829e+00
1.206058873963989697e+01,2.178177613802264823e+00
1.208059445555873168e+01,8.201119532723127881e-01
1.210060017147756461e+01,1.774363720937460753e+00
1.212060588739639932e+01,2.108440930312990513e+00
1.214061160331523226e+01,1.214529477882242414e+00
1.216061731923406697e+01,1.902799534357651590e+00
1.218062303515290168e+01,2.194539821424796422e+00
1.220062875107173461e+01,9.297858262956754105e-01
1.222063446699056932e+01,1.374176814148452275e+00
1.224064018290940226e+01,1.705056735907450216e+00
1.226064589882823697e+01,1.314422767833778760e+00
1.228065161474707168e+01,1.870757629172783654e+00
1.230065733066590461e+01,2.116788810196182258e+00
1.232066304658473754e+01,2.737236110047121418e+00
1.234066876250357225e+01,2.637699008514784893e+00
1.236067447842240696e+01,1.700253367609979138e+00
1.238068019434123990e+01,2.678055948947743570e+00
1.240068591026007461e+01,1.347505353900215308e+00
1.242069162617890754e+01,9.381508319078007974e-01
1.244069734209774225e+01,2.076078231708479827e+00
1.246070305801657696e+01,1.472737671379179769e+00
1.248070877393540989e+01,1.303400124699443108e+00
1.250071448985424460e+01,1.992447782393593103e+00
1.252072020577307754e+01,2.308005728002826995e+00
1.254072592169191225e+01,1.037277453321208354e+00
1.256073163761074696e+01,1.769145656282204548e+00
1.258073735352957989e+01,1.940838396100484253e+00
1.260074306944841460e+01,2.240955679460914673e+00
1.262074878536724754e+01,1.449330768416217552e+00
1.264075450128608225e+01,2.751452219085087858e+00
1.266076021720491518e+01,2.029773143944195724e+00
1.268076593312374989e+01,1.387607306184656997e+00
1.270077164904258282e+01,1.769300350917453191e+00
1.272077736496141753e+01,1.259315665536212103e+00
1.274078308088025224e+01,1.603837303377226409e+00
1.276078879679908518e+01,1.013562083280967974e+00
1.278079451271791989e+01,2.500368987940014609e+00
1.280080022863675282e+01,1.255527943128061263e+00
1.282080594455558753e+01,1.261353821634334071e+00
1.284081166047442224e+01,1.879935572560408552e+00
1.286081737639325517e+01,2.121397324977277954e+00
1.288082309231208988e+01,2.720761003872812722e+00
1.290082880823092282e+01,2.921073947996669862e+00
1.292083452414975753e+01,1.967185525017461467e+00
1.294084024006859224e+01,2.317050933754407183e+00
1.296084595598742517e+01,2.713793230055367545e+00
1.298085167190625810e+01,2.908494643402226743e+00
1.300085738782509281e+01,1.575241916953542320e+00
1.302086310374392752e+01,1.468507835294625474e+00
1.304086881966276046e+01,2.067362689483577931e+00
1.306087453558159517e+01,1.581071170309022111e+00
1.308088025150042810e+01,2.621419150980166091e+00
1.310088596741926281e+01,2.505931711511476312e+00
1.312089168333809752e+01,1.449363114999093982e+00
1.314089739925693046e+01,2.319486553458877776e+00
1.316090311517576517e+01,1.751450706158300230e+00
1.318090883109459810e+01,1.682658601771712892e+00
1.320091454701343281e+01,1.310973350687933303e+00
1.322092026293226752e+01,1.858357159828944338e+00
1.324092597885110045e+01,1.803217186444321385e+00
1.326093169476993339e+01,2.925141740424994197e+00
1.328093741068876810e+01,2.092002362936588700e+00
1.330094312660760281e+01,2.665612702834513570e+00
1.332094884252643574e+01,2.024621024672098368e+00
1.334095455844527045e+01,3.046279537976407159e+00
1.336096027436410338e+01,2.364446597361779201e+00
1.338096599028293809e+01,2.527428188806342124e+00
1.340097170620177280e+01,2.672853530693513502e+00
1.342097742212060574e+01,2.150589321302125434e+00
1.344098313803944045e+01,2.038753237598551760e+00
1.346098885395827338e+01,1.811880219497195688e+00
1.348099456987710809e+01,1.884368742934738439e+00
1.350100028579594280e+01,1.206821876617435674e+00
1.352100600171477573e+01,1.572944395912287741e+00
1.354101171763361044e+01,2.868483068638711497e+00
1.356101743355244338e+01,2.972646691996946089e+00
1.358102314947127809e+01,2.359309032190778144e+00
1.360102886539011102e+01,2.114265848986874197e+00
1.362103458130894573e+01,2.887750676886770673e+00
1.364104029722777867e+01,1.756433723070203179e+00
1.366104601314661338e+01,2.193057258769376627e+00
1.368105172906544809e+01,2.610973403268983972e+00
1.370105744498428102e+01,2.139897728760984830e+00
1.372106316090311573e+01,1.547482878777176829e+00
1.374106887682194866e+01,1.624871767726200567e+00
1.376107459274078337e+01,2.860928686612524530e+00
1.378108030865961808e+01,1.504876760280801973e+00
1.380108602457845102e+01,2.920111752037438446e+00
1.382109174049728573e+01,1.795778204383876364e+00
1.384109745641611866e+01,2.603202894689498503e+00
1.386110317233495337e+01,2.067287766847094588e+00
1.388110888825378808e+01,2.362052715274444381e+00
1.390111460417262101e+01,2.778735285044598324e+00
1.392112032009145395e+01,2.074909477099856847e+00
1.394112603601028866e+01,2.199116711064404317e+00
1.396113175192912337e+01,1.882031267359110416e+00
1.398113746784795630e+01,1.433452307162346839e+00
1.400114318376679101e+01,1.867419698437990494e+00
1.402114889968562395e+01,2.353638821827439553e+00
1.404115461560445866e+01,2.326907312866970390e+00
1.406116033152329337e+01,1.512818370725068196e+00
1.408116604744212630e+01,2.295043512008261732e+00
1.410117176336095923e+01,2.418513713492713268e+00
1.412117747927979394e+01,2.034640238455692973e+00
1.414118319519862865e+01,1.611956525475580992e+00
1.416118891111746336e+01,2.504946988485689641e+00
1.418119462703629630e+01,2.545117555316127600e+00
1.420120034295512923e+01,3.069311645720399717e+00
1.422120605887396394e+01,3.099344037966378806e+00
1.424121177479279865e+01,1.511445072288478686e+00
1.426121749071163336e+01,3.331118591470186185e+00
1.428122320663046629e+01,1.801304733101953381e+00
1.430122892254929923e+01,1.573225497442013898e+00
1.432123463846813394e+01,2.781661512243297718e+00
1.434124035438696865e+01,1.717713843703511323e+00
1.436124607030580158e+01,1.926671618146900355e+00
1.438125178622463629e+01,2.234280902434379712e+00
1.440125750214346922e+01,3.235571224904535192e+00
1.442126321806230393e+01,3.022526493855183460e+00
1.444126893398113864e+01,3.140512232911318868e+00
1.446127464989997158e+01,3.362649186988127425e+00
1.448128036581880451e+01,2.860950979252320447e+00
1.450128608173763922e+01,3.080638543341617019e+00
1.452129179765647393e+01,1.949036466818195423e+00
1.454129751357530864e+01,1.694429627128938076e+00
1.456130322949414158e+01,2.404371257083023128e+00
1.458130894541297451e+01,1.771196416866556822e+00
1.460131466133180922e+01,2.598866452862712784e+00
1.462132037725064393e+01,2.469297012519096501e+00
1.464132609316947686e+01,2.197113005975501743e+00
1.466133180908831157e+01,2.646673909902297339e+00
1.468133752500714451e+01,2.294852848297166403e+00
1.470134324092597922e+01,3.287785309416285440e+00
1.472134895684481393e+01,2.855761235850375446e+00
1.474135467276364686e+01,1.670166150441026565e+00
1.476136038868247979e+01,3.115234492141897071e+00
1.478136610460131450e+01,2.222686059543405701e+00
1.480137182052014921e+01,3.258534754319732052e+00
1.482137753643898392e+01,2.701380706778973462e+00
1.484138325235781686e+01,2.265208406879529957e+00
1.486138896827664979e+01,2.960558856182105902e+00
1.488139468419548450e+01,2.300711898266921462e+00
1.490140040011431921e+01,2.971417525521252490e+00
1.492140611603315392e+01,1.734536784314985480e+00
1.494141183195198685e+01,3.134536360187413884e+00
1.496141754787081979e+01,1.744189089995815012e+00
1.498142326378965450e+01,1.938206722932680481e+00
1.500142897970848921e+01,2.935609408407293230e+00
1.502143469562732214e+01,2.474552355574200835e+00
1.504144041154615508e+01,2.590086197630132148e+00
1.506144612746498979e+01,1.770201997813121819e+00
1.508145184338382450e+01,3.555972404772049789e+00
1.510145755930265921e+01,2.951487328688818135e+00
1.512146327522149214e+01,1.929645488381723117e+00
1.514146899114032507e+01,2.488328594961093376e+00
1.516147470705915978e+01,3.574290765003095505e+00
1.518148042297799449e+01,2.177943572574053910e+00
1.520148613889682920e+01,2.845640166851536978e+00
1.522149185481566214e+01,2.666573540385240637e+00
1.524149757073449507e+01,2.894870323065954487e+00
1.526150328665332978e+01,2.984446616203631386e+00
1.528150900257216449e+01,1.920961829970788459e+00
1.530151471849099742e+01,2.590672529999847207e+00
1.532152043440983036e+01,1.838835853483036686e+00
1.534152615032866507e+01,2.168761060792263162e+00
1.536153186624749978e+01,2.383368606725550620e+00
1.538153758216633449e+01,3.229744282470437877e+00
1.540154329808516742e+01,3.020105313043594641e+00
1.542154901400400036e+01,3.222832793175101074e+00
1.544155472992283507e+01,3.582973880427556157e+00
1.546156044584166978e+01,2.476331899261903224e+00
1.548156616176050449e+01,3.434639177978765279e+00
1.550157187767933742e+01,3.687898910931630692e+00
1.552157759359817035e+01,3.001437404298419320e+00
1.554158330951700506e+01,2.633765640139779318e+00
1.556158902543583977e+01,2.272839098393540702e+00
1.558159474135467271e+01,3.191264146187816841e+00
1.560160045727350742e+01,1.967066750901174998e+00
1.562160617319234035e+01,3.118946400039014133e+00
1.564161188911117506e+01,2.034447034384651687e+00
1.566161760503000977e+01,2.674338531480668912e+00
1.568162332094884270e+01,2.901276478621247712e+00
1.570162903686767564e+01,1.952092826427761052e+00
1.572163475278651035e+01,3.006743336073526507e+00
1.574164046870534506e+01,3.149838576919647082e+00
1.576164618462417977e+01,2.619220393555200310e+00
1.578165190054301270e+01,2.521892421328089995e+00
1.580165761646184563e+01,2.881552194510830667e+00
1.582166333238068034e+01,1.958678487067028184e+00
1.584166904829951505e+01,3.440696233304434415e+00
1.586167476421834799e+01,2.895868144176036996e+00
1.588168048013718270e+01,2.994389903236827521e+00
1.590168619605601563e+01,3.578977542938136747e+00
1.592169191197485034e+01,2.668790862414607279e+00
1.594169762789368505e+01,2.384309747096149845e+00
1.596170334381251799e+01,2.526811703976935775e+00
1.598170905973135092e+01,1.954729810373189380e+00
1.600171477565018563e+01,3.478742923899804662e+00
1.602172049156902034e+01,3.508511441051288759e+00
1.604172620748785505e+01,2.671214008327805978e+00
1.606173192340668976e+01,2.119090599398413488e+00
1.608173763932552092e+01,2.904315152632143793e+00
1.610174335524435563e+01,3.250957716069313275e+00
1.612174907116319034e+01,3.130415834428961652e+00
1.614175478708202505e+01,2.168343748123443770e+00
1.616176050300085620e+01,3.498700786590333678e+00
1.618176621891969091e+01,3.421268397042294129e+00
1.620177193483852562e+01,3.396711903566451252e+00
1.622177765075736033e+01,3.846520155537706653e+00
1.624178336667619504e+01,3.466350348727840203e+00
1.626178908259502620e+01,2.241714603815907481e+00
1.628179479851386091e+01,2.542372653037515029e+00
1.630180051443269562e+01,2.090674909310328733e+00
1.632180623035153033e+01,3.287606583831721885e+00
1.634181194627036149e+01,2.041077719807844471e+00
1.636181766218919620e+01,2.273790393903304174e+00
1.638182337810803091e+01,3.709059103658952861e+00
1.640182909402686562e+01,2.596670466227193774e+00
1.642183480994570033e+01,3.965016339761339825e+00
1.644184052586453504e+01,3.672215225374223735e+00
1.646184624178336620e+01,3.421656422319963475e+00
1.648185195770220091e+01,2.127985956132430800e+00
1.650185767362103562e+01,3.986529531189880515e+00
1.652186338953986677e+01,2.596073681479181605e+00
1.654186910545870148e+01,3.427779220576768981e+00
1.656187482137753619e+01,3.102535368157385065e+00
1.658188053729637090e+01,3.565360829476252214e+00
1.660188625321520561e+01,3.888720725131785017e+00
1.662189196913404032e+01,3.799984078400966858e+00
1.664189768505287148e+01,4.005591447341307010e+00
1.666190340097170619e+01,2.503200991441493439e+00
1.668190911689054090e+01,2.991748284553227499e+00
1.670191483280937561e+01,2.150013885409409298e+00
1.672192054872820677e+01,3.627515560437601039e+00
1.674192626464704148e+01,3.824592346741350291e+00
1.676193198056587619e+01,2.678217032686565968e+00
1.678193769648471090e+01,3.052960478818165235e+00
1.680194341240354561e+01,3.085172126234912771e+00
1.682194912832238032e+01,2.379060889289201342e+00
1.684195484424121148e+01,3.464916630459053959e+00
1.686196056016004619e+01,2.736191592034044273e+00
1.688196627607888090e+01,3.025790848942679023e+00
1.690197199199771205e+01,2.687614796290168417e+00
1.692197770791654676e+01,2.944560955047077488e+00
1.694198342383538147e+01,4.030237344774860730e+00
1.696198913975421618e+01,3.903142834515795911e+00
1.698199485567305089e+01,3.042982188641037311e+00
1.700200057159188560e+01,3.422870928159674087e+00
1.702200628751071676e+01,3.572477735111060149e+00
1.704201200342955147e+01,2.666854126696507787e+00
1.706201771934838618e+01,2.782502044791247631e+00
1.708202343526722089e+01,3.820556663318578128e+00
1.710202915118605205e+01,3.272882962936627838e+00
1.712203486710488676e+01,4.172392424375166442e+00
1.714204058302372147e+01,2.856036565796352011e+00
1.716204629894255618e+01,4.025356093568845495e+00
1.718205201486139089e+01,2.856741939535743846e+00
1.720205773078022204e+01,3.740765278783321435e+00
1.722206344669905675e+01,3.509381507824647084e+00
1.724206916261789146e+01,3.352045564114709109e+00
1.726207487853672617e+01,3.508136294705333391e+00
1.728208059445555733e+01,2.751153389143638606e+00
1.730208631037439204e+01,3.095964827033481193e+00
1.732209202629322675e+01,3.798442787014194355e+00
1.734209774221206146e+01,3.141158812229133623e+00
1.736210345813089617e+01,3.464484890523772620e+00
1.738210917404973088e+01,2.630457263965210846e+00
1.740211488996856204e+01,3.516641486047901388e+00
1.742212060588739675e+01,2.717048387415145871e+00
1.744212632180623146e+01,3.214434362640095078e+00
1.746213203772506262e+01,2.626435796516799481e+00
1.748213775364389733e+01,3.698490825242159552e+00
1.750214346956273204e+01,3.643309654066186454e+00
1.752214918548156675e+01,4.257708112952421686e+00
1.754215490140040146e+01,2.840059531218542155e+00
1.756216061731923617e+01,2.642499331375144145e+00
1.758216633323806732e+01,4.291380961827187868e+00
1.760217204915690203e+01,3.699943313868315986e+00
1.762217776507573674e+01,3.723604354593567756e+00
1.764218348099457145e+01,4.062684971487227514e+00
1.766218919691340261e+01,3.645397461699394714e+00
1.768219491283223732e+01,3.001325116756948574e+00
1.770220062875107203e+01,4.101855428064594911e+00
1.772220634466990674e+01,2.794682525018478358e+00
1.774221206058874145e+01,3.039577935391959418e+00
1.776221777650757616e+01,3.360764534545850779e+00
1.778222349242640732e+01,4.008956796929965094e+00
1.780222920834524203e+01,3.295878379673488734e+00
1.782223492426407674e+01,2.949151023626078949e+00
1.784224064018290790e+01,4.395736372015507598e+00
1.786224635610174261e+01,3.173618256773177215e+00
1.788225207202057732e+01,4.086207008102782368e+00
1.790225778793941203e+01,3.144904403334130016e+00
1.792226350385824674e+01,4.101485821943177790e+00
1.794226921977708145e+01,4.693122742723415008e+00
1.796227493569591260e+01,3.260969359798862932e+00
1.798228065161474731e+01,4.343666137772583369e+00
1.800228636753358202e+01,3.394485359854726436e+00
1.802229208345241318e+01,3.355716645449497104e+00
1.804229779937124789e+01,3.935910310555820857e+00
1.806230351529008260e+01,4.361371081935373262e+00
1.808230923120891731e+01,3.497097423951440742e+00
1.810231494712775202e+01,4.605361003394823349e+00
1.812232066304658673e+01,4.326750890786447812e+00
1.814232637896542144e+01,4.713309651457222138e+00
1.816233209488425260e+01,4.786427961523187946e+00
1.818233781080308731e+01,3.611915714617050632e+00
1.820234352672191847e+01,4.188186217477092299e+00
1.822234924264075318e+01,4.070600055501320647e+00
1.824235495855958789e+01,5.623215942182195448e+00
1.826236067447842260e+01,5.385446433392707455e+00
1.828236639039725731e+01,4.286956755321309487e+00
1.830237210631609202e+01,4.798177906851941010e+00
1.832237782223492673e+01,5.608705318108875737e+00
1.834238353815375788e+01,6.067748727061677450e+00
1.836238925407259259e+01,5.833600683215139249e+00
1.838239496999142730e+01,4.542656053872536681e+00
1.840240068591025846e+01,5.528241064714529251e+00
1.842240640182909317e+01,5.251669764027823817e+00
1.844241211774792788e+01,5.495687058018917881e+00
1.846241783366676259e+01,5.589041506633400935e+00
1.848242354958559730e+01,5.207433030068135515e+00
1.850242926550443201e+01,5.060121642047789692e+00
1.852243498142326672e+01,6.602945346161197548e+00
1.854244069734209788e+01,5.722909355609423265e+00
1.856244641326093259e+01,6.346182349794307065e+00
1.858245212917976374e+01,5.669799978907770210e+00
1.860245784509859845e+01,5.900684508270953366e+00
1.862246356101743316e+01,6.119593089443029932e+00
1.864246927693626787e+01,6.756103155197330956e+00
1.866247499285510258e+01,7.618992993982430129e+00
1.868248070877393729e+01,8.020498506276851458e+00
1.870248642469277200e+01,7.166207795793911650e+00
1.872249214061160316e+01,7.810992469541740313e+00
1.874249785653043787e+01,7.789875016010269881e+00
1.876250357244927258e+01,7.114925927760610946e+00
1.878250928836810374e+01,8.561760928922238278e+00
1.880251500428693845e+01,7.587545441507685062e+00
1.882252072020577316e+01,7.995498730932075304e+00
1.884252643612460787e+01,7.996202251317922283e+00
1.886253215204344258e+01,9.570913127674982590e+00
1.888253786796227729e+01,9.801473446645973198e+00
1.890254358388111200e+01,1.006818022661077983e+01
1.892254929979994316e+01,9.377477501167376772e+00
1.894255501571877787e+01,9.114459678452798030e+00
1.896256073163760902e+01,1.044046158213020270e+01
1.898256644755644373e+01,1.022502339220497447e+01
1.900257216347527844e+01,9.858812790363572276e+00
1.902257787939411315e+01,1.149120439649079728e+01
1.904258359531294786e+01,1.085612722754690473e+01
1.906258931123178257e+01,1.185939850577902810e+01
1.908259502715061728e+01,1.074320013076615687e+01
1.910260074306944844e+01,1.203361876844055267e+01
1.912260645898828315e+01,1.233964917910154391e+01
1.914261217490711431e+01,1.115170403780348529e+01
1.916261789082594902e+01,1.314313698482470905e+01
1.918262360674478373e+01,1.174936466782351552e+01
1.920262932266361844e+01,1.202589347184422408e+01
1.922263503858245315e+01,1.379718105052394606e+01
1.924264075450128786e+01,1.229940914557121978e+01
1.926264647042012257e+01,1.371580117139199295e+01
1.928265218633895373e+01,1.316784804958697563e+01
1.930265790225778844e+01,1.253846869529180452e+01
1.932266361817662315e+01,1.349842855888949522e+01
1.934266933409545430e+01,1.352563406551753289e+01
1.936267505001428901e+01,1.316925109317590348e+01
1.938268076593312372e+01,1.355162273565361275e+01
1.940268648185195843e+01,1.392884739738022759e+01
1.942269219777079314e+01,1.337337826936091112e+01
1.944269791368962785e+01,1.261414908875177865e+01
1.946270362960846256e+01,1.351732467477662070e+01
1.948270934552729372e+01,1.316859008556174437e+01
1.950271506144612843e+01,1.189556383226137903e+01
1.952272077736495959e+01,1.204265949789679802e+01
1.954272649328379430e+01,1.189924959491013823e+01
1.956273220920262901e+01,1.014904549861008753e+01
1.958273792512146372e+01,9.626459504629263364e+00
1.960274364104029843e+01,9.895801831132857274e+00
1.962274935695913314e+01,1.060632427124142119e+01
1.964275507287796785e+01,8.511461486748972405e+00
1.966276078879679901e+01,8.933646563081317993e+00
1.968276650471563372e+01,8.909608098937258802e+00
1.970277222063446487e+01,7.498478011208781879e+00
1.972277793655329958e+01,7.614832797093521677e+00
1.974278365247213429e+01,8.135576826398494887e+00
1.976278936839096900e+01,7.828887767039044654e+00
1.978279508430980371e+01,6.067103389568130112e+00
1.980280080022863842e+01,6.859323581455206487e+00
1.982280651614747313e+01,6.922420631021514836e+00
1.984281223206630784e+01,7.035037910781503534e+00
1.986281794798513900e+01,6.243169891724692278e+00
1.988282366390397371e+01,6.560227487202364038e+00
1.990282937982280487e+01,5.449972470226791543e+00
1.992283509574163958e+01,5.796801827929409789e+00
1.994284081166047429e+01,5.582549203201577548e+00
1.996284652757930900e+01,5.102658063848330094e+00
1.998285224349814371e+01,6.140907553734596291e+00
2.000285795941697842e+01,5.076886499815798537e+00
2.002286367533581313e+01,5.329717800124628369e+00
2.004286939125464428e+01,5.358312692391129950e+00
2.006287510717347899e+01,4.962121715353999818e+00
2.008288082309231015e+01,5.215238804325458055e+00
2.010288653901114486e+01,6.139749957965048743e+00
2.012289225492997957e+01,4.929437534413850130e+00
2.014289797084881428e+01,5.070286179276808802e+00
2.016290368676764899e+01,6.434415899548232787e+00
2.018290940268648370e+01,4.753619273779613685e+00
2.020291511860531841e+01,5.605508432079956194e+00
2.022292083452414957e+01,4.818626037072062829e+00
2.024292655044298428e+01,5.855332569177311264e+00
2.026293226636181899e+01,5.044012752860666637e+00
2.028293798228065015e+01,5.683127965330622366e+00
2.030294369819948486e+01,5.495456716117002038e+00
2.032294941411831957e+01,5.255669079908312114e+00
2.034295513003715428e+01,7.029287566234629026e+00
2.036296084595598899e+01,6.533437820215501013e+00
2.038296656187482370e+01,7.234289729922681822e+00
2.040297227779365841e+01,5.888367793223045155e+00
2.042297799371248956e+01,6.854385229663598089e+00
2.044298370963132427e+01,7.307994251125532692e+00
2.046298942555015543e+01,6.480914035704945952e+00
2.048299514146899014e+01,7.393851602309266191e+00
2.050300085738782485e+01,7.322709373743318650e+00
2.052300657330665956e+01,7.889515481448864165e+00
2.054301228922549427e+01,8.486898048706178699e+00
2.056301800514432898e+01,8.666793228206049804e+00
2.058302372106316369e+01,7.774839059784927287e+00
2.060302943698199485e+01,8.558946158024603790e+00
2.062303515290082956e+01,8.814305679074109889e+00
2.064304086881966072e+01,9.932774465693148258e+00
2.066304658473849543e+01,9.916184676407658216e+00
2.068305230065733014e+01,1.119086144299837748e+01
2.070305801657616485e+01,1.144898608286918673e+01
2.072306373249499956e+01,1.240717327186880503e+01
2.074306944841383427e+01,1.122824223467463511e+01
2.076307516433266898e+01,1.237162653763797415e+01
2.078308088025150369e+01,1.365450462646005825e+01
2.080308659617033484e+01,1.292714873600567493e+01
2.082309231208916955e+01,1.505331025126218059e+01
2.084309802800800071e+01,1.617075313479659826e+01
2.086310374392683542e+01,1.541084396659232425e+01
2.088310945984567013e+01,1.581218100272432103e+01
2.090311517576450484e+01,1.725142906351520367e+01
2.092312089168333955e+01,1.896614502708139938e+01
2.094312660760217426e+01,1.977561234493208531e+01
2.096313232352100897e+01,1.983953226604096542e+01
2.098313803943984013e+01,2.089791443227289847e+01
2.100314375535867484e+01,2.256801843341046521e+01
2.102314947127750600e+01,2.326636310201036650e+01
2.104315518719634071e+01,2.403831457287040507e+01
2.106316090311517542e+01,2.600403470603495037e+01
2.108316661903401013e+01,2.655705186290086317e+01
2.110317233495284484e+01,2.798923935112382821e+01
2.112317805087167955e+01,2.928715941864470551e+01
2.114318376679051426e+01,3.159255659818170869e+01
2.116318948270934541e+01,3.314199606358111794e+01
2.118319519862818012e+01,3.283647125044366533e+01
2.120320091454701483e+01,3.455752366723446301e+01
2.122320663046584599e+01,3.728668796780109318e+01
2.124321234638468070e+01,3.860815068356650670e+01
2.126321806230351541e+01,4.045134406107227676e+01
2.128322377822235012e+01,4.124155588344683565e+01
2.130322949414118483e+01,4.410465454030340027e+01
2.132323521006001954e+01,4.632709664421702911e+01
2.134324092597885425e+01,4.865953582333161620e+01
2.136324664189768541e+01,5.016216065196690721e+01
2.138325235781652012e+01,5.264402488110410872e+01
2.140325807373535127e+01,5.366740020113353893e+01
2.142326378965418598e+01,5.553420895081605124e+01
2.144326950557302069e+01,5.938065074180847347e+01
2.146327522149185540e+01,6.060637895864786628e+01
2.148328093741069011e+01,6.358692697519107639e+01
2.150328665332952482e+01,6.613626648334880542e+01
2.152329236924835953e+01,6.845490143956654094e+01
2.154329808516719069e+01,7.169086472339796501e+01
2.156330380108602540e+01,7.402132999237832678e+01
2.158330951700485656e+01,7.678325586330097963e+01
2.160331523292369127e+01,7.918261690305925526e+01
2.162332094884252598e+01,8.204110343768920188e+01
2.164332666476136069e+01,8.471016836113884096e+01
2.166333238068019540e+01,8.598464332643192165e+01
2.168333809659903011e+01,8.837948187236405317e+01
2.170334381251786482e+01,9.157212768038678519e+01
2.172334952843669598e+01,9.239496601025675204e+01
2.174335524435553069e+01,9.457981816057377955e+01
2.176336096027436540e+01,9.667163674475796142e+01
2.178336667619319655e+01,9.813053429909275849e+01
2.180337239211203126e+01,1.000000000000000000e+02
2.182337810803086597e+01,9.882676361382168295e+01
2.184338382394970068e+01,9.932335751417230085e+01
2.186338953986853539e+01,9.932547304122834930e+01
2.188339525578737010e+01,9.805096742909861973e+01
2.190340097170620481e+01,9.700722661341343667e+01
2.192340668762503597e+01,9.554382793918951222e+01
2.194341240354387068e+01,9.196837078624821515e+01
2.196341811946270184e+01,8.858905656334530931e+01
2.198342383538153655e+01,8.536657875556998931e+01
2.200342955130037126e+01,8.180502299701814195e+01
2.202343526721920597e+01,7.682837460592055834e+01
2.204344098313804068e+01,7.253024861375222088e+01
2.206344669905687539e+01,6.823249393942390384e+01
2.208345241497571010e+01,6.299747085205944330e+01
2.210345813089454126e+01,5.781008068536918643e+01
2.212346384681337597e+01,5.309705490444682852e+01
2.214346956273221068e+01,4.968704813071045834e+01
2.216347527865104183e+01,4.544348487292781869e+01
2.218348099456987654e+01,4.103750520245368705e+01
2.220348671048871125e+01,3.631669335813905519e+01
2.222349242640754596e+01,3.357583525086510434e+01
2.224349814232638067e+01,2.972696330163610057e+01
2.226350385824521538e+01,2.668830004240700049e+01
2.228350957416405009e+01,2.346688775506443037e+01
2.230351529008288125e+01,2.273059237945336974e+01
2.232352100600171596e+01,2.033103032421789891e+01
2.234352672192054712e+01,1.845954285025676356e+01
2.236353243783938183e+01,1.706146574278737660e+01
2.238353815375821654e+01,1.492157237433978878e+01
2.240354386967705125e+01,1.428117114543744393e+01
2.242354958559588596e+01,1.424466193293016936e+01
2.244355530151472067e+01,1.342874196835379053e+01
2.246356101743355538e+01,1.181668180034989568e+01
2.248356673335238654e+01,1.123061813949096610e+01
2.250357244927122125e+01,1.121489588581154351e+01
2.252357816519005240e+01,9.421748133631886901e+00
2.254358388110888711e+01,9.454006452507263347e+00
2.256358959702772182e+01,9.238944939859782934e+00
2.258359531294655653e+01,8.937811048442238615e+00
2.260360102886539124e+01,8.003581326861571199e+00
2.262360674478422595e+01,7.869249058121679852e+00
2.264361246070306066e+01,8.101613112006148754e+00
2.266361817662189182e+01,8.184094406544144107e+00
2.268362389254072653e+01,8.394953619869447436e+00
2.270362960845956124e+01,7.290112912011211144e+00
2.272363532437839240e+01,8.223874284496075049e+00
2.274364104029722711e+01,7.246177410773915639e+00
2.276364675621606182e+01,7.905768062242678695e+00
2.278365247213489653e+01,7.646153018588416117e+00
2.280365818805373124e+01,6.386630390205517038e+00
2.282366390397256595e+01,6.582720324068482398e+00
2.284366961989140066e+01,5.847908848720695829e+00
2.286367533581023181e+01,6.417329506388822047e+00
2.288368105172906652e+01,6.739581177740705975e+00
2.290368676764789768e+01,5.646616813125006296e+00
2.292369248356673239e+01,6.637461095169983949e+00
2.294369819948556710e+01,7.194798955025726528e+00
2.296370391540440181e+01,6.852956993708114730e+00
2.298370963132323652e+01,6.645118009470065701e+00
2.300371534724207123e+01,5.801766742804845833e+00
2.302372106316090594e+01,5.409431030177969113e+00
2.304372677907973710e+01,5.596579660790695243e+00
2.306373249499857181e+01,5.072981373938122651e+00
2.308373821091740652e+01,5.799903929670618297e+00
2.310374392683623768e+01,4.948877878005379927e+00
2.312374964275507239e+01,4.869819217959827640e+00
2.314375535867390710e+01,4.748318509575871538e+00
2.316376107459274181e+01,6.470271131855554358e+00
2.318376679051157652e+01,6.426310758372849818e+00
2.320377250643041123e+01,5.207999106729402250e+00
2.322377822234924594e+01,6.440311919631726667e+00
2.324378393826807709e+01,5.767822297622998029e+00
2.326378965418691180e+01,6.033608398711757914e+00
2.328379537010574296e+01,6.194148026146281794e+00
2.330380108602457767e+01,6.181385779908087130e+00
2.332380680194341238e+01,5.694995105199374130e+00
2.334381251786224709e+01,6.270515165887330156e+00
2.336381823378108180e+01,5.265176073118143840e+00
2.338382394969991651e+01,5.368356480926811614e+00
2.340382966561875122e+01,5.550365399423965229e+00
2.342383538153758238e+01,5.159624790561330165e+00
2.344384109745641709e+01,5.679288884817741412e+00
2.346384681337524825e+01,5.646241184819436043e+00
2.348385252929408296e+01,4.711880326751909820e+00
2.350385824521291767e+01,4.391617913643440119e+00
2.352386396113175238e+01,4.832782437324132374e+00
2.354386967705058709e+01,4.275491442071834847e+00
2.356387539296942180e+01,4.845667477763154096e+00
2.358388110888825651e+01,5.580359298534405710e+00
2.360388682480708766e+01,5.896094333806503052e+00
2.362389254072592237e+01,5.358550854813914022e+00
2.364389825664475708e+01,6.045243518209495903e+00
2.366390397256358824e+01,5.503542898224068836e+00
2.368390968848242295e+01,5.780620231535718467e+00
2.370391540440125766e+01,4.797907305326350347e+00
2.372392112032009237e+01,4.300685143474352934e+00
2.374392683623892708e+01,4.104136909748196338e+00
2.376393255215776179e+01,5.399193313768483549e+00
2.378393826807659650e+01,4.613559618114310368e+00
2.380394398399542766e+01,5.228114859842974305e+00
2.382394969991426237e+01,4.859826968282898285e+00
2.384395541583309353e+01,4.392079895050979843e+00
2.386396113175192824e+01,5.211818722979587371e+00
2.388396684767076295e+01,4.943388327367171264e+00
2.390397256358959766e+01,4.868375517071884317e+00
2.392397827950843237e+01,5.919793687324201414e+00
2.394398399542726708e+01,5.235424376480692921e+00
2.396398971134610179e+01,5.651450908072553680e+00
2.398399542726493294e+01,5.294284208730689834e+00
2.400400114318376765e+01,4.033496279060639900e+00
2.402400685910260236e+01,5.337539719092342594e+00
2.404401257502143352e+01,5.655295555668645058e+00
2.406401829094026823e+01,4.690345662493776047e+00
2.408402400685910294e+01,5.412740140102289210e+00
2.410402972277793765e+01,5.355774412329531664e+00
2.412403543869677236e+01,4.843113837307960523e+00
2.414404115461560707e+01,4.302237115289443636e+00
2.416404687053444178e+01,5.256350301498448729e+00
2.418405258645327294e+01,5.431505152358490740e+00
2.420405830237210765e+01,5.879181691965466250e+00
2.422406401829093880e+01,4.953352097124135156e+00
2.424406973420977351e+01,4.753969206910293899e+00
2.426407545012860822e+01,5.778292338040625253e+00
2.428408116604744293e+01,3.979436573748245554e+00
2.430408688196627764e+01,4.971755536408273279e+00
2.432409259788511235e+01,3.966870264889214237e+00
2.434409831380394706e+01,4.589089729916600469e+00
2.436410402972277822e+01,5.500243279906629645e+00
2.438410974564161293e+01,4.973952502904917417e+00
2.440411546156044409e+01,5.064911273293921212e+00
2.442412117747927880e+01,4.799967445488455553e+00
2.444412689339811351e+01,4.684077246645255599e+00
2.446413260931694822e+01,4.819449740758090961e+00
2.448413832523578293e+01,4.820839813592842305e+00
2.450414404115461764e+01,4.869796102510985492e+00
2.452414975707345235e+01,4.669876697080544758e+00
2.454415547299228351e+01,4.159883082061991644e+00
2.456416118891111822e+01,4.398954502689795376e+00
2.458416690482995293e+01,5.583555358525016388e+00
2.460417262074878408e+01,5.337585765207423449e+00
2.462417833666761879e+01,5.245724209591045906e+00
2.464418405258645350e+01,4.337509459016521518e+00
2.466418976850528821e+01,4.547611518928679430e+00
2.468419548442412292e+01,5.274876445962144444e+00
2.470420120034295763e+01,5.102916761093719167e+00
2.472420691626179234e+01,4.246531606556833260e+00
2.474421263218062350e+01,4.126477579239087312e+00
2.476421834809945821e+01,5.159990105941659522e+00
2.478422406401828937e+01,4.796897591932014926e+00
2.480422977993712408e+01,4.271691115514268944e+00
2.482423549585595879e+01,4.505644569486463524e+00
2.484424121177479350e+01,5.003866530417074188e+00
2.486424692769362821e+01,4.536551385946748560e+00
2.488425264361246292e+01,4.199135963895386681e+00
2.490425835953129763e+01,4.527731375144022685e+00
2.492426407545012879e+01,4.042071978961194745e+00
2.494426979136896350e+01,4.890385938258063447e+00
2.496427550728779821e+01,4.827713155753352581e+00
2.498428122320662936e+01,5.624414223951779590e+00
2.500428693912546407e+01,4.221465027094764899e+00
2.502429265504429878e+01,5.745437380033119545e+00
2.504429837096313349e+01,4.502944560599162038e+00
2.506430408688196820e+01,5.055250322198723723e+00
2.508430980280080291e+01,4.442216584454871331e+00
2.510431551871963762e+01,4.088575646793812801e+00
2.512432123463846878e+01,5.663327472054718648e+00
2.514432695055730349e+01,5.053031530588032894e+00
2.516433266647613465e+01,4.768022015149958825e+00
2.518433838239496936e+01,5.873850115883472611e+00
2.520434409831380407e+01,5.078389689125065054e+00
2.522434981423263878e+01,4.862774878430572656e+00
2.524435553015147349e+01,4.986614922639954983e+00
2.526436124607030820e+01,5.920538511772058143e+00
2.528436696198914291e+01,4.859568587562603348e+00
2.530437267790797407e+01,5.192992647939317585e+00
2.532437839382680878e+01,5.382612767768252482e+00
2.534438410974563993e+01,4.466945476085609990e+00
2.536438982566447464e+01,4.433083945300029249e+00
2.538439554158330935e+01,5.342918775483481930e+00
2.540440125750214406e+01,5.119624197833145374e+00
2.542440697342097877e+01,5.453884823314012031e+00
2.544441268933981348e+01,5.862874457791936500e+00
2.546441840525864819e+01,4.444572154376459139e+00
2.548442412117747935e+01,4.702317464034346806e+00
2.550442983709631406e+01,6.031399964335411923e+00
2.552443555301514877e+01,5.186890076405131111e+00
2.554444126893397993e+01,4.468582470729860034e+00
2.556444698485281464e+01,5.493569265213984920e+00
2.558445270077164935e+01,5.648125656788876015e+00
2.560445841669048406e+01,5.382470321634044375e+00
2.562446413260931877e+01,6.012738135960573160e+00
2.564446984852815348e+01,6.049387821924669950e+00
2.566447556444698819e+01,5.808378654828034726e+00
2.568448128036581934e+01,5.875802759399014086e+00
2.570448699628465405e+01,4.349677648058851709e+00
2.572449271220348521e+01,4.759917309478257863e+00
2.574449842812231992e+01,5.498459709385000949e+00
2.576450414404115463e+01,5.063736471402237704e+00
2.578450985995998934e+01,4.968167535596748507e+00
2.580451557587882405e+01,4.771022309159894448e+00
2.582452129179765876e+01,5.301478984904818503e+00
2.584452700771649347e+01,5.974774199339611513e+00
2.586453272363532463e+01,6.024729794036227659e+00
2.588453843955415934e+01,4.876113170118304474e+00
2.590454415547299405e+01,5.153332126330143481e+00
2.592454987139182521e+01,6.192906959577384463e+00
2.594455558731065992e+01,5.475148994132097435e+00
2.596456130322949463e+01,5.536715656041871547e+00
2.598456701914832934e+01,5.613119472025996259e+00
2.600457273506716405e+01,4.537778899842431102e+00
2.602457845098599520e+01,5.641902946442654887e+00
2.604458416690482991e+01,5.180215214960545822e+00
2.606458988282366462e+01,4.930906454470212807e+00
2.608459559874249933e+01,5.779624871586833912e+00
2.610460131466133404e+01,4.703470803915502430e+00
2.612460703058016520e+01,6.223730504731982194e+00
2.614461274649899991e+01,5.330927926821537710e+00
2.616461846241783462e+01,5.756707674480200154e+00
2.618462417833666933e+01,5.109216851454402963e+00
2.620462989425550404e+01,5.405841893824190336e+00
2.622463561017433520e+01,5.511537249070027400e+00
2.624464132609316991e+01,5.485348534340862336e+00
2.626464704201200462e+01,6.300775878956491383e+00
2.628465275793083933e+01,6.290535238449343147e+00
2.630465847384967049e+01,6.629786171780842174e+00
2.632466418976850520e+01,6.008099580285070296e+00
2.634466990568733991e+01,5.617698437840146219e+00
2.636467562160617462e+01,5.965183911764429858e+00
2.638468133752500933e+01,5.601855976893161504e+00
2.640468705344384048e+01,5.394566832728334482e+00
2.642469276936267519e+01,6.447984025609009073e+00
2.644469848528150990e+01,5.399878388354000691e+00
2.646470420120034461e+01,6.255551264838977943e+00
2.648470991711917932e+01,6.635962416130355201e+00
2.650471563303801048e+01,5.289763975355220360e+00
2.652472134895684519e+01,6.068683696418247564e+00
2.654472706487567990e+01,7.148800583125674457e+00
2.656473278079451461e+01,5.566550140651052914e+00
2.658473849671334932e+01,6.331461171493399043e+00
2.660474421263218048e+01,6.796940208032369313e+00
2.662474992855101519e+01,7.385580314611311259e+00
2.664475564446984990e+01,6.353200761982329858e+00
2.666476136038868461e+01,7.390571931095574421e+00
2.668476707630751577e+01,7.204648227591704313e+00
2.670477279222635048e+01,7.268625773830098780e+00
2.672477850814518519e+01,6.784625875369216352e+00
2.674478422406401990e+01,6.339211621786825290e+00
2.676478993998285461e+01,7.142222565531328726e+00
2.678479565590168576e+01,7.798003688852353399e+00
2.680480137182052047e+01,7.507993131263883235e+00
2.682480708773935518e+01,6.897474833485407686e+00
2.684481280365818989e+01,7.896668431256515852e+00
2.686481851957702460e+01,8.286807687946000200e+00
2.688482423549585576e+01,7.607650584059842735e+00
2.690482995141469047e+01,7.904334174842793992e+00
2.692483566733352518e+01,9.378012965071249596e+00
2.694484138325235989e+01,8.484142220685823688e+00
2.696484709917119105e+01,9.750330874154169436e+00
2.698485281509002576e+01,1.063540169938586288e+01
2.700485853100886047e+01,1.073136057056954940e+01
2.702486424692769518e+01,1.135088503682261596e+01
2.704486996284652989e+01,1.226558453454833852e+01
2.706487567876536104e+01,1.205949313516975252e+01
2.708488139468419575e+01,1.279567921786087581e+01
2.710488711060303046e+01,1.396162499657907219e+01
2.712489282652186517e+01,1.384831315010621111e+01
2.714489854244069988e+01,1.449450881720493634e+01
2.716490425835953104e+01,1.555985768555173721e+01
2.718490997427836575e+01,1.594664073324406495e+01
2.720491569019720046e+01,1.795849654056165434e+01
2.722492140611603517e+01,1.906390245286056384e+01
2.724492712203486633e+01,1.964479741462559659e+01
2.726493283795370104e+01,2.140289278355312419e+01
2.728493855387253575e+01,2.128478571304675171e+01
2.730494426979137046e+01,2.247225486920494220e+01
2.732494998571020517e+01,2.393587224568003791e+01
2.734495570162903633e+01,2.501878863927603192e+01
2.736496141754787104e+01,2.780847175487475909e+01
2.738496713346670575e+01,2.820639308107950427e+01
2.740497284938554046e+01,3.037886811255032882e+01
2.742497856530437517e+01,3.340131154830436344e+01
2.744498428122320632e+01,3.422471694927767771e+01
2.746498999714204103e+01,3.553114411666568628e+01
2.748499571306087574e+01,3.796020163889497923e+01
2.750500142897971045e+01,4.159026168330496631e+01
2.752500714489854516e+01,4.389752873642044761e+01
2.754501286081737632e+01,4.489036170557936600e+01
2.756501857673621103e+01,4.764385591882105331e+01
2.758502429265504574e+01,4.971329305777206997e+01
2.760503000857388045e+01,5.263442089560761161e+01
2.762503572449271161e+01,5.610721093314435848e+01
2.764504144041154632e+01,5.987991848207066425e+01
2.766504715633038103e+01,6.148945559287540163e+01
2.768505287224921574e+01,6.407864159882760191e+01
2.770505858816805045e+01,6.842570467694731917e+01
2.772506430408688161e+01,7.185896614329999466e+01
2.774507002000571632e+01,7.495691607567901826e+01
2.776507573592455103e+01,7.847129651507921722e+01
2.778508145184338574e+01,8.153773805371626793e+01
2.780508716776222045e+01,8.472946905415082597e+01
2.782509288368105160e+01,8.772563609678508101e+01
2.784509859959988631e+01,8.902831764356137967e+01
2.786510431551872102e+01,9.128082245032651088e+01
2.788511003143755573e+01,9.519330904150143624e+01
2.790511574735638689e+01,9.564913486210296867e+01
2.792512146327522160e+01,9.747367521500383702e+01
2.794512717919405631e+01,9.941728300455621081e+01
2.796513289511289102e+01,9.921471008358081178e+01
2.798513861103172573e+01,9.930864058018057960e+01
2.800514432695055689e+01,9.883872672361327716e+01
2.802515004286939160e+01,9.750975438856859512e+01
2.804515575878822631e+01,9.579216393809649333e+01
2.806516147470706102e+01,9.521890272390645293e+01
2.808516719062589573e+01,9.155924138273832114e+01
2.810517290654472689e+01,8.781933356427872184e+01
2.812517862246356160e+01,8.517934829843743216e+01
2.814518433838239631e+01,8.135026303442550955e+01
2.816519005430123102e+01,7.599108366010673876e+01
2.818519577022006217e+01,7.202900165039133640e+01
2.820520148613889688e+01,6.729815144576134855e+01
2.822520720205773159e+01,6.116878216673691782e+01
2.824521291797656630e+01,5.750115023724640650e+01
2.826521863389540101e+01,5.252006040228816630e+01
2.828522434981423217e+01,4.685334328816347238e+01
2.830523006573306688e+01,4.379435853227373343e+01
2.832523578165190159e+01,3.888781485854043751e+01
2.834524149757073630e+01,3.594949062614212920e+01
2.836524721348957101e+01,3.168105754121449991e+01
2.838525292940840217e+01,2.768486626463040068e+01
2.840525864532723688e+01,2.531296723154693851e+01
2.842526436124607159e+01,2.411634285921353893e+01
2.844527007716490630e+01,2.206275588971736923e+01
2.846527579308374101e+01,1.989746346085697937e+01
2.848528150900257216e+01,1.849297259779623914e+01
2.850528722492140687e+01,1.646164003950879717e+01
2.852529294084024158e+01,1.510801494050722482e+01
2.854529865675907629e+01,1.484215035403085814e+01
2.856530437267790745e+01,1.319069295588846735e+01
2.858531008859674216e+01,1.195748912084071947e+01
2.860531580451557687e+01,1.239450312901259466e+01
2.862532152043441158e+01,1.112729289979214187e+01
2.864532723635324629e+01,1.184456552383678662e+01
2.866533295227207745e+01,1.080151509573666502e+01
2.868533866819091216e+01,9.784945751091603583e+00
2.870534438410974687e+01,9.467825281824234551e+00
2.872535010002858158e+01,1.070366194252708603e+01
2.874535581594741629e+01,8.771709744142674126e+00
2.876536153186624745e+01,9.625037838256602640e+00
2.878536724778508216e+01,8.868101459583337842e+00
2.880537296370391687e+01,9.341397487649997444e+00
2.882537867962275158e+01,8.432545278482310280e+00
2.884538439554158273e+01,8.658945358500890421e+00
2.886539011146041744e+01,9.283924040545119993e+00
2.888539582737925215e+01,7.558144535934546937e+00
2.890540154329808686e+01,8.727911082407770138e+00
2.892540725921692157e+01,8.355431966356183793e+00
2.894541297513575273e+01,7.743272131441866435e+00
2.896541869105458744e+01,8.407169334592214938e+00
2.898542440697342215e+01,7.735323913170958576e+00
2.900543012289225686e+01,8.443782827085296816e+00
2.902543583881109157e+01,7.627028305330927793e+00
2.904544155472992273e+01,6.819163340584080579e+00
2.906544727064875744e+01,7.056148360840495570e+00
2.908545298656759215e+01,8.318325166204402876e+00
2.910545870248642686e+01,8.174067079129239133e+00
2.912546441840525802e+01,6.816988155638313174e+00
2.914547013432409273e+01,7.572601530477975906e+00
2.916547585024292744e+01,8.109076238799824310e+00
2.918548156616176215e+01,8.003151989485598250e+00
2.920548728208059686e+01,8.022248704561329546e+00
2.922549299799942801e+01,8.224837272870656690e+00
2.924549871391826272e+01,7.705569895946442038e+00
2.926550442983709743e+01,8.391369893078190145e+00
2.928551014575593214e+01,7.580616376895211062e+00
2.930551586167476685e+01,8.992479095851020787e+00
2.932552157759359801e+01,8.721756490179771504e+00
2.934552729351243272e+01,9.463299702341778641e+00
2.936553300943126743e+01,8.314390849291907415e+00
2.938553872535010214e+01,8.994315439568792314e+00
2.940554444126893330e+01,8.620992332561010940e+00
2.942555015718776801e+01,1.058061049928758379e+01
2.944555587310660272e+01,9.911729402838011183e+00
2.946556158902543743e+01,1.023129880153987692e+01
2.948556730494427214e+01,9.738192173583733791e+00
2.950557302086310330e+01,1.043012553911217921e+01
2.952557873678193801e+01,1.216958470363446310e+01
2.954558445270077272e+01,1.082250569440651944e+01
2.956559016861960743e+01,1.174629683901672017e+01
2.958559588453844214e+01,1.225043352121450901e+01
2.960560160045727329e+01,1.299779207175123652e+01
2.962560731637610800e+01,1.347678495163352252e+01
2.964561303229494271e+01,1.410558298096835728e+01
2.966561874821377742e+01,1.493367403673132543e+01
2.968562446413261213e+01,1.505779441720975953e+01
2.970563018005144329e+01,1.556883909712542469e+01
2.972563589597027800e+01,1.694570202131085068e+01
2.974564161188911271e+01,1.621454749733515754e+01
2.976564732780794742e+01,1.744290093460745084e+01
2.978565304372677858e+01,1.888242578376605607e+01
2.980565875964561329e+01,1.937290598594831081e+01
2.982566447556444800e+01,1.940241665723599596e+01
2.984567019148328271e+01,1.982835942377508687e+01
2.986567590740211742e+01,2.169743225209710857e+01
2.988568162332094857e+01,2.234159799140264724e+01
2.990568733923978328e+01,2.185440067621204463e+01
2.992569305515861799e+01,2.378341478830676436e+01
2.994569877107745270e+01,2.431558497094195204e+01
2.996570448699628741e+01,2.415906938991020070e+01
2.998571020291511857e+01,2.444613740847403704e+01
3.000571591883395328e+01,2.482662780302314687e+01
3.002572163475278799e+01,2.638767400979262234e+01
3.004572735067162270e+01,2.580656144058398738e+01
3.006573306659045386e+01,2.528051212039699891e+01
3.008573878250928857e+01,2.633299370439672771e+01
3.010574449842812328e+01,2.568575533795114652e+01
3.012575021434695799e+01,2.430360301728046934e+01
3.014575593026579270e+01,2.513777446580684938e+01
3.016576164618462386e+01,2.373192966694849204e+01
3.018576736210345857e+01,2.261972163382969114e+01
3.020577307802229328e+01,2.202369380954232270e+01
3.022577879394112799e+01,2.043119047977296532e+01
3.024578450985996270e+01,1.932649127049313265e+01
3.026579022577879385e+01,1.817506847089368804e+01
3.028579594169762856e+01,1.810499617999139588e+01
3.030580165761646327e+01,1.607099177237028087e+01
3.032580737353529798e+01,1.465283362105286358e+01
3.034581308945412914e+01,1.436422419940453743e+01
3.036581880537296385e+01,1.295688462298687504e+01
3.038582452129179856e+01,1.211485507812708207e+01
3.040583023721063327e+01,1.197816047412259621e+01
3.042583595312946798e+01,1.088317865589618805e+01
3.044584166904829914e+01,1.005857389828325132e+01
3.046584738496713385e+01,1.033341882293820468e+01
3.048585310088596856e+01,9.922667324748301709e+00
3.050585881680480327e+01,9.062865675156515977e+00
3.052586453272363798e+01,8.776758869536937624e+00
3.054587024864246914e+01,7.910804445799739071e+00
3.056587596456130385e+01,8.261095635131013637e+00
3.058588168048013856e+01,7.844184263279888825e+00
3.060588739639897327e+01,7.441947876398359085e+00
3.062589311231780798e+01,6.981772950288056556e+00
3.064589882823663913e+01,6.660207451180911065e+00
3.066590454415547384e+01,6.295320306583267467e+00
3.068591026007430855e+01,7.217337781288900800e+00
3.070591597599314326e+01,5.753246894424005831e+00
3.072592169191197442e+01,6.631579731650707465e+00
3.074592740783080913e+01,6.891936647052298248e+00
3.076593312374964384e+01,5.822160156057190505e+00
3.078593883966847855e+01,6.896845272892228706e+00
3.080594455558731326e+01,6.361578050261596395e+00
3.082595027150614442e+01,6.868644486991679621e+00
3.084595598742497913e+01,6.025829058884600187e+00
3.086596170334381384e+01,5.561271688683362413e+00
3.088596741926264855e+01,6.940945670266639667e+00
3.090597313518148326e+01,6.097060986568463292e+00
3.092597885110031442e+01,6.633714282830396769e+00
3.094598456701914913e+01,6.133728343681100981e+00
3.096599028293798384e+01,6.181458527848011641e+00
3.098599599885681855e+01,6.594871245103210988e+00
3.100600171477564970e+01,5.417532757598862325e+00
3.102600743069448441e+01,6.349856795399083431e+00
3.104601314661331912e+01,5.610857309195083076e+00
3.106601886253215383e+01,5.831219263421463239e+00
3.108602457845098854e+01,6.474213018894043437e+00
3.110603029436981970e+01,6.026636270230129711e+00
3.112603601028865441e+01,5.568468589675649838e+00
3.114604172620748912e+01,5.168504994567661548e+00
3.116604744212632383e+01,5.675909081694475056e+00
3.118605315804515854e+01,6.593994469947431547e+00
3.120605887396398970e+01,5.157561561866011779e+00
3.122606458988282441e+01,4.853319489224512395e+00
3.124607030580165912e+01,5.467628343818172532e+00
3.126607602172049383e+01,5.047156488303107480e+00
3.128608173763932498e+01,6.418442413144074266e+00
3.130608745355815969e+01,6.156539764978743001e+00
3.132609316947699440e+01,6.568681785914129989e+00
3.134609888539582911e+01,6.400496954977045405e+00
3.136610460131466382e+01,6.140557595096630905e+00
3.138611031723349498e+01,5.788751390458169332e+00
3.140611603315232969e+01,6.308726520872390608e+00
3.142612174907116440e+01,6.491879133182140826e+00
3.144612746498999911e+01,4.942313128916170584e+00
3.146613318090883382e+01,6.351014967307200720e+00
3.148613889682766498e+01,5.001699498101609187e+00
3.150614461274649969e+01,5.621626257689824158e+00
3.152615032866533440e+01,5.591651063602332883e+00
3.154615604458416911e+01,6.618964401533907527e+00
3.156616176050300382e+01,4.868436238274214567e+00
3.158616747642183498e+01,6.278465056454927584e+00
3.160617319234066969e+01,5.210649176667414118e+00
3.162617890825950440e+01,4.953451055524112689e+00
3.164618462417833911e+01,5.259375604735969212e+00
3.166619034009717026e+01,5.653827077969185488e+00
3.168619605601600497e+01,5.523852073784411232e+00
3.170620177193483968e+01,5.762287659642581161e+00
3.172620748785367439e+01,4.785269253071819051e+00
3.174621320377250910e+01,5.966956363257511775e+00
3.176621891969134026e+01,5.284157819968416270e+00
3.178622463561017497e+01,6.302742228894323340e+00
3.180623035152900968e+01,6.467192258616074163e+00
3.182623606744784439e+01,6.121739257326675343e+00
3.184624178336667910e+01,4.806941120648570376e+00
3.186624749928551026e+01,6.049507840190699426e+00
3.188625321520434497e+01,4.883590387789442211e+00
3.190625893112317968e+01,5.080487725765610918e+00
3.192626464704201439e+01,5.379907028203082753e+00
3.194627036296084555e+01,6.482289742505034091e+00
3.196627607887968026e+01,4.956333188387545441e+00
3.198628179479851497e+01,5.705096769993204475e+00
3.200628751071734968e+01,6.606924785641965059e+00
3.202629322663618439e+01,5.534737482666302277e+00
3.204629894255501199e+01,5.200111530307829355e+00
3.206630465847385381e+01,4.800927683008567648e+00
3.208631037439268141e+01,5.116329523689625347e+00
3.210631609031152323e+01,6.303265570269803497e+00
3.212632180623035083e+01,5.287867511648425278e+00
3.214632752214918554e+01,5.713291938778270129e+00
3.216633323806802025e+01,6.439240439611794820e+00
3.218633895398685496e+01,5.798142630580179535e+00
3.220634466990568967e+01,5.157724670283933222e+00
3.222635038582451728e+01,6.696147856733944081e+00
3.224635610174335909e+01,6.155542740699296189e+00
3.226636181766218670e+01,5.200231402860414853e+00
3.228636753358102851e+01,5.341706810336959599e+00
3.230637324949985612e+01,6.398932072285492545e+00
3.232637896541869083e+01,5.881406304322655210e+00
3.234638468133752554e+01,6.024416558824778001e+00
3.236639039725636025e+01,6.504804339005361591e+00
3.238639611317519496e+01,6.371455484289343829e+00
3.240640182909402967e+01,6.844033054345326939e+00
3.242640754501286438e+01,6.440036760614884948e+00
3.244641326093169198e+01,5.739434690565474284e+00
3.246641897685053380e+01,6.466000824221273646e+00
3.248642469276936140e+01,5.833663284220985901e+00
3.250643040868819611e+01,6.694647494974778290e+00
3.252643612460703082e+01,6.355455949655572034e+00
3.254644184052586553e+01,6.218691447233383407e+00
3.256644755644470024e+01,5.178729668940563080e+00
3.258645327236353495e+01,5.243240635402615091e+00
3.260645898828236966e+01,6.671088350168651537e+00
3.262646470420119726e+01,6.431451367294192423e+00
3.264647042012003908e+01,5.890547238216933046e+00
3.266647613603886668e+01,6.163047546807159272e+00
3.268648185195770850e+01,5.834965972062967410e+00
3.270648756787653610e+01,6.143152667504938158e+00
3.272649328379537081e+01,6.177945987641574099e+00
3.274649899971420552e+01,5.364893979129705670e+00
3.276650471563304023e+01,5.439147936859699328e+00
3.278651043155187494e+01,6.556693881186104633e+00
3.280651614747070255e+01,6.213764761343303356e+00
3.282652186338954436e+01,7.263453542161934173e+00
3.284652757930837197e+01,5.852657011613040083e+00
3.286653329522721378e+01,5.691712342616900955e+00
3.288653901114604139e+01,5.823603070245789048e+00
3.290654472706487610e+01,6.119869589233345231e+00
3.292655044298371081e+01,7.077317998802329591e+00
3.294655615890254552e+01,5.803887260948987326e+00
3.296656187482138023e+01,7.053302168507337377e+00
3.298656759074020783e+01,6.895231185989292300e+00
3.300657330665904965e+01,6.083815717561908087e+00
3.302657902257787725e+01,7.391984988910547116e+00
3.304658473849671907e+01,7.518125904671506987e+00
3.306659045441554667e+01,7.777384115827521427e+00
3.308659617033438138e+01,6.593455927898922653e+00
3.310660188625321609e+01,6.472951379476978850e+00
3.312660760217205080e+01,8.419450985281619282e+00
3.314661331809088551e+01,7.143712081092022714e+00
3.316661903400971312e+01,8.486797169841926447e+00
3.318662474992855493e+01,7.110682310027949704e+00
3.320663046584738254e+01,7.752764463256873739e+00
3.322663618176622435e+01,9.382936892221742653e+00
3.324664189768505196e+01,8.822486711914741875e+00
3.326664761360388667e+01,8.319342519812414238e+00
3.328665332952272138e+01,9.002531468738151688e+00
3.330665904544155609e+01,9.072649527883454468e+00
3.332666476136039080e+01,1.075164640888853462e+01
3.334667047727922551e+01,1.092952787226661826e+01
3.336667619319806022e+01,1.012216592521533265e+01
3.338668190911688782e+01,1.185440053396600923e+01
3.340668762503572964e+01,1.163351848717428361e+01
3.342669334095455724e+01,1.236444085744077448e+01
3.344669905687339195e+01,1.327683115464754593e+01
3.346670477279222666e+01,1.384438600275514197e+01
3.348671048871106137e+01,1.496871593323409932e+01
3.350671620462989608e+01,1.543293046208613717e+01
3.352672192054873079e+01,1.715705079837414360e+01
3.354672763646756550e+01,1.777195407405548977e+01
3.356673335238639311e+01,1.920381918467998617e+01
3.358673906830523492e+01,1.950969577551254730e+01
3.360674478422406253e+01,2.042914384582555343e+01
3.362675050014290434e+01,2.280170284743740439e+01
3.364675621606173195e+01,2.355482451517906384e+01
3.366676193198056666e+01,2.580098904975563912e+01
3.368676764789940137e+01,2.757670778175876691e+01
3.370677336381823608e+01,2.925342748540257531e+01
3.372677907973707079e+01,3.131092910116772998e+01
3.374678479565589839e+01,3.218422222191236415e+01
3.376679051157474021e+01,3.477797973199100312e+01
3.378679622749356781e+01,3.659317712928083210e+01
3.380680194341240963e+01,3.863194798818300058e+01
3.382680765933123723e+01,3.982318511482584711e+01
3.384681337525007194e+01,4.179731525490692690e+01
3.386681909116890665e+01,4.508050620567534850e+01
3.388682480708774136e+01,4.651803937386516452e+01
3.390683052300657607e+01,4.890945818032967907e+01
3.392683623892540368e+01,5.134212870878230461e+01
3.394684195484424549e+01,5.366916887214907916e+01
3.396684767076307310e+01,5.643753707845552725e+01
3.398685338668191491e+01,5.826267685381763783e+01
3.400685910260074252e+01,5.994920663850704301e+01
3.402686481851957723e+01,5.988876895892528296e+01
3.404687053443841194e+01,6.161657041303528359e+01
3.406687625035724665e+01,6.382896404376860033e+01
3.408688196627608136e+01,6.471713439398455137e+01
3.410688768219490896e+01,6.459186326119423427e+01
3.412689339811375078e+01,6.581197146473948578e+01
3.414689911403257838e+01,6.542445115635820230e+01
3.416690482995142020e+01,6.555086626581770304e+01
3.418691054587024780e+01,6.403218667181786827e+01
3.420691626178908251e+01,6.296328407784186965e+01
3.422692197770791722e+01,6.204433486742144055e+01
3.424692769362675193e+01,5.987294389133975869e+01
3.426693340954558664e+01,5.782344501298209138e+01
3.428693912546442135e+01,5.628148913813706855e+01
3.430694484138325606e+01,5.336588376659246791e+01
3.432695055730208367e+01,5.150867286909150522e+01
3.434695627322092548e+01,4.893920492178942538e+01
3.436696198913975309e+01,4.539584938462996888e+01
3.438696770505858780e+01,4.136136842454991580e+01
3.440697342097742251e+01,3.913797232998346942e+01
3.442697913689625722e+01,3.491062542617178366e+01
3.444698485281509193e+01,3.189608724984990218e+01
3.446699056873392664e+01,2.914447748195156507e+01
3.448699628465276135e+01,2.731788107053879244e+01
3.450700200057158895e+01,2.566227425981513832e+01
3.452700771649043077e+01,2.213951957677587146e+01
3.454701343240925837e+01,2.029460932554575336e+01
3.456701914832810019e+01,1.918062209594910783e+01
3.458702486424692779e+01,1.711754583656608020e+01
3.460703058016576250e+01,1.505204681246704901e+01
3.462703629608459721e+01,1.458376803051624293e+01
3.464704201200343192e+01,1.339605490120340825e+01
3.466704772792226663e+01,1.332323929189882605e+01
3.468705344384109424e+01,1.274337891346635665e+01
3.470705915975993605e+01,1.176636574802420476e+01
3.472706487567876366e+01,1.025238281550540442e+01
3.474707059159760547e+01,1.013445264049701500e+01
3.476707630751643308e+01,1.033099514769365435e+01
3.478708202343526779e+01,1.057108026062335426e+01
3.480708773935410250e+01,1.003798890563623480e+01
3.482709345527293721e+01,9.261946537543543911e+00
3.484709917119177192e+01,8.718684931291491580e+00
3.486710488711059952e+01,8.652123582045360806e+00
3.488711060302944134e+01,9.465559850559765565e+00
3.490711631894826894e+01,8.987201270204399961e+00
3.492712203486711076e+01,9.233404554994836033e+00
3.494712775078593836e+01,8.738528809642858164e+00
3.496713346670477307e+01,8.525279566312743640e+00
3.498713918262360778e+01,8.906188276679637639e+00
3.500714489854244249e+01,7.194085864605930247e+00
3.502715061446127720e+01,8.230186621589020035e+00
3.504715633038010481e+01,8.042380087381582499e+00
3.506716204629894662e+01,7.011899247811917313e+00
3.508716776221777423e+01,6.937482421281242928e+00
3.510717347813661604e+01,7.712113023979888737e+00
3.512717919405544365e+01,7.982617802144027941e+00
3.514718490997427836e+01,8.299837428084448021e+00
3.516719062589311307e+01,8.165709352748287131e+00
3.518719634181194778e+01,7.892170428183242770e+00
3.520720205773078249e+01,8.371671128178542531e+00
3.522720777364961720e+01,8.077012071595081721e+00
3.524721348956845191e+01,8.599458685243327238e+00
3.526721920548727951e+01,7.356536413212789505e+00
3.528722492140612133e+01,7.259252871355574399e+00
3.530723063732494893e+01,8.072751516482762568e+00
3.532723635324378364e+01,8.106037956963398017e+00
3.534724206916261835e+01,7.868325513709254260e+00
3.536724778508145306e+01,8.670945424583765160e+00
3.538725350100028777e+01,9.468471300215504982e+00
3.540725921691912248e+01,8.322592606348713673e+00
3.542726493283795719e+01,8.004422636298764715e+00
3.544727064875678479e+01,8.610787248268479743e+00
3.546727636467562661e+01,8.850700873236274191e+00
3.548728208059445421e+01,8.513394527167285730e+00
3.550728779651329603e+01,9.672081296658149085e+00
3.552729351243212363e+01,9.413129577413025473e+00
3.554729922835095834e+01,9.908310054772258013e+00
3.556730494426979305e+01,1.000478379111674698e+01
3.558731066018862776e+01,1.021830398966186415e+01
3.560731637610746247e+01,9.610408476931731059e+00
3.562732209202629008e+01,9.454948939764401317e+00
3.564732780794513189e+01,1.080672387019552794e+01
3.566733352386395950e+01,9.282953942328186159e+00
3.568733923978280131e+01,1.043669170298819004e+01
3.570734495570162892e+01,1.034111885604562531e+01
3.572735067162046363e+01,1.022815345203863124e+01
3.574735638753929834e+01,1.082924539132904762e+01
3.576736210345813305e+01,1.105093550979058392e+01
3.578736781937696776e+01,9.863754035622068983e+00
3.580737353529579536e+01,1.155454996023155090e+01
3.582737925121463718e+01,1.058572329213978236e+01
3.584738496713346478e+01,1.061707137161184811e+01
3.586739068305230660e+01,1.119464774927754469e+01
3.588739639897113420e+01,1.084603659139989773e+01
3.590740211488996891e+01,1.006613453189484808e+01
3.592740783080880362e+01,1.166471327072493835e+01
3.594741354672763833e+01,1.077298523632716076e+01
3.596741926264647304e+01,1.184028799756831951e+01
3.598742497856530065e+01,1.153395886415000859e+01
3.600743069448414246e+01,1.130935326235261584e+01
3.602743641040297007e+01,1.078542894031138388e+01
3.604744212632181188e+01,1.152711569115196433e+01
3.606744784224063949e+01,1.100525242591305108e+01
3.608745355815947420e+01,1.032780592001139475e+01
3.610745927407830891e+01,1.071243548579354332e+01
3.612746498999714362e+01,1.062804726770004748e+01
3.614747070591597833e+01,1.121891137940379224e+01
3.616747642183481304e+01,1.143494098207561294e+01
3.618748213775364775e+01,1.119414953766610665e+01
3.620748785367247535e+01,9.900553555809985085e+00
3.622749356959131717e+01,9.331448702215469737e+00
3.624749928551014477e+01,9.609146121646039873e+00
3.626750500142897948e+01,8.858800969210060217e+00
3.628751071734781419e+01,9.609036011455051707e+00
3.630751643326664890e+01,9.961721930915201639e+00
3.632752214918548361e+01,8.579079961447728664e+00
3.634752786510431832e+01,9.248202667187731763e+00
3.636753358102315303e+01,8.830025530938385714e+00
3.638753929694198064e+01,8.656168259937468079e+00
3.640754501286082245e+01,7.028143526802121954e+00
3.642755072877965006e+01,7.280894965010600295e+00
3.644755644469849187e+01,7.867293914018525847e+00
3.646756216061731948e+01,6.320739101208316946e+00
3.648756787653615419e+01,6.586755699202168302e+00
3.650757359245498890e+01,6.651870381330258652e+00
3.652757930837382361e+01,5.784510779701954597e+00
3.654758502429265832e+01,6.064226859099552058e+00
3.656759074021148592e+01,7.271426080209252518e+00
3.658759645613032774e+01,5.448456089697357285e+00
3.660760217204915534e+01,6.123663737208921098e+00
3.662760788796799716e+01,7.020052408154171530e+00
3.664761360388682476e+01,6.510983485514580948e+00
3.666761931980565947e+01,5.928411465216529841e+00
3.668762503572449418e+01,7.024787392565309041e+00
3.670763075164332889e+01,6.529370157318591161e+00
3.672763646756216360e+01,6.883697241526247623e+00
3.674764218348099121e+01,6.822627358075470383e+00
3.676764789939983302e+01,6.868168013654807780e+00
3.678765361531866063e+01,5.902426743046123470e+00
3.680765933123750244e+01,6.661769710858173710e+00
3.682766504715633005e+01,5.425156031999696538e+00
3.684767076307516476e+01,5.908082164414961923e+00
3.686767647899399947e+01,4.996468256581389156e+00
3.688768219491283418e+01,5.682773748351584331e+00
3.690768791083166889e+01,6.650768964903456926e+00
3.692769362675049649e+01,6.327201555199041927e+00
3.694769934266933831e+01,4.907987145173239973e+00
3.696770505858816591e+01,4.900179344649504110e+00
3.698771077450700773e+01,5.353508324552866959e+00
3.700771649042583533e+01,5.753366720809013124e+00
3.702772220634467004e+01,4.947633785652786109e+00
3.704772792226350475e+01,4.882367670369506030e+00
3.706773363818233946e+01,4.994128176472879765e+00
3.708773935410117417e+01,5.202400740016631886e+00
3.710774507002000888e+01,5.378377918130951230e+00
3.712775078593884359e+01,5.773977602910251861e+00
3.714775650185767120e+01,6.122688294993593239e+00
3.716776221777651301e+01,5.702450043034680505e+00
3.718776793369534062e+01,4.937000231724923971e+00
3.720777364961417533e+01,6.055959575612955170e+00
3.722777936553301004e+01,6.544578980854601546e+00
3.724778508145184475e+01,5.804694690184369676e+00
3.726779079737067946e+01,5.279107363055618229e+00
3.728779651328951417e+01,6.557467175377445834e+00
3.730780222920834888e+01,6.368603448013710810e+00
3.732780794512717648e+01,4.820349259190764180e+00
3.734781366104601830e+01,5.847040234432933303e+00
3.736781937696484590e+01,5.135213796101174566e+00
3.738782509288368772e+01,4.741191185962887467e+00
3.740783080880251532e+01,6.047681176289213312e+00
3.742783652472135003e+01,5.934849134571349438e+00
3.744784224064018474e+01,4.843653713203007527e+00
3.746784795655901945e+01,5.695251256564696440e+00
3.748785367247785416e+01,5.895623856288475295e+00
3.750785938839668177e+01,4.778408254557518831e+00
3.752786510431552358e+01,6.333924150655739105e+00
3.754787082023435119e+01,5.112075309098846887e+00
3.756787653615319300e+01,6.315361578054682568e+00
3.758788225207202061e+01,5.595905199772345462e+00
3.760788796799085532e+01,4.869648223582633939e+00
3.762789368390969003e+01,5.348925281526251574e+00
3.764789939982852474e+01,5.904837256344898755e+00
3.766790511574735945e+01,5.266173038621714042e+00
3.768791083166618705e+01,5.942353534419869021e+00
3.770791654758502887e+01,4.765151381261725660e+00
3.772792226350385647e+01,5.447846774758902555e+00
3.774792797942269829e+01,4.808509818643752709e+00
3.776793369534152589e+01,5.607408579863047748e+00
3.778793941126036060e+01,4.908435827145352981e+00
3.780794512717919531e+01,6.124388349665228048e+00
3.782795084309803002e+01,6.004364583296228020e+00
3.784795655901686473e+01,6.299911935750762026e+00
3.786796227493569234e+01,5.569331349228613171e+00
3.788796799085453415e+01,4.874929549764343228e+00
3.790797370677336176e+01,6.216054801037224742e+00
3.792797942269220357e+01,5.035570051760671184e+00
3.794798513861103118e+01,5.821064215788096519e+00
3.796799085452986589e+01,4.963064404494523352e+00
3.798799657044870060e+01,6.510973315174099163e+00
3.800800228636753531e+01,5.125709617581950539e+00
3.802800800228637002e+01,4.693802548973765809e+00
3.804801371820520473e+01,5.303374996819474774e+00
3.806801943412403944e+01,6.287137081251159110e+00
3.808802515004286704e+01,4.727796124805176525e+00
3.810803086596170886e+01,5.355392305771430550e+00
3.812803658188053646e+01,6.250690785647040393e+00
3.814804229779937117e+01,6.065042667973136403e+00
3.816804801371820588e+01,6.068515900426675103e+00
3.818805372963704059e+01,5.911397690289637019e+00
3.820805944555587530e+01,6.599951874455763701e+00
3.822806516147471001e+01,5.750802841774858898e+00
3.824807087739354472e+01,5.813392619399976091e+00
3.826807659331237232e+01,6.204337855584762806e+00
3.828808230923121414e+01,5.669583981971403119e+00
3.830808802515004174e+01,5.896592477596820814e+00
3.832809374106888356e+01,6.083182902088579702e+00
3.834809945698771116e+01,6.141899200500757772e+00
3.836810517290654587e+01,5.183752969457615656e+00
3.838811088882538058e+01,4.782245083626039062e+00
3.840811660474421529e+01,5.635702089627629086e+00
3.842812232066305000e+01,5.868476938442030999e+00
3.844812803658187761e+01,5.403889095784789376e+00
3.846813375250071942e+01,5.280949032813601285e+00
3.848813946841954703e+01,5.090766680481677575e+00
3.850814518433838884e+01,5.163825228270159329e+00
3.852815090025721645e+01,5.375537537694047074e+00
3.854815661617605116e+01,4.924019301569904528e+00
3.856816233209488587e+01,5.077401617805797684e+00
3.858816804801372058e+01,5.299001475881835788e+00
3.860817376393255529e+01,5.276531418359837744e+00
3.862817947985138289e+01,6.405171743905102133e+00
3.864818519577022471e+01,5.568970842170172020e+00
3.866819091168905231e+01,5.701695130599889083e+00
3.868819662760789413e+01,6.544744923685040128e+00
3.870820234352672173e+01,5.289113695567224660e+00
3.872820805944555644e+01,6.098018880479001425e+00
3.874821377536439115e+01,5.036731576198368643e+00
3.876821949128322586e+01,6.345921729837511016e+00
3.878822520720206057e+01,5.582480817064548795e+00
3.880823092312088818e+01,6.402747908912768793e+00
3.882823663903972999e+01,5.574524963603376904e+00
3.884824235495855760e+01,6.484111639506222602e+00
3.886824807087739941e+01,5.095403177296574881e+00
3.888825378679622702e+01,5.930507274033796961e+00
3.890825950271506173e+01,5.183970545812704778e+00
3.892826521863389644e+01,5.841461774113668959e+00
3.894827093455273115e+01,6.269213038172693153e+00
3.896827665047156586e+01,5.611308196665750536e+00
3.898828236639040057e+01,5.005275700010418660e+00
3.900828808230923528e+01,5.371101142263193573e+00
3.902829379822806288e+01,5.338961879850248060e+00
3.904829951414690470e+01,5.157204596338554659e+00
3.906830523006573230e+01,5.635840070574221095e+00
3.908831094598456701e+01,6.593144334868564549e+00
3.910831666190340172e+01,6.450459362007358699e+00
3.912832237782223643e+01,4.861479914177452955e+00
3.914832809374107114e+01,5.206263049082604510e+00
3.916833380965990585e+01,4.964315959470494199e+00
3.918833952557874056e+01,5.675381488953180842e+00
3.920834524149756817e+01,6.127245674540113818e+00
3.922835095741640998e+01,6.231151636276668349e+00
3.924835667333523759e+01,5.458721091493035082e+00
3.926836238925407940e+01,5.266409886224595382e+00
3.928836810517290701e+01,5.320440687813476011e+00
3.930837382109174172e+01,6.139120488726450553e+00
3.932837953701057643e+01,6.667138851769124130e+00
3.934838525292941114e+01,5.935965643871421449e+00
3.936839096884824585e+01,5.885078063031098594e+00
3.938839668476707345e+01,5.403716111040941072e+00
3.940840240068591527e+01,6.610704123916665509e+00
3.942840811660474287e+01,5.344953655781223389e+00
3.944841383252358469e+01,6.893701979437074634e+00
3.946841954844241229e+01,5.138679059848859865e+00
3.948842526436124700e+01,6.093698385205471801e+00
3.950843098028008171e+01,5.571765512827571598e+00
3.952843669619891642e+01,6.417337692881402766e+00
3.954844241211775113e+01,6.017608834247902827e+00
3.956844812803657874e+01,6.005323678289341771e+00
3.958845384395542055e+01,7.206386214780142296e+00
3.960845955987424816e+01,5.563462315212708731e+00
3.962846527579308997e+01,6.798063659593464259e+00
3.964847099171191758e+01,7.199891593627969932e+00
3.966847670763075229e+01,5.744813857544605717e+00
3.968848242354958700e+01,6.724915967593142696e+00
3.970848813946842171e+01,6.062956168254586942e+00
3.972849385538725642e+01,6.476073088402469757e+00
3.974849957130608402e+01,6.999985746890724947e+00
3.976850528722492584e+01,7.696935447145849096e+00
3.978851100314375344e+01,7.416348341530927257e+00
3.980851671906259526e+01,6.165629616083471376e+00
3.982852243498142286e+01,6.252914069794284657e+00
3.984852815090025757e+01,7.713708482379245446e+00
3.986853386681909228e+01,7.138261688935576998e+00
3.988853958273792699e+01,7.753813407404255287e+00
3.990854529865676170e+01,7.407309768074323841e+00
3.992855101457559641e+01,7.336540004291919992e+00
3.994855673049443112e+01,6.776041355690101575e+00
3.996856244641325873e+01,6.180238688328572927e+00
3.998856816233210054e+01,6.336403161583989530e+00
4.000857387825092815e+01,7.303063937137554973e+00
4.002857959416976286e+01,7.723763351457391124e+00
4.004858531008859757e+01,6.945008313658212806e+00
4.006859102600743228e+01,7.696617813787062445e+00
4.008859674192626699e+01,6.621303733260815783e+00
4.010860245784510170e+01,6.510504209045451240e+00
4.012860817376393641e+01,7.035291114669042223e+00
4.014861388968276401e+01,7.179685615268022403e+00
4.016861960560160583e+01,7.417797814873541284e+00
4.018862532152043343e+01,7.088395041462373314e+00
4.020863103743927525e+01,7.352493427050601937e+00
4.022863675335810285e+01,7.781327989019630742e+00
4.024864246927693756e+01,8.572728227009489999e+00
4.026864818519577227e+01,8.941854163898595331e+00
4.028865390111460698e+01,8.042275362104300385e+00
4.030865961703344169e+01,8.362812017735315351e+00
4.032866533295226930e+01,8.943761290902120464e+00
4.034867104887111111e+01,8.475576624429663752e+00
4.036867676478993872e+01,9.805035329060110882e+00
4.038868248070878053e+01,1.017136917033403343e+01
4.040868819662760814e+01,8.838225016451987770e+00
4.042869391254644285e+01,9.970879723796436167e+00
4.044869962846527756e+01,1.006935006355589124e+01
4.046870534438411227e+01,9.668509549765385458e+00
4.048871106030294698e+01,1.177423552893450953e+01
4.050871677622177458e+01,1.099856044878944061e+01
4.052872249214061640e+01,1.057678197789036290e+01
4.054872820805944400e+01,1.103114012612107331e+01
4.056873392397828582e+01,1.137872995984759861e+01
4.058873963989711342e+01,1.220846953684219471e+01
4.060874535581594813e+01,1.342674057520926745e+01
4.062875107173478284e+01,1.264867577466525361e+01
4.064875678765361755e+01,1.317155722466766221e+01
4.066876250357245226e+01,1.362428683241011385e+01
4.068876821949127986e+01,1.326496706664831216e+01
4.070877393541012168e+01,1.375167018019269882e+01
4.072877965132894929e+01,1.551686304834839270e+01
4.074878536724779110e+01,1.583323935414957084e+01
4.076879108316661871e+01,1.632588339326438387e+01
4.078879679908545342e+01,1.534009660065525438e+01
4.080880251500428813e+01,1.657272233486592938e+01
4.082880823092312284e+01,1.684515038377940144e+01
4.084881394684195755e+01,1.712499275993801362e+01
4.086881966276079226e+01,1.678538748081933818e+01
4.088882537867962697e+01,1.585310783214033137e+01
4.090883109459845457e+01,1.620274967843199931e+01
4.092883681051729639e+01,1.750073482223406529e+01
4.094884252643612399e+01,1.753546840512494143e+01
4.096884824235495870e+01,1.702568182578779954e+01
4.098885395827379341e+01,1.642097419297385130e+01
4.100885967419262812e+01,1.662841755951260225e+01
4.102886539011146283e+01,1.499539629853900635e+01
4.104887110603029754e+01,1.415021892538032944e+01
4.106887682194913225e+01,1.396387539089492869e+01
4.108888253786795985e+01,1.486643758555064743e+01
4.110888825378680167e+01,1.385705956807325201e+01
4.112889396970562927e+01,1.307760530687540879e+01
4.114889968562447109e+01,1.387811965567997419e+01
4.116890540154329869e+01,1.189592548059923693e+01
4.118891111746213340e+01,1.268582512970682785e+01
4.120891683338096811e+01,1.114058955313812227e+01
4.122892254929980282e+01,1.201199683449978473e+01
4.124892826521863753e+01,1.196567246973623178e+01
4.126893398113746514e+01,1.091540534231017645e+01
4.128893969705630695e+01,1.065255190099931326e+01
4.130894541297513456e+01,1.009343352666122229e+01
4.132895112889397637e+01,9.793511572580182900e+00
4.134895684481280398e+01,9.693572963718848357e+00
4.136896256073163869e+01,8.413015084875366867e+00
4.138896827665047340e+01,8.277428812826125082e+00
4.140897399256930811e+01,7.727354130112800590e+00
4.142897970848814282e+01,8.884363931622251798e+00
4.144898542440697042e+01,7.666387220039190709e+00
4.146899114032581224e+01,7.101873117372422328e+00
4.148899685624463984e+01,8.091162767710104120e+00
4.150900257216348166e+01,8.243195315679592738e+00
4.152900828808230926e+01,7.326288288506338731e+00
4.154901400400114397e+01,7.962566852247613625e+00
4.156901971991997868e+01,6.595156735722910391e+00
4.158902543583881339e+01,7.046815066839414499e+00
4.160903115175764810e+01,6.966254714778518320e+00
4.162903686767647571e+01,7.449178289632508054e+00
4.164904258359531752e+01,6.870477562573531038e+00
4.166904829951414513e+01,7.141059723866050035e+00
4.168905401543298694e+01,6.162998034803019110e+00
4.170905973135181455e+01,6.054869027592057584e+00
4.172906544727064926e+01,6.242492954624509593e+00
4.174907116318948397e+01,6.996803629454753093e+00
4.176907687910831868e+01,6.817214895950359121e+00
4.178908259502715339e+01,6.263081439406364304e+00
4.180908831094598810e+01,7.014204340049207786e+00
4.182909402686482281e+01,5.223373085678442607e+00
4.184909974278365041e+01,6.149043391976684703e+00
4.186910545870249223e+01,5.628755364085243684e+00
4.188911117462131983e+01,5.442655609661541050e+00
4.190911689054015454e+01,6.956840936552362464e+00
4.192912260645898925e+01,6.621013870591249351e+00
4.194912832237782396e+01,6.948686174101450064e+00
4.196913403829665867e+01,6.793455157475614570e+00
4.198913975421549338e+01,6.787727668326769326e+00
4.200914547013432809e+01,6.419490435796018524e+00
4.202915118605316280e+01,5.376351728595651913e+00
4.204915690197199041e+01,5.613336575654311211e+00
4.206916261789082512e+01,5.990026027177930423e+00
4.208916833380965983e+01,5.158536985864730973e+00
4.210917404972849454e+01,5.980550877685028688e+00
4.212917976564732925e+01,6.774546759880059277e+00
4.214918548156616396e+01,5.527950756685869216e+00
4.216919119748499867e+01,5.203868351684937110e+00
4.218919691340383338e+01,5.724127090262202344e+00
4.220920262932266809e+01,5.179980260461821473e+00
4.222920834524150280e+01,5.460012793265853759e+00
4.224921406116033040e+01,6.524984628327620051e+00
4.226921977707916511e+01,6.826049305861188188e+00
4.228922549299799982e+01,6.058174604014664233e+00
4.230923120891683453e+01,5.995715601111434978e+00
4.232923692483566924e+01,6.708870081400596597e+00
4.234924264075450395e+01,5.238243774589225410e+00
4.236924835667333866e+01,6.620411550693172664e+00
4.238925407259217337e+01,5.487803990586238356e+00
4.240925978851100808e+01,5.536443563820734326e+00
4.242926550442983569e+01,6.251566853426426817e+00
4.244927122034867040e+01,6.493870459897516767e+00
4.246927693626750511e+01,6.635393699473056905e+00
4.248928265218633982e+01,5.686895031010904766e+00
4.250928836810517453e+01,6.535949861711457309e+00
4.252929408402400924e+01,5.258840354679567675e+00
4.254929979994284395e+01,6.504394847234286736e+00
4.256930551586167866e+01,6.351328777210023091e+00
4.258931123178051337e+01,6.383642098081355520e+00
4.260931694769934097e+01,6.345378223897017556e+00
4.262932266361817568e+01,5.899976939397387099e+00
4.264932837953701039e+01,5.926409791764347013e+00
4.266933409545584510e+01,6.753869285384745069e+00
4.268933981137467981e+01,5.088736469658520001e+00
4.270934552729351452e+01,6.792311451786091858e+00
4.272935124321234923e+01,6.073564788540003256e+00
4.274935695913118394e+01,6.832052234150185477e+00
4.276936267505001865e+01,5.431809466960583421e+00
4.278936839096885336e+01,6.898216275324772440e+00
4.280937410688768097e+01,6.025474262652621427e+00
4.282937982280651568e+01,5.033971927176121852e+00
4.284938553872535039e+01,5.696766252855390178e+00
4.286939125464418510e+01,6.185495801383899206e+00
4.288939697056301981e+01,6.525692159077369325e+00
4.290940268648185452e+01,6.923510794811788216e+00
4.292940840240068923e+01,5.610987537784936308e+00
4.294941411831952394e+01,6.453359455299321645e+00
4.296941983423835865e+01,6.161975874959100707e+00
4.298942555015718625e+01,5.802382288899824658e+00
4.300943126607602096e+01,5.209728468929922585e+00
4.302943698199485567e+01,5.905190389274858731e+00
4.304944269791369038e+01,6.845252966802592987e+00
4.306944841383252509e+01,6.625182533208767488e+00
4.308945412975135980e+01,5.412887751659854807e+00
4.310945984567019451e+01,6.916431679741154248e+00
4.312946556158902922e+01,5.629777540079838438e+00
4.314947127750786393e+01,5.843734436671044641e+00
4.316947699342669864e+01,6.498626915159452011e+00
4.318948270934552625e+01,6.494671356552795594e+00
4.320948842526436096e+01,6.318122614295281103e+00
4.322949414118319567e+01,5.365111530885783075e+00
4.324949985710203038e+01,5.830420825467895085e+00
4.326950557302086509e+01,6.697589133898604885e+00
4.328951128893969980e+01,6.669138298049741564e+00
4.330951700485853451e+01,5.550957146941941645e+00
4.332952272077736922e+01,6.232702997960998914e+00
4.334952843669620393e+01,5.826831793750884003e+00
4.336953415261503153e+01,5.434421271298022660e+00
4.338953986853386624e+01,5.581104373474885527e+00
4.340954558445270095e+01,5.892554323151044215e+00
4.342955130037153566e+01,6.000109545840667913e+00
4.344955701629037037e+01,5.666832945555016821e+00
4.346956273220920508e+01,5.333006333696952872e+00
4.348956844812803979e+01,7.097778553003299074e+00
4.350957416404687450e+01,5.368710905901745711e+00
4.352957987996570921e+01,5.766896131491910715e+00
4.354958559588453681e+01,7.144711879760903273e+00
4.356959131180337153e+01,6.029877389202584759e+00
4.358959702772220624e+01,5.520205801928197431e+00
4.360960274364104095e+01,7.003734529717257296e+00
4.362960845955987566e+01,5.752796155223498964e+00
4.364961417547871037e+01,6.901370899240355072e+00
4.366961989139754508e+01,6.381780275889640919e+00
4.368962560731637979e+01,6.759619602557265239e+00
4.370963132323521450e+01,7.059475514894540282e+00
4.372963703915404921e+01,6.842901591807608597e+00
4.374964275507287681e+01,6.181098903660616983e+00
4.376964847099171152e+01,6.417934708611747752e+00
4.378965418691054623e+01,7.165579617164898885e+00
4.380965990282938094e+01,6.918033988377169763e+00
4.382966561874821565e+01,5.879180648281270294e+00
4.384967133466705036e+01,7.058580414689965998e+00
4.386967705058588507e+01,6.189461630716541762e+00
4.388968276650471978e+01,7.497527373978750909e+00
4.390968848242355449e+01,7.585657851276865316e+00
4.392969419834238209e+01,7.424482724216312945e+00
4.394969991426121680e+01,6.593638938515793413e+00
4.396970563018005151e+01,7.916131792584643279e+00
4.398971134609888622e+01,8.256254052949556055e+00
4.400971706201772093e+01,7.610176501046300501e+00
4.402972277793655564e+01,6.789048103974874238e+00
4.404972849385539035e+01,7.882655463476771374e+00
4.406973420977422506e+01,8.228427419030319712e+00
4.408973992569305977e+01,8.662805269250240414e+00
4.410974564161189448e+01,8.505422864968860353e+00
4.412975135753072209e+01,8.987946427091509705e+00
4.414975707344955680e+01,9.720826413882232231e+00
4.416976278936839151e+01,9.765635776479326680e+00
4.418976850528722622e+01,1.026621648323350833e+01
4.420977422120606093e+01,9.993845831474949648e+00
4.422977993712489564e+01,1.010172739933370067e+01
4.424978565304373035e+01,1.027150826844193432e+01
4.426979136896256506e+01,1.163241355188393911e+01
4.428979708488139977e+01,1.230621798356032492e+01
4.430980280080022737e+01,1.221921287680786428e+01
4.432980851671906208e+01,1.401728255523716982e+01
4.434981423263789679e+01,1.377757562078880049e+01
4.436981994855673150e+01,1.450098142452037209e+01
4.438982566447556621e+01,1.486325393342574763e+01
4.440983138039440092e+01,1.699150771255827763e+01
4.442983709631323563e+01,1.858028954579077308e+01
4.444984281223207034e+01,1.936812369517651788e+01
4.446984852815090505e+01,1.949915304429089247e+01
4.448985424406973266e+01,2.057805721336226057e+01
4.450985995998856737e+01,2.214005158827346875e+01
4.452986567590740208e+01,2.398495915198664008e+01
4.454987139182623679e+01,2.501751320815080959e+01
4.456987710774507150e+01,2.587568226488904699e+01
4.458988282366390621e+01,2.783591180692730660e+01
4.460988853958274092e+01,2.911174708026665670e+01
4.462989425550157563e+01,3.043974563054366556e+01
4.464989997142041034e+01,3.219682858123670144e+01
4.466990568733924505e+01,3.381852094086527671e+01
4.468991140325807265e+01,3.347664455634325265e+01
4.470991711917690736e+01,3.568574520193102728e+01
4.472992283509574207e+01,3.615864025819827532e+01
4.474992855101457678e+01,3.697113193289798971e+01
4.476993426693341149e+01,3.717102256233215485e+01
4.478993998285224620e+01,3.783943656694906110e+01
4.480994569877108091e+01,3.677121331723673592e+01
4.482995141468991562e+01,3.772538688914101357e+01
4.484995713060875033e+01,3.837586262753297461e+01
4.486996284652757794e+01,3.811809128016757597e+01
4.488996856244641265e+01,3.810780094149104258e+01
4.490997427836524736e+01,3.794751022249559469e+01
4.492997999428408207e+01,3.610615138556786263e+01
4.494998571020291678e+01,3.610581097640951498e+01
4.496999142612175149e+01,3.578598058897419065e+01
4.498999714204058620e+01,3.605610368064646565e+01
4.501000285795942091e+01,3.551655518939945466e+01
4.503000857387825562e+01,3.364692552665655256e+01
4.505001428979709033e+01,3.303560371713308541e+01
4.507002000571591793e+01,3.250753749298263529e+01
4.509002572163475264e+01,3.325796974867361655e+01
4.511003143755358735e+01,3.262119096058979295e+01
4.513003715347242206e+01,3.195641499424847964e+01
4.515004286939125677e+01,3.209152058693858578e+01
4.517004858531009148e+01,3.201704135514319205e+01
4.519005430122892619e+01,3.085052003950945476e+01
4.521006001714776090e+01,3.125804183173956119e+01
4.523006573306659561e+01,3.171818386177791282e+01
4.525007144898542322e+01,3.077535254747648352e+01
4.527007716490425793e+01,3.103512465866264236e+01
4.529008288082309264e+01,3.072390090831917320e+01
4.531008859674192735e+01,3.209355654257306867e+01
4.533009431266076206e+01,3.080098026168091252e+01
4.535010002857959677e+01,3.044789087763257740e+01
4.537010574449843148e+01,3.201071181972640289e+01
4.539011146041726619e+01,3.159267094360837547e+01
4.541011717633610090e+01,2.993719019791641500e+01
4.543012289225492850e+01,3.082645608800579851e+01
4.545012860817376321e+01,2.981791480964124474e+01
4.547013432409259792e+01,2.997993085760260712e+01
4.549014004001143263e+01,2.875957058513201758e+01
4.551014575593026734e+01,2.840473761627801963e+01
4.553015147184910205e+01,2.657893235908196061e+01
4.555015718776793676e+01,2.574808551420288794e+01
4.557016290368677147e+01,2.581589816050694353e+01
4.559016861960560618e+01,2.339862274051023405e+01
4.561017433552444089e+01,2.256918251378505147e+01
4.563018005144326850e+01,2.180043726899551970e+01
4.565018576736210321e+01,1.953207125027376279e+01
4.567019148328093792e+01,1.944564664194149728e+01
4.569019719919977263e+01,1.859456001844224815e+01
4.571020291511860734e+01,1.700776626374859291e+01
4.573020863103744205e+01,1.693956442706905818e+01
4.575021434695627676e+01,1.452630351306496337e+01
4.577022006287511147e+01,1.447675367644655609e+01
4.579022577879394618e+01,1.325648953226066951e+01
4.581023149471277378e+01,1.362482016982103339e+01
4.583023721063160849e+01,1.314988686950281327e+01
4.585024292655044320e+01,1.219294590190175853e+01
4.587024864246927791e+01,1.286809780141238413e+01
4.589025435838811262e+01,1.282097800731806814e+01
4.591026007430694733e+01,1.106021738855053016e+01
4.593026579022578204e+01,1.124481229679184580e+01
4.595027150614461675e+01,1.240944134137913935e+01
4.597027722206345146e+01,1.128171051953143866e+01
4.599028293798228617e+01,1.187566632835626201e+01
4.601028865390111378e+01,1.139970402031282148e+01
4.603029436981994849e+01,1.181285054351827313e+01
4.605030008573878320e+01,1.296069331079539033e+01
4.607030580165761791e+01,1.140979083586993603e+01
4.609031151757645262e+01,1.282459768486714857e+01
4.611031723349528733e+01,1.322856687308517465e+01
4.613032294941412204e+01,1.224870775423488212e+01
4.615032866533295675e+01,1.347547441066426543e+01
4.617033438125179146e+01,1.329318504295791747e+01
4.619034009717061906e+01,1.273691752794248089e+01
4.621034581308945377e+01,1.238051840612241428e+01
4.623035152900828848e+01,1.344562233812476393e+01
4.625035724492712319e+01,1.201380488624995024e+01
4.627036296084595790e+01,1.188569956575075004e+01
4.629036867676479261e+01,1.196659946214222359e+01
4.631037439268362732e+01,1.297762067250466700e+01
4.633038010860246203e+01,1.145697316236075913e+01
4.635038582452129674e+01,1.232266591338427197e+01
4.637039154044012434e+01,1.189240219181685987e+01
4.639039725635895905e+01,1.182055319248956238e+01
4.641040297227779376e+01,1.144641916374347446e+01
4.643040868819662847e+01,1.136333128384409541e+01
4.645041440411546319e+01,9.576443149402056321e+00
4.647042012003429790e+01,9.398026431244987933e+00
4.649042583595313261e+01,1.053751962504002826e+01
4.651043155187196732e+01,9.847965738693186921e+00
4.653043726779080203e+01,8.360725210460083545e+00
4.655044298370963674e+01,9.256007868672963212e+00
4.657044869962846434e+01,8.197924896835157682e+00
4.659045441554729905e+01,8.177642291109371797e+00
4.661046013146613376e+01,8.534631177614407704e+00
4.663046584738496847e+01,7.386769884726593460e+00
4.665047156330380318e+01,6.720925955962398390e+00
4.667047727922263789e+01,6.475053272490710832e+00
4.669048299514147260e+01,6.860415268597438221e+00
4.671048871106030731e+01,7.732271203051150010e+00
4.673049442697914202e+01,6.286560010834722156e+00
4.675050014289796962e+01,6.269175277532119672e+00
4.677050585881680433e+01,6.070642067715795065e+00
4.679051157473563904e+01,6.970610938740349205e+00
4.681051729065447375e+01,7.466024485331945293e+00
4.683052300657330846e+01,6.675022423084776335e+00
4.685052872249214317e+01,5.703976727075515285e+00
4.687053443841097788e+01,6.917759329803706336e+00
4.689054015432981259e+01,6.468334909147007927e+00
4.691054587024864730e+01,7.268398366662729870e+00
4.693055158616748201e+01,7.056592994430941346e+00
4.695055730208630962e+01,5.601256854146181574e+00
4.697056301800514433e+01,6.981496884298922900e+00
4.699056873392397904e+01,7.141279429982967386e+00
4.701057444984281375e+01,7.231163969805610492e+00
4.703058016576164846e+01,5.770649866648796866e+00
4.705058588168048317e+01,7.208944163527071680e+00
4.707059159759931788e+01,7.149506549484248907e+00
4.709059731351815259e+01,6.046916790220540072e+00
4.711060302943698730e+01,5.616409476208639617e+00
4.713060874535581490e+01,7.103205815965494274e+00
4.715061446127464961e+01,6.585548857787768995e+00
4.717062017719348432e+01,5.839430592588050750e+00
4.719062589311231903e+01,5.415214847175355395e+00
4.721063160903115374e+01,5.722755532627556541e+00
4.723063732494998845e+01,5.244726632132172384e+00
4.725064304086882316e+01,6.806827021777592357e+00
4.727064875678765787e+01,5.526104655143706523e+00
4.729065447270649258e+01,6.364558997062393253e+00
4.731066018862532019e+01,6.290262350912538380e+00
4.733066590454415490e+01,5.418702146285573562e+00
4.735067162046298961e+01,5.500927418111825951e+00
4.737067733638182432e+01,6.370808216251553802e+00
4.739068305230065903e+01,5.883591199015392625e+00
4.741068876821949374e+01,6.589097424664422498e+00
4.743069448413832845e+01,5.555092459909174885e+00
4.745070020005716316e+01,5.239835193945175718e+00
4.747070591597599787e+01,5.951071992603177208e+00
4.749071163189483258e+01,5.845892777010307739e+00
4.751071734781366018e+01,5.214616055072112566e+00
4.753072306373249489e+01,5.497387335040271772e+00
4.755072877965132960e+01,5.407371739713554781e+00
4.757073449557016431e+01,6.956191858868462141e+00
4.759074021148899902e+01,5.728318030366696512e+00
4.761074592740783373e+01,6.854442101957517686e+00
4.763075164332666844e+01,5.142822949810438971e+00
4.765075735924550315e+01,5.054920960474637681e+00
4.767076307516433786e+01,5.091694278438369636e+00
4.769076879108316547e+01,6.023789846078691390e+00
4.771077450700200018e+01,6.025445575619178484e+00
4.773078022292083489e+01,5.863139494873362167e+00
4.775078593883966960e+01,6.835562100701761956e+00
4.777079165475850431e+01,5.480347077795189925e+00
4.779079737067733902e+01,5.204505529593992819e+00
4.781080308659617373e+01,5.148556069212251174e+00
4.783080880251500844e+01,6.440554732910420022e+00
4.785081451843384315e+01,5.936247661898257810e+00
4.787082023435267075e+01,6.038298828948707175e+00
4.789082595027150546e+01,5.620249425702434465e+00
4.791083166619034017e+01,5.318722087936092358e+00
4.793083738210917488e+01,5.563946912633007003e+00
4.795084309802800959e+01,6.554842122325625020e+00
4.797084881394684430e+01,6.607684912162491209e+00
4.799085452986567901e+01,6.281234309985284980e+00
4.801086024578451372e+01,6.748959435045320809e+00
4.803086596170334843e+01,5.811713936434085070e+00
4.805087167762218314e+01,6.807555021925957739e+00
4.807087739354101075e+01,6.309531282018586040e+00
4.809088310945984546e+01,4.989535870633063475e+00
4.811088882537868017e+01,5.393556021638931774e+00
4.813089454129751488e+01,5.761097166568723615e+00
4.815090025721634959e+01,6.432859103594649852e+00
4.817090597313518430e+01,5.810202735272738117e+00
4.819091168905401901e+01,5.384222188431754041e+00
4.821091740497285372e+01,5.368136472713511687e+00
4.823092312089168843e+01,5.883020951759420747e+00
4.825092883681051603e+01,5.743499987492520553e+00
4.827093455272935074e+01,5.461595684526430183e+00
4.829094026864818545e+01,5.815332777990611213e+00
4.831094598456702016e+01,4.976532247088022665e+00
4.833095170048585487e+01,6.543507381421247437e+00
4.835095741640468958e+01,5.133658233441064311e+00
4.837096313232352429e+01,6.398070763873013433e+00
4.839096884824235900e+01,6.162777766687772996e+00
4.841097456416119371e+01,5.231126663742980298e+00
4.843098028008002842e+01,5.322653422314452598e+00
4.845098599599885603e+01,5.145996548838440710e+00
4.847099171191769074e+01,6.257344462621554193e+00
4.849099742783652545e+01,6.466556437914778854e+00
4.851100314375536016e+01,6.699954486286015864e+00
4.853100885967419487e+01,6.190606463115122082e+00
4.855101457559302958e+01,6.230684916934777995e+00
4.857102029151186429e+01,4.945246234436711852e+00
4.859102600743069900e+01,5.447919669667983023e+00
4.861103172334953371e+01,5.703532221056435425e+00
4.863103743926836131e+01,5.054343740865652634e+00
4.865104315518719602e+01,5.779330038206499154e+00
4.867104887110603073e+01,5.389842366542644037e+00
4.869105458702486544e+01,5.515897934427187899e+00
4.871106030294370015e+01,6.263237035511442841e+00
4.873106601886253486e+01,5.804694964852127548e+00
4.875107173478136957e+01,5.440579549835133477e+00
4.877107745070020428e+01,6.023275095464118323e+00
4.879108316661903899e+01,5.278581135810003211e+00
4.881108888253786660e+01,6.074667444954429563e+00
4.883109459845670131e+01,6.521881254687351692e+00
4.885110031437553602e+01,5.357495599157281241e+00
4.887110603029437073e+01,6.249734931127699511e+00
4.889111174621320544e+01,5.092306044629680173e+00
4.891111746213204015e+01,5.602659865713104814e+00
4.893112317805087486e+01,6.799692272886074917e+00
4.895112889396970957e+01,6.103093722523240672e+00
4.897113460988854428e+01,6.059239750011741421e+00
4.899114032580737899e+01,5.025027215719901186e+00
4.901114604172620659e+01,6.747298703679514453e+00
4.903115175764504130e+01,6.717627252601996446e+00
4.905115747356387601e+01,6.083129418455312631e+00
4.907116318948271072e+01,5.410709769545150927e+00
4.909116890540154543e+01,5.222398845125265865e+00
4.911117462132038014e+01,5.713222711629255102e+00
4.913118033723921485e+01,5.574096696434582832e+00
4.915118605315804956e+01,5.056897733133443040e+00
4.917119176907688427e+01,6.213830619440735781e+00
4.919119748499571187e+01,6.018308498512110027e+00
4.921120320091454658e+01,6.405827072722342308e+00
4.923120891683338129e+01,6.079437438523913606e+00
4.925121463275221600e+01,6.179980252236117799e+00
4.927122034867105071e+01,5.802692144357842530e+00
4.929122606458988542e+01,6.872772817164903181e+00
4.931123178050872014e+01,6.560306616119074619e+00
4.933123749642755485e+01,6.243681512943869194e+00
4.935124321234638956e+01,5.835301926027010033e+00
4.937124892826522427e+01,5.415297837365828926e+00
4.939125464418405187e+01,5.358280140591512364e+00
4.941126036010288658e+01,5.194606909748191725e+00
4.943126607602172129e+01,5.804312970958444673e+00
4.945127179194055600e+01,6.460635708257489895e+00
4.947127750785939071e+01,5.050183488092168105e+00
4.949128322377822542e+01,5.732885187644379599e+00
4.951128893969706013e+01,5.548974659296153966e+00
4.953129465561589484e+01,6.018297410775479861e+00
4.955130037153472955e+01,5.272627091122959797e+00
4.957130608745355715e+01,6.746230651765943165e+00
4.959131180337239186e+01,5.033992543306288425e+00
4.961131751929122657e+01,6.781987071440501502e+00
4.963132323521006128e+01,6.752842136696598274e+00
4.965132895112889599e+01,5.753081471676099845e+00
4.967133466704773070e+01,6.369046735852225360e+00
4.969134038296656541e+01,6.815378628458033106e+00
4.971134609888540012e+01,5.999419069296371809e+00
4.973135181480423483e+01,5.326303686839709783e+00
4.975135753072306244e+01,5.802177187234334177e+00
4.977136324664189715e+01,6.780970454600983466e+00
4.979136896256073186e+01,5.971497221347018325e+00
4.981137467847956657e+01,6.502677275190769990e+00
4.983138039439840128e+01,5.525357491472921545e+00
4.985138611031723599e+01,6.784421017128072329e+00
4.987139182623607070e+01,7.083533048865991333e+00
4.989139754215490541e+01,6.160816977087701929e+00
4.991140325807374012e+01,6.729768539461657539e+00
4.993140897399257483e+01,6.328657219545396728e+00
4.995141468991140243e+01,5.522792152015299827e+00
4.997142040583023714e+01,6.087829911278739736e+00
4.999142612174907185e+01,5.974065878723942014e+00
5.001143183766790656e+01,6.652409648865084790e+00
5.003143755358674127e+01,7.123658098295199359e+00
5.005144326950557598e+01,5.950739869337009935e+00
5.007144898542441069e+01,5.816717527847519165e+00
5.009145470134324540e+01,6.422648494675552655e+00
5.011146041726208011e+01,5.905681778368045087e+00
5.013146613318090772e+01,6.624872386175010952e+00
5.015147184909974243e+01,6.785776893711735092e+00
5.017147756501857714e+01,7.127975608974614019e+00
5.019148328093741185e+01,6.483992270550603898e+00
5.021148899685624656e+01,7.810063116524308846e+00
5.023149471277508127e+01,7.075170612717480267e+00
5.025150042869391598e+01,8.824609870378750998e+00
5.027150614461275069e+01,8.420627781944411083e+00
5.029151186053158540e+01,8.783716589517196027e+00
5.031151757645042011e+01,8.630752900984180798e+00
5.033152329236924771e+01,9.387411388418884783e+00
5.035152900828808242e+01,8.100965620542835310e+00
5.037153472420691713e+01,8.843288025346945247e+00
5.039154044012575184e+01,9.049678836409572824e+00
5.041154615604458655e+01,9.614755355408622250e+00
5.043155187196342126e+01,9.266945991750686673e+00
5.045155758788225597e+01,1.072910556625816447e+01
5.047156330380109068e+01,9.843441466459591283e+00
5.049156901971992539e+01,1.035570669282162726e+01
5.051157473563875300e+01,1.139943770681930246e+01
5.053158045155758771e+01,1.131476140092192750e+01
5.055158616747642242e+01,1.177755206252619047e+01
5.057159188339525713e+01,1.179860361421639148e+01
5.059159759931409184e+01,1.183745636880449936e+01
5.061160331523292655e+01,1.135087941751471519e+01
5.063160903115176126e+01,1.112382364953085379e+01
5.065161474707059597e+01,1.140687081135353687e+01
5.067162046298943068e+01,1.109546212678205812e+01
5.069162617890825828e+01,1.046444908048597178e+01
5.071163189482709299e+01,1.173853548017665993e+01
5.073163761074592770e+01,1.185001308794567265e+01
5.075164332666476241e+01,1.049431509748260893e+01
5.077164904258359712e+01,1.080531949397808233e+01
5.079165475850243183e+01,1.052285576413278179e+01
5.081166047442126654e+01,1.061791500020614620e+01
5.083166619034010125e+01,1.127336463372174791e+01
5.085167190625893596e+01,1.009325409769381565e+01
5.087167762217777067e+01,9.876201775006883565e+00
5.089168333809659828e+01,1.069895298512299853e+01
5.091168905401543299e+01,1.046585147948412065e+01
5.093169476993426770e+01,8.577352128595054026e+00
5.095170048585310241e+01,9.955697066352854563e+00
5.097170620177193712e+01,9.562771482579401905e+00
5.099171191769077183e+01,9.421651879707834354e+00
5.101171763360960654e+01,9.142782990222031003e+00
5.103172334952844125e+01,9.207291698179918882e+00
5.105172906544727596e+01,8.029185378286385344e+00
5.107173478136610356e+01,8.695238018076990372e+00
5.109174049728493827e+01,9.254716729288068322e+00
5.111174621320377298e+01,8.738690538193960577e+00
5.113175192912260769e+01,9.336390722947182752e+00
5.115175764504144240e+01,9.129637043997547607e+00
5.117176336096027711e+01,9.196046465704386108e+00
5.119176907687911182e+01,9.091008298185121461e+00
5.121177479279794653e+01,8.839376588048043715e+00
5.123178050871678124e+01,8.417418790928488548e+00
5.125178622463561595e+01,8.643063722429747742e+00
5.127179194055444356e+01,9.461796275420587321e+00
5.129179765647327827e+01,8.199952669748684642e+00
5.131180337239211298e+01,7.629413481871638147e+00
5.133180908831094769e+01,8.932084013733355476e+00
5.135181480422978240e+01,8.231251910575105413e+00
5.137182052014861711e+01,9.030397156708779960e+00
5.139182623606745182e+01,8.122915925563660267e+00
5.141183195198628653e+01,8.389721310765763107e+00
5.143183766790512124e+01,7.218488563902870858e+00
5.145184338382394884e+01,7.425974876289568094e+00
5.147184909974278355e+01,7.493772186218301989e+00
5.149185481566161826e+01,6.790866160341047397e+00
5.151186053158045297e+01,7.117350145523025695e+00
5.153186624749928768e+01,8.012711762110878766e+00
5.155187196341812239e+01,6.441434585105493937e+00
5.157187767933695710e+01,6.566708412510921633e+00
5.159188339525579181e+01,6.164059763622427468e+00
5.161188911117462652e+01,6.855479051619273179e+00
5.163189482709345413e+01,7.336356069612681274e+00
5.165190054301228884e+01,6.295971178094369236e+00
5.167190625893112355e+01,6.472809144597139408e+00
5.169191197484995826e+01,6.490695153972954934e+00
5.171191769076879297e+01,6.589333285143968766e+00
5.173192340668762768e+01,5.752894147346716558e+00
5.175192912260646239e+01,7.174174399881948716e+00
5.177193483852529710e+01,5.521609557506427457e+00
5.179194055444413181e+01,6.966752452411395069e+00
5.181194627036296652e+01,6.777261370633933524e+00
5.183195198628179412e+01,6.859951752087447119e+00
5.185195770220062883e+01,5.611546588052669371e+00
5.187196341811946354e+01,6.792673719444008107e+00
5.189196913403829825e+01,6.355251933887491766e+00
5.191197484995713296e+01,7.013849888861281023e+00
5.193198056587596767e+01,6.508550114833087541e+00
5.195198628179480238e+01,6.147899709818569036e+00
5.197199199771363709e+01,5.450631079950668756e+00
5.199199771363247180e+01,6.548833907357058060e+00
5.201200342955129940e+01,6.853859793041045201e+00
5.203200914547013411e+01,6.829058506303084641e+00
5.205201486138896882e+01,5.440805819682590361e+00
5.207202057730780353e+01,5.625245801214457053e+00
5.209202629322663824e+01,5.873687283199065412e+00
5.211203200914547295e+01,5.614464025604606334e+00
5.213203772506430766e+01,6.942042146872762665e+00
5.215204344098314237e+01,5.355371220882125805e+00
5.217204915690197708e+01,6.283710464630603454e+00
5.219205487282081180e+01,5.385491822856008248e+00
5.221206058873963940e+01,6.231161525997952033e+00
5.223206630465847411e+01,6.441062735602450573e+00
5.225207202057730882e+01,6.513009036140617880e+00
5.227207773649614353e+01,5.778414543304157824e+00
5.229208345241497824e+01,6.928374223390578734e+00
5.231208916833381295e+01,6.717857054717754295e+00
5.233209488425264766e+01,5.849772559837034258e+00
5.235210060017148237e+01,6.124086432229481680e+00
5.237210631609031708e+01,6.037878927843844501e+00
5.239211203200914468e+01,6.778362964338916719e+00
5.241211774792797939e+01,6.938741754145985041e+00
5.243212346384681410e+01,5.765861221683051596e+00
5.245212917976564881e+01,6.364800467446595000e+00
5.247213489568448352e+01,6.380111398421203006e+00
5.249214061160331823e+01,5.322369702189402751e+00
5.251214632752215294e+01,5.636908775418207007e+00
5.253215204344098765e+01,6.738359394886409781e+00
5.255215775935982236e+01,6.687756225394841714e+00
5.257216347527864997e+01,5.955078616438418848e+00
5.259216919119748468e+01,6.226832763437290197e+00
5.261217490711631939e+01,6.621343105865167722e+00
5.263218062303515410e+01,6.610304696211747100e+00
5.265218633895398881e+01,6.267610201916048673e+00
5.267219205487282352e+01,6.187576962285247006e+00
5.269219777079165823e+01,7.014653808988961181e+00
5.271220348671049294e+01,7.081730942453672739e+00
5.273220920262932765e+01,6.790819968404766094e+00
5.275221491854816236e+01,5.825859231184941756e+00
5.277222063446698996e+01,6.423013892061986141e+00
5.279222635038582467e+01,5.797010949051619733e+00
5.281223206630465938e+01,6.730518564828943617e+00
5.283223778222349409e+01,6.296739241889124372e+00
5.285224349814232880e+01,5.927942807688878268e+00
5.287224921406116351e+01,7.235814389014839421e+00
5.289225492997999822e+01,6.399813283250627372e+00
5.291226064589883293e+01,6.446118717589692793e+00
5.293226636181766764e+01,6.366231747065929092e+00
5.295227207773649525e+01,6.671247347987972809e+00
5.297227779365532996e+01,7.700964769744906846e+00
5.299228350957416467e+01,6.969361814847205849e+00
5.301228922549299938e+01,6.123787053504123001e+00
5.303229494141183409e+01,6.506557173020368623e+00
5.305230065733066880e+01,7.115038863852402251e+00
5.307230637324950351e+01,6.929051859905586142e+00
5.309231208916833822e+01,8.058841595733042595e+00
5.311231780508717293e+01,7.487674325682460719e+00
5.313232352100600764e+01,6.810568230913863097e+00
5.315232923692483524e+01,7.304383221528442327e+00
5.317233495284366995e+01,8.310565005846186182e+00
5.319234066876250466e+01,8.425963314810385185e+00
5.321234638468133937e+01,8.069762657063384026e+00
5.323235210060017408e+01,7.749868164904559542e+00
5.325235781651900879e+01,8.766167665036391554e+00
5.327236353243784350e+01,7.059107002462761571e+00
5.329236924835667821e+01,8.621317727662859198e+00
5.331237496427551292e+01,8.053328389995161984e+00
5.333238068019434053e+01,8.637314010527910924e+00
5.335238639611317524e+01,7.919175985300674903e+00
5.337239211203200995e+01,7.825411462685514685e+00
5.339239782795084466e+01,8.284679916989890813e+00
5.341240354386967937e+01,8.722956376035027048e+00
5.343240925978851408e+01,1.000202292590900832e+01
5.345241497570734879e+01,9.275816866373778780e+00
5.347242069162618350e+01,9.327771081738655212e+00
5.349242640754501821e+01,9.988251571918643990e+00
5.351243212346384581e+01,9.054406525749735479e+00
5.353243783938268052e+01,1.012651724976711165e+01
5.355244355530151523e+01,1.080129323723801349e+01
5.357244927122034994e+01,1.093588734679354424e+01
5.359245498713918465e+01,1.071441453680305145e+01
5.361246070305801936e+01,1.094890008185633867e+01
5.363246641897685407e+01,1.100274600726812757e+01
5.365247213489568878e+01,1.149361363349372489e+01
5.367247785081452349e+01,1.354370460135541521e+01
5.369248356673335820e+01,1.329871968808774341e+01
5.371248928265218581e+01,1.452752564202809893e+01
5.373249499857102052e+01,1.433486593776318152e+01
5.375250071448985523e+01,1.585473390000441185e+01
5.377250643040868994e+01,1.518450770108440828e+01
5.379251214632752465e+01,1.752257421853505548e+01
5.381251786224635936e+01,1.721806765294494568e+01
5.383252357816519407e+01,1.881632511094112559e+01
5.385252929408402878e+01,1.984453346841979737e+01
5.387253501000286349e+01,2.119893677185802261e+01
5.389254072592169109e+01,2.200744855447161896e+01
5.391254644184052580e+01,2.215196401876896104e+01
5.393255215775936051e+01,2.416774972361016438e+01
5.395255787367819522e+01,2.559733965646677234e+01
5.397256358959702993e+01,2.780791542251317239e+01
5.399256930551586464e+01,2.845029113062098958e+01
5.401257502143469935e+01,2.953472153007248835e+01
5.403258073735353406e+01,3.010463740498126484e+01
5.405258645327236877e+01,3.270497510896625926e+01
5.407259216919120348e+01,3.339395071838132623e+01
5.409259788511003109e+01,3.405461319988062741e+01
5.411260360102886580e+01,3.456271061708910253e+01
5.413260931694770051e+01,3.708401946084245537e+01
5.415261503286653522e+01,3.694260363278411319e+01
5.417262074878536993e+01,3.717505648146374853e+01
5.419262646470420464e+01,3.766413973700112194e+01
5.421263218062303935e+01,3.720700718772366145e+01
5.423263789654187406e+01,3.659519055042161284e+01
5.425264361246070877e+01,3.623636069811626470e+01
5.427264932837953637e+01,3.622385327603194582e+01
5.429265504429837108e+01,3.591321715637035084e+01
5.431266076021720579e+01,3.499942662962098439e+01
5.433266647613604050e+01,3.397453168309969840e+01
5.435267219205487521e+01,3.367353768076764453e+01
5.437267790797370992e+01,3.243238049608878271e+01
5.439268362389254463e+01,3.100801947659077840e+01
5.441268933981137934e+01,3.161902726029554955e+01
5.443269505573021405e+01,2.936023229042391947e+01
5.445270077164904166e+01,2.951365407141250330e+01
5.447270648756787637e+01,2.804067650916737975e+01
5.449271220348671108e+01,2.782311235982623643e+01
5.451271791940554579e+01,2.809977556700849988e+01
5.453272363532438050e+01,2.721445028075643435e+01
5.455272935124321521e+01,2.685123307427399908e+01
5.457273506716204992e+01,2.648942578348031773e+01
5.459274078308088463e+01,2.682085170070063995e+01
5.461274649899971934e+01,2.545878547511434675e+01
5.463275221491855405e+01,2.562935039094594103e+01
5.465275793083738165e+01,2.450842571039162721e+01
5.467276364675621636e+01,2.290782541211391177e+01
5.469276936267505107e+01,2.265111753818555584e+01
5.471277507859388578e+01,2.230327366609069983e+01
5.473278079451272049e+01,2.041217564443487476e+01
5.475278651043155520e+01,2.104974681605529341e+01
5.477279222635038991e+01,1.835527231161800898e+01
5.479279794226922462e+01,1.922342178809693536e+01
5.481280365818805933e+01,1.747171721305769410e+01
5.483280937410688693e+01,1.654320866730987305e+01
5.485281509002572164e+01,1.614038726426571202e+01
5.487282080594455635e+01,1.571803054415971879e+01
5.489282652186339106e+01,1.411928341413899268e+01
5.491283223778222577e+01,1.345811006812098221e+01
5.493283795370106048e+01,1.185679104865003985e+01
5.495284366961989519e+01,1.146311990400024960e+01
5.497284938553872990e+01,1.167856768701587633e+01
5.499285510145756461e+01,1.041980904124331886e+01
5.501286081737639222e+01,1.020364238601253959e+01
5.503286653329522693e+01,1.071650855666953817e+01
5.505287224921406164e+01,9.479865713495135182e+00
5.507287796513289635e+01,9.650001862602199054e+00
5.509288368105173106e+01,9.869042548918669056e+00
5.511288939697056577e+01,1.105643021695464157e+01
5.513289511288940048e+01,9.608669768857600602e+00
5.515290082880823519e+01,1.075286447748879759e+01
5.517290654472706990e+01,1.040523946426377400e+01
5.519291226064590461e+01,1.105099761589345952e+01
5.521291797656473221e+01,1.000775363933525597e+01
5.523292369248356692e+01,1.100326379370768315e+01
5.525292940840240163e+01,1.155284420110299415e+01
5.527293512432123634e+01,1.093927552774576384e+01
5.529294084024007105e+01,1.162467866360734448e+01
5.531294655615890576e+01,1.100543674654807624e+01
5.533295227207774047e+01,1.091037016434111528e+01
5.535295798799657518e+01,1.095309446693404354e+01
5.537296370391540989e+01,1.252482948255548045e+01
5.539296941983423750e+01,1.186276790665825942e+01
5.541297513575307221e+01,1.292159087538455076e+01
5.543298085167190692e+01,1.176060999031086318e+01
5.545298656759074163e+01,1.181524383796090660e+01
5.547299228350957634e+01,1.321503037122256252e+01
5.549299799942841105e+01,1.185890686242967185e+01
5.551300371534724576e+01,1.271942341260630904e+01
5.553300943126608047e+01,1.260394547418057343e+01
5.555301514718491518e+01,1.243834308689612378e+01
5.557302086310374989e+01,1.161410786601435774e+01
5.559302657902257749e+01,1.120001035270976786e+01
5.561303229494141220e+01,1.174712281068715214e+01
5.563303801086024691e+01,1.110315404057179833e+01
5.565304372677908162e+01,1.154692442672052444e+01
5.567304944269791633e+01,1.144026188194390059e+01
5.569305515861675104e+01,1.021875210325621630e+01
5.571306087453558575e+01,1.081613815907238418e+01
5.573306659045442046e+01,1.030664799844770663e+01
5.575307230637325517e+01,8.833367919485750619e+00
5.577307802229208278e+01,8.898105852341771538e+00
5.579308373821091749e+01,8.767375213491492403e+00
5.581308945412975220e+01,8.150990644117381834e+00
5.583309517004858691e+01,8.798527897305762124e+00
5.585310088596742162e+01,8.745431556744682311e+00
5.587310660188625633e+01,8.597809783337162060e+00
5.589311231780509104e+01,6.965939628347077139e+00
5.591311803372392575e+01,8.107210054903035257e+00
5.593312374964276046e+01,6.862868113498404199e+00
5.595312946556158806e+01,7.144660374264845792e+00
5.597313518148042277e+01,7.228730393030758705e+00
5.599314089739925748e+01,7.284357202316427582e+00
5.601314661331809219e+01,6.985503550642619963e+00
5.603315232923692690e+01,7.424700774470545106e+00
5.605315804515576161e+01,7.513750547100372046e+00
5.607316376107459632e+01,6.938890727245096812e+00
5.609316947699343103e+01,6.585543270053570986e+00
5.611317519291226574e+01,7.812402888967389103e+00
5.613318090883110045e+01,7.009135859323495588e+00
5.615318662474992806e+01,7.809305799417713523e+00
5.617319234066876277e+01,7.322452823640629660e+00
5.619319805658759748e+01,7.544315145818430324e+00
5.621320377250643219e+01,7.551063810064490234e+00
5.623320948842526690e+01,6.880833168430973146e+00
5.625321520434410161e+01,6.547939341326046048e+00
5.627322092026293632e+01,6.004576264875161051e+00
5.629322663618177103e+01,7.163358862170968955e+00
5.631323235210060574e+01,7.000626053018308426e+00
5.633323806801943334e+01,6.855565318501350092e+00
5.635324378393826805e+01,6.693855693882112767e+00
5.637324949985710276e+01,6.795284712522561499e+00
5.639325521577593747e+01,7.648899343144416996e+00
5.641326093169477218e+01,6.268777997810404123e+00
5.643326664761360689e+01,6.064744747967030669e+00
5.645327236353244160e+01,7.853032715692919830e+00
5.647327807945127631e+01,6.020927857381483506e+00
5.649328379537011102e+01,7.758567893031521834e+00
5.651328951128894573e+01,7.808477536807748365e+00
5.653329522720777334e+01,7.409367567941760768e+00
5.655330094312660805e+01,6.814069543250203864e+00
5.657330665904544276e+01,6.791328563677850205e+00
5.659331237496427747e+01,6.296124462113175113e+00
5.661331809088311218e+01,7.674933091254787954e+00
5.663332380680194689e+01,8.115173138007131470e+00
5.665332952272078160e+01,7.139249555033364558e+00
5.667333523863961631e+01,8.047626862389327229e+00
5.669334095455845102e+01,7.173064702194900555e+00
5.671334667047727862e+01,8.124448057752328367e+00
5.673335238639611333e+01,6.948296787635030114e+00
5.675335810231494804e+01,8.124173554322654311e+00
5.677336381823378275e+01,7.131465896754261458e+00
5.679336953415261746e+01,8.304168022108944669e+00
5.681337525007145217e+01,7.408603952460818043e+00
5.683338096599028688e+01,8.619982876072656452e+00
5.685338668190912159e+01,8.214398311219962778e+00
5.687339239782795630e+01,9.425492865416375210e+00
5.689339811374678391e+01,9.384574756749470836e+00
5.691340382966561862e+01,8.834207519236036532e+00
5.693340954558445333e+01,9.995392335838801046e+00
5.695341526150328804e+01,9.089668397875698247e+00
5.697342097742212275e+01,9.848373854148611883e+00
5.699342669334095746e+01,1.045747864571188046e+01
5.701343240925979217e+01,1.073096711874387310e+01
5.703343812517862688e+01,1.210807646564134998e+01
5.705344384109746159e+01,1.280390725697056808e+01
5.707344955701629630e+01,1.338545742147072204e+01
5.709345527293512390e+01,1.286315020769130690e+01
5.711346098885395861e+01,1.359940350531139863e+01
5.713346670477279332e+01,1.574137334566115776e+01
5.715347242069162803e+01,1.677955332835761482e+01
5.717347813661046274e+01,1.744912734988760050e+01
5.719348385252929745e+01,1.782687359454698139e+01
5.721348956844813216e+01,1.838090046522033916e+01
5.723349528436696687e+01,2.017376356919667657e+01
5.725350100028580158e+01,2.100528298506159075e+01
5.727350671620462919e+01,2.204945635769054491e+01
5.729351243212346390e+01,2.279357002026038259e+01
5.731351814804229861e+01,2.298307379436125331e+01
5.733352386396113332e+01,2.404523050664152706e+01
5.735352957987996803e+01,2.621077577708833317e+01
5.737353529579880274e+01,2.705687199452565039e+01
5.739354101171763745e+01,2.781489222733826949e+01
5.741354672763647216e+01,2.759711112249402376e+01
5.743355244355530687e+01,2.940319009379570048e+01
5.745355815947414158e+01,2.874378272096549125e+01
5.747356387539296918e+01,3.037927689510259199e+01
5.749356959131180389e+01,2.955029981470387668e+01
5.751357530723063860e+01,3.099323827303596346e+01
5.753358102314947331e+01,3.242968209536700641e+01
5.755358673906830802e+01,3.184394502942368277e+01
5.757359245498714273e+01,3.171680996140668896e+01
5.759359817090597744e+01,3.326526177282293872e+01
5.761360388682481215e+01,3.299282128504849254e+01
5.763360960274364686e+01,3.334720542976025115e+01
5.765361531866247446e+01,3.444346670575621516e+01
5.767362103458130917e+01,3.462910526141778433e+01
5.769362675050014388e+01,3.496847209914874099e+01
5.771363246641897859e+01,3.415534881014779955e+01
5.773363818233781330e+01,3.315121302227809252e+01
5.775364389825664801e+01,3.342196594138418675e+01
5.777364961417548272e+01,3.352967040552965017e+01
5.779365533009431743e+01,3.240322940135716578e+01
5.781366104601315214e+01,3.146176637714649260e+01
5.783366676193197975e+01,3.153400619212573730e+01
5.785367247785081446e+01,3.105623354518440138e+01
5.787367819376964917e+01,2.993813876251098449e+01
5.789368390968848388e+01,2.857896980299883438e+01
5.791368962560731859e+01,2.852426523035209982e+01
5.793369534152615330e+01,2.642565800368561568e+01
5.795370105744498801e+01,2.530616819992741995e+01
5.797370677336382272e+01,2.492960729519966279e+01
5.799371248928265743e+01,2.282249983631770363e+01
5.801371820520149214e+01,2.337600531555104411e+01
5.803372392112031974e+01,2.105506083826359642e+01
5.805372963703915445e+01,2.007987277143347882e+01
5.807373535295798916e+01,1.923712064366506524e+01
5.809374106887682387e+01,1.890002616057840967e+01
5.811374678479565858e+01,1.782456709414870488e+01
5.813375250071449329e+01,1.689273891812196027e+01
5.815375821663332800e+01,1.579229766830911430e+01
5.817376393255216271e+01,1.664500713225145034e+01
5.819376964847099742e+01,1.598772138285720956e+01
5.821377536438982503e+01,1.573444207451071541e+01
5.823378108030865974e+01,1.387226390464850212e+01
5.825378679622749445e+01,1.409663458128127900e+01
5.827379251214632916e+01,1.281671024873867104e+01
5.829379822806516387e+01,1.213496675935720859e+01
5.831380394398399858e+01,1.209331758741877749e+01
5.833380965990283329e+01,1.152090271257671716e+01
5.835381537582166800e+01,1.154901578735826284e+01
5.837382109174050271e+01,1.130122672146844920e+01
5.839382680765933742e+01,1.129587468870295908e+01
5.841383252357816502e+01,1.111099487478565173e+01
5.843383823949699973e+01,1.058133958671428232e+01
5.845384395541583444e+01,9.264961922083578827e+00
5.847384967133466915e+01,8.859627080077183692e+00
5.849385538725350386e+01,9.239661458603382727e+00
5.851386110317233857e+01,9.255199505789526881e+00
5.853386681909117328e+01,8.346368674188491710e+00
5.855387253501000799e+01,8.792166110971397330e+00
5.857387825092884270e+01,8.080904448262698381e+00
5.859388396684767031e+01,8.360920256921231086e+00
5.861388968276650502e+01,8.086474452065194995e+00
5.863389539868533973e+01,6.819703421017124789e+00
5.865390111460417444e+01,8.050439656537392352e+00
5.867390683052300915e+01,7.730780602835479520e+00
5.869391254644184386e+01,7.011072550307007489e+00
5.871391826236067857e+01,7.469444487212353323e+00
5.873392397827951328e+01,6.757143142004205849e+00
5.875392969419834799e+01,7.010287717981585232e+00
5.877393541011717559e+01,6.696889998361553964e+00
5.879394112603601030e+01,6.254507889941587351e+00
5.881394684195484501e+01,6.761429750098788105e+00
5.883395255787367972e+01,7.147718648648156758e+00
5.885395827379251443e+01,6.109608199068354395e+00
5.887396398971134914e+01,6.333117989383024060e+00
5.889396970563018385e+01,6.803369858083038402e+00
5.891397542154901856e+01,6.007503559291933470e+00
5.893398113746785327e+01,6.579413755280970832e+00
5.895398685338668798e+01,6.438894799763842158e+00
5.897399256930551559e+01,7.214741175686632424e+00
5.899399828522435030e+01,7.098812372876846410e+00
5.901400400114318501e+01,6.776682437910453771e+00
5.903400971706201972e+01,5.979244970410799276e+00
5.905401543298085443e+01,6.556513565573972357e+00
5.907402114889968914e+01,5.768509003835413651e+00
5.909402686481852385e+01,6.664960458119651321e+00
5.911403258073735856e+01,6.760513140860346049e+00
5.913403829665619327e+01,7.111404773518392730e+00
5.915404401257502087e+01,6.717602688643688147e+00
5.917404972849385558e+01,6.711313173520840891e+00
5.919405544441269029e+01,7.009168006632680914e+00
5.921406116033152500e+01,6.340028654261047336e+00
5.923406687625035971e+01,5.927135020047324510e+00
5.925407259216919442e+01,5.636306468506896650e+00
5.927407830808802913e+01,5.463773365872381937e+00
5.929408402400686384e+01,7.149840802887757363e+00
5.931408973992569855e+01,5.402099055067043132e+00
5.933409545584453326e+01,7.149123155931632390e+00
5.935410117176336087e+01,5.938291938584664642e+00
5.937410688768219558e+01,6.664941191590139979e+00
5.939411260360103029e+01,5.469971749651644011e+00
5.941411831951986500e+01,6.705735759064296531e+00
5.943412403543869971e+01,7.047021287655215183e+00
5.945412975135753442e+01,7.028176271866485969e+00
5.947413546727636913e+01,6.274420661887589290e+00
5.949414118319520384e+01,6.895723510404168977e+00
5.951414689911403855e+01,6.645320154610701024e+00
5.953415261503286615e+01,6.950164269821963892e+00
5.955415833095170086e+01,5.852505021081222836e+00
5.957416404687053557e+01,5.665010581310206739e+00
5.959416976278937028e+01,5.581759789557001028e+00
5.961417547870820499e+01,6.866077752423953129e+00
5.963418119462703970e+01,5.936952439057530562e+00
5.965418691054587441e+01,5.992808547490294124e+00
5.967419262646470912e+01,6.386490781566378949e+00
5.969419834238354383e+01,7.094050968431547588e+00
5.971420405830237144e+01,6.775920000428127032e+00
5.973420977422120615e+01,6.789108476101866962e+00
5.975421549014004086e+01,5.833881954525958591e+00
5.977422120605887557e+01,5.808577432871715907e+00
5.979422692197771028e+01,6.716541211512328857e+00
5.981423263789654499e+01,6.080274527065528289e+00
5.983423835381537970e+01,6.667315425056369982e+00
5.985424406973421441e+01,6.632682613938127858e+00
5.987424978565304912e+01,5.731525315141846377e+00
5.989425550157188383e+01,5.389754763657793823e+00
5.991426121749071143e+01,5.370258108794152108e+00
5.993426693340954614e+01,7.221610827546342648e+00
5.995427264932838085e+01,7.037055197939569240e+00
5.997427836524721556e+01,5.606695449381835061e+00
5.999428408116605027e+01,7.226332876621357926e+00
6.001428979708488498e+01,5.716656617216809622e+00
6.003429551300371969e+01,6.434162644578596435e+00
6.005430122892255440e+01,6.677576693014759535e+00
6.007430694484138911e+01,5.704679496942191008e+00
6.009431266076021672e+01,6.222299188927616242e+00
6.011431837667905143e+01,7.106108734152415174e+00
6.013432409259788614e+01,5.913029125070272229e+00
6.015432980851672085e+01,6.534632761444887805e+00
6.017433552443555556e+01,6.119583637665352960e+00
6.019434124035439027e+01,6.485524862763428544e+00
6.021434695627322498e+01,7.061783264965779239e+00
6.023435267219205969e+01,6.362308889319955973e+00
6.025435838811089440e+01,5.910393086592414136e+00
6.027436410402972911e+01,5.732738070924797036e+00
6.029436981994855671e+01,6.037152447336808336e+00
6.031437553586739142e+01,7.321963870169087230e+00
6.033438125178622613e+01,7.442446737547230740e+00
6.035438696770506084e+01,6.129332292179924480e+00
6.037439268362389555e+01,6.514214816583074885e+00
6.039439839954273026e+01,6.174054336291044720e+00
6.041440411546156497e+01,6.724900460467642560e+00
6.043440983138039968e+01,6.034098116664669220e+00
6.045441554729923439e+01,6.561208235723935189e+00
6.047442126321806199e+01,6.955979707014979141e+00
6.049442697913689670e+01,6.853083082635712309e+00
6.051443269505573141e+01,6.793655637935527736e+00
6.053443841097456612e+01,7.595965917345512075e+00
6.055444412689340083e+01,8.312587261792346638e+00
6.057444984281223554e+01,8.080414958386134217e+00
6.059445555873107025e+01,6.816734420668883132e+00
6.061446127464990496e+01,8.675375255680743081e+00
6.063446699056873967e+01,8.614524941770531186e+00
6.065447270648756728e+01,8.735253998589811886e+00
6.067447842240640199e+01,8.781067104312567650e+00
6.069448413832523670e+01,9.090384453461572534e+00
6.071448985424407141e+01,1.007438129955792050e+01
6.073449557016290612e+01,9.965801166438028602e+00
6.075450128608174083e+01,1.111417783460799491e+01
6.077450700200057554e+01,1.116902071714298827e+01
6.079451271791941025e+01,1.223222208599409555e+01
6.081451843383824496e+01,1.123256449802458690e+01
6.083452414975707967e+01,1.254576516559360932e+01
6.085452986567590727e+01,1.366121135154443422e+01
6.087453558159474198e+01,1.340804680822719419e+01
6.089454129751357669e+01,1.433481199616454305e+01
6.091454701343241140e+01,1.567546496608396644e+01
6.093455272935124611e+01,1.597619018285769066e+01
6.095455844527008082e+01,1.683091459292010583e+01
6.097456416118891553e+01,1.906050944056738317e+01
6.099456987710775024e+01,1.883451157097041673e+01
6.101457559302658495e+01,1.970300191892711794e+01
6.103458130894541256e+01,2.040300436930275296e+01
6.105458702486424727e+01,2.042197761387027910e+01
6.107459274078308198e+01,1.992565319270859092e+01
6.109459845670191669e+01,2.011828384642785750e+01
6.111460417262075140e+01,2.044697347087036121e+01
6.113460988853958611e+01,2.079619034418784906e+01
6.115461560445842082e+01,1.923710410824755002e+01
6.117462132037725553e+01,1.996272400014632353e+01
6.119462703629609024e+01,1.951423640503320911e+01
6.121463275221492495e+01,1.727971878842891229e+01
6.123463846813375255e+01,1.673075513814987758e+01
6.125464418405258726e+01,1.632010871172779432e+01
6.127464989997142197e+01,1.598962729800989102e+01
6.129465561589025668e+01,1.580675880627086904e+01
6.131466133180909139e+01,1.551927910686066880e+01
6.133466704772792610e+01,1.369630644197793679e+01
6.135467276364676081e+01,1.440344039666915243e+01
6.137467847956559552e+01,1.487286699773948229e+01
6.139468419548443023e+01,1.395572803331008238e+01
6.141468991140325784e+01,1.449691449039035263e+01
6.143469562732209255e+01,1.383109678329969583e+01
6.145470134324092726e+01,1.302159996080177962e+01
6.147470705915976197e+01,1.381134437802755777e+01
6.149471277507859668e+01,1.455324693170200234e+01
6.151471849099743139e+01,1.401162908725775402e+01
6.153472420691626610e+01,1.525625509023632986e+01
6.155472992283510081e+01,1.425880593400193419e+01
6.157473563875393552e+01,1.476573047091832791e+01
6.159474135467276312e+01,1.410812586804967061e+01
6.161474707059159783e+01,1.452656342109676935e+01
6.163475278651043254e+01,1.518178609116292677e+01
6.165475850242926725e+01,1.425973443125627860e+01
6.167476421834810196e+01,1.551395850802116883e+01
6.169476993426693667e+01,1.495809563706995782e+01
6.171477565018577138e+01,1.411521884912534119e+01
6.173478136610460609e+01,1.309096841871557615e+01
6.175478708202344080e+01,1.377001416348448437e+01
6.177479279794227551e+01,1.221533279909857583e+01
6.179479851386110312e+01,1.153600566192085886e+01
6.181480422977993783e+01,1.195591751101920330e+01
6.183480994569877254e+01,1.097634913111482469e+01
6.185481566161760725e+01,1.158745608318230857e+01
6.187482137753644196e+01,9.397618439956563208e+00
6.189482709345527667e+01,9.727380858505881633e+00
6.191483280937411138e+01,8.774542103466330900e+00
6.193483852529294609e+01,8.937059891897300545e+00
6.195484424121178080e+01,9.833211747353480803e+00
6.197484995713060840e+01,9.647349782882489677e+00
6.199485567304944311e+01,9.342916744534269569e+00
6.201486138896827782e+01,8.476756715207370618e+00
6.203486710488711253e+01,7.468998217708880283e+00
6.205487282080594724e+01,8.619616211819044693e+00
6.207487853672478195e+01,8.311858131590749821e+00
6.209488425264361666e+01,8.694755952336743476e+00
6.211488996856245137e+01,9.121807588107030185e+00
6.213489568448128608e+01,7.833777896364893856e+00
6.215490140040011369e+01,8.629684181580927316e+00
6.217490711631894840e+01,7.240060239830651057e+00
6.219491283223778311e+01,7.574620837551830910e+00
6.221491854815661782e+01,7.237475225038076942e+00
6.223492426407545253e+01,7.622602339293299778e+00
6.225492997999428724e+01,7.485768561617630823e+00
6.227493569591312195e+01,8.239213394848817984e+00
6.229494141183195666e+01,7.871848263150073244e+00
6.231494712775079137e+01,8.769535729523488143e+00
6.233495284366962608e+01,8.048781805742036610e+00
6.235495855958845368e+01,7.715731650414854315e+00
6.237496427550728839e+01,9.014181290758257248e+00
6.239496999142612310e+01,8.287522896124229987e+00
6.241497570734495781e+01,9.260595934536059559e+00
6.243498142326379252e+01,9.987521895921590342e+00
6.245498713918262723e+01,9.001764537863882865e+00
6.247499285510146194e+01,9.517344928378012270e+00
6.249499857102029665e+01,9.817842705012845173e+00
6.251500428693913136e+01,9.250978035802205568e+00
6.253501000285795897e+01,9.612776280322274047e+00
6.255501571877679368e+01,9.172098319272299349e+00
6.257502143469562839e+01,1.088551325054099017e+01
6.259502715061446310e+01,1.043283587390907918e+01
6.261503286653329781e+01,9.909364728457786597e+00
6.263503858245213252e+01,1.166175266274338540e+01
6.265504429837096723e+01,1.144880335717522435e+01
6.267505001428980194e+01,1.093622516946204115e+01
6.269505573020863665e+01,1.025499756151104691e+01
6.271506144612747136e+01,1.165107842732189347e+01
6.273506716204629896e+01,1.171533295816797171e+01
6.275507287796513367e+01,1.076971154692567190e+01
6.277507859388396838e+01,1.115282290444806002e+01
6.279508430980280309e+01,1.179217680895115983e+01
6.281509002572163780e+01,1.054528242892419598e+01
6.283509574164047251e+01,1.151623838475635431e+01
6.285510145755930722e+01,1.075628202975293313e+01
6.287510717347814193e+01,1.185205190987900892e+01
6.289511288939697664e+01,1.130262895152294256e+01
6.291511860531580425e+01,1.179777817975760001e+01
6.293512432123463896e+01,1.064917012247520489e+01
6.295513003715347367e+01,1.223444164170373405e+01
6.297513575307230838e+01,1.115244292273091453e+01
6.299514146899114309e+01,1.083851115873392601e+01
6.301514718490997780e+01,1.225966353580883528e+01
6.303515290082881251e+01,1.195044556230041266e+01
6.305515861674764722e+01,1.216218555907577326e+01
6.307516433266648193e+01,1.207949477473111699e+01
6.309517004858530953e+01,1.144377724972181731e+01
6.311517576450414424e+01,1.324098131655693145e+01
6.313518148042297895e+01,1.191096997255018763e+01
6.315518719634181366e+01,1.245391857715504358e+01
6.317519291226064837e+01,1.376957619537768807e+01
6.319519862817948308e+01,1.391461908845366224e+01
6.321520434409831779e+01,1.247805274301543577e+01
6.323521006001715250e+01,1.392371436785339611e+01
6.325521577593598721e+01,1.367468500930126574e+01
6.327522149185482192e+01,1.376323311666552840e+01
6.329522720777364952e+01,1.374900352337413523e+01
6.331523292369248423e+01,1.325925124576430925e+01
6.333523863961131894e+01,1.364708138382742497e+01
6.335524435553015365e+01,1.257677607433680578e+01
6.337525007144898836e+01,1.157722588342688219e+01
6.339525578736782307e+01,1.125955815150329187e+01
6.341526150328665778e+01,1.211163734230280120e+01
6.343526721920549249e+01,1.023908972139655127e+01
6.345527293512432720e+01,1.128050789610091620e+01
6.347527865104315481e+01,1.001732700886670280e+01
6.349528436696198952e+01,9.090257362837501631e+00
6.351529008288082423e+01,9.256456596246980695e+00
6.353529579879965894e+01,8.276499922720999436e+00
6.355530151471849365e+01,8.543348423859692176e+00
6.357530723063732836e+01,7.889399496110448773e+00
6.359531294655616307e+01,7.474615182430714988e+00
6.361531866247499778e+01,8.910413103421770842e+00
6.363532437839383249e+01,7.698105183174540400e+00
6.365533009431266720e+01,7.148142535050062918e+00
6.367533581023149480e+01,7.140642117476051709e+00
6.369534152615032951e+01,8.146088381517767374e+00
6.371534724206916422e+01,7.427047495659312659e+00
6.373535295798799893e+01,7.504730827713061103e+00
6.375535867390683364e+01,7.586229218731032731e+00
6.377536438982566835e+01,6.429012917029060858e+00
6.379537010574450306e+01,6.959320848129684656e+00
6.381537582166333777e+01,7.432521630162304049e+00
6.383538153758217248e+01,6.786502700799584176e+00
6.385538725350100009e+01,6.839754009443679728e+00
6.387539296941983480e+01,7.209281892313898155e+00
6.389539868533866951e+01,6.463216157707436516e+00
6.391540440125750422e+01,7.108573613573453187e+00
6.393541011717633893e+01,6.758812263261892994e+00
6.395541583309517364e+01,7.095182857083741190e+00
6.397542154901400835e+01,6.769568628785865627e+00
6.399542726493284306e+01,6.721557920430067945e+00
6.401543298085167066e+01,6.256942758564094653e+00
6.403543869677051248e+01,7.023947016302535928e+00
6.405544441268934008e+01,6.511280697722058974e+00
6.407545012860816769e+01,5.808134297422849812e+00
6.409545584452700950e+01,7.032263114855668462e+00
6.411546156044585132e+01,6.074216449784128002e+00
6.413546727636467892e+01,6.870597804392516217e+00
6.415547299228350653e+01,6.427472842063524539e+00
6.417547870820234834e+01,5.608707276799645314e+00
6.419548442412119016e+01,6.373107624178246944e+00
6.421549014004001776e+01,7.023613288939474231e+00
6.423549585595884537e+01,5.860579854794188748e+00
6.425550157187768718e+01,6.309834395048416589e+00
6.427550728779651479e+01,5.397507991064630417e+00
6.429551300371534239e+01,6.116896454018936780e+00
6.431551871963418421e+01,6.387868437548893219e+00
6.433552443555302602e+01,6.976832191061466126e+00
6.435553015147185363e+01,6.369162122089302436e+00
6.437553586739068123e+01,7.021740169188413816e+00
6.439554158330952305e+01,5.620712734254595055e+00
6.441554729922835065e+01,6.606237446647974743e+00
6.443555301514717826e+01,6.480311971779910252e+00
6.445555873106602007e+01,6.362046723565638828e+00
6.447556444698486189e+01,5.323008736049816392e+00
6.449557016290368949e+01,5.473152540145600931e+00
6.451557587882251710e+01,5.333876612878939660e+00
6.453558159474135891e+01,7.000394653889488339e+00
6.455558731066020073e+01,6.486899772229280714e+00
6.457559302657902833e+01,6.624167187932503253e+00
6.459559874249785594e+01,6.002778749706675576e+00
6.461560445841669775e+01,6.713348493395211669e+00
6.463561017433552536e+01,5.421378649109704462e+00
6.465561589025435296e+01,5.364528063052680373e+00
6.467562160617319478e+01,5.109217345738573890e+00
6.469562732209203659e+01,6.934248642892571368e+00
6.471563303801086420e+01,6.875809574863473550e+00
6.473563875392969180e+01,6.973906874617351370e+00
6.475564446984853362e+01,6.649659467229147580e+00
6.477565018576737543e+01,6.601125686046042773e+00
6.479565590168618883e+01,6.407061595848152713e+00
6.481566161760503064e+01,5.676197886365391021e+00
6.483566733352387246e+01,6.745624404667323937e+00
6.485567304944270006e+01,5.469444995027236800e+00
6.487567876536152767e+01,5.186865505102177032e+00
6.489568448128036948e+01,5.563736787808660544e+00
6.491569019719921130e+01,5.270650728632653603e+00
6.493569591311803890e+01,5.618295692182730505e+00
6.495570162903686651e+01,5.118042184972959596e+00
6.497570734495570832e+01,6.015817612243917090e+00
6.499571306087453593e+01,6.798862856138938149e+00
6.501571877679336353e+01,6.027876956512163709e+00
6.503572449271220535e+01,5.463059643644030849e+00
6.505573020863104716e+01,6.354637041466130398e+00
6.507573592454987477e+01,5.795820622417045875e+00
6.509574164046870237e+01,6.946743124022908056e+00
6.511574735638754419e+01,6.252942390740743761e+00
6.513575307230638600e+01,6.509150051366838774e+00
6.515575878822521361e+01,6.204384787914129618e+00
6.517576450414404121e+01,5.225421821742506800e+00
6.519577022006288303e+01,6.881035415070097194e+00
6.521577593598171063e+01,6.702137622811626727e+00
6.523578165190053824e+01,6.482810242555892444e+00
6.525578736781938005e+01,6.649385593620467994e+00
6.527579308373822187e+01,5.853019524296860787e+00
6.529579879965704947e+01,5.572992676763428577e+00
6.531580451557587708e+01,5.621863030449257614e+00
6.533581023149471889e+01,7.016884525278531015e+00
6.535581594741354650e+01,6.054108071134225000e+00
6.537582166333237410e+01,6.605461513397655082e+00
6.539582737925121592e+01,6.198030053133236628e+00
6.541583309517005773e+01,5.255460057952224595e+00
6.543583881108888534e+01,6.374412192103759089e+00
6.545584452700771294e+01,6.711219003034321950e+00
6.547585024292655476e+01,6.031815551280485188e+00
6.549585595884539657e+01,5.737974797828125695e+00
6.551586167476422418e+01,6.919924693814757610e+00
6.553586739068305178e+01,6.206370112513881487e+00
6.555587310660189360e+01,6.415558836952136801e+00
6.557587882252072120e+01,5.448981769054738855e+00
6.559588453843954881e+01,6.217637140828207620e+00
6.561589025435839062e+01,6.202544357080182813e+00
6.563589597027723244e+01,6.616145847923015744e+00
6.565590168619606004e+01,5.531870387000612510e+00
6.567590740211488765e+01,5.534347377868848561e+00
6.569591311803372946e+01,6.483349078777148833e+00
6.571591883395257128e+01,7.042066143755948637e+00
6.573592454987138467e+01,7.010864234360554725e+00
6.575593026579022649e+01,5.836729544537105241e+00
6.577593598170906830e+01,6.867135256331969195e+00
6.579594169762789591e+01,7.089026593200969728e+00
6.581594741354672351e+01,6.980771414379163708e+00
6.583595312946556533e+01,6.481168132258184222e+00
6.585595884538440714e+01,6.343238276014735888e+00
6.587596456130323475e+01,6.898375545202942938e+00
6.589597027722206235e+01,7.128943563415636397e+00
6.591597599314090417e+01,7.422151645845246115e+00
6.593598170905973177e+01,6.765321427083240025e+00
6.595598742497855937e+01,8.558329554388288685e+00
6.597599314089740119e+01,8.221823817830054892e+00
6.599599885681624301e+01,9.214962734564521085e+00
6.601600457273507061e+01,9.145967927086946503e+00
6.603601028865389821e+01,8.985823580943275601e+00
6.605601600457274003e+01,8.779409719338213236e+00
6.607602172049158185e+01,1.056983409650353778e+01
6.609602743641040945e+01,9.841775365524517483e+00
6.611603315232923705e+01,1.127743670805335086e+01
6.613603886824807887e+01,1.012272972336710097e+01
6.615604458416690647e+01,1.079500251066457217e+01
6.617605030008573408e+01,1.233392685326571758e+01
6.619605601600457589e+01,1.300434160789041904e+01
6.621606173192341771e+01,1.353428766433866670e+01
6.623606744784224531e+01,1.348342042800938501e+01
6.625607316376107292e+01,1.339891466243917861e+01
6.627607887967991473e+01,1.460942133222011385e+01
6.629608459559874234e+01,1.403945762716450574e+01
6.631609031151756994e+01,1.576577499389439296e+01
6.633609602743641176e+01,1.447375519567414237e+01
6.635610174335525357e+01,1.539262923918961334e+01
6.637610745927408118e+01,1.544637192880085408e+01
6.639611317519290878e+01,1.516509332252437048e+01
6.641611889111175060e+01,1.487513428687135786e+01
6.643612460703059241e+01,1.641554027753703338e+01
6.645613032294942002e+01,1.482711968710848538e+01
6.647613603886824762e+01,1.643743501500049575e+01
6.649614175478708944e+01,1.533419606257254841e+01
6.651614747070591704e+01,1.498524391335364569e+01
6.653615318662474465e+01,1.440799890868478350e+01
6.655615890254358646e+01,1.429858476775605958e+01
6.657616461846242828e+01,1.400250573011610911e+01
6.659617033438125588e+01,1.303178757002571864e+01
6.661617605030008349e+01,1.259540630534951156e+01
6.663618176621892530e+01,1.224881618237104064e+01
6.665618748213776712e+01,1.317811824839912838e+01
6.667619319805658051e+01,1.232033693382438422e+01
6.669619891397542233e+01,1.260367201679743410e+01
6.671620462989426414e+01,1.125167307030220698e+01
6.673621034581309175e+01,1.060433496558505340e+01
6.675621606173191935e+01,1.152914047606826387e+01
6.677622177765076117e+01,1.078313701753842047e+01
6.679622749356960298e+01,1.021012445897836329e+01
6.681623320948843059e+01,1.065239381806998686e+01
6.683623892540725819e+01,1.104458953806123489e+01
6.685624464132610001e+01,1.029056680685747871e+01
6.687625035724492761e+01,9.460311652403220251e+00
6.689625607316375522e+01,8.988727149374451386e+00
6.691626178908259703e+01,9.716638262212152100e+00
6.693626750500143885e+01,9.262592314146903760e+00
6.695627322092026645e+01,9.512481262953814465e+00
6.697627893683909406e+01,1.021378542147419743e+01
6.699628465275793587e+01,8.840372023133491908e+00
6.701629036867677769e+01,8.975758069364214720e+00
6.703629608459560529e+01,9.984601479501913346e+00
6.705630180051443290e+01,9.063520161300948175e+00
6.707630751643327471e+01,8.030297764149707973e+00
6.709631323235210232e+01,8.547699455027995441e+00
6.711631894827092992e+01,8.045340555274878014e+00
6.713632466418977174e+01,8.119959500053482770e+00
6.715633038010861355e+01,8.112940517673632002e+00
6.717633609602744116e+01,8.795373497945400132e+00
6.719634181194626876e+01,7.361174155346822623e+00
6.721634752786511058e+01,7.967771927150642419e+00
6.723635324378393818e+01,6.834115765664072306e+00
6.725635895970276579e+01,7.868539955066012226e+00
6.727636467562160760e+01,7.395143391368313779e+00
6.729637039154044942e+01,6.464291495022347789e+00
6.731637610745927702e+01,7.386226765793710847e+00
6.733638182337810463e+01,6.823805825492567756e+00
6.735638753929694644e+01,7.185785331411575605e+00
6.737639325521578826e+01,7.002748385577945101e+00
6.739639897113461586e+01,5.756655556130214180e+00
6.741640468705344347e+01,6.258470080214790343e+00
6.743641040297228528e+01,6.057357356603998433e+00
6.745641611889111289e+01,5.847928940528875685e+00
6.747642183480994049e+01,6.515881897936124822e+00
6.749642755072878231e+01,6.647785605624864758e+00
6.751643326664762412e+01,6.020933873050005047e+00
6.753643898256645173e+01,6.803699668152384916e+00
6.755644469848527933e+01,6.875567882739276548e+00
6.757645041440412115e+01,7.239322167846800937e+00
6.759645613032296296e+01,6.465868749189034759e+00
6.761646184624177636e+01,5.495123311410236688e+00
6.763646756216061817e+01,6.289210492294859733e+00
6.765647327807945999e+01,5.338709292861698152e+00
6.767647899399828759e+01,5.672706046690282555e+00
6.769648470991711520e+01,6.218921543655003603e+00
6.771649042583595701e+01,6.127004885685649604e+00
6.773649614175479883e+01,7.193690027797465802e+00
6.775650185767362643e+01,6.567334109731888248e+00
6.777650757359245404e+01,6.928346877586672115e+00
6.779651328951129585e+01,6.452485712509012039e+00
6.781651900543012346e+01,6.649978180444197307e+00
6.783652472134895106e+01,6.650989197444056700e+00
6.785653043726779288e+01,5.848669369083943081e+00
6.787653615318663469e+01,5.751534387052682717e+00
6.789654186910546230e+01,6.194677815935359710e+00
6.791654758502428990e+01,5.818085595251857534e+00
6.793655330094313172e+01,6.539817066586170569e+00
6.795655901686197353e+01,6.531245693515675299e+00
6.797656473278080114e+01,6.277945579137012899e+00
6.799657044869962874e+01,7.061627712562817294e+00
6.801657616461847056e+01,5.856417597265125785e+00
6.803658188053729816e+01,6.586363079931522257e+00
6.805658759645612577e+01,5.914525109650605295e+00
6.807659331237496758e+01,5.467864398159172801e+00
6.809659902829380940e+01,6.787723867811365608e+00
6.811660474421263700e+01,6.257742934210456021e+00
6.813661046013146461e+01,5.476924477821283332e+00
6.815661617605030642e+01,5.577410329186348825e+00
6.817662189196913403e+01,5.455889368675417295e+00
6.819662760788796163e+01,5.650790379089948523e+00
6.821663332380680345e+01,7.091100208632722612e+00
6.823663903972564526e+01,6.851416085335571005e+00
6.825664475564447287e+01,6.943427876480847694e+00
6.827665047156330047e+01,6.875678938217678393e+00
6.829665618748214229e+01,6.525503177705192392e+00
6.831666190340098410e+01,6.184151436327152140e+00
6.833666761931981171e+01,6.410097232411127166e+00
6.835667333523863931e+01,7.494767416721896502e+00
6.837667905115748113e+01,7.318413912425795864e+00
6.839668476707630873e+01,7.080493091445810627e+00
6.841669048299513634e+01,5.868747534540807997e+00
6.843669619891397815e+01,6.255353363755665086e+00
6.845670191483281997e+01,6.269299441747902435e+00
6.847670763075164757e+01,7.143924718842633581e+00
6.849671334667047518e+01,7.577423745885931261e+00
6.851671906258931699e+01,7.827565670355916438e+00
6.853672477850815881e+01,6.945288980040649207e+00
6.855673049442697220e+01,8.129632590206751885e+00
6.857673621034581402e+01,7.371600767082215455e+00
6.859674192626465583e+01,8.108861619245237407e+00
6.861674764218348344e+01,6.976181564446142680e+00
6.863675335810231104e+01,8.733664675467574412e+00
6.865675907402115286e+01,7.744590071713063573e+00
6.867676478993999467e+01,8.844823855121482836e+00
6.869677050585882228e+01,9.045493810537594825e+00
6.871677622177764988e+01,9.448194780605907894e+00
6.873678193769649170e+01,9.952900701328415423e+00
6.875678765361531930e+01,1.021652029571550280e+01
6.877679336953414690e+01,1.042439139546567972e+01
6.879679908545298872e+01,1.072019088791773811e+01
6.881680480137183054e+01,1.070090244788421252e+01
6.883681051729065814e+01,1.164315604820697914e+01
6.885681623320948574e+01,1.102880973042548796e+01
6.887682194912832756e+01,1.149120749795449647e+01
6.889682766504716938e+01,1.120855290856060726e+01
6.891683338096599698e+01,1.189432480589620589e+01
6.893683909688482458e+01,1.171590726950069872e+01
6.895684481280366640e+01,1.280722726766842356e+01
6.897685052872249400e+01,1.379256002738095432e+01
6.899685624464132161e+01,1.446695282001976146e+01
6.901686196056016342e+01,1.423548517993934404e+01
6.903686767647900524e+01,1.494056882639445583e+01
6.905687339239783284e+01,1.396439378441473167e+01
6.907687910831666045e+01,1.436189796803036245e+01
6.909688482423550226e+01,1.521943910626771235e+01
6.911689054015432987e+01,1.488888965329995528e+01
6.913689625607315747e+01,1.551065280466727359e+01
6.915690197199199929e+01,1.646481901254046321e+01
6.917690768791084110e+01,1.598486908628360581e+01
6.919691340382966871e+01,1.753561171057337731e+01
6.921691911974849631e+01,1.777479957394313104e+01
6.923692483566733813e+01,1.649430011806128249e+01
6.925693055158617994e+01,1.722766145489319456e+01
6.927693626750500755e+01,1.643609175597998373e+01
6.929694198342383515e+01,1.645544727951752861e+01
6.931694769934267697e+01,1.681528782889228424e+01
6.933695341526150457e+01,1.675265216579084893e+01
6.935695913118033218e+01,1.609225918182108117e+01
6.937696484709917399e+01,1.697282048868640913e+01
6.939697056301801581e+01,1.598178049912848842e+01
6.941697627893684341e+01,1.572589640426418001e+01
6.943698199485567102e+01,1.525368292213590493e+01
6.945698771077451283e+01,1.623545935266093565e+01
6.947699342669335465e+01,1.485507968083699737e+01
6.949699914261216804e+01,1.540377421494687660e+01
6.951700485853100986e+01,1.456542477062846253e+01
6.953701057444985167e+01,1.473757506570845521e+01
6.955701629036867928e+01,1.420025246085496207e+01
6.957702200628750688e+01,1.399852309199613742e+01
6.959702772220634870e+01,1.381278949289687219e+01
6.961703343812519051e+01,1.276907721306117516e+01
6.963703915404401812e+01,1.261170007533372939e+01
6.965704486996284572e+01,1.158986607502910715e+01
6.967705058588168754e+01,1.280511549322425502e+01
6.969705630180051514e+01,1.082913300975579141e+01
6.971706201771934275e+01,1.053918786490894099e+01
6.973706773363818456e+01,1.043966010949440459e+01
6.975707344955702638e+01,1.019311569161411946e+01
6.977707916547585398e+01,1.001616362233011337e+01
6.979708488139468159e+01,1.149477104202631850e+01
6.981709059731352340e+01,1.009577285172406036e+01
6.983709631323236522e+01,1.023776596108023362e+01
6.985710202915119282e+01,9.326086947416767359e+00
6.987710774507002043e+01,9.352473165460127191e+00
6.989711346098886224e+01,1.017748488782177141e+01
6.991711917690768985e+01,1.040118166916005116e+01
6.993712489282651745e+01,1.022281214961289031e+01
6.995713060874535927e+01,9.070091045855885881e+00
6.997713632466420108e+01,9.373294573561970822e+00
6.999714204058302869e+01,9.489668299458772438e+00
7.001714775650185629e+01,9.970239773262198568e+00
7.003715347242069811e+01,9.793090681686285492e+00
7.005715918833952571e+01,8.402147271041746635e+00
7.007716490425835332e+01,9.418495154675495584e+00
7.009717062017719513e+01,9.693841663120835506e+00
7.011717633609603695e+01,7.880548223909748629e+00
7.013718205201486455e+01,8.270380980114971692e+00
7.015718776793369216e+01,7.410969284515047661e+00
7.017719348385253397e+01,9.132562617599116805e+00
7.019719919977137579e+01,8.758424461772811753e+00
7.021720491569020339e+01,8.568820535907368807e+00
7.023721063160903100e+01,7.159127516439857786e+00
7.025721634752787281e+01,8.049958253972599564e+00
7.027722206344670042e+01,8.285913595687095068e+00
7.029722777936552802e+01,7.979736536968658811e+00
7.031723349528436984e+01,7.814030426935562268e+00
7.033723921120321165e+01,6.735677512371538000e+00
7.035724492712203926e+01,6.655954478056428592e+00
7.037725064304086686e+01,6.886890045035339192e+00
7.039725635895970868e+01,7.211269207341091558e+00
7.041726207487855049e+01,7.028691017002696384e+00
7.043726779079736389e+01,6.002743277105939690e+00
7.045727350671620570e+01,6.400401983457427946e+00
7.047727922263504752e+01,7.171583392682466140e+00
7.049728493855387512e+01,6.061180424215420359e+00
7.051729065447270273e+01,6.937059462034233626e+00
7.053729637039154454e+01,7.270605845098766729e+00
7.055730208631038636e+01,6.738294247573758611e+00
7.057730780222921396e+01,6.487444286709167507e+00
7.059731351814804157e+01,7.267778113585413813e+00
7.061731923406688338e+01,5.485942774392263743e+00
7.063732494998571099e+01,5.734246737550874329e+00
7.065733066590453859e+01,5.776879263807559894e+00
7.067733638182338041e+01,6.117631716853227708e+00
7.069734209774222222e+01,7.023651581782618614e+00
7.071734781366104983e+01,6.553151556128298694e+00
7.073735352957987743e+01,5.918913306082019155e+00
7.075735924549871925e+01,6.967571117816561355e+00
7.077736496141756106e+01,5.969408712186039523e+00
7.079737067733638867e+01,6.419307378250970864e+00
7.081737639325521627e+01,5.431451809189038471e+00
7.083738210917405809e+01,6.334095940463605245e+00
7.085738782509288569e+01,6.839367612986252176e+00
7.087739354101171330e+01,6.979444587770768926e+00
7.089739925693055511e+01,6.097440512368495824e+00
7.091740497284939693e+01,6.189328445908292231e+00
7.093741068876822453e+01,6.902406695006792603e+00
7.095741640468705214e+01,6.600055771730199083e+00
7.097742212060589395e+01,6.681054310851817668e+00
7.099742783652472156e+01,6.378781658872644478e+00
7.101743355244354916e+01,7.015843023954482227e+00
7.103743926836239098e+01,6.308531979086907882e+00
7.105744498428123279e+01,7.074816532449004214e+00
7.107745070020006040e+01,7.158168267895584691e+00
7.109745641611888800e+01,7.129033863551723194e+00
7.111746213203772982e+01,6.364014094797918908e+00
7.113746784795657163e+01,7.024144130416572374e+00
7.115747356387539924e+01,5.498943932433180137e+00
7.117747927979422684e+01,5.813519539236263967e+00
7.119748499571306866e+01,6.016973008867577022e+00
7.121749071163189626e+01,6.660457119082752619e+00
7.123749642755072387e+01,5.508678644163945926e+00
7.125750214346956568e+01,5.835854341929151090e+00
7.127750785938840750e+01,6.394440556100777329e+00
7.129751357530723510e+01,5.980195184818329679e+00
7.131751929122606271e+01,7.074724328182939281e+00
7.133752500714490452e+01,6.066183571159559307e+00
7.135753072306374634e+01,7.042850135093103425e+00
7.137753643898255973e+01,6.468278348790271082e+00
7.139754215490140155e+01,7.289291881249395644e+00
7.141754787082024336e+01,7.268501577397506352e+00
7.143755358673907097e+01,7.542778045164004297e+00
7.145755930265789857e+01,6.539804504501489646e+00
7.147756501857674039e+01,6.381279574555689393e+00
7.149757073449558220e+01,7.063250945468857900e+00
7.151757645041440981e+01,7.931026174817151109e+00
7.153758216633323741e+01,7.020832341471101579e+00
7.155758788225207923e+01,7.058542458510379980e+00
7.157759359817090683e+01,6.886287141558169012e+00
7.159759931408973443e+01,8.625998154173098342e+00
7.161760503000857625e+01,7.656771866021848005e+00
7.163761074592741807e+01,8.389091907406344362e+00
7.165761646184624567e+01,8.838920594021978161e+00
7.167762217776507327e+01,9.142220208992641872e+00
7.169762789368391509e+01,8.732290523198454224e+00
7.171763360960275691e+01,9.021029205500422421e+00
7.173763932552158451e+01,9.382575328569776829e+00
7.175764504144041211e+01,9.314831479794689173e+00
7.177765075735925393e+01,9.730875004345550749e+00
7.179765647327808153e+01,9.846661770071316155e+00
7.181766218919690914e+01,9.656886102013793050e+00
7.183766790511575095e+01,8.722327837684554552e+00
7.185767362103459277e+01,9.887638694748698498e+00
7.187767933695342037e+01,9.408347755087882902e+00
7.189768505287224798e+01,8.971839443464332930e+00
7.191769076879108979e+01,8.360954205989795440e+00
7.193769648470991740e+01,8.668285203047286558e+00
7.195770220062874500e+01,9.448411852230538699e+00
7.197770791654758682e+01,8.364625869361118404e+00
7.199771363246642863e+01,9.681345841750461645e+00
7.201771934838525624e+01,8.712186174551447948e+00
7.203772506430408384e+01,8.869433799052927725e+00
7.205773078022292566e+01,9.765588995118868354e+00
7.207773649614176747e+01,9.868786068607869666e+00
7.209774221206059508e+01,9.685536535965276528e+00
7.211774792797942268e+01,9.717466275425284294e+00
7.213775364389826450e+01,1.077388394494941970e+01
7.215775935981709210e+01,1.058662159660839386e+01
7.217776507573591971e+01,1.198058665798688516e+01
7.219777079165476152e+01,1.191651583595547592e+01
7.221777650757360334e+01,1.137191742563169328e+01
7.223778222349243094e+01,1.333336952447526613e+01
7.225778793941125855e+01,1.216547680624709216e+01
7.227779365533010036e+01,1.321779931897060401e+01
7.229779937124894218e+01,1.237126221848836671e+01
7.231780508716775557e+01,1.318776604842581079e+01
7.233781080308659739e+01,1.326875476722129932e+01
7.235781651900543920e+01,1.278879296220658368e+01
7.237782223492426681e+01,1.247959171116506560e+01
7.239782795084309441e+01,1.278691942860565334e+01
7.241783366676193623e+01,1.177047349421833999e+01
7.243783938268077804e+01,1.181711403025085438e+01
7.245784509859960565e+01,1.105613026756883599e+01
7.247785081451843325e+01,1.057351774908492636e+01
7.249785653043727507e+01,1.132760377645381844e+01
7.251786224635610267e+01,9.667227371874561825e+00
7.253786796227493028e+01,9.947035431885371537e+00
7.255787367819377209e+01,1.020365296126088595e+01
7.257787939411261391e+01,9.405481086655123946e+00
7.259788511003144151e+01,8.683508985669890379e+00
7.261789082595026912e+01,7.926084010864120621e+00
7.263789654186911093e+01,8.024210142867191919e+00
7.265790225778795275e+01,7.204305784056919570e+00
7.267790797370678035e+01,7.775355882631319382e+00
7.269791368962560796e+01,7.462084716958838015e+00
7.271791940554444977e+01,7.329526326823954108e+00
7.273792512146327738e+01,6.330609908257015306e+00
7.275793083738210498e+01,7.715658237642013084e+00
7.277793655330094680e+01,6.886928711647597012e+00
7.279794226921978861e+01,7.707677966244613543e+00
7.281794798513861622e+01,7.324084692269527963e+00
7.283795370105744382e+01,7.177646144028674513e+00
7.285795941697628564e+01,6.409429278575908384e+00
7.287796513289511324e+01,6.849824396693207085e+00
7.289797084881394085e+01,6.205069833555238112e+00
7.291797656473278266e+01,6.490956183237329924e+00
7.293798228065162448e+01,6.501065621484751311e+00
7.295798799657045208e+01,5.975319867442919985e+00
7.297799371248927969e+01,6.774816211581027758e+00
7.299799942840812150e+01,7.144556940014784807e+00
7.301800514432696332e+01,5.890300357201885717e+00
7.303801086024579092e+01,6.024851286573808196e+00
7.305801657616461853e+01,6.456937905560288016e+00
7.307802229208346034e+01,6.887199087649545248e+00
7.309802800800228795e+01,7.072755116811640264e+00
7.311803372392111555e+01,7.708270976696653953e+00
7.313803943983995737e+01,7.653571010540367148e+00
7.315804515575879918e+01,6.690290178209409078e+00
7.317805087167762679e+01,7.392928245721325453e+00
7.319805658759645439e+01,7.449652497005199159e+00
7.321806230351529621e+01,7.805468219321824108e+00
7.323806801943413802e+01,6.812338363898037485e+00
7.325807373535295142e+01,7.936347259277636290e+00
7.327807945127179323e+01,8.067613349131997680e+00
7.329808516719063505e+01,7.737264725809891885e+00
7.331809088310946265e+01,7.017690845831349833e+00
7.333809659902829026e+01,8.244051675882923647e+00
7.335810231494713207e+01,7.184012163129646744e+00
7.337810803086597389e+01,8.107225541011526815e+00
7.339811374678480149e+01,7.855919142100086461e+00
7.341811946270362910e+01,7.700727197598983942e+00
7.343812517862247091e+01,8.999203819213883904e+00
7.345813089454129852e+01,7.484497035990634650e+00
7.347813661046012612e+01,8.236556011125710342e+00
7.349814232637896794e+01,8.196284873474047217e+00
7.351814804229780975e+01,7.792149950549763560e+00
7.353815375821663736e+01,8.693547405690976504e+00
7.355815947413546496e+01,7.574435531931427157e+00
7.357816519005430678e+01,8.368594951533060211e+00
7.359817090597314859e+01,7.333779302974170911e+00
7.361817662189197620e+01,8.316728613918694890e+00
7.363818233781080380e+01,7.638079195011478362e+00
7.365818805372964562e+01,7.947810283913793405e+00
7.367819376964847322e+01,8.283888550782592120e+00
7.369819948556730083e+01,8.145416694780175604e+00
7.371820520148614264e+01,6.414884200383850654e+00
7.373821091740498446e+01,6.215397311994856011e+00
7.375821663332381206e+01,7.811778303724508987e+00
7.377822234924263967e+01,6.384247254413976336e+00
7.379822806516148148e+01,7.271737231229896459e+00
7.381823378108030909e+01,6.952427195989138831e+00
7.383823949699913669e+01,7.482114061794520765e+00
7.385824521291797851e+01,7.294053657446468719e+00
7.387825092883682032e+01,6.697029562141312731e+00
7.389825664475564793e+01,6.226587384951560722e+00
7.391826236067447553e+01,7.314476334492455045e+00
7.393826807659331735e+01,6.697098769819161745e+00
7.395827379251215916e+01,7.194155008715259036e+00
7.397827950843098677e+01,5.988168245844883941e+00
7.399828522434981437e+01,6.785939038948189506e+00
7.401829094026865619e+01,6.012182949177496738e+00
7.403829665618748379e+01,6.067628690341834385e+00
7.405830237210632561e+01,5.776751253431203992e+00
7.407830808802515321e+01,5.786988501480292868e+00
7.409831380394398082e+01,6.011273681012485604e+00
7.411831951986282263e+01,5.637263034743184242e+00
7.413832523578165024e+01,7.035625594160018537e+00
7.415833095170049205e+01,5.317014679567337865e+00
7.417833666761931966e+01,6.587091840705536328e+00
7.419834238353816147e+01,6.906339814866780280e+00
7.421834809945698908e+01,5.422912266275648818e+00
7.423835381537583089e+01,5.237217407488345522e+00
7.425835953129465850e+01,5.416966765493663516e+00
7.427836524721348610e+01,6.308294234651939725e+00
7.429837096313232792e+01,5.731360614535542908e+00
7.431837667905115552e+01,5.212843034297803158e+00
7.433838239496999734e+01,5.848809441447158974e+00
7.435838811088882494e+01,5.751275905716961567e+00
7.437839382680766676e+01,6.793350981519808762e+00
7.439839954272649436e+01,6.841755375712913256e+00
7.441840525864533618e+01,5.413612984358571190e+00
7.443841097456416378e+01,5.242591050401594011e+00
7.445841669048300560e+01,6.940117529003979158e+00
7.447842240640183320e+01,5.860518893110907790e+00
7.449842812232066080e+01,5.301949887287493723e+00
7.451843383823950262e+01,6.002974690187716789e+00
7.453843955415833022e+01,5.854007767953883778e+00
7.455844527007717204e+01,6.772797774965146012e+00
7.457845098599599964e+01,6.013143480804433061e+00
7.459845670191484146e+01,6.941125585129644726e+00
7.461846241783366906e+01,6.173862729286016204e+00
7.463846813375251088e+01,7.024056672265840184e+00
7.465847384967133848e+01,6.214046980972533163e+00
7.467847956559016609e+01,7.276106595709216585e+00
7.469848528150900790e+01,7.015318627667895157e+00
7.471849099742783551e+01,5.937702755128969834e+00
7.473849671334667732e+01,6.177776339272016415e+00
7.475850242926550493e+01,6.477355245811157403e+00
7.477850814518434674e+01,7.475351765071365229e+00
7.479851386110317435e+01,6.311557393892049284e+00
7.481851957702201616e+01,7.177722691392601106e+00
7.483852529294084377e+01,6.444941225349109182e+00
7.485853100885967137e+01,7.314408451464687211e+00
7.487853672477851319e+01,5.788977066385926129e+00
7.489854244069734079e+01,5.588736348635430673e+00
7.491854815661618261e+01,5.614600231047928602e+00
7.493855387253501021e+01,6.995626811899815500e+00
7.495855958845385203e+01,5.594395566086204141e+00
7.497856530437267963e+01,7.032040586765829104e+00
7.499857102029152145e+01,5.838589446537968186e+00
7.501857673621034905e+01,6.667040174454236912e+00
7.503858245212917666e+01,7.419333605470725068e+00
7.505858816804801847e+01,7.156158298312728760e+00
7.507859388396684608e+01,6.163265771306176255e+00
7.509859959988568789e+01,7.330942945248462905e+00
7.511860531580451550e+01,7.325131100180893640e+00
7.513861103172335731e+01,6.421344606595174476e+00
7.515861674764218492e+01,6.679743280536500016e+00
7.517862246356102673e+01,6.792326981206306513e+00
7.519862817947985434e+01,5.803921226640455622e+00
7.521863389539868194e+01,6.220201721587669041e+00
7.523863961131752376e+01,5.839656638870870609e+00
7.525864532723635136e+01,6.744614611462698583e+00
7.527865104315519318e+01,5.978287605373257207e+00
7.529865675907402078e+01,7.385424694365038789e+00
7.531866247499286260e+01,7.078914822902032888e+00
7.533866819091169020e+01,7.173111897116676516e+00
7.535867390683053202e+01,6.650743911558581800e+00
7.537867962274935962e+01,6.217696007641390743e+00
7.539868533866820144e+01,7.593586986177402132e+00
7.541869105458702904e+01,7.833361057935841032e+00
7.543869677050585665e+01,7.049237378745926819e+00
7.545870248642469846e+01,7.959501471115103755e+00
7.547870820234352607e+01,6.682088378930167494e+00
7.549871391826236788e+01,7.738732146023157732e+00
7.551871963418119549e+01,7.070496360516227874e+00
7.553872535010003730e+01,6.683495199738748838e+00
7.555873106601886491e+01,8.032382087036491924e+00
7.557873678193770672e+01,7.828363897066790145e+00
7.559874249785653433e+01,7.053049357151965459e+00
7.561874821377536193e+01,7.929795130472204967e+00
7.563875392969420375e+01,7.127005387543058568e+00
7.565875964561303135e+01,8.436503053265345997e+00
7.567876536153187317e+01,7.608519047270991820e+00
7.569877107745070077e+01,8.018487734355899121e+00
7.571877679336954259e+01,9.249342850158551954e+00
7.573878250928837019e+01,8.370860530788549525e+00
7.575878822520721201e+01,8.843959135438820951e+00
7.577879394112603961e+01,8.380980835096154991e+00
7.579879965704486722e+01,9.486104728205116743e+00
7.581880537296370903e+01,9.670110264872668893e+00
7.583881108888253664e+01,9.191592637311408964e+00
7.585881680480137845e+01,9.804310322785855902e+00
7.587882252072020606e+01,1.090698610667640267e+01
7.589882823663904787e+01,1.137621590145855066e+01
7.591883395255787548e+01,1.177979137353282191e+01
7.593883966847671729e+01,1.118011472942350437e+01
7.595884538439554490e+01,1.181087962008427539e+01
7.597885110031437250e+01,1.111086460060074899e+01
7.599885681623321432e+01,1.193336450183697828e+01
7.601886253215204192e+01,1.242929578508858235e+01
7.603886824807088374e+01,1.277118146014632316e+01
7.605887396398971134e+01,1.373367515691978902e+01
7.607887967990855316e+01,1.296062953060906686e+01
7.609888539582738076e+01,1.261272408515955590e+01
7.611889111174622258e+01,1.307413889540174878e+01
7.613889682766505018e+01,1.377465672401655716e+01
7.615890254358387779e+01,1.339538874133591229e+01
7.617890825950271960e+01,1.381245226656522895e+01
7.619891397542154721e+01,1.364198870225653693e+01
7.621891969134038902e+01,1.414202393489757981e+01
7.623892540725921663e+01,1.411267480338899283e+01
7.625893112317805844e+01,1.500021140644479622e+01
7.627893683909688605e+01,1.480933247339665648e+01
7.629894255501572786e+01,1.517216576132380546e+01
7.631894827093455547e+01,1.426944894683286869e+01
7.633895398685339728e+01,1.577440176106445158e+01
7.635895970277222489e+01,1.395463510384739259e+01
7.637896541869105249e+01,1.493521206340629703e+01
7.639897113460989431e+01,1.579570100736094318e+01
7.641897685052872191e+01,1.464992262732955375e+01
7.643898256644756373e+01,1.573810190024534528e+01
7.645898828236639133e+01,1.570353331696582977e+01
7.647899399828523315e+01,1.427583680509611064e+01
7.649899971420406075e+01,1.503817494357917361e+01
7.651900543012290257e+01,1.596613045722759949e+01
7.653901114604173017e+01,1.461760997361550274e+01
7.655901686196055778e+01,1.458912231255017389e+01
7.657902257787939959e+01,1.578430060720000228e+01
7.659902829379822720e+01,1.501318208879771099e+01
7.661903400971706901e+01,1.571557403741967462e+01
7.663903972563589662e+01,1.470402318846659284e+01
7.665904544155473843e+01,1.559277498503480608e+01
7.667905115747356604e+01,1.511847129276954860e+01
7.669905687339240785e+01,1.591031827430644618e+01
7.671906258931123546e+01,1.594237635714002366e+01
7.673906830523006306e+01,1.579755469411532509e+01
7.675907402114890488e+01,1.619705582056133153e+01
7.677907973706773248e+01,1.642938690312425720e+01
7.679908545298657430e+01,1.632382454056165955e+01
7.681909116890540190e+01,1.658733024657501076e+01
7.683909688482424372e+01,1.715183298874030626e+01
7.685910260074307132e+01,1.684108293066859474e+01
7.687910831666191314e+01,1.705654378163107410e+01
7.689911403258074074e+01,1.683688937734093827e+01
7.691911974849956835e+01,1.678874015929525143e+01
7.693912546441841016e+01,1.622685928786133047e+01
7.695913118033723777e+01,1.729853313132396408e+01
7.697913689625607958e+01,1.668633524770224241e+01
7.699914261217490719e+01,1.706493719637554918e+01
7.701914832809374900e+01,1.576894962735029182e+01
7.703915404401257661e+01,1.601258064929596259e+01
7.705915975993141842e+01,1.473037707014213638e+01
7.707916547585024603e+01,1.470713783625512683e+01
7.709917119176907363e+01,1.456148560302215600e+01
7.711917690768791545e+01,1.392139821514978415e+01
7.713918262360674305e+01,1.427496887046942575e+01
7.715918833952558487e+01,1.261813930369213566e+01
7.717919405544441247e+01,1.279919323617443716e+01
7.719919977136325429e+01,1.216575222414555313e+01
7.721920548728208189e+01,1.292669207840342338e+01
7.723921120320092371e+01,1.163674177112661567e+01
7.725921691911975131e+01,1.244449216067040709e+01
7.727922263503859313e+01,1.122781082259003682e+01
7.729922835095742073e+01,1.187255684601671035e+01
7.731923406687624833e+01,1.162627894340314683e+01
7.733923978279509015e+01,1.035872109630639315e+01
7.735924549871391775e+01,1.036313187382465983e+01
7.737925121463275957e+01,1.120098548219694834e+01
7.739925693055158717e+01,1.064499492635793665e+01
7.741926264647042899e+01,1.149635200345694663e+01
7.743926836238925659e+01,1.016176394901300206e+01
7.745927407830809841e+01,1.008543551215015199e+01
7.747927979422692601e+01,1.061202658275723465e+01
7.749928551014575362e+01,9.924880016056684795e+00
7.751929122606459543e+01,9.637223984503432206e+00
7.753929694198342304e+01,1.030164424991858496e+01
7.755930265790226485e+01,9.960192058312651753e+00
7.757930837382109246e+01,8.876299189456771543e+00
7.759931408973993427e+01,9.253362727824091749e+00
7.761931980565876188e+01,9.086653184156011420e+00
7.763932552157760369e+01,9.665304428573433526e+00
7.765933123749643130e+01,8.283775843872930977e+00
7.767933695341525890e+01,9.332395352943692046e+00
7.769934266933410072e+01,7.574025327752266001e+00
7.771934838525292832e+01,7.254501339022611184e+00
7.773935410117177014e+01,7.616790592984679975e+00
7.775935981709059774e+01,7.678851311697340698e+00
7.777936553300943956e+01,7.299681118510565447e+00
7.779937124892826716e+01,8.359936131644390755e+00
7.781937696484710898e+01,7.931939029978208211e+00
7.783938268076593658e+01,8.248060544722815024e+00
7.785938839668476419e+01,7.584528861685668311e+00
7.787939411260360600e+01,7.422038693030903467e+00
7.789939982852243361e+01,7.314913007150179780e+00
7.791940554444127542e+01,7.564899772132391398e+00
7.793941126036010303e+01,7.951426791131135374e+00
7.795941697627894484e+01,7.999793567642305980e+00
7.797942269219777245e+01,7.279150548308023438e+00
7.799942840811661426e+01,6.928473225333471319e+00
7.801943412403544187e+01,7.129758228769897066e+00
7.803943983995426947e+01,6.697327317863341456e+00
7.805944555587311129e+01,6.422961895218811890e+00
7.807945127179193889e+01,7.614113040819937339e+00
7.809945698771078071e+01,7.159411972726759998e+00
7.811946270362960831e+01,7.257533814015062035e+00
7.813946841954845013e+01,6.986864824216548087e+00
7.815947413546727773e+01,7.958575882511169652e+00
7.817947985138611955e+01,6.413892981391501991e+00
7.819948556730494715e+01,6.759585185859879886e+00
7.821949128322378897e+01,6.238518732533792743e+00
7.823949699914261657e+01,7.068737522083842428e+00
7.825950271506144418e+01,7.562837543871549606e+00
7.827950843098028599e+01,7.660230420874170498e+00
7.829951414689911360e+01,7.890149574303994662e+00
7.831951986281795541e+01,6.616942034915575199e+00
7.833952557873678302e+01,7.515538624469559892e+00
7.835953129465562483e+01,8.116401364088719816e+00
7.837953701057445244e+01,6.977534818551765383e+00
7.839954272649329425e+01,7.267727736546057749e+00
7.841954844241212186e+01,7.575492989296323643e+00
7.843955415833094946e+01,7.670878814469474172e+00
7.845955987424979128e+01,7.982893631125937084e+00
7.847956559016861888e+01,8.223224284561801767e+00
7.849957130608746070e+01,8.381877003573633189e+00
7.851957702200628830e+01,7.345275935303860138e+00
7.853958273792513012e+01,8.551756855246980038e+00
7.855958845384395772e+01,8.074760594786804191e+00
7.857959416976279954e+01,8.697141440650741018e+00
7.859959988568162714e+01,9.528610573294832520e+00
7.861960560160045475e+01,1.009637520702431601e+01
7.863961131751929656e+01,9.700691810976664442e+00
7.865961703343812417e+01,1.085083361808427682e+01
7.867962274935696598e+01,9.884690646728628849e+00
7.869962846527579359e+01,1.026117432775816063e+01
7.871963418119463540e+01,9.939302672479856327e+00
7.873963989711346301e+01,1.085147458512055429e+01
7.875964561303230482e+01,1.207636265007479714e+01
7.877965132895113243e+01,1.251268274339797593e+01
7.879965704486996003e+01,1.097540924752739855e+01
7.881966276078880185e+01,1.275739994802191646e+01
7.883966847670762945e+01,1.144404831335640793e+01
7.885967419262647127e+01,1.347777282585424352e+01
7.887967990854529887e+01,1.356037507318445634e+01
7.889968562446414069e+01,1.251868832929224951e+01
7.891969134038296829e+01,1.358341985071605507e+01
7.893969705630181011e+01,1.408588605718466980e+01
7.895970277222063771e+01,1.384064075572611507e+01
7.897970848813946532e+01,1.413540021856334228e+01
7.899971420405830713e+01,1.422953798121510260e+01
7.901971991997713474e+01,1.343690504252619533e+01
7.903972563589597655e+01,1.492786208094513256e+01
7.905973135181480416e+01,1.340415315431440035e+01
7.907973706773364597e+01,1.397012919623528049e+01
7.909974278365247358e+01,1.441182241025879307e+01
7.911974849957131539e+01,1.482996762856201656e+01
7.913975421549014300e+01,1.381075375004025929e+01
7.915975993140898481e+01,1.347258430219717873e+01
7.917976564732781242e+01,1.487449504475618589e+01
7.919977136324664002e+01,1.353417082930429594e+01
7.921977707916548184e+01,1.383842915672048690e+01
7.923978279508430944e+01,1.459518032501126505e+01
7.925978851100315126e+01,1.391929844268171479e+01
7.927979422692197886e+01,1.317361467854601109e+01
7.929979994284082068e+01,1.319774030255380382e+01
7.931980565875964828e+01,1.337337924640579701e+01
7.933981137467849010e+01,1.330971066612695175e+01
7.935981709059731770e+01,1.495780052448766284e+01
7.937982280651614531e+01,1.351832772207844968e+01
7.939982852243498712e+01,1.356746902422420220e+01
7.941983423835381473e+01,1.307811279578034913e+01
7.943983995427265654e+01,1.470740277169470822e+01
7.945984567019148415e+01,1.427977146568547795e+01
7.947985138611032596e+01,1.321806101964884839e+01
7.949985710202915357e+01,1.393176275660355579e+01
7.951986281794799538e+01,1.220333357283457332e+01
7.953986853386682299e+01,1.302998013744535299e+01
7.955987424978565059e+01,1.282491267471785434e+01
7.957987996570449241e+01,1.260691712554966593e+01
7.959988568162332001e+01,1.149950085829733482e+01
7.961989139754216183e+01,1.130937965217121821e+01
7.963989711346098943e+01,1.114992060295165288e+01
7.965990282937983125e+01,1.113432777423167863e+01
7.967990854529865885e+01,9.967195188927115979e+00
7.969991426121750067e+01,9.725007811791357426e+00
7.971991997713632827e+01,8.652357171384233325e+00
7.973992569305515588e+01,9.910288485567550154e+00
7.975993140897399769e+01,8.663369418234932340e+00
7.977993712489282530e+01,7.964308476503995315e+00
7.979994284081166711e+01,8.265826956397329894e+00
7.981994855673049472e+01,8.626293047768317734e+00
7.983995427264933653e+01,8.014070463176475201e+00
7.985995998856816414e+01,7.967408460953381066e+00
7.987996570448700595e+01,7.111515963722314204e+00
7.989997142040583356e+01,8.689258375868375239e+00
7.991997713632466116e+01,6.946204177364875498e+00
7.993998285224350298e+01,7.514764208772068521e+00
7.995998856816233058e+01,6.845231836886013888e+00
7.997999428408117240e+01,6.851698082821187974e+00
8.000000000000000000e+01,6.983419075592802727e+00
