angle,intensity
1.000000000000000000e+01,1.766910122567147079e+00
1.002000571591883471e+01,2.095687593663039916e+00
1.004001143183766764e+01,2.330602043972654691e+00
1.006001714775650235e+01,1.841903352118707371e+00
1.008002286367533529e+01,1.996973260053300336e+00
1.010002857959417000e+01,2.583781952135510984e+00
1.012003429551300293e+01,2.810028914223001273e+00
1.014004001143183764e+01,2.375775002827225979e+00
1.016004572735067235e+01,2.010412500229288746e+00
1.018005144326950528e+01,2.384509309200391058e+00
1.020005715918833999e+01,2.715158867917772056e+00
1.022006287510717293e+01,1.961049244774403899e+00
1.024006859102600764e+01,3.250668127958270759e+00
1.026007430694484057e+01,2.578019178916285181e+00
1.028008002286367528e+01,2.453483850505935315e+00
1.030008573878250999e+01,3.357437782151191819e+00
1.032009145470134293e+01,3.488382713583280559e+00
1.034009717062017764e+01,2.765829376843998322e+00
1.036010288653901057e+01,3.364027359603417811e+00
1.038010860245784528e+01,3.980964596924200016e+00
1.040011431837667999e+01,3.101323923684783601e+00
1.042012003429551292e+01,3.172848222747557845e+00
1.044012575021434763e+01,3.977732813942800760e+00
1.046013146613318057e+01,3.519500828862135222e+00
1.048013718205201528e+01,3.189949764357503881e+00
1.050014289797084821e+01,4.107707268444708681e+00
1.052014861388968292e+01,3.645657496616532267e+00
1.054015432980851585e+01,4.057726406722714785e+00
1.056016004572735056e+01,4.756922255908047958e+00
1.058016576164618527e+01,4.292280714910069683e+00
1.060017147756501821e+01,4.524019059568612278e+00
1.062017719348385292e+01,5.009920696567576215e+00
1.064018290940268585e+01,4.792504968728735548e+00
1.066018862532152056e+01,5.075801390355833220e+00
1.068019434124035527e+01,5.432267391504624676e+00
1.070020005715918820e+01,4.653042234724608761e+00
1.072020577307802292e+01,5.243322926430410647e+00
1.074021148899685585e+01,5.676339168174214578e+00
1.076021720491569056e+01,4.999043223445852391e+00
1.078022292083452349e+01,5.806553351980081601e+00
1.080022863675335820e+01,6.013073917349266218e+00
1.082023435267219291e+01,5.872245195727168188e+00
1.084024006859102585e+01,6.216528645443416323e+00
1.086024578450986056e+01,6.638034720113726195e+00
1.088025150042869349e+01,7.524753658515273003e+00
1.090025721634752820e+01,7.087212207310459533e+00
1.092026293226636113e+01,7.552757986973539062e+00
1.094026864818519584e+01,6.480691544427914508e+00
1.096027436410403055e+01,7.613614869852352918e+00
1.098028008002286349e+01,7.875980829962474061e+00
1.100028579594169820e+01,8.133328024304054438e+00
1.102029151186053113e+01,8.158170806213014714e+00
1.104029722777936584e+01,7.808950569450555435e+00
1.106030294369819877e+01,8.026905533797698666e+00
1.108030865961703348e+01,8.797611923557441926e+00
1.110031437553586819e+01,9.306680764726932509e+00
1.112032009145470113e+01,9.109397962736732524e+00
1.114032580737353584e+01,9.476917787169913510e+00
1.116033152329236877e+01,8.829386991900928905e+00
1.118033723921120348e+01,1.084705329719569455e+01
1.120034295513003642e+01,1.106093872253762456e+01
1.122034867104887113e+01,1.098186063354767583e+01
1.124035438696770584e+01,1.112899689073469034e+01
1.126036010288653877e+01,1.161809516945692522e+01
1.128036581880537348e+01,1.111707598421365262e+01
1.130037153472420641e+01,1.151576372002171667e+01
1.132037725064304112e+01,1.174636958236604301e+01
1.134038296656187583e+01,1.229885067291032819e+01
1.136038868248070877e+01,1.212248299820793562e+01
1.138039439839954348e+01,1.293714577297967772e+01
1.140040011431837641e+01,1.232897961883448446e+01
1.142040583023721112e+01,1.405572864971940739e+01
1.144041154615604405e+01,1.313471533895409138e+01
1.146041726207487876e+01,1.466168808347003960e+01
1.148042297799371170e+01,1.406910995640427231e+01
1.150042869391254641e+01,1.402384141334765388e+01
1.152043440983138112e+01,1.509845078700060839e+01
1.154044012575021405e+01,1.493446366886078991e+01
1.156044584166904876e+01,1.587178923135759590e+01
1.158045155758788169e+01,1.635358203833831681e+01
1.160045727350671640e+01,1.730766279489004944e+01
1.162046298942555111e+01,1.777665026177901808e+01
1.164046870534438405e+01,1.668092247391437510e+01
1.166047442126321876e+01,1.790275835684816030e+01
1.168048013718205169e+01,1.788175214215499764e+01
1.170048585310088640e+01,1.887252149859423511e+01
1.172049156901971934e+01,1.845103126848528063e+01
1.174049728493855405e+01,1.919817381982743143e+01
1.176050300085738698e+01,2.004757318093519913e+01
1.178050871677622169e+01,1.995525085421823874e+01
1.180051443269505640e+01,2.092025259662723258e+01
1.182052014861388933e+01,2.083593047250899133e+01
1.184052586453272404e+01,2.183452527728066883e+01
1.186053158045155698e+01,2.228243445393687949e+01
1.188053729637039169e+01,2.242827046955429893e+01
1.190054301228922640e+01,2.328895037586209327e+01
1.192054872820805933e+01,2.406146586236777551e+01
1.194055444412689404e+01,2.375647673849992003e+01
1.196056016004572697e+01,2.411643236390902345e+01
1.198056587596456168e+01,2.485176834329603679e+01
1.200057159188339639e+01,2.583589540727488298e+01
1.202057730780222933e+01,2.687083611410995587e+01
1.204058302372106226e+01,2.724038045555320053e+01
1.206058873963989697e+01,2.718219445429054559e+01
1.208059445555873168e+01,2.745453146513371223e+01
1.210060017147756461e+01,2.882206268231547952e+01
1.212060588739639932e+01,2.923866665755730310e+01
1.214061160331523226e+01,2.941296311564089905e+01
1.216061731923406697e+01,3.121361615726094385e+01
1.218062303515290168e+01,3.131277983370694784e+01
1.220062875107173461e+01,3.136448286291025056e+01
1.222063446699056932e+01,3.255310176306116432e+01
1.224064018290940226e+01,3.355355522151211289e+01
1.226064589882823697e+01,3.345566544020319100e+01
1.228065161474707168e+01,3.472910595075763496e+01
1.230065733066590461e+01,3.576665326354272167e+01
1.232066304658473754e+01,3.606436909538385294e+01
1.234066876250357225e+01,3.720013989416189304e+01
1.236067447842240696e+01,3.691365734539209598e+01
1.238068019434123990e+01,3.750450699713856295e+01
1.240068591026007461e+01,3.951549729098299224e+01
1.242069162617890754e+01,3.899613120497791385e+01
1.244069734209774225e+01,3.917971576531284228e+01
1.246070305801657696e+01,4.115576095928871325e+01
1.248070877393540989e+01,4.086675829339955612e+01
1.250071448985424460e+01,4.208450785571524477e+01
1.252072020577307754e+01,4.230485056708769775e+01
1.254072592169191225e+01,4.332734121170439323e+01
1.256073163761074696e+01,4.334638374441461650e+01
1.258073735352957989e+01,4.324163296274687696e+01
1.260074306944841460e+01,4.418752286329331014e+01
1.262074878536724754e+01,4.400565686936883480e+01
1.264075450128608225e+01,4.454412806955426873e+01
1.266076021720491518e+01,4.494475616726835199e+01
1.268076593312374989e+01,4.520073894369161849e+01
1.270077164904258282e+01,4.478860769167917510e+01
1.272077736496141753e+01,4.403421636241095172e+01
1.274078308088025224e+01,4.397106887599044001e+01
1.276078879679908518e+01,4.317478920291999600e+01
1.278079451271791989e+01,4.220899762141243627e+01
1.280080022863675282e+01,4.156708572738754981e+01
1.282080594455558753e+01,4.016192673412906089e+01
1.284081166047442224e+01,3.922365786877061566e+01
1.286081737639325517e+01,3.807697681307612925e+01
1.288082309231208988e+01,3.661399204436995092e+01
1.290082880823092282e+01,3.544128879423536205e+01
1.292083452414975753e+01,3.279227296055491081e+01
1.294084024006859224e+01,3.116107203707118245e+01
1.296084595598742517e+01,2.972253403457811061e+01
1.298085167190625810e+01,2.754787063712979389e+01
1.300085738782509281e+01,2.579910070789027898e+01
1.302086310374392752e+01,2.369641777749929901e+01
1.304086881966276046e+01,2.224429460781519907e+01
1.306087453558159517e+01,2.019972824930986377e+01
1.308088025150042810e+01,1.959559083378502464e+01
1.310088596741926281e+01,1.762757323447497271e+01
1.312089168333809752e+01,1.600110480996182716e+01
1.314089739925693046e+01,1.453974313717261424e+01
1.316090311517576517e+01,1.317679820497161103e+01
1.318090883109459810e+01,1.213975330802603381e+01
1.320091454701343281e+01,1.180814185517660420e+01
1.322092026293226752e+01,1.079803925857670066e+01
1.324092597885110045e+01,1.010688926408081834e+01
1.326093169476993339e+01,9.826109369095961554e+00
1.328093741068876810e+01,8.882359239671927753e+00
1.330094312660760281e+01,8.994517128805428641e+00
1.332094884252643574e+01,8.873167374044859557e+00
1.334095455844527045e+01,7.569267745107687517e+00
1.336096027436410338e+01,8.258868416597085371e+00
1.338096599028293809e+01,6.974088299971828775e+00
1.340097170620177280e+01,7.142283707645493251e+00
1.342097742212060574e+01,6.506315084280644534e+00
1.344098313803944045e+01,7.216407647180592022e+00
1.346098885395827338e+01,6.994077685450576176e+00
1.348099456987710809e+01,7.493941942037592341e+00
1.350100028579594280e+01,7.255556980163462732e+00
1.352100600171477573e+01,6.457024194923716820e+00
1.354101171763361044e+01,7.250072331447679375e+00
1.356101743355244338e+01,7.246780692651903166e+00
1.358102314947127809e+01,6.238951989333247461e+00
1.360102886539011102e+01,6.733400406250553694e+00
1.362103458130894573e+01,7.620700361029046910e+00
1.364104029722777867e+01,7.145481214183540430e+00
1.366104601314661338e+01,6.559831754056935083e+00
1.368105172906544809e+01,6.960043064082061193e+00
1.370105744498428102e+01,7.691377289771182291e+00
1.372106316090311573e+01,6.321997000065479710e+00
1.374106887682194866e+01,8.072492260189910951e+00
1.376107459274078337e+01,7.996982250703034367e+00
1.378108030865961808e+01,8.074537837238288773e+00
1.380108602457845102e+01,7.291839320932553825e+00
1.382109174049728573e+01,7.461054270156269652e+00
1.384109745641611866e+01,7.787835186692236178e+00
1.386110317233495337e+01,7.999888227077473601e+00
1.388110888825378808e+01,8.344557060850867458e+00
1.390111460417262101e+01,8.603118997711186822e+00
1.392112032009145395e+01,8.734916479627042207e+00
1.394112603601028866e+01,8.812127810312706089e+00
1.396113175192912337e+01,8.416908698853189819e+00
1.398113746784795630e+01,9.187684987508392354e+00
1.400114318376679101e+01,9.486983722491993731e+00
1.402114889968562395e+01,9.574888937735041239e+00
1.404115461560445866e+01,9.688250459788347868e+00
1.406116033152329337e+01,9.526366516985561361e+00
1.408116604744212630e+01,1.028192623712119591e+01
1.410117176336095923e+01,1.058590246480534347e+01
1.412117747927979394e+01,1.055920162404766316e+01
1.414118319519862865e+01,1.116055636731555722e+01
1.416118891111746336e+01,1.159545822649524105e+01
1.418119462703629630e+01,1.186446827421760908e+01
1.420120034295512923e+01,1.222734040395609512e+01
1.422120605887396394e+01,1.251072757192919305e+01
1.424121177479279865e+01,1.239702351978472272e+01
1.426121749071163336e+01,1.303824965401767599e+01
1.428122320663046629e+01,1.365311951737830753e+01
1.430122892254929923e+01,1.327409790512163212e+01
1.432123463846813394e+01,1.473982749977487927e+01
1.434124035438696865e+01,1.459817490823896691e+01
1.436124607030580158e+01,1.483203153958257481e+01
1.438125178622463629e+01,1.483802984793216240e+01
1.440125750214346922e+01,1.606749683394313877e+01
1.442126321806230393e+01,1.595881281274419550e+01
1.444126893398113864e+01,1.648844891036672777e+01
1.446127464989997158e+01,1.705351032829334912e+01
1.448128036581880451e+01,1.795030951201167113e+01
1.450128608173763922e+01,1.770114559015292954e+01
1.452129179765647393e+01,1.916332962928209582e+01
1.454129751357530864e+01,1.890932765194306597e+01
1.456130322949414158e+01,2.002181703101221899e+01
1.458130894541297451e+01,2.024645091892934445e+01
1.460131466133180922e+01,2.028703048721749980e+01
1.462132037725064393e+01,2.168503221190005803e+01
1.464132609316947686e+01,2.199019386156470190e+01
1.466133180908831157e+01,2.243933719544999406e+01
1.468133752500714451e+01,2.347690555099530130e+01
1.470134324092597922e+01,2.391563733461918417e+01
1.472134895684481393e+01,2.378277458191596594e+01
1.474135467276364686e+01,2.485369383213411965e+01
1.476136038868247979e+01,2.570889690498711388e+01
1.478136610460131450e+01,2.664111113837036982e+01
1.480137182052014921e+01,2.702631223851038555e+01
1.482137753643898392e+01,2.753852808810772501e+01
1.484138325235781686e+01,2.882502819639402247e+01
1.486138896827664979e+01,2.911728333003463121e+01
1.488139468419548450e+01,3.033957270961104058e+01
1.490140040011431921e+01,3.026753932484209031e+01
1.492140611603315392e+01,3.144464928101484702e+01
1.494141183195198685e+01,3.218716434060270615e+01
1.496141754787081979e+01,3.311348635174951482e+01
1.498142326378965450e+01,3.339236674571548491e+01
1.500142897970848921e+01,3.483849408843309448e+01
1.502143469562732214e+01,3.548657082460534440e+01
1.504144041154615508e+01,3.525017231576524779e+01
1.506144612746498979e+01,3.665098958111256877e+01
1.508145184338382450e+01,3.767304631433984241e+01
1.510145755930265921e+01,3.837614121240108034e+01
1.512146327522149214e+01,3.762770951776886363e+01
1.514146899114032507e+01,3.845554513976790645e+01
1.516147470705915978e+01,3.909323578143921196e+01
1.518148042297799449e+01,4.013181569523923997e+01
1.520148613889682920e+01,4.031575970358282035e+01
1.522149185481566214e+01,3.964592556001400681e+01
1.524149757073449507e+01,4.047418616324675611e+01
1.526150328665332978e+01,3.994024077600267475e+01
1.528150900257216449e+01,4.041579229170071130e+01
1.530151471849099742e+01,4.124548550719943307e+01
1.532152043440983036e+01,4.074197802147374148e+01
1.534152615032866507e+01,4.060800088278028852e+01
1.536153186624749978e+01,4.072344311760228663e+01
1.538153758216633449e+01,4.003788817353184015e+01
1.540154329808516742e+01,3.987544175472677210e+01
1.542154901400400036e+01,3.982833714355983545e+01
1.544155472992283507e+01,3.938671213676616389e+01
1.546156044584166978e+01,3.967566866161963901e+01
1.548156616176050449e+01,3.909791844176822906e+01
1.550157187767933742e+01,3.918722921882935850e+01
1.552157759359817035e+01,3.848316492298388170e+01
1.554158330951700506e+01,3.851454949960059082e+01
1.556158902543583977e+01,3.950288318500155071e+01
1.558159474135467271e+01,3.881125552341400464e+01
1.560160045727350742e+01,3.833052084916629809e+01
1.562160617319234035e+01,3.873894866062842368e+01
1.564161188911117506e+01,3.905503057290903257e+01
1.566161760503000977e+01,3.927707752783033612e+01
1.568162332094884270e+01,3.942101135348507768e+01
1.570162903686767564e+01,3.979769253183597044e+01
1.572163475278651035e+01,3.933732077757601076e+01
1.574164046870534506e+01,3.891415383960747931e+01
1.576164618462417977e+01,3.912205510720444579e+01
1.578165190054301270e+01,3.877719593905728601e+01
1.580165761646184563e+01,3.944814659331868256e+01
1.582166333238068034e+01,3.849460929399178610e+01
1.584166904829951505e+01,3.768429874534201929e+01
1.586167476421834799e+01,3.697016285997310092e+01
1.588168048013718270e+01,3.595943506311846249e+01
1.590168619605601563e+01,3.522809394395974891e+01
1.592169191197485034e+01,3.343015139377434508e+01
1.594169762789368505e+01,3.238419587976008529e+01
1.596170334381251799e+01,3.082921153227707478e+01
1.598170905973135092e+01,3.006034827433698453e+01
1.600171477565018563e+01,2.873955183030584948e+01
1.602172049156902034e+01,2.772126115275266756e+01
1.604172620748785505e+01,2.644131360962010291e+01
1.606173192340668976e+01,2.391353562925626619e+01
1.608173763932552092e+01,2.264435332766837661e+01
1.610174335524435563e+01,2.165643782404119833e+01
1.612174907116319034e+01,2.071516429843811125e+01
1.614175478708202505e+01,1.833651220589360520e+01
1.616176050300085620e+01,1.822061409559578848e+01
1.618176621891969091e+01,1.627131627311741369e+01
1.620177193483852562e+01,1.527184974353400548e+01
1.622177765075736033e+01,1.379909599965758638e+01
1.624178336667619504e+01,1.319739272604093294e+01
1.626178908259502620e+01,1.223388359626952848e+01
1.628179479851386091e+01,1.106021735134334349e+01
1.630180051443269562e+01,1.042711544477847241e+01
1.632180623035153033e+01,1.005391331465293625e+01
1.634181194627036149e+01,9.286113191860509986e+00
1.636181766218919620e+01,9.583534179342468207e+00
1.638182337810803091e+01,9.346642290289153721e+00
1.640182909402686562e+01,8.999204219915370118e+00
1.642183480994570033e+01,7.578767544210208484e+00
1.644184052586453504e+01,8.454152192148150391e+00
1.646184624178336620e+01,7.392282316366197037e+00
1.648185195770220091e+01,7.569569684972528911e+00
1.650185767362103562e+01,7.585094361238356342e+00
1.652186338953986677e+01,7.254854198469990578e+00
1.654186910545870148e+01,6.727116702264426706e+00
1.656187482137753619e+01,7.266167745069447292e+00
1.658188053729637090e+01,6.942850913532206292e+00
1.660188625321520561e+01,6.498271198870267717e+00
1.662189196913404032e+01,6.514802716215008616e+00
1.664189768505287148e+01,5.534392799348099246e+00
1.666190340097170619e+01,5.735237600750796361e+00
1.668190911689054090e+01,5.731762279656691383e+00
1.670191483280937561e+01,6.866721113574841162e+00
1.672192054872820677e+01,6.210357610455997879e+00
1.674192626464704148e+01,5.743949651224380837e+00
1.676193198056587619e+01,5.231561670341259074e+00
1.678193769648471090e+01,6.195135864199842857e+00
1.680194341240354561e+01,5.419979356575643337e+00
1.682194912832238032e+01,5.786122396057067796e+00
1.684195484424121148e+01,6.202288490977849733e+00
1.686196056016004619e+01,5.528862511910965338e+00
1.688196627607888090e+01,5.665478715100061180e+00
1.690197199199771205e+01,5.703815408489591121e+00
1.692197770791654676e+01,6.012007078817738659e+00
1.694198342383538147e+01,6.410844767144558531e+00
1.696198913975421618e+01,5.557883377032908356e+00
1.698199485567305089e+01,5.764847399186630028e+00
1.700200057159188560e+01,5.811722900381123935e+00
1.702200628751071676e+01,6.001995362163768277e+00
1.704201200342955147e+01,6.229543733289570895e+00
1.706201771934838618e+01,6.508227426161560913e+00
1.708202343526722089e+01,5.884144214216249225e+00
1.710202915118605205e+01,5.389679427295975600e+00
1.712203486710488676e+01,6.646749634493797743e+00
1.714204058302372147e+01,6.471572509770929571e+00
1.716204629894255618e+01,6.818094881337274593e+00
1.718205201486139089e+01,6.589793379978257981e+00
1.720205773078022204e+01,5.904316877189662804e+00
1.722206344669905675e+01,5.891996986487503918e+00
1.724206916261789146e+01,6.004923294384346022e+00
1.726207487853672617e+01,6.753437005292738604e+00
1.728208059445555733e+01,5.465388401747837577e+00
1.730208631037439204e+01,7.212722423490601109e+00
1.732209202629322675e+01,6.845077319993128739e+00
1.734209774221206146e+01,6.228483469059614919e+00
1.736210345813089617e+01,5.852486566065351781e+00
1.738210917404973088e+01,6.144927447120866582e+00
1.740211488996856204e+01,6.786062329860769182e+00
1.742212060588739675e+01,6.621665693896233051e+00
1.744212632180623146e+01,6.123116555857475163e+00
1.746213203772506262e+01,7.161691157431553378e+00
1.748213775364389733e+01,6.407678273199406860e+00
1.750214346956273204e+01,6.799472235133229958e+00
1.752214918548156675e+01,6.417502166295141919e+00
1.754215490140040146e+01,5.919712936814487847e+00
1.756216061731923617e+01,7.030279919826417867e+00
1.758216633323806732e+01,6.565653235467733495e+00
1.760217204915690203e+01,5.824683612390994192e+00
1.762217776507573674e+01,6.244330185583900850e+00
1.764218348099457145e+01,5.873202163614561933e+00
1.766218919691340261e+01,5.749327999765469599e+00
1.768219491283223732e+01,6.186417266349848454e+00
1.770220062875107203e+01,5.977087717747817663e+00
1.772220634466990674e+01,6.240670411756129354e+00
1.774221206058874145e+01,5.415951367314466580e+00
1.776221777650757616e+01,5.709056565245547610e+00
1.778222349242640732e+01,6.190442631269061913e+00
1.780222920834524203e+01,6.184847739066707817e+00
1.782223492426407674e+01,6.216168798770566717e+00
1.784224064018290790e+01,5.294903091670183137e+00
1.786224635610174261e+01,5.500657738104443695e+00
1.788225207202057732e+01,5.498522324826645047e+00
1.790225778793941203e+01,5.741261836313917399e+00
1.792226350385824674e+01,5.277721269164938001e+00
1.794226921977708145e+01,5.740786696142271772e+00
1.796227493569591260e+01,5.606319667137321439e+00
1.798228065161474731e+01,4.592762505046674271e+00
1.800228636753358202e+01,4.844959997229296711e+00
1.802229208345241318e+01,5.210664153011297373e+00
1.804229779937124789e+01,5.165661692405294048e+00
1.806230351529008260e+01,5.156021195465768869e+00
1.808230923120891731e+01,5.718474568856636964e+00
1.810231494712775202e+01,5.104481020066993224e+00
1.812232066304658673e+01,5.382635047446682641e+00
1.814232637896542144e+01,5.694161989464864959e+00
1.816233209488425260e+01,5.762049826949237286e+00
1.818233781080308731e+01,6.222319227038716427e+00
1.820234352672191847e+01,5.427516148629616843e+00
1.822234924264075318e+01,5.951964291677301233e+00
1.824235495855958789e+01,5.487708771603339919e+00
1.826236067447842260e+01,5.225744894030087018e+00
1.828236639039725731e+01,5.683173397614075029e+00
1.830237210631609202e+01,5.544705846146334771e+00
1.832237782223492673e+01,5.564339579206386333e+00
1.834238353815375788e+01,4.974951158256996742e+00
1.836238925407259259e+01,5.583713885371615504e+00
1.838239496999142730e+01,6.434024795566266164e+00
1.840240068591025846e+01,5.417471614113889444e+00
1.842240640182909317e+01,5.788543662062680006e+00
1.844241211774792788e+01,5.418031381483405795e+00
1.846241783366676259e+01,5.503363738522769388e+00
1.848242354958559730e+01,5.503967983063089875e+00
1.850242926550443201e+01,5.143672768184417876e+00
1.852243498142326672e+01,5.763764940660249358e+00
1.854244069734209788e+01,5.959275511744097642e+00
1.856244641326093259e+01,6.561854511060317918e+00
1.858245212917976374e+01,6.469198352832123078e+00
1.860245784509859845e+01,5.809897989490282910e+00
1.862246356101743316e+01,5.887221282441135628e+00
1.864246927693626787e+01,5.813819275601350256e+00
1.866247499285510258e+01,5.603018255081638088e+00
1.868248070877393729e+01,5.241670733419718786e+00
1.870248642469277200e+01,4.726744637603759180e+00
1.872249214061160316e+01,5.313331627763075105e+00
1.874249785653043787e+01,5.524978967846541522e+00
1.876250357244927258e+01,5.310707785736687114e+00
1.878250928836810374e+01,4.369129054611015306e+00
1.880251500428693845e+01,4.631379821155475085e+00
1.882252072020577316e+01,4.614808980066420929e+00
1.884252643612460787e+01,4.612876753335242164e+00
1.886253215204344258e+01,4.507043764461375446e+00
1.888253786796227729e+01,5.222316688746150959e+00
1.890254358388111200e+01,4.679696128783568554e+00
1.892254929979994316e+01,4.574529328472048739e+00
1.894255501571877787e+01,4.997343694869637254e+00
1.896256073163760902e+01,4.377625482721545502e+00
1.898256644755644373e+01,4.582922059015453797e+00
1.900257216347527844e+01,3.835547142629670780e+00
1.902257787939411315e+01,3.917317065184875435e+00
1.904258359531294786e+01,3.895852169687112010e+00
1.906258931123178257e+01,3.383706283588479469e+00
1.908259502715061728e+01,4.276888799454942713e+00
1.910260074306944844e+01,3.850238366342962237e+00
1.912260645898828315e+01,3.980339200372613462e+00
1.914261217490711431e+01,3.901480493949113004e+00
1.916261789082594902e+01,4.043473275417522217e+00
1.918262360674478373e+01,3.956645186383781709e+00
1.920262932266361844e+01,3.229128620484707390e+00
1.922263503858245315e+01,4.640855849612628425e+00
1.924264075450128786e+01,4.159088653150443626e+00
1.926264647042012257e+01,4.651197836976661115e+00
1.928265218633895373e+01,4.030040565614032566e+00
1.930265790225778844e+01,4.241285609096959064e+00
1.932266361817662315e+01,3.770927801187326178e+00
1.934266933409545430e+01,3.857217825856714022e+00
1.936267505001428901e+01,3.999860697160153578e+00
1.938268076593312372e+01,4.094265327449162939e+00
1.940268648185195843e+01,3.745259207852951633e+00
1.942269219777079314e+01,3.872256268865418960e+00
1.944269791368962785e+01,4.133908122914575323e+00
1.946270362960846256e+01,4.200865398765310843e+00
1.948270934552729372e+01,3.847882218663646992e+00
1.950271506144612843e+01,4.063342597264126610e+00
1.952272077736495959e+01,3.408548231573158560e+00
1.954272649328379430e+01,4.016784107284856908e+00
1.956273220920262901e+01,3.562567443389153432e+00
1.958273792512146372e+01,3.380832442548998618e+00
1.960274364104029843e+01,3.457014602430294570e+00
1.962274935695913314e+01,4.058983722048191467e+00
1.964275507287796785e+01,3.977959999732031626e+00
1.966276078879679901e+01,3.133934090469367995e+00
1.968276650471563372e+01,3.504830201492954433e+00
1.970277222063446487e+01,3.536668685390989442e+00
1.972277793655329958e+01,3.979316846184645762e+00
1.974278365247213429e+01,3.875445367678240771e+00
1.976278936839096900e+01,4.347950756479322720e+00
1.978279508430980371e+01,3.986203369867699742e+00
1.980280080022863842e+01,4.153848127663610335e+00
1.982280651614747313e+01,3.790310675798862050e+00
1.984281223206630784e+01,4.347367220727304193e+00
1.986281794798513900e+01,4.051995938208095005e+00
1.988282366390397371e+01,4.137357472533253144e+00
1.990282937982280487e+01,3.855674303240534506e+00
1.992283509574163958e+01,3.821418506439754559e+00
1.994284081166047429e+01,3.681829317568402260e+00
1.996284652757930900e+01,3.790067412613716158e+00
1.998285224349814371e+01,3.832460508494728746e+00
2.000285795941697842e+01,4.280711057127725816e+00
2.002286367533581313e+01,4.617753506858832679e+00
2.004286939125464428e+01,4.129181150297750236e+00
2.006287510717347899e+01,4.076392882612997148e+00
2.008288082309231015e+01,4.037697984537308216e+00
2.010288653901114486e+01,4.296205273739884589e+00
2.012289225492997957e+01,4.233519132765917625e+00
2.014289797084881428e+01,3.941718286648422165e+00
2.016290368676764899e+01,4.805744399057910066e+00
2.018290940268648370e+01,3.735458610835872939e+00
2.020291511860531841e+01,4.489807028392304389e+00
2.022292083452414957e+01,3.943585996400483573e+00
2.024292655044298428e+01,4.196001311627855834e+00
2.026293226636181899e+01,4.139368559803628500e+00
2.028293798228065015e+01,4.253355612970379340e+00
2.030294369819948486e+01,4.804664198609416736e+00
2.032294941411831957e+01,4.157658724149452922e+00
2.034295513003715428e+01,4.482872919922971988e+00
2.036296084595598899e+01,4.000159966429062131e+00
2.038296656187482370e+01,4.484165151356476642e+00
2.040297227779365841e+01,3.759482462502484523e+00
2.042297799371248956e+01,4.185514340185156890e+00
2.044298370963132427e+01,4.265488210097690747e+00
2.046298942555015543e+01,4.084154580789858713e+00
2.048299514146899014e+01,3.737739138138543638e+00
2.050300085738782485e+01,4.327441019269826050e+00
2.052300657330665956e+01,4.859994637105170767e+00
2.054301228922549427e+01,4.003561168886821342e+00
2.056301800514432898e+01,4.445002459002743933e+00
2.058302372106316369e+01,4.367303761563736231e+00
2.060302943698199485e+01,4.171398420794623085e+00
2.062303515290082956e+01,4.704186157300133786e+00
2.064304086881966072e+01,4.891506473374376718e+00
2.066304658473849543e+01,5.331107987516718438e+00
2.068305230065733014e+01,4.396727345951088495e+00
2.070305801657616485e+01,4.564834721530328210e+00
2.072306373249499956e+01,5.027336201260300896e+00
2.074306944841383427e+01,4.618936167736961806e+00
2.076307516433266898e+01,5.419672733453481328e+00
2.078308088025150369e+01,4.784778824970116418e+00
2.080308659617033484e+01,4.726131243264013904e+00
2.082309231208916955e+01,5.666908258381762487e+00
2.084309802800800071e+01,5.143972796161278005e+00
2.086310374392683542e+01,4.807400214016558593e+00
2.088310945984567013e+01,5.144509454860971331e+00
2.090311517576450484e+01,4.738205857485183081e+00
2.092312089168333955e+01,4.548986770064817442e+00
2.094312660760217426e+01,4.889464225866886338e+00
2.096313232352100897e+01,5.062507139276409163e+00
2.098313803943984013e+01,5.012147383543497980e+00
2.100314375535867484e+01,4.586742078091863739e+00
2.102314947127750600e+01,4.826319968590231824e+00
2.104315518719634071e+01,5.161214875446370698e+00
2.106316090311517542e+01,5.953525729618610818e+00
2.108316661903401013e+01,5.097966358423008160e+00
2.110317233495284484e+01,4.941783405757153247e+00
2.112317805087167955e+01,5.676332283265134393e+00
2.114318376679051426e+01,5.380505002611128518e+00
2.116318948270934541e+01,5.664478352220305268e+00
2.118319519862818012e+01,5.457646236230628389e+00
2.120320091454701483e+01,5.393754110219155073e+00
2.122320663046584599e+01,5.534403887194286220e+00
2.124321234638468070e+01,5.804828099983414091e+00
2.126321806230351541e+01,6.204686860466461340e+00
2.128322377822235012e+01,5.978859566155859895e+00
2.130322949414118483e+01,5.570753321249357626e+00
2.132323521006001954e+01,6.003756683146334261e+00
2.134324092597885425e+01,6.058011133537328341e+00
2.136324664189768541e+01,5.818326210241431262e+00
2.138325235781652012e+01,5.323750520322056090e+00
2.140325807373535127e+01,5.719742382129611613e+00
2.142326378965418598e+01,5.230951037289035099e+00
2.144326950557302069e+01,5.893504906078065098e+00
2.146327522149185540e+01,5.644582397269317653e+00
2.148328093741069011e+01,5.578701770741895771e+00
2.150328665332952482e+01,5.612862273299518812e+00
2.152329236924835953e+01,5.833705654648362326e+00
2.154329808516719069e+01,6.308822014941551259e+00
2.156330380108602540e+01,5.887415198026062058e+00
2.158330951700485656e+01,5.544014248008439338e+00
2.160331523292369127e+01,5.243892951839081995e+00
2.162332094884252598e+01,5.042885242589864703e+00
2.164332666476136069e+01,5.247996185644549172e+00
2.166333238068019540e+01,5.923968534598319735e+00
2.168333809659903011e+01,4.975241977534439641e+00
2.170334381251786482e+01,4.814007582314983935e+00
2.172334952843669598e+01,5.005596193175629871e+00
2.174335524435553069e+01,5.110885662816489372e+00
2.176336096027436540e+01,4.806252301326488841e+00
2.178336667619319655e+01,6.054070091804137022e+00
2.180337239211203126e+01,5.413700038248166813e+00
2.182337810803086597e+01,5.211836248868024768e+00
2.184338382394970068e+01,5.445085089036673764e+00
2.186338953986853539e+01,5.193694632782138498e+00
2.188339525578737010e+01,5.406940215088193114e+00
2.190340097170620481e+01,5.158128840360873824e+00
2.192340668762503597e+01,5.551458283778934799e+00
2.194341240354387068e+01,5.155092412304137284e+00
2.196341811946270184e+01,4.609176328110718757e+00
2.198342383538153655e+01,5.270504765865686281e+00
2.200342955130037126e+01,6.251770901801796398e+00
2.202343526721920597e+01,5.564102864818218919e+00
2.204344098313804068e+01,5.736114809054463137e+00
2.206344669905687539e+01,5.477496645277772913e+00
2.208345241497571010e+01,5.654845621360548691e+00
2.210345813089454126e+01,6.403749381885562642e+00
2.212346384681337597e+01,6.273414988203695586e+00
2.214346956273221068e+01,6.134139801649844514e+00
2.216347527865104183e+01,6.585699102419247275e+00
2.218348099456987654e+01,6.336733248896821991e+00
2.220348671048871125e+01,7.399022851880239671e+00
2.222349242640754596e+01,6.210392911693226381e+00
2.224349814232638067e+01,7.106865220720314014e+00
2.226350385824521538e+01,6.943330047653285320e+00
2.228350957416405009e+01,7.174675312007744665e+00
2.230351529008288125e+01,7.647693462145589649e+00
2.232352100600171596e+01,7.058539398349582328e+00
2.234352672192054712e+01,7.455108127068221791e+00
2.236353243783938183e+01,7.916158746557536041e+00
2.238353815375821654e+01,8.162876755647433313e+00
2.240354386967705125e+01,8.388020511337746399e+00
2.242354958559588596e+01,8.999171616761138637e+00
2.244355530151472067e+01,8.011831079080998563e+00
2.246356101743355538e+01,9.207044158224521269e+00
2.248356673335238654e+01,8.866761725538665928e+00
2.250357244927122125e+01,9.791940730730766873e+00
2.252357816519005240e+01,9.735167347590369502e+00
2.254358388110888711e+01,1.024231587273434130e+01
2.256358959702772182e+01,1.099735438806873944e+01
2.258359531294655653e+01,1.059622579222079608e+01
2.260360102886539124e+01,1.131685529457434924e+01
2.262360674478422595e+01,1.122631557111222911e+01
2.264361246070306066e+01,1.148285585006265030e+01
2.266361817662189182e+01,1.184473008285170614e+01
2.268362389254072653e+01,1.179579739792152004e+01
2.270362960845956124e+01,1.246473845188699947e+01
2.272363532437839240e+01,1.354067489854453754e+01
2.274364104029722711e+01,1.286350816154663335e+01
2.276364675621606182e+01,1.349851146699144522e+01
2.278365247213489653e+01,1.345453901431713462e+01
2.280365818805373124e+01,1.399775991160512234e+01
2.282366390397256595e+01,1.457520300501674804e+01
2.284366961989140066e+01,1.540126597750372461e+01
2.286367533581023181e+01,1.498570143355338047e+01
2.288368105172906652e+01,1.559753353066369996e+01
2.290368676764789768e+01,1.590631547150757541e+01
2.292369248356673239e+01,1.619957149552377373e+01
2.294369819948556710e+01,1.656071077947474635e+01
2.296370391540440181e+01,1.629757000946570855e+01
2.298370963132323652e+01,1.737219592471003438e+01
2.300371534724207123e+01,1.731502133804481502e+01
2.302372106316090594e+01,1.684675979129570322e+01
2.304372677907973710e+01,1.664014692864481759e+01
2.306373249499857181e+01,1.758028815663607602e+01
2.308373821091740652e+01,1.641042273343053282e+01
2.310374392683623768e+01,1.663359170613579607e+01
2.312374964275507239e+01,1.594876468769373901e+01
2.314375535867390710e+01,1.589656071886413002e+01
2.316376107459274181e+01,1.492159542939582195e+01
2.318376679051157652e+01,1.451632525363615400e+01
2.320377250643041123e+01,1.491851347800141880e+01
2.322377822234924594e+01,1.423111513064107569e+01
2.324378393826807709e+01,1.328257288467926500e+01
2.326378965418691180e+01,1.339268987891597718e+01
2.328379537010574296e+01,1.227839396906190572e+01
2.330380108602457767e+01,1.116515292340537613e+01
2.332380680194341238e+01,1.106852629052539960e+01
2.334381251786224709e+01,9.837475652563547612e+00
2.336381823378108180e+01,1.009457536198572569e+01
2.338382394969991651e+01,9.872457634018628525e+00
2.340382966561875122e+01,9.649842138335502639e+00
2.342383538153758238e+01,9.022853671403808562e+00
2.344384109745641709e+01,8.712914638685345992e+00
2.346384681337524825e+01,7.152572057464041677e+00
2.348385252929408296e+01,7.900973474486608694e+00
2.350385824521291767e+01,7.179428838185898165e+00
2.352386396113175238e+01,7.455083221267684301e+00
2.354386967705058709e+01,7.041314476180021487e+00
2.356387539296942180e+01,6.891004176716355900e+00
2.358388110888825651e+01,6.852693887169729159e+00
2.360388682480708766e+01,6.891294770007039716e+00
2.362389254072592237e+01,5.750499951993935710e+00
2.364389825664475708e+01,6.731223212549264368e+00
2.366390397256358824e+01,6.361857183607258825e+00
2.368390968848242295e+01,6.230423262830828257e+00
2.370391540440125766e+01,6.117262124712581794e+00
2.372392112032009237e+01,6.042178782146974569e+00
2.374392683623892708e+01,6.368723490770264561e+00
2.376393255215776179e+01,5.989172827800052445e+00
2.378393826807659650e+01,6.359951901996748092e+00
2.380394398399542766e+01,5.444140027003039783e+00
2.382394969991426237e+01,5.906248173240307153e+00
2.384395541583309353e+01,6.133983145570557127e+00
2.386396113175192824e+01,6.083387014932197800e+00
2.388396684767076295e+01,5.598140885232218977e+00
2.390397256358959766e+01,6.572588241081102289e+00
2.392397827950843237e+01,5.208214712644265276e+00
2.394398399542726708e+01,5.750049080028382775e+00
2.396398971134610179e+01,5.617374502135670689e+00
2.398399542726493294e+01,6.211873217230095889e+00
2.400400114318376765e+01,5.538778705623651710e+00
2.402400685910260236e+01,6.211727545586096078e+00
2.404401257502143352e+01,6.040640996130015594e+00
2.406401829094026823e+01,6.353138759671590030e+00
2.408402400685910294e+01,5.794649280485411502e+00
2.410402972277793765e+01,5.567648498422521186e+00
2.412403543869677236e+01,6.337956001443355802e+00
2.414404115461560707e+01,6.046876983659974059e+00
2.416404687053444178e+01,5.730984406997382763e+00
2.418405258645327294e+01,6.019621505922264859e+00
2.420405830237210765e+01,6.063174116244127276e+00
2.422406401829093880e+01,4.991295073169089491e+00
2.424406973420977351e+01,6.189341357472765814e+00
2.426407545012860822e+01,5.839251313973136348e+00
2.428408116604744293e+01,5.357999517272196144e+00
2.430408688196627764e+01,5.267137023714622224e+00
2.432409259788511235e+01,5.884803823840496939e+00
2.434409831380394706e+01,5.815868249479629881e+00
2.436410402972277822e+01,5.495100109525607124e+00
2.438410974564161293e+01,6.019617317720816985e+00
2.440411546156044409e+01,6.071083585722922393e+00
2.442412117747927880e+01,6.575554461245599391e+00
2.444412689339811351e+01,6.053983464465341413e+00
2.446413260931694822e+01,6.060714236967423396e+00
2.448413832523578293e+01,5.653048243295128117e+00
2.450414404115461764e+01,6.530795667355788758e+00
2.452414975707345235e+01,5.369938765773817124e+00
2.454415547299228351e+01,6.702314589708200820e+00
2.456416118891111822e+01,6.271316378876150566e+00
2.458416690482995293e+01,6.282350037917497687e+00
2.460417262074878408e+01,6.132982617457903629e+00
2.462417833666761879e+01,6.470970500044828988e+00
2.464418405258645350e+01,6.495285918565706140e+00
2.466418976850528821e+01,6.165877452264541425e+00
2.468419548442412292e+01,7.017751622990107130e+00
2.470420120034295763e+01,6.403510329741871843e+00
2.472420691626179234e+01,6.248660989420724121e+00
2.474421263218062350e+01,6.767377436366558641e+00
2.476421834809945821e+01,6.593026106281039134e+00
2.478422406401828937e+01,7.607192858395062984e+00
2.480422977993712408e+01,6.923053174485559680e+00
2.482423549585595879e+01,7.646447752571406298e+00
2.484424121177479350e+01,8.113141150375668076e+00
2.486424692769362821e+01,6.680885254697916942e+00
2.488425264361246292e+01,6.881376175393340233e+00
2.490425835953129763e+01,8.172831370652264837e+00
2.492426407545012879e+01,7.975264856293981630e+00
2.494426979136896350e+01,8.127887071400733632e+00
2.496427550728779821e+01,7.799255166558714869e+00
2.498428122320662936e+01,7.602950815166945375e+00
2.500428693912546407e+01,8.228980692349574966e+00
2.502429265504429878e+01,9.035574600998103278e+00
2.504429837096313349e+01,9.241966524261933102e+00
2.506430408688196820e+01,9.608072333266743925e+00
2.508430980280080291e+01,8.974021491347976109e+00
2.510431551871963762e+01,9.443687179501980111e+00
2.512432123463846878e+01,1.027683956018406519e+01
2.514432695055730349e+01,1.107194043219635660e+01
2.516433266647613465e+01,1.126113156115947689e+01
2.518433838239496936e+01,1.081849832804254419e+01
2.520434409831380407e+01,1.134864552481280420e+01
2.522434981423263878e+01,1.174196607074358312e+01
2.524435553015147349e+01,1.299100491596853857e+01
2.526436124607030820e+01,1.323840012969686164e+01
2.528436696198914291e+01,1.354821517740552750e+01
2.530437267790797407e+01,1.434536300125443375e+01
2.532437839382680878e+01,1.451254629273736541e+01
2.534438410974563993e+01,1.526683686752068070e+01
2.536438982566447464e+01,1.616716216649020765e+01
2.538439554158330935e+01,1.597914743689192818e+01
2.540440125750214406e+01,1.678121564199971516e+01
2.542440697342097877e+01,1.768545020327470141e+01
2.544441268933981348e+01,1.916826544652158049e+01
2.546441840525864819e+01,1.990430922168948413e+01
2.548442412117747935e+01,2.146727247152973916e+01
2.550442983709631406e+01,2.100589554819807603e+01
2.552443555301514877e+01,2.274125488263938522e+01
2.554444126893397993e+01,2.349681091312248071e+01
2.556444698485281464e+01,2.462399184973153865e+01
2.558445270077164935e+01,2.588811322984115293e+01
2.560445841669048406e+01,2.664564203352140481e+01
2.562446413260931877e+01,2.856890691032561591e+01
2.564446984852815348e+01,2.991258486497670077e+01
2.566447556444698819e+01,3.059545364809569179e+01
2.568448128036581934e+01,3.180926848462896217e+01
2.570448699628465405e+01,3.293037067027296416e+01
2.572449271220348521e+01,3.483807235751940823e+01
2.574449842812231992e+01,3.598389221894190371e+01
2.576450414404115463e+01,3.793190829197070002e+01
2.578450985995998934e+01,3.839542315562876240e+01
2.580451557587882405e+01,4.096470307118541854e+01
2.582452129179765876e+01,4.169284034982878495e+01
2.584452700771649347e+01,4.279849065043721623e+01
2.586453272363532463e+01,4.496638664686390996e+01
2.588453843955415934e+01,4.632648388575415055e+01
2.590454415547299405e+01,4.787422812723728782e+01
2.592454987139182521e+01,4.998104181281929925e+01
2.594455558731065992e+01,5.047541226581343921e+01
2.596456130322949463e+01,5.228320877703596636e+01
2.598456701914832934e+01,5.363739904466605424e+01
2.600457273506716405e+01,5.555135261896010945e+01
2.602457845098599520e+01,5.640642115346376784e+01
2.604458416690482991e+01,5.772939325292099966e+01
2.606458988282366462e+01,5.867216083384703040e+01
2.608459559874249933e+01,6.039531047050664370e+01
2.610460131466133404e+01,6.176680355535363276e+01
2.612460703058016520e+01,6.280883317669269417e+01
2.614461274649899991e+01,6.428779212469288495e+01
2.616461846241783462e+01,6.468194502975899240e+01
2.618462417833666933e+01,6.644631725742137007e+01
2.620462989425550404e+01,6.570089912100532104e+01
2.622463561017433520e+01,6.659216604581807530e+01
2.624464132609316991e+01,6.725409735144313572e+01
2.626464704201200462e+01,6.691990061313197202e+01
2.628465275793083933e+01,6.736776705108655960e+01
2.630465847384967049e+01,6.688937147819659401e+01
2.632466418976850520e+01,6.566480583362829293e+01
2.634466990568733991e+01,6.509049887774719423e+01
2.636467562160617462e+01,6.365598379072485358e+01
2.638468133752500933e+01,6.239944622981539624e+01
2.640468705344384048e+01,6.118519746468361120e+01
2.642469276936267519e+01,5.968368146562575305e+01
2.644469848528150990e+01,5.771570792391399607e+01
2.646470420120034461e+01,5.618886132884495055e+01
2.648470991711917932e+01,5.326503856808371751e+01
2.650471563303801048e+01,5.142481458002833250e+01
2.652472134895684519e+01,4.911422368653813919e+01
2.654472706487567990e+01,4.736055838186338462e+01
2.656473278079451461e+01,4.550186957923722275e+01
2.658473849671334932e+01,4.429469139195948912e+01
2.660474421263218048e+01,4.245353866725025682e+01
2.662474992855101519e+01,4.129272042197421655e+01
2.664475564446984990e+01,4.039799880894835127e+01
2.666476136038868461e+01,3.950270331517214117e+01
2.668476707630751577e+01,3.986564301589760362e+01
2.670477279222635048e+01,3.856745398593642449e+01
2.672477850814518519e+01,3.831636524096141727e+01
2.674478422406401990e+01,3.836201727308569076e+01
2.676478993998285461e+01,3.863483732787611302e+01
2.678479565590168576e+01,4.006766569785594356e+01
2.680480137182052047e+01,3.986256103407468032e+01
2.682480708773935518e+01,4.139131499602639508e+01
2.684481280365818989e+01,4.297610266141813895e+01
2.686481851957702460e+01,4.368374367926727331e+01
2.688482423549585576e+01,4.477850206471019590e+01
2.690482995141469047e+01,4.574484012860025928e+01
2.692483566733352518e+01,4.733898819290556048e+01
2.694484138325235989e+01,4.907517059846931318e+01
2.696484709917119105e+01,5.187298254227843586e+01
2.698485281509002576e+01,5.335820750589934391e+01
2.700485853100886047e+01,5.558604758723573269e+01
2.702486424692769518e+01,5.782888195653168850e+01
2.704486996284652989e+01,6.041541089294543099e+01
2.706487567876536104e+01,6.244817381183744942e+01
2.708488139468419575e+01,6.569106154773704986e+01
2.710488711060303046e+01,6.839688570708261750e+01
2.712489282652186517e+01,7.101310370722610799e+01
2.714489854244069988e+01,7.303825704499939775e+01
2.716490425835953104e+01,7.645597419824133567e+01
2.718490997427836575e+01,7.874956405190184228e+01
2.720491569019720046e+01,8.225095601388645150e+01
2.722492140611603517e+01,8.463487756850233268e+01
2.724492712203486633e+01,8.737575540003136609e+01
2.726493283795370104e+01,8.993578594876288435e+01
2.728493855387253575e+01,9.198048373528749266e+01
2.730494426979137046e+01,9.343749466455719244e+01
2.732494998571020517e+01,9.571286786826695447e+01
2.734495570162903633e+01,9.713448073630027579e+01
2.736496141754787104e+01,9.749193946245921438e+01
2.738496713346670575e+01,9.814934018504492030e+01
2.740497284938554046e+01,9.696108092813119583e+01
2.742497856530437517e+01,9.621946385951952152e+01
2.744498428122320632e+01,9.579716767316023152e+01
2.746498999714204103e+01,9.340490563311344374e+01
2.748499571306087574e+01,9.105602712679709043e+01
2.750500142897971045e+01,8.804730284610403146e+01
2.752500714489854516e+01,8.616340835897321426e+01
2.754501286081737632e+01,8.316092691425743055e+01
2.756501857673621103e+01,7.906847534390328747e+01
2.758502429265504574e+01,7.582280594106967442e+01
2.760503000857388045e+01,7.200448924606537560e+01
2.762503572449271161e+01,6.847414030374396532e+01
2.764504144041154632e+01,6.547988949049344853e+01
2.766504715633038103e+01,6.241074819456511591e+01
2.768505287224921574e+01,5.977344146423546789e+01
2.770505858816805045e+01,5.680937676770635392e+01
2.772506430408688161e+01,5.446899519419575597e+01
2.774507002000571632e+01,5.258822593494853237e+01
2.776507573592455103e+01,5.196431612846549797e+01
2.778508145184338574e+01,4.985940020468567013e+01
2.780508716776222045e+01,4.841753100946183253e+01
2.782509288368105160e+01,4.743289672245990829e+01
2.784509859959988631e+01,4.721438103538661579e+01
2.786510431551872102e+01,4.681894633717774923e+01
2.788511003143755573e+01,4.616788877498572674e+01
2.790511574735638689e+01,4.592766714182566545e+01
2.792512146327522160e+01,4.715043858937316656e+01
2.794512717919405631e+01,4.651114658637308708e+01
2.796513289511289102e+01,4.613980818460181865e+01
2.798513861103172573e+01,4.723885229711994072e+01
2.800514432695055689e+01,4.805812021930786671e+01
2.802515004286939160e+01,4.829428807533224699e+01
2.804515575878822631e+01,4.866762338813471445e+01
2.806516147470706102e+01,4.947020860723061730e+01
2.808516719062589573e+01,5.026674141569606746e+01
2.810517290654472689e+01,5.073440013932746950e+01
2.812517862246356160e+01,5.127849947874392456e+01
2.814518433838239631e+01,5.169031709162803168e+01
2.816519005430123102e+01,5.116862199300361169e+01
2.818519577022006217e+01,5.155475062516713081e+01
2.820520148613889688e+01,5.082204326169419062e+01
2.822520720205773159e+01,5.037869903820067918e+01
2.824521291797656630e+01,5.045102525099338209e+01
2.826521863389540101e+01,5.003365418439487655e+01
2.828522434981423217e+01,4.896118634816320991e+01
2.830523006573306688e+01,4.782183355453884133e+01
2.832523578165190159e+01,4.589045596953010886e+01
2.834524149757073630e+01,4.454428119545765696e+01
2.836524721348957101e+01,4.270855267941183087e+01
2.838525292940840217e+01,4.058519332149560910e+01
2.840525864532723688e+01,3.904878340653502278e+01
2.842526436124607159e+01,3.723027573004193869e+01
2.844527007716490630e+01,3.456010714777402626e+01
2.846527579308374101e+01,3.226860041261289780e+01
2.848528150900257216e+01,2.995789063720761192e+01
2.850528722492140687e+01,2.778901597668546941e+01
2.852529294084024158e+01,2.615402012117646535e+01
2.854529865675907629e+01,2.393591947996621627e+01
2.856530437267790745e+01,2.152080070538357504e+01
2.858531008859674216e+01,2.060634770915557468e+01
2.860531580451557687e+01,1.963909686223308881e+01
2.862532152043441158e+01,1.795642025615000037e+01
2.864532723635324629e+01,1.636326064610591402e+01
2.866533295227207745e+01,1.520111198837944499e+01
2.868533866819091216e+01,1.476769894461679833e+01
2.870534438410974687e+01,1.460895109098932743e+01
2.872535010002858158e+01,1.330574417991632785e+01
2.874535581594741629e+01,1.343059836588924760e+01
2.876536153186624745e+01,1.276993397717537704e+01
2.878536724778508216e+01,1.262545374416872335e+01
2.880537296370391687e+01,1.162242706310335905e+01
2.882537867962275158e+01,1.227901338563738065e+01
2.884538439554158273e+01,1.202058183493463517e+01
2.886539011146041744e+01,1.124072980812642797e+01
2.888539582737925215e+01,1.135446325574237747e+01
2.890540154329808686e+01,1.098000174586176669e+01
2.892540725921692157e+01,1.085074426712770013e+01
2.894541297513575273e+01,1.140146168783583569e+01
2.896541869105458744e+01,1.041054888649509635e+01
2.898542440697342215e+01,1.052496420328682092e+01
2.900543012289225686e+01,1.030470808149541462e+01
2.902543583881109157e+01,1.070517002840066922e+01
2.904544155472992273e+01,1.076267892268037230e+01
2.906544727064875744e+01,1.071923391715239404e+01
2.908545298656759215e+01,1.121721506484462871e+01
2.910545870248642686e+01,1.024087882673630290e+01
2.912546441840525802e+01,1.030417981920369996e+01
2.914547013432409273e+01,1.030938703434734727e+01
2.916547585024292744e+01,1.008443732560522754e+01
2.918548156616176215e+01,1.148416357681812627e+01
2.920548728208059686e+01,1.029821057999251366e+01
2.922549299799942801e+01,1.077654565357144634e+01
2.924549871391826272e+01,1.070541982303393347e+01
2.926550442983709743e+01,1.098061864635319296e+01
2.928551014575593214e+01,1.103061196041193526e+01
2.930551586167476685e+01,1.108143171106189229e+01
2.932552157759359801e+01,1.136653397569958379e+01
2.934552729351243272e+01,1.117311403701319961e+01
2.936553300943126743e+01,1.043285383871850236e+01
2.938553872535010214e+01,1.063178500178475971e+01
2.940554444126893330e+01,1.020873080052719750e+01
2.942555015718776801e+01,1.005647623960171089e+01
2.944555587310660272e+01,9.841485947733385586e+00
2.946556158902543743e+01,1.052947355945293140e+01
2.948556730494427214e+01,1.067384390082259671e+01
2.950557302086310330e+01,9.846300108209153024e+00
2.952557873678193801e+01,9.680860014177618211e+00
2.954558445270077272e+01,9.281905039866421347e+00
2.956559016861960743e+01,9.464713295856059361e+00
2.958559588453844214e+01,9.255291370829610287e+00
2.960560160045727329e+01,9.511792516990629665e+00
2.962560731637610800e+01,7.941416514417960926e+00
2.964561303229494271e+01,8.479255729350832382e+00
2.966561874821377742e+01,8.409352023582258084e+00
2.968562446413261213e+01,8.599480877280363700e+00
2.970563018005144329e+01,8.142454868686254343e+00
2.972563589597027800e+01,7.591483271131236776e+00
2.974564161188911271e+01,7.945554096039773917e+00
2.976564732780794742e+01,7.635985961612017370e+00
2.978565304372677858e+01,7.262827571314749875e+00
2.980565875964561329e+01,7.476599162086658978e+00
2.982566447556444800e+01,7.267121738997257552e+00
2.984567019148328271e+01,7.375812917631739296e+00
2.986567590740211742e+01,7.580586364473625771e+00
2.988568162332094857e+01,7.573480648787136005e+00
2.990568733923978328e+01,7.874606272908633464e+00
2.992569305515861799e+01,7.842054241822068228e+00
2.994569877107745270e+01,8.396106144043695707e+00
2.996570448699628741e+01,7.511105000171136581e+00
2.998571020291511857e+01,8.257573542466506211e+00
3.000571591883395328e+01,7.821104003552038719e+00
3.002572163475278799e+01,8.103678843279160660e+00
3.004572735067162270e+01,8.482966009818838415e+00
3.006573306659045386e+01,8.462170187003749788e+00
3.008573878250928857e+01,7.971635937415966211e+00
3.010574449842812328e+01,8.879805305168394725e+00
3.012575021434695799e+01,9.078983709518578138e+00
3.014575593026579270e+01,8.648103266472627837e+00
3.016576164618462386e+01,9.285326428890984474e+00
3.018576736210345857e+01,8.705234649290201077e+00
3.020577307802229328e+01,9.549985603522610944e+00
3.022577879394112799e+01,9.409676159328858702e+00
3.024578450985996270e+01,9.868452757852292478e+00
3.026579022577879385e+01,9.713113208675171251e+00
3.028579594169762856e+01,1.060268388455616417e+01
3.030580165761646327e+01,1.024132251172505903e+01
3.032580737353529798e+01,1.101730790679386018e+01
3.034581308945412914e+01,1.167977080367914589e+01
3.036581880537296385e+01,1.165000002187514028e+01
3.038582452129179856e+01,1.136956782187219872e+01
3.040583023721063327e+01,1.118456767955683162e+01
3.042583595312946798e+01,1.282275199950649380e+01
3.044584166904829914e+01,1.297605449600544603e+01
3.046584738496713385e+01,1.273892882533186466e+01
3.048585310088596856e+01,1.442859484330803710e+01
3.050585881680480327e+01,1.403254339361291869e+01
3.052586453272363798e+01,1.464877975706873414e+01
3.054587024864246914e+01,1.527993471682394677e+01
3.056587596456130385e+01,1.526853472593679228e+01
3.058588168048013856e+01,1.726525843808461502e+01
3.060588739639897327e+01,1.769448561517353724e+01
3.062589311231780798e+01,1.822535499595279518e+01
3.064589882823663913e+01,1.823556866382366337e+01
3.066590454415547384e+01,1.896931030576874377e+01
3.068591026007430855e+01,1.946680025042670437e+01
3.070591597599314326e+01,1.998389150965309824e+01
3.072592169191197442e+01,2.046685738830307599e+01
3.074592740783080913e+01,2.155873394176222391e+01
3.076593312374964384e+01,2.202676183425378298e+01
3.078593883966847855e+01,2.212093597735406902e+01
3.080594455558731326e+01,2.285624763072067367e+01
3.082595027150614442e+01,2.327879240535538230e+01
3.084595598742497913e+01,2.375446049682774685e+01
3.086596170334381384e+01,2.398228447500292759e+01
3.088596741926264855e+01,2.436649535333928185e+01
3.090597313518148326e+01,2.450559807056615824e+01
3.092597885110031442e+01,2.448065791769527522e+01
3.094598456701914913e+01,2.488286685791182862e+01
3.096599028293798384e+01,2.468071893841664632e+01
3.098599599885681855e+01,2.376654883520902928e+01
3.100600171477564970e+01,2.311820286734567631e+01
3.102600743069448441e+01,2.301564073217326012e+01
3.104601314661331912e+01,2.230679237546374694e+01
3.106601886253215383e+01,2.144496276806593471e+01
3.108602457845098854e+01,2.130616054216915956e+01
3.110603029436981970e+01,1.987311724059332008e+01
3.112603601028865441e+01,2.000620968492501461e+01
3.114604172620748912e+01,1.944935661536917593e+01
3.116604744212632383e+01,1.924458259050636144e+01
3.118605315804515854e+01,1.909742324692235371e+01
3.120605887396398970e+01,1.804170847801304234e+01
3.122606458988282441e+01,1.756165312009512292e+01
3.124607030580165912e+01,1.725697847780815763e+01
3.126607602172049383e+01,1.734702737920134297e+01
3.128608173763932498e+01,1.711009721982002674e+01
3.130608745355815969e+01,1.620597897803209619e+01
3.132609316947699440e+01,1.646117790239380696e+01
3.134609888539582911e+01,1.684291394064660352e+01
3.136610460131466382e+01,1.604562935889907038e+01
3.138611031723349498e+01,1.679152263239608800e+01
3.140611603315232969e+01,1.606426925841827469e+01
3.142612174907116440e+01,1.651619627664687329e+01
3.144612746498999911e+01,1.668430518000669949e+01
3.146613318090883382e+01,1.699419383713569331e+01
3.148613889682766498e+01,1.795572863927710117e+01
3.150614461274649969e+01,1.845359764351048781e+01
3.152615032866533440e+01,1.897969289225710199e+01
3.154615604458416911e+01,1.947491461926789924e+01
3.156616176050300382e+01,1.955542418280200323e+01
3.158616747642183498e+01,1.998706478496496075e+01
3.160617319234066969e+01,2.023570365612269484e+01
3.162617890825950440e+01,2.134198513262132835e+01
3.164618462417833911e+01,2.143855440204234242e+01
3.166619034009717026e+01,2.145956543847584186e+01
3.168619605601600497e+01,2.314813821481682155e+01
3.170620177193483968e+01,2.327154378352745923e+01
3.172620748785367439e+01,2.481621596579602596e+01
3.174621320377250910e+01,2.529871829802734595e+01
3.176621891969134026e+01,2.567577545001081418e+01
3.178622463561017497e+01,2.604767366430334619e+01
3.180623035152900968e+01,2.754788544741689549e+01
3.182623606744784439e+01,2.779216448380772420e+01
3.184624178336667910e+01,2.874893719550377469e+01
3.186624749928551026e+01,2.843866278031136474e+01
3.188625321520434497e+01,3.001428900988853599e+01
3.190625893112317968e+01,2.921953465475079526e+01
3.192626464704201439e+01,3.074590936904802163e+01
3.194627036296084555e+01,3.008499316606784646e+01
3.196627607887968026e+01,3.045459472024204572e+01
3.198628179479851497e+01,3.040132131241623981e+01
3.200628751071734968e+01,3.130051410263532574e+01
3.202629322663618439e+01,3.086155197336142209e+01
3.204629894255501199e+01,3.138779670337589423e+01
3.206630465847385381e+01,3.097067982651518037e+01
3.208631037439268141e+01,3.014895022866125629e+01
3.210631609031152323e+01,3.024086614915626825e+01
3.212632180623035083e+01,2.855152744064858439e+01
3.214632752214918554e+01,2.872060510246468823e+01
3.216633323806802025e+01,2.776404591529594512e+01
3.218633895398685496e+01,2.745983863411744608e+01
3.220634466990568967e+01,2.714626286286879520e+01
3.222635038582451728e+01,2.573499588985402653e+01
3.224635610174335909e+01,2.474072249965458070e+01
3.226636181766218670e+01,2.372283604562071702e+01
3.228636753358102851e+01,2.304336037124533476e+01
3.230637324949985612e+01,2.217122236588783935e+01
3.232637896541869083e+01,2.168757783219163571e+01
3.234638468133752554e+01,2.044933285245084420e+01
3.236639039725636025e+01,2.051792655769956752e+01
3.238639611317519496e+01,2.049371701666879630e+01
3.240640182909402967e+01,2.042694310558669102e+01
3.242640754501286438e+01,2.036646322082058447e+01
3.244641326093169198e+01,1.983669417871746887e+01
3.246641897685053380e+01,2.041631216746379351e+01
3.248642469276936140e+01,1.936167020477950018e+01
3.250643040868819611e+01,2.059648152749920058e+01
3.252643612460703082e+01,2.114807832439893431e+01
3.254644184052586553e+01,2.191874388344083968e+01
3.256644755644470024e+01,2.221549484491716342e+01
3.258645327236353495e+01,2.354953409135315212e+01
3.260645898828236966e+01,2.388148292068031253e+01
3.262646470420119726e+01,2.531823775525836595e+01
3.264647042012003908e+01,2.649873327224726438e+01
3.266647613603886668e+01,2.850157718531524864e+01
3.268648185195770850e+01,2.906977052231605541e+01
3.270648756787653610e+01,3.129651272630915670e+01
3.272649328379537081e+01,3.242734828654410961e+01
3.274649899971420552e+01,3.416058170599772126e+01
3.276650471563304023e+01,3.542830846578738146e+01
3.278651043155187494e+01,3.792227981066992015e+01
3.280651614747070255e+01,3.989519880982388145e+01
3.282652186338954436e+01,4.181030792913627181e+01
3.284652757930837197e+01,4.408409318929707865e+01
3.286653329522721378e+01,4.537093937836737467e+01
3.288653901114604139e+01,4.797976230749838322e+01
3.290654472706487610e+01,5.137982777091532682e+01
3.292655044298371081e+01,5.301304060756216074e+01
3.294655615890254552e+01,5.528476980766075144e+01
3.296656187482138023e+01,5.797046640119377514e+01
3.298656759074020783e+01,5.963012394966469998e+01
3.300657330665904965e+01,6.239032044810787170e+01
3.302657902257787725e+01,6.507407677658316913e+01
3.304658473849671907e+01,6.541498453813910885e+01
3.306659045441554667e+01,6.798650759774730545e+01
3.308659617033438138e+01,6.887532181233704875e+01
3.310660188625321609e+01,7.011406688680011712e+01
3.312660760217205080e+01,6.987945642902384691e+01
3.314661331809088551e+01,7.011604929597174873e+01
3.316661903400971312e+01,6.984931823451799460e+01
3.318662474992855493e+01,6.924957546584954571e+01
3.320663046584738254e+01,6.791856975891246861e+01
3.322663618176622435e+01,6.568903278309159077e+01
3.324664189768505196e+01,6.352900642084308203e+01
3.326664761360388667e+01,6.132696368970145784e+01
3.328665332952272138e+01,5.850729537115761048e+01
3.330665904544155609e+01,5.580290426914383772e+01
3.332666476136039080e+01,5.114322461388978525e+01
3.334667047727922551e+01,4.799535615512827746e+01
3.336667619319806022e+01,4.540048718505406100e+01
3.338668190911688782e+01,4.270274816745506996e+01
3.340668762503572964e+01,4.002357194837509979e+01
3.342669334095455724e+01,3.573022690262539669e+01
3.344669905687339195e+01,3.336556557023370573e+01
3.346670477279222666e+01,3.168685023688760083e+01
3.348671048871106137e+01,2.870015354965607557e+01
3.350671620462989608e+01,2.596830926252366112e+01
3.352672192054873079e+01,2.439453274687360818e+01
3.354672763646756550e+01,2.268316313281318131e+01
3.356673335238639311e+01,2.094188348967951185e+01
3.358673906830523492e+01,2.027342475136823907e+01
3.360674478422406253e+01,1.937142532258246064e+01
3.362675050014290434e+01,1.797633004158915071e+01
3.364675621606173195e+01,1.695849973738969041e+01
3.366676193198056666e+01,1.617619077035601194e+01
3.368676764789940137e+01,1.541234160958993726e+01
3.370677336381823608e+01,1.495633399956068033e+01
3.372677907973707079e+01,1.478364043388883786e+01
3.374678479565589839e+01,1.407705887298907754e+01
3.376679051157474021e+01,1.415865480025433065e+01
3.378679622749356781e+01,1.275294429597995816e+01
3.380680194341240963e+01,1.267594560831163619e+01
3.382680765933123723e+01,1.195746722676411622e+01
3.384681337525007194e+01,1.175191888846354615e+01
3.386681909116890665e+01,1.250889474664206702e+01
3.388682480708774136e+01,1.171223131555908026e+01
3.390683052300657607e+01,1.175202494428098632e+01
3.392683623892540368e+01,1.183362475984892015e+01
3.394684195484424549e+01,1.174691295960567849e+01
3.396684767076307310e+01,1.203960543847122899e+01
3.398685338668191491e+01,1.135948130686108470e+01
3.400685910260074252e+01,1.190853034760410445e+01
3.402686481851957723e+01,1.204179832496864755e+01
3.404687053443841194e+01,1.128181377110601602e+01
3.406687625035724665e+01,1.158398332004865061e+01
3.408688196627608136e+01,1.171725427357639226e+01
3.410688768219490896e+01,1.130656179676545037e+01
3.412689339811375078e+01,1.160923546761356562e+01
3.414689911403257838e+01,1.110608834793926469e+01
3.416690482995142020e+01,1.141833990019969391e+01
3.418691054587024780e+01,1.062060930363507438e+01
3.420691626178908251e+01,1.097790400605281746e+01
3.422692197770791722e+01,1.010998340093480152e+01
3.424692769362675193e+01,1.075445083647068856e+01
3.426693340954558664e+01,9.807279686696002585e+00
3.428693912546442135e+01,1.000559590517300279e+01
3.430694484138325606e+01,9.287478683832219417e+00
3.432695055730208367e+01,9.606293963186853802e+00
3.434695627322092548e+01,9.510942321139133071e+00
3.436696198913975309e+01,9.742189968057541449e+00
3.438696770505858780e+01,9.176063728907212891e+00
3.440697342097742251e+01,8.667413030861428780e+00
3.442697913689625722e+01,9.185671872644229907e+00
3.444698485281509193e+01,8.829996574499979545e+00
3.446699056873392664e+01,8.150971431473140072e+00
3.448699628465276135e+01,7.904348369429249566e+00
3.450700200057158895e+01,8.447471339330380857e+00
3.452700771649043077e+01,8.196180735233417280e+00
3.454701343240925837e+01,7.292999772308277784e+00
3.456701914832810019e+01,7.969041793620368352e+00
3.458702486424692779e+01,8.263095453415639113e+00
3.460703058016576250e+01,7.636940248935256470e+00
3.462703629608459721e+01,7.837402707595281015e+00
3.464704201200343192e+01,8.036031437830844837e+00
3.466704772792226663e+01,7.929383364532737843e+00
3.468705344384109424e+01,8.193494316303018721e+00
3.470705915975993605e+01,8.508996677714900869e+00
3.472706487567876366e+01,8.007379929492980608e+00
3.474707059159760547e+01,8.961142322007521699e+00
3.476707630751643308e+01,8.723501649518636825e+00
3.478708202343526779e+01,7.651917413957602498e+00
3.480708773935410250e+01,8.397102892877102320e+00
3.482709345527293721e+01,8.997614847280559047e+00
3.484709917119177192e+01,8.142072530246361239e+00
3.486710488711059952e+01,8.133652405913373684e+00
3.488711060302944134e+01,9.471998206996218528e+00
3.490711631894826894e+01,8.386208603890167979e+00
3.492712203486711076e+01,9.740401696933457032e+00
3.494712775078593836e+01,9.082632707132834327e+00
3.496713346670477307e+01,9.112995298262518418e+00
3.498713918262360778e+01,9.869396608438211871e+00
3.500714489854244249e+01,1.057790144587875858e+01
3.502715061446127720e+01,1.038880359909245144e+01
3.504715633038010481e+01,1.041161274010827142e+01
3.506716204629894662e+01,1.105216393119865792e+01
3.508716776221777423e+01,1.148617326402500716e+01
3.510717347813661604e+01,1.153352948532415923e+01
3.512717919405544365e+01,1.213459320310332501e+01
3.514718490997427836e+01,1.227704020964921838e+01
3.516719062589311307e+01,1.276972939858300293e+01
3.518719634181194778e+01,1.339778712155636953e+01
3.520720205773078249e+01,1.294769635398135499e+01
3.522720777364961720e+01,1.372602064380299858e+01
3.524721348956845191e+01,1.426236109872525759e+01
3.526721920548727951e+01,1.368978423415761725e+01
3.528722492140612133e+01,1.466710582028183296e+01
3.530723063732494893e+01,1.443458625011546381e+01
3.532723635324378364e+01,1.478694958222499878e+01
3.534724206916261835e+01,1.524621486387289160e+01
3.536724778508145306e+01,1.485295412738537912e+01
3.538725350100028777e+01,1.484611483121101472e+01
3.540725921691912248e+01,1.558441246040928263e+01
3.542726493283795719e+01,1.460948786233411312e+01
3.544727064875678479e+01,1.616108848463186476e+01
3.546727636467562661e+01,1.536890957976608085e+01
3.548728208059445421e+01,1.526133961712132248e+01
3.550728779651329603e+01,1.539576906839839232e+01
3.552729351243212363e+01,1.555662088632880113e+01
3.554729922835095834e+01,1.531664338629527577e+01
3.556730494426979305e+01,1.546572916556836397e+01
3.558731066018862776e+01,1.532151974743912604e+01
3.560731637610746247e+01,1.609049173845785319e+01
3.562732209202629008e+01,1.499947272227253947e+01
3.564732780794513189e+01,1.537068232714776883e+01
3.566733352386395950e+01,1.466528369835462087e+01
3.568733923978280131e+01,1.519329342033229224e+01
3.570734495570162892e+01,1.430027034449380707e+01
3.572735067162046363e+01,1.442773047168074640e+01
3.574735638753929834e+01,1.373545190760904333e+01
3.576736210345813305e+01,1.312170135148367400e+01
3.578736781937696776e+01,1.302662809210002237e+01
3.580737353529579536e+01,1.287828053464883027e+01
3.582737925121463718e+01,1.235383111001319278e+01
3.584738496713346478e+01,1.183896228918523263e+01
3.586739068305230660e+01,1.157805297980837267e+01
3.588739639897113420e+01,1.065170328275258171e+01
3.590740211488996891e+01,1.084496739464229442e+01
3.592740783080880362e+01,1.005021081327527632e+01
3.594741354672763833e+01,1.040784922102886689e+01
3.596741926264647304e+01,1.006051040155190890e+01
3.598742497856530065e+01,9.226482941614637667e+00
3.600743069448414246e+01,9.310848194237951958e+00
3.602743641040297007e+01,8.422480553214029442e+00
3.604744212632181188e+01,8.502230029355906993e+00
3.606744784224063949e+01,8.603939385566015119e+00
3.608745355815947420e+01,7.825040284911040089e+00
3.610745927407830891e+01,7.714294289973219421e+00
3.612746498999714362e+01,8.496225611847274095e+00
3.614747070591597833e+01,7.434930815157382966e+00
3.616747642183481304e+01,7.246368574494331583e+00
3.618748213775364775e+01,7.062989645772534075e+00
3.620748785367247535e+01,8.006093572669014335e+00
3.622749356959131717e+01,7.783767865675514486e+00
3.624749928551014477e+01,7.541300256223104626e+00
3.626750500142897948e+01,7.855009838996370064e+00
3.628751071734781419e+01,7.685446972130440813e+00
3.630751643326664890e+01,7.995414661972239934e+00
3.632752214918548361e+01,7.291473213168139011e+00
3.634752786510431832e+01,6.861990907140555151e+00
3.636753358102315303e+01,7.602180601628875323e+00
3.638753929694198064e+01,6.368257721722166309e+00
3.640754501286082245e+01,6.877750446580696675e+00
3.642755072877965006e+01,7.458121158634183345e+00
3.644755644469849187e+01,6.715022648330768007e+00
3.646756216061731948e+01,7.496263921462229973e+00
3.648756787653615419e+01,7.264767632675963149e+00
3.650757359245498890e+01,7.077398888876977878e+00
3.652757930837382361e+01,7.585657900149959332e+00
3.654758502429265832e+01,7.299710043510724944e+00
3.656759074021148592e+01,6.914164909950415883e+00
3.658759645613032774e+01,7.603659418182196816e+00
3.660760217204915534e+01,7.533907003654553236e+00
3.662760788796799716e+01,7.837603665800699559e+00
3.664761360388682476e+01,8.115134735315535863e+00
3.666761931980565947e+01,8.221310928628399850e+00
3.668762503572449418e+01,8.573843550332977514e+00
3.670763075164332889e+01,8.447318495613762579e+00
3.672763646756216360e+01,8.364824603954689408e+00
3.674764218348099121e+01,8.931864942458554779e+00
3.676764789939983302e+01,9.128963198961276504e+00
3.678765361531866063e+01,9.403217354586566046e+00
3.680765933123750244e+01,9.326158373865023776e+00
3.682766504715633005e+01,9.727838623058620016e+00
3.684767076307516476e+01,9.759741265777266861e+00
3.686767647899399947e+01,1.027330227161781018e+01
3.688768219491283418e+01,1.072050749405280534e+01
3.690768791083166889e+01,1.139111655237461918e+01
3.692769362675049649e+01,1.229943778099355001e+01
3.694769934266933831e+01,1.171570184582174790e+01
3.696770505858816591e+01,1.306126498479507170e+01
3.698771077450700773e+01,1.332449274890381297e+01
3.700771649042583533e+01,1.294625900734996549e+01
3.702772220634467004e+01,1.404440030764747505e+01
3.704772792226350475e+01,1.380480748381674339e+01
3.706773363818233946e+01,1.447227395918404191e+01
3.708773935410117417e+01,1.564940961286092147e+01
3.710774507002000888e+01,1.646282229027200472e+01
3.712775078593884359e+01,1.623525153216790784e+01
3.714775650185767120e+01,1.724511779335326622e+01
3.716776221777651301e+01,1.789633569483947895e+01
3.718776793369534062e+01,1.817835564434159323e+01
3.720777364961417533e+01,1.917125396670582660e+01
3.722777936553301004e+01,1.931311474863522903e+01
3.724778508145184475e+01,2.013163524463138998e+01
3.726779079737067946e+01,1.962287278011555713e+01
3.728779651328951417e+01,2.024747826013922136e+01
3.730780222920834888e+01,2.144331220015556738e+01
3.732780794512717648e+01,2.134478557150007560e+01
3.734781366104601830e+01,2.158128303110430579e+01
3.736781937696484590e+01,2.170333285394568890e+01
3.738782509288368772e+01,2.159548627087878714e+01
3.740783080880251532e+01,2.232677744039760626e+01
3.742783652472135003e+01,2.167916539778267193e+01
3.744784224064018474e+01,2.252366958395373686e+01
3.746784795655901945e+01,2.260535336999370060e+01
3.748785367247785416e+01,2.309475957566642990e+01
3.750785938839668177e+01,2.280020612174017103e+01
3.752786510431552358e+01,2.391228610495107887e+01
3.754787082023435119e+01,2.337799489884678650e+01
3.756787653615319300e+01,2.458838358985412498e+01
3.758788225207202061e+01,2.407293186488722014e+01
3.760788796799085532e+01,2.583079551535751861e+01
3.762789368390969003e+01,2.502072962498405673e+01
3.764789939982852474e+01,2.596793471781062124e+01
3.766790511574735945e+01,2.581161592978234154e+01
3.768791083166618705e+01,2.690285411830606677e+01
3.770791654758502887e+01,2.632051260227132872e+01
3.772792226350385647e+01,2.590822986837881814e+01
3.774792797942269829e+01,2.683000740825738006e+01
3.776793369534152589e+01,2.606044548936278460e+01
3.778793941126036060e+01,2.654386961379096732e+01
3.780794512717919531e+01,2.561474911651288622e+01
3.782795084309803002e+01,2.505942944435746966e+01
3.784795655901686473e+01,2.465034496943698628e+01
3.786796227493569234e+01,2.433815072145483782e+01
3.788796799085453415e+01,2.365669874115474869e+01
3.790797370677336176e+01,2.294912528273719943e+01
3.792797942269220357e+01,2.274328202741316929e+01
3.794798513861103118e+01,2.133405306582087135e+01
3.796799085452986589e+01,2.063185972915954380e+01
3.798799657044870060e+01,2.070867662093170125e+01
3.800800228636753531e+01,1.981417258852682295e+01
3.802800800228637002e+01,1.829972219962711932e+01
3.804801371820520473e+01,1.822216601905521571e+01
3.806801943412403944e+01,1.751411053700373444e+01
3.808802515004286704e+01,1.660935824419553342e+01
3.810803086596170886e+01,1.620125548328251952e+01
3.812803658188053646e+01,1.466942279927044446e+01
3.814804229779937117e+01,1.457287702019939246e+01
3.816804801371820588e+01,1.376889317781314581e+01
3.818805372963704059e+01,1.429940838871416631e+01
3.820805944555587530e+01,1.291304707444654909e+01
3.822806516147471001e+01,1.297674811820080265e+01
3.824807087739354472e+01,1.286249523858040078e+01
3.826807659331237232e+01,1.148237075522973960e+01
3.828808230923121414e+01,1.086598665262161667e+01
3.830808802515004174e+01,1.085941055077697115e+01
3.832809374106888356e+01,9.912705954957470311e+00
3.834809945698771116e+01,1.077782218867330855e+01
3.836810517290654587e+01,1.004606174483265946e+01
3.838811088882538058e+01,1.006921961885219652e+01
3.840811660474421529e+01,8.849789500496244798e+00
3.842812232066305000e+01,9.618468165040248152e+00
3.844812803658187761e+01,8.501638367246489025e+00
3.846813375250071942e+01,8.426899429054302004e+00
3.848813946841954703e+01,9.010457234489638978e+00
3.850814518433838884e+01,7.732952892326229843e+00
3.852815090025721645e+01,8.760828716079856804e+00
3.854815661617605116e+01,8.320589981684278769e+00
3.856816233209488587e+01,7.715744511327528699e+00
3.858816804801372058e+01,8.786613726815549086e+00
3.860817376393255529e+01,7.833307781871537756e+00
3.862817947985138289e+01,7.763076987376082094e+00
3.864818519577022471e+01,7.738852400479066418e+00
3.866819091168905231e+01,8.163438352845652446e+00
3.868819662760789413e+01,7.307855208336899722e+00
3.870820234352672173e+01,6.923660796823893904e+00
3.872820805944555644e+01,7.356413572433309511e+00
3.874821377536439115e+01,8.002300170622740794e+00
3.876821949128322586e+01,7.400153520385025274e+00
3.878822520720206057e+01,7.464926055080351119e+00
3.880823092312088818e+01,8.173174838945428178e+00
3.882823663903972999e+01,7.460777883457270221e+00
3.884824235495855760e+01,7.783244681894018413e+00
3.886824807087739941e+01,6.923396687779025171e+00
3.888825378679622702e+01,7.958124803328858299e+00
3.890825950271506173e+01,7.906892192104587380e+00
3.892826521863389644e+01,8.657131875760715189e+00
3.894827093455273115e+01,8.229938520807415614e+00
3.896827665047156586e+01,7.749891238689133210e+00
3.898828236639040057e+01,8.341728915264724264e+00
3.900828808230923528e+01,8.301385011428740412e+00
3.902829379822806288e+01,7.998883669978955169e+00
3.904829951414690470e+01,8.107474852235043272e+00
3.906830523006573230e+01,9.034964431365262172e+00
3.908831094598456701e+01,8.367729332523914820e+00
3.910831666190340172e+01,8.748052144494348425e+00
3.912832237782223643e+01,9.684843446440108750e+00
3.914832809374107114e+01,9.294643585264223518e+00
3.916833380965990585e+01,9.417650014159539396e+00
3.918833952557874056e+01,9.539372219028043887e+00
3.920834524149756817e+01,8.784241387956488012e+00
3.922835095741640998e+01,9.954445763992929130e+00
3.924835667333523759e+01,9.749435487847184945e+00
3.926836238925407940e+01,9.825180698487930187e+00
3.928836810517290701e+01,1.000398438871703988e+01
3.930837382109174172e+01,9.471020704515927591e+00
3.932837953701057643e+01,9.800933813474591361e+00
3.934838525292941114e+01,9.785125723594379821e+00
3.936839096884824585e+01,9.759733572400779877e+00
3.938839668476707345e+01,1.021120295626915464e+01
3.940840240068591527e+01,9.763385665183486495e+00
3.942840811660474287e+01,8.804895130269832393e+00
3.944841383252358469e+01,1.030116742915212669e+01
3.946841954844241229e+01,9.005371518265103958e+00
3.948842526436124700e+01,9.644703518628933381e+00
3.950843098028008171e+01,9.460534588615772122e+00
3.952843669619891642e+01,9.305267946643740018e+00
3.954844241211775113e+01,9.871152238660325651e+00
3.956844812803657874e+01,9.980798253843794043e+00
3.958845384395542055e+01,9.673869030674723035e+00
3.960845955987424816e+01,8.855225306947065889e+00
3.962846527579308997e+01,8.535844038310942850e+00
3.964847099171191758e+01,9.677272273835002991e+00
3.966847670763075229e+01,9.463968415369590659e+00
3.968848242354958700e+01,1.009894513702406194e+01
3.970848813946842171e+01,9.906392282055827891e+00
3.972849385538725642e+01,9.852158376633628478e+00
3.974849957130608402e+01,1.048401319028602430e+01
3.976850528722492584e+01,1.072448793696144520e+01
3.978851100314375344e+01,1.047421229899497952e+01
3.980851671906259526e+01,1.112094153756557446e+01
3.982852243498142286e+01,1.200494481013424775e+01
3.984852815090025757e+01,1.140372851732194626e+01
3.986853386681909228e+01,1.304214043115118926e+01
3.988853958273792699e+01,1.300979705145145360e+01
3.990854529865676170e+01,1.296324594712496037e+01
3.992855101457559641e+01,1.461593256027178356e+01
3.994855673049443112e+01,1.495513920574119027e+01
3.996856244641325873e+01,1.448029755819148789e+01
3.998856816233210054e+01,1.483700948683217646e+01
4.000857387825092815e+01,1.651970682036600024e+01
4.002857959416976286e+01,1.698404690857956467e+01
4.004858531008859757e+01,1.704409082904051687e+01
4.006859102600743228e+01,1.776029828133973965e+01
4.008859674192626699e+01,1.872498007858244762e+01
4.010860245784510170e+01,1.945863470873067769e+01
4.012860817376393641e+01,1.941899852665457971e+01
4.014861388968276401e+01,2.015995634102770140e+01
4.016861960560160583e+01,2.171665682251588336e+01
4.018862532152043343e+01,2.195815742691652872e+01
4.020863103743927525e+01,2.078135384400543018e+01
4.022863675335810285e+01,2.156113447781972781e+01
4.024864246927693756e+01,2.209209779318899081e+01
4.026864818519577227e+01,2.158129768338426047e+01
4.028865390111460698e+01,2.256715407420506381e+01
4.030865961703344169e+01,2.163388479154254185e+01
4.032866533295226930e+01,2.142755880256354573e+01
4.034867104887111111e+01,2.051728358221518533e+01
4.036867676478993872e+01,2.003214583372048452e+01
4.038868248070878053e+01,1.982806233545769814e+01
4.040868819662760814e+01,1.832516481551375520e+01
4.042869391254644285e+01,1.819149197462269285e+01
4.044869962846527756e+01,1.733908859949236714e+01
4.046870534438411227e+01,1.679446898034620617e+01
4.048871106030294698e+01,1.550409910061313923e+01
4.050871677622177458e+01,1.527631607892357479e+01
4.052872249214061640e+01,1.504131045280743351e+01
4.054872820805944400e+01,1.456531191521473367e+01
4.056873392397828582e+01,1.371785915446186976e+01
4.058873963989711342e+01,1.280407638083703681e+01
4.060874535581594813e+01,1.259905952956975383e+01
4.062875107173478284e+01,1.197003408460037477e+01
4.064875678765361755e+01,1.202412720024164550e+01
4.066876250357245226e+01,1.245262002297779880e+01
4.068876821949127986e+01,1.215971744865577264e+01
4.070877393541012168e+01,1.189372825187181348e+01
4.072877965132894929e+01,1.212329323945087012e+01
4.074878536724779110e+01,1.128224669468321473e+01
4.076879108316661871e+01,1.194631866233951989e+01
4.078879679908545342e+01,1.272298435138228534e+01
4.080880251500428813e+01,1.314377030472169139e+01
4.082880823092312284e+01,1.290126340698803631e+01
4.084881394684195755e+01,1.248359465278834790e+01
4.086881966276079226e+01,1.213374445004874325e+01
4.088882537867962697e+01,1.209614096762088309e+01
4.090883109459845457e+01,1.265964409878131036e+01
4.092883681051729639e+01,1.270209020273561862e+01
4.094884252643612399e+01,1.275534758593222584e+01
4.096884824235495870e+01,1.269802355480454459e+01
4.098885395827379341e+01,1.248422799705590691e+01
4.100885967419262812e+01,1.277750550515907335e+01
4.102886539011146283e+01,1.220013967002796562e+01
4.104887110603029754e+01,1.293584806221553052e+01
4.106887682194913225e+01,1.289557141436695886e+01
4.108888253786795985e+01,1.287901546376714279e+01
4.110888825378680167e+01,1.312160530025411553e+01
4.112889396970562927e+01,1.298397496973879228e+01
4.114889968562447109e+01,1.324269229869246089e+01
4.116890540154329869e+01,1.300994463654052424e+01
4.118891111746213340e+01,1.354619081723888740e+01
4.120891683338096811e+01,1.402808432578673603e+01
4.122892254929980282e+01,1.460541577427743931e+01
4.124892826521863753e+01,1.479665776291240320e+01
4.126893398113746514e+01,1.482280816969399950e+01
4.128893969705630695e+01,1.452367090449495990e+01
4.130894541297513456e+01,1.485079334240818483e+01
4.132895112889397637e+01,1.464122327233481258e+01
4.134895684481280398e+01,1.556211125828078323e+01
4.136896256073163869e+01,1.531957111827644979e+01
4.138896827665047340e+01,1.541750818624356079e+01
4.140897399256930811e+01,1.488213774731874040e+01
4.142897970848814282e+01,1.513962608411993216e+01
4.144898542440697042e+01,1.436713749249705963e+01
4.146899114032581224e+01,1.414804107930385690e+01
4.148899685624463984e+01,1.473301195777875350e+01
4.150900257216348166e+01,1.330599151896170795e+01
4.152900828808230926e+01,1.373714119224652563e+01
4.154901400400114397e+01,1.394034541320458409e+01
4.156901971991997868e+01,1.260580347373541521e+01
4.158902543583881339e+01,1.180320930213352959e+01
4.160903115175764810e+01,1.187916662058408868e+01
4.162903686767647571e+01,1.160827512081919011e+01
4.164904258359531752e+01,1.122298035801626703e+01
4.166904829951414513e+01,1.125650653078259467e+01
4.168905401543298694e+01,1.131316424337669169e+01
4.170905973135181455e+01,1.065296489435069027e+01
4.172906544727064926e+01,1.001456729355568953e+01
4.174907116318948397e+01,9.705438330701033678e+00
4.176907687910831868e+01,9.927438360062252443e+00
4.178908259502715339e+01,1.005860029785513632e+01
4.180908831094598810e+01,9.521545253185427882e+00
4.182909402686482281e+01,9.871469103959860547e+00
4.184909974278365041e+01,9.561829881095196271e+00
4.186910545870249223e+01,9.955435985820635381e+00
4.188911117462131983e+01,9.395712734685154999e+00
4.190911689054015454e+01,9.715811877539124453e+00
4.192912260645898925e+01,1.004373150213376320e+01
4.194912832237782396e+01,1.028136807537707753e+01
4.196913403829665867e+01,9.778970301518418395e+00
4.198913975421549338e+01,9.186144986811084934e+00
4.200914547013432809e+01,9.450923598250922097e+00
4.202915118605316280e+01,9.637861015864677583e+00
4.204915690197199041e+01,9.430347367513782331e+00
4.206916261789082512e+01,1.029103828122084963e+01
4.208916833380965983e+01,9.604270224212374529e+00
4.210917404972849454e+01,1.063841654169102213e+01
4.212917976564732925e+01,1.116694666204185182e+01
4.214918548156616396e+01,1.052736272117069483e+01
4.216919119748499867e+01,1.084611491446067433e+01
4.218919691340383338e+01,1.135277608146653705e+01
4.220920262932266809e+01,1.124170161773405496e+01
4.222920834524150280e+01,1.140371775094183704e+01
4.224921406116033040e+01,1.189230820706436376e+01
4.226921977707916511e+01,1.204126538028894799e+01
4.228922549299799982e+01,1.216465459535406879e+01
4.230923120891683453e+01,1.170188544982044476e+01
4.232923692483566924e+01,1.290303598869991930e+01
4.234924264075450395e+01,1.300674006532279492e+01
4.236924835667333866e+01,1.342853531443811299e+01
4.238925407259217337e+01,1.452467562149939262e+01
4.240925978851100808e+01,1.434746754292854476e+01
4.242926550442983569e+01,1.481220816907588045e+01
4.244927122034867040e+01,1.511264625714289700e+01
4.246927693626750511e+01,1.582912581526095508e+01
4.248928265218633982e+01,1.552037350916913994e+01
4.250928836810517453e+01,1.637808657578272431e+01
4.252929408402400924e+01,1.712711017006215286e+01
4.254929979994284395e+01,1.691844915687193662e+01
4.256930551586167866e+01,1.758262313747088967e+01
4.258931123178051337e+01,1.860893532247165183e+01
4.260931694769934097e+01,1.848795837416012233e+01
4.262932266361817568e+01,1.901233980670211210e+01
4.264932837953701039e+01,1.906825198507587515e+01
4.266933409545584510e+01,2.041089896233695100e+01
4.268933981137467981e+01,2.012603778818654021e+01
4.270934552729351452e+01,1.983336281281835056e+01
4.272935124321234923e+01,2.043492993234090704e+01
4.274935695913118394e+01,2.085232329561164732e+01
4.276936267505001865e+01,1.998604118955854858e+01
4.278936839096885336e+01,1.937161042274836831e+01
4.280937410688768097e+01,1.996177395318520453e+01
4.282937982280651568e+01,1.957001834844818333e+01
4.284938553872535039e+01,1.994495537762793447e+01
4.286939125464418510e+01,1.902773838055667710e+01
4.288939697056301981e+01,1.855471519871293751e+01
4.290940268648185452e+01,1.908512933148083590e+01
4.292940840240068923e+01,1.842962477179647607e+01
4.294941411831952394e+01,1.714266378934189206e+01
4.296941983423835865e+01,1.767140523696358301e+01
4.298942555015718625e+01,1.662491267009047036e+01
4.300943126607602096e+01,1.693746324079212329e+01
4.302943698199485567e+01,1.550340444507471993e+01
4.304944269791369038e+01,1.550785724023158707e+01
4.306944841383252509e+01,1.560682119807778356e+01
4.308945412975135980e+01,1.492119234837579178e+01
4.310945984567019451e+01,1.358621404882718053e+01
4.312946556158902922e+01,1.370174034505443927e+01
4.314947127750786393e+01,1.328720121275483024e+01
4.316947699342669864e+01,1.349306008070086449e+01
4.318948270934552625e+01,1.209201851894132140e+01
4.320948842526436096e+01,1.269320724127490863e+01
4.322949414118319567e+01,1.163104448861544427e+01
4.324949985710203038e+01,1.190838347063708369e+01
4.326950557302086509e+01,1.135685482056581819e+01
4.328951128893969980e+01,1.186693621000241450e+01
4.330951700485853451e+01,1.108641135999436322e+01
4.332952272077736922e+01,1.229254830152384770e+01
4.334952843669620393e+01,1.184027010793484536e+01
4.336953415261503153e+01,1.174134040534531565e+01
4.338953986853386624e+01,1.173642288095925146e+01
4.340954558445270095e+01,1.215717197780273473e+01
4.342955130037153566e+01,1.121128450587254122e+01
4.344955701629037037e+01,1.099387729402788594e+01
4.346956273220920508e+01,1.206594578680861574e+01
4.348956844812803979e+01,1.164010143690397392e+01
4.350957416404687450e+01,1.223261852052753795e+01
4.352957987996570921e+01,1.189311170985228472e+01
4.354958559588453681e+01,1.223056257495765209e+01
4.356959131180337153e+01,1.260710846461335244e+01
4.358959702772220624e+01,1.251241023872660918e+01
4.360960274364104095e+01,1.284086938888693652e+01
4.362960845955987566e+01,1.357748570932970544e+01
4.364961417547871037e+01,1.317901147304367271e+01
4.366961989139754508e+01,1.207408474320487457e+01
4.368962560731637979e+01,1.334041936052585164e+01
4.370963132323521450e+01,1.267414953649267417e+01
4.372963703915404921e+01,1.293772295153067020e+01
4.374964275507287681e+01,1.277685783006962694e+01
4.376964847099171152e+01,1.277550442472326253e+01
4.378965418691054623e+01,1.327237947715033428e+01
4.380965990282938094e+01,1.258367052138350495e+01
4.382966561874821565e+01,1.256236973204019058e+01
4.384967133466705036e+01,1.156548436291066650e+01
4.386967705058588507e+01,1.227970387057399648e+01
4.388968276650471978e+01,1.127379085848910734e+01
4.390968848242355449e+01,1.094268823775819044e+01
4.392969419834238209e+01,1.152602184506662830e+01
4.394969991426121680e+01,1.084675314149863112e+01
4.396970563018005151e+01,1.089334543800744903e+01
4.398971134609888622e+01,1.135378223704430667e+01
4.400971706201772093e+01,1.108134469491632856e+01
4.402972277793655564e+01,1.149721595155473253e+01
4.404972849385539035e+01,1.142180390523059685e+01
4.406973420977422506e+01,1.191156913518070581e+01
4.408973992569305977e+01,1.217407132807302084e+01
4.410974564161189448e+01,1.187345713699560612e+01
4.412975135753072209e+01,1.273113290897054561e+01
4.414975707344955680e+01,1.292991370992609745e+01
4.416976278936839151e+01,1.326808193096992028e+01
4.418976850528722622e+01,1.376936708178458524e+01
4.420977422120606093e+01,1.483684447441260446e+01
4.422977993712489564e+01,1.457511498896238500e+01
4.424978565304373035e+01,1.596183478582741699e+01
4.426979136896256506e+01,1.601293387171845950e+01
4.428979708488139977e+01,1.677809554757733679e+01
4.430980280080022737e+01,1.729048700268066696e+01
4.432980851671906208e+01,1.827602339147771104e+01
4.434981423263789679e+01,1.962554202679737614e+01
4.436981994855673150e+01,1.948478335738935385e+01
4.438982566447556621e+01,2.081220214814059943e+01
4.440983138039440092e+01,2.121414697019111983e+01
4.442983709631323563e+01,2.269933034938587468e+01
4.444984281223207034e+01,2.270959040372732574e+01
4.446984852815090505e+01,2.331585398184809321e+01
4.448985424406973266e+01,2.434500731648033423e+01
4.450985995998856737e+01,2.494237764604515206e+01
4.452986567590740208e+01,2.525596354129987020e+01
4.454987139182623679e+01,2.579036647943028981e+01
4.456987710774507150e+01,2.612925866018969856e+01
4.458988282366390621e+01,2.689422619443293172e+01
4.460988853958274092e+01,2.653955144878668193e+01
4.462989425550157563e+01,2.736502646180757026e+01
4.464989997142041034e+01,2.683293545600222529e+01
4.466990568733924505e+01,2.739557334184072346e+01
4.468991140325807265e+01,2.678808902698313332e+01
4.470991711917690736e+01,2.702342174123660357e+01
4.472992283509574207e+01,2.605644120897109062e+01
4.474992855101457678e+01,2.568799600387815474e+01
4.476993426693341149e+01,2.539311475266146090e+01
4.478993998285224620e+01,2.500910493393423906e+01
4.480994569877108091e+01,2.451472274318139455e+01
4.482995141468991562e+01,2.494019392847899397e+01
4.484995713060875033e+01,2.306852078810317153e+01
4.486996284652757794e+01,2.351715533086223076e+01
4.488996856244641265e+01,2.315420309811057109e+01
4.490997427836524736e+01,2.223504196043865733e+01
4.492997999428408207e+01,2.199568446569797686e+01
4.494998571020291678e+01,2.125387780235395851e+01
4.496999142612175149e+01,2.129096114998071698e+01
4.498999714204058620e+01,1.999961960676910167e+01
4.501000285795942091e+01,1.939517654298076366e+01
4.503000857387825562e+01,1.863266013904943108e+01
4.505001428979709033e+01,1.793196449099119150e+01
4.507002000571591793e+01,1.685205966079339035e+01
4.509002572163475264e+01,1.628492986969635581e+01
4.511003143755358735e+01,1.504505196832468172e+01
4.513003715347242206e+01,1.498229921159793676e+01
4.515004286939125677e+01,1.430875011079411863e+01
4.517004858531009148e+01,1.307588298508135161e+01
4.519005430122892619e+01,1.231920777723662574e+01
4.521006001714776090e+01,1.267218486147186773e+01
4.523006573306659561e+01,1.172237037080204658e+01
4.525007144898542322e+01,1.051185017258897858e+01
4.527007716490425793e+01,1.098153010345698988e+01
4.529008288082309264e+01,1.001108331005569951e+01
4.531008859674192735e+01,1.096711561718578665e+01
4.533009431266076206e+01,9.603062471042411730e+00
4.535010002857959677e+01,9.892758230609162595e+00
4.537010574449843148e+01,9.461192101252434483e+00
4.539011146041726619e+01,8.683980593857041796e+00
4.541011717633610090e+01,8.558022400388788142e+00
4.543012289225492850e+01,8.947162930089893607e+00
4.545012860817376321e+01,8.871582655375046755e+00
4.547013432409259792e+01,8.272764493174816991e+00
4.549014004001143263e+01,7.395460746160352983e+00
4.551014575593026734e+01,8.699904145226129870e+00
4.553015147184910205e+01,8.440655234790147787e+00
4.555015718776793676e+01,7.929949258150024605e+00
4.557016290368677147e+01,7.053831341584102077e+00
4.559016861960560618e+01,7.621663623921213215e+00
4.561017433552444089e+01,7.986397891326337373e+00
4.563018005144326850e+01,7.081997614920923390e+00
4.565018576736210321e+01,8.166261410664148457e+00
4.567019148328093792e+01,7.326724118326894519e+00
4.569019719919977263e+01,7.784969410462752037e+00
4.571020291511860734e+01,7.583653241864190875e+00
4.573020863103744205e+01,7.541169422836200731e+00
4.575021434695627676e+01,7.124592019787433728e+00
4.577022006287511147e+01,7.316403961101472397e+00
4.579022577879394618e+01,7.439529710227306580e+00
4.581023149471277378e+01,7.967726786891502044e+00
4.583023721063160849e+01,7.245352200353817551e+00
4.585024292655044320e+01,7.654247917608536511e+00
4.587024864246927791e+01,7.961962555638466554e+00
4.589025435838811262e+01,7.340785512824718140e+00
4.591026007430694733e+01,7.007832911480743832e+00
4.593026579022578204e+01,7.814846508698617633e+00
4.595027150614461675e+01,6.964382711573270157e+00
4.597027722206345146e+01,7.838834954073483630e+00
4.599028293798228617e+01,8.031703051321963827e+00
4.601028865390111378e+01,7.767835229623679894e+00
4.603029436981994849e+01,7.988647730969072214e+00
4.605030008573878320e+01,7.832243295741772471e+00
4.607030580165761791e+01,8.248947483391463109e+00
4.609031151757645262e+01,7.044348833915766050e+00
4.611031723349528733e+01,7.827014362005877857e+00
4.613032294941412204e+01,8.086412310215942867e+00
4.615032866533295675e+01,7.538331408384886245e+00
4.617033438125179146e+01,8.794463270544111921e+00
4.619034009717061906e+01,8.229589464676790200e+00
4.621034581308945377e+01,8.056929030972142414e+00
4.623035152900828848e+01,7.819402096551783643e+00
4.625035724492712319e+01,8.313593067341090048e+00
4.627036296084595790e+01,8.563364098688179382e+00
4.629036867676479261e+01,8.368498215366809490e+00
4.631037439268362732e+01,8.861295787923467060e+00
4.633038010860246203e+01,9.884402251093156622e+00
4.635038582452129674e+01,9.247302496027506535e+00
4.637039154044012434e+01,1.004752003729958076e+01
4.639039725635895905e+01,9.834692455885360118e+00
4.641040297227779376e+01,1.021187524979164429e+01
4.643040868819662847e+01,1.038779414327744632e+01
4.645041440411546319e+01,1.098295406074381120e+01
4.647042012003429790e+01,1.158016277720452791e+01
4.649042583595313261e+01,1.186845372204270355e+01
4.651043155187196732e+01,1.259376925489899790e+01
4.653043726779080203e+01,1.257888620225063647e+01
4.655044298370963674e+01,1.298132004880828561e+01
4.657044869962846434e+01,1.403925532688454325e+01
4.659045441554729905e+01,1.468649438769106119e+01
4.661046013146613376e+01,1.523118108675468108e+01
4.663046584738496847e+01,1.563403347032996393e+01
4.665047156330380318e+01,1.576053410329784299e+01
4.667047727922263789e+01,1.717267834104079327e+01
4.669048299514147260e+01,1.794915785460913682e+01
4.671048871106030731e+01,1.847763321348420362e+01
4.673049442697914202e+01,1.982546940223844700e+01
4.675050014289796962e+01,2.006141035822291840e+01
4.677050585881680433e+01,2.104056188321964171e+01
4.679051157473563904e+01,2.254589431293790369e+01
4.681051729065447375e+01,2.292741552346288358e+01
4.683052300657330846e+01,2.366527120338647805e+01
4.685052872249214317e+01,2.530555583260840535e+01
4.687053443841097788e+01,2.515905203981583327e+01
4.689054015432981259e+01,2.664789697118072098e+01
4.691054587024864730e+01,2.696585099532424579e+01
4.693055158616748201e+01,2.769171796237210259e+01
4.695055730208630962e+01,2.886076775458480626e+01
4.697056301800514433e+01,2.993470402811169606e+01
4.699056873392397904e+01,3.056218460925199309e+01
4.701057444984281375e+01,3.158267145841270462e+01
4.703058016576164846e+01,3.280741881202605725e+01
4.705058588168048317e+01,3.393831707459867886e+01
4.707059159759931788e+01,3.567552906257152756e+01
4.709059731351815259e+01,3.540230142103854405e+01
4.711060302943698730e+01,3.699028625488995914e+01
4.713060874535581490e+01,3.753839916740501081e+01
4.715061446127464961e+01,3.867621890688695885e+01
4.717062017719348432e+01,3.859040797086940700e+01
4.719062589311231903e+01,3.919648585759438220e+01
4.721063160903115374e+01,3.952602549397356313e+01
4.723063732494998845e+01,3.910100785656169364e+01
4.725064304086882316e+01,3.979935709514602848e+01
4.727064875678765787e+01,3.866135427622052134e+01
4.729065447270649258e+01,3.833249149914090026e+01
4.731066018862532019e+01,3.748190074428307383e+01
4.733066590454415490e+01,3.643924555184842973e+01
4.735067162046298961e+01,3.539678524665661996e+01
4.737067733638182432e+01,3.512645598959845472e+01
4.739068305230065903e+01,3.417608190236063592e+01
4.741068876821949374e+01,3.385642678987662890e+01
4.743069448413832845e+01,3.206498672250425841e+01
4.745070020005716316e+01,3.187491746431797424e+01
4.747070591597599787e+01,3.186508655522513322e+01
4.749071163189483258e+01,3.103256806366044884e+01
4.751071734781366018e+01,3.082838391518451715e+01
4.753072306373249489e+01,3.036168740576005121e+01
4.755072877965132960e+01,2.941586331869576298e+01
4.757073449557016431e+01,2.936487661611981181e+01
4.759074021148899902e+01,3.010350122298792286e+01
4.761074592740783373e+01,2.967586588558430094e+01
4.763075164332666844e+01,3.014221074978328119e+01
4.765075735924550315e+01,3.004235819811207620e+01
4.767076307516433786e+01,2.988466877877666761e+01
4.769076879108316547e+01,3.008394157878027642e+01
4.771077450700200018e+01,3.068085596153225580e+01
4.773078022292083489e+01,3.107959320594129693e+01
4.775078593883966960e+01,3.118793915533935035e+01
4.777079165475850431e+01,3.085206678135555336e+01
4.779079737067733902e+01,3.202851858538889473e+01
4.781080308659617373e+01,3.139236930871813058e+01
4.783080880251500844e+01,3.183580218882585910e+01
4.785081451843384315e+01,3.096869385219987336e+01
4.787082023435267075e+01,3.115864362674406252e+01
4.789082595027150546e+01,3.066649616147241630e+01
4.791083166619034017e+01,3.045369599025380580e+01
4.793083738210917488e+01,3.090771701273443739e+01
4.795084309802800959e+01,3.043624737121184154e+01
4.797084881394684430e+01,2.955267033272746247e+01
4.799085452986567901e+01,2.911819590645384892e+01
4.801086024578451372e+01,3.014695399450030422e+01
4.803086596170334843e+01,2.851797285262446735e+01
4.805087167762218314e+01,2.862081401749112786e+01
4.807087739354101075e+01,2.932110045284618849e+01
4.809088310945984546e+01,2.896274655898090344e+01
4.811088882537868017e+01,2.844374098493960545e+01
4.813089454129751488e+01,2.834365030857532020e+01
4.815090025721634959e+01,2.813188829048669959e+01
4.817090597313518430e+01,2.718033317139166272e+01
4.819091168905401901e+01,2.695846441275485716e+01
4.821091740497285372e+01,2.686094105219966366e+01
4.823092312089168843e+01,2.578704813592332101e+01
4.825092883681051603e+01,2.578351153341618485e+01
4.827093455272935074e+01,2.554741104680342545e+01
4.829094026864818545e+01,2.312779267824204510e+01
4.831094598456702016e+01,2.351426362082673194e+01
4.833095170048585487e+01,2.247708184192094194e+01
4.835095741640468958e+01,2.222179399017337786e+01
4.837096313232352429e+01,2.038145626545027866e+01
4.839096884824235900e+01,2.038891648715567584e+01
4.841097456416119371e+01,1.975894949148126756e+01
4.843098028008002842e+01,1.906448751404752784e+01
4.845098599599885603e+01,1.807078950206458146e+01
4.847099171191769074e+01,1.722164164218211013e+01
4.849099742783652545e+01,1.699285014915913905e+01
4.851100314375536016e+01,1.667209015097400027e+01
4.853100885967419487e+01,1.576589194707604413e+01
4.855101457559302958e+01,1.534443940953470431e+01
4.857102029151186429e+01,1.454430001381130211e+01
4.859102600743069900e+01,1.415003985179210844e+01
4.861103172334953371e+01,1.333745464089699695e+01
4.863103743926836131e+01,1.319235008979796042e+01
4.865104315518719602e+01,1.285626236592770333e+01
4.867104887110603073e+01,1.229605884429532381e+01
4.869105458702486544e+01,1.171280128144320720e+01
4.871106030294370015e+01,1.214300855906279253e+01
4.873106601886253486e+01,1.169643202463722176e+01
4.875107173478136957e+01,1.066490081187826178e+01
4.877107745070020428e+01,1.036841979537394387e+01
4.879108316661903899e+01,1.032811713557880040e+01
4.881108888253786660e+01,9.576582670501659678e+00
4.883109459845670131e+01,1.011183331582019740e+01
4.885110031437553602e+01,1.027662187124658111e+01
4.887110603029437073e+01,1.042182440254108933e+01
4.889111174621320544e+01,9.793509127770178679e+00
4.891111746213204015e+01,9.730775038570390834e+00
4.893112317805087486e+01,1.019277441353175462e+01
4.895112889396970957e+01,1.015246401129819986e+01
4.897113460988854428e+01,1.060103184681559441e+01
4.899114032580737899e+01,1.006205266210019467e+01
4.901114604172620659e+01,1.038410180055729626e+01
4.903115175764504130e+01,9.408860384476685823e+00
4.905115747356387601e+01,1.014539235164608932e+01
4.907116318948271072e+01,9.405994674542586864e+00
4.909116890540154543e+01,1.023173506058227389e+01
4.911117462132038014e+01,1.035633782805993164e+01
4.913118033723921485e+01,1.033724320897442084e+01
4.915118605315804956e+01,1.051820086748975847e+01
4.917119176907688427e+01,1.056897126193021919e+01
4.919119748499571187e+01,1.057970617479293374e+01
4.921120320091454658e+01,1.086840649261359815e+01
4.923120891683338129e+01,9.493322137429540675e+00
4.925121463275221600e+01,1.064644825290794117e+01
4.927122034867105071e+01,1.045646309559292675e+01
4.929122606458988542e+01,1.005810049049565080e+01
4.931123178050872014e+01,9.714409189080932094e+00
4.933123749642755485e+01,9.282727315976293525e+00
4.935124321234638956e+01,9.341474180753738921e+00
4.937124892826522427e+01,9.911111436662391583e+00
4.939125464418405187e+01,8.958136569001634797e+00
4.941126036010288658e+01,9.473833859906442001e+00
4.943126607602172129e+01,9.451718322946199180e+00
4.945127179194055600e+01,8.547713341714970881e+00
4.947127750785939071e+01,9.363004314694542529e+00
4.949128322377822542e+01,8.616010628658996140e+00
4.951128893969706013e+01,8.810584099658164803e+00
4.953129465561589484e+01,1.003567474480813893e+01
4.955130037153472955e+01,9.030677710450355278e+00
4.957130608745355715e+01,9.298995457587526658e+00
4.959131180337239186e+01,9.254051767170643927e+00
4.961131751929122657e+01,8.847709849592803266e+00
4.963132323521006128e+01,9.008730093038201048e+00
4.965132895112889599e+01,8.778134706510348551e+00
4.967133466704773070e+01,9.222392106243257004e+00
4.969134038296656541e+01,8.651750494544302228e+00
4.971134609888540012e+01,8.530259984651856087e+00
4.973135181480423483e+01,8.740143123421781013e+00
4.975135753072306244e+01,9.660626643509601763e+00
4.977136324664189715e+01,9.184723005293808029e+00
4.979136896256073186e+01,9.312032690581208527e+00
4.981137467847956657e+01,9.162958962786589723e+00
4.983138039439840128e+01,1.048557258971632855e+01
4.985138611031723599e+01,1.023368343330869479e+01
4.987139182623607070e+01,1.008377157663591106e+01
4.989139754215490541e+01,1.035164835517751136e+01
4.991140325807374012e+01,1.156546589104462264e+01
4.993140897399257483e+01,1.132045619397094427e+01
4.995141468991140243e+01,1.097817547898694457e+01
4.997142040583023714e+01,1.121309393376334640e+01
4.999142612174907185e+01,1.203808320129152776e+01
5.001143183766790656e+01,1.265304775862994546e+01
5.003143755358674127e+01,1.325327082265312129e+01
5.005144326950557598e+01,1.352209753921739477e+01
5.007144898542441069e+01,1.345084832228734228e+01
5.009145470134324540e+01,1.389279950444493572e+01
5.011146041726208011e+01,1.508761411111374073e+01
5.013146613318090772e+01,1.511954501176481003e+01
5.015147184909974243e+01,1.569802079253084059e+01
5.017147756501857714e+01,1.729281708346155710e+01
5.019148328093741185e+01,1.737885395994880611e+01
5.021148899685624656e+01,1.741387851936804054e+01
5.023149471277508127e+01,1.805154515850348673e+01
5.025150042869391598e+01,1.793952632491711086e+01
5.027150614461275069e+01,1.892238067505081034e+01
5.029151186053158540e+01,1.851689218674430748e+01
5.031151757645042011e+01,1.849876160110291323e+01
5.033152329236924771e+01,1.925711030890157360e+01
5.035152900828808242e+01,1.897369793133855609e+01
5.037153472420691713e+01,1.829007933301851807e+01
5.039154044012575184e+01,1.821413031000246008e+01
5.041154615604458655e+01,1.869615970231537716e+01
5.043155187196342126e+01,1.790037926804701840e+01
5.045155758788225597e+01,1.780517042451327114e+01
5.047156330380109068e+01,1.787667668944035526e+01
5.049156901971992539e+01,1.690758794623471672e+01
5.051157473563875300e+01,1.781726743879418251e+01
5.053158045155758771e+01,1.750571487173849761e+01
5.055158616747642242e+01,1.804563864034088283e+01
5.057159188339525713e+01,1.769927030809871482e+01
5.059159759931409184e+01,1.840901125927701187e+01
5.061160331523292655e+01,1.879851926189927269e+01
5.063160903115176126e+01,1.901448102093912595e+01
5.065161474707059597e+01,1.971359354068382430e+01
5.067162046298943068e+01,2.093947893194537357e+01
5.069162617890825828e+01,2.149908319770137766e+01
5.071163189482709299e+01,2.243750917234232389e+01
5.073163761074592770e+01,2.376626151292740730e+01
5.075164332666476241e+01,2.428686766019235677e+01
5.077164904258359712e+01,2.575588510278213761e+01
5.079165475850243183e+01,2.696831261539101376e+01
5.081166047442126654e+01,2.831093137215445665e+01
5.083166619034010125e+01,2.942325520122464866e+01
5.085167190625893596e+01,3.065920336766811261e+01
5.087167762217777067e+01,3.187634295374056137e+01
5.089168333809659828e+01,3.279220009465749541e+01
5.091168905401543299e+01,3.402435822198252424e+01
5.093169476993426770e+01,3.527583031291078441e+01
5.095170048585310241e+01,3.610124701030432703e+01
5.097170620177193712e+01,3.713862242425973648e+01
5.099171191769077183e+01,3.854049966281827722e+01
5.101171763360960654e+01,3.939876653916464022e+01
5.103172334952844125e+01,3.930948133953987877e+01
5.105172906544727596e+01,3.998427582774054656e+01
5.107173478136610356e+01,4.043182017229700875e+01
5.109174049728493827e+01,4.018804021092672940e+01
5.111174621320377298e+01,4.027819623592991860e+01
5.113175192912260769e+01,3.952117297628240777e+01
5.115175764504144240e+01,3.860624098962665585e+01
5.117176336096027711e+01,3.936603709022908504e+01
5.119176907687911182e+01,3.787222105916696080e+01
5.121177479279794653e+01,3.723989852311324000e+01
5.123178050871678124e+01,3.492255459291325081e+01
5.125178622463561595e+01,3.458270978085275971e+01
5.127179194055444356e+01,3.365890511164877807e+01
5.129179765647327827e+01,3.226890084267802195e+01
5.131180337239211298e+01,3.159987071583936213e+01
5.133180908831094769e+01,3.025144008894586989e+01
5.135181480422978240e+01,2.894870284937784177e+01
5.137182052014861711e+01,2.593411064410776135e+01
5.139182623606745182e+01,2.504120707573719429e+01
5.141183195198628653e+01,2.379746677139601019e+01
5.143183766790512124e+01,2.267552617619629984e+01
5.145184338382394884e+01,2.104649817776390819e+01
5.147184909974278355e+01,2.064293784251483999e+01
5.149185481566161826e+01,1.955961642356200514e+01
5.151186053158045297e+01,1.855431792973524807e+01
5.153186624749928768e+01,1.698406691709320526e+01
5.155187196341812239e+01,1.598431826084160079e+01
5.157187767933695710e+01,1.503987216529855431e+01
5.159188339525579181e+01,1.398008972538992722e+01
5.161188911117462652e+01,1.317569263771683197e+01
5.163189482709345413e+01,1.273938552907155497e+01
5.165190054301228884e+01,1.208302127346222399e+01
5.167190625893112355e+01,1.161882524845308851e+01
5.169191197484995826e+01,1.098161449950464785e+01
5.171191769076879297e+01,1.124525372943802815e+01
5.173192340668762768e+01,1.020412729496604953e+01
5.175192912260646239e+01,1.008156135014305832e+01
5.177193483852529710e+01,1.001941198006694123e+01
5.179194055444413181e+01,9.151810182212143374e+00
5.181194627036296652e+01,8.785173606791007117e+00
5.183195198628179412e+01,9.184986703338633873e+00
5.185195770220062883e+01,8.954965604283783520e+00
5.187196341811946354e+01,8.899829326085090031e+00
5.189196913403829825e+01,8.276042912559805842e+00
5.191197484995713296e+01,9.016689077705500210e+00
5.193198056587596767e+01,8.648258826190764026e+00
5.195198628179480238e+01,7.778497607690692206e+00
5.197199199771363709e+01,7.964738302776448009e+00
5.199199771363247180e+01,7.955287244592331497e+00
5.201200342955129940e+01,8.040327585693663792e+00
5.203200914547013411e+01,8.359057614483340615e+00
5.205201486138896882e+01,7.619146025691067692e+00
5.207202057730780353e+01,7.182865897229721242e+00
5.209202629322663824e+01,6.816140392900878808e+00
5.211203200914547295e+01,7.513885310870672463e+00
5.213203772506430766e+01,7.074521376847919818e+00
5.215204344098314237e+01,8.191958004780977021e+00
5.217204915690197708e+01,7.804498848724652049e+00
5.219205487282081180e+01,7.398470517225566923e+00
5.221206058873963940e+01,7.196196507068449932e+00
5.223206630465847411e+01,7.374732848684089959e+00
5.225207202057730882e+01,6.401208790838301965e+00
5.227207773649614353e+01,6.689412093417503868e+00
5.229208345241497824e+01,6.758793359753017427e+00
5.231208916833381295e+01,7.127859923440768242e+00
5.233209488425264766e+01,6.404722206195339496e+00
5.235210060017148237e+01,6.393039687179777886e+00
5.237210631609031708e+01,7.070259903890446118e+00
5.239211203200914468e+01,7.525230810927183711e+00
5.241211774792797939e+01,7.355674535175197981e+00
5.243212346384681410e+01,6.131264526160951078e+00
5.245212917976564881e+01,6.617975412621545317e+00
5.247213489568448352e+01,6.664745262177900642e+00
5.249214061160331823e+01,7.511105570267736731e+00
5.251214632752215294e+01,7.763374573463943662e+00
5.253215204344098765e+01,7.181534547514082156e+00
5.255215775935982236e+01,7.076887313084213815e+00
5.257216347527864997e+01,6.428192600681489566e+00
5.259216919119748468e+01,6.954047099125597597e+00
5.261217490711631939e+01,7.026520034797640868e+00
5.263218062303515410e+01,6.577468811105232405e+00
5.265218633895398881e+01,6.561794506977815189e+00
5.267219205487282352e+01,7.130675474947480552e+00
5.269219777079165823e+01,7.168362390871957146e+00
5.271220348671049294e+01,6.110816742157325621e+00
5.273220920262932765e+01,7.728553100153698452e+00
5.275221491854816236e+01,7.543261886810824990e+00
5.277222063446698996e+01,7.107106750351215751e+00
5.279222635038582467e+01,6.662168987319037505e+00
5.281223206630465938e+01,7.559215897145869612e+00
5.283223778222349409e+01,7.415210388031674427e+00
5.285224349814232880e+01,7.200041440928107050e+00
5.287224921406116351e+01,6.725383856389649750e+00
5.289225492997999822e+01,7.130108200392840878e+00
5.291226064589883293e+01,7.003380825213096017e+00
5.293226636181766764e+01,6.929306220524967586e+00
5.295227207773649525e+01,6.522459204739767813e+00
5.297227779365532996e+01,7.411662994875309884e+00
5.299228350957416467e+01,7.105506633736738742e+00
5.301228922549299938e+01,7.625611190229058423e+00
5.303229494141183409e+01,8.269483357742219098e+00
5.305230065733066880e+01,7.115440777161802011e+00
5.307230637324950351e+01,7.731862842317259954e+00
5.309231208916833822e+01,7.054004213662692813e+00
5.311231780508717293e+01,7.807333096207570655e+00
5.313232352100600764e+01,7.737642629722914833e+00
5.315232923692483524e+01,7.700778205892198081e+00
5.317233495284366995e+01,7.582780804859995172e+00
5.319234066876250466e+01,8.290160610834872656e+00
5.321234638468133937e+01,7.718268617271179188e+00
5.323235210060017408e+01,8.330098454465694857e+00
5.325235781651900879e+01,8.542872421136369354e+00
5.327236353243784350e+01,8.999811314980366461e+00
5.329236924835667821e+01,8.509992900411507577e+00
5.331237496427551292e+01,8.998253177958236648e+00
5.333238068019434053e+01,9.570015845818211631e+00
5.335238639611317524e+01,9.056422188446935806e+00
5.337239211203200995e+01,9.006165237831877945e+00
5.339239782795084466e+01,9.401969998947507179e+00
5.341240354386967937e+01,9.457155795499065931e+00
5.343240925978851408e+01,9.307098134414395929e+00
5.345241497570734879e+01,9.756077711827465748e+00
5.347242069162618350e+01,9.507874514191446025e+00
5.349242640754501821e+01,1.007525838777474902e+01
5.351243212346384581e+01,9.325866931474397603e+00
5.353243783938268052e+01,9.368593499772163824e+00
5.355244355530151523e+01,9.011914757267039278e+00
5.357244927122034994e+01,9.690675103580900895e+00
5.359245498713918465e+01,9.444655440696774207e+00
5.361246070305801936e+01,9.107469823297126510e+00
5.363246641897685407e+01,9.287211731551423100e+00
5.365247213489568878e+01,9.630251667112188940e+00
5.367247785081452349e+01,9.678210842144270742e+00
5.369248356673335820e+01,1.008957205259442169e+01
5.371248928265218581e+01,9.567690167214312424e+00
5.373249499857102052e+01,9.838010219106459786e+00
5.375250071448985523e+01,9.820943741880419964e+00
5.377250643040868994e+01,9.704661888332932307e+00
5.379251214632752465e+01,9.834987443579459310e+00
5.381251786224635936e+01,1.037389820938700424e+01
5.383252357816519407e+01,1.097170531316985631e+01
5.385252929408402878e+01,1.000254946872736284e+01
5.387253501000286349e+01,1.175671155124759792e+01
5.389254072592169109e+01,1.205420632851935636e+01
5.391254644184052580e+01,1.161920906175046397e+01
5.393255215775936051e+01,1.234685761837136297e+01
5.395255787367819522e+01,1.294420163574746496e+01
5.397256358959702993e+01,1.343148662362325751e+01
5.399256930551586464e+01,1.363418140909773868e+01
5.401257502143469935e+01,1.443477048820660613e+01
5.403258073735353406e+01,1.465011468601702305e+01
5.405258645327236877e+01,1.564020190820583167e+01
5.407259216919120348e+01,1.611544471431366432e+01
5.409259788511003109e+01,1.734946549095289114e+01
5.411260360102886580e+01,1.772141953792040070e+01
5.413260931694770051e+01,1.869192801898906708e+01
5.415261503286653522e+01,1.929522777588692151e+01
5.417262074878536993e+01,2.013517000145334634e+01
5.419262646470420464e+01,2.074944856602584053e+01
5.421263218062303935e+01,2.197437446682500450e+01
5.423263789654187406e+01,2.238067768714307704e+01
5.425264361246070877e+01,2.359192305997475358e+01
5.427264932837953637e+01,2.338799003874755300e+01
5.429265504429837108e+01,2.399285810914881267e+01
5.431266076021720579e+01,2.493741958813524562e+01
5.433266647613604050e+01,2.574768327409456958e+01
5.435267219205487521e+01,2.546111029591942554e+01
5.437267790797370992e+01,2.630369796515974912e+01
5.439268362389254463e+01,2.711281052329037777e+01
5.441268933981137934e+01,2.692675304262779790e+01
5.443269505573021405e+01,2.774055637085169224e+01
5.445270077164904166e+01,2.683624601581576741e+01
5.447270648756787637e+01,2.781456656474870215e+01
5.449271220348671108e+01,2.724980378200164211e+01
5.451271791940554579e+01,2.793739635012885003e+01
5.453272363532438050e+01,2.794328560635347714e+01
5.455272935124321521e+01,2.685514791529207912e+01
5.457273506716204992e+01,2.726204783481775706e+01
5.459274078308088463e+01,2.695945802738880559e+01
5.461274649899971934e+01,2.734913281211832015e+01
5.463275221491855405e+01,2.790462703337727390e+01
5.465275793083738165e+01,2.793727484905404168e+01
5.467276364675621636e+01,2.814722057865063931e+01
5.469276936267505107e+01,2.864655365565049294e+01
5.471277507859388578e+01,2.852390565396103028e+01
5.473278079451272049e+01,2.908252069625357095e+01
5.475278651043155520e+01,3.030769697624577219e+01
5.477279222635038991e+01,3.045597957777841458e+01
5.479279794226922462e+01,3.149176687326850299e+01
5.481280365818805933e+01,3.154425438062898834e+01
5.483280937410688693e+01,3.184421956227211226e+01
5.485281509002572164e+01,3.172806324643417497e+01
5.487282080594455635e+01,3.195360613347553880e+01
5.489282652186339106e+01,3.303422397119103948e+01
5.491283223778222577e+01,3.193108534186105629e+01
5.493283795370106048e+01,3.212818268079863770e+01
5.495284366961989519e+01,3.220801079199206640e+01
5.497284938553872990e+01,3.120650672020702387e+01
5.499285510145756461e+01,3.069489952220314777e+01
5.501286081737639222e+01,2.980307600053453854e+01
5.503286653329522693e+01,2.940690757343784156e+01
5.505287224921406164e+01,2.827923124188034620e+01
5.507287796513289635e+01,2.774840292783640194e+01
5.509288368105173106e+01,2.742045743841895344e+01
5.511288939697056577e+01,2.682926077666407849e+01
5.513289511288940048e+01,2.591193579207202902e+01
5.515290082880823519e+01,2.514410209977311439e+01
5.517290654472706990e+01,2.447542626963002732e+01
5.519291226064590461e+01,2.402559222247532844e+01
5.521291797656473221e+01,2.342069220522892437e+01
5.523292369248356692e+01,2.236691605034180697e+01
5.525292940840240163e+01,2.198122762178270762e+01
5.527293512432123634e+01,2.075318605168861552e+01
5.529294084024007105e+01,2.014065977327697965e+01
5.531294655615890576e+01,1.955173101329546981e+01
5.533295227207774047e+01,1.917987398203729654e+01
5.535295798799657518e+01,1.851677429768310290e+01
5.537296370391540989e+01,1.694172677021570195e+01
5.539296941983423750e+01,1.793375654766329319e+01
5.541297513575307221e+01,1.685858333399394127e+01
5.543298085167190692e+01,1.531838011469247007e+01
5.545298656759074163e+01,1.474196634730720135e+01
5.547299228350957634e+01,1.474683308690702432e+01
5.549299799942841105e+01,1.378444318049596617e+01
5.551300371534724576e+01,1.355564196727201676e+01
5.553300943126608047e+01,1.287456117140429157e+01
5.555301514718491518e+01,1.192666281776980597e+01
5.557302086310374989e+01,1.182585933249641919e+01
5.559302657902257749e+01,1.220438922080947108e+01
5.561303229494141220e+01,1.144341203505021909e+01
5.563303801086024691e+01,1.168001041529431916e+01
5.565304372677908162e+01,1.101316489836228563e+01
5.567304944269791633e+01,1.052309109438017565e+01
5.569305515861675104e+01,1.065474896448872855e+01
5.571306087453558575e+01,1.075027050223592440e+01
5.573306659045442046e+01,1.091665732460132077e+01
5.575307230637325517e+01,1.000720647328033230e+01
5.577307802229208278e+01,1.068888197938102103e+01
5.579308373821091749e+01,1.127489370455245776e+01
5.581308945412975220e+01,1.013286414865812723e+01
5.583309517004858691e+01,1.031917597511337803e+01
5.585310088596742162e+01,1.097607377094006154e+01
5.587310660188625633e+01,1.078051136109795038e+01
5.589311231780509104e+01,1.091764553768078372e+01
5.591311803372392575e+01,1.065813904038795101e+01
5.593312374964276046e+01,1.045167179864356299e+01
5.595312946556158806e+01,1.085242038238169293e+01
5.597313518148042277e+01,1.151568951965373344e+01
5.599314089739925748e+01,1.131974646042087329e+01
5.601314661331809219e+01,1.148505961372506867e+01
5.603315232923692690e+01,1.215260447511392172e+01
5.605315804515576161e+01,1.203890418326188794e+01
5.607316376107459632e+01,1.278826178672170677e+01
5.609316947699343103e+01,1.243586687528265955e+01
5.611317519291226574e+01,1.307711033640436504e+01
5.613318090883110045e+01,1.292723390081191326e+01
5.615318662474992806e+01,1.315625275879624212e+01
5.617319234066876277e+01,1.319380620870176202e+01
5.619319805658759748e+01,1.307024508172959365e+01
5.621320377250643219e+01,1.392916856870813902e+01
5.623320948842526690e+01,1.341193591365431104e+01
5.625321520434410161e+01,1.401961716348388265e+01
5.627322092026293632e+01,1.389197595736138879e+01
5.629322663618177103e+01,1.353061431754154498e+01
5.631323235210060574e+01,1.363003055371847339e+01
5.633323806801943334e+01,1.430761636746854037e+01
5.635324378393826805e+01,1.473800212822025379e+01
5.637324949985710276e+01,1.437176543486897806e+01
5.639325521577593747e+01,1.508485632185112557e+01
5.641326093169477218e+01,1.457832789861712719e+01
5.643326664761360689e+01,1.542245228683014346e+01
5.645327236353244160e+01,1.463690496758842485e+01
5.647327807945127631e+01,1.541000209769256557e+01
5.649328379537011102e+01,1.494670898820348270e+01
5.651328951128894573e+01,1.565093490334074744e+01
5.653329522720777334e+01,1.596592511012645410e+01
5.655330094312660805e+01,1.561984898083728979e+01
5.657330665904544276e+01,1.594317211887049268e+01
5.659331237496427747e+01,1.656003980699906464e+01
5.661331809088311218e+01,1.639701330868560092e+01
5.663332380680194689e+01,1.632121184322748420e+01
5.665332952272078160e+01,1.714407130547090929e+01
5.667333523863961631e+01,1.711219522035580098e+01
5.669334095455845102e+01,1.716243087875240292e+01
5.671334667047727862e+01,1.802997663402548767e+01
5.673335238639611333e+01,1.770191356069695132e+01
5.675335810231494804e+01,1.711075523651881269e+01
5.677336381823378275e+01,1.714677888998976840e+01
5.679336953415261746e+01,1.770143457291991140e+01
5.681337525007145217e+01,1.757556096591036265e+01
5.683338096599028688e+01,1.764941874393890586e+01
5.685338668190912159e+01,1.811285415873630811e+01
5.687339239782795630e+01,1.814129483022794531e+01
5.689339811374678391e+01,1.739028843785271761e+01
5.691340382966561862e+01,1.736847130074136203e+01
5.693340954558445333e+01,1.745215247454704155e+01
5.695341526150328804e+01,1.667429371240452696e+01
5.697342097742212275e+01,1.766560223314745670e+01
5.699342669334095746e+01,1.684247655670584720e+01
5.701343240925979217e+01,1.707340658204590866e+01
5.703343812517862688e+01,1.594479461762747619e+01
5.705344384109746159e+01,1.597386037452350394e+01
5.707344955701629630e+01,1.543213496352510461e+01
5.709345527293512390e+01,1.602142118650638025e+01
5.711346098885395861e+01,1.547543393017890700e+01
5.713346670477279332e+01,1.474899985561764915e+01
5.715347242069162803e+01,1.462494724367176246e+01
5.717347813661046274e+01,1.423607822582875926e+01
5.719348385252929745e+01,1.378819723492608773e+01
5.721348956844813216e+01,1.280303439705062907e+01
5.723349528436696687e+01,1.296520608010535369e+01
5.725350100028580158e+01,1.241959073504524191e+01
5.727350671620462919e+01,1.125573766192867353e+01
5.729351243212346390e+01,1.180560931617770848e+01
5.731351814804229861e+01,1.153672281341525263e+01
5.733352386396113332e+01,1.133556890440584652e+01
5.735352957987996803e+01,1.092524392597763239e+01
5.737353529579880274e+01,1.065065188528784468e+01
5.739354101171763745e+01,1.138103748584873642e+01
5.741354672763647216e+01,1.030282287968550747e+01
5.743355244355530687e+01,9.954598651942852428e+00
5.745355815947414158e+01,1.049541538014053010e+01
5.747356387539296918e+01,1.046606180359547622e+01
5.749356959131180389e+01,1.036132358214972982e+01
5.751357530723063860e+01,1.032216053515300302e+01
5.753358102314947331e+01,1.000760725009323693e+01
5.755358673906830802e+01,9.832327006546748294e+00
5.757359245498714273e+01,9.733639344143789174e+00
5.759359817090597744e+01,9.558539726048644880e+00
5.761360388682481215e+01,1.046941718290345058e+01
5.763360960274364686e+01,9.635871045796518430e+00
5.765361531866247446e+01,9.697107049484920083e+00
5.767362103458130917e+01,1.030627452325389726e+01
5.769362675050014388e+01,1.020328345136038095e+01
5.771363246641897859e+01,9.980738273833312135e+00
5.773363818233781330e+01,9.821579515432421914e+00
5.775364389825664801e+01,9.455955973850697305e+00
5.777364961417548272e+01,1.008486994470055365e+01
5.779365533009431743e+01,1.011656621864547745e+01
5.781366104601315214e+01,1.105457908999354544e+01
5.783366676193197975e+01,1.060276730030957637e+01
5.785367247785081446e+01,1.074383715514690962e+01
5.787367819376964917e+01,1.039360702628128230e+01
5.789368390968848388e+01,1.050062481507141676e+01
5.791368962560731859e+01,1.013830678577815547e+01
5.793369534152615330e+01,1.111452739619897656e+01
5.795370105744498801e+01,1.063415433016742284e+01
5.797370677336382272e+01,1.212136760884429521e+01
5.799371248928265743e+01,1.199577313072321516e+01
5.801371820520149214e+01,1.257784530346046559e+01
5.803372392112031974e+01,1.271001653288717748e+01
5.805372963703915445e+01,1.320264849858935996e+01
5.807373535295798916e+01,1.375916946566139210e+01
5.809374106887682387e+01,1.297249093126639963e+01
5.811374678479565858e+01,1.395988414009537948e+01
5.813375250071449329e+01,1.486337505818828575e+01
5.815375821663332800e+01,1.536817381324122067e+01
5.817376393255216271e+01,1.603597081319692919e+01
5.819376964847099742e+01,1.575312463142715202e+01
5.821377536438982503e+01,1.689834485803564235e+01
5.823378108030865974e+01,1.668335171383239768e+01
5.825378679622749445e+01,1.757792975309341799e+01
5.827379251214632916e+01,1.836287024921260524e+01
5.829379822806516387e+01,1.848847613259732015e+01
5.831380394398399858e+01,1.874922411870094408e+01
5.833380965990283329e+01,1.965100807960858020e+01
5.835381537582166800e+01,1.939434769703230899e+01
5.837382109174050271e+01,2.123624628401733361e+01
5.839382680765933742e+01,2.123475906545164094e+01
5.841383252357816502e+01,2.130426325616739547e+01
5.843383823949699973e+01,2.195822985994757204e+01
5.845384395541583444e+01,2.208553179992918558e+01
5.847384967133466915e+01,2.270459175146174857e+01
5.849385538725350386e+01,2.290597989843739413e+01
5.851386110317233857e+01,2.402137874459675615e+01
5.853386681909117328e+01,2.487615525595539623e+01
5.855387253501000799e+01,2.488355638188633634e+01
5.857387825092884270e+01,2.451177677706257896e+01
5.859388396684767031e+01,2.558621614980967962e+01
5.861388968276650502e+01,2.487242963663401696e+01
5.863389539868533973e+01,2.620286070081833429e+01
5.865390111460417444e+01,2.528140381488848121e+01
5.867390683052300915e+01,2.620617828865499988e+01
5.869391254644184386e+01,2.586098928533589003e+01
5.871391826236067857e+01,2.519875090299741061e+01
5.873392397827951328e+01,2.541498209931119590e+01
5.875392969419834799e+01,2.499761542020902993e+01
5.877393541011717559e+01,2.426047318970062605e+01
5.879394112603601030e+01,2.373136688995069221e+01
5.881394684195484501e+01,2.324662774280848154e+01
5.883395255787367972e+01,2.181678817486784183e+01
5.885395827379251443e+01,2.101984804801114137e+01
5.887396398971134914e+01,2.048602011791129485e+01
5.889396970563018385e+01,1.977866904669590298e+01
5.891397542154901856e+01,1.896976883130641767e+01
5.893398113746785327e+01,1.845234522940305055e+01
5.895398685338668798e+01,1.757228768874296776e+01
5.897399256930551559e+01,1.680198144098345381e+01
5.899399828522435030e+01,1.629772146622106987e+01
5.901400400114318501e+01,1.536070016927515525e+01
5.903400971706201972e+01,1.496036540366772272e+01
5.905401543298085443e+01,1.426683650364340394e+01
5.907402114889968914e+01,1.340059030420584385e+01
5.909402686481852385e+01,1.371368756347206030e+01
5.911403258073735856e+01,1.360368078653960566e+01
5.913403829665619327e+01,1.277751384048529637e+01
5.915404401257502087e+01,1.307362117059264150e+01
5.917404972849385558e+01,1.229964335164055456e+01
5.919405544441269029e+01,1.195913096759733563e+01
5.921406116033152500e+01,1.164632965324762637e+01
5.923406687625035971e+01,1.170392878789037994e+01
5.925407259216919442e+01,1.224518022426742547e+01
5.927407830808802913e+01,1.169874412746646364e+01
5.929408402400686384e+01,1.222857323471224156e+01
5.931408973992569855e+01,1.240646800617782475e+01
5.933409545584453326e+01,1.261028795347055365e+01
5.935410117176336087e+01,1.210889225675168390e+01
5.937410688768219558e+01,1.333409868126146769e+01
5.939411260360103029e+01,1.291663312990876555e+01
5.941411831951986500e+01,1.298573915800571044e+01
5.943412403543869971e+01,1.397495018755995133e+01
5.945412975135753442e+01,1.370964673050781357e+01
5.947413546727636913e+01,1.462416513881294478e+01
5.949414118319520384e+01,1.495926486432987446e+01
5.951414689911403855e+01,1.566180460637309224e+01
5.953415261503286615e+01,1.571067228427508056e+01
5.955415833095170086e+01,1.603389840922670473e+01
5.957416404687053557e+01,1.618643596306689147e+01
5.959416976278937028e+01,1.650933620361464449e+01
5.961417547870820499e+01,1.723845604245514451e+01
5.963418119462703970e+01,1.778167919623135873e+01
5.965418691054587441e+01,1.784297561354611616e+01
5.967419262646470912e+01,1.777460514586228157e+01
5.969419834238354383e+01,1.888286831967528201e+01
5.971420405830237144e+01,1.889058538162490208e+01
5.973420977422120615e+01,1.934004664878855095e+01
5.975421549014004086e+01,1.903320628708718232e+01
5.977422120605887557e+01,1.935383414310447847e+01
5.979422692197771028e+01,1.941555314449702507e+01
5.981423263789654499e+01,1.970683196375035706e+01
5.983423835381537970e+01,1.899741219721987306e+01
5.985424406973421441e+01,1.861460750933023434e+01
5.987424978565304912e+01,1.898992797416060441e+01
5.989425550157188383e+01,1.829468192592049647e+01
5.991426121749071143e+01,1.892564158111422756e+01
5.993426693340954614e+01,1.927832579222464204e+01
5.995427264932838085e+01,1.805822988921970307e+01
5.997427836524721556e+01,1.830491504364179889e+01
5.999428408116605027e+01,1.769262475456853423e+01
6.001428979708488498e+01,1.805331446583326738e+01
6.003429551300371969e+01,1.831091011056221163e+01
6.005430122892255440e+01,1.874678813849552839e+01
6.007430694484138911e+01,1.881684580117124383e+01
6.009431266076021672e+01,1.767940538358473290e+01
6.011431837667905143e+01,1.920981488148873595e+01
6.013432409259788614e+01,1.872593072513978640e+01
6.015432980851672085e+01,1.872271133143215849e+01
6.017433552443555556e+01,1.975207114743061254e+01
6.019434124035439027e+01,1.915840909476317933e+01
6.021434695627322498e+01,1.890545496576698525e+01
6.023435267219205969e+01,1.899999047341750469e+01
6.025435838811089440e+01,1.906535995002214179e+01
6.027436410402972911e+01,1.955451668729043035e+01
6.029436981994855671e+01,1.834338299026656927e+01
6.031437553586739142e+01,1.808968759680912797e+01
6.033438125178622613e+01,1.757330288905759375e+01
6.035438696770506084e+01,1.722363336009102852e+01
6.037439268362389555e+01,1.694431266255381274e+01
6.039439839954273026e+01,1.707557011325267027e+01
6.041440411546156497e+01,1.502070145396628220e+01
6.043440983138039968e+01,1.503857271467904866e+01
6.045441554729923439e+01,1.469545638179038605e+01
6.047442126321806199e+01,1.429043101931230630e+01
6.049442697913689670e+01,1.390065207997322716e+01
6.051443269505573141e+01,1.265298951720502174e+01
6.053443841097456612e+01,1.361144261604927230e+01
6.055444412689340083e+01,1.217938685600999627e+01
6.057444984281223554e+01,1.227057056034700189e+01
6.059445555873107025e+01,1.184856286378569834e+01
6.061446127464990496e+01,1.177191753464577673e+01
6.063446699056873967e+01,1.149123241654116256e+01
6.065447270648756728e+01,1.137476344351391333e+01
6.067447842240640199e+01,1.092518758275822499e+01
6.069448413832523670e+01,1.129953991248826028e+01
6.071448985424407141e+01,1.004349124610439681e+01
6.073449557016290612e+01,1.001424214192634388e+01
6.075450128608174083e+01,9.420222108603375943e+00
6.077450700200057554e+01,1.008617127822959603e+01
6.079451271791941025e+01,9.520623308021258779e+00
6.081451843383824496e+01,9.461198821937259140e+00
6.083452414975707967e+01,9.651193427698245841e+00
6.085452986567590727e+01,9.483248184268783021e+00
6.087453558159474198e+01,8.629590314342561186e+00
6.089454129751357669e+01,8.314428467883852036e+00
6.091454701343241140e+01,9.281747117754804322e+00
6.093455272935124611e+01,8.916488050016596389e+00
6.095455844527008082e+01,9.214713095045723890e+00
6.097456416118891553e+01,8.948104644822947762e+00
6.099456987710775024e+01,8.319706804464871652e+00
6.101457559302658495e+01,9.148896866947602291e+00
6.103458130894541256e+01,9.459637382564515917e+00
6.105458702486424727e+01,8.879457328845031583e+00
6.107459274078308198e+01,8.878714231105083954e+00
6.109459845670191669e+01,9.231524796759396523e+00
6.111460417262075140e+01,9.080072369417841571e+00
6.113460988853958611e+01,9.069261440567418120e+00
6.115461560445842082e+01,9.173156232535179200e+00
6.117462132037725553e+01,9.594591884796109582e+00
6.119462703629609024e+01,9.354024786770864353e+00
6.121463275221492495e+01,9.920853632950668910e+00
6.123463846813375255e+01,9.559710455275471475e+00
6.125464418405258726e+01,9.793629194651703784e+00
6.127464989997142197e+01,9.611844087486076660e+00
6.129465561589025668e+01,9.501705110619164785e+00
6.131466133180909139e+01,9.758376271760448972e+00
6.133466704772792610e+01,9.447081255442620673e+00
6.135467276364676081e+01,9.686771729923389529e+00
6.137467847956559552e+01,1.011039204247900791e+01
6.139468419548443023e+01,1.104967381067704402e+01
6.141468991140325784e+01,1.082796867395797946e+01
6.143469562732209255e+01,1.041058957632677462e+01
6.145470134324092726e+01,1.064853863719248395e+01
6.147470705915976197e+01,1.075588518163798568e+01
6.149471277507859668e+01,1.120152980821205091e+01
6.151471849099743139e+01,1.162329881581062452e+01
6.153472420691626610e+01,1.195035999814169259e+01
6.155472992283510081e+01,1.289271388521206951e+01
6.157473563875393552e+01,1.233698124313930578e+01
6.159474135467276312e+01,1.273521250602646404e+01
6.161474707059159783e+01,1.366753535895285232e+01
6.163475278651043254e+01,1.322167958560177325e+01
6.165475850242926725e+01,1.388985009263570447e+01
6.167476421834810196e+01,1.371461406270584504e+01
6.169476993426693667e+01,1.341851056435606182e+01
6.171477565018577138e+01,1.510279375474140551e+01
6.173478136610460609e+01,1.465223507316027352e+01
6.175478708202344080e+01,1.522673758866800142e+01
6.177479279794227551e+01,1.535955998960710112e+01
6.179479851386110312e+01,1.571026012402780836e+01
6.181480422977993783e+01,1.499989772125018561e+01
6.183480994569877254e+01,1.605375182246901744e+01
6.185481566161760725e+01,1.489079686659550816e+01
6.187482137753644196e+01,1.447852008884037645e+01
6.189482709345527667e+01,1.468012032843291337e+01
6.191483280937411138e+01,1.501910818647556312e+01
6.193483852529294609e+01,1.531385879650029835e+01
6.195484424121178080e+01,1.503356956933374455e+01
6.197484995713060840e+01,1.416743526888995675e+01
6.199485567304944311e+01,1.284963462493029951e+01
6.201486138896827782e+01,1.330622648512587602e+01
6.203486710488711253e+01,1.198408366752277132e+01
6.205487282080594724e+01,1.258208669551907199e+01
6.207487853672478195e+01,1.225048377732485250e+01
6.209488425264361666e+01,1.221118543387242639e+01
6.211488996856245137e+01,1.049848914522580046e+01
6.213489568448128608e+01,1.084090402175742263e+01
6.215490140040011369e+01,9.812956806879398641e+00
6.217490711631894840e+01,1.008692260289935483e+01
6.219491283223778311e+01,9.352716267331260269e+00
6.221491854815661782e+01,9.455951685597474565e+00
6.223492426407545253e+01,9.879127563014048263e+00
6.225492997999428724e+01,1.014310081179156597e+01
6.227493569591312195e+01,9.045298564601534252e+00
6.229494141183195666e+01,9.766764956122052865e+00
6.231494712775079137e+01,8.711636459755526474e+00
6.233495284366962608e+01,8.693662933214994837e+00
6.235495855958845368e+01,8.946421739911542659e+00
6.237496427550728839e+01,8.254094183732933132e+00
6.239496999142612310e+01,8.886812045504273172e+00
6.241497570734495781e+01,8.614531661423665554e+00
6.243498142326379252e+01,8.278703750834218056e+00
6.245498713918262723e+01,8.518536063215233156e+00
6.247499285510146194e+01,9.124070833193826502e+00
6.249499857102029665e+01,9.447853671534623743e+00
6.251500428693913136e+01,1.013378335882557479e+01
6.253501000285795897e+01,9.642255447300925653e+00
6.255501571877679368e+01,9.524255044953726212e+00
6.257502143469562839e+01,1.087198044224404114e+01
6.259502715061446310e+01,1.150155345964292408e+01
6.261503286653329781e+01,1.172290001034329876e+01
6.263503858245213252e+01,1.153604970430115628e+01
6.265504429837096723e+01,1.215815174467203619e+01
6.267505001428980194e+01,1.237263562757727620e+01
6.269505573020863665e+01,1.353408779251658345e+01
6.271506144612747136e+01,1.272919155073038766e+01
6.273506716204629896e+01,1.307608374393430495e+01
6.275507287796513367e+01,1.373237770605609320e+01
6.277507859388396838e+01,1.402319795940857361e+01
6.279508430980280309e+01,1.421537906670233653e+01
6.281509002572163780e+01,1.474835455845517806e+01
6.283509574164047251e+01,1.487569431060371627e+01
6.285510145755930722e+01,1.497854564061010763e+01
6.287510717347814193e+01,1.382676627777976108e+01
6.289511288939697664e+01,1.394769247559889891e+01
6.291511860531580425e+01,1.484272627970172209e+01
6.293512432123463896e+01,1.489183723804305615e+01
6.295513003715347367e+01,1.376630504868245808e+01
6.297513575307230838e+01,1.377710066350242357e+01
6.299514146899114309e+01,1.385582816423220365e+01
6.301514718490997780e+01,1.390107447926365580e+01
6.303515290082881251e+01,1.390973300309957850e+01
6.305515861674764722e+01,1.319218364589723791e+01
6.307516433266648193e+01,1.291845624810006044e+01
6.309517004858530953e+01,1.315813159470187088e+01
6.311517576450414424e+01,1.271089653768285110e+01
6.313518148042297895e+01,1.305051807602696812e+01
6.315518719634181366e+01,1.354790955618211790e+01
6.317519291226064837e+01,1.315665224312393811e+01
6.319519862817948308e+01,1.238720680819190179e+01
6.321520434409831779e+01,1.302152459482590885e+01
6.323521006001715250e+01,1.242131677438070447e+01
6.325521577593598721e+01,1.242221336229075312e+01
6.327522149185482192e+01,1.158301321055778743e+01
6.329522720777364952e+01,1.190464516125184957e+01
6.331523292369248423e+01,1.090993957411437876e+01
6.333523863961131894e+01,1.105282414880695896e+01
6.335524435553015365e+01,1.115259137410758328e+01
6.337525007144898836e+01,1.078574531614538756e+01
6.339525578736782307e+01,1.107265127990649844e+01
6.341526150328665778e+01,1.003227280428942869e+01
6.343526721920549249e+01,1.090194502478988525e+01
6.345527293512432720e+01,1.057627580246021637e+01
6.347527865104315481e+01,9.400840071164374478e+00
6.349528436696198952e+01,9.496871282792978874e+00
6.351529008288082423e+01,8.813751732850512610e+00
6.353529579879965894e+01,9.989790664545942889e+00
6.355530151471849365e+01,9.889670931818558941e+00
6.357530723063732836e+01,8.293093967997544169e+00
6.359531294655616307e+01,9.249606152071596199e+00
6.361531866247499778e+01,9.082429557144877208e+00
6.363532437839383249e+01,9.126811444910405413e+00
6.365533009431266720e+01,9.292941995586252446e+00
6.367533581023149480e+01,9.108765259617277010e+00
6.369534152615032951e+01,8.149905452041966925e+00
6.371534724206916422e+01,7.719387088789234852e+00
6.373535295798799893e+01,7.935881115077136450e+00
6.375535867390683364e+01,8.702197004325181950e+00
6.377536438982566835e+01,8.421825580652328114e+00
6.379537010574450306e+01,7.976052090413675799e+00
6.381537582166333777e+01,8.093692076059927132e+00
6.383538153758217248e+01,8.337507712766100809e+00
6.385538725350100009e+01,8.600121254900216172e+00
6.387539296941983480e+01,8.964464362724527291e+00
6.389539868533866951e+01,8.526803509283658045e+00
6.391540440125750422e+01,8.403938514935664017e+00
6.393541011717633893e+01,7.732979744099845121e+00
6.395541583309517364e+01,8.452220612460910942e+00
6.397542154901400835e+01,8.385519528241095699e+00
6.399542726493284306e+01,8.789350052407108649e+00
6.401543298085167066e+01,9.264408489554330828e+00
6.403543869677051248e+01,8.243499897900841589e+00
6.405544441268934008e+01,8.385638172263004009e+00
6.407545012860816769e+01,9.499286792403250246e+00
6.409545584452700950e+01,8.887549426365442429e+00
6.411546156044585132e+01,9.253908767630893095e+00
6.413546727636467892e+01,8.964169766511176363e+00
6.415547299228350653e+01,9.061282542503082738e+00
6.417547870820234834e+01,9.208993324309361128e+00
6.419548442412119016e+01,8.235502229956699338e+00
6.421549014004001776e+01,8.205824165550744453e+00
6.423549585595884537e+01,8.652965034464470406e+00
6.425550157187768718e+01,8.492244389130231497e+00
6.427550728779651479e+01,8.297237563893215651e+00
6.429551300371534239e+01,8.012777658913856627e+00
6.431551871963418421e+01,7.898448984938988282e+00
6.433552443555302602e+01,7.868537204646755434e+00
6.435553015147185363e+01,7.746509585202092651e+00
6.437553586739068123e+01,8.978347350873011834e+00
6.439554158330952305e+01,8.731299156793252081e+00
6.441554729922835065e+01,8.121667985669912326e+00
6.443555301514717826e+01,9.025057115201375879e+00
6.445555873106602007e+01,8.935576788816788962e+00
6.447556444698486189e+01,8.686793357897153456e+00
6.449557016290368949e+01,8.552710268802700355e+00
6.451557587882251710e+01,8.561823914985016160e+00
6.453558159474135891e+01,9.020964293954925495e+00
6.455558731066020073e+01,9.247833487912533457e+00
6.457559302657902833e+01,8.955724523519732472e+00
6.459559874249785594e+01,9.777198182855006081e+00
6.461560445841669775e+01,9.121415541466209476e+00
6.463561017433552536e+01,9.637585811606225406e+00
6.465561589025435296e+01,1.006316839343697467e+01
6.467562160617319478e+01,1.099706592318608855e+01
6.469562732209203659e+01,1.134015932793316139e+01
6.471563303801086420e+01,1.114266305737060847e+01
6.473563875392969180e+01,1.064943816222258555e+01
6.475564446984853362e+01,1.139318597561852719e+01
6.477565018576737543e+01,1.086985736836254546e+01
6.479565590168618883e+01,1.183835402413826543e+01
6.481566161760503064e+01,1.142582536498050416e+01
6.483566733352387246e+01,1.118792131811619583e+01
6.485567304944270006e+01,1.143870601220858063e+01
6.487567876536152767e+01,1.248968155777528466e+01
6.489568448128036948e+01,1.245078957158367672e+01
6.491569019719921130e+01,1.202693610719094508e+01
6.493569591311803890e+01,1.264879153076472562e+01
6.495570162903686651e+01,1.202511359232522992e+01
6.497570734495570832e+01,1.221107162312532424e+01
6.499571306087453593e+01,1.355308265922685251e+01
6.501571877679336353e+01,1.280621850781195548e+01
6.503572449271220535e+01,1.278157137458387638e+01
6.505573020863104716e+01,1.371025427213235659e+01
6.507573592454987477e+01,1.416153732696833956e+01
6.509574164046870237e+01,1.487116288177454670e+01
6.511574735638754419e+01,1.516276306548135011e+01
6.513575307230638600e+01,1.596248669029379208e+01
6.515575878822521361e+01,1.594517755466680242e+01
6.517576450414404121e+01,1.642792708844226013e+01
6.519577022006288303e+01,1.655158076458481275e+01
6.521577593598171063e+01,1.770628147248964268e+01
6.523578165190053824e+01,1.757036864378246221e+01
6.525578736781938005e+01,1.869807152488822766e+01
6.527579308373822187e+01,1.999656707623542573e+01
6.529579879965704947e+01,2.069545602512035742e+01
6.531580451557587708e+01,2.093742783672827201e+01
6.533581023149471889e+01,2.114986277967889450e+01
6.535581594741354650e+01,2.206400753935261605e+01
6.537582166333237410e+01,2.297213367573341003e+01
6.539582737925121592e+01,2.468514305918214546e+01
6.541583309517005773e+01,2.444173074474242213e+01
6.543583881108888534e+01,2.628464661583535644e+01
6.545584452700771294e+01,2.534066976550159467e+01
6.547585024292655476e+01,2.693958539291702436e+01
6.549585595884539657e+01,2.784716034059800194e+01
6.551586167476422418e+01,2.811686801242144895e+01
6.553586739068305178e+01,2.843482370270486115e+01
6.555587310660189360e+01,2.803346987803835333e+01
6.557587882252072120e+01,2.785026545056548031e+01
6.559588453843954881e+01,2.805837986604406709e+01
6.561589025435839062e+01,2.755405063791972253e+01
6.563589597027723244e+01,2.689102904041243747e+01
6.565590168619606004e+01,2.578911018139881861e+01
6.567590740211488765e+01,2.454423886225661988e+01
6.569591311803372946e+01,2.406773403508397635e+01
6.571591883395257128e+01,2.281663866523391349e+01
6.573592454987138467e+01,2.169666921889718481e+01
6.575593026579022649e+01,2.122122103554346140e+01
6.577593598170906830e+01,1.954732696902342681e+01
6.579594169762789591e+01,1.865109823821573443e+01
6.581594741354672351e+01,1.821246861241237625e+01
6.583595312946556533e+01,1.591571454249262274e+01
6.585595884538440714e+01,1.601788151116550196e+01
6.587596456130323475e+01,1.438921642946137069e+01
6.589597027722206235e+01,1.362707405232085378e+01
6.591597599314090417e+01,1.337513806856309628e+01
6.593598170905973177e+01,1.236830874453371365e+01
6.595598742497855937e+01,1.254330123705675959e+01
6.597599314089740119e+01,1.165351844339470233e+01
6.599599885681624301e+01,1.171740154846905924e+01
6.601600457273507061e+01,1.084259184073019533e+01
6.603601028865389821e+01,1.014812475373334166e+01
6.605601600457274003e+01,9.470834976716627551e+00
6.607602172049158185e+01,9.412791336677104326e+00
6.609602743641040945e+01,9.788510309246703400e+00
6.611603315232923705e+01,1.007975207233107362e+01
6.613603886824807887e+01,8.728253379468954520e+00
6.615604458416690647e+01,8.955136779243494161e+00
6.617605030008573408e+01,9.474059521648374727e+00
6.619605601600457589e+01,8.502001247793721461e+00
6.621606173192341771e+01,8.590406500081561703e+00
6.623606744784224531e+01,8.701196453922147356e+00
6.625607316376107292e+01,7.983224817047103627e+00
6.627607887967991473e+01,7.955608437184215731e+00
6.629608459559874234e+01,8.849028047475721692e+00
6.631609031151756994e+01,8.566714455932459060e+00
6.633609602743641176e+01,8.447640277339631965e+00
6.635610174335525357e+01,8.462567903812573178e+00
6.637610745927408118e+01,8.728511237445218285e+00
6.639611317519290878e+01,8.719924108211737135e+00
6.641611889111175060e+01,9.099723035341929389e+00
6.643612460703059241e+01,8.869929328476533925e+00
6.645613032294942002e+01,9.303574903441079513e+00
6.647613603886824762e+01,9.074612857626293660e+00
6.649614175478708944e+01,8.767975211909472932e+00
6.651614747070591704e+01,9.182667655701024501e+00
6.653615318662474465e+01,8.980451407383078788e+00
6.655615890254358646e+01,9.265908695798152905e+00
6.657616461846242828e+01,9.478674708057884146e+00
6.659617033438125588e+01,9.686244536009496642e+00
6.661617605030008349e+01,1.003370058572309631e+01
6.663618176621892530e+01,1.039584401438454009e+01
6.665618748213776712e+01,1.135613590811996687e+01
6.667619319805658051e+01,1.012889074417589796e+01
6.669619891397542233e+01,1.109236905231294834e+01
6.671620462989426414e+01,1.051760195544820320e+01
6.673621034581309175e+01,1.067165522750561912e+01
6.675621606173191935e+01,1.097677116079663406e+01
6.677622177765076117e+01,1.060870094881474657e+01
6.679622749356960298e+01,1.033947549624215512e+01
6.681623320948843059e+01,1.004984485523021931e+01
6.683623892540725819e+01,1.052314108254907410e+01
6.685624464132610001e+01,1.010190942722159235e+01
6.687625035724492761e+01,9.334705577476675842e+00
6.689625607316375522e+01,9.330649377221313046e+00
6.691626178908259703e+01,8.952394381898709952e+00
6.693626750500143885e+01,9.959848889451784260e+00
6.695627322092026645e+01,9.038633183766076939e+00
6.697627893683909406e+01,8.027269230021884638e+00
6.699628465275793587e+01,8.362498747456854176e+00
6.701629036867677769e+01,8.382599988671824320e+00
6.703629608459560529e+01,8.757492954918069117e+00
6.705630180051443290e+01,8.515222049745624133e+00
6.707630751643327471e+01,8.417659897032683247e+00
6.709631323235210232e+01,7.588122830909424188e+00
6.711631894827092992e+01,8.444803114633518959e+00
6.713632466418977174e+01,8.241211634854742840e+00
6.715633038010861355e+01,8.201702693350393147e+00
6.717633609602744116e+01,8.234058335423055652e+00
6.719634181194626876e+01,7.954299681286903123e+00
6.721634752786511058e+01,8.407445012698261166e+00
6.723635324378393818e+01,8.032405445030612157e+00
6.725635895970276579e+01,8.107917745352661854e+00
6.727636467562160760e+01,8.640622698411958069e+00
6.729637039154044942e+01,8.752750917158936161e+00
6.731637610745927702e+01,8.354452027882677712e+00
6.733638182337810463e+01,8.153576807876879329e+00
6.735638753929694644e+01,8.871000743628881580e+00
6.737639325521578826e+01,7.829356682709487814e+00
6.739639897113461586e+01,8.305878220251926791e+00
6.741640468705344347e+01,9.017376948871788755e+00
6.743641040297228528e+01,9.153310232644477296e+00
6.745641611889111289e+01,8.472701961499172540e+00
6.747642183480994049e+01,9.345805599349224835e+00
6.749642755072878231e+01,9.742062903781659955e+00
6.751643326664762412e+01,9.984275600545412743e+00
6.753643898256645173e+01,1.010068626480781262e+01
6.755644469848527933e+01,9.524875090314274928e+00
6.757645041440412115e+01,9.452290286583709289e+00
6.759645613032296296e+01,9.367135113456843243e+00
6.761646184624177636e+01,9.376540261753198990e+00
6.763646756216061817e+01,9.060959382511541094e+00
6.765647327807945999e+01,9.728242061241568095e+00
6.767647899399828759e+01,1.009548183629209817e+01
6.769648470991711520e+01,9.128875741544096201e+00
6.771649042583595701e+01,9.553824310320646163e+00
6.773649614175479883e+01,8.726979117901180416e+00
6.775650185767362643e+01,9.653579857464713143e+00
6.777650757359245404e+01,9.713866273014211572e+00
6.779651328951129585e+01,9.255542806957643975e+00
6.781651900543012346e+01,9.294433053426006452e+00
6.783652472134895106e+01,8.717235505973665255e+00
6.785653043726779288e+01,9.777744710362091141e+00
6.787653615318663469e+01,9.276700152750148476e+00
6.789654186910546230e+01,9.305022661358091085e+00
6.791654758502428990e+01,8.645384502440117913e+00
6.793655330094313172e+01,9.146370721501895673e+00
6.795655901686197353e+01,8.240386955232731125e+00
6.797656473278080114e+01,9.217710173694158016e+00
6.799657044869962874e+01,9.121588192508820470e+00
6.801657616461847056e+01,8.859066731589567922e+00
6.803658188053729816e+01,9.260895813357661766e+00
6.805658759645612577e+01,8.943032276382078649e+00
6.807659331237496758e+01,9.059571413045750532e+00
6.809659902829380940e+01,9.493872951331276511e+00
6.811660474421263700e+01,8.777672342429598373e+00
6.813661046013146461e+01,9.338892655380989893e+00
6.815661617605030642e+01,8.387089571060570847e+00
6.817662189196913403e+01,9.315518656744867343e+00
6.819662760788796163e+01,8.669069173198426626e+00
6.821663332380680345e+01,9.188681038049352878e+00
6.823663903972564526e+01,8.930525022538443380e+00
6.825664475564447287e+01,9.400886233274926340e+00
6.827665047156330047e+01,9.510313597703841992e+00
6.829665618748214229e+01,9.805918264812852669e+00
6.831666190340098410e+01,8.857379780236740885e+00
6.833666761931981171e+01,9.578095088778157518e+00
6.835667333523863931e+01,8.857552869163058062e+00
6.837667905115748113e+01,9.353678715017883505e+00
6.839668476707630873e+01,9.465622977167086560e+00
6.841669048299513634e+01,8.558480202481579369e+00
6.843669619891397815e+01,8.760329769284542323e+00
6.845670191483281997e+01,8.477714621434721209e+00
6.847670763075164757e+01,8.528065656393161831e+00
6.849671334667047518e+01,9.068039775947458025e+00
6.851671906258931699e+01,8.181498794539923125e+00
6.853672477850815881e+01,8.592525842174950412e+00
6.855673049442697220e+01,7.659756652253561171e+00
6.857673621034581402e+01,8.515682892695815909e+00
6.859674192626465583e+01,7.682721278891073702e+00
6.861674764218348344e+01,7.680140243731897520e+00
6.863675335810231104e+01,7.834784814238615169e+00
6.865675907402115286e+01,8.100050856270073041e+00
6.867676478993999467e+01,6.760025124853252798e+00
6.869677050585882228e+01,7.715330548315170844e+00
6.871677622177764988e+01,7.514420697866999177e+00
6.873678193769649170e+01,7.399827344793257211e+00
6.875678765361531930e+01,7.518092585728088473e+00
6.877679336953414690e+01,7.053229548523241910e+00
6.879679908545298872e+01,7.247345663773762325e+00
6.881680480137183054e+01,7.725756240925388596e+00
6.883681051729065814e+01,8.304015799383300589e+00
6.885681623320948574e+01,7.678262499550040587e+00
6.887682194912832756e+01,7.335337018118561758e+00
6.889682766504716938e+01,7.164035278932481710e+00
6.891683338096599698e+01,7.777305707336889640e+00
6.893683909688482458e+01,8.433312502072645600e+00
6.895684481280366640e+01,8.051635827649398891e+00
6.897685052872249400e+01,7.670233248077614974e+00
6.899685624464132161e+01,8.355772379668378491e+00
6.901686196056016342e+01,8.608436953365046662e+00
6.903686767647900524e+01,8.183909283061922224e+00
6.905687339239783284e+01,8.124537597934109456e+00
6.907687910831666045e+01,8.312441487867548773e+00
6.909688482423550226e+01,8.044061974271128790e+00
6.911689054015432987e+01,8.141865857634588366e+00
6.913689625607315747e+01,8.065220599428927883e+00
6.915690197199199929e+01,8.091429267808841530e+00
6.917690768791084110e+01,8.367362678404502319e+00
6.919691340382966871e+01,8.539094580109479082e+00
6.921691911974849631e+01,8.769874172430638382e+00
6.923692483566733813e+01,7.835772081205098161e+00
6.925693055158617994e+01,8.130904706023141415e+00
6.927693626750500755e+01,8.198037795586014198e+00
6.929694198342383515e+01,7.489744262283288379e+00
6.931694769934267697e+01,7.845932220978609983e+00
6.933695341526150457e+01,8.500436250956504125e+00
6.935695913118033218e+01,8.691375139230490987e+00
6.937696484709917399e+01,7.897082957263263481e+00
6.939697056301801581e+01,7.313385799129120457e+00
6.941697627893684341e+01,7.384569974616839616e+00
6.943698199485567102e+01,8.412716716017349938e+00
6.945698771077451283e+01,8.498600974232742189e+00
6.947699342669335465e+01,8.357080991949541016e+00
6.949699914261216804e+01,7.485247547555009540e+00
6.951700485853100986e+01,7.721505035820049656e+00
6.953701057444985167e+01,7.716226190617449632e+00
6.955701629036867928e+01,7.659075186123924794e+00
6.957702200628750688e+01,7.575661709715071801e+00
6.959702772220634870e+01,8.341983540999633462e+00
6.961703343812519051e+01,7.944598476649876062e+00
6.963703915404401812e+01,8.368866474339727191e+00
6.965704486996284572e+01,8.413869200004986837e+00
6.967705058588168754e+01,8.071882841113595219e+00
6.969705630180051514e+01,7.549957490725129894e+00
6.971706201771934275e+01,8.056709885960163575e+00
6.973706773363818456e+01,8.750950466227253699e+00
6.975707344955702638e+01,8.035312867923224189e+00
6.977707916547585398e+01,8.372088973804839185e+00
6.979708488139468159e+01,8.100324066075177853e+00
6.981709059731352340e+01,7.887190475487892982e+00
6.983709631323236522e+01,8.115166204004045980e+00
6.985710202915119282e+01,8.707278453749271563e+00
6.987710774507002043e+01,7.770167957245815771e+00
6.989711346098886224e+01,8.013791008068867683e+00
6.991711917690768985e+01,7.927792146970380927e+00
6.993712489282651745e+01,7.799724715067716474e+00
6.995713060874535927e+01,7.669441743331566030e+00
6.997713632466420108e+01,8.079007579714161835e+00
6.999714204058302869e+01,8.275525783239485733e+00
7.001714775650185629e+01,8.667832050986358894e+00
7.003715347242069811e+01,8.755296536841674637e+00
7.005715918833952571e+01,8.407673823264776303e+00
7.007716490425835332e+01,7.939038024308976205e+00
7.009717062017719513e+01,7.721069193798719255e+00
7.011717633609603695e+01,7.781654585146938530e+00
7.013718205201486455e+01,7.936648499585972516e+00
7.015718776793369216e+01,8.908593004407748595e+00
7.017719348385253397e+01,7.878146307731384468e+00
7.019719919977137579e+01,8.262108149871913554e+00
7.021720491569020339e+01,8.835871204578046090e+00
7.023721063160903100e+01,8.375164868787525307e+00
7.025721634752787281e+01,8.675765294424273577e+00
7.027722206344670042e+01,9.073266754357039332e+00
7.029722777936552802e+01,8.823277574719572414e+00
7.031723349528436984e+01,8.079793837240075050e+00
7.033723921120321165e+01,9.389397999521513327e+00
7.035724492712203926e+01,9.088838106278679163e+00
7.037725064304086686e+01,9.110852167744916130e+00
7.039725635895970868e+01,1.000035777071416376e+01
7.041726207487855049e+01,9.830819393226741809e+00
7.043726779079736389e+01,1.014014426498320098e+01
7.045727350671620570e+01,1.015842887978673836e+01
7.047727922263504752e+01,1.037767465914408405e+01
7.049728493855387512e+01,1.064421830158043036e+01
7.051729065447270273e+01,1.115955367267638465e+01
7.053729637039154454e+01,1.151548730925793684e+01
7.055730208631038636e+01,1.175286701219301122e+01
7.057730780222921396e+01,1.160677301791097094e+01
7.059731351814804157e+01,1.155003761732763401e+01
7.061731923406688338e+01,1.238177921105471135e+01
7.063732494998571099e+01,1.207744725777115136e+01
7.065733066590453859e+01,1.141866858506580407e+01
7.067733638182338041e+01,1.103455399934635039e+01
7.069734209774222222e+01,1.152545534330108978e+01
7.071734781366104983e+01,1.137347396500575769e+01
7.073735352957987743e+01,1.134075031503241959e+01
7.075735924549871925e+01,1.086859876338032649e+01
7.077736496141756106e+01,1.085367523531747302e+01
7.079737067733638867e+01,1.088188928581180903e+01
7.081737639325521627e+01,1.050737641830373192e+01
7.083738210917405809e+01,1.138504760482189049e+01
7.085738782509288569e+01,1.012184394141184107e+01
7.087739354101171330e+01,1.078537968223928090e+01
7.089739925693055511e+01,1.031767542063563781e+01
7.091740497284939693e+01,1.012558844640071953e+01
7.093741068876822453e+01,9.864493545521023421e+00
7.095741640468705214e+01,1.022007674147910450e+01
7.097742212060589395e+01,9.841469257223639744e+00
7.099742783652472156e+01,1.038802804380255296e+01
7.101743355244354916e+01,1.016847680673565080e+01
7.103743926836239098e+01,1.015996648879218789e+01
7.105744498428123279e+01,1.067560546514323860e+01
7.107745070020006040e+01,1.038626420931154470e+01
7.109745641611888800e+01,9.995601089876172907e+00
7.111746213203772982e+01,1.001896706271651638e+01
7.113746784795657163e+01,1.068645659150475957e+01
7.115747356387539924e+01,1.037661091025457338e+01
7.117747927979422684e+01,1.075713538860491703e+01
7.119748499571306866e+01,1.027369735169773257e+01
7.121749071163189626e+01,1.014720781889657530e+01
7.123749642755072387e+01,1.028519580840749370e+01
7.125750214346956568e+01,1.006225816580955623e+01
7.127750785938840750e+01,1.023271563777869275e+01
7.129751357530723510e+01,9.870384624087003900e+00
7.131751929122606271e+01,1.067680449719695623e+01
7.133752500714490452e+01,9.642893826014518055e+00
7.135753072306374634e+01,1.070131184811051561e+01
7.137753643898255973e+01,1.000375582782793771e+01
7.139754215490140155e+01,9.676512753049555826e+00
7.141754787082024336e+01,9.559553673393466511e+00
7.143755358673907097e+01,1.057871035554929051e+01
7.145755930265789857e+01,9.952364700552854160e+00
7.147756501857674039e+01,9.601859419026407494e+00
7.149757073449558220e+01,1.001617509636760772e+01
7.151757645041440981e+01,1.023788101361226666e+01
7.153758216633323741e+01,1.004823538908978620e+01
7.155758788225207923e+01,9.472759655053172523e+00
7.157759359817090683e+01,1.020154087376147345e+01
7.159759931408973443e+01,9.787588623641909180e+00
7.161760503000857625e+01,1.053918934534543261e+01
7.163761074592741807e+01,1.080893115221855005e+01
7.165761646184624567e+01,1.049968357598890734e+01
7.167762217776507327e+01,1.045477690936920112e+01
7.169762789368391509e+01,1.119948340837225231e+01
7.171763360960275691e+01,1.103523952546245468e+01
7.173763932552158451e+01,1.082078366342355480e+01
7.175764504144041211e+01,1.154060757683112826e+01
7.177765075735925393e+01,1.201829739305005873e+01
7.179765647327808153e+01,1.240901981552518585e+01
7.181766218919690914e+01,1.245201241192306973e+01
7.183766790511575095e+01,1.285968924313134210e+01
7.185767362103459277e+01,1.275737011811533606e+01
7.187767933695342037e+01,1.252374738697660028e+01
7.189768505287224798e+01,1.324583608059965911e+01
7.191769076879108979e+01,1.343817048048913954e+01
7.193769648470991740e+01,1.360015796805340926e+01
7.195770220062874500e+01,1.301816648970039836e+01
7.197770791654758682e+01,1.327702243117194669e+01
7.199771363246642863e+01,1.251632651015098396e+01
7.201771934838525624e+01,1.329142805884645995e+01
7.203772506430408384e+01,1.302702903903031384e+01
7.205773078022292566e+01,1.222555244348450998e+01
7.207773649614176747e+01,1.334626478712139352e+01
7.209774221206059508e+01,1.231399856498946832e+01
7.211774792797942268e+01,1.193658155474511418e+01
7.213775364389826450e+01,1.230275986388412335e+01
7.215775935981709210e+01,1.097041115214189588e+01
7.217776507573591971e+01,1.061652024998811328e+01
7.219777079165476152e+01,1.109872487871657043e+01
7.221777650757360334e+01,1.058983264476638020e+01
7.223778222349243094e+01,1.006493324091473340e+01
7.225778793941125855e+01,9.269458528078075688e+00
7.227779365533010036e+01,9.474612703435219885e+00
7.229779937124894218e+01,9.202369911492677801e+00
7.231780508716775557e+01,9.055021240228873225e+00
7.233781080308659739e+01,9.338094500818478139e+00
7.235781651900543920e+01,8.730085476179052506e+00
7.237782223492426681e+01,8.504897853377405781e+00
7.239782795084309441e+01,8.948695114012451768e+00
7.241783366676193623e+01,9.173427664443689622e+00
7.243783938268077804e+01,8.953758956591226337e+00
7.245784509859960565e+01,8.549414160790787420e+00
7.247785081451843325e+01,8.581006707809109457e+00
7.249785653043727507e+01,8.040913044215553640e+00
7.251786224635610267e+01,8.628590679138394393e+00
7.253786796227493028e+01,8.862717822901107212e+00
7.255787367819377209e+01,8.651205821473409330e+00
7.257787939411261391e+01,8.528873381432472200e+00
7.259788511003144151e+01,8.273988083590767317e+00
7.261789082595026912e+01,8.756017589593733774e+00
7.263789654186911093e+01,8.573983349663199860e+00
7.265790225778795275e+01,8.982917090431451257e+00
7.267790797370678035e+01,8.824440569348022123e+00
7.269791368962560796e+01,8.723411450648294263e+00
7.271791940554444977e+01,9.167567396005848579e+00
7.273792512146327738e+01,9.904377479297183484e+00
7.275793083738210498e+01,9.736911897835947016e+00
7.277793655330094680e+01,1.098021132355406948e+01
7.279794226921978861e+01,1.067684223368604357e+01
7.281794798513861622e+01,1.004226828307650443e+01
7.283795370105744382e+01,1.175571277636366929e+01
7.285795941697628564e+01,1.127206990071232795e+01
7.287796513289511324e+01,1.186339594148753562e+01
7.289797084881394085e+01,1.293188884880678202e+01
7.291797656473278266e+01,1.244430457924892153e+01
7.293798228065162448e+01,1.356568862957169230e+01
7.295798799657045208e+01,1.325488012604829535e+01
7.297799371248927969e+01,1.431057896296083420e+01
7.299799942840812150e+01,1.421362772778024564e+01
7.301800514432696332e+01,1.522076548065674118e+01
7.303801086024579092e+01,1.512668611810403974e+01
7.305801657616461853e+01,1.517172158607182908e+01
7.307802229208346034e+01,1.542334260548116909e+01
7.309802800800228795e+01,1.567831688153925995e+01
7.311803372392111555e+01,1.593919925020080264e+01
7.313803943983995737e+01,1.594613074431166311e+01
7.315804515575879918e+01,1.603273976843307480e+01
7.317805087167762679e+01,1.624636484861388652e+01
7.319805658759645439e+01,1.603648271737540654e+01
7.321806230351529621e+01,1.631791926771094126e+01
7.323806801943413802e+01,1.671112064271657616e+01
7.325807373535295142e+01,1.627673142979209686e+01
7.327807945127179323e+01,1.587570685389533942e+01
7.329808516719063505e+01,1.551164352761732701e+01
7.331809088310946265e+01,1.590489418745417005e+01
7.333809659902829026e+01,1.552459810309498422e+01
7.335810231494713207e+01,1.580065320845283949e+01
7.337810803086597389e+01,1.506606239396457170e+01
7.339811374678480149e+01,1.491093801387964035e+01
7.341811946270362910e+01,1.442933156755071167e+01
7.343812517862247091e+01,1.516739267282426162e+01
7.345813089454129852e+01,1.430201306807070338e+01
7.347813661046012612e+01,1.374095327580358017e+01
7.349814232637896794e+01,1.330826737427368300e+01
7.351814804229780975e+01,1.255445718715731473e+01
7.353815375821663736e+01,1.345177455672244626e+01
7.355815947413546496e+01,1.263869598094603575e+01
7.357816519005430678e+01,1.260065080424580231e+01
7.359817090597314859e+01,1.210108127649226262e+01
7.361817662189197620e+01,1.258420789192971512e+01
7.363818233781080380e+01,1.238846778175688179e+01
7.365818805372964562e+01,1.258464053428335738e+01
7.367819376964847322e+01,1.193803019552315625e+01
7.369819948556730083e+01,1.105526875828666000e+01
7.371820520148614264e+01,1.053405033800282098e+01
7.373821091740498446e+01,1.190735775176434075e+01
7.375821663332381206e+01,1.160101369870373134e+01
7.377822234924263967e+01,1.045519914656561866e+01
7.379822806516148148e+01,1.105003370853952660e+01
7.381823378108030909e+01,1.080626048545208384e+01
7.383823949699913669e+01,1.136780620429571087e+01
7.385824521291797851e+01,1.104069186761868870e+01
7.387825092883682032e+01,1.129894847020340798e+01
7.389825664475564793e+01,1.090770445083599682e+01
7.391826236067447553e+01,1.025265270190978129e+01
7.393826807659331735e+01,1.009900520129297519e+01
7.395827379251215916e+01,1.081805594735913978e+01
7.397827950843098677e+01,1.053218846410089427e+01
7.399828522434981437e+01,1.056747929185932122e+01
7.401829094026865619e+01,1.103798504007520975e+01
7.403829665618748379e+01,1.110013825679555666e+01
7.405830237210632561e+01,1.039240217345368222e+01
7.407830808802515321e+01,1.040675417652128587e+01
7.409831380394398082e+01,1.063046723279762418e+01
7.411831951986282263e+01,1.076709219069234358e+01
7.413832523578165024e+01,1.074130505885376508e+01
7.415833095170049205e+01,1.098793692688083468e+01
7.417833666761931966e+01,1.029907101044636697e+01
7.419834238353816147e+01,1.096775490295695832e+01
7.421834809945698908e+01,1.080466205434209215e+01
7.423835381537583089e+01,1.114023310633582042e+01
7.425835953129465850e+01,1.154914731249728987e+01
7.427836524721348610e+01,1.061344333858489719e+01
7.429837096313232792e+01,1.104840569152411334e+01
7.431837667905115552e+01,1.135426909816654906e+01
7.433838239496999734e+01,1.088709076952948074e+01
7.435838811088882494e+01,1.176119399297338397e+01
7.437839382680766676e+01,1.257192300571460208e+01
7.439839954272649436e+01,1.211146929582888632e+01
7.441840525864533618e+01,1.205630090423881384e+01
7.443841097456416378e+01,1.321961390809778081e+01
7.445841669048300560e+01,1.312703126742317750e+01
7.447842240640183320e+01,1.380665624599805597e+01
7.449842812232066080e+01,1.451971905758620274e+01
7.451843383823950262e+01,1.351593432050551513e+01
7.453843955415833022e+01,1.484348078191010956e+01
7.455844527007717204e+01,1.510304558049048396e+01
7.457845098599599964e+01,1.548212151853360652e+01
7.459845670191484146e+01,1.585047726185884898e+01
7.461846241783366906e+01,1.602932105804942253e+01
7.463846813375251088e+01,1.627386324729673461e+01
7.465847384967133848e+01,1.703138067131149214e+01
7.467847956559016609e+01,1.746443880516198988e+01
7.469848528150900790e+01,1.879440271141416119e+01
7.471849099742783551e+01,1.848952973111920173e+01
7.473849671334667732e+01,1.904553111026842060e+01
7.475850242926550493e+01,1.873749774239088595e+01
7.477850814518434674e+01,2.048313981167953202e+01
7.479851386110317435e+01,2.000085080449239427e+01
7.481851957702201616e+01,1.969718719740933466e+01
7.483852529294084377e+01,2.097865350766989678e+01
7.485853100885967137e+01,2.051851065528408569e+01
7.487853672477851319e+01,2.069232832665111488e+01
7.489854244069734079e+01,2.086450888726585617e+01
7.491854815661618261e+01,2.029203642597392232e+01
7.493855387253501021e+01,1.957612846251509353e+01
7.495855958845385203e+01,1.974538211878524763e+01
7.497856530437267963e+01,2.002697702521791001e+01
7.499857102029152145e+01,1.889669818851752581e+01
7.501857673621034905e+01,1.864385778069173938e+01
7.503858245212917666e+01,1.836320248492424412e+01
7.505858816804801847e+01,1.810387585088092521e+01
7.507859388396684608e+01,1.699534862062545670e+01
7.509859959988568789e+01,1.694420395884672104e+01
7.511860531580451550e+01,1.674020527780407264e+01
7.513861103172335731e+01,1.586855895766760938e+01
7.515861674764218492e+01,1.614756746637458207e+01
7.517862246356102673e+01,1.594390967910628198e+01
7.519862817947985434e+01,1.432977028339087511e+01
7.521863389539868194e+01,1.445378806054269383e+01
7.523863961131752376e+01,1.350644274334425177e+01
7.525864532723635136e+01,1.409654019328231733e+01
7.527865104315519318e+01,1.404406909466243292e+01
7.529865675907402078e+01,1.295749474519598543e+01
7.531866247499286260e+01,1.265637956934548392e+01
7.533866819091169020e+01,1.251207543068615280e+01
7.535867390683053202e+01,1.301334498501399928e+01
7.537867962274935962e+01,1.272655886526980140e+01
7.539868533866820144e+01,1.198743536493610762e+01
7.541869105458702904e+01,1.197391790667612987e+01
7.543869677050585665e+01,1.201754380319249016e+01
7.545870248642469846e+01,1.250966903973089828e+01
7.547870820234352607e+01,1.212399528207872734e+01
7.549871391826236788e+01,1.171191413105664481e+01
7.551871963418119549e+01,1.195512451041518531e+01
7.553872535010003730e+01,1.129723548942478040e+01
7.555873106601886491e+01,1.092679389140303314e+01
7.557873678193770672e+01,1.130042157537832104e+01
7.559874249785653433e+01,1.119199706756593216e+01
7.561874821377536193e+01,1.133386414958428645e+01
7.563875392969420375e+01,1.155743859142080510e+01
7.565875964561303135e+01,1.146037428892844900e+01
7.567876536153187317e+01,1.160790422072928862e+01
7.569877107745070077e+01,1.151069291228510671e+01
7.571877679336954259e+01,1.177554342771746931e+01
7.573878250928837019e+01,1.222910784589968003e+01
7.575878822520721201e+01,1.200315567231990599e+01
7.577879394112603961e+01,1.183929236798386597e+01
7.579879965704486722e+01,1.151320113710236726e+01
7.581880537296370903e+01,1.240898195819476868e+01
7.583881108888253664e+01,1.253415155844890094e+01
7.585881680480137845e+01,1.285525695940148516e+01
7.587882252072020606e+01,1.161272702190866291e+01
7.589882823663904787e+01,1.224891310682140499e+01
7.591883395255787548e+01,1.157444208610581526e+01
7.593883966847671729e+01,1.191133993189851914e+01
7.595884538439554490e+01,1.171218817298014869e+01
7.597885110031437250e+01,1.169789922425484363e+01
7.599885681623321432e+01,1.096539818431655533e+01
7.601886253215204192e+01,1.100402910821223657e+01
7.603886824807088374e+01,1.114903962503963797e+01
7.605887396398971134e+01,1.213332640511640648e+01
7.607887967990855316e+01,1.177341485831428258e+01
7.609888539582738076e+01,1.169079444047727279e+01
7.611889111174622258e+01,1.135612940918291969e+01
7.613889682766505018e+01,1.148083840127960897e+01
7.615890254358387779e+01,1.145927121713913976e+01
7.617890825950271960e+01,1.079608213528304006e+01
7.619891397542154721e+01,1.067580080665198139e+01
7.621891969134038902e+01,1.156694171078543931e+01
7.623892540725921663e+01,1.198748319636809612e+01
7.625893112317805844e+01,1.116028731827826093e+01
7.627893683909688605e+01,1.093369933639319314e+01
7.629894255501572786e+01,1.128117592087034282e+01
7.631894827093455547e+01,1.098949250342480788e+01
7.633895398685339728e+01,1.157433458199793819e+01
7.635895970277222489e+01,1.144692925592734767e+01
7.637896541869105249e+01,1.132421098319603558e+01
7.639897113460989431e+01,1.106278986733792991e+01
7.641897685052872191e+01,1.083251870705583464e+01
7.643898256644756373e+01,1.093321016761309394e+01
7.645898828236639133e+01,1.079117160307243140e+01
7.647899399828523315e+01,1.046455692645151636e+01
7.649899971420406075e+01,1.011363892771814399e+01
7.651900543012290257e+01,1.032982080619431287e+01
7.653901114604173017e+01,1.077868177378995895e+01
7.655901686196055778e+01,1.001545141863774901e+01
7.657902257787939959e+01,9.992823051317973437e+00
7.659902829379822720e+01,9.749481459802240124e+00
7.661903400971706901e+01,9.299266569307459207e+00
7.663903972563589662e+01,9.336281709961212982e+00
7.665904544155473843e+01,8.990020596448644596e+00
7.667905115747356604e+01,8.616492052737253715e+00
7.669905687339240785e+01,8.679440778286052094e+00
7.671906258931123546e+01,9.043959240135574618e+00
7.673906830523006306e+01,8.343793929005915544e+00
7.675907402114890488e+01,7.799273760417429813e+00
7.677907973706773248e+01,8.502967785212369733e+00
7.679908545298657430e+01,7.174056714727361950e+00
7.681909116890540190e+01,8.514494276970793862e+00
7.683909688482424372e+01,7.973366689990657008e+00
7.685910260074307132e+01,7.368759043594332425e+00
7.687910831666191314e+01,8.475223351464771682e+00
7.689911403258074074e+01,7.867176987691058443e+00
7.691911974849956835e+01,7.410731973494035785e+00
7.693912546441841016e+01,7.752640560805636127e+00
7.695913118033723777e+01,7.916810132021909752e+00
7.697913689625607958e+01,7.935487158000876562e+00
7.699914261217490719e+01,8.054333770751531674e+00
7.701914832809374900e+01,8.008076577202492885e+00
7.703915404401257661e+01,7.309461598539281901e+00
7.705915975993141842e+01,8.038625290300064563e+00
7.707916547585024603e+01,7.633899122014327077e+00
7.709917119176907363e+01,7.939524960084851202e+00
7.711917690768791545e+01,7.772604382583953253e+00
7.713918262360674305e+01,8.006561885927395039e+00
7.715918833952558487e+01,8.677682384688418793e+00
7.717919405544441247e+01,8.224770765523899740e+00
7.719919977136325429e+01,8.637038397298862691e+00
7.721920548728208189e+01,8.245165565275122788e+00
7.723921120320092371e+01,8.456562467094819624e+00
7.725921691911975131e+01,8.572134541257192097e+00
7.727922263503859313e+01,8.563381804576344791e+00
7.729922835095742073e+01,8.376836996096351129e+00
7.731923406687624833e+01,9.107767448254717735e+00
7.733923978279509015e+01,8.834196182289799637e+00
7.735924549871391775e+01,8.531360515469188499e+00
7.737925121463275957e+01,8.622923074329662541e+00
7.739925693055158717e+01,9.497564543463631992e+00
7.741926264647042899e+01,9.284167726553565814e+00
7.743926836238925659e+01,9.160544746011829886e+00
7.745927407830809841e+01,1.000683044148221867e+01
7.747927979422692601e+01,1.004542649335367521e+01
7.749928551014575362e+01,1.030776213218453563e+01
7.751929122606459543e+01,1.066210970417020576e+01
7.753929694198342304e+01,1.061808456866979178e+01
7.755930265790226485e+01,1.071059076527935083e+01
7.757930837382109246e+01,1.078416425208278540e+01
7.759931408973993427e+01,1.170237660753359776e+01
7.761931980565876188e+01,1.200607045438472298e+01
7.763932552157760369e+01,1.268914380940768005e+01
7.765933123749643130e+01,1.327645598767149693e+01
7.767933695341525890e+01,1.365598446870073701e+01
7.769934266933410072e+01,1.415956184293902353e+01
7.771934838525292832e+01,1.347792986672237525e+01
7.773935410117177014e+01,1.480888679965055488e+01
7.775935981709059774e+01,1.410147186655611762e+01
7.777936553300943956e+01,1.548644111990070016e+01
7.779937124892826716e+01,1.627399473692970844e+01
7.781937696484710898e+01,1.524160402129952452e+01
7.783938268076593658e+01,1.611789117213717759e+01
7.785938839668476419e+01,1.657279803357889136e+01
7.787939411260360600e+01,1.619293963508719969e+01
7.789939982852243361e+01,1.598940318817849615e+01
7.791940554444127542e+01,1.639922297352381619e+01
7.793941126036010303e+01,1.641873405455495316e+01
7.795941697627894484e+01,1.613063131776503312e+01
7.797942269219777245e+01,1.677025386619769876e+01
7.799942840811661426e+01,1.643031460073797945e+01
7.801943412403544187e+01,1.571188941179404885e+01
7.803943983995426947e+01,1.646190422530657571e+01
7.805944555587311129e+01,1.551595382541590773e+01
7.807945127179193889e+01,1.558858536187835497e+01
7.809945698771078071e+01,1.495129325230798756e+01
7.811946270362960831e+01,1.425681501522018735e+01
7.813946841954845013e+01,1.538764447350293807e+01
7.815947413546727773e+01,1.421063429703978542e+01
7.817947985138611955e+01,1.431066711249070877e+01
7.819948556730494715e+01,1.346912239998729888e+01
7.821949128322378897e+01,1.405723476444665820e+01
7.823949699914261657e+01,1.374296736934926599e+01
7.825950271506144418e+01,1.280739812256763699e+01
7.827950843098028599e+01,1.264565198494686626e+01
7.829951414689911360e+01,1.271392995046073970e+01
7.831951986281795541e+01,1.207536421562015505e+01
7.833952557873678302e+01,1.254516235606381969e+01
7.835953129465562483e+01,1.134578634172849654e+01
7.837953701057445244e+01,1.107853638873154623e+01
7.839954272649329425e+01,1.030542906501264966e+01
7.841954844241212186e+01,9.953965064610638791e+00
7.843955415833094946e+01,9.482359502263115303e+00
7.845955987424979128e+01,1.023280280201646342e+01
7.847956559016861888e+01,9.272224316096828289e+00
7.849957130608746070e+01,9.880444349917235414e+00
7.851957702200628830e+01,9.412715017273475482e+00
7.853958273792513012e+01,9.683929539199281677e+00
7.855958845384395772e+01,9.547590972558715805e+00
7.857959416976279954e+01,8.637170388598770288e+00
7.859959988568162714e+01,8.942162577799571466e+00
7.861960560160045475e+01,9.004236579641421656e+00
7.863961131751929656e+01,9.014524441200091331e+00
7.865961703343812417e+01,9.661933690855217804e+00
7.867962274935696598e+01,9.725416054965226209e+00
7.869962846527579359e+01,9.797232804725453548e+00
7.871963418119463540e+01,9.496168361734564911e+00
7.873963989711346301e+01,9.682030069779530734e+00
7.875964561303230482e+01,9.945894739166515564e+00
7.877965132895113243e+01,9.586972483962398428e+00
7.879965704486996003e+01,9.846743709846716541e+00
7.881966276078880185e+01,1.067995981773584191e+01
7.883966847670762945e+01,1.008070840388874956e+01
7.885967419262647127e+01,9.766887182344786922e+00
7.887967990854529887e+01,9.907571634257253734e+00
7.889968562446414069e+01,1.034035942426579169e+01
7.891969134038296829e+01,9.400531500856121880e+00
7.893969705630181011e+01,9.909583611842492701e+00
7.895970277222063771e+01,9.217000279193930723e+00
7.897970848813946532e+01,1.001165548321302978e+01
7.899971420405830713e+01,9.761530519828795605e+00
7.901971991997713474e+01,9.555005120300403831e+00
7.903972563589597655e+01,9.825781006275716933e+00
7.905973135181480416e+01,9.440670816834224155e+00
7.907973706773364597e+01,9.724018038739924208e+00
7.909974278365247358e+01,9.241070585571467433e+00
7.911974849957131539e+01,9.838229496639151250e+00
7.913975421549014300e+01,1.025906378140916431e+01
7.915975993140898481e+01,1.024090427123858937e+01
7.917976564732781242e+01,1.007419094901824508e+01
7.919977136324664002e+01,1.030073360961790740e+01
7.921977707916548184e+01,1.050726804869319864e+01
7.923978279508430944e+01,1.019046657028417080e+01
7.925978851100315126e+01,1.045260378910462862e+01
7.927979422692197886e+01,1.033571893512836581e+01
7.929979994284082068e+01,1.042499179588850566e+01
7.931980565875964828e+01,1.020546509623651055e+01
7.933981137467849010e+01,9.531408500027708897e+00
7.935981709059731770e+01,1.057442132442681526e+01
7.937982280651614531e+01,9.706482781028203277e+00
7.939982852243498712e+01,1.053428528054311286e+01
7.941983423835381473e+01,9.872824412112615633e+00
7.943983995427265654e+01,9.862172403323974379e+00
7.945984567019148415e+01,9.908557496836122525e+00
7.947985138611032596e+01,1.018834770436052395e+01
7.949985710202915357e+01,9.822414674599585283e+00
7.951986281794799538e+01,9.447061696992774316e+00
7.953986853386682299e+01,1.011732862554306323e+01
7.955987424978565059e+01,9.640704576709346441e+00
7.957987996570449241e+01,9.009475008407036967e+00
7.959988568162332001e+01,8.444882049799341317e+00
7.961989139754216183e+01,9.323772007427962194e+00
7.963989711346098943e+01,8.748566225389026840e+00
7.965990282937983125e+01,8.285863555793572033e+00
7.967990854529865885e+01,9.307030989498542795e+00
7.969991426121750067e+01,9.032768337520254320e+00
7.971991997713632827e+01,9.206397607444854359e+00
7.973992569305515588e+01,8.242756715505880294e+00
7.975993140897399769e+01,8.377150570909204674e+00
7.977993712489282530e+01,8.392567587154768916e+00
7.979994284081166711e+01,7.855816198139508266e+00
7.981994855673049472e+01,8.170353567511986270e+00
7.983995427264933653e+01,8.318862738952468305e+00
7.985995998856816414e+01,7.612443219087273505e+00
7.987996570448700595e+01,7.495075513851190863e+00
7.989997142040583356e+01,7.777572580007262815e+00
7.991997713632466116e+01,8.170701117280490422e+00
7.993998285224350298e+01,7.046970202358756374e+00
7.995998856816233058e+01,7.854222295624198935e+00
7.997999428408117240e+01,8.151318507814266923e+00
8.000000000000000000e+01,7.137689809194888824e+00
