angle,intensity
1.000000000000000000e+01,5.874754875373016105e+00
1.002000571591883471e+01,7.582494145372924876e+00
1.004001143183766764e+01,6.846390887024934813e+00
1.006001714775650235e+01,7.642912761777175490e+00
1.008002286367533529e+01,7.811368318622517570e+00
1.010002857959417000e+01,7.298066125206343457e+00
1.012003429551300293e+01,7.385841259589211560e+00
1.014004001143183764e+01,7.705846957681949050e+00
1.016004572735067235e+01,7.461711615064781533e+00
1.018005144326950528e+01,7.273786338357744796e+00
1.020005715918833999e+01,7.564525433078496341e+00
1.022006287510717293e+01,7.723228150878387765e+00
1.024006859102600764e+01,7.863207135640389644e+00
1.026007430694484057e+01,7.400991493813286581e+00
1.028008002286367528e+01,7.749770014593512002e+00
1.030008573878250999e+01,7.678664042041910776e+00
1.032009145470134293e+01,8.167980088768658220e+00
1.034009717062017764e+01,8.140206441190596109e+00
1.036010288653901057e+01,7.831694944555511739e+00
1.038010860245784528e+01,8.047534693371405368e+00
1.040011431837667999e+01,7.667387370192443541e+00
1.042012003429551292e+01,8.576144810444507272e+00
1.044012575021434763e+01,8.705169567034403144e+00
1.046013146613318057e+01,8.019243451515569276e+00
1.048013718205201528e+01,8.427823895431494350e+00
1.050014289797084821e+01,8.755635600011459019e+00
1.052014861388968292e+01,8.677794203133291973e+00
1.054015432980851585e+01,7.648910588928051979e+00
1.056016004572735056e+01,8.323137967628230882e+00
1.058016576164618527e+01,8.543310690311544775e+00
1.060017147756501821e+01,8.708188571403752576e+00
1.062017719348385292e+01,9.180912417710715090e+00
1.064018290940268585e+01,8.781425446137209434e+00
1.066018862532152056e+01,9.462376761142522241e+00
1.068019434124035527e+01,8.774618905228148691e+00
1.070020005715918820e+01,8.849145253417411539e+00
1.072020577307802292e+01,8.398212794850643093e+00
1.074021148899685585e+01,9.793520130484342445e+00
1.076021720491569056e+01,9.668935396701442642e+00
1.078022292083452349e+01,9.617933037746905001e+00
1.080022863675335820e+01,8.511227756491024365e+00
1.082023435267219291e+01,9.466093300246505748e+00
1.084024006859102585e+01,9.157164568887001366e+00
1.086024578450986056e+01,8.534477800094537159e+00
1.088025150042869349e+01,8.809527317458666573e+00
1.090025721634752820e+01,9.573552739805316847e+00
1.092026293226636113e+01,9.458404262011972818e+00
1.094026864818519584e+01,9.702027970223991105e+00
1.096027436410403055e+01,1.003254747555079263e+01
1.098028008002286349e+01,9.477958046582077856e+00
1.100028579594169820e+01,9.979697156206993824e+00
1.102029151186053113e+01,9.866893010078442217e+00
1.104029722777936584e+01,9.711422736672645328e+00
1.106030294369819877e+01,1.036452614177507137e+01
1.108030865961703348e+01,9.655712713782090617e+00
1.110031437553586819e+01,1.060212018685592739e+01
1.112032009145470113e+01,1.042727657272578767e+01
1.114032580737353584e+01,1.051872503370265477e+01
1.116033152329236877e+01,1.045355393983609460e+01
1.118033723921120348e+01,1.016950112920096672e+01
1.120034295513003642e+01,9.921866141223489421e+00
1.122034867104887113e+01,1.047835607435163396e+01
1.124035438696770584e+01,1.060827303648379782e+01
1.126036010288653877e+01,1.019365118513071877e+01
1.128036581880537348e+01,1.035069138379162546e+01
1.130037153472420641e+01,1.022190906497149321e+01
1.132037725064304112e+01,1.079313794073630461e+01
1.134038296656187583e+01,1.066110568747943077e+01
1.136038868248070877e+01,1.064824385124315143e+01
1.138039439839954348e+01,1.064742718419426026e+01
1.140040011431837641e+01,9.989518872021724505e+00
1.142040583023721112e+01,1.090544931026539999e+01
1.144041154615604405e+01,1.101886149838692930e+01
1.146041726207487876e+01,1.087600117030331148e+01
1.148042297799371170e+01,1.028222897257944624e+01
1.150042869391254641e+01,1.056417385998553371e+01
1.152043440983138112e+01,1.025208688512694266e+01
1.154044012575021405e+01,1.046408407221451498e+01
1.156044584166904876e+01,1.031823170485339958e+01
1.158045155758788169e+01,9.516347354418533300e+00
1.160045727350671640e+01,1.017216809550574119e+01
1.162046298942555111e+01,9.564244715086164916e+00
1.164046870534438405e+01,9.460956804359019756e+00
1.166047442126321876e+01,9.846893524928574948e+00
1.168048013718205169e+01,9.763967465696300252e+00
1.170048585310088640e+01,9.320409165620027636e+00
1.172049156901971934e+01,9.930691599341990639e+00
1.174049728493855405e+01,9.679109133844422175e+00
1.176050300085738698e+01,9.194749820805245832e+00
1.178050871677622169e+01,9.911434241462295347e+00
1.180051443269505640e+01,9.494055337476080325e+00
1.182052014861388933e+01,9.403727747926136971e+00
1.184052586453272404e+01,1.050904445063728332e+01
1.186053158045155698e+01,9.362095773708290380e+00
1.188053729637039169e+01,9.376738091648359585e+00
1.190054301228922640e+01,9.230413273021930820e+00
1.192054872820805933e+01,1.000214337667199693e+01
1.194055444412689404e+01,9.251033292355781867e+00
1.196056016004572697e+01,9.330252049607381082e+00
1.198056587596456168e+01,1.073073217759257503e+01
1.200057159188339639e+01,1.019503070589095550e+01
1.202057730780222933e+01,9.537681285800186259e+00
1.204058302372106226e+01,1.013216223524959325e+01
1.206058873963989697e+01,1.030383994960437910e+01
1.208059445555873168e+01,1.074591656919363203e+01
1.210060017147756461e+01,1.101082404831567629e+01
1.212060588739639932e+01,1.115934256177921569e+01
1.214061160331523226e+01,1.127159741591314912e+01
1.216061731923406697e+01,1.147219792474707845e+01
1.218062303515290168e+01,1.112202838752442347e+01
1.220062875107173461e+01,1.076339833801325341e+01
1.222063446699056932e+01,1.197087917565576021e+01
1.224064018290940226e+01,1.251927805618579015e+01
1.226064589882823697e+01,1.258677183250201281e+01
1.228065161474707168e+01,1.235541502074329046e+01
1.230065733066590461e+01,1.199962065339611073e+01
1.232066304658473754e+01,1.202303452594534150e+01
1.234066876250357225e+01,1.215806105692308137e+01
1.236067447842240696e+01,1.291972008967899832e+01
1.238068019434123990e+01,1.310393100245428144e+01
1.240068591026007461e+01,1.302967155022607670e+01
1.242069162617890754e+01,1.316648307783848537e+01
1.244069734209774225e+01,1.370250983723126836e+01
1.246070305801657696e+01,1.388115745071613816e+01
1.248070877393540989e+01,1.410657258060816055e+01
1.250071448985424460e+01,1.443356728831217239e+01
1.252072020577307754e+01,1.422476373902477853e+01
1.254072592169191225e+01,1.499826987424403946e+01
1.256073163761074696e+01,1.518908193694537445e+01
1.258073735352957989e+01,1.508091697866930225e+01
1.260074306944841460e+01,1.606694880996612440e+01
1.262074878536724754e+01,1.671000894590789798e+01
1.264075450128608225e+01,1.640012233713871836e+01
1.266076021720491518e+01,1.620020757451521831e+01
1.268076593312374989e+01,1.646589760818560677e+01
1.270077164904258282e+01,1.666042692971090489e+01
1.272077736496141753e+01,1.732228590994782280e+01
1.274078308088025224e+01,1.767747928208795827e+01
1.276078879679908518e+01,1.798438014144680608e+01
1.278079451271791989e+01,1.798722329619945981e+01
1.280080022863675282e+01,1.872964775688641481e+01
1.282080594455558753e+01,1.937625180639741984e+01
1.284081166047442224e+01,1.996916184528671323e+01
1.286081737639325517e+01,1.949522086548172695e+01
1.288082309231208988e+01,2.045970929357908119e+01
1.290082880823092282e+01,1.985892245466459372e+01
1.292083452414975753e+01,2.064014421083299311e+01
1.294084024006859224e+01,2.111481736792419639e+01
1.296084595598742517e+01,2.214832633556413555e+01
1.298085167190625810e+01,2.243586018931081583e+01
1.300085738782509281e+01,2.181152521433865132e+01
1.302086310374392752e+01,2.278792437068384302e+01
1.304086881966276046e+01,2.316661018732071398e+01
1.306087453558159517e+01,2.319794176706320954e+01
1.308088025150042810e+01,2.466361482114326265e+01
1.310088596741926281e+01,2.462242306940461845e+01
1.312089168333809752e+01,2.577932672161447769e+01
1.314089739925693046e+01,2.559818595111631367e+01
1.316090311517576517e+01,2.563420351838258426e+01
1.318090883109459810e+01,2.611880467092917968e+01
1.320091454701343281e+01,2.638275021076721316e+01
1.322092026293226752e+01,2.762135491372133345e+01
1.324092597885110045e+01,2.736924162972002250e+01
1.326093169476993339e+01,2.759379486496931122e+01
1.328093741068876810e+01,2.873698899679795815e+01
1.330094312660760281e+01,2.904578969062148985e+01
1.332094884252643574e+01,2.924271032796004022e+01
1.334095455844527045e+01,3.041426978346432008e+01
1.336096027436410338e+01,2.983655319381649917e+01
1.338096599028293809e+01,3.069453243273744292e+01
1.340097170620177280e+01,3.099411585670815583e+01
1.342097742212060574e+01,3.137474805758887442e+01
1.344098313803944045e+01,3.158141823535779480e+01
1.346098885395827338e+01,3.249232236128166562e+01
1.348099456987710809e+01,3.228453609229654830e+01
1.350100028579594280e+01,3.254880031688049513e+01
1.352100600171477573e+01,3.309198758047216415e+01
1.354101171763361044e+01,3.344935315254693364e+01
1.356101743355244338e+01,3.430665151943607327e+01
1.358102314947127809e+01,3.345138635061147170e+01
1.360102886539011102e+01,3.347496404597735875e+01
1.362103458130894573e+01,3.461919830261304298e+01
1.364104029722777867e+01,3.355819920458878869e+01
1.366104601314661338e+01,3.366534798248837035e+01
1.368105172906544809e+01,3.391642433214295949e+01
1.370105744498428102e+01,3.244050104952493285e+01
1.372106316090311573e+01,3.333013743893141623e+01
1.374106887682194866e+01,3.276145785902167518e+01
1.376107459274078337e+01,3.266212275625768058e+01
1.378108030865961808e+01,3.197066812766858490e+01
1.380108602457845102e+01,3.056636181597103530e+01
1.382109174049728573e+01,3.026762259498249108e+01
1.384109745641611866e+01,2.954718316004468193e+01
1.386110317233495337e+01,2.847844860546538115e+01
1.388110888825378808e+01,2.771231973712212593e+01
1.390111460417262101e+01,2.711675580720007872e+01
1.392112032009145395e+01,2.531951525886011467e+01
1.394112603601028866e+01,2.447342477267285688e+01
1.396113175192912337e+01,2.412696049112197016e+01
1.398113746784795630e+01,2.292648557539271792e+01
1.400114318376679101e+01,2.124130953720671755e+01
1.402114889968562395e+01,2.000493132090834081e+01
1.404115461560445866e+01,1.838226147133423893e+01
1.406116033152329337e+01,1.803860511957183732e+01
1.408116604744212630e+01,1.740015274814848567e+01
1.410117176336095923e+01,1.609270100952600657e+01
1.412117747927979394e+01,1.542689245090500449e+01
1.414118319519862865e+01,1.514390943311173743e+01
1.416118891111746336e+01,1.367769320672215727e+01
1.418119462703629630e+01,1.330735114129456065e+01
1.420120034295512923e+01,1.303883178821839728e+01
1.422120605887396394e+01,1.241602900984421609e+01
1.424121177479279865e+01,1.124622253780119152e+01
1.426121749071163336e+01,1.076272636273536065e+01
1.428122320663046629e+01,1.122624325569250203e+01
1.430122892254929923e+01,1.000239713586604751e+01
1.432123463846813394e+01,1.070437644767766194e+01
1.434124035438696865e+01,1.025166327479996475e+01
1.436124607030580158e+01,9.326700251122508334e+00
1.438125178622463629e+01,8.446742865442857351e+00
1.440125750214346922e+01,9.136090615544095073e+00
1.442126321806230393e+01,8.471874274540795113e+00
1.444126893398113864e+01,8.108496534097447750e+00
1.446127464989997158e+01,8.354939549610024940e+00
1.448128036581880451e+01,8.139170326100654052e+00
1.450128608173763922e+01,8.435398365404113363e+00
1.452129179765647393e+01,7.941439647655712974e+00
1.454129751357530864e+01,7.937970523310784010e+00
1.456130322949414158e+01,7.449325508096380943e+00
1.458130894541297451e+01,7.534625582593873716e+00
1.460131466133180922e+01,7.365434464162915695e+00
1.462132037725064393e+01,7.792406194403510789e+00
1.464132609316947686e+01,7.194849922392982045e+00
1.466133180908831157e+01,6.689926544220284654e+00
1.468133752500714451e+01,6.802127087111593085e+00
1.470134324092597922e+01,7.106305531900651395e+00
1.472134895684481393e+01,7.428628798615243056e+00
1.474135467276364686e+01,7.042972291056893042e+00
1.476136038868247979e+01,6.949182742294819803e+00
1.478136610460131450e+01,6.941311653062749443e+00
1.480137182052014921e+01,7.184574155784962279e+00
1.482137753643898392e+01,7.363638810916311783e+00
1.484138325235781686e+01,7.023912553918806978e+00
1.486138896827664979e+01,6.597924667314024383e+00
1.488139468419548450e+01,6.591115011473204888e+00
1.490140040011431921e+01,7.455139412533606347e+00
1.492140611603315392e+01,6.375293890660625351e+00
1.494141183195198685e+01,6.797843001930687912e+00
1.496141754787081979e+01,7.227412755084744234e+00
1.498142326378965450e+01,5.879551396253229534e+00
1.500142897970848921e+01,6.260283957281107092e+00
1.502143469562732214e+01,6.282061020902418136e+00
1.504144041154615508e+01,6.042736980397163116e+00
1.506144612746498979e+01,6.603401056819434345e+00
1.508145184338382450e+01,5.821065738157607861e+00
1.510145755930265921e+01,6.862127877471943194e+00
1.512146327522149214e+01,5.709937677381753396e+00
1.514146899114032507e+01,6.714748014952982125e+00
1.516147470705915978e+01,5.877703824532208188e+00
1.518148042297799449e+01,6.524204767833193586e+00
1.520148613889682920e+01,6.272891922883009563e+00
1.522149185481566214e+01,6.395747302095307951e+00
1.524149757073449507e+01,6.136113708376431219e+00
1.526150328665332978e+01,6.003653177503566418e+00
1.528150900257216449e+01,5.902884286418798254e+00
1.530151471849099742e+01,6.446174542111112515e+00
1.532152043440983036e+01,6.390511515566247525e+00
1.534152615032866507e+01,6.555753344230049962e+00
1.536153186624749978e+01,6.255560479885101444e+00
1.538153758216633449e+01,6.421227982718169969e+00
1.540154329808516742e+01,5.502525065816888272e+00
1.542154901400400036e+01,6.574565377716855785e+00
1.544155472992283507e+01,6.101239517048007599e+00
1.546156044584166978e+01,5.884176025393045961e+00
1.548156616176050449e+01,6.087321988284386087e+00
1.550157187767933742e+01,5.661560288753855197e+00
1.552157759359817035e+01,5.752546622522912045e+00
1.554158330951700506e+01,5.214263818412889329e+00
1.556158902543583977e+01,5.635118414549982191e+00
1.558159474135467271e+01,5.908661230284266708e+00
1.560160045727350742e+01,5.742649777826658308e+00
1.562160617319234035e+01,5.152500364397109678e+00
1.564161188911117506e+01,6.108405049422614752e+00
1.566161760503000977e+01,5.974399632798806259e+00
1.568162332094884270e+01,5.865373501476467410e+00
1.570162903686767564e+01,5.592861138302794188e+00
1.572163475278651035e+01,5.807594105747027058e+00
1.574164046870534506e+01,5.506320749390374303e+00
1.576164618462417977e+01,5.418112301961265587e+00
1.578165190054301270e+01,5.954801734443039507e+00
1.580165761646184563e+01,5.576853724037627913e+00
1.582166333238068034e+01,5.036228221557239593e+00
1.584166904829951505e+01,5.292598766086419104e+00
1.586167476421834799e+01,5.868774916430519184e+00
1.588168048013718270e+01,5.704238329961507148e+00
1.590168619605601563e+01,5.958901557532265691e+00
1.592169191197485034e+01,4.887894241804847439e+00
1.594169762789368505e+01,5.811363413078851181e+00
1.596170334381251799e+01,5.257248682779196436e+00
1.598170905973135092e+01,5.914060448124015323e+00
1.600171477565018563e+01,5.899139729744094396e+00
1.602172049156902034e+01,6.331828216197942893e+00
1.604172620748785505e+01,5.372913636695175299e+00
1.606173192340668976e+01,6.114342097814876809e+00
1.608173763932552092e+01,5.496540394544615182e+00
1.610174335524435563e+01,5.242668880886890648e+00
1.612174907116319034e+01,5.259351206782138632e+00
1.614175478708202505e+01,5.942467171632982215e+00
1.616176050300085620e+01,5.676429971314982836e+00
1.618176621891969091e+01,5.325023977539350639e+00
1.620177193483852562e+01,5.865285819795557742e+00
1.622177765075736033e+01,5.400934302308981749e+00
1.624178336667619504e+01,5.631350140507501933e+00
1.626178908259502620e+01,5.740605116712410805e+00
1.628179479851386091e+01,6.032082659752082243e+00
1.630180051443269562e+01,5.855970223494906257e+00
1.632180623035153033e+01,5.505551185338516618e+00
1.634181194627036149e+01,5.719275392434630234e+00
1.636181766218919620e+01,5.255671050362213492e+00
1.638182337810803091e+01,5.359269319240458351e+00
1.640182909402686562e+01,6.564138291246267798e+00
1.642183480994570033e+01,5.677283141823663115e+00
1.644184052586453504e+01,6.057900128857308886e+00
1.646184624178336620e+01,6.577205914712399348e+00
1.648185195770220091e+01,5.704512512042401617e+00
1.650185767362103562e+01,6.248523132620920961e+00
1.652186338953986677e+01,5.757677167767699444e+00
1.654186910545870148e+01,6.323731375856205261e+00
1.656187482137753619e+01,5.355064897588865058e+00
1.658188053729637090e+01,5.436443819353094398e+00
1.660188625321520561e+01,5.854439825623346749e+00
1.662189196913404032e+01,5.850127900277508175e+00
1.664189768505287148e+01,5.948099262241654195e+00
1.666190340097170619e+01,6.092678239413492847e+00
1.668190911689054090e+01,5.505559874020126365e+00
1.670191483280937561e+01,5.596934979921554643e+00
1.672192054872820677e+01,6.130569935686043692e+00
1.674192626464704148e+01,5.420665911441693297e+00
1.676193198056587619e+01,5.312913226252616639e+00
1.678193769648471090e+01,5.401715911610414977e+00
1.680194341240354561e+01,6.626946552686476366e+00
1.682194912832238032e+01,5.979403947426829014e+00
1.684195484424121148e+01,6.432671019991495598e+00
1.686196056016004619e+01,6.133409387652180911e+00
1.688196627607888090e+01,6.419459991109947694e+00
1.690197199199771205e+01,6.852766122858665376e+00
1.692197770791654676e+01,7.015591152964260502e+00
1.694198342383538147e+01,6.669556460932842157e+00
1.696198913975421618e+01,5.548114215919733638e+00
1.698199485567305089e+01,6.917040943046448120e+00
1.700200057159188560e+01,6.900122701497275912e+00
1.702200628751071676e+01,5.863132706725593835e+00
1.704201200342955147e+01,7.085690218296242904e+00
1.706201771934838618e+01,7.176262266444652482e+00
1.708202343526722089e+01,5.691524703917533401e+00
1.710202915118605205e+01,6.338837288661741454e+00
1.712203486710488676e+01,6.313342763579484540e+00
1.714204058302372147e+01,6.802320782339812411e+00
1.716204629894255618e+01,6.753536877067173094e+00
1.718205201486139089e+01,7.019527802255048243e+00
1.720205773078022204e+01,7.000522555594232976e+00
1.722206344669905675e+01,7.380682012586056828e+00
1.724206916261789146e+01,6.906670674672538368e+00
1.726207487853672617e+01,6.850669125134761117e+00
1.728208059445555733e+01,6.926911244311179772e+00
1.730208631037439204e+01,7.232044534344527875e+00
1.732209202629322675e+01,7.866668480461846968e+00
1.734209774221206146e+01,8.057176036586128021e+00
1.736210345813089617e+01,7.931572625210598915e+00
1.738210917404973088e+01,8.001498237331610142e+00
1.740211488996856204e+01,8.322657199650148385e+00
1.742212060588739675e+01,8.362485647580365722e+00
1.744212632180623146e+01,8.588099701778627804e+00
1.746213203772506262e+01,8.774630440871534987e+00
1.748213775364389733e+01,9.086078730833293093e+00
1.750214346956273204e+01,8.786881110465481370e+00
1.752214918548156675e+01,8.507696450910046337e+00
1.754215490140040146e+01,8.652961157765716393e+00
1.756216061731923617e+01,9.331951062996029833e+00
1.758216633323806732e+01,9.706373807658170705e+00
1.760217204915690203e+01,9.993919089207267348e+00
1.762217776507573674e+01,1.033471098262286780e+01
1.764218348099457145e+01,1.108053310510053890e+01
1.766218919691340261e+01,1.044862103264845210e+01
1.768219491283223732e+01,1.118968568229426630e+01
1.770220062875107203e+01,1.165444232120384171e+01
1.772220634466990674e+01,1.143279435908650399e+01
1.774221206058874145e+01,1.165205899218141816e+01
1.776221777650757616e+01,1.238485015930213251e+01
1.778222349242640732e+01,1.342321092373819447e+01
1.780222920834524203e+01,1.351473995992295585e+01
1.782223492426407674e+01,1.352901298937086594e+01
1.784224064018290790e+01,1.455264834370060711e+01
1.786224635610174261e+01,1.467129580648383680e+01
1.788225207202057732e+01,1.542612958910921961e+01
1.790225778793941203e+01,1.536972274853231823e+01
1.792226350385824674e+01,1.674909519407714242e+01
1.794226921977708145e+01,1.737922669043989643e+01
1.796227493569591260e+01,1.725635749205194713e+01
1.798228065161474731e+01,1.740962951935386371e+01
1.800228636753358202e+01,1.771369043373524832e+01
1.802229208345241318e+01,1.890156925311331548e+01
1.804229779937124789e+01,1.965174882140515678e+01
1.806230351529008260e+01,2.089314186985221866e+01
1.808230923120891731e+01,2.154881450470847426e+01
1.810231494712775202e+01,2.180333735532230932e+01
1.812232066304658673e+01,2.333870224082008704e+01
1.814232637896542144e+01,2.328809733902838275e+01
1.816233209488425260e+01,2.458315740623050516e+01
1.818233781080308731e+01,2.493515872708486825e+01
1.820234352672191847e+01,2.700346769595258678e+01
1.822234924264075318e+01,2.759332369222384074e+01
1.824235495855958789e+01,2.872254860008814603e+01
1.826236067447842260e+01,2.901804219754678371e+01
1.828236639039725731e+01,2.972240422712800267e+01
1.830237210631609202e+01,3.136896784183141307e+01
1.832237782223492673e+01,3.303060229040903550e+01
1.834238353815375788e+01,3.400991110453952615e+01
1.836238925407259259e+01,3.545281395511685929e+01
1.838239496999142730e+01,3.632339168661525264e+01
1.840240068591025846e+01,3.756202034783454735e+01
1.842240640182909317e+01,3.968281855296130800e+01
1.844241211774792788e+01,4.045135827946387508e+01
1.846241783366676259e+01,4.208195089690288881e+01
1.848242354958559730e+01,4.271128579736026865e+01
1.850242926550443201e+01,4.486149461285822326e+01
1.852243498142326672e+01,4.599501278569571383e+01
1.854244069734209788e+01,4.791518524693750436e+01
1.856244641326093259e+01,4.979771137921228785e+01
1.858245212917976374e+01,5.169520015078686725e+01
1.860245784509859845e+01,5.349283139580410307e+01
1.862246356101743316e+01,5.534466794713188165e+01
1.864246927693626787e+01,5.632480126664734854e+01
1.866247499285510258e+01,5.856657403216833302e+01
1.868248070877393729e+01,6.022338666570184529e+01
1.870248642469277200e+01,6.251436344745295770e+01
1.872249214061160316e+01,6.468382605544172748e+01
1.874249785653043787e+01,6.656006170569165192e+01
1.876250357244927258e+01,6.828326123389231839e+01
1.878250928836810374e+01,7.075347358131676856e+01
1.880251500428693845e+01,7.310121794567749021e+01
1.882252072020577316e+01,7.554799826308359911e+01
1.884252643612460787e+01,7.687925956133832983e+01
1.886253215204344258e+01,7.823367477802560188e+01
1.888253786796227729e+01,8.014218894771889268e+01
1.890254358388111200e+01,8.267226837528241390e+01
1.892254929979994316e+01,8.480671290360476178e+01
1.894255501571877787e+01,8.664579347145578936e+01
1.896256073163760902e+01,8.895438145134929186e+01
1.898256644755644373e+01,9.047897276524307131e+01
1.900257216347527844e+01,9.177022463338848013e+01
1.902257787939411315e+01,9.350235631882644327e+01
1.904258359531294786e+01,9.469468533168122804e+01
1.906258931123178257e+01,9.614120404758236305e+01
1.908259502715061728e+01,9.739676539709239478e+01
1.910260074306944844e+01,9.764497631917198817e+01
1.912260645898828315e+01,9.855999284727397480e+01
1.914261217490711431e+01,9.917846012405772171e+01
1.916261789082594902e+01,9.874989108952141237e+01
1.918262360674478373e+01,9.920155229891491899e+01
1.920262932266361844e+01,9.878651895807502115e+01
1.922263503858245315e+01,9.848392019655591412e+01
1.924264075450128786e+01,9.825181185690318841e+01
1.926264647042012257e+01,9.776812228317547238e+01
1.928265218633895373e+01,9.638280572776423583e+01
1.930265790225778844e+01,9.595613603151207371e+01
1.932266361817662315e+01,9.443809651471698885e+01
1.934266933409545430e+01,9.303886308955846118e+01
1.936267505001428901e+01,9.229460763360606279e+01
1.938268076593312372e+01,9.047116216977772751e+01
1.940268648185195843e+01,9.016221182010427526e+01
1.942269219777079314e+01,8.966045700765846505e+01
1.944269791368962785e+01,8.815401822780445684e+01
1.946270362960846256e+01,8.805268164417381627e+01
1.948270934552729372e+01,8.715063104067624522e+01
1.950271506144612843e+01,8.764410455101446473e+01
1.952272077736495959e+01,8.666380206561831301e+01
1.954272649328379430e+01,8.668375379945780423e+01
1.956273220920262901e+01,8.689504901928157210e+01
1.958273792512146372e+01,8.752269667317489166e+01
1.960274364104029843e+01,8.707158996705953768e+01
1.962274935695913314e+01,8.817859086894947040e+01
1.964275507287796785e+01,8.896466823292968229e+01
1.966276078879679901e+01,8.855499970564719092e+01
1.968276650471563372e+01,8.946468089559323289e+01
1.970277222063446487e+01,8.984857868090357158e+01
1.972277793655329958e+01,9.151379149104805322e+01
1.974278365247213429e+01,9.197191369064545086e+01
1.976278936839096900e+01,9.183506482650878411e+01
1.978279508430980371e+01,9.364408789003476841e+01
1.980280080022863842e+01,9.340731652420237197e+01
1.982280651614747313e+01,9.424086052333460373e+01
1.984281223206630784e+01,9.417665162325320694e+01
1.986281794798513900e+01,9.411426732780992666e+01
1.988282366390397371e+01,9.395125469470647772e+01
1.990282937982280487e+01,9.330930844715012995e+01
1.992283509574163958e+01,9.315988608914976510e+01
1.994284081166047429e+01,9.220642264444441594e+01
1.996284652757930900e+01,9.078695911942843111e+01
1.998285224349814371e+01,8.935976636475186297e+01
2.000285795941697842e+01,8.797671786256671567e+01
2.002286367533581313e+01,8.445311852323284540e+01
2.004286939125464428e+01,8.244705319373620966e+01
2.006287510717347899e+01,8.017392237788746456e+01
2.008288082309231015e+01,7.725412026154296541e+01
2.010288653901114486e+01,7.396500314669040677e+01
2.012289225492997957e+01,7.065677907212091213e+01
2.014289797084881428e+01,6.762031797776052144e+01
2.016290368676764899e+01,6.390669750884221401e+01
2.018290940268648370e+01,6.039464264148702455e+01
2.020291511860531841e+01,5.661244236229870808e+01
2.022292083452414957e+01,5.343731302634796521e+01
2.024292655044298428e+01,5.058471942409619970e+01
2.026293226636181899e+01,4.740025488011580990e+01
2.028293798228065015e+01,4.380822628566936316e+01
2.030294369819948486e+01,4.051834713030858381e+01
2.032294941411831957e+01,3.800100631286998976e+01
2.034295513003715428e+01,3.522890673137109729e+01
2.036296084595598899e+01,3.322348008926806529e+01
2.038296656187482370e+01,3.161455046388545043e+01
2.040297227779365841e+01,2.970570519466278370e+01
2.042297799371248956e+01,2.774530687802731421e+01
2.044298370963132427e+01,2.635826043408155783e+01
2.046298942555015543e+01,2.425659814075318010e+01
2.048299514146899014e+01,2.316400014089476400e+01
2.050300085738782485e+01,2.238656456902702985e+01
2.052300657330665956e+01,2.087107360446773896e+01
2.054301228922549427e+01,2.107495215310789050e+01
2.056301800514432898e+01,2.010111165688028834e+01
2.058302372106316369e+01,1.907114913624269548e+01
2.060302943698199485e+01,1.760238275007075970e+01
2.062303515290082956e+01,1.773466238448762766e+01
2.064304086881966072e+01,1.678704593210581208e+01
2.066304658473849543e+01,1.629049557168114148e+01
2.068305230065733014e+01,1.547854304013661420e+01
2.070305801657616485e+01,1.489549640365305549e+01
2.072306373249499956e+01,1.583266502932866970e+01
2.074306944841383427e+01,1.409182392202315270e+01
2.076307516433266898e+01,1.464348494210186402e+01
2.078308088025150369e+01,1.436011293154665580e+01
2.080308659617033484e+01,1.381180545900476275e+01
2.082309231208916955e+01,1.361230756616295423e+01
2.084309802800800071e+01,1.342958796572572311e+01
2.086310374392683542e+01,1.348247122318170454e+01
2.088310945984567013e+01,1.350673300995584469e+01
2.090311517576450484e+01,1.352417372719607691e+01
2.092312089168333955e+01,1.245484224139006457e+01
2.094312660760217426e+01,1.294861673904536303e+01
2.096313232352100897e+01,1.294564262680930256e+01
2.098313803943984013e+01,1.265241015614864928e+01
2.100314375535867484e+01,1.258930596545565450e+01
2.102314947127750600e+01,1.197535702647777534e+01
2.104315518719634071e+01,1.269856772806116574e+01
2.106316090311517542e+01,1.300867861224542388e+01
2.108316661903401013e+01,1.326243526449562893e+01
2.110317233495284484e+01,1.227098623304599023e+01
2.112317805087167955e+01,1.257395404452886467e+01
2.114318376679051426e+01,1.221839946462601389e+01
2.116318948270934541e+01,1.214463399307856051e+01
2.118319519862818012e+01,1.267936652067298198e+01
2.120320091454701483e+01,1.205209214315493682e+01
2.122320663046584599e+01,1.295758563949048181e+01
2.124321234638468070e+01,1.162255481610072216e+01
2.126321806230351541e+01,1.178407171554433042e+01
2.128322377822235012e+01,1.289877586443953561e+01
2.130322949414118483e+01,1.259358190518604204e+01
2.132323521006001954e+01,1.239956720067419660e+01
2.134324092597885425e+01,1.234095297321606566e+01
2.136324664189768541e+01,1.142024251648432376e+01
2.138325235781652012e+01,1.209712155497093278e+01
2.140325807373535127e+01,1.197266133518204967e+01
2.142326378965418598e+01,1.192298716569739270e+01
2.144326950557302069e+01,1.162940432444384342e+01
2.146327522149185540e+01,1.203391610253930821e+01
2.148328093741069011e+01,1.180973518954645485e+01
2.150328665332952482e+01,1.132287459717410982e+01
2.152329236924835953e+01,1.146935032932729470e+01
2.154329808516719069e+01,1.168502929722830430e+01
2.156330380108602540e+01,1.060945256026671757e+01
2.158330951700485656e+01,1.111190741031929718e+01
2.160331523292369127e+01,1.066812871009828356e+01
2.162332094884252598e+01,1.040298562982466279e+01
2.164332666476136069e+01,9.912919952979262206e+00
2.166333238068019540e+01,1.090203063019620444e+01
2.168333809659903011e+01,9.344220694973792263e+00
2.170334381251786482e+01,9.383138277510848724e+00
2.172334952843669598e+01,1.038490369299507421e+01
2.174335524435553069e+01,9.100247319148019542e+00
2.176336096027436540e+01,9.929720848590978477e+00
2.178336667619319655e+01,1.019936148406423015e+01
2.180337239211203126e+01,9.940766428687968670e+00
2.182337810803086597e+01,9.262211101553386783e+00
2.184338382394970068e+01,9.451323899807757556e+00
2.186338953986853539e+01,9.278760113333230919e+00
2.188339525578737010e+01,1.002896560788971669e+01
2.190340097170620481e+01,8.702122567295258904e+00
2.192340668762503597e+01,1.004513305890614738e+01
2.194341240354387068e+01,9.058609295130892747e+00
2.196341811946270184e+01,9.414242373622732529e+00
2.198342383538153655e+01,1.038403654803034826e+01
2.200342955130037126e+01,1.048686365931784970e+01
2.202343526721920597e+01,1.018449564419866604e+01
2.204344098313804068e+01,1.058301017986965320e+01
2.206344669905687539e+01,1.062520999668065080e+01
2.208345241497571010e+01,1.063932797065786673e+01
2.210345813089454126e+01,1.096625274494865465e+01
2.212346384681337597e+01,1.157800701251290221e+01
2.214346956273221068e+01,1.177344390772756100e+01
2.216347527865104183e+01,1.200040923178211827e+01
2.218348099456987654e+01,1.210603716555952047e+01
2.220348671048871125e+01,1.315552362483035864e+01
2.222349242640754596e+01,1.229218677621377331e+01
2.224349814232638067e+01,1.307930218645036291e+01
2.226350385824521538e+01,1.408253621264775290e+01
2.228350957416405009e+01,1.405620697081431558e+01
2.230351529008288125e+01,1.429461559697769246e+01
2.232352100600171596e+01,1.513064005077902863e+01
2.234352672192054712e+01,1.520238360689240764e+01
2.236353243783938183e+01,1.680038733117489613e+01
2.238353815375821654e+01,1.671509648288367345e+01
2.240354386967705125e+01,1.723447192549489415e+01
2.242354958559588596e+01,1.745894021422917675e+01
2.244355530151472067e+01,1.890681877190221982e+01
2.246356101743355538e+01,1.839588535909985012e+01
2.248356673335238654e+01,1.956092221570729350e+01
2.250357244927122125e+01,2.009991750652303466e+01
2.252357816519005240e+01,2.089619395327121509e+01
2.254358388110888711e+01,2.084153094765963132e+01
2.256358959702772182e+01,2.198551789121691513e+01
2.258359531294655653e+01,2.270598142896364635e+01
2.260360102886539124e+01,2.334390779208965228e+01
2.262360674478422595e+01,2.410238451978827356e+01
2.264361246070306066e+01,2.520429550905835470e+01
2.266361817662189182e+01,2.523904498950948039e+01
2.268362389254072653e+01,2.656478685812604112e+01
2.270362960845956124e+01,2.714836627675738612e+01
2.272363532437839240e+01,2.817549359572072376e+01
2.274364104029722711e+01,2.875859149753308941e+01
2.276364675621606182e+01,3.014913838256248724e+01
2.278365247213489653e+01,3.039011139872421907e+01
2.280365818805373124e+01,3.143010684945691935e+01
2.282366390397256595e+01,3.182697675641762203e+01
2.284366961989140066e+01,3.253245378712234981e+01
2.286367533581023181e+01,3.358769185203085783e+01
2.288368105172906652e+01,3.392629033515041215e+01
2.290368676764789768e+01,3.502050875803954710e+01
2.292369248356673239e+01,3.608655709099471665e+01
2.294369819948556710e+01,3.574021329870769392e+01
2.296370391540440181e+01,3.588244251767005721e+01
2.298370963132323652e+01,3.665557516535836413e+01
2.300371534724207123e+01,3.650840526132840580e+01
2.302372106316090594e+01,3.739905269754650163e+01
2.304372677907973710e+01,3.746538880664937210e+01
2.306373249499857181e+01,3.778773130064678298e+01
2.308373821091740652e+01,3.727424159664198555e+01
2.310374392683623768e+01,3.696526334815015957e+01
2.312374964275507239e+01,3.681797956182981579e+01
2.314375535867390710e+01,3.639721613809934553e+01
2.316376107459274181e+01,3.560130406801916791e+01
2.318376679051157652e+01,3.459009952028411305e+01
2.320377250643041123e+01,3.369658978076738265e+01
2.322377822234924594e+01,3.280295041435110193e+01
2.324378393826807709e+01,3.187144491730749962e+01
2.326378965418691180e+01,2.970678928565124011e+01
2.328379537010574296e+01,2.872606080975146625e+01
2.330380108602457767e+01,2.830535028210557869e+01
2.332380680194341238e+01,2.667510822297415984e+01
2.334381251786224709e+01,2.516613581981101078e+01
2.336381823378108180e+01,2.379924526074366042e+01
2.338382394969991651e+01,2.214511963859110821e+01
2.340382966561875122e+01,2.082412229413353444e+01
2.342383538153758238e+01,1.987664415089171754e+01
2.344384109745641709e+01,1.828278809908400859e+01
2.346384681337524825e+01,1.865200470536984767e+01
2.348385252929408296e+01,1.744601847732581490e+01
2.350385824521291767e+01,1.600756719293922359e+01
2.352386396113175238e+01,1.496601478216177483e+01
2.354386967705058709e+01,1.459017727810831033e+01
2.356387539296942180e+01,1.359492111799848146e+01
2.358388110888825651e+01,1.367931072441872864e+01
2.360388682480708766e+01,1.193943479778194217e+01
2.362389254072592237e+01,1.268624929189111228e+01
2.364389825664475708e+01,1.167714903058323550e+01
2.366390397256358824e+01,1.156533532294230326e+01
2.368390968848242295e+01,1.036855612934910198e+01
2.370391540440125766e+01,9.842850789674054468e+00
2.372392112032009237e+01,1.018071299767017734e+01
2.374392683623892708e+01,9.148943932913205401e+00
2.376393255215776179e+01,9.543254795204319407e+00
2.378393826807659650e+01,8.803673772576788181e+00
2.380394398399542766e+01,9.585727585786557370e+00
2.382394969991426237e+01,8.686394697005448862e+00
2.384395541583309353e+01,9.118447861774559016e+00
2.386396113175192824e+01,8.489232005379877322e+00
2.388396684767076295e+01,9.743283960718942538e+00
2.390397256358959766e+01,8.861415977292681490e+00
2.392397827950843237e+01,8.943072554803292107e+00
2.394398399542726708e+01,8.361386137119332318e+00
2.396398971134610179e+01,8.902250598671033188e+00
2.398399542726493294e+01,8.100052790696441463e+00
2.400400114318376765e+01,8.532655070779080475e+00
2.402400685910260236e+01,9.336455409452497634e+00
2.404401257502143352e+01,8.621662380073409793e+00
2.406401829094026823e+01,9.482257899593824035e+00
2.408402400685910294e+01,9.058922150631257608e+00
2.410402972277793765e+01,8.543069001408921892e+00
2.412403543869677236e+01,8.600554067452403473e+00
2.414404115461560707e+01,8.249166895724876269e+00
2.416404687053444178e+01,8.594464143701712189e+00
2.418405258645327294e+01,8.078146354428383802e+00
2.420405830237210765e+01,9.442614803612027430e+00
2.422406401829093880e+01,9.445250170987160132e+00
2.424406973420977351e+01,9.184723836161683863e+00
2.426407545012860822e+01,9.589657674341708571e+00
2.428408116604744293e+01,8.200398652206290606e+00
2.430408688196627764e+01,8.414709765359441818e+00
2.432409259788511235e+01,8.412134910013744360e+00
2.434409831380394706e+01,8.498544330942827685e+00
2.436410402972277822e+01,8.174110345911698161e+00
2.438410974564161293e+01,8.949402370985710675e+00
2.440411546156044409e+01,9.069684198267635722e+00
2.442412117747927880e+01,8.398847419774014611e+00
2.444412689339811351e+01,9.217857009508033883e+00
2.446413260931694822e+01,8.388071575736333330e+00
2.448413832523578293e+01,8.039848026677930193e+00
2.450414404115461764e+01,8.327973217310999487e+00
2.452414975707345235e+01,8.053351670899099091e+00
2.454415547299228351e+01,7.856065871411201940e+00
2.456416118891111822e+01,8.362727584950574666e+00
2.458416690482995293e+01,7.437504711113470002e+00
2.460417262074878408e+01,6.987851873960172711e+00
2.462417833666761879e+01,7.188039447590712783e+00
2.464418405258645350e+01,7.302242591655453197e+00
2.466418976850528821e+01,6.395774677799443531e+00
2.468419548442412292e+01,6.702611703543662536e+00
2.470420120034295763e+01,7.172019269175147649e+00
2.472420691626179234e+01,7.025130004777334847e+00
2.474421263218062350e+01,6.048316928475334642e+00
2.476421834809945821e+01,6.280382905147072314e+00
2.478422406401828937e+01,6.165496382584072954e+00
2.480422977993712408e+01,6.352398866434870506e+00
2.482423549585595879e+01,6.568448663493468231e+00
2.484424121177479350e+01,5.733956718231729255e+00
2.486424692769362821e+01,5.876385568835707396e+00
2.488425264361246292e+01,6.022992346113047901e+00
2.490425835953129763e+01,5.981419412534624058e+00
2.492426407545012879e+01,5.701437306786329984e+00
2.494426979136896350e+01,6.527467089464968453e+00
2.496427550728779821e+01,5.406695343634645212e+00
2.498428122320662936e+01,5.527496364968404130e+00
2.500428693912546407e+01,5.356024674539895614e+00
2.502429265504429878e+01,5.684785733363701965e+00
2.504429837096313349e+01,5.218726423151196947e+00
2.506430408688196820e+01,6.302931123731227991e+00
2.508430980280080291e+01,5.742434716913852100e+00
2.510431551871963762e+01,5.808179463786119712e+00
2.512432123463846878e+01,6.265808553330879604e+00
2.514432695055730349e+01,6.092649973575135824e+00
2.516433266647613465e+01,6.366134580284786182e+00
2.518433838239496936e+01,5.594813190183995921e+00
2.520434409831380407e+01,6.273401994250971114e+00
2.522434981423263878e+01,5.870548316586616799e+00
2.524435553015147349e+01,7.292334762276731830e+00
2.526436124607030820e+01,6.792439216667297330e+00
2.528436696198914291e+01,6.121790313552472718e+00
2.530437267790797407e+01,6.568964709949958625e+00
2.532437839382680878e+01,6.817109986413348643e+00
2.534438410974563993e+01,6.594841090057906641e+00
2.536438982566447464e+01,7.239772903512973201e+00
2.538439554158330935e+01,6.480113434794126270e+00
2.540440125750214406e+01,7.065788447758270863e+00
2.542440697342097877e+01,7.008172744047575620e+00
2.544441268933981348e+01,6.996904372521408177e+00
2.546441840525864819e+01,6.891189366888411882e+00
2.548442412117747935e+01,7.383562485207242787e+00
2.550442983709631406e+01,7.785981593737282935e+00
2.552443555301514877e+01,7.777585219862725552e+00
2.554444126893397993e+01,7.371113355750795293e+00
2.556444698485281464e+01,7.016575260471563880e+00
2.558445270077164935e+01,6.957918612840090944e+00
2.560445841669048406e+01,6.994880852606284449e+00
2.562446413260931877e+01,6.998575807504522572e+00
2.564446984852815348e+01,7.796918720323801288e+00
2.566447556444698819e+01,7.229533738293956624e+00
2.568448128036581934e+01,6.617033542591610029e+00
2.570448699628465405e+01,6.993658595487191931e+00
2.572449271220348521e+01,7.904311589306067809e+00
2.574449842812231992e+01,7.081815458875108327e+00
2.576450414404115463e+01,8.124251882715437745e+00
2.578450985995998934e+01,7.948708514363464595e+00
2.580451557587882405e+01,7.913011136991009664e+00
2.582452129179765876e+01,7.197285726086381175e+00
2.584452700771649347e+01,7.688455115238960857e+00
2.586453272363532463e+01,7.906704941604465908e+00
2.588453843955415934e+01,7.084993506998541690e+00
2.590454415547299405e+01,7.663654005715768491e+00
2.592454987139182521e+01,7.944357562905205228e+00
2.594455558731065992e+01,7.156464525477958638e+00
2.596456130322949463e+01,7.276224507229119176e+00
2.598456701914832934e+01,7.179980332411600941e+00
2.600457273506716405e+01,7.400634547583971212e+00
2.602457845098599520e+01,7.056943793493513084e+00
2.604458416690482991e+01,6.443906756697237448e+00
2.606458988282366462e+01,5.926992857654530766e+00
2.608459559874249933e+01,6.632943354281524151e+00
2.610460131466133404e+01,5.587064381803234170e+00
2.612460703058016520e+01,6.108855859656154408e+00
2.614461274649899991e+01,6.023336329118849974e+00
2.616461846241783462e+01,6.516585711708103190e+00
2.618462417833666933e+01,5.755703341412272245e+00
2.620462989425550404e+01,5.338975778017982066e+00
2.622463561017433520e+01,6.055239220046972903e+00
2.624464132609316991e+01,5.446896880658009366e+00
2.626464704201200462e+01,5.991106838267065804e+00
2.628465275793083933e+01,5.335422330046233341e+00
2.630465847384967049e+01,6.103772771782018935e+00
2.632466418976850520e+01,4.827676182902012059e+00
2.634466990568733991e+01,4.608138151851621345e+00
2.636467562160617462e+01,5.009117375014286111e+00
2.638468133752500933e+01,5.469663573604170992e+00
2.640468705344384048e+01,4.958195776747850836e+00
2.642469276936267519e+01,5.147239666001064862e+00
2.644469848528150990e+01,5.201756134377422569e+00
2.646470420120034461e+01,5.112466634321735093e+00
2.648470991711917932e+01,5.090990349273512905e+00
2.650471563303801048e+01,4.645928219817124116e+00
2.652472134895684519e+01,5.029172579055953385e+00
2.654472706487567990e+01,6.002557030145155181e+00
2.656473278079451461e+01,4.841574159356459184e+00
2.658473849671334932e+01,6.003577727425150279e+00
2.660474421263218048e+01,5.953000107485297399e+00
2.662474992855101519e+01,6.486364791752407655e+00
2.664475564446984990e+01,5.884728340139793623e+00
2.666476136038868461e+01,5.294136193924741107e+00
2.668476707630751577e+01,6.614190946339766342e+00
2.670477279222635048e+01,6.288538885825984082e+00
2.672477850814518519e+01,6.358544538974990168e+00
2.674478422406401990e+01,6.534293021506771382e+00
2.676478993998285461e+01,6.079486223298748548e+00
2.678479565590168576e+01,6.769571505636048592e+00
2.680480137182052047e+01,6.827984357718028363e+00
2.682480708773935518e+01,7.010925445062316186e+00
2.684481280365818989e+01,7.389752267741120484e+00
2.686481851957702460e+01,7.521206763810466711e+00
2.688482423549585576e+01,8.242748404177689281e+00
2.690482995141469047e+01,8.454853537649096751e+00
2.692483566733352518e+01,7.947548046217808526e+00
2.694484138325235989e+01,8.716816866011768639e+00
2.696484709917119105e+01,8.638551899789867150e+00
2.698485281509002576e+01,1.014334787365551449e+01
2.700485853100886047e+01,9.709902579307719606e+00
2.702486424692769518e+01,9.941878663678398453e+00
2.704486996284652989e+01,1.135205019351832689e+01
2.706487567876536104e+01,1.055417502332358382e+01
2.708488139468419575e+01,1.188519997063504086e+01
2.710488711060303046e+01,1.255932739213444904e+01
2.712489282652186517e+01,1.309101656449209905e+01
2.714489854244069988e+01,1.360143515253659885e+01
2.716490425835953104e+01,1.351012821952317111e+01
2.718490997427836575e+01,1.470335381325579149e+01
2.720491569019720046e+01,1.507370761678324023e+01
2.722492140611603517e+01,1.559467808219724461e+01
2.724492712203486633e+01,1.759288736756221283e+01
2.726493283795370104e+01,1.686921471708211229e+01
2.728493855387253575e+01,1.822815148264257701e+01
2.730494426979137046e+01,1.909387201368478770e+01
2.732494998571020517e+01,2.051719546577111686e+01
2.734495570162903633e+01,2.102574176145260054e+01
2.736496141754787104e+01,2.173934041873321377e+01
2.738496713346670575e+01,2.307435352987354804e+01
2.740497284938554046e+01,2.395618045747047375e+01
2.742497856530437517e+01,2.523972488604108833e+01
2.744498428122320632e+01,2.631497401516981682e+01
2.746498999714204103e+01,2.732244711565736139e+01
2.748499571306087574e+01,2.869348421230989743e+01
2.750500142897971045e+01,2.941361832899913509e+01
2.752500714489854516e+01,3.044102228206705263e+01
2.754501286081737632e+01,3.220848938452284926e+01
2.756501857673621103e+01,3.290600541597911644e+01
2.758502429265504574e+01,3.509770497670199063e+01
2.760503000857388045e+01,3.534636790179050081e+01
2.762503572449271161e+01,3.748338439627933383e+01
2.764504144041154632e+01,3.779344055045095985e+01
2.766504715633038103e+01,3.878562720978494838e+01
2.768505287224921574e+01,4.036965604844181144e+01
2.770505858816805045e+01,4.092641788616960241e+01
2.772506430408688161e+01,4.198893007532856814e+01
2.774507002000571632e+01,4.291250859892802794e+01
2.776507573592455103e+01,4.406746864974319067e+01
2.778508145184338574e+01,4.402477145669625003e+01
2.780508716776222045e+01,4.513731525787588339e+01
2.782509288368105160e+01,4.599158371360634590e+01
2.784509859959988631e+01,4.539406584332900252e+01
2.786510431551872102e+01,4.620872563740819317e+01
2.788511003143755573e+01,4.599415044915777173e+01
2.790511574735638689e+01,4.500693026231876104e+01
2.792512146327522160e+01,4.435364840975299217e+01
2.794512717919405631e+01,4.374931286438235389e+01
2.796513289511289102e+01,4.254848979815700716e+01
2.798513861103172573e+01,4.179990135426518805e+01
2.800514432695055689e+01,3.964581722693995403e+01
2.802515004286939160e+01,3.874823082837980337e+01
2.804515575878822631e+01,3.616703001457145206e+01
2.806516147470706102e+01,3.458922797926697257e+01
2.808516719062589573e+01,3.375893516114306436e+01
2.810517290654472689e+01,3.173180965877796922e+01
2.812517862246356160e+01,2.978270037354643662e+01
2.814518433838239631e+01,2.730727182382539553e+01
2.816519005430123102e+01,2.649353780791559387e+01
2.818519577022006217e+01,2.480423510325066516e+01
2.820520148613889688e+01,2.271194455738282159e+01
2.822520720205773159e+01,2.069271485240935249e+01
2.824521291797656630e+01,1.970189198145475018e+01
2.826521863389540101e+01,1.895713093590122611e+01
2.828522434981423217e+01,1.727767828652698512e+01
2.830523006573306688e+01,1.575916903322953289e+01
2.832523578165190159e+01,1.463013105262998614e+01
2.834524149757073630e+01,1.440545017859539101e+01
2.836524721348957101e+01,1.333904554196845638e+01
2.838525292940840217e+01,1.303756032158901590e+01
2.840525864532723688e+01,1.247079602574085300e+01
2.842526436124607159e+01,1.082810635525978959e+01
2.844527007716490630e+01,1.066025129649360181e+01
2.846527579308374101e+01,9.999256540293107065e+00
2.848528150900257216e+01,9.485747818055386915e+00
2.850528722492140687e+01,9.659472147146805909e+00
2.852529294084024158e+01,9.105687909066149999e+00
2.854529865675907629e+01,8.438480642740978865e+00
2.856530437267790745e+01,7.569016989091346126e+00
2.858531008859674216e+01,7.999445261902267568e+00
2.860531580451557687e+01,7.820637988785383854e+00
2.862532152043441158e+01,7.256427087545366916e+00
2.864532723635324629e+01,7.626725676713675739e+00
2.866533295227207745e+01,7.009061552260567041e+00
2.868533866819091216e+01,6.267099510608836965e+00
2.870534438410974687e+01,7.311698814816645964e+00
2.872535010002858158e+01,6.733338637566957274e+00
2.874535581594741629e+01,6.583535849862295564e+00
2.876536153186624745e+01,5.856273668078948447e+00
2.878536724778508216e+01,5.616450423514460333e+00
2.880537296370391687e+01,6.318600486900797009e+00
2.882537867962275158e+01,5.921522781685336412e+00
2.884538439554158273e+01,5.755316421218200418e+00
2.886539011146041744e+01,6.195375884351131290e+00
2.888539582737925215e+01,6.060769199348260194e+00
2.890540154329808686e+01,5.875325759953164528e+00
2.892540725921692157e+01,6.246038099236774777e+00
2.894541297513575273e+01,6.072132143001153892e+00
2.896541869105458744e+01,5.779309853424836163e+00
2.898542440697342215e+01,5.771979976275217084e+00
2.900543012289225686e+01,5.348526648239847248e+00
2.902543583881109157e+01,5.997338342738183670e+00
2.904544155472992273e+01,6.363378377609032022e+00
2.906544727064875744e+01,5.555547709356727815e+00
2.908545298656759215e+01,5.519491704752470085e+00
2.910545870248642686e+01,5.629861516891062401e+00
2.912546441840525802e+01,5.982864775526854473e+00
2.914547013432409273e+01,5.183027770865032302e+00
2.916547585024292744e+01,5.436990121523672670e+00
2.918548156616176215e+01,6.191265191018627156e+00
2.920548728208059686e+01,5.631896440488953104e+00
2.922549299799942801e+01,5.446795799905881807e+00
2.924549871391826272e+01,6.079053747732204194e+00
2.926550442983709743e+01,5.658862234830978721e+00
2.928551014575593214e+01,5.667504214278606511e+00
2.930551586167476685e+01,6.202347578992598365e+00
2.932552157759359801e+01,6.386289380487615297e+00
2.934552729351243272e+01,6.128130478551030436e+00
2.936553300943126743e+01,6.469191086596992157e+00
2.938553872535010214e+01,5.996756326792003655e+00
2.940554444126893330e+01,6.036416047395480433e+00
2.942555015718776801e+01,5.559997960315198995e+00
2.944555587310660272e+01,6.078103328811679695e+00
2.946556158902543743e+01,6.278993071264471482e+00
2.948556730494427214e+01,7.003944598447551684e+00
2.950557302086310330e+01,6.588495914742198423e+00
2.952557873678193801e+01,6.503161265170682270e+00
2.954558445270077272e+01,6.860377706255714969e+00
2.956559016861960743e+01,6.165457411106596730e+00
2.958559588453844214e+01,7.577405774598931387e+00
2.960560160045727329e+01,7.011436752954907092e+00
2.962560731637610800e+01,7.589977012653875477e+00
2.964561303229494271e+01,8.042908257070617850e+00
2.966561874821377742e+01,7.343467536589183275e+00
2.968562446413261213e+01,7.833682306555431296e+00
2.970563018005144329e+01,7.795179400973823114e+00
2.972563589597027800e+01,8.245757272856270248e+00
2.974564161188911271e+01,8.106212501211100374e+00
2.976564732780794742e+01,8.484396049101523118e+00
2.978565304372677858e+01,8.970261228920517027e+00
2.980565875964561329e+01,9.350085044547540747e+00
2.982566447556444800e+01,9.836830674727426782e+00
2.984567019148328271e+01,1.033097147861272447e+01
2.986567590740211742e+01,1.098434868880728033e+01
2.988568162332094857e+01,1.099405763420491056e+01
2.990568733923978328e+01,1.188677848448163843e+01
2.992569305515861799e+01,1.288211897799790862e+01
2.994569877107745270e+01,1.377655430035376760e+01
2.996570448699628741e+01,1.342623483768061732e+01
2.998571020291511857e+01,1.400875616160120529e+01
3.000571591883395328e+01,1.481480517272294861e+01
3.002572163475278799e+01,1.608021156540014118e+01
3.004572735067162270e+01,1.586977400534604499e+01
3.006573306659045386e+01,1.792816600488264456e+01
3.008573878250928857e+01,1.837141948971572702e+01
3.010574449842812328e+01,1.932145556632014660e+01
3.012575021434695799e+01,1.998214795835790980e+01
3.014575593026579270e+01,2.178487777085693011e+01
3.016576164618462386e+01,2.215314323931355034e+01
3.018576736210345857e+01,2.445155172776090780e+01
3.020577307802229328e+01,2.527860486173946697e+01
3.022577879394112799e+01,2.632820716077413437e+01
3.024578450985996270e+01,2.758337950712256514e+01
3.026579022577879385e+01,2.956267692465860364e+01
3.028579594169762856e+01,3.137355007571454024e+01
3.030580165761646327e+01,3.232347628735428913e+01
3.032580737353529798e+01,3.497131953512595004e+01
3.034581308945412914e+01,3.514734287637951837e+01
3.036581880537296385e+01,3.784620552145274530e+01
3.038582452129179856e+01,3.936099190453272456e+01
3.040583023721063327e+01,4.108635308252571861e+01
3.042583595312946798e+01,4.307926442195321215e+01
3.044584166904829914e+01,4.512765771471339349e+01
3.046584738496713385e+01,4.618101908696492330e+01
3.048585310088596856e+01,4.862835604036706627e+01
3.050585881680480327e+01,5.110428977625412017e+01
3.052586453272363798e+01,5.232326404281002397e+01
3.054587024864246914e+01,5.419746340735957801e+01
3.056587596456130385e+01,5.566720472195305547e+01
3.058588168048013856e+01,5.749028142245136053e+01
3.060588739639897327e+01,5.956597915019695222e+01
3.062589311231780798e+01,6.111304777672098965e+01
3.064589882823663913e+01,6.241286784114821984e+01
3.066590454415547384e+01,6.403868386740573726e+01
3.068591026007430855e+01,6.482574352766725667e+01
3.070591597599314326e+01,6.525055744059038432e+01
3.072592169191197442e+01,6.600287723304133181e+01
3.074592740783080913e+01,6.606296381075873114e+01
3.076593312374964384e+01,6.672729589388082161e+01
3.078593883966847855e+01,6.599239282672263585e+01
3.080594455558731326e+01,6.533121959174548010e+01
3.082595027150614442e+01,6.449973776885032350e+01
3.084595598742497913e+01,6.357263941020545417e+01
3.086596170334381384e+01,6.178260109481747264e+01
3.088596741926264855e+01,6.108240216428791314e+01
3.090597313518148326e+01,5.820602496500392675e+01
3.092597885110031442e+01,5.649982523507370757e+01
3.094598456701914913e+01,5.441737222803133989e+01
3.096599028293798384e+01,5.231072729868489546e+01
3.098599599885681855e+01,4.995936838219466836e+01
3.100600171477564970e+01,4.792295555344812641e+01
3.102600743069448441e+01,4.502961822878243225e+01
3.104601314661331912e+01,4.225980169351853988e+01
3.106601886253215383e+01,4.070608082526237581e+01
3.108602457845098854e+01,3.745125445606541348e+01
3.110603029436981970e+01,3.554134018559152963e+01
3.112603601028865441e+01,3.341081549408162488e+01
3.114604172620748912e+01,3.106772048049786861e+01
3.116604744212632383e+01,3.004608415213922257e+01
3.118605315804515854e+01,2.746185137998852355e+01
3.120605887396398970e+01,2.635546061799965756e+01
3.122606458988282441e+01,2.506503659749897039e+01
3.124607030580165912e+01,2.342992806114957460e+01
3.126607602172049383e+01,2.217816851894021113e+01
3.128608173763932498e+01,2.182131260732826661e+01
3.130608745355815969e+01,2.037207214025839974e+01
3.132609316947699440e+01,1.939411521393572357e+01
3.134609888539582911e+01,1.867663393062669996e+01
3.136610460131466382e+01,1.759461037548039641e+01
3.138611031723349498e+01,1.710708673053673223e+01
3.140611603315232969e+01,1.639934630061051024e+01
3.142612174907116440e+01,1.592142770823258857e+01
3.144612746498999911e+01,1.463298810132955197e+01
3.146613318090883382e+01,1.502786051992493910e+01
3.148613889682766498e+01,1.463495380649059641e+01
3.150614461274649969e+01,1.346406111191505417e+01
3.152615032866533440e+01,1.365238732486168161e+01
3.154615604458416911e+01,1.352055370937322465e+01
3.156616176050300382e+01,1.362815496810253180e+01
3.158616747642183498e+01,1.343659722051190286e+01
3.160617319234066969e+01,1.275745488903946878e+01
3.162617890825950440e+01,1.395915770755584973e+01
3.164618462417833911e+01,1.275687650792519179e+01
3.166619034009717026e+01,1.277115948306705917e+01
3.168619605601600497e+01,1.246553477315729452e+01
3.170620177193483968e+01,1.312641311304554215e+01
3.172620748785367439e+01,1.258704815708362723e+01
3.174621320377250910e+01,1.253615991560389631e+01
3.176621891969134026e+01,1.236550374787790929e+01
3.178622463561017497e+01,1.273551851235834675e+01
3.180623035152900968e+01,1.188791689595533185e+01
3.182623606744784439e+01,1.205073389557581365e+01
3.184624178336667910e+01,1.145740286640240768e+01
3.186624749928551026e+01,1.174974071396818331e+01
3.188625321520434497e+01,1.147899492474460281e+01
3.190625893112317968e+01,1.057556071882043369e+01
3.192626464704201439e+01,1.076100757021103327e+01
3.194627036296084555e+01,1.016048367879754011e+01
3.196627607887968026e+01,1.056458462988825175e+01
3.198628179479851497e+01,1.009160554711717772e+01
3.200628751071734968e+01,9.232114473848561431e+00
3.202629322663618439e+01,9.078878842145137185e+00
3.204629894255501199e+01,8.616973849847660460e+00
3.206630465847385381e+01,8.266109864264521434e+00
3.208631037439268141e+01,8.309012831155804690e+00
3.210631609031152323e+01,8.181106316354263441e+00
3.212632180623035083e+01,6.798380292657597579e+00
3.214632752214918554e+01,8.112801573218860085e+00
3.216633323806802025e+01,7.364285489087084358e+00
3.218633895398685496e+01,6.389760310757147010e+00
3.220634466990568967e+01,7.238110937363312125e+00
3.222635038582451728e+01,6.285219441197444468e+00
3.224635610174335909e+01,6.614251996317545235e+00
3.226636181766218670e+01,7.090948106131244266e+00
3.228636753358102851e+01,6.942570619553320554e+00
3.230637324949985612e+01,6.356188681252057826e+00
3.232637896541869083e+01,6.527359344813808306e+00
3.234638468133752554e+01,5.824592609073393490e+00
3.236639039725636025e+01,6.481869611965240807e+00
3.238639611317519496e+01,5.817749354708487530e+00
3.240640182909402967e+01,6.585334609029215969e+00
3.242640754501286438e+01,6.719117846635453972e+00
3.244641326093169198e+01,6.693399553656502299e+00
3.246641897685053380e+01,6.467205166403636518e+00
3.248642469276936140e+01,5.641482509473505935e+00
3.250643040868819611e+01,6.537998754186766348e+00
3.252643612460703082e+01,6.598868389132335643e+00
3.254644184052586553e+01,6.947433145870808957e+00
3.256644755644470024e+01,7.131856531986109360e+00
3.258645327236353495e+01,7.092453268580719339e+00
3.260645898828236966e+01,7.285705967106848036e+00
3.262646470420119726e+01,7.486531617081269019e+00
3.264647042012003908e+01,7.339379008025055384e+00
3.266647613603886668e+01,8.105697556132959392e+00
3.268648185195770850e+01,8.084036546207459040e+00
3.270648756787653610e+01,8.080090573768313078e+00
3.272649328379537081e+01,8.311062133712725952e+00
3.274649899971420552e+01,8.204735747697771586e+00
3.276650471563304023e+01,8.364955621172169842e+00
3.278651043155187494e+01,9.187161339890140610e+00
3.280651614747070255e+01,9.053539454794066188e+00
3.282652186338954436e+01,8.814752986507595978e+00
3.284652757930837197e+01,9.092976413460942098e+00
3.286653329522721378e+01,8.980876414311076417e+00
3.288653901114604139e+01,1.039415301700045902e+01
3.290654472706487610e+01,9.746771543048129871e+00
3.292655044298371081e+01,1.024296894195441610e+01
3.294655615890254552e+01,9.953369712866987129e+00
3.296656187482138023e+01,1.141384204647422962e+01
3.298656759074020783e+01,1.085482686049577339e+01
3.300657330665904965e+01,1.051745089671728550e+01
3.302657902257787725e+01,1.166591988628230681e+01
3.304658473849671907e+01,1.088552494691699479e+01
3.306659045441554667e+01,1.180790385266858955e+01
3.308659617033438138e+01,1.164835914905812508e+01
3.310660188625321609e+01,1.156382419759268032e+01
3.312660760217205080e+01,1.231527951012307298e+01
3.314661331809088551e+01,1.141707061204037288e+01
3.316661903400971312e+01,1.174325473566186062e+01
3.318662474992855493e+01,1.146401505286510947e+01
3.320663046584738254e+01,1.182371288534798381e+01
3.322663618176622435e+01,1.091659492266284914e+01
3.324664189768505196e+01,1.158563748238534785e+01
3.326664761360388667e+01,1.126534952630377262e+01
3.328665332952272138e+01,1.074517158690910534e+01
3.330665904544155609e+01,1.095678756274874743e+01
3.332666476136039080e+01,1.071090494935079818e+01
3.334667047727922551e+01,1.096462302216056628e+01
3.336667619319806022e+01,9.298997095396519086e+00
3.338668190911688782e+01,9.700581031355458350e+00
3.340668762503572964e+01,9.995979360493912225e+00
3.342669334095455724e+01,8.844328010343765811e+00
3.344669905687339195e+01,9.544409672399289946e+00
3.346670477279222666e+01,8.862247997498737817e+00
3.348671048871106137e+01,9.289683326312758282e+00
3.350671620462989608e+01,8.594519321205579487e+00
3.352672192054873079e+01,8.727007796026047259e+00
3.354672763646756550e+01,8.032997950959170907e+00
3.356673335238639311e+01,7.622455564815600049e+00
3.358673906830523492e+01,8.623453363897759516e+00
3.360674478422406253e+01,8.224880375071595751e+00
3.362675050014290434e+01,7.497488029104493634e+00
3.364675621606173195e+01,7.461606193774992235e+00
3.366676193198056666e+01,7.902112110212690332e+00
3.368676764789940137e+01,8.132741134597214483e+00
3.370677336381823608e+01,7.894312844941593355e+00
3.372677907973707079e+01,7.797614648464875842e+00
3.374678479565589839e+01,8.074053474260960428e+00
3.376679051157474021e+01,8.658034564087408569e+00
3.378679622749356781e+01,8.042809767979992586e+00
3.380680194341240963e+01,8.127010789807188829e+00
3.382680765933123723e+01,8.602723910547997122e+00
3.384681337525007194e+01,9.242592578738054954e+00
3.386681909116890665e+01,9.285503884365505556e+00
3.388682480708774136e+01,9.531950439184388557e+00
3.390683052300657607e+01,1.041797199265052321e+01
3.392683623892540368e+01,1.120594485945775176e+01
3.394684195484424549e+01,1.062555534480038233e+01
3.396684767076307310e+01,1.170602600800354054e+01
3.398685338668191491e+01,1.199059508945290986e+01
3.400685910260074252e+01,1.316724438987823831e+01
3.402686481851957723e+01,1.246854510285916007e+01
3.404687053443841194e+01,1.337611157236892545e+01
3.406687625035724665e+01,1.492992051087625960e+01
3.408688196627608136e+01,1.570638649865892589e+01
3.410688768219490896e+01,1.587616288713113555e+01
3.412689339811375078e+01,1.728813831645471666e+01
3.414689911403257838e+01,1.695914822314944814e+01
3.416690482995142020e+01,1.818318715183517043e+01
3.418691054587024780e+01,1.862759417897360947e+01
3.420691626178908251e+01,2.032458741990235040e+01
3.422692197770791722e+01,2.037294878992288716e+01
3.424692769362675193e+01,2.219252940845840527e+01
3.426693340954558664e+01,2.232545175351715727e+01
3.428693912546442135e+01,2.412771778387065780e+01
3.430694484138325606e+01,2.514465045783678221e+01
3.432695055730208367e+01,2.575253825429669519e+01
3.434695627322092548e+01,2.662360894965117808e+01
3.436696198913975309e+01,2.809618004762752008e+01
3.438696770505858780e+01,2.929347691607063808e+01
3.440697342097742251e+01,3.056803518330202962e+01
3.442697913689625722e+01,3.187151112063651226e+01
3.444698485281509193e+01,3.347192115050341954e+01
3.446699056873392664e+01,3.435818862253167794e+01
3.448699628465276135e+01,3.476356870620105610e+01
3.450700200057158895e+01,3.608523386724122872e+01
3.452700771649043077e+01,3.710739998545169271e+01
3.454701343240925837e+01,3.824183058649752809e+01
3.456701914832810019e+01,3.877271836610651690e+01
3.458702486424692779e+01,4.041503399484630421e+01
3.460703058016576250e+01,3.971410606236798913e+01
3.462703629608459721e+01,4.067149203898880216e+01
3.464704201200343192e+01,4.142382440280773892e+01
3.466704772792226663e+01,4.154468602277637501e+01
3.468705344384109424e+01,4.197915102005784149e+01
3.470705915975993605e+01,4.269408808660902110e+01
3.472706487567876366e+01,4.290287354602966730e+01
3.474707059159760547e+01,4.291349230029675255e+01
3.476707630751643308e+01,4.315601720285230414e+01
3.478708202343526779e+01,4.198197992259640898e+01
3.480708773935410250e+01,4.216891641219357467e+01
3.482709345527293721e+01,4.205480801073512964e+01
3.484709917119177192e+01,4.140185876755799654e+01
3.486710488711059952e+01,4.127168677541787645e+01
3.488711060302944134e+01,4.128724450023111103e+01
3.490711631894826894e+01,4.053746995304109646e+01
3.492712203486711076e+01,4.029510818003015515e+01
3.494712775078593836e+01,3.951529229965696288e+01
3.496713346670477307e+01,3.948402887157361363e+01
3.498713918262360778e+01,3.894230716228426559e+01
3.500714489854244249e+01,3.802528030195298214e+01
3.502715061446127720e+01,3.878835644341224054e+01
3.504715633038010481e+01,3.708392829169791582e+01
3.506716204629894662e+01,3.717252273626772308e+01
3.508716776221777423e+01,3.561537231814852333e+01
3.510717347813661604e+01,3.476238660093486033e+01
3.512717919405544365e+01,3.394191026366328146e+01
3.514718490997427836e+01,3.225884530850157716e+01
3.516719062589311307e+01,3.139436183686281723e+01
3.518719634181194778e+01,2.973815271720724596e+01
3.520720205773078249e+01,2.862288358735235505e+01
3.522720777364961720e+01,2.752492344128668478e+01
3.524721348956845191e+01,2.561596931742140271e+01
3.526721920548727951e+01,2.458471380128290562e+01
3.528722492140612133e+01,2.396619946728704065e+01
3.530723063732494893e+01,2.209111011880393249e+01
3.532723635324378364e+01,2.106936204752727804e+01
3.534724206916261835e+01,1.862615769510214037e+01
3.536724778508145306e+01,1.832042425682888265e+01
3.538725350100028777e+01,1.699774325786259510e+01
3.540725921691912248e+01,1.546928587219790074e+01
3.542726493283795719e+01,1.513652189678421855e+01
3.544727064875678479e+01,1.447022444129602903e+01
3.546727636467562661e+01,1.350474435263832440e+01
3.548728208059445421e+01,1.214909822566582420e+01
3.550728779651329603e+01,1.133079521063031692e+01
3.552729351243212363e+01,1.169653673782376302e+01
3.554729922835095834e+01,1.058350732950708206e+01
3.556730494426979305e+01,1.052801837323274370e+01
3.558731066018862776e+01,9.862399550479983290e+00
3.560731637610746247e+01,8.497439776946924539e+00
3.562732209202629008e+01,9.109290494266211624e+00
3.564732780794513189e+01,8.032651539434688459e+00
3.566733352386395950e+01,8.292518228255794099e+00
3.568733923978280131e+01,7.717019372026806323e+00
3.570734495570162892e+01,7.557188128116427706e+00
3.572735067162046363e+01,7.071802440073769347e+00
3.574735638753929834e+01,7.185997250658765267e+00
3.576736210345813305e+01,7.220898764269008119e+00
3.578736781937696776e+01,6.155652106846037697e+00
3.580737353529579536e+01,6.715552908373924268e+00
3.582737925121463718e+01,6.387522120816938376e+00
3.584738496713346478e+01,5.779898357915698170e+00
3.586739068305230660e+01,5.739765946542064512e+00
3.588739639897113420e+01,6.305989543759462634e+00
3.590740211488996891e+01,5.518156445260285814e+00
3.592740783080880362e+01,5.662807270638075430e+00
3.594741354672763833e+01,5.305950765021799853e+00
3.596741926264647304e+01,6.095537316034814523e+00
3.598742497856530065e+01,4.625529854174246225e+00
3.600743069448414246e+01,5.569506823054449995e+00
3.602743641040297007e+01,4.861812277794742343e+00
3.604744212632181188e+01,5.491604409917810514e+00
3.606744784224063949e+01,4.521655642858656066e+00
3.608745355815947420e+01,4.623299294563093298e+00
3.610745927407830891e+01,5.037067885586967719e+00
3.612746498999714362e+01,4.797998864544706699e+00
3.614747070591597833e+01,4.732315819854768790e+00
3.616747642183481304e+01,4.625781574863598422e+00
3.618748213775364775e+01,4.398733041498596563e+00
3.620748785367247535e+01,3.646440737095950180e+00
3.622749356959131717e+01,4.389060419802994772e+00
3.624749928551014477e+01,4.166937202387248185e+00
3.626750500142897948e+01,4.669284699069370603e+00
3.628751071734781419e+01,3.450334629338684955e+00
3.630751643326664890e+01,4.674391773507452719e+00
3.632752214918548361e+01,3.458476186325437851e+00
3.634752786510431832e+01,3.722000469171679704e+00
3.636753358102315303e+01,3.557805570249130689e+00
3.638753929694198064e+01,3.756807109387623189e+00
3.640754501286082245e+01,4.363446949656527352e+00
3.642755072877965006e+01,3.378231897233081593e+00
3.644755644469849187e+01,3.827236151920802243e+00
3.646756216061731948e+01,4.781125966514459869e+00
3.648756787653615419e+01,3.901452796564595538e+00
3.650757359245498890e+01,3.519926492827646136e+00
3.652757930837382361e+01,3.024917043472997946e+00
3.654758502429265832e+01,3.565053328316263759e+00
3.656759074021148592e+01,3.887704047724571232e+00
3.658759645613032774e+01,4.034644440251302200e+00
3.660760217204915534e+01,4.111255259369991144e+00
3.662760788796799716e+01,3.377092932927699742e+00
3.664761360388682476e+01,3.926232695988267185e+00
3.666761931980565947e+01,3.393517768514406008e+00
3.668762503572449418e+01,3.848958090554068789e+00
3.670763075164332889e+01,3.932691905807159660e+00
3.672763646756216360e+01,3.774912473407773916e+00
3.674764218348099121e+01,3.591393682870702264e+00
3.676764789939983302e+01,3.812228972873386912e+00
3.678765361531866063e+01,4.491352702583027323e+00
3.680765933123750244e+01,3.801986385464562801e+00
3.682766504715633005e+01,4.324263516683656050e+00
3.684767076307516476e+01,3.500120005425560343e+00
3.686767647899399947e+01,3.232492234871271464e+00
3.688768219491283418e+01,4.350079388610092579e+00
3.690768791083166889e+01,3.639749301709718221e+00
3.692769362675049649e+01,3.757041816912021659e+00
3.694769934266933831e+01,4.103854818635442214e+00
3.696770505858816591e+01,3.431675102022030632e+00
3.698771077450700773e+01,3.699488536779881986e+00
3.700771649042583533e+01,4.272856423690462258e+00
3.702772220634467004e+01,3.611784208985987288e+00
3.704772792226350475e+01,3.749703661766345064e+00
3.706773363818233946e+01,3.949254035294472054e+00
3.708773935410117417e+01,3.866543152670502081e+00
3.710774507002000888e+01,4.561415196786091641e+00
3.712775078593884359e+01,4.562263873766446487e+00
3.714775650185767120e+01,3.294658363485106989e+00
3.716776221777651301e+01,4.086709627889092644e+00
3.718776793369534062e+01,3.680881285472488607e+00
3.720777364961417533e+01,4.149966391594814397e+00
3.722777936553301004e+01,3.355676913478414569e+00
3.724778508145184475e+01,4.280774129078874779e+00
3.726779079737067946e+01,3.986269233732886441e+00
3.728779651328951417e+01,3.780013706146788444e+00
3.730780222920834888e+01,4.060502857878915961e+00
3.732780794512717648e+01,3.763964595955516579e+00
3.734781366104601830e+01,3.627146863724278081e+00
3.736781937696484590e+01,3.453976791837803262e+00
3.738782509288368772e+01,3.210573426206032366e+00
3.740783080880251532e+01,2.903228116174526807e+00
3.742783652472135003e+01,3.517110857922785883e+00
3.744784224064018474e+01,2.893541707028989496e+00
3.746784795655901945e+01,3.383930732769834471e+00
3.748785367247785416e+01,3.771612910004157548e+00
3.750785938839668177e+01,3.203750470515810633e+00
3.752786510431552358e+01,2.389675953750141524e+00
3.754787082023435119e+01,2.985303709044129228e+00
3.756787653615319300e+01,2.536790725554355141e+00
3.758788225207202061e+01,3.573789104022747409e+00
3.760788796799085532e+01,2.890894946929868148e+00
3.762789368390969003e+01,2.042708484966210047e+00
3.764789939982852474e+01,2.565649915560475502e+00
3.766790511574735945e+01,2.545854221210824608e+00
3.768791083166618705e+01,2.272302446633330142e+00
3.770791654758502887e+01,2.973718024467561172e+00
3.772792226350385647e+01,2.929094632424241507e+00
3.774792797942269829e+01,2.868640464225563402e+00
3.776793369534152589e+01,2.205884708052697096e+00
3.778793941126036060e+01,3.187321321607613278e+00
3.780794512717919531e+01,2.670656652310680279e+00
3.782795084309803002e+01,2.586755791073486854e+00
3.784795655901686473e+01,1.949558183588884663e+00
3.786796227493569234e+01,2.755974067743174327e+00
3.788796799085453415e+01,2.738015648704517524e+00
3.790797370677336176e+01,2.353051507976046786e+00
3.792797942269220357e+01,3.088180813897395627e+00
3.794798513861103118e+01,2.443659900802098495e+00
3.796799085452986589e+01,3.148918714933798935e+00
3.798799657044870060e+01,2.526655166931098151e+00
3.800800228636753531e+01,3.259208967293880210e+00
3.802800800228637002e+01,2.418854906077902989e+00
3.804801371820520473e+01,2.154187919137055651e+00
3.806801943412403944e+01,2.664281011036877977e+00
3.808802515004286704e+01,3.532629566950061140e+00
3.810803086596170886e+01,3.004222304056893833e+00
3.812803658188053646e+01,2.524302579082970066e+00
3.814804229779937117e+01,3.665813582009942895e+00
3.816804801371820588e+01,3.300497931175757405e+00
3.818805372963704059e+01,3.522007061840930486e+00
3.820805944555587530e+01,3.494325305504577983e+00
3.822806516147471001e+01,3.356449219367199532e+00
3.824807087739354472e+01,3.003032437361750961e+00
3.826807659331237232e+01,3.471845611728405778e+00
3.828808230923121414e+01,3.627174039994359944e+00
3.830808802515004174e+01,3.728374510480027659e+00
3.832809374106888356e+01,3.458446890260403528e+00
3.834809945698771116e+01,3.642497780582742983e+00
3.836810517290654587e+01,3.578035987011081609e+00
3.838811088882538058e+01,4.021965995709684272e+00
3.840811660474421529e+01,3.306106554093751981e+00
3.842812232066305000e+01,4.944569070430693714e+00
3.844812803658187761e+01,4.840211135970420742e+00
3.846813375250071942e+01,4.949990768197896074e+00
3.848813946841954703e+01,5.078044465094482263e+00
3.850814518433838884e+01,5.100298563607022828e+00
3.852815090025721645e+01,4.602639127080497161e+00
3.854815661617605116e+01,4.722613936431537596e+00
3.856816233209488587e+01,5.143379511416446448e+00
3.858816804801372058e+01,4.638113978665939996e+00
3.860817376393255529e+01,5.176363013364093213e+00
3.862817947985138289e+01,5.039903505350562085e+00
3.864818519577022471e+01,5.457009702858210076e+00
3.866819091168905231e+01,5.684857700455715701e+00
3.868819662760789413e+01,6.414539438819791606e+00
3.870820234352672173e+01,5.895870501365968686e+00
3.872820805944555644e+01,6.354516020901188611e+00
3.874821377536439115e+01,6.449066863837025210e+00
3.876821949128322586e+01,7.855543167976404284e+00
3.878822520720206057e+01,8.134892345275797965e+00
3.880823092312088818e+01,8.010822162199158214e+00
3.882823663903972999e+01,8.190821584823343215e+00
3.884824235495855760e+01,7.308920456322443471e+00
3.886824807087739941e+01,8.840584445818080894e+00
3.888825378679622702e+01,8.288963223923904167e+00
3.890825950271506173e+01,8.367226043811726299e+00
3.892826521863389644e+01,8.006335777912344298e+00
3.894827093455273115e+01,9.047231256356242923e+00
3.896827665047156586e+01,8.698415828903174329e+00
3.898828236639040057e+01,8.709227872341681831e+00
3.900828808230923528e+01,8.620280673311278008e+00
3.902829379822806288e+01,8.971410253295744042e+00
3.904829951414690470e+01,9.249088371168509681e+00
3.906830523006573230e+01,8.728967457049803258e+00
3.908831094598456701e+01,9.018428993319030695e+00
3.910831666190340172e+01,8.775758593805363716e+00
3.912832237782223643e+01,7.817779875661749145e+00
3.914832809374107114e+01,8.495435071769257718e+00
3.916833380965990585e+01,8.597288368022571348e+00
3.918833952557874056e+01,7.674948302438608927e+00
3.920834524149756817e+01,7.200879769319856294e+00
3.922835095741640998e+01,7.795188114863495166e+00
3.924835667333523759e+01,7.622522363925678945e+00
3.926836238925407940e+01,7.192380626753901218e+00
3.928836810517290701e+01,6.719436580055337949e+00
3.930837382109174172e+01,6.730929202383679311e+00
3.932837953701057643e+01,5.430247219229737965e+00
3.934838525292941114e+01,6.430173270016682707e+00
3.936839096884824585e+01,5.838226354006696539e+00
3.938839668476707345e+01,5.518852849608346212e+00
3.940840240068591527e+01,5.526890283707472484e+00
3.942840811660474287e+01,5.482679177024866846e+00
3.944841383252358469e+01,5.366142500941739613e+00
3.946841954844241229e+01,5.194781762796168323e+00
3.948842526436124700e+01,3.899744786777817662e+00
3.950843098028008171e+01,4.521628556987320025e+00
3.952843669619891642e+01,4.610321473647972290e+00
3.954844241211775113e+01,4.768235198323249158e+00
3.956844812803657874e+01,3.712576716455712855e+00
3.958845384395542055e+01,4.252927829951029359e+00
3.960845955987424816e+01,3.848823975897480487e+00
3.962846527579308997e+01,3.608132514579909245e+00
3.964847099171191758e+01,3.731170876359764854e+00
3.966847670763075229e+01,3.793782847920064150e+00
3.968848242354958700e+01,3.486819682346799620e+00
3.970848813946842171e+01,3.523670536330077319e+00
3.972849385538725642e+01,4.412203112586416509e+00
3.974849957130608402e+01,3.725978421028088405e+00
3.976850528722492584e+01,3.990046083889017048e+00
3.978851100314375344e+01,3.601353976517345679e+00
3.980851671906259526e+01,3.538236494693236533e+00
3.982852243498142286e+01,4.056397892350354972e+00
3.984852815090025757e+01,3.911098779081053856e+00
3.986853386681909228e+01,4.465776580546381602e+00
3.988853958273792699e+01,3.861311148042925190e+00
3.990854529865676170e+01,3.686882140183886047e+00
3.992855101457559641e+01,3.882456802600160906e+00
3.994855673049443112e+01,3.819394585696310518e+00
3.996856244641325873e+01,3.625276815245244144e+00
3.998856816233210054e+01,4.156331327692132760e+00
4.000857387825092815e+01,4.933406573518958282e+00
4.002857959416976286e+01,4.648370385537183402e+00
4.004858531008859757e+01,4.621370601181364890e+00
4.006859102600743228e+01,5.076920394893891242e+00
4.008859674192626699e+01,5.457370049112400423e+00
4.010860245784510170e+01,5.352368588957737927e+00
4.012860817376393641e+01,4.748710129069204200e+00
4.014861388968276401e+01,5.317245848363906902e+00
4.016861960560160583e+01,5.872774143416130244e+00
4.018862532152043343e+01,6.209335505129828903e+00
4.020863103743927525e+01,6.056239604264428422e+00
4.022863675335810285e+01,6.221156898964024684e+00
4.024864246927693756e+01,6.981074144928302694e+00
4.026864818519577227e+01,7.531445494809227981e+00
4.028865390111460698e+01,6.844332376046441624e+00
4.030865961703344169e+01,7.906455057106398066e+00
4.032866533295226930e+01,8.887083871644847477e+00
4.034867104887111111e+01,8.819648804513434470e+00
4.036867676478993872e+01,8.616077564082999629e+00
4.038868248070878053e+01,9.199674207142217952e+00
4.040868819662760814e+01,1.021695216890264213e+01
4.042869391254644285e+01,1.030015726286034017e+01
4.044869962846527756e+01,1.092646686801716704e+01
4.046870534438411227e+01,1.061057904928111384e+01
4.048871106030294698e+01,1.153643340325277578e+01
4.050871677622177458e+01,1.210189198491675100e+01
4.052872249214061640e+01,1.201960362582004294e+01
4.054872820805944400e+01,1.368078165647602873e+01
4.056873392397828582e+01,1.360568141149618526e+01
4.058873963989711342e+01,1.407001373044571402e+01
4.060874535581594813e+01,1.481659402127852942e+01
4.062875107173478284e+01,1.479330723792369184e+01
4.064875678765361755e+01,1.520713135392065851e+01
4.066876250357245226e+01,1.481749916027832370e+01
4.068876821949127986e+01,1.564897210198253497e+01
4.070877393541012168e+01,1.578077929441688809e+01
4.072877965132894929e+01,1.633219281669394363e+01
4.074878536724779110e+01,1.697569484922009764e+01
4.076879108316661871e+01,1.647299009744174825e+01
4.078879679908545342e+01,1.667269091328436303e+01
4.080880251500428813e+01,1.709899560287309228e+01
4.082880823092312284e+01,1.692580366751710130e+01
4.084881394684195755e+01,1.704435070431620503e+01
4.086881966276079226e+01,1.655499864708438196e+01
4.088882537867962697e+01,1.627418460915409426e+01
4.090883109459845457e+01,1.573945939463961707e+01
4.092883681051729639e+01,1.613744263875424423e+01
4.094884252643612399e+01,1.588402468736491713e+01
4.096884824235495870e+01,1.559287688522078241e+01
4.098885395827379341e+01,1.362613668000087230e+01
4.100885967419262812e+01,1.382432510038166384e+01
4.102886539011146283e+01,1.313009339511070195e+01
4.104887110603029754e+01,1.220630731978772232e+01
4.106887682194913225e+01,1.162419952228994191e+01
4.108888253786795985e+01,1.127263372191241508e+01
4.110888825378680167e+01,1.133421015721297209e+01
4.112889396970562927e+01,1.062309042304382523e+01
4.114889968562447109e+01,1.003781917452644379e+01
4.116890540154329869e+01,9.239931497836995078e+00
4.118891111746213340e+01,9.059984451261925642e+00
4.120891683338096811e+01,9.395677526531784451e+00
4.122892254929980282e+01,8.434762213731286096e+00
4.124892826521863753e+01,9.047953022314118243e+00
4.126893398113746514e+01,7.767359494016669252e+00
4.128893969705630695e+01,7.903091558493515301e+00
4.130894541297513456e+01,7.350739928290638936e+00
4.132895112889397637e+01,6.928764688379043690e+00
4.134895684481280398e+01,7.747897925300684108e+00
4.136896256073163869e+01,7.648807952703817747e+00
4.138896827665047340e+01,6.951973874291775601e+00
4.140897399256930811e+01,7.117755449550273283e+00
4.142897970848814282e+01,6.218604774844932237e+00
4.144898542440697042e+01,6.743755120819947102e+00
4.146899114032581224e+01,6.798731254852889094e+00
4.148899685624463984e+01,6.077727191810160079e+00
4.150900257216348166e+01,5.929286983592481519e+00
4.152900828808230926e+01,5.647417438384850996e+00
4.154901400400114397e+01,6.757411679647500335e+00
4.156901971991997868e+01,6.099325801827259141e+00
4.158902543583881339e+01,6.254678469921701733e+00
4.160903115175764810e+01,6.958943163878400284e+00
4.162903686767647571e+01,5.970587490065379477e+00
4.164904258359531752e+01,6.520144912361326206e+00
4.166904829951414513e+01,6.106283397915660771e+00
4.168905401543298694e+01,5.953370909754335472e+00
4.170905973135181455e+01,5.928445218305305353e+00
4.172906544727064926e+01,6.015745308245156409e+00
4.174907116318948397e+01,6.230200200437978175e+00
4.176907687910831868e+01,6.609783182500535759e+00
4.178908259502715339e+01,6.299726972699700056e+00
4.180908831094598810e+01,6.687709669258705247e+00
4.182909402686482281e+01,6.887451800986133854e+00
4.184909974278365041e+01,6.318325553955510543e+00
4.186910545870249223e+01,6.029079940884516375e+00
4.188911117462131983e+01,5.806569708369863747e+00
4.190911689054015454e+01,6.785191973572002766e+00
4.192912260645898925e+01,7.060360636662254663e+00
4.194912832237782396e+01,7.395882361546691541e+00
4.196913403829665867e+01,7.328161448379256981e+00
4.198913975421549338e+01,7.687171467552683879e+00
4.200914547013432809e+01,8.375012547612410430e+00
4.202915118605316280e+01,9.163478416922178127e+00
4.204915690197199041e+01,9.398826162410834684e+00
4.206916261789082512e+01,9.396151850295094476e+00
4.208916833380965983e+01,9.434204002016779000e+00
4.210917404972849454e+01,1.026062861915156255e+01
4.212917976564732925e+01,1.025376746465692435e+01
4.214918548156616396e+01,1.100803850030778719e+01
4.216919119748499867e+01,1.183656706844078244e+01
4.218919691340383338e+01,1.214574343888267016e+01
4.220920262932266809e+01,1.214173537702001759e+01
4.222920834524150280e+01,1.343677012936436199e+01
4.224921406116033040e+01,1.260114778659341184e+01
4.226921977707916511e+01,1.280440478505532198e+01
4.228922549299799982e+01,1.389317643013436054e+01
4.230923120891683453e+01,1.399599237804612883e+01
4.232923692483566924e+01,1.507550171514418302e+01
4.234924264075450395e+01,1.582319106686987276e+01
4.236924835667333866e+01,1.581599243436673419e+01
4.238925407259217337e+01,1.598927157166398594e+01
4.240925978851100808e+01,1.643321438832163039e+01
4.242926550442983569e+01,1.699810580768566126e+01
4.244927122034867040e+01,1.675830997364807118e+01
4.246927693626750511e+01,1.672898535445918711e+01
4.248928265218633982e+01,1.719849075781545622e+01
4.250928836810517453e+01,1.706455344622461112e+01
4.252929408402400924e+01,1.715919049913951611e+01
4.254929979994284395e+01,1.693287517615489435e+01
4.256930551586167866e+01,1.641300550406503334e+01
4.258931123178051337e+01,1.644878289995300236e+01
4.260931694769934097e+01,1.560571889453586536e+01
4.262932266361817568e+01,1.555857277862585697e+01
4.264932837953701039e+01,1.461765197195151345e+01
4.266933409545584510e+01,1.436221194709368731e+01
4.268933981137467981e+01,1.410241750664807725e+01
4.270934552729351452e+01,1.360405296796032282e+01
4.272935124321234923e+01,1.211420621856385260e+01
4.274935695913118394e+01,1.248636568252343970e+01
4.276936267505001865e+01,1.195624365689308277e+01
4.278936839096885336e+01,1.098684344725161743e+01
4.280937410688768097e+01,1.052367961946670505e+01
4.282937982280651568e+01,1.034029682465798672e+01
4.284938553872535039e+01,9.232031913642801513e+00
4.286939125464418510e+01,9.656890435872199419e+00
4.288939697056301981e+01,8.749825282178433028e+00
4.290940268648185452e+01,8.337641676949093750e+00
4.292940840240068923e+01,8.484502765485871123e+00
4.294941411831952394e+01,7.337286608968653923e+00
4.296941983423835865e+01,7.894256180964504210e+00
4.298942555015718625e+01,8.306906164286298022e+00
4.300943126607602096e+01,8.214187919457804909e+00
4.302943698199485567e+01,7.828362857042863610e+00
4.304944269791369038e+01,7.918454221186711273e+00
4.306944841383252509e+01,6.916128432644629953e+00
4.308945412975135980e+01,7.364401190346793413e+00
4.310945984567019451e+01,6.806046112968161310e+00
4.312946556158902922e+01,7.949495739080140844e+00
4.314947127750786393e+01,7.186456502138256042e+00
4.316947699342669864e+01,7.472315945762547429e+00
4.318948270934552625e+01,6.427209069015200171e+00
4.320948842526436096e+01,7.253787299768930552e+00
4.322949414118319567e+01,7.525460359419801293e+00
4.324949985710203038e+01,6.983778193316119598e+00
4.326950557302086509e+01,6.792535746759966742e+00
4.328951128893969980e+01,7.281294222576876862e+00
4.330951700485853451e+01,7.032967672262694592e+00
4.332952272077736922e+01,6.888652402523278262e+00
4.334952843669620393e+01,6.514120188728576899e+00
4.336953415261503153e+01,6.220570532309490197e+00
4.338953986853386624e+01,6.581650909834927177e+00
4.340954558445270095e+01,6.123524812139137019e+00
4.342955130037153566e+01,6.885365300188061255e+00
4.344955701629037037e+01,6.316179293125053107e+00
4.346956273220920508e+01,6.115769041414966800e+00
4.348956844812803979e+01,5.586165370664504692e+00
4.350957416404687450e+01,6.758479223519877621e+00
4.352957987996570921e+01,6.309650018166795604e+00
4.354958559588453681e+01,6.243268455638231629e+00
4.356959131180337153e+01,5.536526122247828141e+00
4.358959702772220624e+01,5.973569424638036196e+00
4.360960274364104095e+01,6.696812528680105459e+00
4.362960845955987566e+01,5.056528602139435336e+00
4.364961417547871037e+01,6.747639292697586555e+00
4.366961989139754508e+01,6.029903350314412158e+00
4.368962560731637979e+01,6.602957898629922440e+00
4.370963132323521450e+01,6.189860473755992132e+00
4.372963703915404921e+01,6.341711028260323069e+00
4.374964275507287681e+01,6.159871876487674314e+00
4.376964847099171152e+01,6.491348278154591256e+00
4.378965418691054623e+01,6.809789564565980058e+00
4.380965990282938094e+01,7.253457004175457357e+00
4.382966561874821565e+01,7.619758355761128144e+00
4.384967133466705036e+01,7.761734816264727499e+00
4.386967705058588507e+01,7.685810568014780131e+00
4.388968276650471978e+01,7.958169703644377257e+00
4.390968848242355449e+01,7.878566248917854509e+00
4.392969419834238209e+01,9.041295693970859304e+00
4.394969991426121680e+01,9.430068485568494197e+00
4.396970563018005151e+01,9.410885134837005950e+00
4.398971134609888622e+01,9.982472249438796297e+00
4.400971706201772093e+01,1.028295549884550120e+01
4.402972277793655564e+01,1.005792175831971313e+01
4.404972849385539035e+01,1.038685666707392485e+01
4.406973420977422506e+01,1.161921278739865926e+01
4.408973992569305977e+01,1.191444233993801127e+01
4.410974564161189448e+01,1.268824909897129771e+01
4.412975135753072209e+01,1.297589232372326684e+01
4.414975707344955680e+01,1.385926992745872255e+01
4.416976278936839151e+01,1.401243130254023228e+01
4.418976850528722622e+01,1.470759810497300180e+01
4.420977422120606093e+01,1.540576768405626851e+01
4.422977993712489564e+01,1.491920943996267468e+01
4.424978565304373035e+01,1.616986681587101771e+01
4.426979136896256506e+01,1.596073656686874642e+01
4.428979708488139977e+01,1.634734497756239691e+01
4.430980280080022737e+01,1.601430621468863080e+01
4.432980851671906208e+01,1.605808220743802295e+01
4.434981423263789679e+01,1.710794946355072454e+01
4.436981994855673150e+01,1.666257158369577596e+01
4.438982566447556621e+01,1.624788071691769176e+01
4.440983138039440092e+01,1.583045173063977629e+01
4.442983709631323563e+01,1.633014085854946273e+01
4.444984281223207034e+01,1.556058408459378306e+01
4.446984852815090505e+01,1.435465579445136441e+01
4.448985424406973266e+01,1.457914835742690940e+01
4.450985995998856737e+01,1.383404229628051851e+01
4.452986567590740208e+01,1.332066061326879947e+01
4.454987139182623679e+01,1.277161681870333609e+01
4.456987710774507150e+01,1.316804826745727297e+01
4.458988282366390621e+01,1.285603455990147381e+01
4.460988853958274092e+01,1.198283435152475818e+01
4.462989425550157563e+01,1.111195017424310905e+01
4.464989997142041034e+01,1.097298531853540737e+01
4.466990568733924505e+01,1.028070445272999223e+01
4.468991140325807265e+01,9.645612884908562279e+00
4.470991711917690736e+01,1.081958555160252899e+01
4.472992283509574207e+01,9.472286636360525591e+00
4.474992855101457678e+01,9.741580591596900263e+00
4.476993426693341149e+01,9.114645416977538162e+00
4.478993998285224620e+01,9.136982537430094808e+00
4.480994569877108091e+01,9.465032995666049942e+00
4.482995141468991562e+01,8.612698360853359603e+00
4.484995713060875033e+01,8.920740887021214149e+00
4.486996284652757794e+01,8.643995594125229331e+00
4.488996856244641265e+01,8.699359535690390999e+00
4.490997427836524736e+01,9.314532025404474780e+00
4.492997999428408207e+01,8.990294864284846810e+00
4.494998571020291678e+01,9.107305408531841451e+00
4.496999142612175149e+01,9.484713395527869295e+00
4.498999714204058620e+01,9.317585605511339963e+00
4.501000285795942091e+01,9.393921438540896673e+00
4.503000857387825562e+01,1.031245597295897198e+01
4.505001428979709033e+01,1.070793562650881015e+01
4.507002000571591793e+01,1.047688908516585116e+01
4.509002572163475264e+01,1.132638338607899797e+01
4.511003143755358735e+01,1.218765871977409354e+01
4.513003715347242206e+01,1.229321257655925592e+01
4.515004286939125677e+01,1.264351366112344799e+01
4.517004858531009148e+01,1.347293363278050649e+01
4.519005430122892619e+01,1.365826655408678825e+01
4.521006001714776090e+01,1.491799556309533514e+01
4.523006573306659561e+01,1.480885499236826419e+01
4.525007144898542322e+01,1.479288790262241093e+01
4.527007716490425793e+01,1.552565854482883978e+01
4.529008288082309264e+01,1.623957232048324784e+01
4.531008859674192735e+01,1.707078949944447999e+01
4.533009431266076206e+01,1.640549276775471554e+01
4.535010002857959677e+01,1.816701272837249093e+01
4.537010574449843148e+01,1.826831414559258349e+01
4.539011146041726619e+01,1.826851881434969016e+01
4.541011717633610090e+01,1.951327317613147017e+01
4.543012289225492850e+01,1.883264126191923538e+01
4.545012860817376321e+01,1.864225726653084791e+01
4.547013432409259792e+01,1.890801900564326843e+01
4.549014004001143263e+01,2.000701830463433595e+01
4.551014575593026734e+01,1.904905387174799358e+01
4.553015147184910205e+01,1.863025132319819122e+01
4.555015718776793676e+01,1.909747760191469368e+01
4.557016290368677147e+01,1.920699300487327221e+01
4.559016861960560618e+01,1.834423619413473006e+01
4.561017433552444089e+01,1.771644697190918905e+01
4.563018005144326850e+01,1.803216548746897985e+01
4.565018576736210321e+01,1.755448422165264333e+01
4.567019148328093792e+01,1.806957182605196977e+01
4.569019719919977263e+01,1.753481338408228751e+01
4.571020291511860734e+01,1.684226853236344823e+01
4.573020863103744205e+01,1.558141670656799604e+01
4.575021434695627676e+01,1.632944922799939746e+01
4.577022006287511147e+01,1.553636875459942246e+01
4.579022577879394618e+01,1.558555842135722003e+01
4.581023149471277378e+01,1.516797159134569561e+01
4.583023721063160849e+01,1.546416086541604429e+01
4.585024292655044320e+01,1.538660689467713460e+01
4.587024864246927791e+01,1.582455432369706294e+01
4.589025435838811262e+01,1.502751336790536740e+01
4.591026007430694733e+01,1.483282008244119510e+01
4.593026579022578204e+01,1.476834030157292688e+01
4.595027150614461675e+01,1.386984735391306778e+01
4.597027722206345146e+01,1.388588425849097518e+01
4.599028293798228617e+01,1.337032111006286783e+01
4.601028865390111378e+01,1.297601101731733308e+01
4.603029436981994849e+01,1.313284216789253733e+01
4.605030008573878320e+01,1.340023843731267839e+01
4.607030580165761791e+01,1.297567393209585163e+01
4.609031151757645262e+01,1.220986707023169870e+01
4.611031723349528733e+01,1.205063913956998434e+01
4.613032294941412204e+01,1.155595205265897718e+01
4.615032866533295675e+01,1.132886979370914204e+01
4.617033438125179146e+01,1.068364686175343792e+01
4.619034009717061906e+01,1.043888882539160612e+01
4.621034581308945377e+01,1.006087332974453652e+01
4.623035152900828848e+01,8.881019068504725666e+00
4.625035724492712319e+01,8.527018674059654302e+00
4.627036296084595790e+01,8.570984217997807519e+00
4.629036867676479261e+01,8.071051615585284722e+00
4.631037439268362732e+01,7.843336966944871591e+00
4.633038010860246203e+01,7.335992783897030911e+00
4.635038582452129674e+01,7.779618352459480413e+00
4.637039154044012434e+01,6.606438661868731188e+00
4.639039725635895905e+01,7.010225441837045324e+00
4.641040297227779376e+01,7.444901603038355020e+00
4.643040868819662847e+01,5.681803941476084141e+00
4.645041440411546319e+01,5.935074174972102767e+00
4.647042012003429790e+01,6.528799409525035458e+00
4.649042583595313261e+01,6.347945852366475350e+00
4.651043155187196732e+01,6.909581085671032241e+00
4.653043726779080203e+01,6.192959771823169035e+00
4.655044298370963674e+01,6.688564440652261744e+00
4.657044869962846434e+01,6.112502988216055755e+00
4.659045441554729905e+01,5.698196155223460124e+00
4.661046013146613376e+01,6.560080181043685954e+00
4.663046584738496847e+01,6.793262802547677559e+00
4.665047156330380318e+01,6.536911181884310196e+00
4.667047727922263789e+01,6.591237614139105361e+00
4.669048299514147260e+01,7.154341849376355533e+00
4.671048871106030731e+01,6.537958506258588542e+00
4.673049442697914202e+01,7.604331279735994542e+00
4.675050014289796962e+01,6.475236354344173328e+00
4.677050585881680433e+01,6.992451807161581101e+00
4.679051157473563904e+01,7.631060720141636722e+00
4.681051729065447375e+01,7.262858148565716654e+00
4.683052300657330846e+01,8.197421038407107119e+00
4.685052872249214317e+01,8.433476116145374846e+00
4.687053443841097788e+01,9.188766100097421230e+00
4.689054015432981259e+01,9.781769470124960009e+00
4.691054587024864730e+01,9.432682808669405006e+00
4.693055158616748201e+01,1.017341810338137797e+01
4.695055730208630962e+01,1.059999277281595553e+01
4.697056301800514433e+01,1.073162318696515349e+01
4.699056873392397904e+01,1.171100039622123745e+01
4.701057444984281375e+01,1.223509971294261334e+01
4.703058016576164846e+01,1.306265018895476970e+01
4.705058588168048317e+01,1.330519367759388771e+01
4.707059159759931788e+01,1.428987269541641503e+01
4.709059731351815259e+01,1.412001195346818072e+01
4.711060302943698730e+01,1.513060159091273782e+01
4.713060874535581490e+01,1.605742341850957189e+01
4.715061446127464961e+01,1.644740318722293182e+01
4.717062017719348432e+01,1.676922008139398912e+01
4.719062589311231903e+01,1.779035636425500400e+01
4.721063160903115374e+01,1.865740497005820941e+01
4.723063732494998845e+01,1.902718493167242997e+01
4.725064304086882316e+01,1.962465072794024223e+01
4.727064875678765787e+01,2.123893653513179203e+01
4.729065447270649258e+01,2.158637993674106070e+01
4.731066018862532019e+01,2.214472000043195976e+01
4.733066590454415490e+01,2.205293157245791491e+01
4.735067162046298961e+01,2.230293791477330245e+01
4.737067733638182432e+01,2.304104695612896592e+01
4.739068305230065903e+01,2.355136772894555008e+01
4.741068876821949374e+01,2.343059564785403381e+01
4.743069448413832845e+01,2.220363847813560909e+01
4.745070020005716316e+01,2.247719038713631790e+01
4.747070591597599787e+01,2.215280007126757056e+01
4.749071163189483258e+01,2.218788019131023503e+01
4.751071734781366018e+01,2.218396151262250626e+01
4.753072306373249489e+01,2.145500157344770997e+01
4.755072877965132960e+01,2.044783952306849528e+01
4.757073449557016431e+01,2.006949858806397913e+01
4.759074021148899902e+01,2.006331115356933736e+01
4.761074592740783373e+01,1.872533820356981948e+01
4.763075164332666844e+01,1.824639616403270992e+01
4.765075735924550315e+01,1.719902211499099565e+01
4.767076307516433786e+01,1.663964727601079829e+01
4.769076879108316547e+01,1.559139653617913623e+01
4.771077450700200018e+01,1.547640488920746371e+01
4.773078022292083489e+01,1.494495773432976904e+01
4.775078593883966960e+01,1.261754675753559596e+01
4.777079165475850431e+01,1.296657757183948156e+01
4.779079737067733902e+01,1.203954995881050039e+01
4.781080308659617373e+01,1.192527608108981951e+01
4.783080880251500844e+01,1.122884191555571931e+01
4.785081451843384315e+01,1.076184861977641205e+01
4.787082023435267075e+01,1.083035649377297460e+01
4.789082595027150546e+01,1.015370636266524151e+01
4.791083166619034017e+01,9.193730869036826903e+00
4.793083738210917488e+01,9.598460928238974788e+00
4.795084309802800959e+01,8.562110796023013393e+00
4.797084881394684430e+01,9.168403408852828562e+00
4.799085452986567901e+01,8.361082706005188214e+00
4.801086024578451372e+01,7.939712031923196633e+00
4.803086596170334843e+01,8.257073980012126668e+00
4.805087167762218314e+01,7.708272638389114917e+00
4.807087739354101075e+01,7.630380627518847270e+00
4.809088310945984546e+01,7.511943824605711306e+00
4.811088882537868017e+01,7.104720455977357574e+00
4.813089454129751488e+01,7.416677658263817641e+00
4.815090025721634959e+01,6.471424693602823908e+00
4.817090597313518430e+01,7.006897498736140761e+00
4.819091168905401901e+01,6.443053767885015048e+00
4.821091740497285372e+01,6.311197161859768201e+00
4.823092312089168843e+01,5.916656333996466621e+00
4.825092883681051603e+01,5.759291148576359376e+00
4.827093455272935074e+01,5.446795388357573486e+00
4.829094026864818545e+01,6.048896296272465278e+00
4.831094598456702016e+01,5.460413422828327867e+00
4.833095170048585487e+01,5.192907173072097038e+00
4.835095741640468958e+01,6.025055269098725574e+00
4.837096313232352429e+01,5.219545367937424629e+00
4.839096884824235900e+01,5.128472523267610050e+00
4.841097456416119371e+01,5.458808643350430145e+00
4.843098028008002842e+01,4.906227503221984421e+00
4.845098599599885603e+01,5.405937617719228427e+00
4.847099171191769074e+01,4.669660948387263311e+00
4.849099742783652545e+01,4.666818174866275371e+00
4.851100314375536016e+01,5.195336539618288008e+00
4.853100885967419487e+01,4.967683738683887462e+00
4.855101457559302958e+01,4.120731029409800072e+00
4.857102029151186429e+01,4.438947065387192303e+00
4.859102600743069900e+01,4.455303914945700328e+00
4.861103172334953371e+01,4.322021588308604834e+00
4.863103743926836131e+01,4.180471179451053843e+00
4.865104315518719602e+01,3.812015099140723784e+00
4.867104887110603073e+01,4.318144113491215741e+00
4.869105458702486544e+01,4.620021970295731251e+00
4.871106030294370015e+01,4.745504328125291771e+00
4.873106601886253486e+01,4.381233033524508436e+00
4.875107173478136957e+01,4.154982159663774155e+00
4.877107745070020428e+01,4.052627712733810839e+00
4.879108316661903899e+01,4.609998105343192876e+00
4.881108888253786660e+01,4.209260065527953287e+00
4.883109459845670131e+01,5.049061377815819540e+00
4.885110031437553602e+01,3.944871283752603652e+00
4.887110603029437073e+01,4.543485133637041429e+00
4.889111174621320544e+01,4.184210365334010362e+00
4.891111746213204015e+01,4.361459310927081390e+00
4.893112317805087486e+01,3.852475811084997037e+00
4.895112889396970957e+01,4.760911897408618643e+00
4.897113460988854428e+01,4.432930918723318570e+00
4.899114032580737899e+01,4.647464250021945631e+00
4.901114604172620659e+01,4.429995604391246289e+00
4.903115175764504130e+01,4.679407013555286099e+00
4.905115747356387601e+01,4.076154988101911236e+00
4.907116318948271072e+01,4.845168452730966635e+00
4.909116890540154543e+01,4.300018426003477501e+00
4.911117462132038014e+01,4.093167313744005220e+00
4.913118033723921485e+01,4.899162322465451247e+00
4.915118605315804956e+01,4.807413282091751228e+00
4.917119176907688427e+01,3.711635651266132818e+00
4.919119748499571187e+01,3.903148718805350192e+00
4.921120320091454658e+01,3.614975545900553922e+00
4.923120891683338129e+01,3.189136689990295981e+00
4.925121463275221600e+01,3.942741002476271461e+00
4.927122034867105071e+01,4.202382929590349647e+00
4.929122606458988542e+01,3.492163845697611624e+00
4.931123178050872014e+01,3.758910856567263981e+00
4.933123749642755485e+01,3.480607564866447401e+00
4.935124321234638956e+01,3.691445241873368310e+00
4.937124892826522427e+01,3.446155410251088291e+00
4.939125464418405187e+01,2.876586951135544190e+00
4.941126036010288658e+01,3.798685110706994550e+00
4.943126607602172129e+01,3.235504711599527461e+00
4.945127179194055600e+01,3.294766894092167497e+00
4.947127750785939071e+01,3.676771124188365825e+00
4.949128322377822542e+01,3.435847190022057962e+00
4.951128893969706013e+01,3.196100406834689878e+00
4.953129465561589484e+01,3.577932223595602146e+00
4.955130037153472955e+01,3.863851536114320862e+00
4.957130608745355715e+01,2.982060521147821941e+00
4.959131180337239186e+01,3.397355199808519188e+00
4.961131751929122657e+01,4.278420558894191039e+00
4.963132323521006128e+01,3.744128205860739467e+00
4.965132895112889599e+01,3.872142377760662058e+00
4.967133466704773070e+01,3.880072684132830130e+00
4.969134038296656541e+01,4.048961806043857692e+00
4.971134609888540012e+01,3.920856337875138209e+00
4.973135181480423483e+01,4.039157583143879293e+00
4.975135753072306244e+01,3.965684852064238264e+00
4.977136324664189715e+01,4.620815759222724139e+00
4.979136896256073186e+01,4.469377811096171271e+00
4.981137467847956657e+01,3.994051423163858416e+00
4.983138039439840128e+01,4.713047744161263708e+00
4.985138611031723599e+01,4.322562234908398970e+00
4.987139182623607070e+01,5.469674853188379871e+00
4.989139754215490541e+01,5.269960360785757914e+00
4.991140325807374012e+01,5.617003796165518814e+00
4.993140897399257483e+01,5.220473435012345398e+00
4.995141468991140243e+01,5.384959152161225227e+00
4.997142040583023714e+01,5.745104975600725083e+00
4.999142612174907185e+01,6.734029085057564146e+00
5.001143183766790656e+01,6.460729595385259039e+00
5.003143755358674127e+01,6.009380426911729245e+00
5.005144326950557598e+01,7.311245374894912885e+00
5.007144898542441069e+01,7.931928481938317788e+00
5.009145470134324540e+01,7.074316678890290255e+00
5.011146041726208011e+01,7.750399998102782462e+00
5.013146613318090772e+01,8.521568278168702548e+00
5.015147184909974243e+01,8.847502848397395425e+00
5.017147756501857714e+01,8.640225313361183268e+00
5.019148328093741185e+01,9.987187967755190243e+00
5.021148899685624656e+01,9.973643205402328960e+00
5.023149471277508127e+01,1.001297736747507372e+01
5.025150042869391598e+01,1.098364298894644087e+01
5.027150614461275069e+01,1.121674581702038509e+01
5.029151186053158540e+01,1.183404104780279198e+01
5.031151757645042011e+01,1.228644575890389490e+01
5.033152329236924771e+01,1.330668628864803260e+01
5.035152900828808242e+01,1.313078377444849387e+01
5.037153472420691713e+01,1.469928136512490013e+01
5.039154044012575184e+01,1.446580089383493828e+01
5.041154615604458655e+01,1.587576435675701347e+01
5.043155187196342126e+01,1.653175165550081616e+01
5.045155758788225597e+01,1.771398659506454720e+01
5.047156330380109068e+01,1.727468698316482332e+01
5.049156901971992539e+01,1.860212449219871900e+01
5.051157473563875300e+01,1.820600208433515377e+01
5.053158045155758771e+01,1.866960308226310161e+01
5.055158616747642242e+01,1.886744561187507330e+01
5.057159188339525713e+01,1.939273102470703947e+01
5.059159759931409184e+01,1.991793227628552287e+01
5.061160331523292655e+01,1.974427988300002923e+01
5.063160903115176126e+01,2.100409859614569541e+01
5.065161474707059597e+01,2.074099780361547474e+01
5.067162046298943068e+01,2.012524404843536274e+01
5.069162617890825828e+01,2.010244784100769877e+01
5.071163189482709299e+01,1.988144789108844535e+01
5.073163761074592770e+01,2.028491899716739510e+01
5.075164332666476241e+01,1.950151233926616356e+01
5.077164904258359712e+01,1.895656199743338988e+01
5.079165475850243183e+01,1.793798891820423336e+01
5.081166047442126654e+01,1.682400031256588946e+01
5.083166619034010125e+01,1.642297139065792777e+01
5.085167190625893596e+01,1.525629129578435794e+01
5.087167762217777067e+01,1.574650932907421108e+01
5.089168333809659828e+01,1.466478189764281659e+01
5.091168905401543299e+01,1.466543947354859334e+01
5.093169476993426770e+01,1.328132990078049680e+01
5.095170048585310241e+01,1.314754458835678541e+01
5.097170620177193712e+01,1.228196049783396404e+01
5.099171191769077183e+01,1.166930222087225033e+01
5.101171763360960654e+01,1.141032998571975909e+01
5.103172334952844125e+01,1.000313247858329291e+01
5.105172906544727596e+01,9.859850711155180747e+00
5.107173478136610356e+01,8.885165858858039556e+00
5.109174049728493827e+01,8.846200878383436716e+00
5.111174621320377298e+01,9.055537816060487799e+00
5.113175192912260769e+01,7.863499140036253721e+00
5.115175764504144240e+01,8.192416959345440119e+00
5.117176336096027711e+01,7.675682531271730724e+00
5.119176907687911182e+01,7.756917842001580965e+00
5.121177479279794653e+01,7.658327777397346381e+00
5.123178050871678124e+01,7.444863061726399778e+00
5.125178622463561595e+01,7.428854903998303172e+00
5.127179194055444356e+01,6.732184652979793071e+00
5.129179765647327827e+01,7.079888432251083330e+00
5.131180337239211298e+01,6.046029638207030210e+00
5.133180908831094769e+01,6.542755843493804235e+00
5.135181480422978240e+01,6.745036542298746163e+00
5.137182052014861711e+01,5.297747465752774332e+00
5.139182623606745182e+01,6.130482553841002158e+00
5.141183195198628653e+01,5.485901639577709155e+00
5.143183766790512124e+01,5.460350735218016283e+00
5.145184338382394884e+01,4.977352457949330677e+00
5.147184909974278355e+01,4.453665337479396413e+00
5.149185481566161826e+01,5.243676897516856172e+00
5.151186053158045297e+01,5.045997889338475595e+00
5.153186624749928768e+01,4.348417900450485263e+00
5.155187196341812239e+01,5.085146562772303369e+00
5.157187767933695710e+01,4.081417654740056022e+00
5.159188339525579181e+01,4.909752163224306187e+00
5.161188911117462652e+01,5.610846086767429242e+00
5.163189482709345413e+01,4.746464953646114537e+00
5.165190054301228884e+01,4.974323217676404951e+00
5.167190625893112355e+01,4.777104108813547079e+00
5.169191197484995826e+01,5.495080276735204272e+00
5.171191769076879297e+01,4.900544825822986894e+00
5.173192340668762768e+01,5.123072389448353192e+00
5.175192912260646239e+01,4.710092721763285084e+00
5.177193483852529710e+01,4.865015154704479983e+00
5.179194055444413181e+01,5.693536784491620928e+00
5.181194627036296652e+01,5.368427517155220485e+00
5.183195198628179412e+01,4.966549227542200740e+00
5.185195770220062883e+01,4.870939723113989039e+00
5.187196341811946354e+01,5.670576800791760519e+00
5.189196913403829825e+01,4.864984667608196034e+00
5.191197484995713296e+01,5.693473517960724983e+00
5.193198056587596767e+01,6.250641397868470506e+00
5.195198628179480238e+01,4.779981269529246291e+00
5.197199199771363709e+01,5.507423071093581868e+00
5.199199771363247180e+01,5.767758059869651177e+00
5.201200342955129940e+01,4.889786545432341036e+00
5.203200914547013411e+01,5.508788659802901222e+00
5.205201486138896882e+01,5.227294984874222727e+00
5.207202057730780353e+01,5.484350298135311164e+00
5.209202629322663824e+01,5.967762250820860537e+00
5.211203200914547295e+01,5.891952472434455856e+00
5.213203772506430766e+01,5.665205276118832955e+00
5.215204344098314237e+01,4.995274937969640838e+00
5.217204915690197708e+01,5.486675045951231233e+00
5.219205487282081180e+01,4.864177486170969900e+00
5.221206058873963940e+01,5.584265901627535555e+00
5.223206630465847411e+01,5.036762438452035084e+00
5.225207202057730882e+01,4.579070232944177476e+00
5.227207773649614353e+01,4.827463762651608370e+00
5.229208345241497824e+01,4.509092635241983338e+00
5.231208916833381295e+01,4.966790862079572655e+00
5.233209488425264766e+01,5.289354117981718062e+00
5.235210060017148237e+01,4.767912364702434402e+00
5.237210631609031708e+01,4.599426274857523644e+00
5.239211203200914468e+01,4.338516982046613180e+00
5.241211774792797939e+01,4.888736943863237983e+00
5.243212346384681410e+01,4.178598127271921925e+00
5.245212917976564881e+01,4.053957447446658868e+00
5.247213489568448352e+01,4.240002437531611434e+00
5.249214061160331823e+01,4.830195000517136350e+00
5.251214632752215294e+01,4.201733557638050343e+00
5.253215204344098765e+01,4.419385247194314026e+00
5.255215775935982236e+01,4.912134249672140740e+00
5.257216347527864997e+01,4.606631925958547313e+00
5.259216919119748468e+01,4.265045000163380173e+00
5.261217490711631939e+01,4.857286326328646098e+00
5.263218062303515410e+01,4.619679698678840651e+00
5.265218633895398881e+01,3.930992206474278383e+00
5.267219205487282352e+01,4.275286638923875060e+00
5.269219777079165823e+01,4.758733153868157650e+00
5.271220348671049294e+01,5.016569123114342332e+00
5.273220920262932765e+01,3.761620607793752846e+00
5.275221491854816236e+01,4.780775092453357189e+00
5.277222063446698996e+01,5.303939334731239796e+00
5.279222635038582467e+01,4.419220620287200418e+00
5.281223206630465938e+01,5.104725479725900961e+00
5.283223778222349409e+01,3.872668798367711496e+00
5.285224349814232880e+01,5.041253149085520135e+00
5.287224921406116351e+01,5.256774722078427331e+00
5.289225492997999822e+01,5.482582776537920921e+00
5.291226064589883293e+01,4.621793893032834610e+00
5.293226636181766764e+01,4.384927895478160309e+00
5.295227207773649525e+01,5.082806879469433881e+00
5.297227779365532996e+01,5.575391057758507074e+00
5.299228350957416467e+01,4.222424779842421039e+00
5.301228922549299938e+01,5.174327438874545493e+00
5.303229494141183409e+01,4.868716668237984990e+00
5.305230065733066880e+01,5.044684159226681786e+00
5.307230637324950351e+01,6.063743721503419337e+00
5.309231208916833822e+01,5.109403060349152703e+00
5.311231780508717293e+01,5.883618250822440388e+00
5.313232352100600764e+01,5.503458743357775518e+00
5.315232923692483524e+01,6.399628514298091986e+00
5.317233495284366995e+01,5.730031352625912788e+00
5.319234066876250466e+01,6.348167298489128640e+00
5.321234638468133937e+01,6.691924484264736961e+00
5.323235210060017408e+01,7.456360109688464632e+00
5.325235781651900879e+01,6.689234857591285888e+00
5.327236353243784350e+01,6.639400774162698582e+00
5.329236924835667821e+01,6.905242228124476966e+00
5.331237496427551292e+01,7.286592483396622022e+00
5.333238068019434053e+01,8.805059815178118754e+00
5.335238639611317524e+01,7.718086133481458333e+00
5.337239211203200995e+01,8.848808267930593274e+00
5.339239782795084466e+01,8.389939523629109885e+00
5.341240354386967937e+01,8.807420655216979810e+00
5.343240925978851408e+01,9.283349097056714072e+00
5.345241497570734879e+01,9.846596323484011037e+00
5.347242069162618350e+01,9.587391026796542093e+00
5.349242640754501821e+01,9.940160553289945966e+00
5.351243212346384581e+01,9.920537469830785327e+00
5.353243783938268052e+01,1.074367958142246948e+01
5.355244355530151523e+01,1.127738276250850546e+01
5.357244927122034994e+01,1.081373373028329965e+01
5.359245498713918465e+01,9.995895182459811679e+00
5.361246070305801936e+01,1.027398518530414151e+01
5.363246641897685407e+01,1.071088910936139627e+01
5.365247213489568878e+01,1.049147746322374175e+01
5.367247785081452349e+01,1.031204969863831522e+01
5.369248356673335820e+01,1.124255019755136686e+01
5.371248928265218581e+01,1.074275056021081021e+01
5.373249499857102052e+01,1.041424783794487396e+01
5.375250071448985523e+01,1.022361719874479036e+01
5.377250643040868994e+01,1.027896434238024526e+01
5.379251214632752465e+01,1.024394024113693646e+01
5.381251786224635936e+01,9.712997884925044900e+00
5.383252357816519407e+01,9.481036338931126295e+00
5.385252929408402878e+01,9.468245289055014169e+00
5.387253501000286349e+01,8.498906787205203983e+00
5.389254072592169109e+01,9.170974649785771149e+00
5.391254644184052580e+01,9.485294955025430852e+00
5.393255215775936051e+01,8.913676901388782881e+00
5.395255787367819522e+01,8.569417838846520752e+00
5.397256358959702993e+01,8.474786108620222080e+00
5.399256930551586464e+01,8.710460162824645636e+00
5.401257502143469935e+01,8.146680574274579811e+00
5.403258073735353406e+01,9.017840925003991259e+00
5.405258645327236877e+01,9.199208625232953906e+00
5.407259216919120348e+01,9.002626095654727933e+00
5.409259788511003109e+01,9.184333213357978920e+00
5.411260360102886580e+01,9.914347294086018891e+00
5.413260931694770051e+01,9.806994885145151386e+00
5.415261503286653522e+01,1.019332244001841659e+01
5.417262074878536993e+01,1.018913150520313593e+01
5.419262646470420464e+01,9.957910328256710741e+00
5.421263218062303935e+01,1.095791698621552968e+01
5.423263789654187406e+01,1.130131110352913559e+01
5.425264361246070877e+01,1.140820661832547600e+01
5.427264932837953637e+01,1.286514573733661138e+01
5.429265504429837108e+01,1.201079960449846240e+01
5.431266076021720579e+01,1.288106085975986304e+01
5.433266647613604050e+01,1.385866526591653525e+01
5.435267219205487521e+01,1.419833490373046558e+01
5.437267790797370992e+01,1.479101163551544040e+01
5.439268362389254463e+01,1.526653552690222782e+01
5.441268933981137934e+01,1.528958475747294798e+01
5.443269505573021405e+01,1.631775171464524021e+01
5.445270077164904166e+01,1.683965037936744480e+01
5.447270648756787637e+01,1.719417933792820818e+01
5.449271220348671108e+01,1.782731756679794799e+01
5.451271791940554579e+01,1.902131187363733744e+01
5.453272363532438050e+01,1.888528340995944532e+01
5.455272935124321521e+01,1.934498156071413177e+01
5.457273506716204992e+01,1.935483182160037430e+01
5.459274078308088463e+01,2.090003180143610351e+01
5.461274649899971934e+01,2.192587742006809037e+01
5.463275221491855405e+01,2.162712753173823899e+01
5.465275793083738165e+01,2.221805967416013061e+01
5.467276364675621636e+01,2.231053513800518928e+01
5.469276936267505107e+01,2.262449452949800488e+01
5.471277507859388578e+01,2.299800176314026601e+01
5.473278079451272049e+01,2.307979105491669003e+01
5.475278651043155520e+01,2.321322630133019516e+01
5.477279222635038991e+01,2.351001844462955148e+01
5.479279794226922462e+01,2.316784230180969928e+01
5.481280365818805933e+01,2.318409378446082059e+01
5.483280937410688693e+01,2.373402632189112182e+01
5.485281509002572164e+01,2.260841420020658887e+01
5.487282080594455635e+01,2.339107169970555233e+01
5.489282652186339106e+01,2.269828155855208607e+01
5.491283223778222577e+01,2.239012121093640673e+01
5.493283795370106048e+01,2.123844507993323205e+01
5.495284366961989519e+01,2.090038665826042319e+01
5.497284938553872990e+01,2.058686028776089216e+01
5.499285510145756461e+01,2.055736209837890982e+01
5.501286081737639222e+01,1.973026498129883421e+01
5.503286653329522693e+01,1.895516718600996597e+01
5.505287224921406164e+01,1.824739726055752342e+01
5.507287796513289635e+01,1.777600865000050234e+01
5.509288368105173106e+01,1.667255753440620225e+01
5.511288939697056577e+01,1.645324936550860784e+01
5.513289511288940048e+01,1.489513598379280168e+01
5.515290082880823519e+01,1.447516957341999699e+01
5.517290654472706990e+01,1.391792461658410929e+01
5.519291226064590461e+01,1.336353923862517590e+01
5.521291797656473221e+01,1.207432549501814734e+01
5.523292369248356692e+01,1.157161657817032818e+01
5.525292940840240163e+01,9.976458856902794992e+00
5.527293512432123634e+01,1.065153087029512946e+01
5.529294084024007105e+01,9.518221702591405986e+00
5.531294655615890576e+01,8.818492358718341251e+00
5.533295227207774047e+01,9.127704545702311378e+00
5.535295798799657518e+01,8.190202967913320364e+00
5.537296370391540989e+01,7.453884823069452104e+00
5.539296941983423750e+01,7.786253084739538366e+00
5.541297513575307221e+01,6.986756536390410055e+00
5.543298085167190692e+01,6.891470389397564844e+00
5.545298656759074163e+01,6.321608243636032576e+00
5.547299228350957634e+01,5.767061749684613936e+00
5.549299799942841105e+01,6.893280210672822150e+00
5.551300371534724576e+01,5.799825635655549760e+00
5.553300943126608047e+01,5.785230867168667857e+00
5.555301514718491518e+01,5.239488683435034488e+00
5.557302086310374989e+01,5.085123290582095557e+00
5.559302657902257749e+01,5.418242419126731768e+00
5.561303229494141220e+01,4.914629829229118840e+00
5.563303801086024691e+01,5.363727672255524936e+00
5.565304372677908162e+01,5.010612916312267018e+00
5.567304944269791633e+01,5.430032553785313354e+00
5.569305515861675104e+01,4.226719946333698630e+00
5.571306087453558575e+01,4.129185560879347960e+00
5.573306659045442046e+01,5.180379501868310754e+00
5.575307230637325517e+01,3.953991540014778039e+00
5.577307802229208278e+01,4.703109645285213247e+00
5.579308373821091749e+01,4.082975577088698849e+00
5.581308945412975220e+01,4.428317412152347643e+00
5.583309517004858691e+01,4.102193699762631596e+00
5.585310088596742162e+01,4.566033934522321758e+00
5.587310660188625633e+01,4.675338563407496650e+00
5.589311231780509104e+01,4.317418057752898441e+00
5.591311803372392575e+01,4.812843673102721098e+00
5.593312374964276046e+01,4.610644582733434582e+00
5.595312946556158806e+01,4.389196292841972991e+00
5.597313518148042277e+01,4.237979800591089585e+00
5.599314089739925748e+01,5.173983714314248417e+00
5.601314661331809219e+01,4.275241784997457550e+00
5.603315232923692690e+01,4.878239863807297461e+00
5.605315804515576161e+01,4.426029150550183644e+00
5.607316376107459632e+01,5.101678176577028268e+00
5.609316947699343103e+01,4.108226656711745584e+00
5.611317519291226574e+01,4.193256295225078034e+00
5.613318090883110045e+01,4.932210338404793504e+00
5.615318662474992806e+01,3.686758894947347542e+00
5.617319234066876277e+01,4.752118335478400013e+00
5.619319805658759748e+01,4.264131550969421980e+00
5.621320377250643219e+01,4.185855859279246083e+00
5.623320948842526690e+01,4.536526168436695983e+00
5.625321520434410161e+01,4.645654509723987857e+00
5.627322092026293632e+01,4.584089487392659201e+00
5.629322663618177103e+01,4.031646621543611531e+00
5.631323235210060574e+01,4.493612497764543079e+00
5.633323806801943334e+01,4.424354910142968222e+00
5.635324378393826805e+01,4.181881837999874563e+00
5.637324949985710276e+01,3.984838470890680995e+00
5.639325521577593747e+01,3.481812705384258244e+00
5.641326093169477218e+01,4.937417450345233050e+00
5.643326664761360689e+01,3.696443507023645658e+00
5.645327236353244160e+01,4.430634852870849016e+00
5.647327807945127631e+01,4.223356140936294523e+00
5.649328379537011102e+01,3.783543697060939959e+00
5.651328951128894573e+01,3.498053789137343550e+00
5.653329522720777334e+01,3.423507539358467078e+00
5.655330094312660805e+01,3.889799575699104395e+00
5.657330665904544276e+01,3.607164651191522964e+00
5.659331237496427747e+01,3.353250823556204629e+00
5.661331809088311218e+01,3.773880576273561882e+00
5.663332380680194689e+01,3.349714426554793789e+00
5.665332952272078160e+01,3.673316941043823558e+00
5.667333523863961631e+01,3.341812195349725734e+00
5.669334095455845102e+01,3.777278408744152216e+00
5.671334667047727862e+01,4.068257989183784673e+00
5.673335238639611333e+01,3.524427762922941909e+00
5.675335810231494804e+01,3.207955455793745081e+00
5.677336381823378275e+01,3.549606115413229901e+00
5.679336953415261746e+01,3.257740102081541966e+00
5.681337525007145217e+01,3.456351093150535014e+00
5.683338096599028688e+01,3.681613978375611218e+00
5.685338668190912159e+01,4.139237453068377093e+00
5.687339239782795630e+01,3.707169532991740901e+00
5.689339811374678391e+01,4.320681475483144851e+00
5.691340382966561862e+01,3.843182843997983156e+00
5.693340954558445333e+01,4.530512773142147509e+00
5.695341526150328804e+01,4.222653501681442378e+00
5.697342097742212275e+01,5.126898883986847011e+00
5.699342669334095746e+01,4.976743979003785512e+00
5.701343240925979217e+01,4.745459536047867743e+00
5.703343812517862688e+01,4.694744401253294619e+00
5.705344384109746159e+01,4.999840187229837696e+00
5.707344955701629630e+01,5.909415284166079196e+00
5.709345527293512390e+01,6.482116411191651828e+00
5.711346098885395861e+01,6.008102383889899478e+00
5.713346670477279332e+01,6.188600335562982835e+00
5.715347242069162803e+01,6.706417126402495654e+00
5.717347813661046274e+01,6.203869089091169187e+00
5.719348385252929745e+01,7.307390527612476205e+00
5.721348956844813216e+01,7.175446180618742176e+00
5.723349528436696687e+01,8.080230611642953420e+00
5.725350100028580158e+01,7.498884022344653566e+00
5.727350671620462919e+01,7.697428158386806274e+00
5.729351243212346390e+01,8.305207357462334627e+00
5.731351814804229861e+01,8.738934056532515982e+00
5.733352386396113332e+01,7.674711287838150042e+00
5.735352957987996803e+01,8.775050129176133140e+00
5.737353529579880274e+01,9.119368850644683278e+00
5.739354101171763745e+01,8.969874789627038325e+00
5.741354672763647216e+01,8.028263548912889291e+00
5.743355244355530687e+01,7.965445733092493263e+00
5.745355815947414158e+01,8.180901116848314558e+00
5.747356387539296918e+01,8.798467278894740673e+00
5.749356959131180389e+01,8.352067669170351039e+00
5.751357530723063860e+01,8.289605966528979408e+00
5.753358102314947331e+01,8.270341743942811519e+00
5.755358673906830802e+01,8.184792637224882483e+00
5.757359245498714273e+01,7.819723518869233558e+00
5.759359817090597744e+01,8.789637979872230389e+00
5.761360388682481215e+01,8.368156721007087739e+00
5.763360960274364686e+01,8.180557204847346497e+00
5.765361531866247446e+01,7.836936485266072339e+00
5.767362103458130917e+01,7.986608787876786408e+00
5.769362675050014388e+01,7.799099248960510877e+00
5.771363246641897859e+01,7.220276832821173940e+00
5.773363818233781330e+01,7.606377986577406602e+00
5.775364389825664801e+01,7.812115014594708029e+00
5.777364961417548272e+01,7.636955626762047089e+00
5.779365533009431743e+01,8.217854734441205622e+00
5.781366104601315214e+01,7.653966078733537515e+00
5.783366676193197975e+01,6.901183159564029168e+00
5.785367247785081446e+01,6.607201374804037464e+00
5.787367819376964917e+01,7.973004678950463386e+00
5.789368390968848388e+01,7.822571223924926542e+00
5.791368962560731859e+01,7.235346740293138623e+00
5.793369534152615330e+01,6.563984022681660591e+00
5.795370105744498801e+01,6.549751180973556686e+00
5.797370677336382272e+01,6.324767096570486302e+00
5.799371248928265743e+01,6.788201381300166481e+00
5.801371820520149214e+01,6.454094007770835972e+00
5.803372392112031974e+01,5.627485061755010953e+00
5.805372963703915445e+01,5.516618576177545918e+00
5.807373535295798916e+01,5.858158289472998881e+00
5.809374106887682387e+01,4.571845702068913830e+00
5.811374678479565858e+01,4.410540663670275308e+00
5.813375250071449329e+01,4.916106762493078541e+00
5.815375821663332800e+01,4.635155856918877326e+00
5.817376393255216271e+01,4.389991111785814581e+00
5.819376964847099742e+01,4.896604804429541602e+00
5.821377536438982503e+01,4.732571350551376455e+00
5.823378108030865974e+01,4.110694205966934689e+00
5.825378679622749445e+01,4.424912432803403739e+00
5.827379251214632916e+01,4.126672112266868808e+00
5.829379822806516387e+01,4.423388112484046175e+00
5.831380394398399858e+01,4.606215842662564341e+00
5.833380965990283329e+01,4.413824923004266765e+00
5.835381537582166800e+01,3.441812315845699466e+00
5.837382109174050271e+01,4.051580008056062887e+00
5.839382680765933742e+01,3.031390443846611937e+00
5.841383252357816502e+01,3.974508386711477215e+00
5.843383823949699973e+01,4.316342352921823000e+00
5.845384395541583444e+01,4.135797536720306589e+00
5.847384967133466915e+01,4.018184509249161707e+00
5.849385538725350386e+01,3.507095586490743155e+00
5.851386110317233857e+01,3.523657457036182272e+00
5.853386681909117328e+01,4.880910166908265069e+00
5.855387253501000799e+01,4.165416368301702477e+00
5.857387825092884270e+01,4.511893892843789722e+00
5.859388396684767031e+01,4.626649972554115031e+00
5.861388968276650502e+01,4.722211799844924229e+00
5.863389539868533973e+01,5.320652472568808022e+00
5.865390111460417444e+01,5.120685742033639798e+00
5.867390683052300915e+01,5.162318227395910064e+00
5.869391254644184386e+01,6.195321755243547557e+00
5.871391826236067857e+01,5.878733733070696132e+00
5.873392397827951328e+01,6.349254440188222048e+00
5.875392969419834799e+01,6.069829782691465780e+00
5.877393541011717559e+01,6.824726173975506072e+00
5.879394112603601030e+01,6.813204439307749993e+00
5.881394684195484501e+01,7.202191090652037886e+00
5.883395255787367972e+01,8.156296948724431672e+00
5.885395827379251443e+01,8.290286517896808149e+00
5.887396398971134914e+01,8.247012937570600499e+00
5.889396970563018385e+01,8.538121405521945206e+00
5.891397542154901856e+01,8.956239730983767799e+00
5.893398113746785327e+01,8.993392787530307686e+00
5.895398685338668798e+01,9.747101680403138957e+00
5.897399256930551559e+01,9.688625218353216439e+00
5.899399828522435030e+01,1.044755248496915456e+01
5.901400400114318501e+01,1.084008882095400494e+01
5.903400971706201972e+01,1.139034599269814407e+01
5.905401543298085443e+01,1.101653432394788723e+01
5.907402114889968914e+01,1.142940138784355852e+01
5.909402686481852385e+01,1.227079668960699799e+01
5.911403258073735856e+01,1.265354921935286470e+01
5.913403829665619327e+01,1.226868545253597098e+01
5.915404401257502087e+01,1.272376768463286822e+01
5.917404972849385558e+01,1.235907582792938797e+01
5.919405544441269029e+01,1.312214119705650361e+01
5.921406116033152500e+01,1.290503574402866249e+01
5.923406687625035971e+01,1.261307974217215033e+01
5.925407259216919442e+01,1.208596259109421212e+01
5.927407830808802913e+01,1.222614303042940520e+01
5.929408402400686384e+01,1.299994884903776793e+01
5.931408973992569855e+01,1.244600777524137314e+01
5.933409545584453326e+01,1.234065954167920687e+01
5.935410117176336087e+01,1.143069111933821347e+01
5.937410688768219558e+01,1.025767539553677565e+01
5.939411260360103029e+01,1.041770452866329677e+01
5.941411831951986500e+01,1.053165841641127543e+01
5.943412403543869971e+01,9.673663498614741840e+00
5.945412975135753442e+01,9.198922508348957194e+00
5.947413546727636913e+01,9.299531340217420450e+00
5.949414118319520384e+01,8.492393545045407777e+00
5.951414689911403855e+01,8.562640352917751940e+00
5.953415261503286615e+01,8.248896879822824602e+00
5.955415833095170086e+01,7.499617638544980203e+00
5.957416404687053557e+01,8.160578899337103564e+00
5.959416976278937028e+01,7.705245214323770853e+00
5.961417547870820499e+01,7.358936542956772797e+00
5.963418119462703970e+01,7.469197783952489900e+00
5.965418691054587441e+01,7.109779809017563679e+00
5.967419262646470912e+01,7.323345708533499199e+00
5.969419834238354383e+01,7.105819173043727233e+00
5.971420405830237144e+01,6.991496517848760917e+00
5.973420977422120615e+01,7.187725286450562301e+00
5.975421549014004086e+01,6.909371094496275845e+00
5.977422120605887557e+01,7.559812292234491693e+00
5.979422692197771028e+01,6.711817998552572107e+00
5.981423263789654499e+01,6.931161061431426518e+00
5.983423835381537970e+01,7.005324364223738165e+00
5.985424406973421441e+01,7.412218576007850501e+00
5.987424978565304912e+01,7.555214040285315846e+00
5.989425550157188383e+01,8.101587008963212710e+00
5.991426121749071143e+01,7.132664608833541919e+00
5.993426693340954614e+01,8.095481516562339053e+00
5.995427264932838085e+01,7.729234853758676138e+00
5.997427836524721556e+01,8.179721695864925479e+00
5.999428408116605027e+01,8.667756331625403377e+00
6.001428979708488498e+01,8.898406445488022953e+00
6.003429551300371969e+01,9.163396180779605160e+00
6.005430122892255440e+01,9.468955912701265021e+00
6.007430694484138911e+01,1.061760812156969536e+01
6.009431266076021672e+01,1.103722798941041106e+01
6.011431837667905143e+01,1.120941601986726610e+01
6.013432409259788614e+01,1.132500032488594144e+01
6.015432980851672085e+01,1.266788941647861222e+01
6.017433552443555556e+01,1.223037422861919588e+01
6.019434124035439027e+01,1.220784768347546390e+01
6.021434695627322498e+01,1.314682829832059241e+01
6.023435267219205969e+01,1.416869903356197291e+01
6.025435838811089440e+01,1.433545211817041576e+01
6.027436410402972911e+01,1.493956467041981995e+01
6.029436981994855671e+01,1.488157880519183607e+01
6.031437553586739142e+01,1.546404675393051420e+01
6.033438125178622613e+01,1.593881939288096561e+01
6.035438696770506084e+01,1.650481192000022190e+01
6.037439268362389555e+01,1.602966940068937873e+01
6.039439839954273026e+01,1.624952974265851680e+01
6.041440411546156497e+01,1.591286552269678012e+01
6.043440983138039968e+01,1.697753798936464875e+01
6.045441554729923439e+01,1.573259008325052832e+01
6.047442126321806199e+01,1.610448177997701436e+01
6.049442697913689670e+01,1.528562189387537984e+01
6.051443269505573141e+01,1.540795375637673814e+01
6.053443841097456612e+01,1.514420211177022679e+01
6.055444412689340083e+01,1.424594713293780934e+01
6.057444984281223554e+01,1.392720178104494622e+01
6.059445555873107025e+01,1.357666835799600591e+01
6.061446127464990496e+01,1.383401787299735020e+01
6.063446699056873967e+01,1.277781846644329278e+01
6.065447270648756728e+01,1.239208810735634891e+01
6.067447842240640199e+01,1.231022994135271453e+01
6.069448413832523670e+01,1.039202860411084828e+01
6.071448985424407141e+01,1.054659326351956139e+01
6.073449557016290612e+01,1.111258832678167607e+01
6.075450128608174083e+01,9.818341644153765202e+00
6.077450700200057554e+01,9.875746514982065349e+00
6.079451271791941025e+01,9.172140940029176903e+00
6.081451843383824496e+01,8.828929273505110586e+00
6.083452414975707967e+01,7.951200352787296310e+00
6.085452986567590727e+01,7.923727302781864879e+00
6.087453558159474198e+01,8.180027201916615809e+00
6.089454129751357669e+01,7.890457181440464041e+00
6.091454701343241140e+01,7.459150030228531847e+00
6.093455272935124611e+01,7.453159227921590357e+00
6.095455844527008082e+01,7.274102757569655076e+00
6.097456416118891553e+01,7.196315730619097906e+00
6.099456987710775024e+01,7.021629605355327541e+00
6.101457559302658495e+01,6.629405504280416750e+00
6.103458130894541256e+01,6.952674402887849325e+00
6.105458702486424727e+01,7.340383307937814905e+00
6.107459274078308198e+01,7.434204554354886696e+00
6.109459845670191669e+01,7.250162642384301748e+00
6.111460417262075140e+01,7.508533475679108449e+00
6.113460988853958611e+01,7.818104228694106261e+00
6.115461560445842082e+01,8.572832045834159587e+00
6.117462132037725553e+01,8.652612510199217510e+00
6.119462703629609024e+01,8.607241819889068779e+00
6.121463275221492495e+01,8.555574742961814749e+00
6.123463846813375255e+01,9.093041753377669068e+00
6.125464418405258726e+01,8.939182389740867762e+00
6.127464989997142197e+01,9.365365189248615607e+00
6.129465561589025668e+01,9.250753759572564405e+00
6.131466133180909139e+01,1.012926755633454512e+01
6.133466704772792610e+01,9.613404503550743385e+00
6.135467276364676081e+01,1.011582548859971276e+01
6.137467847956559552e+01,9.674209812783162832e+00
6.139468419548443023e+01,9.118812382485263157e+00
6.141468991140325784e+01,9.544148897842937629e+00
6.143469562732209255e+01,1.041197700980063345e+01
6.145470134324092726e+01,8.959433611072713077e+00
6.147470705915976197e+01,9.476374539921296858e+00
6.149471277507859668e+01,8.782332190978287656e+00
6.151471849099743139e+01,9.041594369742760762e+00
6.153472420691626610e+01,8.810057647478672038e+00
6.155472992283510081e+01,8.231140294614471387e+00
6.157473563875393552e+01,8.314617039917754582e+00
6.159474135467276312e+01,8.458354544674786979e+00
6.161474707059159783e+01,7.624217688606472976e+00
6.163475278651043254e+01,8.473389698227203226e+00
6.165475850242926725e+01,7.645533072441413225e+00
6.167476421834810196e+01,7.704968375968729077e+00
6.169476993426693667e+01,7.145126861469318413e+00
6.171477565018577138e+01,7.280441689487366475e+00
6.173478136610460609e+01,6.453063472328390837e+00
6.175478708202344080e+01,7.548204171562854725e+00
6.177479279794227551e+01,6.943612262657877565e+00
6.179479851386110312e+01,6.654396694903663700e+00
6.181480422977993783e+01,6.659327027280772526e+00
6.183480994569877254e+01,6.479437738186304863e+00
6.185481566161760725e+01,5.700189842326574663e+00
6.187482137753644196e+01,6.566037435438904168e+00
6.189482709345527667e+01,6.113667131387964915e+00
6.191483280937411138e+01,6.159655371542474001e+00
6.193483852529294609e+01,6.016145157139594524e+00
6.195484424121178080e+01,5.371600273946501858e+00
6.197484995713060840e+01,5.755437801917634211e+00
6.199485567304944311e+01,6.187177475477440680e+00
6.201486138896827782e+01,5.521609041370139082e+00
6.203486710488711253e+01,5.202163927940568477e+00
6.205487282080594724e+01,5.941078057792104516e+00
6.207487853672478195e+01,5.224150310650681917e+00
6.209488425264361666e+01,5.235822142892711639e+00
6.211488996856245137e+01,5.482574263380898927e+00
6.213489568448128608e+01,5.590126894823589154e+00
6.215490140040011369e+01,5.172466753711605136e+00
6.217490711631894840e+01,5.182794454701610043e+00
6.219491283223778311e+01,5.422487417843072421e+00
6.221491854815661782e+01,5.369704997810538671e+00
6.223492426407545253e+01,5.527755489852678394e+00
6.225492997999428724e+01,5.332970980957242979e+00
6.227493569591312195e+01,5.312545911581443292e+00
6.229494141183195666e+01,5.099673707633341380e+00
6.231494712775079137e+01,5.142654753853575400e+00
6.233495284366962608e+01,5.124458233187563216e+00
6.235495855958845368e+01,5.095287773352273675e+00
6.237496427550728839e+01,6.319470340802719299e+00
6.239496999142612310e+01,5.255267199753709484e+00
6.241497570734495781e+01,5.837715967555852536e+00
6.243498142326379252e+01,6.269704264681902117e+00
6.245498713918262723e+01,5.850046700259146526e+00
6.247499285510146194e+01,5.547414045534930338e+00
6.249499857102029665e+01,5.969161598741752783e+00
6.251500428693913136e+01,6.964031726832573099e+00
6.253501000285795897e+01,6.192082637669088285e+00
6.255501571877679368e+01,5.730355478872652952e+00
6.257502143469562839e+01,6.409128721222140612e+00
6.259502715061446310e+01,7.357677220513341609e+00
6.261503286653329781e+01,7.203189197548708123e+00
6.263503858245213252e+01,6.937284244441318748e+00
6.265504429837096723e+01,7.594787432016174122e+00
6.267505001428980194e+01,7.745565394113326008e+00
6.269505573020863665e+01,7.815588548924782941e+00
6.271506144612747136e+01,8.182046112271539329e+00
6.273506716204629896e+01,9.072442887109106735e+00
6.275507287796513367e+01,8.890630798222163733e+00
6.277507859388396838e+01,8.588721315099274278e+00
6.279508430980280309e+01,9.280032502726648147e+00
6.281509002572163780e+01,9.279116585047919585e+00
6.283509574164047251e+01,9.817927760901980605e+00
6.285510145755930722e+01,9.920331340625345717e+00
6.287510717347814193e+01,9.540631320832513751e+00
6.289511288939697664e+01,9.862063438292050677e+00
6.291511860531580425e+01,1.069649460070049329e+01
6.293512432123463896e+01,1.062714320663163292e+01
6.295513003715347367e+01,1.060982934698828473e+01
6.297513575307230838e+01,1.054522044485384313e+01
6.299514146899114309e+01,1.020490338610151504e+01
6.301514718490997780e+01,1.048821690941953300e+01
6.303515290082881251e+01,1.014632492383811169e+01
6.305515861674764722e+01,1.032206069248557334e+01
6.307516433266648193e+01,1.030666415264249736e+01
6.309517004858530953e+01,1.031688369008790573e+01
6.311517576450414424e+01,1.024975025961600927e+01
6.313518148042297895e+01,9.329618288203207044e+00
6.315518719634181366e+01,9.950793437108915285e+00
6.317519291226064837e+01,9.413989621707925082e+00
6.319519862817948308e+01,9.000338242282840184e+00
6.321520434409831779e+01,9.528337394252545778e+00
6.323521006001715250e+01,9.689060219755095460e+00
6.325521577593598721e+01,9.344300484717656730e+00
6.327522149185482192e+01,8.908647989900540409e+00
6.329522720777364952e+01,8.316260520589066729e+00
6.331523292369248423e+01,8.064321866769738278e+00
6.333523863961131894e+01,7.819658412181427209e+00
6.335524435553015365e+01,6.987689804381327363e+00
6.337525007144898836e+01,6.634646508732291892e+00
6.339525578736782307e+01,7.057624429534458343e+00
6.341526150328665778e+01,6.016182554528131554e+00
6.343526721920549249e+01,6.678905742701833681e+00
6.345527293512432720e+01,5.916140245533144437e+00
6.347527865104315481e+01,6.007643308072265320e+00
6.349528436696198952e+01,5.467232042778726431e+00
6.351529008288082423e+01,5.915098222507036319e+00
6.353529579879965894e+01,5.248671819409539196e+00
6.355530151471849365e+01,5.161051527569722630e+00
6.357530723063732836e+01,4.572666517021824362e+00
6.359531294655616307e+01,4.734370992060794592e+00
6.361531866247499778e+01,4.814462273616966215e+00
6.363532437839383249e+01,4.417499586511793197e+00
6.365533009431266720e+01,4.147275706434382592e+00
6.367533581023149480e+01,4.142824052900875742e+00
6.369534152615032951e+01,4.125955973811557875e+00
6.371534724206916422e+01,4.490929584809991049e+00
6.373535295798799893e+01,4.506770053192926007e+00
6.375535867390683364e+01,4.262586808785091996e+00
6.377536438982566835e+01,3.614019953784976202e+00
6.379537010574450306e+01,4.064267042273693065e+00
6.381537582166333777e+01,3.932707342681505125e+00
6.383538153758217248e+01,3.667154202820832154e+00
6.385538725350100009e+01,3.901168211831531174e+00
6.387539296941983480e+01,3.644917760716011923e+00
6.389539868533866951e+01,4.831428056413178851e+00
6.391540440125750422e+01,3.897193215204796779e+00
6.393541011717633893e+01,4.163157455386373940e+00
6.395541583309517364e+01,4.520985297419704452e+00
6.397542154901400835e+01,4.130500504310368193e+00
6.399542726493284306e+01,3.903939990201164445e+00
6.401543298085167066e+01,4.447202099556464283e+00
6.403543869677051248e+01,4.685160249752044592e+00
6.405544441268934008e+01,4.286003097193884948e+00
6.407545012860816769e+01,4.558052113094135827e+00
6.409545584452700950e+01,5.320726529533450488e+00
6.411546156044585132e+01,4.433928024803444501e+00
6.413546727636467892e+01,4.622116358452048601e+00
6.415547299228350653e+01,4.961501961331319599e+00
6.417547870820234834e+01,5.153866059895575447e+00
6.419548442412119016e+01,5.665122933482042100e+00
6.421549014004001776e+01,5.738680013084374920e+00
6.423549585595884537e+01,4.783099917607831486e+00
6.425550157187768718e+01,5.629389040860288240e+00
6.427550728779651479e+01,5.722493557943096221e+00
6.429551300371534239e+01,5.382463294350710470e+00
6.431551871963418421e+01,6.086749783732682495e+00
6.433552443555302602e+01,5.109929026249600881e+00
6.435553015147185363e+01,5.757467016359373524e+00
6.437553586739068123e+01,5.535892771184565575e+00
6.439554158330952305e+01,5.370566285973850995e+00
6.441554729922835065e+01,4.994851597918517072e+00
6.443555301514717826e+01,5.955433603213132088e+00
6.445555873106602007e+01,6.178543646762443942e+00
6.447556444698486189e+01,4.936387725557485950e+00
6.449557016290368949e+01,5.836615925584266229e+00
6.451557587882251710e+01,4.933089775856696058e+00
6.453558159474135891e+01,5.514029972238548183e+00
6.455558731066020073e+01,5.924463370116331618e+00
6.457559302657902833e+01,5.023216412875946446e+00
6.459559874249785594e+01,4.312348865340408288e+00
6.461560445841669775e+01,5.033015920809949861e+00
6.463561017433552536e+01,5.183865597191866570e+00
6.465561589025435296e+01,5.125941157769535295e+00
6.467562160617319478e+01,4.645826421120793803e+00
6.469562732209203659e+01,5.320600537316267697e+00
6.471563303801086420e+01,5.506210120888358261e+00
6.473563875392969180e+01,4.539328144026546497e+00
6.475564446984853362e+01,5.227018295737447140e+00
6.477565018576737543e+01,4.623541854727803546e+00
6.479565590168618883e+01,5.033266246655848875e+00
6.481566161760503064e+01,5.683047186251164007e+00
6.483566733352387246e+01,5.177394687425772801e+00
6.485567304944270006e+01,5.440596156166422226e+00
6.487567876536152767e+01,6.207790565961762042e+00
6.489568448128036948e+01,5.590949901686286694e+00
6.491569019719921130e+01,5.756485278898010094e+00
6.493569591311803890e+01,5.406376424945817050e+00
6.495570162903686651e+01,6.891538166280305688e+00
6.497570734495570832e+01,5.849155439644190935e+00
6.499571306087453593e+01,6.596824964573794858e+00
6.501571877679336353e+01,6.782416572618390482e+00
6.503572449271220535e+01,7.624898727144986843e+00
6.505573020863104716e+01,7.691759761751280067e+00
6.507573592454987477e+01,7.746023870131151234e+00
6.509574164046870237e+01,7.838839854479809688e+00
6.511574735638754419e+01,7.424889803132549204e+00
6.513575307230638600e+01,8.072910650145940892e+00
6.515575878822521361e+01,8.529843958045580266e+00
6.517576450414404121e+01,8.798796008116209322e+00
6.519577022006288303e+01,9.251649667746853822e+00
6.521577593598171063e+01,9.254960179803287446e+00
6.523578165190053824e+01,8.835328729459053676e+00
6.525578736781938005e+01,9.448901114851103955e+00
6.527579308373822187e+01,8.440120496416634310e+00
6.529579879965704947e+01,9.056644849456173318e+00
6.531580451557587708e+01,9.310504881613111294e+00
6.533581023149471889e+01,8.495373732484740259e+00
6.535581594741354650e+01,9.273997458776236158e+00
6.537582166333237410e+01,8.376536802374488389e+00
6.539582737925121592e+01,9.212871509910208090e+00
6.541583309517005773e+01,7.742613868502468577e+00
6.543583881108888534e+01,8.007658718676770704e+00
6.545584452700771294e+01,7.186824885536177376e+00
6.547585024292655476e+01,8.103457562865475694e+00
6.549585595884539657e+01,8.189088176768553495e+00
6.551586167476422418e+01,6.962707721472095379e+00
6.553586739068305178e+01,7.361358207039610413e+00
6.555587310660189360e+01,6.501118078496505248e+00
6.557587882252072120e+01,6.703850382008395670e+00
6.559588453843954881e+01,6.384277424625813602e+00
6.561589025435839062e+01,6.137922965524870378e+00
6.563589597027723244e+01,5.406986452468129478e+00
6.565590168619606004e+01,6.092840026233576012e+00
6.567590740211488765e+01,5.612363536307745093e+00
6.569591311803372946e+01,5.559649592002203988e+00
6.571591883395257128e+01,5.526696397740142430e+00
6.573592454987138467e+01,4.448146238080480153e+00
6.575593026579022649e+01,5.159456604812794112e+00
6.577593598170906830e+01,4.483576887312938908e+00
6.579594169762789591e+01,4.667514781017047198e+00
6.581594741354672351e+01,4.899497959981612638e+00
6.583595312946556533e+01,5.198630810260413071e+00
6.585595884538440714e+01,4.511348816584983545e+00
6.587596456130323475e+01,4.535569716919908956e+00
6.589597027722206235e+01,5.357658253089516265e+00
6.591597599314090417e+01,4.898496851955870923e+00
6.593598170905973177e+01,5.076418525206610077e+00
6.595598742497855937e+01,4.941681271467029291e+00
6.597599314089740119e+01,4.457766944850462210e+00
6.599599885681624301e+01,5.265689807320439897e+00
6.601600457273507061e+01,4.405817428013944159e+00
6.603601028865389821e+01,4.674779237065755488e+00
6.605601600457274003e+01,4.413042461044896392e+00
6.607602172049158185e+01,5.329552617599279785e+00
6.609602743641040945e+01,4.962215378243701736e+00
6.611603315232923705e+01,4.901509366599823281e+00
6.613603886824807887e+01,5.315950110066731682e+00
6.615604458416690647e+01,4.976486229756122093e+00
6.617605030008573408e+01,4.793679469734865251e+00
6.619605601600457589e+01,4.982857401430105249e+00
6.621606173192341771e+01,5.652113787289937186e+00
6.623606744784224531e+01,5.772268071938392531e+00
6.625607316376107292e+01,5.651364429750822538e+00
6.627607887967991473e+01,5.273212985854241808e+00
6.629608459559874234e+01,5.377821376384972041e+00
6.631609031151756994e+01,5.440117329652984779e+00
6.633609602743641176e+01,5.927650994931883410e+00
6.635610174335525357e+01,5.352134332582503262e+00
6.637610745927408118e+01,5.575072121397189662e+00
6.639611317519290878e+01,5.503216029244034857e+00
6.641611889111175060e+01,5.521930285825540352e+00
6.643612460703059241e+01,6.322744375274963247e+00
6.645613032294942002e+01,6.476146838481254164e+00
6.647613603886824762e+01,6.950108487719938388e+00
6.649614175478708944e+01,6.325637554145700392e+00
6.651614747070591704e+01,6.717411035180936629e+00
6.653615318662474465e+01,7.108603720934963732e+00
6.655615890254358646e+01,7.167665373992633704e+00
6.657616461846242828e+01,6.484334700433679544e+00
6.659617033438125588e+01,6.758363164806718615e+00
6.661617605030008349e+01,7.591116389778103546e+00
6.663618176621892530e+01,7.672076045353636076e+00
6.665618748213776712e+01,7.359218081629659736e+00
6.667619319805658051e+01,7.255979242882066416e+00
6.669619891397542233e+01,7.556480140935244449e+00
6.671620462989426414e+01,7.064456861670820764e+00
6.673621034581309175e+01,8.270716003675836703e+00
6.675621606173191935e+01,7.529922412671794518e+00
6.677622177765076117e+01,7.181850870524185027e+00
6.679622749356960298e+01,8.120213601172544315e+00
6.681623320948843059e+01,7.927172478932469346e+00
6.683623892540725819e+01,6.735416327917972623e+00
6.685624464132610001e+01,8.087096994537191108e+00
6.687625035724492761e+01,7.602979388371104541e+00
6.689625607316375522e+01,7.181158365558850676e+00
6.691626178908259703e+01,7.727001809276559996e+00
6.693626750500143885e+01,7.110517414531788205e+00
6.695627322092026645e+01,6.632064959036204854e+00
6.697627893683909406e+01,7.989193066907683161e+00
6.699628465275793587e+01,7.090886451898642306e+00
6.701629036867677769e+01,7.442810181247947021e+00
6.703629608459560529e+01,7.749382734346163204e+00
6.705630180051443290e+01,7.661793356734985849e+00
6.707630751643327471e+01,7.104635877742327743e+00
6.709631323235210232e+01,6.385516983313479500e+00
6.711631894827092992e+01,7.052194358739266811e+00
6.713632466418977174e+01,6.412061401689006068e+00
6.715633038010861355e+01,6.130594908608133053e+00
6.717633609602744116e+01,5.878767150898648097e+00
6.719634181194626876e+01,6.278820950377458132e+00
6.721634752786511058e+01,6.024377638297478299e+00
6.723635324378393818e+01,5.877323141276052709e+00
6.725635895970276579e+01,5.342977615692479532e+00
6.727636467562160760e+01,5.488319395811190660e+00
6.729637039154044942e+01,4.939115371887214501e+00
6.731637610745927702e+01,5.629457597615926900e+00
6.733638182337810463e+01,4.792637747501121481e+00
6.735638753929694644e+01,4.569035799894097138e+00
6.737639325521578826e+01,5.210120257677164801e+00
6.739639897113461586e+01,5.107515339068683602e+00
6.741640468705344347e+01,4.738977368880871843e+00
6.743641040297228528e+01,4.084600557488737849e+00
6.745641611889111289e+01,3.638586194255791995e+00
6.747642183480994049e+01,4.743475953913754317e+00
6.749642755072878231e+01,4.209043220795639861e+00
6.751643326664762412e+01,3.830171917610874388e+00
6.753643898256645173e+01,3.716993410303638612e+00
6.755644469848527933e+01,4.406592847220307085e+00
6.757645041440412115e+01,3.675957032425857030e+00
6.759645613032296296e+01,3.259674822688129581e+00
6.761646184624177636e+01,3.888901152176666542e+00
6.763646756216061817e+01,4.154990924000001584e+00
6.765647327807945999e+01,4.562299884215327950e+00
6.767647899399828759e+01,3.604065267082327217e+00
6.769648470991711520e+01,3.764616222508431420e+00
6.771649042583595701e+01,3.509721543127177767e+00
6.773649614175479883e+01,4.273611799808586298e+00
6.775650185767362643e+01,3.872194198300180190e+00
6.777650757359245404e+01,4.036237817765077729e+00
6.779651328951129585e+01,4.482489579634414412e+00
6.781651900543012346e+01,4.735167888504352440e+00
6.783652472134895106e+01,4.509969554015656357e+00
6.785653043726779288e+01,4.197940082157638919e+00
6.787653615318663469e+01,3.675589437271186810e+00
6.789654186910546230e+01,3.868011052667048588e+00
6.791654758502428990e+01,4.212850838643772633e+00
6.793655330094313172e+01,3.669730165568869662e+00
6.795655901686197353e+01,4.549331887501128158e+00
6.797656473278080114e+01,4.725816435493515044e+00
6.799657044869962874e+01,4.348518871136531239e+00
6.801657616461847056e+01,5.500926316528292226e+00
6.803658188053729816e+01,4.688874296458017454e+00
6.805658759645612577e+01,4.476647443819036454e+00
6.807659331237496758e+01,5.030715930687216897e+00
6.809659902829380940e+01,5.110378205396960638e+00
6.811660474421263700e+01,4.645284862336080067e+00
6.813661046013146461e+01,4.949434254671206901e+00
6.815661617605030642e+01,4.698426532163482605e+00
6.817662189196913403e+01,5.313773376651179881e+00
6.819662760788796163e+01,5.310693796097860186e+00
6.821663332380680345e+01,5.563255455959928319e+00
6.823663903972564526e+01,5.573329753130460418e+00
6.825664475564447287e+01,5.441454251726087321e+00
6.827665047156330047e+01,4.931933026607918436e+00
6.829665618748214229e+01,5.517126324492403810e+00
6.831666190340098410e+01,5.353088151643559556e+00
6.833666761931981171e+01,4.937748403899259841e+00
6.835667333523863931e+01,5.335085486283193568e+00
6.837667905115748113e+01,4.584130943611624431e+00
6.839668476707630873e+01,4.706758670076627737e+00
6.841669048299513634e+01,4.473172732649729255e+00
6.843669619891397815e+01,4.662317016363109801e+00
6.845670191483281997e+01,3.838209842411044015e+00
6.847670763075164757e+01,4.746929990949816158e+00
6.849671334667047518e+01,4.349309297147703646e+00
6.851671906258931699e+01,3.694769836611539127e+00
6.853672477850815881e+01,3.819912983709987664e+00
6.855673049442697220e+01,4.399512411020605640e+00
6.857673621034581402e+01,3.525418718637475024e+00
6.859674192626465583e+01,3.211261594197935665e+00
6.861674764218348344e+01,3.359337072231923571e+00
6.863675335810231104e+01,3.323010075646661843e+00
6.865675907402115286e+01,2.726058979550108230e+00
6.867676478993999467e+01,3.219813337976500822e+00
6.869677050585882228e+01,3.149449764435223287e+00
6.871677622177764988e+01,3.025858897273456805e+00
6.873678193769649170e+01,2.650221735874602302e+00
6.875678765361531930e+01,3.370808780962190276e+00
6.877679336953414690e+01,3.085218159631886614e+00
6.879679908545298872e+01,3.214265880909639161e+00
6.881680480137183054e+01,3.860658585751676863e+00
6.883681051729065814e+01,3.035964128526726480e+00
6.885681623320948574e+01,3.905519344277649019e+00
6.887682194912832756e+01,2.541866511097136794e+00
6.889682766504716938e+01,3.172304626589816934e+00
6.891683338096599698e+01,2.950372744180713269e+00
6.893683909688482458e+01,3.579837499128521117e+00
6.895684481280366640e+01,2.613140791539513952e+00
6.897685052872249400e+01,2.890900319296018317e+00
6.899685624464132161e+01,2.259248123047562729e+00
6.901686196056016342e+01,3.028900575383953964e+00
6.903686767647900524e+01,3.033982911504446989e+00
6.905687339239783284e+01,2.526842198750354207e+00
6.907687910831666045e+01,3.235201712399890184e+00
6.909688482423550226e+01,3.341234805914924166e+00
6.911689054015432987e+01,3.403426269702697127e+00
6.913689625607315747e+01,3.283346596925384553e+00
6.915690197199199929e+01,2.674654419108809300e+00
6.917690768791084110e+01,2.945544063380697963e+00
6.919691340382966871e+01,2.871508975845865841e+00
6.921691911974849631e+01,2.876731300044284900e+00
6.923692483566733813e+01,3.609369110517576029e+00
6.925693055158617994e+01,3.842566565299710746e+00
6.927693626750500755e+01,3.131680069843131520e+00
6.929694198342383515e+01,3.912248776612885059e+00
6.931694769934267697e+01,4.014344539816615764e+00
6.933695341526150457e+01,2.956935101310172342e+00
6.935695913118033218e+01,3.710120864707494803e+00
6.937696484709917399e+01,4.259243863363854743e+00
6.939697056301801581e+01,4.011598276915217198e+00
6.941697627893684341e+01,3.769326240246871240e+00
6.943698199485567102e+01,3.414488126874146268e+00
6.945698771077451283e+01,4.328978679338229441e+00
6.947699342669335465e+01,3.422618091280036801e+00
6.949699914261216804e+01,3.786594159483365196e+00
6.951700485853100986e+01,4.197808294953807362e+00
6.953701057444985167e+01,3.881919584988674288e+00
6.955701629036867928e+01,3.418304527180569874e+00
6.957702200628750688e+01,4.147426897986985495e+00
6.959702772220634870e+01,4.318033677166942752e+00
6.961703343812519051e+01,4.181567325872022067e+00
6.963703915404401812e+01,4.282594677985442466e+00
6.965704486996284572e+01,4.357425439102253328e+00
6.967705058588168754e+01,4.947830201981203047e+00
6.969705630180051514e+01,4.170010509364701079e+00
6.971706201771934275e+01,3.962866950592099258e+00
6.973706773363818456e+01,4.523585066005740174e+00
6.975707344955702638e+01,4.758868338478065674e+00
6.977707916547585398e+01,3.651393398341172158e+00
6.979708488139468159e+01,4.861927436109327871e+00
6.981709059731352340e+01,4.526898815466699588e+00
6.983709631323236522e+01,3.866199378466133041e+00
6.985710202915119282e+01,5.111232955558058677e+00
6.987710774507002043e+01,3.712269672286445221e+00
6.989711346098886224e+01,4.627435256169993849e+00
6.991711917690768985e+01,4.506700577072820124e+00
6.993712489282651745e+01,4.178635331302047007e+00
6.995713060874535927e+01,3.965805020953881765e+00
6.997713632466420108e+01,4.554081538132949802e+00
6.999714204058302869e+01,4.119099278148671495e+00
7.001714775650185629e+01,5.016423331131475649e+00
7.003715347242069811e+01,4.635349279886260554e+00
7.005715918833952571e+01,4.348469629483230570e+00
7.007716490425835332e+01,4.255501418649786594e+00
7.009717062017719513e+01,4.172706381585278734e+00
7.011717633609603695e+01,5.187898940926064739e+00
7.013718205201486455e+01,4.001266411330880679e+00
7.015718776793369216e+01,5.043444079063579721e+00
7.017719348385253397e+01,5.060393241336321069e+00
7.019719919977137579e+01,4.873826319566076037e+00
7.021720491569020339e+01,4.724829282111482343e+00
7.023721063160903100e+01,5.239009167261038158e+00
7.025721634752787281e+01,5.203070072237798271e+00
7.027722206344670042e+01,5.847156444318429180e+00
7.029722777936552802e+01,5.063057397135262150e+00
7.031723349528436984e+01,5.260881947990350582e+00
7.033723921120321165e+01,5.993268463493668818e+00
7.035724492712203926e+01,5.937546349887808717e+00
7.037725064304086686e+01,6.696815940260892219e+00
7.039725635895970868e+01,5.645621179544939139e+00
7.041726207487855049e+01,5.555632777962892455e+00
7.043726779079736389e+01,5.636527567727874555e+00
7.045727350671620570e+01,5.758730951351482830e+00
7.047727922263504752e+01,6.075244407860719065e+00
7.049728493855387512e+01,5.041655446253060724e+00
7.051729065447270273e+01,6.190910380392798729e+00
7.053729637039154454e+01,5.234275036896905320e+00
7.055730208631038636e+01,5.721766003068021078e+00
7.057730780222921396e+01,4.469312167728052287e+00
7.059731351814804157e+01,5.335401404049630258e+00
7.061731923406688338e+01,5.271516390717749800e+00
7.063732494998571099e+01,4.974552861361443590e+00
7.065733066590453859e+01,3.860101893689517283e+00
7.067733638182338041e+01,5.118916678090597472e+00
7.069734209774222222e+01,3.790816523305200469e+00
7.071734781366104983e+01,4.015212527844690626e+00
7.073735352957987743e+01,3.538974867996594220e+00
7.075735924549871925e+01,4.351137533581369787e+00
7.077736496141756106e+01,4.000745357658711754e+00
7.079737067733638867e+01,3.685208096479054785e+00
7.081737639325521627e+01,3.675161577764533671e+00
7.083738210917405809e+01,3.071814737447460253e+00
7.085738782509288569e+01,3.970697722834265697e+00
7.087739354101171330e+01,2.360135557497044623e+00
7.089739925693055511e+01,3.181175633341964293e+00
7.091740497284939693e+01,2.816465073427240284e+00
7.093741068876822453e+01,2.170113239994666099e+00
7.095741640468705214e+01,2.899931231565950007e+00
7.097742212060589395e+01,2.150369815725061695e+00
7.099742783652472156e+01,2.468264318932146484e+00
7.101743355244354916e+01,2.129856118420032640e+00
7.103743926836239098e+01,2.451568115550425198e+00
7.105744498428123279e+01,2.839682523950060933e+00
7.107745070020006040e+01,2.147868575006363301e+00
7.109745641611888800e+01,2.353499633797045743e+00
7.111746213203772982e+01,2.671441567688238816e+00
7.113746784795657163e+01,2.253481923313031654e+00
7.115747356387539924e+01,2.374719020456305785e+00
7.117747927979422684e+01,2.665386159299937940e+00
7.119748499571306866e+01,2.973758368153417653e+00
7.121749071163189626e+01,2.510868342460592650e+00
7.123749642755072387e+01,2.407418175052416398e+00
7.125750214346956568e+01,1.696252524404362916e+00
7.127750785938840750e+01,2.138118355524703418e+00
7.129751357530723510e+01,2.524512317487826785e+00
7.131751929122606271e+01,2.898030947091338572e+00
7.133752500714490452e+01,2.651633069450748170e+00
7.135753072306374634e+01,2.659251730985943141e+00
7.137753643898255973e+01,2.926407541162742376e+00
7.139754215490140155e+01,2.540680487143271549e+00
7.141754787082024336e+01,2.447632155952232491e+00
7.143755358673907097e+01,3.182826201679980649e+00
7.145755930265789857e+01,2.354741037278879734e+00
7.147756501857674039e+01,2.162946063120103180e+00
7.149757073449558220e+01,2.363813730594781504e+00
7.151757645041440981e+01,2.588404974379226342e+00
7.153758216633323741e+01,3.039458564096215731e+00
7.155758788225207923e+01,2.602584903169444352e+00
7.157759359817090683e+01,1.903481689571427937e+00
7.159759931408973443e+01,1.925552333398278915e+00
7.161760503000857625e+01,3.039360665287345498e+00
7.163761074592741807e+01,1.974171015359683867e+00
7.165761646184624567e+01,2.491386361304274821e+00
7.167762217776507327e+01,2.427037401621062518e+00
7.169762789368391509e+01,2.452949628066033227e+00
7.171763360960275691e+01,3.029476337093198524e+00
7.173763932552158451e+01,2.626188062240919052e+00
7.175764504144041211e+01,1.906093663164382335e+00
7.177765075735925393e+01,2.265041425748310466e+00
7.179765647327808153e+01,2.644347444332460384e+00
7.181766218919690914e+01,3.150368465554332253e+00
7.183766790511575095e+01,2.777622636681607915e+00
7.185767362103459277e+01,2.282778796713854419e+00
7.187767933695342037e+01,2.742113235244952207e+00
7.189768505287224798e+01,2.088177183382781799e+00
7.191769076879108979e+01,2.486074494639690435e+00
7.193769648470991740e+01,1.987123314963720189e+00
7.195770220062874500e+01,2.842129833443873821e+00
7.197770791654758682e+01,2.572867526155333984e+00
7.199771363246642863e+01,2.125425508304368272e+00
7.201771934838525624e+01,2.727072024963415053e+00
7.203772506430408384e+01,2.547957773209327481e+00
7.205773078022292566e+01,2.267233784551792031e+00
7.207773649614176747e+01,2.818017042504296299e+00
7.209774221206059508e+01,2.091818810570572840e+00
7.211774792797942268e+01,3.001170512451388550e+00
7.213775364389826450e+01,2.855123407550515857e+00
7.215775935981709210e+01,2.663409817236896515e+00
7.217776507573591971e+01,2.955483763215505100e+00
7.219777079165476152e+01,3.078436037938471426e+00
7.221777650757360334e+01,2.912473277664394455e+00
7.223778222349243094e+01,2.960606712066030433e+00
7.225778793941125855e+01,2.358993609960626792e+00
7.227779365533010036e+01,3.648022389109511376e+00
7.229779937124894218e+01,3.610160381656739581e+00
7.231780508716775557e+01,2.727128117328318613e+00
7.233781080308659739e+01,3.452072169320677286e+00
7.235781651900543920e+01,2.813598344721063960e+00
7.237782223492426681e+01,3.022852852126596268e+00
7.239782795084309441e+01,3.651384937290507615e+00
7.241783366676193623e+01,4.597754700643108094e+00
7.243783938268077804e+01,3.762845818285598831e+00
7.245784509859960565e+01,4.378384185711724719e+00
7.247785081451843325e+01,3.772565730156688613e+00
7.249785653043727507e+01,4.222412830775137849e+00
7.251786224635610267e+01,4.582399739517166282e+00
7.253786796227493028e+01,4.771482070640002959e+00
7.255787367819377209e+01,5.108844556963006767e+00
7.257787939411261391e+01,5.217479818809530379e+00
7.259788511003144151e+01,4.785048925855827306e+00
7.261789082595026912e+01,4.866083995541814922e+00
7.263789654186911093e+01,5.850902998400913546e+00
7.265790225778795275e+01,5.606637573021039600e+00
7.267790797370678035e+01,5.676631293488989982e+00
7.269791368962560796e+01,5.849078002505750717e+00
7.271791940554444977e+01,6.204674934748060977e+00
7.273792512146327738e+01,5.850408970574161316e+00
7.275793083738210498e+01,6.229259573868901612e+00
7.277793655330094680e+01,6.105259205714986592e+00
7.279794226921978861e+01,6.360363501684225263e+00
7.281794798513861622e+01,6.042181536140459386e+00
7.283795370105744382e+01,6.787637365674870082e+00
7.285795941697628564e+01,5.914278727180397155e+00
7.287796513289511324e+01,7.232128760729294115e+00
7.289797084881394085e+01,6.484767636556145298e+00
7.291797656473278266e+01,6.393616905165110609e+00
7.293798228065162448e+01,6.225078156319618472e+00
7.295798799657045208e+01,6.553648033974281972e+00
7.297799371248927969e+01,6.562381125434374241e+00
7.299799942840812150e+01,6.683810512149892524e+00
7.301800514432696332e+01,5.971971400216119719e+00
7.303801086024579092e+01,5.939005113675198899e+00
7.305801657616461853e+01,6.028496874656250171e+00
7.307802229208346034e+01,6.428051216718958294e+00
7.309802800800228795e+01,5.356597911495264874e+00
7.311803372392111555e+01,5.423241761516959691e+00
7.313803943983995737e+01,6.059916944533728866e+00
7.315804515575879918e+01,5.620995314842559765e+00
7.317805087167762679e+01,6.369820400284639028e+00
7.319805658759645439e+01,4.723703545540590909e+00
7.321806230351529621e+01,5.077931539184243448e+00
7.323806801943413802e+01,5.363089989169259830e+00
7.325807373535295142e+01,5.198867046156661509e+00
7.327807945127179323e+01,5.425992778345323231e+00
7.329808516719063505e+01,5.599812160715074150e+00
7.331809088310946265e+01,6.108035316807558956e+00
7.333809659902829026e+01,4.395226688107205959e+00
7.335810231494713207e+01,5.195800707873315716e+00
7.337810803086597389e+01,5.393015760520889046e+00
7.339811374678480149e+01,5.410948071829599471e+00
7.341811946270362910e+01,5.307537574695826876e+00
7.343812517862247091e+01,5.285599979538039506e+00
7.345813089454129852e+01,5.008123785888674462e+00
7.347813661046012612e+01,5.606808403943353447e+00
7.349814232637896794e+01,4.868520337679504095e+00
7.351814804229780975e+01,4.901975525427079816e+00
7.353815375821663736e+01,4.933773142872879269e+00
7.355815947413546496e+01,4.698929071240321775e+00
7.357816519005430678e+01,5.078020216814318033e+00
7.359817090597314859e+01,4.307464359410611898e+00
7.361817662189197620e+01,5.028572145322923959e+00
7.363818233781080380e+01,4.428719410849826232e+00
7.365818805372964562e+01,4.680779737743065994e+00
7.367819376964847322e+01,4.960040203352063415e+00
7.369819948556730083e+01,4.719003128868829222e+00
7.371820520148614264e+01,4.363066749628153218e+00
7.373821091740498446e+01,4.421686808621606346e+00
7.375821663332381206e+01,4.699550536102464093e+00
7.377822234924263967e+01,5.180680291737640886e+00
7.379822806516148148e+01,4.287720392378743917e+00
7.381823378108030909e+01,4.372515515100247718e+00
7.383823949699913669e+01,4.406867712666784342e+00
7.385824521291797851e+01,4.104476962340147139e+00
7.387825092883682032e+01,5.208876791245494076e+00
7.389825664475564793e+01,4.828779932903076499e+00
7.391826236067447553e+01,4.697006557294933771e+00
7.393826807659331735e+01,4.135528434774228934e+00
7.395827379251215916e+01,3.978597433682122819e+00
7.397827950843098677e+01,4.763919278205666075e+00
7.399828522434981437e+01,4.236539170717786185e+00
7.401829094026865619e+01,4.489477955485089211e+00
7.403829665618748379e+01,4.453433535873443816e+00
7.405830237210632561e+01,4.355565987121788218e+00
7.407830808802515321e+01,4.567911459296489340e+00
7.409831380394398082e+01,5.287047723426399060e+00
7.411831951986282263e+01,5.746828765817665996e+00
7.413832523578165024e+01,5.387081463465168696e+00
7.415833095170049205e+01,6.355981312242733772e+00
7.417833666761931966e+01,5.976204099969612216e+00
7.419834238353816147e+01,5.888439939812951884e+00
7.421834809945698908e+01,6.990263165341149332e+00
7.423835381537583089e+01,6.826184850292236206e+00
7.425835953129465850e+01,7.223332274810041476e+00
7.427836524721348610e+01,6.908916499727371985e+00
7.429837096313232792e+01,6.933746153449273031e+00
7.431837667905115552e+01,6.543669554649019560e+00
7.433838239496999734e+01,7.130157055630014007e+00
7.435838811088882494e+01,7.453493762262604960e+00
7.437839382680766676e+01,6.616532445368704884e+00
7.439839954272649436e+01,6.944557084283977666e+00
7.441840525864533618e+01,6.487193211940887494e+00
7.443841097456416378e+01,6.271388344663810344e+00
7.445841669048300560e+01,6.367958773201682909e+00
7.447842240640183320e+01,5.954645364057843615e+00
7.449842812232066080e+01,5.756461591394408828e+00
7.451843383823950262e+01,6.305261966563077358e+00
7.453843955415833022e+01,5.114826850145662185e+00
7.455844527007717204e+01,5.923044011276137333e+00
7.457845098599599964e+01,5.638110038869632135e+00
7.459845670191484146e+01,4.954072571662493374e+00
7.461846241783366906e+01,5.076737614386861885e+00
7.463846813375251088e+01,5.696377690702309593e+00
7.465847384967133848e+01,4.636098361358249598e+00
7.467847956559016609e+01,4.561187597607073485e+00
7.469848528150900790e+01,3.936597424117729283e+00
7.471849099742783551e+01,4.643053439277245786e+00
7.473849671334667732e+01,3.846486868378986568e+00
7.475850242926550493e+01,4.762867962475256789e+00
7.477850814518434674e+01,4.005191858198683619e+00
7.479851386110317435e+01,4.016977928386234353e+00
7.481851957702201616e+01,3.722638699655922423e+00
7.483852529294084377e+01,3.008319989175133546e+00
7.485853100885967137e+01,3.851540483028088602e+00
7.487853672477851319e+01,3.514747862061417649e+00
7.489854244069734079e+01,3.760088374147045442e+00
7.491854815661618261e+01,2.936163466916466014e+00
7.493855387253501021e+01,3.850729808904028495e+00
7.495855958845385203e+01,3.463147940418169313e+00
7.497856530437267963e+01,3.410859108516897109e+00
7.499857102029152145e+01,3.372331234209745343e+00
7.501857673621034905e+01,3.936385327046426852e+00
7.503858245212917666e+01,3.478376208147426318e+00
7.505858816804801847e+01,2.566094384943734319e+00
7.507859388396684608e+01,3.173759598286006067e+00
7.509859959988568789e+01,2.975213257927969313e+00
7.511860531580451550e+01,3.341619836864049287e+00
7.513861103172335731e+01,2.975585270533164906e+00
7.515861674764218492e+01,3.963661324050523405e+00
7.517862246356102673e+01,3.926024899942892610e+00
7.519862817947985434e+01,3.314445020816426002e+00
7.521863389539868194e+01,3.036754336372058383e+00
7.523863961131752376e+01,2.878261820627393774e+00
7.525864532723635136e+01,3.106906873783125356e+00
7.527865104315519318e+01,3.192831856738194141e+00
7.529865675907402078e+01,3.859243508717409732e+00
7.531866247499286260e+01,2.414676423805921068e+00
7.533866819091169020e+01,4.091825171002522410e+00
7.535867390683053202e+01,3.168618598288772681e+00
7.537867962274935962e+01,3.458949193234547081e+00
7.539868533866820144e+01,3.623300756309042470e+00
7.541869105458702904e+01,2.887100529518643377e+00
7.543869677050585665e+01,3.984003075252157799e+00
7.545870248642469846e+01,2.892024069274995668e+00
7.547870820234352607e+01,3.455805069246728145e+00
7.549871391826236788e+01,3.837792830697598134e+00
7.551871963418119549e+01,3.761372083089348894e+00
7.553872535010003730e+01,3.767606546475712470e+00
7.555873106601886491e+01,2.916406630695648872e+00
7.557873678193770672e+01,2.928723893052366911e+00
7.559874249785653433e+01,3.673014942902560698e+00
7.561874821377536193e+01,3.567049498320005618e+00
7.563875392969420375e+01,3.394466383444433077e+00
7.565875964561303135e+01,3.608813648142682240e+00
7.567876536153187317e+01,2.873881680618744383e+00
7.569877107745070077e+01,3.032442493888278356e+00
7.571877679336954259e+01,2.833631058401831382e+00
7.573878250928837019e+01,3.357906418845727714e+00
7.575878822520721201e+01,3.554201500492984778e+00
7.577879394112603961e+01,3.727724957497347447e+00
7.579879965704486722e+01,2.820391040308707353e+00
7.581880537296370903e+01,3.745447192865575481e+00
7.583881108888253664e+01,3.815983202199950242e+00
7.585881680480137845e+01,2.853358726068103923e+00
7.587882252072020606e+01,2.899990988735337893e+00
7.589882823663904787e+01,3.044254431683500961e+00
7.591883395255787548e+01,3.167305296789471480e+00
7.593883966847671729e+01,3.978691101151600407e+00
7.595884538439554490e+01,2.825776300403027186e+00
7.597885110031437250e+01,2.974433532803597569e+00
7.599885681623321432e+01,3.707280998422935347e+00
7.601886253215204192e+01,3.055796223056975958e+00
7.603886824807088374e+01,3.710427601534537878e+00
7.605887396398971134e+01,3.876037855812869637e+00
7.607887967990855316e+01,3.678140229045410159e+00
7.609888539582738076e+01,3.399722090445856715e+00
7.611889111174622258e+01,3.706553371143347153e+00
7.613889682766505018e+01,3.152514991970021718e+00
7.615890254358387779e+01,2.499342774911649023e+00
7.617890825950271960e+01,3.579995018546831886e+00
7.619891397542154721e+01,3.508149434154751223e+00
7.621891969134038902e+01,3.477627658968177826e+00
7.623892540725921663e+01,4.220720377048590599e+00
7.625893112317805844e+01,4.278690038537003915e+00
7.627893683909688605e+01,3.686688920751983289e+00
7.629894255501572786e+01,3.355756436919971719e+00
7.631894827093455547e+01,3.079490465251901732e+00
7.633895398685339728e+01,3.876312201587520434e+00
7.635895970277222489e+01,3.397431483400727092e+00
7.637896541869105249e+01,3.961198171379897826e+00
7.639897113460989431e+01,3.773652763486724737e+00
7.641897685052872191e+01,4.217742896308680045e+00
7.643898256644756373e+01,3.233951240774434410e+00
7.645898828236639133e+01,2.963127258878043513e+00
7.647899399828523315e+01,3.307250955165477180e+00
7.649899971420406075e+01,3.419811584397360882e+00
7.651900543012290257e+01,3.643692680124684280e+00
7.653901114604173017e+01,3.692688712966365472e+00
7.655901686196055778e+01,3.712858402430122773e+00
7.657902257787939959e+01,3.456447852355697847e+00
7.659902829379822720e+01,3.849044904457746163e+00
7.661903400971706901e+01,2.544242362095241461e+00
7.663903972563589662e+01,3.164721285099166614e+00
7.665904544155473843e+01,3.969841417235438374e+00
7.667905115747356604e+01,3.117193229474404248e+00
7.669905687339240785e+01,2.784359281561926913e+00
7.671906258931123546e+01,3.380223270025441984e+00
7.673906830523006306e+01,2.995478385127193555e+00
7.675907402114890488e+01,3.117914670279127165e+00
7.677907973706773248e+01,2.826738830522334656e+00
7.679908545298657430e+01,2.657592984501403688e+00
7.681909116890540190e+01,2.239682987363524447e+00
7.683909688482424372e+01,2.859052511884621950e+00
7.685910260074307132e+01,2.916165576905889179e+00
7.687910831666191314e+01,2.502757694276996236e+00
7.689911403258074074e+01,2.311671823119214153e+00
7.691911974849956835e+01,3.046437480618465976e+00
7.693912546441841016e+01,3.164542289814873399e+00
7.695913118033723777e+01,2.730455759706581276e+00
7.697913689625607958e+01,2.546243322495072903e+00
7.699914261217490719e+01,2.980486401102160343e+00
7.701914832809374900e+01,3.599538741102166206e+00
7.703915404401257661e+01,2.631448552499106697e+00
7.705915975993141842e+01,2.186879444018838825e+00
7.707916547585024603e+01,3.166548299382106801e+00
7.709917119176907363e+01,2.623668178289012332e+00
7.711917690768791545e+01,3.222313610782111315e+00
7.713918262360674305e+01,3.653728862886801210e+00
7.715918833952558487e+01,2.865183268297522012e+00
7.717919405544441247e+01,2.672967820474411393e+00
7.719919977136325429e+01,2.800512009110304845e+00
7.721920548728208189e+01,3.476805118979533482e+00
7.723921120320092371e+01,2.504726915028637535e+00
7.725921691911975131e+01,3.563718394002206136e+00
7.727922263503859313e+01,3.910545413960899719e+00
7.729922835095742073e+01,3.505634573757867578e+00
7.731923406687624833e+01,3.221782622119820694e+00
7.733923978279509015e+01,3.695301144333575483e+00
7.735924549871391775e+01,4.021032670537785236e+00
7.737925121463275957e+01,4.575682476571147461e+00
7.739925693055158717e+01,3.714299246187947823e+00
7.741926264647042899e+01,4.852408727425657986e+00
7.743926836238925659e+01,4.929592607818881866e+00
7.745927407830809841e+01,4.110018833324030396e+00
7.747927979422692601e+01,4.008943716575298133e+00
7.749928551014575362e+01,4.604166501630923669e+00
7.751929122606459543e+01,5.565123689944753593e+00
7.753929694198342304e+01,5.281438096669164750e+00
7.755930265790226485e+01,4.371501579631426715e+00
7.757930837382109246e+01,5.096318180439014967e+00
7.759931408973993427e+01,5.282082232118517240e+00
7.761931980565876188e+01,5.750876509356000810e+00
7.763932552157760369e+01,6.346773895250181319e+00
7.765933123749643130e+01,5.666603254476803464e+00
7.767933695341525890e+01,6.220514109644478040e+00
7.769934266933410072e+01,5.861788084254019537e+00
7.771934838525292832e+01,5.993826706086499811e+00
7.773935410117177014e+01,6.901405893711956452e+00
7.775935981709059774e+01,6.770252779619335470e+00
7.777936553300943956e+01,7.362607603092120812e+00
7.779937124892826716e+01,7.633926947309896960e+00
7.781937696484710898e+01,6.716226869800751231e+00
7.783938268076593658e+01,6.934389081397930532e+00
7.785938839668476419e+01,7.240436233583944059e+00
7.787939411260360600e+01,8.037813781730337226e+00
7.789939982852243361e+01,7.559066705759335036e+00
7.791940554444127542e+01,7.356739551242899466e+00
7.793941126036010303e+01,8.386884512909352551e+00
7.795941697627894484e+01,7.849491600509997724e+00
7.797942269219777245e+01,7.524979187617038434e+00
7.799942840811661426e+01,7.344991743069954282e+00
7.801943412403544187e+01,8.155895978710164584e+00
7.803943983995426947e+01,8.046569147556843049e+00
7.805944555587311129e+01,7.135715886324209833e+00
7.807945127179193889e+01,7.296006744056015236e+00
7.809945698771078071e+01,7.209867049386954108e+00
7.811946270362960831e+01,6.437001221849608434e+00
7.813946841954845013e+01,6.547676290051959391e+00
7.815947413546727773e+01,5.931744392237694896e+00
7.817947985138611955e+01,5.631069341580069221e+00
7.819948556730494715e+01,5.916128997622882579e+00
7.821949128322378897e+01,5.556917253254638922e+00
7.823949699914261657e+01,4.999257768781196987e+00
7.825950271506144418e+01,5.818664888818697811e+00
7.827950843098028599e+01,4.698636268448054487e+00
7.829951414689911360e+01,4.245442838086065152e+00
7.831951986281795541e+01,5.410428778938290328e+00
7.833952557873678302e+01,4.007657561391407164e+00
7.835953129465562483e+01,3.680932998259683231e+00
7.837953701057445244e+01,4.495870330262075498e+00
7.839954272649329425e+01,4.466505140815633546e+00
7.841954844241212186e+01,4.590750331130916351e+00
7.843955415833094946e+01,3.475216299946114695e+00
7.845955987424979128e+01,3.719153126488608407e+00
7.847956559016861888e+01,3.773303354120729480e+00
7.849957130608746070e+01,3.893534644872867823e+00
7.851957702200628830e+01,3.914034731352159735e+00
7.853958273792513012e+01,3.172407624071082566e+00
7.855958845384395772e+01,3.261085453944177814e+00
7.857959416976279954e+01,3.577840389434700619e+00
7.859959988568162714e+01,3.379918644529248617e+00
7.861960560160045475e+01,3.102978647247781385e+00
7.863961131751929656e+01,3.360360569396361186e+00
7.865961703343812417e+01,3.037602168914428802e+00
7.867962274935696598e+01,2.699611152831079774e+00
7.869962846527579359e+01,2.578176647938708932e+00
7.871963418119463540e+01,3.125204800529004956e+00
7.873963989711346301e+01,2.850075333575021297e+00
7.875964561303230482e+01,3.225197086138257063e+00
7.877965132895113243e+01,2.959360455013496427e+00
7.879965704486996003e+01,3.441289414198532626e+00
7.881966276078880185e+01,2.540347870843056022e+00
7.883966847670762945e+01,3.326612083535830600e+00
7.885967419262647127e+01,3.168628686223552648e+00
7.887967990854529887e+01,3.762027156531841054e+00
7.889968562446414069e+01,3.231753476597350350e+00
7.891969134038296829e+01,3.545267415388260179e+00
7.893969705630181011e+01,3.485340750060013981e+00
7.895970277222063771e+01,3.117227544313070808e+00
7.897970848813946532e+01,3.249692689439741322e+00
7.899971420405830713e+01,3.195067046105629416e+00
7.901971991997713474e+01,3.478840759305544594e+00
7.903972563589597655e+01,3.076546103215227035e+00
7.905973135181480416e+01,3.531096305753860243e+00
7.907973706773364597e+01,3.642438434428756810e+00
7.909974278365247358e+01,3.878331025456490444e+00
7.911974849957131539e+01,3.627957137000322074e+00
7.913975421549014300e+01,3.775508151057759498e+00
7.915975993140898481e+01,3.322058805769734668e+00
7.917976564732781242e+01,3.430320570806618896e+00
7.919977136324664002e+01,2.711091004823224182e+00
7.921977707916548184e+01,2.782183218696699267e+00
7.923978279508430944e+01,3.447143218508045059e+00
7.925978851100315126e+01,3.426375551778398254e+00
7.927979422692197886e+01,3.597132606149279432e+00
7.929979994284082068e+01,2.660663051543903368e+00
7.931980565875964828e+01,3.230844734369746618e+00
7.933981137467849010e+01,3.420721131323094522e+00
7.935981709059731770e+01,3.286052608074611747e+00
7.937982280651614531e+01,3.044016929397034055e+00
7.939982852243498712e+01,3.104170664913425526e+00
7.941983423835381473e+01,2.706053291488140999e+00
7.943983995427265654e+01,3.240787566227776750e+00
7.945984567019148415e+01,3.390671433896230269e+00
7.947985138611032596e+01,2.414611740416520824e+00
7.949985710202915357e+01,3.310070091840890960e+00
7.951986281794799538e+01,2.774076932670159756e+00
7.953986853386682299e+01,2.950859964082822362e+00
7.955987424978565059e+01,3.031769910454188643e+00
7.957987996570449241e+01,2.576483617482067778e+00
7.959988568162332001e+01,3.730135293800085350e+00
7.961989139754216183e+01,3.141778890039281791e+00
7.963989711346098943e+01,3.616770144200676107e+00
7.965990282937983125e+01,3.285248992708294846e+00
7.967990854529865885e+01,3.079365984198263906e+00
7.969991426121750067e+01,3.497400163764537773e+00
7.971991997713632827e+01,4.012995120165366636e+00
7.973992569305515588e+01,3.265905514015562616e+00
7.975993140897399769e+01,3.003965702692615203e+00
7.977993712489282530e+01,3.389126021599782490e+00
7.979994284081166711e+01,3.327906853183529634e+00
7.981994855673049472e+01,2.933653831886868346e+00
7.983995427264933653e+01,3.608384468194047567e+00
7.985995998856816414e+01,4.040208412942725147e+00
7.987996570448700595e+01,4.252210699293772933e+00
7.989997142040583356e+01,4.039391500508618726e+00
7.991997713632466116e+01,3.829969727792711609e+00
7.993998285224350298e+01,3.941699033949236597e+00
7.995998856816233058e+01,3.536703876435236538e+00
7.997999428408117240e+01,2.954976116596014890e+00
8.000000000000000000e+01,2.519131946873914174e+00
