angle,intensity
1.000000000000000000e+01,3.610107172058843350e+00
1.002000571591883471e+01,2.948518351335253307e+00
1.004001143183766764e+01,3.648158998337732495e+00
1.006001714775650235e+01,3.420813874292787826e+00
1.008002286367533529e+01,4.183015116291646684e+00
1.010002857959417000e+01,4.015089672596571901e+00
1.012003429551300293e+01,2.909918457150232562e+00
1.014004001143183764e+01,2.891494656419872467e+00
1.016004572735067235e+01,3.118140304644103633e+00
1.018005144326950528e+01,3.895961281632722262e+00
1.020005715918833999e+01,2.775065438157795050e+00
1.022006287510717293e+01,3.552597504734699818e+00
1.024006859102600764e+01,2.705989969050839328e+00
1.026007430694484057e+01,4.012439929826895124e+00
1.028008002286367528e+01,3.330924307529083972e+00
1.030008573878250999e+01,3.597658348804223305e+00
1.032009145470134293e+01,3.825038097441857410e+00
1.034009717062017764e+01,3.799134309435164170e+00
1.036010288653901057e+01,2.977604520293878565e+00
1.038010860245784528e+01,3.278268676574479734e+00
1.040011431837667999e+01,3.877848190864456868e+00
1.042012003429551292e+01,3.688878983118020205e+00
1.044012575021434763e+01,3.380315379323155067e+00
1.046013146613318057e+01,3.996349969047855666e+00
1.048013718205201528e+01,3.577537060816895487e+00
1.050014289797084821e+01,3.330774840791360880e+00
1.052014861388968292e+01,2.815572392749983166e+00
1.054015432980851585e+01,3.882908658859320461e+00
1.056016004572735056e+01,3.893177443025429341e+00
1.058016576164618527e+01,3.121821721195662036e+00
1.060017147756501821e+01,3.387326638136228585e+00
1.062017719348385292e+01,3.516309811933342466e+00
1.064018290940268585e+01,3.539670446743059085e+00
1.066018862532152056e+01,3.600248224112331474e+00
1.068019434124035527e+01,3.219030929441808908e+00
1.070020005715918820e+01,3.277930759867144772e+00
1.072020577307802292e+01,4.176189205492788048e+00
1.074021148899685585e+01,4.034982738871986108e+00
1.076021720491569056e+01,3.339445616394568273e+00
1.078022292083452349e+01,3.160751548484299178e+00
1.080022863675335820e+01,3.315966616751219842e+00
1.082023435267219291e+01,3.386745427086970128e+00
1.084024006859102585e+01,3.009000022989274825e+00
1.086024578450986056e+01,3.658621403673181227e+00
1.088025150042869349e+01,3.237877184772791406e+00
1.090025721634752820e+01,3.917639778295626929e+00
1.092026293226636113e+01,3.607529807598928162e+00
1.094026864818519584e+01,4.128622319081904912e+00
1.096027436410403055e+01,3.043842135294458462e+00
1.098028008002286349e+01,3.904123777288025288e+00
1.100028579594169820e+01,3.520677665246843002e+00
1.102029151186053113e+01,3.517765973298770277e+00
1.104029722777936584e+01,3.768906418794737867e+00
1.106030294369819877e+01,2.790667865510582768e+00
1.108030865961703348e+01,4.389018549478901576e+00
1.110031437553586819e+01,2.913343764882715625e+00
1.112032009145470113e+01,3.667728909656001957e+00
1.114032580737353584e+01,3.946991430915903099e+00
1.116033152329236877e+01,3.310387052794479423e+00
1.118033723921120348e+01,3.327293793503214747e+00
1.120034295513003642e+01,3.159363232759204720e+00
1.122034867104887113e+01,3.527235274448960567e+00
1.124035438696770584e+01,4.243604937991791282e+00
1.126036010288653877e+01,3.508081296172465890e+00
1.128036581880537348e+01,3.825018685598516210e+00
1.130037153472420641e+01,3.352734159436555839e+00
1.132037725064304112e+01,3.128026860309684576e+00
1.134038296656187583e+01,3.304143079435322150e+00
1.136038868248070877e+01,3.051532254787101550e+00
1.138039439839954348e+01,4.595261118638948261e+00
1.140040011431837641e+01,4.516973234164470163e+00
1.142040583023721112e+01,3.782544571105028730e+00
1.144041154615604405e+01,4.286459170292230780e+00
1.146041726207487876e+01,4.215939580793784280e+00
1.148042297799371170e+01,3.557497472762480406e+00
1.150042869391254641e+01,4.164930194198658953e+00
1.152043440983138112e+01,4.514929159683481075e+00
1.154044012575021405e+01,4.345999803012608353e+00
1.156044584166904876e+01,4.014697064779019442e+00
1.158045155758788169e+01,3.874135268480940475e+00
1.160045727350671640e+01,4.261131066849058513e+00
1.162046298942555111e+01,3.785469336641064331e+00
1.164046870534438405e+01,4.087666983252367103e+00
1.166047442126321876e+01,3.910219240072724478e+00
1.168048013718205169e+01,4.072527325900127337e+00
1.170048585310088640e+01,4.913199707066075561e+00
1.172049156901971934e+01,3.923064049332066539e+00
1.174049728493855405e+01,4.194201203455982352e+00
1.176050300085738698e+01,4.042532090165133596e+00
1.178050871677622169e+01,4.108106138217238801e+00
1.180051443269505640e+01,4.077986508345716743e+00
1.182052014861388933e+01,4.080131707821382570e+00
1.184052586453272404e+01,4.282857035964678261e+00
1.186053158045155698e+01,3.438867717344912922e+00
1.188053729637039169e+01,3.797493973369935993e+00
1.190054301228922640e+01,3.766441777160955517e+00
1.192054872820805933e+01,4.986795755342600778e+00
1.194055444412689404e+01,4.712932279007553404e+00
1.196056016004572697e+01,3.989505055279471080e+00
1.198056587596456168e+01,3.638114260162246261e+00
1.200057159188339639e+01,4.479575864593806855e+00
1.202057730780222933e+01,4.900849519145072719e+00
1.204058302372106226e+01,4.907240402189752437e+00
1.206058873963989697e+01,3.970004176688006758e+00
1.208059445555873168e+01,5.024153339693677722e+00
1.210060017147756461e+01,4.495889354906796420e+00
1.212060588739639932e+01,5.039620948016818147e+00
1.214061160331523226e+01,4.859661947385163216e+00
1.216061731923406697e+01,5.197891911058690972e+00
1.218062303515290168e+01,5.232986883654191956e+00
1.220062875107173461e+01,4.769572297184694776e+00
1.222063446699056932e+01,4.892487488112196914e+00
1.224064018290940226e+01,3.877676382074648043e+00
1.226064589882823697e+01,5.139921431068736446e+00
1.228065161474707168e+01,4.206742715966002244e+00
1.230065733066590461e+01,4.506602360089392079e+00
1.232066304658473754e+01,4.174258617017970963e+00
1.234066876250357225e+01,5.044022571637126973e+00
1.236067447842240696e+01,5.785701248186372325e+00
1.238068019434123990e+01,5.390104379513254607e+00
1.240068591026007461e+01,4.702693463217747727e+00
1.242069162617890754e+01,5.108482109158742901e+00
1.244069734209774225e+01,4.631111373118515395e+00
1.246070305801657696e+01,5.383698741800954757e+00
1.248070877393540989e+01,5.314634722275763501e+00
1.250071448985424460e+01,4.579567759256160997e+00
1.252072020577307754e+01,5.505289496127204529e+00
1.254072592169191225e+01,5.070600239214492433e+00
1.256073163761074696e+01,5.065299601267843066e+00
1.258073735352957989e+01,6.012303544739555861e+00
1.260074306944841460e+01,5.581042259250466486e+00
1.262074878536724754e+01,5.060701018020210995e+00
1.264075450128608225e+01,5.530617592566338558e+00
1.266076021720491518e+01,5.141097771240922931e+00
1.268076593312374989e+01,5.685647613567799574e+00
1.270077164904258282e+01,6.326110598929825635e+00
1.272077736496141753e+01,6.073715784024274811e+00
1.274078308088025224e+01,5.699100777830230058e+00
1.276078879679908518e+01,5.458048993522570669e+00
1.278079451271791989e+01,5.403236042118521709e+00
1.280080022863675282e+01,6.030015226674194651e+00
1.282080594455558753e+01,6.343678040698120135e+00
1.284081166047442224e+01,5.327860970771888915e+00
1.286081737639325517e+01,6.784682781093168913e+00
1.288082309231208988e+01,6.727246572840880567e+00
1.290082880823092282e+01,5.826301054250219380e+00
1.292083452414975753e+01,6.321868506640932139e+00
1.294084024006859224e+01,6.453714511668855458e+00
1.296084595598742517e+01,6.469794085109262127e+00
1.298085167190625810e+01,6.018876570023676820e+00
1.300085738782509281e+01,6.612212247619385863e+00
1.302086310374392752e+01,6.454350981151034006e+00
1.304086881966276046e+01,7.116991422670097656e+00
1.306087453558159517e+01,6.700966156077763358e+00
1.308088025150042810e+01,6.519464428349581731e+00
1.310088596741926281e+01,6.185584492920265909e+00
1.312089168333809752e+01,6.918710833200175436e+00
1.314089739925693046e+01,7.577420113943784230e+00
1.316090311517576517e+01,6.642455969212550215e+00
1.318090883109459810e+01,6.738745635983597104e+00
1.320091454701343281e+01,7.154236897909880710e+00
1.322092026293226752e+01,7.930099480857202288e+00
1.324092597885110045e+01,6.968301424855086523e+00
1.326093169476993339e+01,7.775098283895935936e+00
1.328093741068876810e+01,7.054711225834691568e+00
1.330094312660760281e+01,7.091933007513786080e+00
1.332094884252643574e+01,7.773619529949234774e+00
1.334095455844527045e+01,7.639247732324705886e+00
1.336096027436410338e+01,6.563732626442218887e+00
1.338096599028293809e+01,7.903487070710022877e+00
1.340097170620177280e+01,6.995975285279702582e+00
1.342097742212060574e+01,6.766050683007776456e+00
1.344098313803944045e+01,7.938806824120280936e+00
1.346098885395827338e+01,7.271299994101629416e+00
1.348099456987710809e+01,6.621307787988653715e+00
1.350100028579594280e+01,7.506836027334887085e+00
1.352100600171477573e+01,6.760190332373582578e+00
1.354101171763361044e+01,6.755535574600280313e+00
1.356101743355244338e+01,6.366101384555985732e+00
1.358102314947127809e+01,7.716986051628404120e+00
1.360102886539011102e+01,7.377479103005887495e+00
1.362103458130894573e+01,6.738522286236294789e+00
1.364104029722777867e+01,6.677219467357558003e+00
1.366104601314661338e+01,6.510993885072632104e+00
1.368105172906544809e+01,6.149479630075520120e+00
1.370105744498428102e+01,5.982815624573921021e+00
1.372106316090311573e+01,6.008068205464209832e+00
1.374106887682194866e+01,6.172847158943851831e+00
1.376107459274078337e+01,5.139200845630388592e+00
1.378108030865961808e+01,5.252671139404073486e+00
1.380108602457845102e+01,5.421340862151520668e+00
1.382109174049728573e+01,5.104131245789526261e+00
1.384109745641611866e+01,4.429740001024164542e+00
1.386110317233495337e+01,4.448456950488118622e+00
1.388110888825378808e+01,5.207025561354400978e+00
1.390111460417262101e+01,5.331056059285545601e+00
1.392112032009145395e+01,4.322552945374203759e+00
1.394112603601028866e+01,4.609592177474135966e+00
1.396113175192912337e+01,4.759950921712604810e+00
1.398113746784795630e+01,5.059856639368164544e+00
1.400114318376679101e+01,4.936964716172113299e+00
1.402114889968562395e+01,4.600913869106049603e+00
1.404115461560445866e+01,4.569238644130567906e+00
1.406116033152329337e+01,5.118667311055229874e+00
1.408116604744212630e+01,4.786423166739194102e+00
1.410117176336095923e+01,3.904734431483203760e+00
1.412117747927979394e+01,4.641154731198023242e+00
1.414118319519862865e+01,4.596483718809813546e+00
1.416118891111746336e+01,4.433640373958268377e+00
1.418119462703629630e+01,3.841408123804168184e+00
1.420120034295512923e+01,3.825862431498673111e+00
1.422120605887396394e+01,4.444655122281054638e+00
1.424121177479279865e+01,4.876219666360046112e+00
1.426121749071163336e+01,4.625463906731994257e+00
1.428122320663046629e+01,4.391206596534816597e+00
1.430122892254929923e+01,3.225201026167023421e+00
1.432123463846813394e+01,3.344528494886953141e+00
1.434124035438696865e+01,4.284170143132060460e+00
1.436124607030580158e+01,4.406936110484409141e+00
1.438125178622463629e+01,4.334896980114695708e+00
1.440125750214346922e+01,3.325269411125399976e+00
1.442126321806230393e+01,3.673382234807379021e+00
1.444126893398113864e+01,3.264677180013075830e+00
1.446127464989997158e+01,3.090731467290871670e+00
1.448128036581880451e+01,3.651826876925962750e+00
1.450128608173763922e+01,4.083759657638009521e+00
1.452129179765647393e+01,3.173723381387694165e+00
1.454129751357530864e+01,4.018760535777171405e+00
1.456130322949414158e+01,3.293635036149388462e+00
1.458130894541297451e+01,3.823598036204272077e+00
1.460131466133180922e+01,3.820182377606839985e+00
1.462132037725064393e+01,4.157512463226423982e+00
1.464132609316947686e+01,3.689835072944712913e+00
1.466133180908831157e+01,3.456545664218158453e+00
1.468133752500714451e+01,3.122383798135759836e+00
1.470134324092597922e+01,4.062443989934281241e+00
1.472134895684481393e+01,4.161499051242582681e+00
1.474135467276364686e+01,3.385816378901034263e+00
1.476136038868247979e+01,3.780271145102476638e+00
1.478136610460131450e+01,3.909824008262175354e+00
1.480137182052014921e+01,3.982959640030832471e+00
1.482137753643898392e+01,4.472323685591718778e+00
1.484138325235781686e+01,3.336807751424579305e+00
1.486138896827664979e+01,3.243708658191862160e+00
1.488139468419548450e+01,2.841789317909950263e+00
1.490140040011431921e+01,3.393577549716141561e+00
1.492140611603315392e+01,3.728009530409649663e+00
1.494141183195198685e+01,3.082747760007833904e+00
1.496141754787081979e+01,4.111222398881837492e+00
1.498142326378965450e+01,4.147623442909257108e+00
1.500142897970848921e+01,4.164782097702128816e+00
1.502143469562732214e+01,4.269452754829313967e+00
1.504144041154615508e+01,3.897847585740828347e+00
1.506144612746498979e+01,3.742628803207409760e+00
1.508145184338382450e+01,3.605633241899379726e+00
1.510145755930265921e+01,3.424655754215250703e+00
1.512146327522149214e+01,3.192444828349653818e+00
1.514146899114032507e+01,3.497097206949988824e+00
1.516147470705915978e+01,3.049843520751002401e+00
1.518148042297799449e+01,3.489251615785593952e+00
1.520148613889682920e+01,2.825230216416572127e+00
1.522149185481566214e+01,3.659340144261750360e+00
1.524149757073449507e+01,4.218842360597817809e+00
1.526150328665332978e+01,3.443474653136989971e+00
1.528150900257216449e+01,4.010716354737615674e+00
1.530151471849099742e+01,4.073987231849145907e+00
1.532152043440983036e+01,4.234024221740467553e+00
1.534152615032866507e+01,3.539847042963841339e+00
1.536153186624749978e+01,3.129110050077478444e+00
1.538153758216633449e+01,4.182856789048145174e+00
1.540154329808516742e+01,2.812420506185998370e+00
1.542154901400400036e+01,3.618922649006480974e+00
1.544155472992283507e+01,3.948521201838791850e+00
1.546156044584166978e+01,4.097845394490448712e+00
1.548156616176050449e+01,3.841223040434579072e+00
1.550157187767933742e+01,3.133380986790599287e+00
1.552157759359817035e+01,3.182843956988432588e+00
1.554158330951700506e+01,3.356337015985449312e+00
1.556158902543583977e+01,2.809137871349784099e+00
1.558159474135467271e+01,3.532393889625155659e+00
1.560160045727350742e+01,3.089823785115097365e+00
1.562160617319234035e+01,3.823165459006575340e+00
1.564161188911117506e+01,3.123878958362031000e+00
1.566161760503000977e+01,3.888554448887695969e+00
1.568162332094884270e+01,3.444188032400960608e+00
1.570162903686767564e+01,3.635946398844191130e+00
1.572163475278651035e+01,3.334850499030586946e+00
1.574164046870534506e+01,2.809635772144008392e+00
1.576164618462417977e+01,4.395178596607184573e+00
1.578165190054301270e+01,3.561184524523023587e+00
1.580165761646184563e+01,2.725696614980618548e+00
1.582166333238068034e+01,4.192189733798629803e+00
1.584166904829951505e+01,4.108403039945176971e+00
1.586167476421834799e+01,3.675163260286808509e+00
1.588168048013718270e+01,3.596777815775470621e+00
1.590168619605601563e+01,2.947984170569541540e+00
1.592169191197485034e+01,4.187427207148111563e+00
1.594169762789368505e+01,3.106859927965334389e+00
1.596170334381251799e+01,3.522296242282667578e+00
1.598170905973135092e+01,3.788740939193624868e+00
1.600171477565018563e+01,3.177785572002919778e+00
1.602172049156902034e+01,4.035165900799277061e+00
1.604172620748785505e+01,3.629054926086776156e+00
1.606173192340668976e+01,3.330327734042358490e+00
1.608173763932552092e+01,4.112978600414130881e+00
1.610174335524435563e+01,4.012426961743553733e+00
1.612174907116319034e+01,3.736515587347167155e+00
1.614175478708202505e+01,3.206524161552297691e+00
1.616176050300085620e+01,3.521411188536855974e+00
1.618176621891969091e+01,2.960124756040566574e+00
1.620177193483852562e+01,3.964018655400876057e+00
1.622177765075736033e+01,2.843468504092490079e+00
1.624178336667619504e+01,3.764380821370254537e+00
1.626178908259502620e+01,3.244581295600206694e+00
1.628179479851386091e+01,4.071128580814903586e+00
1.630180051443269562e+01,3.584419852055865441e+00
1.632180623035153033e+01,3.443703165628392515e+00
1.634181194627036149e+01,3.490413478257398339e+00
1.636181766218919620e+01,3.826587023809606691e+00
1.638182337810803091e+01,4.367274099833092116e+00
1.640182909402686562e+01,3.756108215157921038e+00
1.642183480994570033e+01,3.964897958486086615e+00
1.644184052586453504e+01,3.518232466554815918e+00
1.646184624178336620e+01,3.712157502489698224e+00
1.648185195770220091e+01,3.874498526585025360e+00
1.650185767362103562e+01,3.535613331459586561e+00
1.652186338953986677e+01,4.122922056844002370e+00
1.654186910545870148e+01,3.504782866581434675e+00
1.656187482137753619e+01,4.556598044446703355e+00
1.658188053729637090e+01,3.431898856009883758e+00
1.660188625321520561e+01,4.433232351255131931e+00
1.662189196913404032e+01,3.599148577137485816e+00
1.664189768505287148e+01,3.828721778674176512e+00
1.666190340097170619e+01,3.877407212099309497e+00
1.668190911689054090e+01,4.281153155915844444e+00
1.670191483280937561e+01,3.637176066405291230e+00
1.672192054872820677e+01,3.521794213986528810e+00
1.674192626464704148e+01,3.404475717665676804e+00
1.676193198056587619e+01,4.028474662636947201e+00
1.678193769648471090e+01,3.626906934156870932e+00
1.680194341240354561e+01,3.781398327723497488e+00
1.682194912832238032e+01,3.619730871667298899e+00
1.684195484424121148e+01,3.462438275464949200e+00
1.686196056016004619e+01,3.557913007309988274e+00
1.688196627607888090e+01,3.896769635201672521e+00
1.690197199199771205e+01,3.791239341565511900e+00
1.692197770791654676e+01,4.060163512314675316e+00
1.694198342383538147e+01,3.432933115674878799e+00
1.696198913975421618e+01,3.789019723514416071e+00
1.698199485567305089e+01,3.965524237864630486e+00
1.700200057159188560e+01,3.787755030325778982e+00
1.702200628751071676e+01,3.288711706101156373e+00
1.704201200342955147e+01,4.335976389376845042e+00
1.706201771934838618e+01,4.298523251998902062e+00
1.708202343526722089e+01,3.665388495774159150e+00
1.710202915118605205e+01,3.865387421455861450e+00
1.712203486710488676e+01,3.690677144495560391e+00
1.714204058302372147e+01,4.469005921232549916e+00
1.716204629894255618e+01,4.190652706546843298e+00
1.718205201486139089e+01,4.257369450410194212e+00
1.720205773078022204e+01,4.979954055593130313e+00
1.722206344669905675e+01,4.639070448307185401e+00
1.724206916261789146e+01,4.286162529216485773e+00
1.726207487853672617e+01,4.526013955612694595e+00
1.728208059445555733e+01,3.724328509988247049e+00
1.730208631037439204e+01,3.930464386354381112e+00
1.732209202629322675e+01,3.799963679763098234e+00
1.734209774221206146e+01,3.897066051513684570e+00
1.736210345813089617e+01,4.155757367615338538e+00
1.738210917404973088e+01,4.284761154144444362e+00
1.740211488996856204e+01,5.002395879862179484e+00
1.742212060588739675e+01,4.868048569785354829e+00
1.744212632180623146e+01,4.411113169672412404e+00
1.746213203772506262e+01,4.910188215414455826e+00
1.748213775364389733e+01,4.958266244761490249e+00
1.750214346956273204e+01,5.029580224098252117e+00
1.752214918548156675e+01,4.939571023261107641e+00
1.754215490140040146e+01,4.651127202924101312e+00
1.756216061731923617e+01,5.524385555898129851e+00
1.758216633323806732e+01,5.045262525125075115e+00
1.760217204915690203e+01,5.205489041982216847e+00
1.762217776507573674e+01,5.008631624069655786e+00
1.764218348099457145e+01,5.356541736488999561e+00
1.766218919691340261e+01,4.697146366398330386e+00
1.768219491283223732e+01,5.567417826602390818e+00
1.770220062875107203e+01,5.541915621101185074e+00
1.772220634466990674e+01,5.539906058912986708e+00
1.774221206058874145e+01,5.874805666112271396e+00
1.776221777650757616e+01,5.188636069473065326e+00
1.778222349242640732e+01,5.047602100503725708e+00
1.780222920834524203e+01,5.019262763985248732e+00
1.782223492426407674e+01,6.039356576262527199e+00
1.784224064018290790e+01,5.049819419372672868e+00
1.786224635610174261e+01,5.655960459049161670e+00
1.788225207202057732e+01,6.521578344030912078e+00
1.790225778793941203e+01,5.956214681721153426e+00
1.792226350385824674e+01,5.761697390000549035e+00
1.794226921977708145e+01,6.394505839043871376e+00
1.796227493569591260e+01,5.755049536041555669e+00
1.798228065161474731e+01,6.952072132432816076e+00
1.800228636753358202e+01,6.379399129020900006e+00
1.802229208345241318e+01,6.832416404815091937e+00
1.804229779937124789e+01,7.240784779630228485e+00
1.806230351529008260e+01,6.695591769630347301e+00
1.808230923120891731e+01,6.971645909317176759e+00
1.810231494712775202e+01,6.595987627337454029e+00
1.812232066304658673e+01,7.334932277710402460e+00
1.814232637896542144e+01,6.085770101294407652e+00
1.816233209488425260e+01,7.364398496234056068e+00
1.818233781080308731e+01,6.393468034811012224e+00
1.820234352672191847e+01,6.992569062409274672e+00
1.822234924264075318e+01,6.970600681831768952e+00
1.824235495855958789e+01,6.488026725167350683e+00
1.826236067447842260e+01,6.604122351223240983e+00
1.828236639039725731e+01,6.907196285050499540e+00
1.830237210631609202e+01,6.694526167847604903e+00
1.832237782223492673e+01,6.400557316620963277e+00
1.834238353815375788e+01,7.031457598064404735e+00
1.836238925407259259e+01,6.111506615467401815e+00
1.838239496999142730e+01,5.887439864256537980e+00
1.840240068591025846e+01,5.987130157161172583e+00
1.842240640182909317e+01,6.853143082036208256e+00
1.844241211774792788e+01,5.913025274487598182e+00
1.846241783366676259e+01,5.284225275061944060e+00
1.848242354958559730e+01,6.294396794429067299e+00
1.850242926550443201e+01,6.485581852591685958e+00
1.852243498142326672e+01,5.311815750886140997e+00
1.854244069734209788e+01,5.607018683669200421e+00
1.856244641326093259e+01,5.883805013999518607e+00
1.858245212917976374e+01,6.462700488196881032e+00
1.860245784509859845e+01,5.936749101158870445e+00
1.862246356101743316e+01,5.867793701321734723e+00
1.864246927693626787e+01,5.221806203970936977e+00
1.866247499285510258e+01,6.444555326926163730e+00
1.868248070877393729e+01,5.879829988544682529e+00
1.870248642469277200e+01,5.838337672030876391e+00
1.872249214061160316e+01,5.404476197083386779e+00
1.874249785653043787e+01,6.614048759204118610e+00
1.876250357244927258e+01,5.851734434511691063e+00
1.878250928836810374e+01,5.943642474529397646e+00
1.880251500428693845e+01,6.429415784823419244e+00
1.882252072020577316e+01,6.002310830889879156e+00
1.884252643612460787e+01,5.757687194598526403e+00
1.886253215204344258e+01,6.812254370004827031e+00
1.888253786796227729e+01,5.774962456989860549e+00
1.890254358388111200e+01,6.074669346250841429e+00
1.892254929979994316e+01,5.803770290467282322e+00
1.894255501571877787e+01,6.080230189237105343e+00
1.896256073163760902e+01,6.118955409246537691e+00
1.898256644755644373e+01,6.017166916071825966e+00
1.900257216347527844e+01,6.584524147207739375e+00
1.902257787939411315e+01,6.301871093684918712e+00
1.904258359531294786e+01,6.795375555443502691e+00
1.906258931123178257e+01,5.709525952154955064e+00
1.908259502715061728e+01,6.864548571684625955e+00
1.910260074306944844e+01,6.815629233942561704e+00
1.912260645898828315e+01,6.530253430960969219e+00
1.914261217490711431e+01,6.560315545836594708e+00
1.916261789082594902e+01,6.878451389603441157e+00
1.918262360674478373e+01,6.001140836534116119e+00
1.920262932266361844e+01,6.213793798608714170e+00
1.922263503858245315e+01,6.854905040207423639e+00
1.924264075450128786e+01,6.856385040943188791e+00
1.926264647042012257e+01,6.825493997081336417e+00
1.928265218633895373e+01,6.747202961510959440e+00
1.930265790225778844e+01,6.712001398586151524e+00
1.932266361817662315e+01,5.768630624015315789e+00
1.934266933409545430e+01,7.363841464419031091e+00
1.936267505001428901e+01,6.693196438096508771e+00
1.938268076593312372e+01,5.995471278984904728e+00
1.940268648185195843e+01,6.625959085927742187e+00
1.942269219777079314e+01,6.347008481068649566e+00
1.944269791368962785e+01,5.677027093939956082e+00
1.946270362960846256e+01,6.075611295987760840e+00
1.948270934552729372e+01,6.100665793275908300e+00
1.950271506144612843e+01,6.852423179015038279e+00
1.952272077736495959e+01,5.835920691649384651e+00
1.954272649328379430e+01,5.755914946232415730e+00
1.956273220920262901e+01,6.029931492304750229e+00
1.958273792512146372e+01,5.381525041874926529e+00
1.960274364104029843e+01,4.722568648459745333e+00
1.962274935695913314e+01,5.405689161297766887e+00
1.964275507287796785e+01,5.644643606871252217e+00
1.966276078879679901e+01,4.922603102347150816e+00
1.968276650471563372e+01,5.056539413513139181e+00
1.970277222063446487e+01,5.727639099002781009e+00
1.972277793655329958e+01,4.338398838717219874e+00
1.974278365247213429e+01,4.751909431258428462e+00
1.976278936839096900e+01,4.859955343110475390e+00
1.978279508430980371e+01,4.734934272466162497e+00
1.980280080022863842e+01,4.448067648020137987e+00
1.982280651614747313e+01,4.095913311545942292e+00
1.984281223206630784e+01,4.677813280645453986e+00
1.986281794798513900e+01,3.997531221973871673e+00
1.988282366390397371e+01,4.460032052554717907e+00
1.990282937982280487e+01,3.837526254650123203e+00
1.992283509574163958e+01,3.944074838367503055e+00
1.994284081166047429e+01,4.168594555390390255e+00
1.996284652757930900e+01,3.967912600366997111e+00
1.998285224349814371e+01,4.635667689986791018e+00
2.000285795941697842e+01,4.780627445201039549e+00
2.002286367533581313e+01,3.904798926841583473e+00
2.004286939125464428e+01,4.379399027776152309e+00
2.006287510717347899e+01,3.771745415485964426e+00
2.008288082309231015e+01,3.844148771407693843e+00
2.010288653901114486e+01,4.133740146309567542e+00
2.012289225492997957e+01,4.146849992202556123e+00
2.014289797084881428e+01,3.865492952074496724e+00
2.016290368676764899e+01,4.293905461170819393e+00
2.018290940268648370e+01,4.682736612845836532e+00
2.020291511860531841e+01,3.558418354472539846e+00
2.022292083452414957e+01,3.745723685423318461e+00
2.024292655044298428e+01,3.272549788066496212e+00
2.026293226636181899e+01,3.788870464926120007e+00
2.028293798228065015e+01,3.723337184201660044e+00
2.030294369819948486e+01,4.742487995209949680e+00
2.032294941411831957e+01,4.483464729296366968e+00
2.034295513003715428e+01,4.165643736055071322e+00
2.036296084595598899e+01,4.084245539129443436e+00
2.038296656187482370e+01,3.516980939688677310e+00
2.040297227779365841e+01,4.317684667665170117e+00
2.042297799371248956e+01,4.475957007511686570e+00
2.044298370963132427e+01,3.932323321447508402e+00
2.046298942555015543e+01,3.459626430242193074e+00
2.048299514146899014e+01,3.715725572609953176e+00
2.050300085738782485e+01,3.478475733941388093e+00
2.052300657330665956e+01,3.882732088822477223e+00
2.054301228922549427e+01,3.831886206380325177e+00
2.056301800514432898e+01,3.755969345968634521e+00
2.058302372106316369e+01,4.220126006581399025e+00
2.060302943698199485e+01,4.381728477518210596e+00
2.062303515290082956e+01,3.433782528703075876e+00
2.064304086881966072e+01,3.435200564225309172e+00
2.066304658473849543e+01,3.668020179420992122e+00
2.068305230065733014e+01,3.674230298721381516e+00
2.070305801657616485e+01,4.284947885744477603e+00
2.072306373249499956e+01,4.396225015963132421e+00
2.074306944841383427e+01,4.125151825366045522e+00
2.076307516433266898e+01,3.659778260248259585e+00
2.078308088025150369e+01,4.109562005016800690e+00
2.080308659617033484e+01,3.469273267598945942e+00
2.082309231208916955e+01,4.726514455837915740e+00
2.084309802800800071e+01,4.067769230310206652e+00
2.086310374392683542e+01,4.021953375187123925e+00
2.088310945984567013e+01,4.696409433127271882e+00
2.090311517576450484e+01,4.660662187672667933e+00
2.092312089168333955e+01,3.882203773514127931e+00
2.094312660760217426e+01,4.393388824007613103e+00
2.096313232352100897e+01,4.125460121486804965e+00
2.098313803943984013e+01,4.038507430796668629e+00
2.100314375535867484e+01,4.481185055539170570e+00
2.102314947127750600e+01,4.441099029316154301e+00
2.104315518719634071e+01,3.660427781475684039e+00
2.106316090311517542e+01,4.314446231219542405e+00
2.108316661903401013e+01,4.805896598272861198e+00
2.110317233495284484e+01,4.786978571759389567e+00
2.112317805087167955e+01,3.424165959745767651e+00
2.114318376679051426e+01,4.770357903876936589e+00
2.116318948270934541e+01,4.541302060445102207e+00
2.118319519862818012e+01,5.291329421865085259e+00
2.120320091454701483e+01,4.198619032625576786e+00
2.122320663046584599e+01,4.744865387791040057e+00
2.124321234638468070e+01,5.012097024246845223e+00
2.126321806230351541e+01,4.667309320361008318e+00
2.128322377822235012e+01,4.150424003001774942e+00
2.130322949414118483e+01,4.084752275392083298e+00
2.132323521006001954e+01,5.430231365206968697e+00
2.134324092597885425e+01,4.944598379534154375e+00
2.136324664189768541e+01,4.972411047608001233e+00
2.138325235781652012e+01,4.441692418733952152e+00
2.140325807373535127e+01,5.150134203046536463e+00
2.142326378965418598e+01,4.465365797678026993e+00
2.144326950557302069e+01,5.151478572907719489e+00
2.146327522149185540e+01,5.153256931281639197e+00
2.148328093741069011e+01,5.068046322385649560e+00
2.150328665332952482e+01,5.975715445819519189e+00
2.152329236924835953e+01,5.725031224286736276e+00
2.154329808516719069e+01,5.292304645542963648e+00
2.156330380108602540e+01,6.042638871771924158e+00
2.158330951700485656e+01,6.086474078670187637e+00
2.160331523292369127e+01,5.857874202315977996e+00
2.162332094884252598e+01,6.402276935924449575e+00
2.164332666476136069e+01,7.093736132140660899e+00
2.166333238068019540e+01,6.922557429040728572e+00
2.168333809659903011e+01,6.699532863407029915e+00
2.170334381251786482e+01,7.156749918614627504e+00
2.172334952843669598e+01,7.202688313503964324e+00
2.174335524435553069e+01,7.737073968339048591e+00
2.176336096027436540e+01,6.989801566701228985e+00
2.178336667619319655e+01,7.093117853188326549e+00
2.180337239211203126e+01,8.194041218087226852e+00
2.182337810803086597e+01,8.015951230515497627e+00
2.184338382394970068e+01,7.869811745133933556e+00
2.186338953986853539e+01,7.933230419604541339e+00
2.188339525578737010e+01,8.434403182585306524e+00
2.190340097170620481e+01,9.293253432232344124e+00
2.192340668762503597e+01,9.304678546791835814e+00
2.194341240354387068e+01,9.777804688434171609e+00
2.196341811946270184e+01,1.041069126786107901e+01
2.198342383538153655e+01,1.000592910898562948e+01
2.200342955130037126e+01,1.048586372762904873e+01
2.202343526721920597e+01,9.955888402045768970e+00
2.204344098313804068e+01,1.073433134231021313e+01
2.206344669905687539e+01,1.059141420110116627e+01
2.208345241497571010e+01,1.179194299312198169e+01
2.210345813089454126e+01,1.240426506426052455e+01
2.212346384681337597e+01,1.248055310952755370e+01
2.214346956273221068e+01,1.255950823504567992e+01
2.216347527865104183e+01,1.313413473181969948e+01
2.218348099456987654e+01,1.289460809186524770e+01
2.220348671048871125e+01,1.269760103929484174e+01
2.222349242640754596e+01,1.422370115963446047e+01
2.224349814232638067e+01,1.452211665891159775e+01
2.226350385824521538e+01,1.487112466452811788e+01
2.228350957416405009e+01,1.519447746116208542e+01
2.230351529008288125e+01,1.480547170018460790e+01
2.232352100600171596e+01,1.560627439229905455e+01
2.234352672192054712e+01,1.577237209026650611e+01
2.236353243783938183e+01,1.578013513426416026e+01
2.238353815375821654e+01,1.669694865241895343e+01
2.240354386967705125e+01,1.631088062488947088e+01
2.242354958559588596e+01,1.716986477004674683e+01
2.244355530151472067e+01,1.744948330562922578e+01
2.246356101743355538e+01,1.829733884625398588e+01
2.248356673335238654e+01,1.820082751182627945e+01
2.250357244927122125e+01,1.882973106724609380e+01
2.252357816519005240e+01,1.800755220546927760e+01
2.254358388110888711e+01,1.729554250249935876e+01
2.256358959702772182e+01,1.807407892989324694e+01
2.258359531294655653e+01,1.695842854390125609e+01
2.260360102886539124e+01,1.730303500103045167e+01
2.262360674478422595e+01,1.662067200331076222e+01
2.264361246070306066e+01,1.652066306096604364e+01
2.266361817662189182e+01,1.562087690541677176e+01
2.268362389254072653e+01,1.594230654542857906e+01
2.270362960845956124e+01,1.434755000072684084e+01
2.272363532437839240e+01,1.414523526270617637e+01
2.274364104029722711e+01,1.367565120949345392e+01
2.276364675621606182e+01,1.204930257416136463e+01
2.278365247213489653e+01,1.141474098122570524e+01
2.280365818805373124e+01,1.109921325975196282e+01
2.282366390397256595e+01,1.146422444411325081e+01
2.284366961989140066e+01,1.051153545625931685e+01
2.286367533581023181e+01,1.022667781944010201e+01
2.288368105172906652e+01,9.168892934636362568e+00
2.290368676764789768e+01,8.708066301878380600e+00
2.292369248356673239e+01,8.319693083166988856e+00
2.294369819948556710e+01,8.881937010744660910e+00
2.296370391540440181e+01,7.858027826589175646e+00
2.298370963132323652e+01,7.811434564067709196e+00
2.300371534724207123e+01,8.072609654193472650e+00
2.302372106316090594e+01,7.284634993164505801e+00
2.304372677907973710e+01,7.843665615196496965e+00
2.306373249499857181e+01,6.701837012265803750e+00
2.308373821091740652e+01,7.455356151022668243e+00
2.310374392683623768e+01,7.463276655070292698e+00
2.312374964275507239e+01,6.219865038040565786e+00
2.314375535867390710e+01,7.221514757541998897e+00
2.316376107459274181e+01,7.254615571064628732e+00
2.318376679051157652e+01,6.380257394959320649e+00
2.320377250643041123e+01,7.074438848749159625e+00
2.322377822234924594e+01,7.186347508891650193e+00
2.324378393826807709e+01,6.736205933006928603e+00
2.326378965418691180e+01,6.065028151346123941e+00
2.328379537010574296e+01,6.985240437464295127e+00
2.330380108602457767e+01,6.523363550055327309e+00
2.332380680194341238e+01,6.131339758449754207e+00
2.334381251786224709e+01,6.117126774325891247e+00
2.336381823378108180e+01,6.488570525193129157e+00
2.338382394969991651e+01,6.377744451731861552e+00
2.340382966561875122e+01,5.645438140172445607e+00
2.342383538153758238e+01,6.430421606755242436e+00
2.344384109745641709e+01,7.026067485011457059e+00
2.346384681337524825e+01,6.441919683525124896e+00
2.348385252929408296e+01,5.682473195332587323e+00
2.350385824521291767e+01,6.248475452614229653e+00
2.352386396113175238e+01,7.022349874001227121e+00
2.354386967705058709e+01,5.771902939037245162e+00
2.356387539296942180e+01,6.192776228447275599e+00
2.358388110888825651e+01,6.522201137069667531e+00
2.360388682480708766e+01,7.558538139871167516e+00
2.362389254072592237e+01,6.868561124714496202e+00
2.364389825664475708e+01,6.901074152010725271e+00
2.366390397256358824e+01,7.930979801779527882e+00
2.368390968848242295e+01,7.267326270320067394e+00
2.370391540440125766e+01,7.360223842223128088e+00
2.372392112032009237e+01,7.372909181621074559e+00
2.374392683623892708e+01,7.812539396179535522e+00
2.376393255215776179e+01,7.673678349489907902e+00
2.378393826807659650e+01,8.235009939113254518e+00
2.380394398399542766e+01,7.974506685654718652e+00
2.382394969991426237e+01,8.110407334541596569e+00
2.384395541583309353e+01,7.124704369123998404e+00
2.386396113175192824e+01,8.088327467466912779e+00
2.388396684767076295e+01,7.831315456482892401e+00
2.390397256358959766e+01,8.230802684487542820e+00
2.392397827950843237e+01,8.174357830390070134e+00
2.394398399542726708e+01,8.773060025903976822e+00
2.396398971134610179e+01,7.794849991153609992e+00
2.398399542726493294e+01,7.822448921215849005e+00
2.400400114318376765e+01,8.114267797249450354e+00
2.402400685910260236e+01,8.310113654339103206e+00
2.404401257502143352e+01,8.778023818996086192e+00
2.406401829094026823e+01,8.919941356066615867e+00
2.408402400685910294e+01,8.030192836953373714e+00
2.410402972277793765e+01,9.259243232948175972e+00
2.412403543869677236e+01,9.124995923302137157e+00
2.414404115461560707e+01,9.206527659433692889e+00
2.416404687053444178e+01,8.841440168544895783e+00
2.418405258645327294e+01,9.217709293233861345e+00
2.420405830237210765e+01,8.761032653992447905e+00
2.422406401829093880e+01,9.515515485955690522e+00
2.424406973420977351e+01,9.864589628318515935e+00
2.426407545012860822e+01,1.082232868016845195e+01
2.428408116604744293e+01,1.016327328920911910e+01
2.430408688196627764e+01,1.093985213220451769e+01
2.432409259788511235e+01,1.102026646084908812e+01
2.434409831380394706e+01,1.053257836552399240e+01
2.436410402972277822e+01,1.097725691485462107e+01
2.438410974564161293e+01,1.125984975435584623e+01
2.440411546156044409e+01,1.103455259664750621e+01
2.442412117747927880e+01,1.128591537679617218e+01
2.444412689339811351e+01,1.126351544131788707e+01
2.446413260931694822e+01,1.147082417231348472e+01
2.448413832523578293e+01,1.225519760939558722e+01
2.450414404115461764e+01,1.238840349050713385e+01
2.452414975707345235e+01,1.273699175839981379e+01
2.454415547299228351e+01,1.284065612022970093e+01
2.456416118891111822e+01,1.267136701190851156e+01
2.458416690482995293e+01,1.237904132675327595e+01
2.460417262074878408e+01,1.308942945969107541e+01
2.462417833666761879e+01,1.186846890755048989e+01
2.464418405258645350e+01,1.162361333631035798e+01
2.466418976850528821e+01,1.138972962988350268e+01
2.468419548442412292e+01,1.176717203137036449e+01
2.470420120034295763e+01,1.118852558775964923e+01
2.472420691626179234e+01,1.048230011641410186e+01
2.474421263218062350e+01,1.039690201977852979e+01
2.476421834809945821e+01,9.746237857282435968e+00
2.478422406401828937e+01,9.666641021567043524e+00
2.480422977993712408e+01,8.930471066025740257e+00
2.482423549585595879e+01,8.985440870330263508e+00
2.484424121177479350e+01,8.250432914152078467e+00
2.486424692769362821e+01,8.745103027662887385e+00
2.488425264361246292e+01,8.410836185557965194e+00
2.490425835953129763e+01,8.107066036335661252e+00
2.492426407545012879e+01,7.861761659557252813e+00
2.494426979136896350e+01,8.510671298071832425e+00
2.496427550728779821e+01,7.342055393848037070e+00
2.498428122320662936e+01,7.568638187839272113e+00
2.500428693912546407e+01,8.140109775303903561e+00
2.502429265504429878e+01,7.835132758396066599e+00
2.504429837096313349e+01,7.357024895364158823e+00
2.506430408688196820e+01,7.811433479084010756e+00
2.508430980280080291e+01,7.068093210402391691e+00
2.510431551871963762e+01,7.925874977471622174e+00
2.512432123463846878e+01,7.194589591651397775e+00
2.514432695055730349e+01,6.979738885646625590e+00
2.516433266647613465e+01,7.560319144356467902e+00
2.518433838239496936e+01,7.787631598796271426e+00
2.520434409831380407e+01,7.374363562206349698e+00
2.522434981423263878e+01,6.857864926992925270e+00
2.524435553015147349e+01,6.998643885578742285e+00
2.526436124607030820e+01,7.829857039457847279e+00
2.528436696198914291e+01,7.385497598129164842e+00
2.530437267790797407e+01,7.935163439170746180e+00
2.532437839382680878e+01,7.221827452300066064e+00
2.534438410974563993e+01,7.516727489683155738e+00
2.536438982566447464e+01,7.352286939357774997e+00
2.538439554158330935e+01,7.219657919942313207e+00
2.540440125750214406e+01,8.028429335970489689e+00
2.542440697342097877e+01,6.961033705971416019e+00
2.544441268933981348e+01,7.383107854579660234e+00
2.546441840525864819e+01,7.237470001361156591e+00
2.548442412117747935e+01,7.111025042485011660e+00
2.550442983709631406e+01,7.574630871242295171e+00
2.552443555301514877e+01,7.740037596836805811e+00
2.554444126893397993e+01,6.887737066536448793e+00
2.556444698485281464e+01,7.491837451098575684e+00
2.558445270077164935e+01,7.698513670758111438e+00
2.560445841669048406e+01,6.855592275522012002e+00
2.562446413260931877e+01,7.635229345916989985e+00
2.564446984852815348e+01,7.290136061206873741e+00
2.566447556444698819e+01,7.065310650596029696e+00
2.568448128036581934e+01,7.466246709424152250e+00
2.570448699628465405e+01,5.903041480151498099e+00
2.572449271220348521e+01,6.679477641272656641e+00
2.574449842812231992e+01,6.206326960132582116e+00
2.576450414404115463e+01,5.924299976076929930e+00
2.578450985995998934e+01,6.306855688727051046e+00
2.580451557587882405e+01,5.397253282893140991e+00
2.582452129179765876e+01,6.633476389267236151e+00
2.584452700771649347e+01,6.205001126218053997e+00
2.586453272363532463e+01,5.964894205212258882e+00
2.588453843955415934e+01,6.010106815340646946e+00
2.590454415547299405e+01,5.938972744217245747e+00
2.592454987139182521e+01,5.488844688078355460e+00
2.594455558731065992e+01,6.209979447507175010e+00
2.596456130322949463e+01,6.131269626829131347e+00
2.598456701914832934e+01,6.111016162743270641e+00
2.600457273506716405e+01,6.094765424805899556e+00
2.602457845098599520e+01,5.750432520963681071e+00
2.604458416690482991e+01,4.749507939650282395e+00
2.606458988282366462e+01,5.010875113677200510e+00
2.608459559874249933e+01,4.580318929997524435e+00
2.610460131466133404e+01,5.885626048923922049e+00
2.612460703058016520e+01,5.245577010847801702e+00
2.614461274649899991e+01,4.928174035307383960e+00
2.616461846241783462e+01,4.647516918995983737e+00
2.618462417833666933e+01,4.398223151056593672e+00
2.620462989425550404e+01,5.860686637234015173e+00
2.622463561017433520e+01,4.994393338604961485e+00
2.624464132609316991e+01,5.401295072590606594e+00
2.626464704201200462e+01,4.997784512022615644e+00
2.628465275793083933e+01,4.473626142071070788e+00
2.630465847384967049e+01,5.740026337641584320e+00
2.632466418976850520e+01,5.181115657777437100e+00
2.634466990568733991e+01,5.509262304284957779e+00
2.636467562160617462e+01,5.090479912098439641e+00
2.638468133752500933e+01,5.070659405702632405e+00
2.640468705344384048e+01,5.119594283146712499e+00
2.642469276936267519e+01,5.656937679546555131e+00
2.644469848528150990e+01,6.229929568177154486e+00
2.646470420120034461e+01,5.039178048695055701e+00
2.648470991711917932e+01,5.313171473140656076e+00
2.650471563303801048e+01,5.446314711512571627e+00
2.652472134895684519e+01,5.936259704883725341e+00
2.654472706487567990e+01,5.408857669881262709e+00
2.656473278079451461e+01,5.849537679269587898e+00
2.658473849671334932e+01,6.188897227246125787e+00
2.660474421263218048e+01,6.656299246036575745e+00
2.662474992855101519e+01,6.033614183992421331e+00
2.664475564446984990e+01,5.954715830300097323e+00
2.666476136038868461e+01,5.662318933704714397e+00
2.668476707630751577e+01,6.428514920452017556e+00
2.670477279222635048e+01,6.160613862984096301e+00
2.672477850814518519e+01,6.039257198627238310e+00
2.674478422406401990e+01,6.200889021686357694e+00
2.676478993998285461e+01,6.507322544386463292e+00
2.678479565590168576e+01,7.418820427511787052e+00
2.680480137182052047e+01,6.364053252351046908e+00
2.682480708773935518e+01,7.806547233233817273e+00
2.684481280365818989e+01,6.949988844978508773e+00
2.686481851957702460e+01,7.313821203333564114e+00
2.688482423549585576e+01,7.769443808360913195e+00
2.690482995141469047e+01,7.091171948171682615e+00
2.692483566733352518e+01,7.753792094649757161e+00
2.694484138325235989e+01,7.538443749120851578e+00
2.696484709917119105e+01,7.619722275140055956e+00
2.698485281509002576e+01,8.162445576043369400e+00
2.700485853100886047e+01,8.059715792558064251e+00
2.702486424692769518e+01,8.991760864269105369e+00
2.704486996284652989e+01,7.851361124931757196e+00
2.706487567876536104e+01,8.519989347965358562e+00
2.708488139468419575e+01,8.951600543207590022e+00
2.710488711060303046e+01,9.357892201182803404e+00
2.712489282652186517e+01,8.956544843241335485e+00
2.714489854244069988e+01,9.112678640723707701e+00
2.716490425835953104e+01,1.001416250604348690e+01
2.718490997427836575e+01,9.849163476577551535e+00
2.720491569019720046e+01,9.883594301075621757e+00
2.722492140611603517e+01,9.126521415703551909e+00
2.724492712203486633e+01,8.862177669946390779e+00
2.726493283795370104e+01,9.158624219419660761e+00
2.728493855387253575e+01,9.320043302840081978e+00
2.730494426979137046e+01,9.993339952392085834e+00
2.732494998571020517e+01,8.834893127164150428e+00
2.734495570162903633e+01,9.889923177361929163e+00
2.736496141754787104e+01,9.822968521438184553e+00
2.738496713346670575e+01,9.348175335093181104e+00
2.740497284938554046e+01,9.332620252338401201e+00
2.742497856530437517e+01,9.165227483347866411e+00
2.744498428122320632e+01,8.334553417928088237e+00
2.746498999714204103e+01,8.626328259014893973e+00
2.748499571306087574e+01,7.498560889524472195e+00
2.750500142897971045e+01,8.575362594957024243e+00
2.752500714489854516e+01,7.984783869143640800e+00
2.754501286081737632e+01,7.786168301543552772e+00
2.756501857673621103e+01,7.820158326593753984e+00
2.758502429265504574e+01,7.621935835078727628e+00
2.760503000857388045e+01,7.502932686058139566e+00
2.762503572449271161e+01,7.632828649224714823e+00
2.764504144041154632e+01,7.227796052191942877e+00
2.766504715633038103e+01,7.191413617086292120e+00
2.768505287224921574e+01,7.858209424575019142e+00
2.770505858816805045e+01,7.034974690885273496e+00
2.772506430408688161e+01,7.592017408431163794e+00
2.774507002000571632e+01,7.296710701794736131e+00
2.776507573592455103e+01,8.064323825653975319e+00
2.778508145184338574e+01,7.710310980923256174e+00
2.780508716776222045e+01,8.190114838951117804e+00
2.782509288368105160e+01,7.877251555797158744e+00
2.784509859959988631e+01,8.328330155481097563e+00
2.786510431551872102e+01,7.886595029060172735e+00
2.788511003143755573e+01,8.692210724962327717e+00
2.790511574735638689e+01,7.592596743016916783e+00
2.792512146327522160e+01,8.291987214731223688e+00
2.794512717919405631e+01,8.873735253054114480e+00
2.796513289511289102e+01,9.217351485626068097e+00
2.798513861103172573e+01,8.754628538701355822e+00
2.800514432695055689e+01,8.973395870478785952e+00
2.802515004286939160e+01,9.647908759829675773e+00
2.804515575878822631e+01,9.568441957698523126e+00
2.806516147470706102e+01,8.891344188950496275e+00
2.808516719062589573e+01,8.635186637108834162e+00
2.810517290654472689e+01,9.072955179875677345e+00
2.812517862246356160e+01,9.962971873684960400e+00
2.814518433838239631e+01,9.668790422277918850e+00
2.816519005430123102e+01,9.243228254490521323e+00
2.818519577022006217e+01,1.018188508259495606e+01
2.820520148613889688e+01,9.212026694591830989e+00
2.822520720205773159e+01,9.991358881926048596e+00
2.824521291797656630e+01,9.013690426608539141e+00
2.826521863389540101e+01,9.081488258186320550e+00
2.828522434981423217e+01,9.565611655478008402e+00
2.830523006573306688e+01,9.592645659465015129e+00
2.832523578165190159e+01,9.573874282604355912e+00
2.834524149757073630e+01,9.714478675434008892e+00
2.836524721348957101e+01,8.837847326015605631e+00
2.838525292940840217e+01,1.001386436000019664e+01
2.840525864532723688e+01,9.448635779308546034e+00
2.842526436124607159e+01,9.267342433726337703e+00
2.844527007716490630e+01,8.761692498745338398e+00
2.846527579308374101e+01,8.673296766443822747e+00
2.848528150900257216e+01,8.798431355000357001e+00
2.850528722492140687e+01,9.277112525575608615e+00
2.852529294084024158e+01,9.059428377085362527e+00
2.854529865675907629e+01,9.510787017001462118e+00
2.856530437267790745e+01,9.323562796125690610e+00
2.858531008859674216e+01,8.779767001163023110e+00
2.860531580451557687e+01,9.627940216492303804e+00
2.862532152043441158e+01,9.371751821761709067e+00
2.864532723635324629e+01,9.758011891751371181e+00
2.866533295227207745e+01,9.455733755471424473e+00
2.868533866819091216e+01,1.037368178076351555e+01
2.870534438410974687e+01,1.023413799011578362e+01
2.872535010002858158e+01,9.887978699432956375e+00
2.874535581594741629e+01,9.994346078954492896e+00
2.876536153186624745e+01,1.090023566198042282e+01
2.878536724778508216e+01,1.060462299663063490e+01
2.880537296370391687e+01,1.156205145479212781e+01
2.882537867962275158e+01,1.140681282888874293e+01
2.884538439554158273e+01,1.150675891617822444e+01
2.886539011146041744e+01,1.153036742465418207e+01
2.888539582737925215e+01,1.243381488289146830e+01
2.890540154329808686e+01,1.243497763337366280e+01
2.892540725921692157e+01,1.284226183158105705e+01
2.894541297513575273e+01,1.255362889787390657e+01
2.896541869105458744e+01,1.389267178866794694e+01
2.898542440697342215e+01,1.388169763860261696e+01
2.900543012289225686e+01,1.363762562848164528e+01
2.902543583881109157e+01,1.404442026612588634e+01
2.904544155472992273e+01,1.476395919323312000e+01
2.906544727064875744e+01,1.539155967401102032e+01
2.908545298656759215e+01,1.555015726308928592e+01
2.910545870248642686e+01,1.600340493973821054e+01
2.912546441840525802e+01,1.763909691339449282e+01
2.914547013432409273e+01,1.715302018915370752e+01
2.916547585024292744e+01,1.860527518297464766e+01
2.918548156616176215e+01,1.820297494120526949e+01
2.920548728208059686e+01,1.980983631136428968e+01
2.922549299799942801e+01,2.111051740472027305e+01
2.924549871391826272e+01,2.095474030014868561e+01
2.926550442983709743e+01,2.262607492553150479e+01
2.928551014575593214e+01,2.391745074883824529e+01
2.930551586167476685e+01,2.461771515266434207e+01
2.932552157759359801e+01,2.597871438999868943e+01
2.934552729351243272e+01,2.636152938631400744e+01
2.936553300943126743e+01,2.830726466543498532e+01
2.938553872535010214e+01,2.963353656142654557e+01
2.940554444126893330e+01,3.077776079960400324e+01
2.942555015718776801e+01,3.334485430226867209e+01
2.944555587310660272e+01,3.465629925847102299e+01
2.946556158902543743e+01,3.613624516434352074e+01
2.948556730494427214e+01,3.850440139889568059e+01
2.950557302086310330e+01,4.011305514901880542e+01
2.952557873678193801e+01,4.189733770442455807e+01
2.954558445270077272e+01,4.384275460155729576e+01
2.956559016861960743e+01,4.670084968006884907e+01
2.958559588453844214e+01,4.789929143512384258e+01
2.960560160045727329e+01,5.040069740229538553e+01
2.962560731637610800e+01,5.336009233934881024e+01
2.964561303229494271e+01,5.538436037842470228e+01
2.966561874821377742e+01,5.830759221828664352e+01
2.968562446413261213e+01,5.997720037861935793e+01
2.970563018005144329e+01,6.418402098080915152e+01
2.972563589597027800e+01,6.548234863670110428e+01
2.974564161188911271e+01,6.869053955618957730e+01
2.976564732780794742e+01,7.238137505075516742e+01
2.978565304372677858e+01,7.418323381594261434e+01
2.980565875964561329e+01,7.782963941275806974e+01
2.982566447556444800e+01,7.998606774549161003e+01
2.984567019148328271e+01,8.306759162838662292e+01
2.986567590740211742e+01,8.630854744436760484e+01
2.988568162332094857e+01,8.841669583441014879e+01
2.990568733923978328e+01,9.130661515068130996e+01
2.992569305515861799e+01,9.399276657386282352e+01
2.994569877107745270e+01,9.523518352089809014e+01
2.996570448699628741e+01,9.782963333534215167e+01
2.998571020291511857e+01,9.824174060116990859e+01
3.000571591883395328e+01,9.944526699574282702e+01
3.002572163475278799e+01,1.000000000000000000e+02
3.004572735067162270e+01,9.837499469637029392e+01
3.006573306659045386e+01,9.679815001219284909e+01
3.008573878250928857e+01,9.485544262375105973e+01
3.010574449842812328e+01,9.279862937105686171e+01
3.012575021434695799e+01,8.839149870958732436e+01
3.014575593026579270e+01,8.507092343624344721e+01
3.016576164618462386e+01,8.055878309978811558e+01
3.018576736210345857e+01,7.662059073393854192e+01
3.020577307802229328e+01,7.159726009328036866e+01
3.022577879394112799e+01,6.770630081392494048e+01
3.024578450985996270e+01,6.297849710124151557e+01
3.026579022577879385e+01,5.960883210884429673e+01
3.028579594169762856e+01,5.523083971634972755e+01
3.030580165761646327e+01,5.149243292678018236e+01
3.032580737353529798e+01,4.817001055401539844e+01
3.034581308945412914e+01,4.567391936308501244e+01
3.036581880537296385e+01,4.291969319410544159e+01
3.038582452129179856e+01,4.104111900905800780e+01
3.040583023721063327e+01,3.928313544900647969e+01
3.042583595312946798e+01,3.734512932634071092e+01
3.044584166904829914e+01,3.546332475494002523e+01
3.046584738496713385e+01,3.497844777780217385e+01
3.048585310088596856e+01,3.380743133291667135e+01
3.050585881680480327e+01,3.186327419458551802e+01
3.052586453272363798e+01,3.084430466260754145e+01
3.054587024864246914e+01,3.111341512801558196e+01
3.056587596456130385e+01,2.927767202841145178e+01
3.058588168048013856e+01,2.953888073116506519e+01
3.060588739639897327e+01,2.885846706439604148e+01
3.062589311231780798e+01,2.802188976366383955e+01
3.064589882823663913e+01,2.814885656932779057e+01
3.066590454415547384e+01,2.773168032218007539e+01
3.068591026007430855e+01,2.655166441157804869e+01
3.070591597599314326e+01,2.749664322919409898e+01
3.072592169191197442e+01,2.616684823587994657e+01
3.074592740783080913e+01,2.672163896641020386e+01
3.076593312374964384e+01,2.687825974594676737e+01
3.078593883966847855e+01,2.638344415530586318e+01
3.080594455558731326e+01,2.610612099286192134e+01
3.082595027150614442e+01,2.621933183290088820e+01
3.084595598742497913e+01,2.653715372630981761e+01
3.086596170334381384e+01,2.620814611977446162e+01
3.088596741926264855e+01,2.668184268448346330e+01
3.090597313518148326e+01,2.712241364252769671e+01
3.092597885110031442e+01,2.745728129763055136e+01
3.094598456701914913e+01,2.795328916186110391e+01
3.096599028293798384e+01,2.761493694936304522e+01
3.098599599885681855e+01,2.737886220972760754e+01
3.100600171477564970e+01,2.756055838678584990e+01
3.102600743069448441e+01,2.844239154491901189e+01
3.104601314661331912e+01,2.780149442661652159e+01
3.106601886253215383e+01,2.819400602480664730e+01
3.108602457845098854e+01,2.826140893447560387e+01
3.110603029436981970e+01,2.872736137603288142e+01
3.112603601028865441e+01,2.856950104921725853e+01
3.114604172620748912e+01,2.907733307420571123e+01
3.116604744212632383e+01,2.961204363454395150e+01
3.118605315804515854e+01,2.939153061727597560e+01
3.120605887396398970e+01,2.917721614559976118e+01
3.122606458988282441e+01,2.961307899261747423e+01
3.124607030580165912e+01,3.036166477427561361e+01
3.126607602172049383e+01,3.041321814990175199e+01
3.128608173763932498e+01,3.121713399236018205e+01
3.130608745355815969e+01,3.126311573995783633e+01
3.132609316947699440e+01,3.157653564706655303e+01
3.134609888539582911e+01,3.306596194514955300e+01
3.136610460131466382e+01,3.398972874622312190e+01
3.138611031723349498e+01,3.417807686113955867e+01
3.140611603315232969e+01,3.439988036935078242e+01
3.142612174907116440e+01,3.544219831984128888e+01
3.144612746498999911e+01,3.604968344845039496e+01
3.146613318090883382e+01,3.650376753748658132e+01
3.148613889682766498e+01,3.805058862951569409e+01
3.150614461274649969e+01,3.905253085688241299e+01
3.152615032866533440e+01,3.918043030224500001e+01
3.154615604458416911e+01,4.007605949247840016e+01
3.156616176050300382e+01,3.940396386084553626e+01
3.158616747642183498e+01,4.052833605051455379e+01
3.160617319234066969e+01,3.958131714455740990e+01
3.162617890825950440e+01,4.010818039145718217e+01
3.164618462417833911e+01,3.991666546532886173e+01
3.166619034009717026e+01,3.939453628860967882e+01
3.168619605601600497e+01,3.827811525941827142e+01
3.170620177193483968e+01,3.744792590796139109e+01
3.172620748785367439e+01,3.623360614344279895e+01
3.174621320377250910e+01,3.464704997678974507e+01
3.176621891969134026e+01,3.305619205987994746e+01
3.178622463561017497e+01,3.260741028431688449e+01
3.180623035152900968e+01,3.092494740004631382e+01
3.182623606744784439e+01,2.879905124060877242e+01
3.184624178336667910e+01,2.724356853023174097e+01
3.186624749928551026e+01,2.581110780678548622e+01
3.188625321520434497e+01,2.519485388013300664e+01
3.190625893112317968e+01,2.306985373949137141e+01
3.192626464704201439e+01,2.169647854191073222e+01
3.194627036296084555e+01,2.154604404772290849e+01
3.196627607887968026e+01,2.023370272461486508e+01
3.198628179479851497e+01,2.010928201586428443e+01
3.200628751071734968e+01,1.950482533754734504e+01
3.202629322663618439e+01,1.837294012754139416e+01
3.204629894255501199e+01,1.732578993505775244e+01
3.206630465847385381e+01,1.665231230849057908e+01
3.208631037439268141e+01,1.697755152309684590e+01
3.210631609031152323e+01,1.642057893375276478e+01
3.212632180623035083e+01,1.501255480175480983e+01
3.214632752214918554e+01,1.576885568746553901e+01
3.216633323806802025e+01,1.476628825974746206e+01
3.218633895398685496e+01,1.415252381755535893e+01
3.220634466990568967e+01,1.413154641549006918e+01
3.222635038582451728e+01,1.411403703884472094e+01
3.224635610174335909e+01,1.408046677583342010e+01
3.226636181766218670e+01,1.319516793694947232e+01
3.228636753358102851e+01,1.287116129655595209e+01
3.230637324949985612e+01,1.307421825980107144e+01
3.232637896541869083e+01,1.360041022590730719e+01
3.234638468133752554e+01,1.295289885798773355e+01
3.236639039725636025e+01,1.290088218316732238e+01
3.238639611317519496e+01,1.316094312389055609e+01
3.240640182909402967e+01,1.279612412720963022e+01
3.242640754501286438e+01,1.286362505590720140e+01
3.244641326093169198e+01,1.304468033540187477e+01
3.246641897685053380e+01,1.248584117129434112e+01
3.248642469276936140e+01,1.332585488348935954e+01
3.250643040868819611e+01,1.289402615787233231e+01
3.252643612460703082e+01,1.316622273623510253e+01
3.254644184052586553e+01,1.335384090660287626e+01
3.256644755644470024e+01,1.296700498273587421e+01
3.258645327236353495e+01,1.290389184789535193e+01
3.260645898828236966e+01,1.425609066362869726e+01
3.262646470420119726e+01,1.331528347863266859e+01
3.264647042012003908e+01,1.332725190936921322e+01
3.266647613603886668e+01,1.377488267565741609e+01
3.268648185195770850e+01,1.481106609574883493e+01
3.270648756787653610e+01,1.422330772326477089e+01
3.272649328379537081e+01,1.329336513765480277e+01
3.274649899971420552e+01,1.387603434349945886e+01
3.276650471563304023e+01,1.427111385365224727e+01
3.278651043155187494e+01,1.371319374325130802e+01
3.280651614747070255e+01,1.384607477199851822e+01
3.282652186338954436e+01,1.326464417991584810e+01
3.284652757930837197e+01,1.254618245134776089e+01
3.286653329522721378e+01,1.210630847235634810e+01
3.288653901114604139e+01,1.178762280905876914e+01
3.290654472706487610e+01,1.119199191045762198e+01
3.292655044298371081e+01,1.172116267054239280e+01
3.294655615890254552e+01,1.014790641852437147e+01
3.296656187482138023e+01,1.043429229607127695e+01
3.298656759074020783e+01,9.405235493268907732e+00
3.300657330665904965e+01,9.866922357309011460e+00
3.302657902257787725e+01,8.579088747590212449e+00
3.304658473849671907e+01,9.024360900641330119e+00
3.306659045441554667e+01,8.542440785609519693e+00
3.308659617033438138e+01,8.634234674707103707e+00
3.310660188625321609e+01,8.320569470229317588e+00
3.312660760217205080e+01,8.576547947874688660e+00
3.314661331809088551e+01,8.771542897284488660e+00
3.316661903400971312e+01,8.532827481619065679e+00
3.318662474992855493e+01,7.916929113455039690e+00
3.320663046584738254e+01,7.826862998388108394e+00
3.322663618176622435e+01,8.564576728456534838e+00
3.324664189768505196e+01,8.236770345780101366e+00
3.326664761360388667e+01,7.015050040047104751e+00
3.328665332952272138e+01,7.851669495642839891e+00
3.330665904544155609e+01,8.054939789546015305e+00
3.332666476136039080e+01,7.222297057946148513e+00
3.334667047727922551e+01,7.746953509934618509e+00
3.336667619319806022e+01,7.348741392365791825e+00
3.338668190911688782e+01,7.108600147356622934e+00
3.340668762503572964e+01,7.255758113225997619e+00
3.342669334095455724e+01,6.773529063661682059e+00
3.344669905687339195e+01,6.794790957059921865e+00
3.346670477279222666e+01,8.025631390536679177e+00
3.348671048871106137e+01,6.865703846431630453e+00
3.350671620462989608e+01,6.876700944822268013e+00
3.352672192054873079e+01,6.267229194986629892e+00
3.354672763646756550e+01,7.328478813375447487e+00
3.356673335238639311e+01,5.969173388032738004e+00
3.358673906830523492e+01,6.215442383822573191e+00
3.360674478422406253e+01,6.299173346652816363e+00
3.362675050014290434e+01,5.954828383634655609e+00
3.364675621606173195e+01,6.637052736316924495e+00
3.366676193198056666e+01,5.596823776205146039e+00
3.368676764789940137e+01,6.059923697671311338e+00
3.370677336381823608e+01,5.461684427033338451e+00
3.372677907973707079e+01,5.710202598387255080e+00
3.374678479565589839e+01,5.851721502372437378e+00
3.376679051157474021e+01,4.812160938121322395e+00
3.378679622749356781e+01,5.098633338140109217e+00
3.380680194341240963e+01,4.891406187122435689e+00
3.382680765933123723e+01,4.940958433930037863e+00
3.384681337525007194e+01,4.393281707687721749e+00
3.386681909116890665e+01,5.539475620297022118e+00
3.388682480708774136e+01,5.333305415719769016e+00
3.390683052300657607e+01,5.239051771800047774e+00
3.392683623892540368e+01,4.898699257546091701e+00
3.394684195484424549e+01,4.851424057117846189e+00
3.396684767076307310e+01,5.459390501098784654e+00
3.398685338668191491e+01,5.217065956903097934e+00
3.400685910260074252e+01,5.056151140263962063e+00
3.402686481851957723e+01,4.938705248696377836e+00
3.404687053443841194e+01,5.016744426839088611e+00
3.406687625035724665e+01,5.203027770123286544e+00
3.408688196627608136e+01,4.322379884649270920e+00
3.410688768219490896e+01,4.254227683428449147e+00
3.412689339811375078e+01,4.728214642897105691e+00
3.414689911403257838e+01,4.291518735058120981e+00
3.416690482995142020e+01,4.376612915940982340e+00
3.418691054587024780e+01,5.067203891675437610e+00
3.420691626178908251e+01,4.398135736637394544e+00
3.422692197770791722e+01,4.787655516801555322e+00
3.424692769362675193e+01,4.313645426170669595e+00
3.426693340954558664e+01,4.483582670610541498e+00
3.428693912546442135e+01,4.233909099960438738e+00
3.430694484138325606e+01,4.162343854856403347e+00
3.432695055730208367e+01,4.129814874795824764e+00
3.434695627322092548e+01,4.675102384877017236e+00
3.436696198913975309e+01,4.437894174974486461e+00
3.438696770505858780e+01,4.710011229469834859e+00
3.440697342097742251e+01,4.760261274109320873e+00
3.442697913689625722e+01,4.540194789238581663e+00
3.444698485281509193e+01,4.573088608630863305e+00
3.446699056873392664e+01,4.209962864111068903e+00
3.448699628465276135e+01,3.795908312433782683e+00
3.450700200057158895e+01,4.627912903103560183e+00
3.452700771649043077e+01,4.627645385898789598e+00
3.454701343240925837e+01,4.823552341523915210e+00
3.456701914832810019e+01,4.741780473735301094e+00
3.458702486424692779e+01,4.187027710579369177e+00
3.460703058016576250e+01,4.567658019612523823e+00
3.462703629608459721e+01,4.623406699365462558e+00
3.464704201200343192e+01,4.034544095539612130e+00
3.466704772792226663e+01,4.495129163369788294e+00
3.468705344384109424e+01,4.343493896327206727e+00
3.470705915975993605e+01,4.416723735397575901e+00
3.472706487567876366e+01,4.971239083731392228e+00
3.474707059159760547e+01,4.626899747144009645e+00
3.476707630751643308e+01,4.511779317292859304e+00
3.478708202343526779e+01,4.502233080337175508e+00
3.480708773935410250e+01,4.069756889871843697e+00
3.482709345527293721e+01,4.969329982178294358e+00
3.484709917119177192e+01,4.756916933362068889e+00
3.486710488711059952e+01,4.618608855741899610e+00
3.488711060302944134e+01,4.603222292248197789e+00
3.490711631894826894e+01,4.027457477170551137e+00
3.492712203486711076e+01,4.540667872985828524e+00
3.494712775078593836e+01,4.153590942816424381e+00
3.496713346670477307e+01,4.230772100437597771e+00
3.498713918262360778e+01,4.913313690162402381e+00
3.500714489854244249e+01,4.350770040600880684e+00
3.502715061446127720e+01,5.045086048689726432e+00
3.504715633038010481e+01,4.500444701612638987e+00
3.506716204629894662e+01,4.089955655207797136e+00
3.508716776221777423e+01,5.129806263557276758e+00
3.510717347813661604e+01,4.294891472266475496e+00
3.512717919405544365e+01,5.371691496485521355e+00
3.514718490997427836e+01,5.280585293938667490e+00
3.516719062589311307e+01,5.220533005415231464e+00
3.518719634181194778e+01,5.005491798323444819e+00
3.520720205773078249e+01,5.660979800160412800e+00
3.522720777364961720e+01,5.422653311800113229e+00
3.524721348956845191e+01,4.858672993782232830e+00
3.526721920548727951e+01,4.562773099534940258e+00
3.528722492140612133e+01,5.623085164815663894e+00
3.530723063732494893e+01,5.149020225385305238e+00
3.532723635324378364e+01,5.051674838773779541e+00
3.534724206916261835e+01,4.633118637000005258e+00
3.536724778508145306e+01,4.508134607767858348e+00
3.538725350100028777e+01,5.075729030688006738e+00
3.540725921691912248e+01,5.456583304917460353e+00
3.542726493283795719e+01,4.571483128504171489e+00
3.544727064875678479e+01,5.592371660843040715e+00
3.546727636467562661e+01,5.126986988452674865e+00
3.548728208059445421e+01,4.421177150786766319e+00
3.550728779651329603e+01,4.266270628791989594e+00
3.552729351243212363e+01,4.887133971677637412e+00
3.554729922835095834e+01,4.898233534304125669e+00
3.556730494426979305e+01,4.164398462316244220e+00
3.558731066018862776e+01,5.294885894803504911e+00
3.560731637610746247e+01,4.440818660923856243e+00
3.562732209202629008e+01,4.021972364674677891e+00
3.564732780794513189e+01,5.145176317363119978e+00
3.566733352386395950e+01,3.716158521031091677e+00
3.568733923978280131e+01,4.803929304933733491e+00
3.570734495570162892e+01,4.681232565489096942e+00
3.572735067162046363e+01,4.610066952014953756e+00
3.574735638753929834e+01,3.786200393618420534e+00
3.576736210345813305e+01,4.589240100632921759e+00
3.578736781937696776e+01,5.277471174640290918e+00
3.580737353529579536e+01,4.187316380664277915e+00
3.582737925121463718e+01,4.562592868000152180e+00
3.584738496713346478e+01,4.486166870894258807e+00
3.586739068305230660e+01,4.491078966106105241e+00
3.588739639897113420e+01,4.831441132272979999e+00
3.590740211488996891e+01,4.212820161352764714e+00
3.592740783080880362e+01,5.385918020588139399e+00
3.594741354672763833e+01,4.550965371409033011e+00
3.596741926264647304e+01,4.494420277709408218e+00
3.598742497856530065e+01,5.041371763623796021e+00
3.600743069448414246e+01,4.925938466050270748e+00
3.602743641040297007e+01,4.066642376338759135e+00
3.604744212632181188e+01,4.740342000787458154e+00
3.606744784224063949e+01,4.586647043094734144e+00
3.608745355815947420e+01,4.456747735486838558e+00
3.610745927407830891e+01,3.905012046965831374e+00
3.612746498999714362e+01,4.578855732336614359e+00
3.614747070591597833e+01,4.786307470222501692e+00
3.616747642183481304e+01,5.166369479155748401e+00
3.618748213775364775e+01,4.809584158921548891e+00
3.620748785367247535e+01,5.394982849207486275e+00
3.622749356959131717e+01,5.154415340743840446e+00
3.624749928551014477e+01,4.450463395679088663e+00
3.626750500142897948e+01,4.375209405921650863e+00
3.628751071734781419e+01,4.641075483762020504e+00
3.630751643326664890e+01,4.713495683238492440e+00
3.632752214918548361e+01,5.012030558045148965e+00
3.634752786510431832e+01,5.370847064165735318e+00
3.636753358102315303e+01,5.023261771081132032e+00
3.638753929694198064e+01,5.158677820529073976e+00
3.640754501286082245e+01,5.180802374076697525e+00
3.642755072877965006e+01,5.714769110452994738e+00
3.644755644469849187e+01,5.862711073956203833e+00
3.646756216061731948e+01,5.830267706725264176e+00
3.648756787653615419e+01,5.334046647819167042e+00
3.650757359245498890e+01,6.036011741132384145e+00
3.652757930837382361e+01,4.918351079862712361e+00
3.654758502429265832e+01,6.194369047416831364e+00
3.656759074021148592e+01,5.515874382531855247e+00
3.658759645613032774e+01,5.580554333029303926e+00
3.660760217204915534e+01,5.638459337217334166e+00
3.662760788796799716e+01,5.466277642430779515e+00
3.664761360388682476e+01,6.669325466013440895e+00
3.666761931980565947e+01,4.980938574619328207e+00
3.668762503572449418e+01,5.111318392764225393e+00
3.670763075164332889e+01,5.584829983255432673e+00
3.672763646756216360e+01,5.392630529770959136e+00
3.674764218348099121e+01,5.401458724006547030e+00
3.676764789939983302e+01,5.860401568093323910e+00
3.678765361531866063e+01,5.752956858139222973e+00
3.680765933123750244e+01,5.165484631517285763e+00
3.682766504715633005e+01,5.178673482726344979e+00
3.684767076307516476e+01,6.094040103271538555e+00
3.686767647899399947e+01,5.304521990512697016e+00
3.688768219491283418e+01,5.463728120702973534e+00
3.690768791083166889e+01,5.618026073858173319e+00
3.692769362675049649e+01,5.448785358848869720e+00
3.694769934266933831e+01,5.904887849272256517e+00
3.696770505858816591e+01,5.542082392627936116e+00
3.698771077450700773e+01,6.058958657732842923e+00
3.700771649042583533e+01,6.001722515315951689e+00
3.702772220634467004e+01,6.660244943022414432e+00
3.704772792226350475e+01,6.279594331337458257e+00
3.706773363818233946e+01,6.223519024518196829e+00
3.708773935410117417e+01,6.426215817769763028e+00
3.710774507002000888e+01,5.725046681210611332e+00
3.712775078593884359e+01,6.063008058553684521e+00
3.714775650185767120e+01,6.131014568702130241e+00
3.716776221777651301e+01,5.992763112960319383e+00
3.718776793369534062e+01,5.939911477103603232e+00
3.720777364961417533e+01,5.797771638257000149e+00
3.722777936553301004e+01,5.987143116915286001e+00
3.724778508145184475e+01,5.865002572015114879e+00
3.726779079737067946e+01,5.825907417572797620e+00
3.728779651328951417e+01,6.869978103947351755e+00
3.730780222920834888e+01,6.132804671535964758e+00
3.732780794512717648e+01,5.669824159285601795e+00
3.734781366104601830e+01,5.837620331577976884e+00
3.736781937696484590e+01,5.919063215107730258e+00
3.738782509288368772e+01,5.829847080732609044e+00
3.740783080880251532e+01,5.658334724240775770e+00
3.742783652472135003e+01,5.732009723482787145e+00
3.744784224064018474e+01,6.102046536577112157e+00
3.746784795655901945e+01,6.064284275283950976e+00
3.748785367247785416e+01,5.627175469859125201e+00
3.750785938839668177e+01,6.102870142080717208e+00
3.752786510431552358e+01,6.062275696413477633e+00
3.754787082023435119e+01,6.524254709847919109e+00
3.756787653615319300e+01,6.440167801641896617e+00
3.758788225207202061e+01,6.264575832617623519e+00
3.760788796799085532e+01,6.059418945394904554e+00
3.762789368390969003e+01,6.718894150713344615e+00
3.764789939982852474e+01,7.336004652059719966e+00
3.766790511574735945e+01,7.140594121385955617e+00
3.768791083166618705e+01,7.162810652378013287e+00
3.770791654758502887e+01,6.767046599698186782e+00
3.772792226350385647e+01,7.402927129632752568e+00
3.774792797942269829e+01,7.584902722481283277e+00
3.776793369534152589e+01,7.370778896787117063e+00
3.778793941126036060e+01,7.916002651460050998e+00
3.780794512717919531e+01,8.193255908047557767e+00
3.782795084309803002e+01,8.573208184387564046e+00
3.784795655901686473e+01,8.277175604426821209e+00
3.786796227493569234e+01,8.289659692502908683e+00
3.788796799085453415e+01,9.070731435912751550e+00
3.790797370677336176e+01,9.861331776092185919e+00
3.792797942269220357e+01,8.731424285523766926e+00
3.794798513861103118e+01,1.034913502056748769e+01
3.796799085452986589e+01,1.052077834085903518e+01
3.798799657044870060e+01,1.045363905995169773e+01
3.800800228636753531e+01,1.175426789026027841e+01
3.802800800228637002e+01,1.145209343564038207e+01
3.804801371820520473e+01,1.222659598107948042e+01
3.806801943412403944e+01,1.174391401277709690e+01
3.808802515004286704e+01,1.161775447180091980e+01
3.810803086596170886e+01,1.258934292849288283e+01
3.812803658188053646e+01,1.270289370770833415e+01
3.814804229779937117e+01,1.420165699432708983e+01
3.816804801371820588e+01,1.421970063703188814e+01
3.818805372963704059e+01,1.488824534324443860e+01
3.820805944555587530e+01,1.486873911841524176e+01
3.822806516147471001e+01,1.553898861263969877e+01
3.824807087739354472e+01,1.628998173479865130e+01
3.826807659331237232e+01,1.667396470095414074e+01
3.828808230923121414e+01,1.790071411538518120e+01
3.830808802515004174e+01,1.778541237333857339e+01
3.832809374106888356e+01,1.791731879698071239e+01
3.834809945698771116e+01,1.793804035689595722e+01
3.836810517290654587e+01,1.872398319093876395e+01
3.838811088882538058e+01,1.886822898669138482e+01
3.840811660474421529e+01,1.927511477769116865e+01
3.842812232066305000e+01,1.931809039891661683e+01
3.844812803658187761e+01,1.810839771189277059e+01
3.846813375250071942e+01,1.772410650094256823e+01
3.848813946841954703e+01,1.835503796544445976e+01
3.850814518433838884e+01,1.727640474433634310e+01
3.852815090025721645e+01,1.655840254585508120e+01
3.854815661617605116e+01,1.660687962619850566e+01
3.856816233209488587e+01,1.587183479335140746e+01
3.858816804801372058e+01,1.496180607010904140e+01
3.860817376393255529e+01,1.394671858676245435e+01
3.862817947985138289e+01,1.303112788275132239e+01
3.864818519577022471e+01,1.215728688112503519e+01
3.866819091168905231e+01,1.276506001352787933e+01
3.868819662760789413e+01,1.203989408335180045e+01
3.870820234352672173e+01,1.163435085023311366e+01
3.872820805944555644e+01,1.045592151901709066e+01
3.874821377536439115e+01,1.013199009026116570e+01
3.876821949128322586e+01,1.041477940174230454e+01
3.878822520720206057e+01,1.041572703622712481e+01
3.880823092312088818e+01,9.847989919880976828e+00
3.882823663903972999e+01,9.230043849794320465e+00
3.884824235495855760e+01,1.012656832234640270e+01
3.886824807087739941e+01,9.069834818244451924e+00
3.888825378679622702e+01,9.590482135937916652e+00
3.890825950271506173e+01,9.237461597788360734e+00
3.892826521863389644e+01,9.013960639607208947e+00
3.894827093455273115e+01,9.625569504392569087e+00
3.896827665047156586e+01,9.564251729493731702e+00
3.898828236639040057e+01,8.477797824427819151e+00
3.900828808230923528e+01,8.965396979985726489e+00
3.902829379822806288e+01,9.393830248717836895e+00
3.904829951414690470e+01,1.002547936381555793e+01
3.906830523006573230e+01,9.839434792576572164e+00
3.908831094598456701e+01,9.320830804758502453e+00
3.910831666190340172e+01,9.882055975508297507e+00
3.912832237782223643e+01,1.046188117134602535e+01
3.914832809374107114e+01,1.074765335970339386e+01
3.916833380965990585e+01,1.135325463664636381e+01
3.918833952557874056e+01,1.123589529679515486e+01
3.920834524149756817e+01,1.133062988268724069e+01
3.922835095741640998e+01,1.148798404937736883e+01
3.924835667333523759e+01,1.302366540041245102e+01
3.926836238925407940e+01,1.265385716056635879e+01
3.928836810517290701e+01,1.311881196542297623e+01
3.930837382109174172e+01,1.405528993507790325e+01
3.932837953701057643e+01,1.387443763897680249e+01
3.934838525292941114e+01,1.510526715815274557e+01
3.936839096884824585e+01,1.520848675024413410e+01
3.938839668476707345e+01,1.529339861054796046e+01
3.940840240068591527e+01,1.541959638204859750e+01
3.942840811660474287e+01,1.581557235029014308e+01
3.944841383252358469e+01,1.695695377631605183e+01
3.946841954844241229e+01,1.773458534495754435e+01
3.948842526436124700e+01,1.816134602478087956e+01
3.950843098028008171e+01,1.876180215195562084e+01
3.952843669619891642e+01,1.886445357682656265e+01
3.954844241211775113e+01,1.936189847205429260e+01
3.956844812803657874e+01,2.033928321642384773e+01
3.958845384395542055e+01,1.910381983781518755e+01
3.960845955987424816e+01,2.011844257438841765e+01
3.962846527579308997e+01,1.983391836839572875e+01
3.964847099171191758e+01,2.056416185069537761e+01
3.966847670763075229e+01,1.984337417508013601e+01
3.968848242354958700e+01,1.933104291124282170e+01
3.970848813946842171e+01,1.895497090807843321e+01
3.972849385538725642e+01,1.889292792667897913e+01
3.974849957130608402e+01,1.869332050363541597e+01
3.976850528722492584e+01,1.714787030040146476e+01
3.978851100314375344e+01,1.659270094582388566e+01
3.980851671906259526e+01,1.691482498786644229e+01
3.982852243498142286e+01,1.558216339415238494e+01
3.984852815090025757e+01,1.519744995779839059e+01
3.986853386681909228e+01,1.460248360921676358e+01
3.988853958273792699e+01,1.337884317088140307e+01
3.990854529865676170e+01,1.347095352350535791e+01
3.992855101457559641e+01,1.190400587873464922e+01
3.994855673049443112e+01,1.230572241636454933e+01
3.996856244641325873e+01,1.171422044402715557e+01
3.998856816233210054e+01,1.173439073611550931e+01
4.000857387825092815e+01,1.137027408150690455e+01
4.002857959416976286e+01,1.105145500502251821e+01
4.004858531008859757e+01,1.168211560939654881e+01
4.006859102600743228e+01,1.086799802922114999e+01
4.008859674192626699e+01,1.036525982334714335e+01
4.010860245784510170e+01,1.002798912011771115e+01
4.012860817376393641e+01,1.019821232649968223e+01
4.014861388968276401e+01,9.235494863768314744e+00
4.016861960560160583e+01,9.778539625400016533e+00
4.018862532152043343e+01,9.154811724315196741e+00
4.020863103743927525e+01,9.112865674023641560e+00
4.022863675335810285e+01,8.919772793035104286e+00
4.024864246927693756e+01,8.787939634926143384e+00
4.026864818519577227e+01,9.309520703392426100e+00
4.028865390111460698e+01,9.850521706537811895e+00
4.030865961703344169e+01,9.444574064455169449e+00
4.032866533295226930e+01,9.839893640027137067e+00
4.034867104887111111e+01,9.905836843742150677e+00
4.036867676478993872e+01,8.942223976881630065e+00
4.038868248070878053e+01,9.456393843437824742e+00
4.040868819662760814e+01,9.798506019616821661e+00
4.042869391254644285e+01,9.366941935216516413e+00
4.044869962846527756e+01,9.878572986411484180e+00
4.046870534438411227e+01,1.004381758815232573e+01
4.048871106030294698e+01,9.588585936869616688e+00
4.050871677622177458e+01,9.002843304073829600e+00
4.052872249214061640e+01,9.118770759310427465e+00
4.054872820805944400e+01,8.990006236431639763e+00
4.056873392397828582e+01,9.023137152443194253e+00
4.058873963989711342e+01,8.546073623183035650e+00
4.060874535581594813e+01,8.443235307675031720e+00
4.062875107173478284e+01,8.443180958196240482e+00
4.064875678765361755e+01,8.004908188101071076e+00
4.066876250357245226e+01,7.982970552583628532e+00
4.068876821949127986e+01,7.639791917293431212e+00
4.070877393541012168e+01,7.858022816619751438e+00
4.072877965132894929e+01,7.126687437552923221e+00
4.074878536724779110e+01,6.772445322951944569e+00
4.076879108316661871e+01,7.045205876053136862e+00
4.078879679908545342e+01,6.739494144823561683e+00
4.080880251500428813e+01,7.256095557267160601e+00
4.082880823092312284e+01,6.945758855371874319e+00
4.084881394684195755e+01,5.640728750205675546e+00
4.086881966276079226e+01,5.997437936272225656e+00
4.088882537867962697e+01,6.270357771279612358e+00
4.090883109459845457e+01,6.453853450010806014e+00
4.092883681051729639e+01,5.583779423305300860e+00
4.094884252643612399e+01,5.708100375962385620e+00
4.096884824235495870e+01,5.690583108193612460e+00
4.098885395827379341e+01,6.584520708184576243e+00
4.100885967419262812e+01,6.232257098172443222e+00
4.102886539011146283e+01,6.092454280900725827e+00
4.104887110603029754e+01,5.723191415759424139e+00
4.106887682194913225e+01,5.609903310539277932e+00
4.108888253786795985e+01,6.086179974577172302e+00
4.110888825378680167e+01,5.851762909814667069e+00
4.112889396970562927e+01,5.882113177152633376e+00
4.114889968562447109e+01,5.921839685511312901e+00
4.116890540154329869e+01,6.099054313936517424e+00
4.118891111746213340e+01,5.812691194819242568e+00
4.120891683338096811e+01,6.251565664460102312e+00
4.122892254929980282e+01,6.357298904968512687e+00
4.124892826521863753e+01,6.363440937400739017e+00
4.126893398113746514e+01,6.158529400338712989e+00
4.128893969705630695e+01,6.593228080749797826e+00
4.130894541297513456e+01,6.196164381803634491e+00
4.132895112889397637e+01,6.582856475686256204e+00
4.134895684481280398e+01,6.770446045846401084e+00
4.136896256073163869e+01,6.597333565027354574e+00
4.138896827665047340e+01,6.877227069700445838e+00
4.140897399256930811e+01,7.475712094394250329e+00
4.142897970848814282e+01,6.800356730416805107e+00
4.144898542440697042e+01,7.027040383950679647e+00
4.146899114032581224e+01,7.099502443263872919e+00
4.148899685624463984e+01,7.361851431488662278e+00
4.150900257216348166e+01,8.044682430930057748e+00
4.152900828808230926e+01,8.064065935264439489e+00
4.154901400400114397e+01,8.553198759943779095e+00
4.156901971991997868e+01,7.995765920372257973e+00
4.158902543583881339e+01,8.540109659816092602e+00
4.160903115175764810e+01,9.071617574052666555e+00
4.162903686767647571e+01,9.503921303511420504e+00
4.164904258359531752e+01,8.749669144448468217e+00
4.166904829951414513e+01,9.913730365206948392e+00
4.168905401543298694e+01,9.454542153544613470e+00
4.170905973135181455e+01,1.085867330410211729e+01
4.172906544727064926e+01,1.108433080829416895e+01
4.174907116318948397e+01,1.138422712595491859e+01
4.176907687910831868e+01,1.219975872909671111e+01
4.178908259502715339e+01,1.206085219100218531e+01
4.180908831094598810e+01,1.362821606592126145e+01
4.182909402686482281e+01,1.450042833610896409e+01
4.184909974278365041e+01,1.453697805009067423e+01
4.186910545870249223e+01,1.559551708131381176e+01
4.188911117462131983e+01,1.628871346297131595e+01
4.190911689054015454e+01,1.724503625709420618e+01
4.192912260645898925e+01,1.905216409211611861e+01
4.194912832237782396e+01,2.005342998061485105e+01
4.196913403829665867e+01,2.071442549125215749e+01
4.198913975421549338e+01,2.248111982412517307e+01
4.200914547013432809e+01,2.355793033435645967e+01
4.202915118605316280e+01,2.541676205642099617e+01
4.204915690197199041e+01,2.642063547835031656e+01
4.206916261789082512e+01,2.664092175652237771e+01
4.208916833380965983e+01,2.902019370945170351e+01
4.210917404972849454e+01,2.935782640865793169e+01
4.212917976564732925e+01,3.070814169263590898e+01
4.214918548156616396e+01,3.211103121531898807e+01
4.216919119748499867e+01,3.334341265285169698e+01
4.218919691340383338e+01,3.292805503957104918e+01
4.220920262932266809e+01,3.389198400216123730e+01
4.222920834524150280e+01,3.307433395970667789e+01
4.224921406116033040e+01,3.188162161442866704e+01
4.226921977707916511e+01,3.228944589868521575e+01
4.228922549299799982e+01,3.082977463711601729e+01
4.230923120891683453e+01,2.970423977107563474e+01
4.232923692483566924e+01,2.935120525515203127e+01
4.234924264075450395e+01,2.740816442400420883e+01
4.236924835667333866e+01,2.550449903074667191e+01
4.238925407259217337e+01,2.497215082852587287e+01
4.240925978851100808e+01,2.344880014377353206e+01
4.242926550442983569e+01,2.176513698892900450e+01
4.244927122034867040e+01,2.148414366673540599e+01
4.246927693626750511e+01,2.072283485905052203e+01
4.248928265218633982e+01,1.892566999824979490e+01
4.250928836810517453e+01,1.846754658657956583e+01
4.252929408402400924e+01,1.783508953606199299e+01
4.254929979994284395e+01,1.741214469160022915e+01
4.256930551586167866e+01,1.590498467911348257e+01
4.258931123178051337e+01,1.556843944240425159e+01
4.260931694769934097e+01,1.542597180012695013e+01
4.262932266361817568e+01,1.415818001717696717e+01
4.264932837953701039e+01,1.420833625188945071e+01
4.266933409545584510e+01,1.394870961809884236e+01
4.268933981137467981e+01,1.361727572678115550e+01
4.270934552729351452e+01,1.263594400345101931e+01
4.272935124321234923e+01,1.246582112583152657e+01
4.274935695913118394e+01,1.216560670800561894e+01
4.276936267505001865e+01,1.145353695643970404e+01
4.278936839096885336e+01,1.085295434637222733e+01
4.280937410688768097e+01,1.062722576331947621e+01
4.282937982280651568e+01,1.099395024964839784e+01
4.284938553872535039e+01,1.029014783839427594e+01
4.286939125464418510e+01,1.014511667271895945e+01
4.288939697056301981e+01,1.025077446393166625e+01
4.290940268648185452e+01,9.441925708059592637e+00
4.292940840240068923e+01,9.126972080334022408e+00
4.294941411831952394e+01,9.182293485670726341e+00
4.296941983423835865e+01,9.463908488732695190e+00
4.298942555015718625e+01,9.019184928309071481e+00
4.300943126607602096e+01,9.347002985478473747e+00
4.302943698199485567e+01,8.155171685980882046e+00
4.304944269791369038e+01,8.365168368592723169e+00
4.306944841383252509e+01,8.380119868213624201e+00
4.308945412975135980e+01,8.479792106124611095e+00
4.310945984567019451e+01,8.260995833633687724e+00
4.312946556158902922e+01,8.538275626077815872e+00
4.314947127750786393e+01,8.641806017070999602e+00
4.316947699342669864e+01,8.243649887036207602e+00
4.318948270934552625e+01,8.345367971189629586e+00
4.320948842526436096e+01,7.740695024035895599e+00
4.322949414118319567e+01,8.024905086165553314e+00
4.324949985710203038e+01,7.608757719259195973e+00
4.326950557302086509e+01,7.525601411716667855e+00
4.328951128893969980e+01,7.751904882235455041e+00
4.330951700485853451e+01,7.223961430968741659e+00
4.332952272077736922e+01,7.108124138665559144e+00
4.334952843669620393e+01,7.064410721515862690e+00
4.336953415261503153e+01,7.289627791236989118e+00
4.338953986853386624e+01,7.153178786949446533e+00
4.340954558445270095e+01,7.971361710778853471e+00
4.342955130037153566e+01,6.755992706128280290e+00
4.344955701629037037e+01,6.843318348685403230e+00
4.346956273220920508e+01,7.502591784178282985e+00
4.348956844812803979e+01,7.659368546507894671e+00
4.350957416404687450e+01,6.874816171117935859e+00
4.352957987996570921e+01,7.467489997438317317e+00
4.354958559588453681e+01,6.630144473990516651e+00
4.356959131180337153e+01,6.481036525154151740e+00
4.358959702772220624e+01,6.542409477313308130e+00
4.360960274364104095e+01,5.804782530506582106e+00
4.362960845955987566e+01,6.124509204585126376e+00
4.364961417547871037e+01,6.695588885496009723e+00
4.366961989139754508e+01,5.727643753606377786e+00
4.368962560731637979e+01,5.621775897701186686e+00
4.370963132323521450e+01,6.015512024213475861e+00
4.372963703915404921e+01,6.227512876030285582e+00
4.374964275507287681e+01,6.235216544678777062e+00
4.376964847099171152e+01,5.697178678604118751e+00
4.378965418691054623e+01,5.871336651853216182e+00
4.380965990282938094e+01,5.318137785185926170e+00
4.382966561874821565e+01,6.102643284888467079e+00
4.384967133466705036e+01,5.631842426350294417e+00
4.386967705058588507e+01,5.935192677929944871e+00
4.388968276650471978e+01,5.383585902577877391e+00
4.390968848242355449e+01,5.002597147350871687e+00
4.392969419834238209e+01,5.951434757568235590e+00
4.394969991426121680e+01,5.038515193541805992e+00
4.396970563018005151e+01,5.159277247419823631e+00
4.398971134609888622e+01,5.176738684803336987e+00
4.400971706201772093e+01,5.551553230182119769e+00
4.402972277793655564e+01,5.292206329348967841e+00
4.404972849385539035e+01,5.317810312304677822e+00
4.406973420977422506e+01,5.193248862468180960e+00
4.408973992569305977e+01,5.454102610578604349e+00
4.410974564161189448e+01,4.937790977161403916e+00
4.412975135753072209e+01,5.118422916570267489e+00
4.414975707344955680e+01,5.019973707403867280e+00
4.416976278936839151e+01,5.348835126265664819e+00
4.418976850528722622e+01,5.058170205155100518e+00
4.420977422120606093e+01,5.012459659240113830e+00
4.422977993712489564e+01,5.564940150587432299e+00
4.424978565304373035e+01,5.476503879242599737e+00
4.426979136896256506e+01,5.340809859319138653e+00
4.428979708488139977e+01,5.639018059421497142e+00
4.430980280080022737e+01,4.920117767195197445e+00
4.432980851671906208e+01,5.471859049130006980e+00
4.434981423263789679e+01,5.525540805461204741e+00
4.436981994855673150e+01,6.096168440702530944e+00
4.438982566447556621e+01,4.462436837810765944e+00
4.440983138039440092e+01,4.373174625571997431e+00
4.442983709631323563e+01,4.659456914390444737e+00
4.444984281223207034e+01,5.718153759732097718e+00
4.446984852815090505e+01,5.928107417314792293e+00
4.448985424406973266e+01,5.284019708379984692e+00
4.450985995998856737e+01,5.709086187591867478e+00
4.452986567590740208e+01,4.785273405290666027e+00
4.454987139182623679e+01,5.807178232440206145e+00
4.456987710774507150e+01,5.384484059772210784e+00
4.458988282366390621e+01,4.992868187059866791e+00
4.460988853958274092e+01,4.942492913411577149e+00
4.462989425550157563e+01,5.516467403237200529e+00
4.464989997142041034e+01,4.886933646058998271e+00
4.466990568733924505e+01,5.394846779324682373e+00
4.468991140325807265e+01,5.296978065321746421e+00
4.470991711917690736e+01,5.007700534866907915e+00
4.472992283509574207e+01,5.370766302140824067e+00
4.474992855101457678e+01,5.200719163659668354e+00
4.476993426693341149e+01,5.615401514393943749e+00
4.478993998285224620e+01,4.820400599717775236e+00
4.480994569877108091e+01,4.924938721523093754e+00
4.482995141468991562e+01,4.654345910082810178e+00
4.484995713060875033e+01,5.848207658803643127e+00
4.486996284652757794e+01,5.564945892003553496e+00
4.488996856244641265e+01,5.200747274704826673e+00
4.490997427836524736e+01,5.587854231195504617e+00
4.492997999428408207e+01,5.971150237628829238e+00
4.494998571020291678e+01,6.204711154327565481e+00
4.496999142612175149e+01,5.352034053941163272e+00
4.498999714204058620e+01,5.610914516885096681e+00
4.501000285795942091e+01,6.544554887826736334e+00
4.503000857387825562e+01,6.336851046015420152e+00
4.505001428979709033e+01,5.658618037470358075e+00
4.507002000571591793e+01,6.950119078309837661e+00
4.509002572163475264e+01,6.334826072994228952e+00
4.511003143755358735e+01,6.520801096071046743e+00
4.513003715347242206e+01,7.161414239337031695e+00
4.515004286939125677e+01,6.471970248187705721e+00
4.517004858531009148e+01,6.836574335063545504e+00
4.519005430122892619e+01,7.541144051238918067e+00
4.521006001714776090e+01,7.121055416240793967e+00
4.523006573306659561e+01,7.151083632922735411e+00
4.525007144898542322e+01,7.359495054809817915e+00
4.527007716490425793e+01,7.905916107382602753e+00
4.529008288082309264e+01,7.978911086650926521e+00
4.531008859674192735e+01,7.628722544170907227e+00
4.533009431266076206e+01,7.531059512984628057e+00
4.535010002857959677e+01,7.789163459808709611e+00
4.537010574449843148e+01,7.668837024717216622e+00
4.539011146041726619e+01,7.478838506677512044e+00
4.541011717633610090e+01,7.935217181923606589e+00
4.543012289225492850e+01,7.710151766121891015e+00
4.545012860817376321e+01,7.371214702937332497e+00
4.547013432409259792e+01,7.459808881575763273e+00
4.549014004001143263e+01,7.824410298450547252e+00
4.551014575593026734e+01,7.256598649089383457e+00
4.553015147184910205e+01,7.094094981983298354e+00
4.555015718776793676e+01,6.469840836431139053e+00
4.557016290368677147e+01,6.710662693078545793e+00
4.559016861960560618e+01,6.976116765529955188e+00
4.561017433552444089e+01,6.140599935289681177e+00
4.563018005144326850e+01,7.240722089956314278e+00
4.565018576736210321e+01,6.246113435002444092e+00
4.567019148328093792e+01,6.392106773415171972e+00
4.569019719919977263e+01,6.730653056077707141e+00
4.571020291511860734e+01,7.031241895855215418e+00
4.573020863103744205e+01,6.206978976554539784e+00
4.575021434695627676e+01,6.680519385878930905e+00
4.577022006287511147e+01,6.409843970981410344e+00
4.579022577879394618e+01,7.675740140492626651e+00
4.581023149471277378e+01,7.328070624893424423e+00
4.583023721063160849e+01,7.791119541024628781e+00
4.585024292655044320e+01,7.640164369176957848e+00
4.587024864246927791e+01,8.164320788647469129e+00
4.589025435838811262e+01,7.527982508934710992e+00
4.591026007430694733e+01,7.921007835864421587e+00
4.593026579022578204e+01,8.673811956715558935e+00
4.595027150614461675e+01,7.976002958820941124e+00
4.597027722206345146e+01,8.819231196100300707e+00
4.599028293798228617e+01,9.176038282018916803e+00
4.601028865390111378e+01,8.992674275315716059e+00
4.603029436981994849e+01,9.458440754124303851e+00
4.605030008573878320e+01,9.700426526724038823e+00
4.607030580165761791e+01,9.813565758373686165e+00
4.609031151757645262e+01,1.027771434223593339e+01
4.611031723349528733e+01,1.059823761393771591e+01
4.613032294941412204e+01,1.016139270519231452e+01
4.615032866533295675e+01,1.069902238990666099e+01
4.617033438125179146e+01,1.128738186628542550e+01
4.619034009717061906e+01,1.033385599853145109e+01
4.621034581308945377e+01,9.706011789983367777e+00
4.623035152900828848e+01,1.048481768430299432e+01
4.625035724492712319e+01,9.988385704573826018e+00
4.627036296084595790e+01,1.031648310174932348e+01
4.629036867676479261e+01,1.013911011350962355e+01
4.631037439268362732e+01,1.049347882005678123e+01
4.633038010860246203e+01,9.015667793081934889e+00
4.635038582452129674e+01,9.716078916019792899e+00
4.637039154044012434e+01,8.861294777121567989e+00
4.639039725635895905e+01,8.403304884985150380e+00
4.641040297227779376e+01,7.709537134103940481e+00
4.643040868819662847e+01,7.267171386302554659e+00
4.645041440411546319e+01,7.918599816801378921e+00
4.647042012003429790e+01,7.626615421811766993e+00
4.649042583595313261e+01,7.011065609576487390e+00
4.651043155187196732e+01,7.750230937736269254e+00
4.653043726779080203e+01,6.505423169732140742e+00
4.655044298370963674e+01,6.551168250169535412e+00
4.657044869962846434e+01,6.695651605124555594e+00
4.659045441554729905e+01,6.845889559386492351e+00
4.661046013146613376e+01,7.156121576291845976e+00
4.663046584738496847e+01,6.870220188100940817e+00
4.665047156330380318e+01,7.101641775798912093e+00
4.667047727922263789e+01,6.511263095291393910e+00
4.669048299514147260e+01,6.578303918624852642e+00
4.671048871106030731e+01,6.704391500155395534e+00
4.673049442697914202e+01,6.146590141569181931e+00
4.675050014289796962e+01,6.407522218377506462e+00
4.677050585881680433e+01,6.138618139646458083e+00
4.679051157473563904e+01,6.420646857301373522e+00
4.681051729065447375e+01,6.734650460432497709e+00
4.683052300657330846e+01,6.692120217298781704e+00
4.685052872249214317e+01,6.750843217501538263e+00
4.687053443841097788e+01,5.947562886874170118e+00
4.689054015432981259e+01,6.684263268932335578e+00
4.691054587024864730e+01,6.292887833638094008e+00
4.693055158616748201e+01,6.880529029321100332e+00
4.695055730208630962e+01,7.009692950660352473e+00
4.697056301800514433e+01,6.942870195301234837e+00
4.699056873392397904e+01,6.897925876263365730e+00
4.701057444984281375e+01,6.045217855692935238e+00
4.703058016576164846e+01,6.596371888204325629e+00
4.705058588168048317e+01,6.825066417998630008e+00
4.707059159759931788e+01,7.160561117423316801e+00
4.709059731351815259e+01,7.214930890334548153e+00
4.711060302943698730e+01,6.791326714134079623e+00
4.713060874535581490e+01,6.694553840982948145e+00
4.715061446127464961e+01,6.505823101934151254e+00
4.717062017719348432e+01,7.282810239483088033e+00
4.719062589311231903e+01,6.496258517399602361e+00
4.721063160903115374e+01,7.359085269227535697e+00
4.723063732494998845e+01,6.413780894812246558e+00
4.725064304086882316e+01,7.059018705351329359e+00
4.727064875678765787e+01,6.972126117057253047e+00
4.729065447270649258e+01,6.480060877903742522e+00
4.731066018862532019e+01,6.631990249454184472e+00
4.733066590454415490e+01,6.232572910424591939e+00
4.735067162046298961e+01,7.566341615208157734e+00
4.737067733638182432e+01,6.872306228559518004e+00
4.739068305230065903e+01,6.668502594537372374e+00
4.741068876821949374e+01,6.425470645600070974e+00
4.743069448413832845e+01,6.116183678476598828e+00
4.745070020005716316e+01,5.841937998801661536e+00
4.747070591597599787e+01,6.148613186875178549e+00
4.749071163189483258e+01,5.939721338111040083e+00
4.751071734781366018e+01,6.353675701517033758e+00
4.753072306373249489e+01,5.812377389136068828e+00
4.755072877965132960e+01,5.134925156008320002e+00
4.757073449557016431e+01,6.173013355743055541e+00
4.759074021148899902e+01,5.551449681896951205e+00
4.761074592740783373e+01,4.764440775739905654e+00
4.763075164332666844e+01,5.172177510070503637e+00
4.765075735924550315e+01,5.463416810466824813e+00
4.767076307516433786e+01,4.516424159296701824e+00
4.769076879108316547e+01,4.522403767192505697e+00
4.771077450700200018e+01,4.724816696646737313e+00
4.773078022292083489e+01,4.851882745283734977e+00
4.775078593883966960e+01,5.111444177542470158e+00
4.777079165475850431e+01,4.021682653800818130e+00
4.779079737067733902e+01,5.022539614171916078e+00
4.781080308659617373e+01,4.740755200633353539e+00
4.783080880251500844e+01,4.944441645286206111e+00
4.785081451843384315e+01,4.273392307248506050e+00
4.787082023435267075e+01,4.660345702856485417e+00
4.789082595027150546e+01,5.472183407229338492e+00
4.791083166619034017e+01,4.542027716431934259e+00
4.793083738210917488e+01,4.299492748202289327e+00
4.795084309802800959e+01,4.090903994483083395e+00
4.797084881394684430e+01,3.783879112444278547e+00
4.799085452986567901e+01,5.176300216410535171e+00
4.801086024578451372e+01,4.678308878412721583e+00
4.803086596170334843e+01,4.378470847047919889e+00
4.805087167762218314e+01,4.774347628765639229e+00
4.807087739354101075e+01,4.206542115045199814e+00
4.809088310945984546e+01,4.630763852796705216e+00
4.811088882537868017e+01,4.930864942943964380e+00
4.813089454129751488e+01,4.314402339831846511e+00
4.815090025721634959e+01,4.284051124761210971e+00
4.817090597313518430e+01,4.428917563595788920e+00
4.819091168905401901e+01,4.586520361271420043e+00
4.821091740497285372e+01,4.199232300377047089e+00
4.823092312089168843e+01,4.997171319646694698e+00
4.825092883681051603e+01,4.664310202019240847e+00
4.827093455272935074e+01,4.945720940497315254e+00
4.829094026864818545e+01,4.422011056111792016e+00
4.831094598456702016e+01,3.896255987648590935e+00
4.833095170048585487e+01,3.751041031712270435e+00
4.835095741640468958e+01,4.958080813765044503e+00
4.837096313232352429e+01,5.002746328949441157e+00
4.839096884824235900e+01,4.668231942019913205e+00
4.841097456416119371e+01,4.865043578493356335e+00
4.843098028008002842e+01,4.446926735716547618e+00
4.845098599599885603e+01,4.170517094048620699e+00
4.847099171191769074e+01,4.670017865538311774e+00
4.849099742783652545e+01,5.406915270465472823e+00
4.851100314375536016e+01,5.149941289866490024e+00
4.853100885967419487e+01,4.608113678142996328e+00
4.855101457559302958e+01,5.889685798822737794e+00
4.857102029151186429e+01,5.239507724576154324e+00
4.859102600743069900e+01,5.800200375875128600e+00
4.861103172334953371e+01,5.543596345689243421e+00
4.863103743926836131e+01,4.999661874036600118e+00
4.865104315518719602e+01,6.271616916687274390e+00
4.867104887110603073e+01,5.490627675273826114e+00
4.869105458702486544e+01,5.666872129424573856e+00
4.871106030294370015e+01,6.216949654028001149e+00
4.873106601886253486e+01,5.847390245361421712e+00
4.875107173478136957e+01,6.075317069697192984e+00
4.877107745070020428e+01,6.007272187246245565e+00
4.879108316661903899e+01,6.667749458952689778e+00
4.881108888253786660e+01,5.765794741889838093e+00
4.883109459845670131e+01,6.428626390709361260e+00
4.885110031437553602e+01,6.526681994293548783e+00
4.887110603029437073e+01,7.258045680050219772e+00
4.889111174621320544e+01,6.590832244305619980e+00
4.891111746213204015e+01,6.212575366068302074e+00
4.893112317805087486e+01,6.737724874016052468e+00
4.895112889396970957e+01,7.022294599211675425e+00
4.897113460988854428e+01,6.616161597006232853e+00
4.899114032580737899e+01,7.284484904878095080e+00
4.901114604172620659e+01,6.539609805643368468e+00
4.903115175764504130e+01,5.949732476928114799e+00
4.905115747356387601e+01,6.660785782012070833e+00
4.907116318948271072e+01,6.549457235214004136e+00
4.909116890540154543e+01,7.571477476998389022e+00
4.911117462132038014e+01,6.354401951013526784e+00
4.913118033723921485e+01,7.059207417008991570e+00
4.915118605315804956e+01,6.754583674774200297e+00
4.917119176907688427e+01,7.130790455590153343e+00
4.919119748499571187e+01,7.251705781987745958e+00
4.921120320091454658e+01,8.210221717813094955e+00
4.923120891683338129e+01,7.558098183792509417e+00
4.925121463275221600e+01,7.983571416328707926e+00
4.927122034867105071e+01,7.382186680569432724e+00
4.929122606458988542e+01,8.264409152646953416e+00
4.931123178050872014e+01,8.798460836326974288e+00
4.933123749642755485e+01,7.987520921999610835e+00
4.935124321234638956e+01,8.246785318462031000e+00
4.937124892826522427e+01,7.524102696636762566e+00
4.939125464418405187e+01,8.781110295991625847e+00
4.941126036010288658e+01,8.277063027323990241e+00
4.943126607602172129e+01,8.212716870060599916e+00
4.945127179194055600e+01,7.394656430766273658e+00
4.947127750785939071e+01,8.564616383602071892e+00
4.949128322377822542e+01,7.652562687440239486e+00
4.951128893969706013e+01,7.692653669135323113e+00
4.953129465561589484e+01,7.846250313302427060e+00
4.955130037153472955e+01,7.298112883338244927e+00
4.957130608745355715e+01,7.794852337694533340e+00
4.959131180337239186e+01,7.665143797763228406e+00
4.961131751929122657e+01,8.269596538633980032e+00
4.963132323521006128e+01,8.732531069973676452e+00
4.965132895112889599e+01,7.246040726559384026e+00
4.967133466704773070e+01,7.933927545567707185e+00
4.969134038296656541e+01,8.514742502269289304e+00
4.971134609888540012e+01,7.934144890782695470e+00
4.973135181480423483e+01,7.579177645156609522e+00
4.975135753072306244e+01,7.356072698754353212e+00
4.977136324664189715e+01,7.454513103201660940e+00
4.979136896256073186e+01,7.067923886961580138e+00
4.981137467847956657e+01,7.404936774970638069e+00
4.983138039439840128e+01,7.686532965014473362e+00
4.985138611031723599e+01,7.845554666153631729e+00
4.987139182623607070e+01,6.889535086018915955e+00
4.989139754215490541e+01,6.912186717492267540e+00
4.991140325807374012e+01,6.829233016679614465e+00
4.993140897399257483e+01,7.182805160325438365e+00
4.995141468991140243e+01,6.848955083471989447e+00
4.997142040583023714e+01,7.759902395607830350e+00
4.999142612174907185e+01,6.914372681030721779e+00
5.001143183766790656e+01,6.070319341785464395e+00
5.003143755358674127e+01,7.830384015742889225e+00
5.005144326950557598e+01,6.352154932663978570e+00
5.007144898542441069e+01,7.108767214189845696e+00
5.009145470134324540e+01,7.436503283130585729e+00
5.011146041726208011e+01,7.279084150776832018e+00
5.013146613318090772e+01,6.594967487827718244e+00
5.015147184909974243e+01,8.225037510319618050e+00
5.017147756501857714e+01,7.858618868889061027e+00
5.019148328093741185e+01,7.500163904536978343e+00
5.021148899685624656e+01,8.645397480023216730e+00
5.023149471277508127e+01,8.695445700621620588e+00
5.025150042869391598e+01,8.668724234187777711e+00
5.027150614461275069e+01,9.049253900189205169e+00
5.029151186053158540e+01,9.127643404465340282e+00
5.031151757645042011e+01,1.046661414885523556e+01
5.033152329236924771e+01,1.043601496549945828e+01
5.035152900828808242e+01,1.053247818331698760e+01
5.037153472420691713e+01,1.116428077866102697e+01
5.039154044012575184e+01,1.138054694354356577e+01
5.041154615604458655e+01,1.275316676731882914e+01
5.043155187196342126e+01,1.291428351320981704e+01
5.045155758788225597e+01,1.367948526283534072e+01
5.047156330380109068e+01,1.429328625866965297e+01
5.049156901971992539e+01,1.529966451388683524e+01
5.051157473563875300e+01,1.578458211174222114e+01
5.053158045155758771e+01,1.607536440928580035e+01
5.055158616747642242e+01,1.664000139181414184e+01
5.057159188339525713e+01,1.759512462430234336e+01
5.059159759931409184e+01,1.868796087261413419e+01
5.061160331523292655e+01,1.837406038335647196e+01
5.063160903115176126e+01,1.781560509268049231e+01
5.065161474707059597e+01,1.836333880001084040e+01
5.067162046298943068e+01,1.762685877679608026e+01
5.069162617890825828e+01,1.792870886094118887e+01
5.071163189482709299e+01,1.704227600029181033e+01
5.073163761074592770e+01,1.668171329405979009e+01
5.075164332666476241e+01,1.585005513033800995e+01
5.077164904258359712e+01,1.516066646490914493e+01
5.079165475850243183e+01,1.441311128599095781e+01
5.081166047442126654e+01,1.419642501638712773e+01
5.083166619034010125e+01,1.429353271429998706e+01
5.085167190625893596e+01,1.230387480617098817e+01
5.087167762217777067e+01,1.253563559878696765e+01
5.089168333809659828e+01,1.179947498386968618e+01
5.091168905401543299e+01,1.193122934174350291e+01
5.093169476993426770e+01,1.118980109600806117e+01
5.095170048585310241e+01,1.080115623699458460e+01
5.097170620177193712e+01,1.086420717785959233e+01
5.099171191769077183e+01,9.898342588236420880e+00
5.101171763360960654e+01,9.895255269734827053e+00
5.103172334952844125e+01,9.331794991221849855e+00
5.105172906544727596e+01,9.608102036438090465e+00
5.107173478136610356e+01,9.635362389236926006e+00
5.109174049728493827e+01,8.801636306438540558e+00
5.111174621320377298e+01,8.672712299450878959e+00
5.113175192912260769e+01,9.137482337108437491e+00
5.115175764504144240e+01,8.424895763706583551e+00
5.117176336096027711e+01,8.789920511441790651e+00
5.119176907687911182e+01,8.795929263648135432e+00
5.121177479279794653e+01,8.369572884982069638e+00
5.123178050871678124e+01,8.259927765789390364e+00
5.125178622463561595e+01,8.719810584893318506e+00
5.127179194055444356e+01,8.107017899685443396e+00
5.129179765647327827e+01,7.764872260565919504e+00
5.131180337239211298e+01,7.856962939408080437e+00
5.133180908831094769e+01,7.574887220212970895e+00
5.135181480422978240e+01,7.763585225905961451e+00
5.137182052014861711e+01,7.090545833637112771e+00
5.139182623606745182e+01,7.144152414993969913e+00
5.141183195198628653e+01,6.590461924085636802e+00
5.143183766790512124e+01,7.288134926577352957e+00
5.145184338382394884e+01,7.025178379733008072e+00
5.147184909974278355e+01,5.811829093980065863e+00
5.149185481566161826e+01,5.809660879760561336e+00
5.151186053158045297e+01,6.367996940801889494e+00
5.153186624749928768e+01,6.633831015788064889e+00
5.155187196341812239e+01,6.509449489790269716e+00
5.157187767933695710e+01,5.776800707043251215e+00
5.159188339525579181e+01,5.955694929568347007e+00
5.161188911117462652e+01,6.018406028556463561e+00
5.163189482709345413e+01,5.580814286864543838e+00
5.165190054301228884e+01,5.355686071341946963e+00
5.167190625893112355e+01,5.370505722789232550e+00
5.169191197484995826e+01,5.424037075793400220e+00
5.171191769076879297e+01,5.851844457256074605e+00
5.173192340668762768e+01,5.616537230603839248e+00
5.175192912260646239e+01,5.159288657917613818e+00
5.177193483852529710e+01,4.764797090074837094e+00
5.179194055444413181e+01,5.610273601667429055e+00
5.181194627036296652e+01,4.870883689041426656e+00
5.183195198628179412e+01,5.402336660364705168e+00
5.185195770220062883e+01,5.394493807041909506e+00
5.187196341811946354e+01,5.457554942089537064e+00
5.189196913403829825e+01,5.194180230078661253e+00
5.191197484995713296e+01,4.646415146856372580e+00
5.193198056587596767e+01,5.222909934454053271e+00
5.195198628179480238e+01,5.303531107858947102e+00
5.197199199771363709e+01,4.590156549537941721e+00
5.199199771363247180e+01,4.528041931793255870e+00
5.201200342955129940e+01,5.521700893364076990e+00
5.203200914547013411e+01,5.306476177704873010e+00
5.205201486138896882e+01,6.185752182750241523e+00
5.207202057730780353e+01,5.444204390070631838e+00
5.209202629322663824e+01,5.417063623788950899e+00
5.211203200914547295e+01,4.560516928994898578e+00
5.213203772506430766e+01,5.338211999164585997e+00
5.215204344098314237e+01,5.133030403186485735e+00
5.217204915690197708e+01,5.246770203509299790e+00
5.219205487282081180e+01,5.129906814862233766e+00
5.221206058873963940e+01,5.017214550001487972e+00
5.223206630465847411e+01,5.329657771307119596e+00
5.225207202057730882e+01,5.299127592656296848e+00
5.227207773649614353e+01,5.336536494944484232e+00
5.229208345241497824e+01,5.216099013445957056e+00
5.231208916833381295e+01,4.971331546116179112e+00
5.233209488425264766e+01,5.309565309367581420e+00
5.235210060017148237e+01,5.151309351848953888e+00
5.237210631609031708e+01,5.524984597150843335e+00
5.239211203200914468e+01,5.779741454953431834e+00
5.241211774792797939e+01,5.030269428762814243e+00
5.243212346384681410e+01,5.780224002318879784e+00
5.245212917976564881e+01,6.128146619426508401e+00
5.247213489568448352e+01,5.954856157128543437e+00
5.249214061160331823e+01,5.541840233050754350e+00
5.251214632752215294e+01,5.405107893609166325e+00
5.253215204344098765e+01,5.864496900207121222e+00
5.255215775935982236e+01,6.906629809145876209e+00
5.257216347527864997e+01,6.718305324491040231e+00
5.259216919119748468e+01,6.463179853070771586e+00
5.261217490711631939e+01,6.515673947724694770e+00
5.263218062303515410e+01,7.540110057213421868e+00
5.265218633895398881e+01,6.778234168672479854e+00
5.267219205487282352e+01,7.122327249071414457e+00
5.269219777079165823e+01,7.891573901488923681e+00
5.271220348671049294e+01,8.010802533708677231e+00
5.273220920262932765e+01,7.508874269503955645e+00
5.275221491854816236e+01,7.210519870571431511e+00
5.277222063446698996e+01,7.455047069848413699e+00
5.279222635038582467e+01,7.381382507354837585e+00
5.281223206630465938e+01,7.368944032344835193e+00
5.283223778222349409e+01,7.668423465076916301e+00
5.285224349814232880e+01,7.629525992414334823e+00
5.287224921406116351e+01,7.857160083485751123e+00
5.289225492997999822e+01,8.384610366450850449e+00
5.291226064589883293e+01,8.020158555963904590e+00
5.293226636181766764e+01,8.058849078055192905e+00
5.295227207773649525e+01,7.844534598027657069e+00
5.297227779365532996e+01,7.668987118147853721e+00
5.299228350957416467e+01,7.869974819000930211e+00
5.301228922549299938e+01,7.717074138658707838e+00
5.303229494141183409e+01,7.522368785599482521e+00
5.305230065733066880e+01,7.645462094084094495e+00
5.307230637324950351e+01,7.399503951257386802e+00
5.309231208916833822e+01,7.338599643539330586e+00
5.311231780508717293e+01,7.379049603355794851e+00
5.313232352100600764e+01,6.754055105913071344e+00
5.315232923692483524e+01,6.245053145112938964e+00
5.317233495284366995e+01,5.618596616978692282e+00
5.319234066876250466e+01,6.654668266393132470e+00
5.321234638468133937e+01,5.283275634627935702e+00
5.323235210060017408e+01,5.955898461287324253e+00
5.325235781651900879e+01,5.322555508514311029e+00
5.327236353243784350e+01,5.225896436165868408e+00
5.329236924835667821e+01,5.435052449264730967e+00
5.331237496427551292e+01,5.048428235724443880e+00
5.333238068019434053e+01,5.826622127259796002e+00
5.335238639611317524e+01,5.596836318342074179e+00
5.337239211203200995e+01,5.406023887387182647e+00
5.339239782795084466e+01,5.369538623512831954e+00
5.341240354386967937e+01,5.172967724136592338e+00
5.343240925978851408e+01,5.479482210330320235e+00
5.345241497570734879e+01,5.198838533637863080e+00
5.347242069162618350e+01,4.455673445058128124e+00
5.349242640754501821e+01,5.352747637191319185e+00
5.351243212346384581e+01,4.642581688169173937e+00
5.353243783938268052e+01,5.545455694293675464e+00
5.355244355530151523e+01,5.452703934442510558e+00
5.357244927122034994e+01,4.351064224539936909e+00
5.359245498713918465e+01,4.436131521542389322e+00
5.361246070305801936e+01,4.910711971315897095e+00
5.363246641897685407e+01,4.787722198406922480e+00
5.365247213489568878e+01,4.818944593573164958e+00
5.367247785081452349e+01,4.806422849951735188e+00
5.369248356673335820e+01,4.182475224098607391e+00
5.371248928265218581e+01,5.178610538251099626e+00
5.373249499857102052e+01,4.764178485293197873e+00
5.375250071448985523e+01,4.905271367813202943e+00
5.377250643040868994e+01,4.379774128187198912e+00
5.379251214632752465e+01,4.636485399665034812e+00
5.381251786224635936e+01,4.806546957979909607e+00
5.383252357816519407e+01,4.655141456207609885e+00
5.385252929408402878e+01,4.933779777439397662e+00
5.387253501000286349e+01,5.050664180318833019e+00
5.389254072592169109e+01,4.814993305106798793e+00
5.391254644184052580e+01,5.367517964444168399e+00
5.393255215775936051e+01,4.714485643131336445e+00
5.395255787367819522e+01,4.612541040705245621e+00
5.397256358959702993e+01,4.759986962114107989e+00
5.399256930551586464e+01,5.009348713936131681e+00
5.401257502143469935e+01,5.574597219602313025e+00
5.403258073735353406e+01,5.600186055521767514e+00
5.405258645327236877e+01,5.951333219793385254e+00
5.407259216919120348e+01,4.838551537599711239e+00
5.409259788511003109e+01,4.504665593517622746e+00
5.411260360102886580e+01,5.209640505389519838e+00
5.413260931694770051e+01,5.474217545872318347e+00
5.415261503286653522e+01,5.800569291816559669e+00
5.417262074878536993e+01,5.971516072361814587e+00
5.419262646470420464e+01,5.770176962439620638e+00
5.421263218062303935e+01,6.178858129537953658e+00
5.423263789654187406e+01,5.387090938036203092e+00
5.425264361246070877e+01,6.444943330787558544e+00
5.427264932837953637e+01,7.154078443216166150e+00
5.429265504429837108e+01,6.035382306591624335e+00
5.431266076021720579e+01,6.925665491647226446e+00
5.433266647613604050e+01,6.238022656934851362e+00
5.435267219205487521e+01,7.322974800397902939e+00
5.437267790797370992e+01,7.040839488428135340e+00
5.439268362389254463e+01,7.284013657793058094e+00
5.441268933981137934e+01,7.848412218466728874e+00
5.443269505573021405e+01,8.495560871440865469e+00
5.445270077164904166e+01,9.184595424049549095e+00
5.447270648756787637e+01,9.074078714371349719e+00
5.449271220348671108e+01,1.036490049894409182e+01
5.451271791940554579e+01,1.013903070804475703e+01
5.453272363532438050e+01,1.169625946001512062e+01
5.455272935124321521e+01,1.199467685956924967e+01
5.457273506716204992e+01,1.189623907625780674e+01
5.459274078308088463e+01,1.394842007989893773e+01
5.461274649899971934e+01,1.441484600053895981e+01
5.463275221491855405e+01,1.430524515957680620e+01
5.465275793083738165e+01,1.472334077610396008e+01
5.467276364675621636e+01,1.518493992585102603e+01
5.469276936267505107e+01,1.723856535066314422e+01
5.471277507859388578e+01,1.728605972083259701e+01
5.473278079451272049e+01,1.698301963305319617e+01
5.475278651043155520e+01,1.805776828958057934e+01
5.477279222635038991e+01,1.703886033924970533e+01
5.479279794226922462e+01,1.762751420100333277e+01
5.481280365818805933e+01,1.801938927588212991e+01
5.483280937410688693e+01,1.655222442103708858e+01
5.485281509002572164e+01,1.688366439699019850e+01
5.487282080594455635e+01,1.520040563785411436e+01
5.489282652186339106e+01,1.564256001833485143e+01
5.491283223778222577e+01,1.399898327190198621e+01
5.493283795370106048e+01,1.351132227858279222e+01
5.495284366961989519e+01,1.317143766461419752e+01
5.497284938553872990e+01,1.282015710922368257e+01
5.499285510145756461e+01,1.239774799571441832e+01
5.501286081737639222e+01,1.207638944515135115e+01
5.503286653329522693e+01,1.140157092928898308e+01
5.505287224921406164e+01,1.134114537094714770e+01
5.507287796513289635e+01,1.067568800603436330e+01
5.509288368105173106e+01,1.033874230821270501e+01
5.511288939697056577e+01,1.000581902654529287e+01
5.513289511288940048e+01,1.008321520926876325e+01
5.515290082880823519e+01,1.018959900709695887e+01
5.517290654472706990e+01,8.706410041495985297e+00
5.519291226064590461e+01,9.754349311907265729e+00
5.521291797656473221e+01,8.971652853806466155e+00
5.523292369248356692e+01,8.536125719783148824e+00
5.525292940840240163e+01,8.648971898247880929e+00
5.527293512432123634e+01,8.230995993394785160e+00
5.529294084024007105e+01,8.776446205790250588e+00
5.531294655615890576e+01,8.229909185462389587e+00
5.533295227207774047e+01,7.785877106248097590e+00
5.535295798799657518e+01,8.651072724628917854e+00
5.537296370391540989e+01,7.820093151192897274e+00
5.539296941983423750e+01,7.435337232740357294e+00
5.541297513575307221e+01,7.735336444825317237e+00
5.543298085167190692e+01,7.193801986166035611e+00
5.545298656759074163e+01,7.271291446801450675e+00
5.547299228350957634e+01,6.497413999621109326e+00
5.549299799942841105e+01,7.497466263289433996e+00
5.551300371534724576e+01,6.901965659946823095e+00
5.553300943126608047e+01,6.407034875397441098e+00
5.555301514718491518e+01,6.717171057495184172e+00
5.557302086310374989e+01,6.100580361009541264e+00
5.559302657902257749e+01,6.471721988837957795e+00
5.561303229494141220e+01,6.233920505049918681e+00
5.563303801086024691e+01,6.576923472692950412e+00
5.565304372677908162e+01,6.456196923883441130e+00
5.567304944269791633e+01,7.120210535914247352e+00
5.569305515861675104e+01,6.456633375766166694e+00
5.571306087453558575e+01,6.786644555965287040e+00
5.573306659045442046e+01,5.764252274356699068e+00
5.575307230637325517e+01,6.332037333413087943e+00
5.577307802229208278e+01,6.557902700124392581e+00
5.579308373821091749e+01,6.858478174552122830e+00
5.581308945412975220e+01,6.213517629627265393e+00
5.583309517004858691e+01,6.019781176525265565e+00
5.585310088596742162e+01,6.197044163406963513e+00
5.587310660188625633e+01,6.670179253344383774e+00
5.589311231780509104e+01,6.335471351229826631e+00
5.591311803372392575e+01,6.653523442984469405e+00
5.593312374964276046e+01,6.929955203010981890e+00
5.595312946556158806e+01,7.285986854007357572e+00
5.597313518148042277e+01,6.541024174154016713e+00
5.599314089739925748e+01,6.930397706908645539e+00
5.601314661331809219e+01,7.304788877440314465e+00
5.603315232923692690e+01,6.795470260223160253e+00
5.605315804515576161e+01,6.706751954351727107e+00
5.607316376107459632e+01,7.170313430448649328e+00
5.609316947699343103e+01,7.868726347739637639e+00
5.611317519291226574e+01,7.326431536974915559e+00
5.613318090883110045e+01,7.881074842926962809e+00
5.615318662474992806e+01,8.965182455982455778e+00
5.617319234066876277e+01,8.273213472936379986e+00
5.619319805658759748e+01,9.538483911540268423e+00
5.621320377250643219e+01,9.125705855973754055e+00
5.623320948842526690e+01,9.346031002907725593e+00
5.625321520434410161e+01,1.032258798224461138e+01
5.627322092026293632e+01,1.015598745822109095e+01
5.629322663618177103e+01,1.011199722653824651e+01
5.631323235210060574e+01,1.114812299133643592e+01
5.633323806801943334e+01,1.161396447596435699e+01
5.635324378393826805e+01,1.216972442199588755e+01
5.637324949985710276e+01,1.165906042763198691e+01
5.639325521577593747e+01,1.124599235060108171e+01
5.641326093169477218e+01,1.202851068522759803e+01
5.643326664761360689e+01,1.254805992292543948e+01
5.645327236353244160e+01,1.175554443944236027e+01
5.647327807945127631e+01,1.284740494676697153e+01
5.649328379537011102e+01,1.256415812866851134e+01
5.651328951128894573e+01,1.306396714919699065e+01
5.653329522720777334e+01,1.235887497791008549e+01
5.655330094312660805e+01,1.128493881189393022e+01
5.657330665904544276e+01,1.153484974059081658e+01
5.659331237496427747e+01,1.171246664824058747e+01
5.661331809088311218e+01,1.074666721749245824e+01
5.663332380680194689e+01,1.164381946275472046e+01
5.665332952272078160e+01,1.003643084950429731e+01
5.667333523863961631e+01,1.091496997866097907e+01
5.669334095455845102e+01,1.020487900107716683e+01
5.671334667047727862e+01,9.779905269720753580e+00
5.673335238639611333e+01,9.293976582332291514e+00
5.675335810231494804e+01,1.001006915006581188e+01
5.677336381823378275e+01,9.638068171356433567e+00
5.679336953415261746e+01,9.416012231101005270e+00
5.681337525007145217e+01,9.426567007204996074e+00
5.683338096599028688e+01,1.017064968231627908e+01
5.685338668190912159e+01,9.697732865293655635e+00
5.687339239782795630e+01,1.062641606535352246e+01
5.689339811374678391e+01,1.059052848937541214e+01
5.691340382966561862e+01,1.070128803673929418e+01
5.693340954558445333e+01,1.259676341637639752e+01
5.695341526150328804e+01,1.220693586410810560e+01
5.697342097742212275e+01,1.292188846931256130e+01
5.699342669334095746e+01,1.316174109224623834e+01
5.701343240925979217e+01,1.392679990796895240e+01
5.703343812517862688e+01,1.449598735114073733e+01
5.705344384109746159e+01,1.458703860380683004e+01
5.707344955701629630e+01,1.532708406740134954e+01
5.709345527293512390e+01,1.596373490733281386e+01
5.711346098885395861e+01,1.495529106932550256e+01
5.713346670477279332e+01,1.635824093151263270e+01
5.715347242069162803e+01,1.580548545307546959e+01
5.717347813661046274e+01,1.574599399030091007e+01
5.719348385252929745e+01,1.563198482783703902e+01
5.721348956844813216e+01,1.513846833797699531e+01
5.723349528436696687e+01,1.494084139914944309e+01
5.725350100028580158e+01,1.373940148247975657e+01
5.727350671620462919e+01,1.487748150516941692e+01
5.729351243212346390e+01,1.400334707566237213e+01
5.731351814804229861e+01,1.387499097555371819e+01
5.733352386396113332e+01,1.339621991243983068e+01
5.735352957987996803e+01,1.325323128926380356e+01
5.737353529579880274e+01,1.235456474836742835e+01
5.739354101171763745e+01,1.231656028997088015e+01
5.741354672763647216e+01,1.239749617452760866e+01
5.743355244355530687e+01,1.262152297450447591e+01
5.745355815947414158e+01,1.176167249234202927e+01
5.747356387539296918e+01,1.255767164923084067e+01
5.749356959131180389e+01,1.278395152048804384e+01
5.751357530723063860e+01,1.301184584230446539e+01
5.753358102314947331e+01,1.263194014758996175e+01
5.755358673906830802e+01,1.256312433867437051e+01
5.757359245498714273e+01,1.378211051414525912e+01
5.759359817090597744e+01,1.337508540103936028e+01
5.761360388682481215e+01,1.333906640139955080e+01
5.763360960274364686e+01,1.377028554598518184e+01
5.765361531866247446e+01,1.506828746648164241e+01
5.767362103458130917e+01,1.408536961241934904e+01
5.769362675050014388e+01,1.512931547868807769e+01
5.771363246641897859e+01,1.538737223385868802e+01
5.773363818233781330e+01,1.482469830277645073e+01
5.775364389825664801e+01,1.455374161169369707e+01
5.777364961417548272e+01,1.510298708577050775e+01
5.779365533009431743e+01,1.621752442756184820e+01
5.781366104601315214e+01,1.573945672733574952e+01
5.783366676193197975e+01,1.529054284217928483e+01
5.785367247785081446e+01,1.551105081185154688e+01
5.787367819376964917e+01,1.540408516825551999e+01
5.789368390968848388e+01,1.463370795976080885e+01
5.791368962560731859e+01,1.470170507206901434e+01
5.793369534152615330e+01,1.516771249078063022e+01
5.795370105744498801e+01,1.434359862034564514e+01
5.797370677336382272e+01,1.403672274305138146e+01
5.799371248928265743e+01,1.386115596470944666e+01
5.801371820520149214e+01,1.421429487885454890e+01
5.803372392112031974e+01,1.293756689424816031e+01
5.805372963703915445e+01,1.232950046959953916e+01
5.807373535295798916e+01,1.230370606837037606e+01
5.809374106887682387e+01,1.211818002384960380e+01
5.811374678479565858e+01,1.141332605700477743e+01
5.813375250071449329e+01,1.140751402889859456e+01
5.815375821663332800e+01,1.046739224902721332e+01
5.817376393255216271e+01,1.076744037591777925e+01
5.819376964847099742e+01,9.987765837696018778e+00
5.821377536438982503e+01,9.459962178679365508e+00
5.823378108030865974e+01,9.419446151592767436e+00
5.825378679622749445e+01,8.708395723856389381e+00
5.827379251214632916e+01,8.356823360065119388e+00
5.829379822806516387e+01,9.019891486740011288e+00
5.831380394398399858e+01,8.951404578197273310e+00
5.833380965990283329e+01,8.628818081194186362e+00
5.835381537582166800e+01,9.039055782037346276e+00
5.837382109174050271e+01,8.699245554148264503e+00
5.839382680765933742e+01,8.746626761457994448e+00
5.841383252357816502e+01,8.802301658543836282e+00
5.843383823949699973e+01,8.616204404751371726e+00
5.845384395541583444e+01,8.067687311264007732e+00
5.847384967133466915e+01,8.611980114872462622e+00
5.849385538725350386e+01,8.197930311269097103e+00
5.851386110317233857e+01,8.744232251054457450e+00
5.853386681909117328e+01,8.886769119619057022e+00
5.855387253501000799e+01,8.571626897304465587e+00
5.857387825092884270e+01,9.266086437549512667e+00
5.859388396684767031e+01,9.203872121116035032e+00
5.861388968276650502e+01,9.013785189499865069e+00
5.863389539868533973e+01,8.798862244701506796e+00
5.865390111460417444e+01,9.907397678987404532e+00
5.867390683052300915e+01,9.134352673189683358e+00
5.869391254644184386e+01,8.927515350662577731e+00
5.871391826236067857e+01,9.533443716406655000e+00
5.873392397827951328e+01,9.158767872243714692e+00
5.875392969419834799e+01,8.965249576282360522e+00
5.877393541011717559e+01,9.430916409273386591e+00
5.879394112603601030e+01,9.122899713325766768e+00
5.881394684195484501e+01,8.665860696503015603e+00
5.883395255787367972e+01,8.857475438277395696e+00
5.885395827379251443e+01,8.219559747842229314e+00
5.887396398971134914e+01,9.389013171928249690e+00
5.889396970563018385e+01,9.004764062187637919e+00
5.891397542154901856e+01,9.306468454075048413e+00
5.893398113746785327e+01,9.323405073845332680e+00
5.895398685338668798e+01,1.005922965835656413e+01
5.897399256930551559e+01,1.013257562367693509e+01
5.899399828522435030e+01,1.043758529793725387e+01
5.901400400114318501e+01,1.082814372164322769e+01
5.903400971706201972e+01,1.069201272661305424e+01
5.905401543298085443e+01,1.130245208956661607e+01
5.907402114889968914e+01,1.225933382363062663e+01
5.909402686481852385e+01,1.241135481864935208e+01
5.911403258073735856e+01,1.307994064170267379e+01
5.913403829665619327e+01,1.424825917299928157e+01
5.915404401257502087e+01,1.539313938203258836e+01
5.917404972849385558e+01,1.510447584152872480e+01
5.919405544441269029e+01,1.649910262327883004e+01
5.921406116033152500e+01,1.711449647995398493e+01
5.923406687625035971e+01,1.827995035010589220e+01
5.925407259216919442e+01,1.891476397356475658e+01
5.927407830808802913e+01,1.995016146804079682e+01
5.929408402400686384e+01,2.040647740169455204e+01
5.931408973992569855e+01,2.101984516670791692e+01
5.933409545584453326e+01,2.110660342308176496e+01
5.935410117176336087e+01,2.153993775758095097e+01
5.937410688768219558e+01,2.093476202808203368e+01
5.939411260360103029e+01,2.079135672565046278e+01
5.941411831951986500e+01,2.092737920785737060e+01
5.943412403543869971e+01,1.997869596730811637e+01
5.945412975135753442e+01,1.904855709958347632e+01
5.947413546727636913e+01,1.862317751686899925e+01
5.949414118319520384e+01,1.748967000031561270e+01
5.951414689911403855e+01,1.668752141547089352e+01
5.953415261503286615e+01,1.651668128782057465e+01
5.955415833095170086e+01,1.519636986904781395e+01
5.957416404687053557e+01,1.440697400563069586e+01
5.959416976278937028e+01,1.389284073661585950e+01
5.961417547870820499e+01,1.434977374007009843e+01
5.963418119462703970e+01,1.263370185608659568e+01
5.965418691054587441e+01,1.315938002851574318e+01
5.967419262646470912e+01,1.293583238987954154e+01
5.969419834238354383e+01,1.171808921077468213e+01
5.971420405830237144e+01,1.217643310452688432e+01
5.973420977422120615e+01,1.083410175961083866e+01
5.975421549014004086e+01,1.065194370550007719e+01
5.977422120605887557e+01,1.045310722444330231e+01
5.979422692197771028e+01,1.096927114049123375e+01
5.981423263789654499e+01,1.034773386708224763e+01
5.983423835381537970e+01,1.039198117999225879e+01
5.985424406973421441e+01,1.061763705884762921e+01
5.987424978565304912e+01,1.049598000245304519e+01
5.989425550157188383e+01,9.885480206518248991e+00
5.991426121749071143e+01,1.069178792168542103e+01
5.993426693340954614e+01,1.009504782443257653e+01
5.995427264932838085e+01,9.805366915090340640e+00
5.997427836524721556e+01,9.733327124645340334e+00
5.999428408116605027e+01,1.022634745772312392e+01
6.001428979708488498e+01,1.012245231870222639e+01
6.003429551300371969e+01,9.969818687343670049e+00
6.005430122892255440e+01,1.008004758887184771e+01
6.007430694484138911e+01,9.459458142332367814e+00
6.009431266076021672e+01,9.879366119391328027e+00
6.011431837667905143e+01,9.978832552586187177e+00
6.013432409259788614e+01,1.014223382210216151e+01
6.015432980851672085e+01,1.124629599220007847e+01
6.017433552443555556e+01,1.107190349556978859e+01
6.019434124035439027e+01,1.145677712555736960e+01
6.021434695627322498e+01,1.110862154221687170e+01
6.023435267219205969e+01,1.169856907753085196e+01
6.025435838811089440e+01,1.173783128941756715e+01
6.027436410402972911e+01,1.212714603773241961e+01
6.029436981994855671e+01,1.274810211339097066e+01
6.031437553586739142e+01,1.262215205800726991e+01
6.033438125178622613e+01,1.242189556868408573e+01
6.035438696770506084e+01,1.374981662665040005e+01
6.037439268362389555e+01,1.328945317172232166e+01
6.039439839954273026e+01,1.203598665764670805e+01
6.041440411546156497e+01,1.196094017819032018e+01
6.043440983138039968e+01,1.211181146392586072e+01
6.045441554729923439e+01,1.192802270653847785e+01
6.047442126321806199e+01,1.139909420503821025e+01
6.049442697913689670e+01,1.163578326015693420e+01
6.051443269505573141e+01,9.883364704119889765e+00
6.053443841097456612e+01,1.041425264945000251e+01
6.055444412689340083e+01,9.321398201161539276e+00
6.057444984281223554e+01,9.446468510833138765e+00
6.059445555873107025e+01,9.476290789425570793e+00
6.061446127464990496e+01,9.464326716216984181e+00
6.063446699056873967e+01,8.341648822691450249e+00
6.065447270648756728e+01,8.216405648702233222e+00
6.067447842240640199e+01,8.084716782195609852e+00
6.069448413832523670e+01,8.543542362127494627e+00
6.071448985424407141e+01,8.335696313491165910e+00
6.073449557016290612e+01,8.556016399258034255e+00
6.075450128608174083e+01,7.770162902855661358e+00
6.077450700200057554e+01,8.072146069863933349e+00
6.079451271791941025e+01,8.046709744774908302e+00
6.081451843383824496e+01,7.595567305732818575e+00
6.083452414975707967e+01,7.247555072677378973e+00
6.085452986567590727e+01,7.914471160162847241e+00
6.087453558159474198e+01,6.860912067256086821e+00
6.089454129751357669e+01,7.390164964407757608e+00
6.091454701343241140e+01,7.048782485731669212e+00
6.093455272935124611e+01,6.025108754670185363e+00
6.095455844527008082e+01,6.090055024469720024e+00
6.097456416118891553e+01,6.424224166414550297e+00
6.099456987710775024e+01,5.887997562006524355e+00
6.101457559302658495e+01,6.475144958590789201e+00
6.103458130894541256e+01,6.060345472025164604e+00
6.105458702486424727e+01,6.061086360645356663e+00
6.107459274078308198e+01,5.820937385105116491e+00
6.109459845670191669e+01,6.372856779265259064e+00
6.111460417262075140e+01,5.559422469111092724e+00
6.113460988853958611e+01,5.341468372454717617e+00
6.115461560445842082e+01,4.536339743050848305e+00
6.117462132037725553e+01,5.420554445585986869e+00
6.119462703629609024e+01,5.484095466207691061e+00
6.121463275221492495e+01,4.670094519079218465e+00
6.123463846813375255e+01,5.337617327361187769e+00
6.125464418405258726e+01,4.278790248138759189e+00
6.127464989997142197e+01,5.137045054743049732e+00
6.129465561589025668e+01,4.903822063301064738e+00
6.131466133180909139e+01,4.494638591435317743e+00
6.133466704772792610e+01,5.376576057609808501e+00
6.135467276364676081e+01,4.712216023512872276e+00
6.137467847956559552e+01,4.886657241951570363e+00
6.139468419548443023e+01,4.415517473520004010e+00
6.141468991140325784e+01,4.235662322046114703e+00
6.143469562732209255e+01,4.874727436868385055e+00
6.145470134324092726e+01,4.570658222088066935e+00
6.147470705915976197e+01,5.310076180506062116e+00
6.149471277507859668e+01,4.155628344621008274e+00
6.151471849099743139e+01,4.546297603993350478e+00
6.153472420691626610e+01,4.802987332889256500e+00
6.155472992283510081e+01,4.254206928882555694e+00
6.157473563875393552e+01,5.208127068106712443e+00
6.159474135467276312e+01,4.722175038932742375e+00
6.161474707059159783e+01,4.356480991440967898e+00
6.163475278651043254e+01,4.869270296183205282e+00
6.165475850242926725e+01,4.975788283746352292e+00
6.167476421834810196e+01,4.166830796934030801e+00
6.169476993426693667e+01,4.502222346259265429e+00
6.171477565018577138e+01,4.590615366959079680e+00
6.173478136610460609e+01,4.222454662753804655e+00
6.175478708202344080e+01,4.488619480833878406e+00
6.177479279794227551e+01,4.769753264253999703e+00
6.179479851386110312e+01,4.656619266956465886e+00
6.181480422977993783e+01,4.325007976056312486e+00
6.183480994569877254e+01,4.063433685909286552e+00
6.185481566161760725e+01,3.923484043697894830e+00
6.187482137753644196e+01,4.731882836804177650e+00
6.189482709345527667e+01,4.176908478221037058e+00
6.191483280937411138e+01,4.956269499794686340e+00
6.193483852529294609e+01,4.763669820437547386e+00
6.195484424121178080e+01,4.741332667848831228e+00
6.197484995713060840e+01,4.279218539895600415e+00
6.199485567304944311e+01,4.135585515433298553e+00
6.201486138896827782e+01,4.213057145619685251e+00
6.203486710488711253e+01,4.744237701033432231e+00
6.205487282080594724e+01,4.437719922546967233e+00
6.207487853672478195e+01,4.122434503898792180e+00
6.209488425264361666e+01,3.802333258834361907e+00
6.211488996856245137e+01,4.668646170070151591e+00
6.213489568448128608e+01,4.666873392857196379e+00
6.215490140040011369e+01,4.714465454641200814e+00
6.217490711631894840e+01,4.940464332915085244e+00
6.219491283223778311e+01,4.323602706594383172e+00
6.221491854815661782e+01,4.339098070842458021e+00
6.223492426407545253e+01,4.598414707250224609e+00
6.225492997999428724e+01,4.760057911967725985e+00
6.227493569591312195e+01,4.218186919312321592e+00
6.229494141183195666e+01,5.327418825684909542e+00
6.231494712775079137e+01,5.059423830925410925e+00
6.233495284366962608e+01,4.806013961843400573e+00
6.235495855958845368e+01,5.832283502568524014e+00
6.237496427550728839e+01,5.327284196459659782e+00
6.239496999142612310e+01,5.943585700590430676e+00
6.241497570734495781e+01,5.648590001490199519e+00
6.243498142326379252e+01,5.521795640814877615e+00
6.245498713918262723e+01,6.026189153426972922e+00
6.247499285510146194e+01,5.700519637822253571e+00
6.249499857102029665e+01,6.556299347508764086e+00
6.251500428693913136e+01,5.280224993389191823e+00
6.253501000285795897e+01,6.811081938833478233e+00
6.255501571877679368e+01,6.307124153050675197e+00
6.257502143469562839e+01,5.985859090327970478e+00
6.259502715061446310e+01,6.091426510632737212e+00
6.261503286653329781e+01,6.256636265399934338e+00
6.263503858245213252e+01,6.357063095533371566e+00
6.265504429837096723e+01,6.515415582752227763e+00
6.267505001428980194e+01,6.010721603429446169e+00
6.269505573020863665e+01,5.934583125737300513e+00
6.271506144612747136e+01,6.122299195684163031e+00
6.273506716204629896e+01,6.236260161750899478e+00
6.275507287796513367e+01,5.554355922651148525e+00
6.277507859388396838e+01,5.984957503464643835e+00
6.279508430980280309e+01,5.815191165641281579e+00
6.281509002572163780e+01,6.112661902033294403e+00
6.283509574164047251e+01,5.604076930281154389e+00
6.285510145755930722e+01,6.579309952600020495e+00
6.287510717347814193e+01,6.416575061214990328e+00
6.289511288939697664e+01,6.115160590253025497e+00
6.291511860531580425e+01,5.933635291700431580e+00
6.293512432123463896e+01,5.876222078488527956e+00
6.295513003715347367e+01,6.372632538800528046e+00
6.297513575307230838e+01,5.498637415994781286e+00
6.299514146899114309e+01,5.987149953506115452e+00
6.301514718490997780e+01,5.801751928746222475e+00
6.303515290082881251e+01,6.027169332102118915e+00
6.305515861674764722e+01,6.025743865615726058e+00
6.307516433266648193e+01,6.342104202140236069e+00
6.309517004858530953e+01,5.921608869767593042e+00
6.311517576450414424e+01,5.793392222571011274e+00
6.313518148042297895e+01,5.385952899520302317e+00
6.315518719634181366e+01,5.065084132637490910e+00
6.317519291226064837e+01,5.638678593395038519e+00
6.319519862817948308e+01,5.388657023680820224e+00
6.321520434409831779e+01,5.417018701062891850e+00
6.323521006001715250e+01,5.061222883755151614e+00
6.325521577593598721e+01,4.925450823285635771e+00
6.327522149185482192e+01,4.875503134066097033e+00
6.329522720777364952e+01,5.455974026199459814e+00
6.331523292369248423e+01,5.001741290289982267e+00
6.333523863961131894e+01,5.664773412601238789e+00
6.335524435553015365e+01,5.398876562086287301e+00
6.337525007144898836e+01,4.987438960234621632e+00
6.339525578736782307e+01,4.622621787926054715e+00
6.341526150328665778e+01,5.107295215446989722e+00
6.343526721920549249e+01,5.208551956855211884e+00
6.345527293512432720e+01,4.788153565725041361e+00
6.347527865104315481e+01,4.388262368621822063e+00
6.349528436696198952e+01,5.259265599852303907e+00
6.351529008288082423e+01,5.646430583166525352e+00
6.353529579879965894e+01,5.662081126911099105e+00
6.355530151471849365e+01,4.636425008786412505e+00
6.357530723063732836e+01,5.404441523428877403e+00
6.359531294655616307e+01,5.142626735602636501e+00
6.361531866247499778e+01,4.432297498575231920e+00
6.363532437839383249e+01,4.787556570685972623e+00
6.365533009431266720e+01,4.480398055265728097e+00
6.367533581023149480e+01,5.321073287687505093e+00
6.369534152615032951e+01,4.866435168716232162e+00
6.371534724206916422e+01,4.178194823845254646e+00
6.373535295798799893e+01,5.462249099712958689e+00
6.375535867390683364e+01,4.405327806009132097e+00
6.377536438982566835e+01,4.313471710555003114e+00
6.379537010574450306e+01,5.177174936579160835e+00
6.381537582166333777e+01,4.865218896118089553e+00
6.383538153758217248e+01,5.419090141647658676e+00
6.385538725350100009e+01,4.809817550646632078e+00
6.387539296941983480e+01,5.666165318696076980e+00
6.389539868533866951e+01,4.704154694898849520e+00
6.391540440125750422e+01,4.961543403326576396e+00
6.393541011717633893e+01,4.283469554016027026e+00
6.395541583309517364e+01,5.066451066885573340e+00
6.397542154901400835e+01,5.439944676748529773e+00
6.399542726493284306e+01,4.582178045875091144e+00
6.401543298085167066e+01,4.796378164308575442e+00
6.403543869677051248e+01,4.744582643136773470e+00
6.405544441268934008e+01,4.594539960723267313e+00
6.407545012860816769e+01,5.089840644905423872e+00
6.409545584452700950e+01,5.266400503388422472e+00
6.411546156044585132e+01,5.059257216877266927e+00
6.413546727636467892e+01,5.268723110651628794e+00
6.415547299228350653e+01,5.108115621036784404e+00
6.417547870820234834e+01,5.278797846719740505e+00
6.419548442412119016e+01,6.089877218844740980e+00
6.421549014004001776e+01,5.551920876127238280e+00
6.423549585595884537e+01,5.595952020207045408e+00
6.425550157187768718e+01,5.717885391697705266e+00
6.427550728779651479e+01,6.623202717164225817e+00
6.429551300371534239e+01,6.845170433694050871e+00
6.431551871963418421e+01,5.885711338847928076e+00
6.433552443555302602e+01,7.586736741663406391e+00
6.435553015147185363e+01,7.101846069410668427e+00
6.437553586739068123e+01,7.686667235792757680e+00
6.439554158330952305e+01,7.391260158103563072e+00
6.441554729922835065e+01,7.907927558741600471e+00
6.443555301514717826e+01,8.733561867471031803e+00
6.445555873106602007e+01,8.963124405006958284e+00
6.447556444698486189e+01,8.829517116403634347e+00
6.449557016290368949e+01,8.428503765640936507e+00
6.451557587882251710e+01,9.423837185734424082e+00
6.453558159474135891e+01,8.399195764082138638e+00
6.455558731066020073e+01,9.096665283268333013e+00
6.457559302657902833e+01,8.895537357754992769e+00
6.459559874249785594e+01,8.949025797275677263e+00
6.461560445841669775e+01,7.925752181108970618e+00
6.463561017433552536e+01,8.582058830236457325e+00
6.465561589025435296e+01,7.911771015814966113e+00
6.467562160617319478e+01,8.161440926795650697e+00
6.469562732209203659e+01,7.744912756246071339e+00
6.471563303801086420e+01,8.071228470594215665e+00
6.473563875392969180e+01,7.493562430254809392e+00
6.475564446984853362e+01,7.037793175605807861e+00
6.477565018576737543e+01,6.596634825473758568e+00
6.479565590168618883e+01,6.168670191490186916e+00
6.481566161760503064e+01,7.087322659884668141e+00
6.483566733352387246e+01,5.935684716922221327e+00
6.485567304944270006e+01,6.342592243903430571e+00
6.487567876536152767e+01,6.553260785648596709e+00
6.489568448128036948e+01,6.285572027679453555e+00
6.491569019719921130e+01,5.792783056545015796e+00
6.493569591311803890e+01,6.028774759670052497e+00
6.495570162903686651e+01,6.655969757826896149e+00
6.497570734495570832e+01,6.608853161841399704e+00
6.499571306087453593e+01,7.065977705366047523e+00
6.501571877679336353e+01,6.395505324804510394e+00
6.503572449271220535e+01,7.347351703113227828e+00
6.505573020863104716e+01,6.569914122241121035e+00
6.507573592454987477e+01,7.141116918698902083e+00
6.509574164046870237e+01,7.275981927387201509e+00
6.511574735638754419e+01,7.426598433507618502e+00
6.513575307230638600e+01,6.347678797101127479e+00
6.515575878822521361e+01,6.435367737724210890e+00
6.517576450414404121e+01,7.440229012847120238e+00
6.519577022006288303e+01,7.134903765119540608e+00
6.521577593598171063e+01,6.880496837294250767e+00
6.523578165190053824e+01,6.100505926433042347e+00
6.525578736781938005e+01,6.471300049626138140e+00
6.527579308373822187e+01,5.906797304737421150e+00
6.529579879965704947e+01,7.112058489510870274e+00
6.531580451557587708e+01,6.933180862424263680e+00
6.533581023149471889e+01,6.030996324544208420e+00
6.535581594741354650e+01,6.511249116721644192e+00
6.537582166333237410e+01,6.404169563507224439e+00
6.539582737925121592e+01,6.769907446733924417e+00
6.541583309517005773e+01,6.118799259020238246e+00
6.543583881108888534e+01,5.737286376081467409e+00
6.545584452700771294e+01,6.046677633368826577e+00
6.547585024292655476e+01,5.445465051829423864e+00
6.549585595884539657e+01,4.855163654620088032e+00
6.551586167476422418e+01,5.823008289839580520e+00
6.553586739068305178e+01,5.424605593596555586e+00
6.555587310660189360e+01,6.191528918244795676e+00
6.557587882252072120e+01,4.926479166203971971e+00
6.559588453843954881e+01,5.977140003825824444e+00
6.561589025435839062e+01,5.074219076255308103e+00
6.563589597027723244e+01,6.172489353572454540e+00
6.565590168619606004e+01,5.361174241013330288e+00
6.567590740211488765e+01,4.782346856821455106e+00
6.569591311803372946e+01,5.996299837649749165e+00
6.571591883395257128e+01,5.087824761851236666e+00
6.573592454987138467e+01,5.716865765077529637e+00
6.575593026579022649e+01,5.726649541167609492e+00
6.577593598170906830e+01,6.118628792200391686e+00
6.579594169762789591e+01,5.512207943979126945e+00
6.581594741354672351e+01,5.771626003837051933e+00
6.583595312946556533e+01,5.827301004931758399e+00
6.585595884538440714e+01,5.505486193452950872e+00
6.587596456130323475e+01,6.884846853387911025e+00
6.589597027722206235e+01,5.582102599350054817e+00
6.591597599314090417e+01,6.724508085839817184e+00
6.593598170905973177e+01,6.727800820711982155e+00
6.595598742497855937e+01,7.249325528095488913e+00
6.597599314089740119e+01,7.273961198332267841e+00
6.599599885681624301e+01,6.866459233992579847e+00
6.601600457273507061e+01,7.562468800045474282e+00
6.603601028865389821e+01,7.882733831712391392e+00
6.605601600457274003e+01,8.400353968608389010e+00
6.607602172049158185e+01,8.116716238331715516e+00
6.609602743641040945e+01,8.286716662693361712e+00
6.611603315232923705e+01,9.382008179479370824e+00
6.613603886824807887e+01,8.962644705133763878e+00
6.615604458416690647e+01,9.002419353217938180e+00
6.617605030008573408e+01,9.340312958958433498e+00
6.619605601600457589e+01,8.912545941052488985e+00
6.621606173192341771e+01,9.750193343132551149e+00
6.623606744784224531e+01,8.773717144728507833e+00
6.625607316376107292e+01,8.743122068781358891e+00
6.627607887967991473e+01,8.963229429567247664e+00
6.629608459559874234e+01,8.729035184841645645e+00
6.631609031151756994e+01,8.898087001085405845e+00
6.633609602743641176e+01,7.916628485889594558e+00
6.635610174335525357e+01,8.042506737104359260e+00
6.637610745927408118e+01,8.416866176435481961e+00
6.639611317519290878e+01,7.502764327288788948e+00
6.641611889111175060e+01,6.856839763176867386e+00
6.643612460703059241e+01,6.823837565202817146e+00
6.645613032294942002e+01,7.485708462341684744e+00
6.647613603886824762e+01,6.803684249318591171e+00
6.649614175478708944e+01,7.423609461359988337e+00
6.651614747070591704e+01,6.172367930899113730e+00
6.653615318662474465e+01,6.230298550193017704e+00
6.655615890254358646e+01,6.037426097996107188e+00
6.657616461846242828e+01,5.807042121038552551e+00
6.659617033438125588e+01,6.409195911952604519e+00
6.661617605030008349e+01,6.271924462549073098e+00
6.663618176621892530e+01,6.782817777185082164e+00
6.665618748213776712e+01,5.596366915772705397e+00
6.667619319805658051e+01,5.838706036398930266e+00
6.669619891397542233e+01,5.904080928390021299e+00
6.671620462989426414e+01,6.757765776458898088e+00
6.673621034581309175e+01,6.461272333369334042e+00
6.675621606173191935e+01,5.364331752723424884e+00
6.677622177765076117e+01,5.938582575731842894e+00
6.679622749356960298e+01,6.277388368498494131e+00
6.681623320948843059e+01,6.342263927885696262e+00
6.683623892540725819e+01,6.253950714087935125e+00
6.685624464132610001e+01,6.647474346525024558e+00
6.687625035724492761e+01,6.399357418688324195e+00
6.689625607316375522e+01,6.870537906934877981e+00
6.691626178908259703e+01,6.243318418131444503e+00
6.693626750500143885e+01,6.403854762108845300e+00
6.695627322092026645e+01,6.117312858580390866e+00
6.697627893683909406e+01,5.931768561104199478e+00
6.699628465275793587e+01,5.901928922964795987e+00
6.701629036867677769e+01,6.985531770865626378e+00
6.703629608459560529e+01,6.256330329240570975e+00
6.705630180051443290e+01,6.639523408822666894e+00
6.707630751643327471e+01,6.879393090722485837e+00
6.709631323235210232e+01,6.046350100511851622e+00
6.711631894827092992e+01,6.694469762237519106e+00
6.713632466418977174e+01,6.958212503567624552e+00
6.715633038010861355e+01,6.639344059868861336e+00
6.717633609602744116e+01,5.625076093761094853e+00
6.719634181194626876e+01,6.084889392266999764e+00
6.721634752786511058e+01,6.722001464460904963e+00
6.723635324378393818e+01,6.548350093121857007e+00
6.725635895970276579e+01,5.070688580065164430e+00
6.727636467562160760e+01,5.311951601980434035e+00
6.729637039154044942e+01,6.055234225802740511e+00
6.731637610745927702e+01,4.575988432252457550e+00
6.733638182337810463e+01,5.298117737133171801e+00
6.735638753929694644e+01,5.282293598248122279e+00
6.737639325521578826e+01,4.715812712190023959e+00
6.739639897113461586e+01,5.365556150251529210e+00
6.741640468705344347e+01,5.860062224864032387e+00
6.743641040297228528e+01,5.476704829274709141e+00
6.745641611889111289e+01,5.043093607372387766e+00
6.747642183480994049e+01,5.805226881501106995e+00
6.749642755072878231e+01,4.934658293551442476e+00
6.751643326664762412e+01,5.572668247895696148e+00
6.753643898256645173e+01,4.480705107386031116e+00
6.755644469848527933e+01,5.817068672274230856e+00
6.757645041440412115e+01,4.641287704817805171e+00
6.759645613032296296e+01,4.810634899693490674e+00
6.761646184624177636e+01,4.993240144337780073e+00
6.763646756216061817e+01,4.213504857566354289e+00
6.765647327807945999e+01,4.988781288452494245e+00
6.767647899399828759e+01,5.558875137689062385e+00
6.769648470991711520e+01,5.314136723381952976e+00
6.771649042583595701e+01,4.733381352467631586e+00
6.773649614175479883e+01,4.874718191902225328e+00
6.775650185767362643e+01,5.227966188036649697e+00
6.777650757359245404e+01,5.770069155228929603e+00
6.779651328951129585e+01,6.081864612533909309e+00
6.781651900543012346e+01,5.347678993575866180e+00
6.783652472134895106e+01,6.542029194813547832e+00
6.785653043726779288e+01,5.419815824101170243e+00
6.787653615318663469e+01,6.247716153163295871e+00
6.789654186910546230e+01,6.147778063336732046e+00
6.791654758502428990e+01,6.577461863411152798e+00
6.793655330094313172e+01,6.348447154564706096e+00
6.795655901686197353e+01,7.399986979070163784e+00
6.797656473278080114e+01,6.996650490381109755e+00
6.799657044869962874e+01,7.032464668968250621e+00
6.801657616461847056e+01,6.522565626768114910e+00
6.803658188053729816e+01,7.231936375941652173e+00
6.805658759645612577e+01,6.443236825028225923e+00
6.807659331237496758e+01,7.094942652951139017e+00
6.809659902829380940e+01,6.887819992656747381e+00
6.811660474421263700e+01,5.849522401093970814e+00
6.813661046013146461e+01,6.151036940981040146e+00
6.815661617605030642e+01,6.061006475697285900e+00
6.817662189196913403e+01,6.410468556379791849e+00
6.819662760788796163e+01,6.065953802818237151e+00
6.821663332380680345e+01,5.263749052601890632e+00
6.823663903972564526e+01,5.487899216624827936e+00
6.825664475564447287e+01,6.066001340422566557e+00
6.827665047156330047e+01,5.342486935232438228e+00
6.829665618748214229e+01,5.546326545915812645e+00
6.831666190340098410e+01,6.371133831429340866e+00
6.833666761931981171e+01,5.897669524941094643e+00
6.835667333523863931e+01,6.811885203191812899e+00
6.837667905115748113e+01,5.953274774769051092e+00
6.839668476707630873e+01,6.210802438110094137e+00
6.841669048299513634e+01,6.128918816101358580e+00
6.843669619891397815e+01,6.973423873679402085e+00
6.845670191483281997e+01,6.127799879806481442e+00
6.847670763075164757e+01,7.110969267912451208e+00
6.849671334667047518e+01,6.947987976943599264e+00
6.851671906258931699e+01,6.039958794288149413e+00
6.853672477850815881e+01,7.261812155778851974e+00
6.855673049442697220e+01,7.589519480464532286e+00
6.857673621034581402e+01,7.736198395860613530e+00
6.859674192626465583e+01,7.934350067122501571e+00
6.861674764218348344e+01,8.127038624323546401e+00
6.863675335810231104e+01,8.845139503333703246e+00
6.865675907402115286e+01,9.555404270940858424e+00
6.867676478993999467e+01,9.893632635525129615e+00
6.869677050585882228e+01,1.061622937249156351e+01
6.871677622177764988e+01,1.036142849696464729e+01
6.873678193769649170e+01,1.126862383059994954e+01
6.875678765361531930e+01,1.248316242783719154e+01
6.877679336953414690e+01,1.219492741419542625e+01
6.879679908545298872e+01,1.264960643681464703e+01
6.881680480137183054e+01,1.296833319397011408e+01
6.883681051729065814e+01,1.293277174864567058e+01
6.885681623320948574e+01,1.298039669510781202e+01
6.887682194912832756e+01,1.256535594242392051e+01
6.889682766504716938e+01,1.333136084327131599e+01
6.891683338096599698e+01,1.236353404952530610e+01
6.893683909688482458e+01,1.175457569774135180e+01
6.895684481280366640e+01,1.076721729699250041e+01
6.897685052872249400e+01,1.117753871813682309e+01
6.899685624464132161e+01,9.950449892823440834e+00
6.901686196056016342e+01,1.033337678611373178e+01
6.903686767647900524e+01,1.002571384377036523e+01
6.905687339239783284e+01,9.072357844439689956e+00
6.907687910831666045e+01,8.826630528690058597e+00
6.909688482423550226e+01,8.040144615530030237e+00
6.911689054015432987e+01,7.698289896966969970e+00
6.913689625607315747e+01,8.738267934154407612e+00
6.915690197199199929e+01,7.186774912941036320e+00
6.917690768791084110e+01,7.918287346835263918e+00
6.919691340382966871e+01,8.092018611638030379e+00
6.921691911974849631e+01,7.549952218614325972e+00
6.923692483566733813e+01,6.913260596595763197e+00
6.925693055158617994e+01,7.286342663683870846e+00
6.927693626750500755e+01,7.888695489199671229e+00
6.929694198342383515e+01,7.540909394311777092e+00
6.931694769934267697e+01,6.878316021788680068e+00
6.933695341526150457e+01,7.299735913174139945e+00
6.935695913118033218e+01,7.888020856136622072e+00
6.937696484709917399e+01,7.416761743119414163e+00
6.939697056301801581e+01,7.339584048029279550e+00
6.941697627893684341e+01,6.783468020499094031e+00
6.943698199485567102e+01,6.482638481507342121e+00
6.945698771077451283e+01,7.293484207281610843e+00
6.947699342669335465e+01,6.629887695315312079e+00
6.949699914261216804e+01,7.091257490278521480e+00
6.951700485853100986e+01,7.442773454467157102e+00
6.953701057444985167e+01,6.649536579989671736e+00
6.955701629036867928e+01,6.955382790921418312e+00
6.957702200628750688e+01,6.415417260399891575e+00
6.959702772220634870e+01,6.380495111997156243e+00
6.961703343812519051e+01,6.586649345571169434e+00
6.963703915404401812e+01,5.778506162352331721e+00
6.965704486996284572e+01,6.278726674173676692e+00
6.967705058588168754e+01,6.416742006772111928e+00
6.969705630180051514e+01,6.670033886686129065e+00
6.971706201771934275e+01,6.049537344412724948e+00
6.973706773363818456e+01,5.827132592217391327e+00
6.975707344955702638e+01,5.906868771083596314e+00
6.977707916547585398e+01,6.170961921292859031e+00
6.979708488139468159e+01,4.957519460594270733e+00
6.981709059731352340e+01,5.073251983378392005e+00
6.983709631323236522e+01,5.547814443650483263e+00
6.985710202915119282e+01,5.327702317300257562e+00
6.987710774507002043e+01,5.154170963849095344e+00
6.989711346098886224e+01,5.497929111044624229e+00
6.991711917690768985e+01,5.976875885198873917e+00
6.993712489282651745e+01,5.950331797822698832e+00
6.995713060874535927e+01,5.108507792504193290e+00
6.997713632466420108e+01,5.516816265698322397e+00
6.999714204058302869e+01,5.265142989651500294e+00
7.001714775650185629e+01,5.718798659100641224e+00
7.003715347242069811e+01,5.663608914866235189e+00
7.005715918833952571e+01,5.279904865502133227e+00
7.007716490425835332e+01,5.051008832225204692e+00
7.009717062017719513e+01,4.884858367624326903e+00
7.011717633609603695e+01,5.727760494603152175e+00
7.013718205201486455e+01,5.175399673945136669e+00
7.015718776793369216e+01,4.880968247641692237e+00
7.017719348385253397e+01,5.483603853188222743e+00
7.019719919977137579e+01,4.961370151969405562e+00
7.021720491569020339e+01,4.803241889800414555e+00
7.023721063160903100e+01,4.684453296581066795e+00
7.025721634752787281e+01,5.017028185319700739e+00
7.027722206344670042e+01,4.851820418544740221e+00
7.029722777936552802e+01,4.474056845396112259e+00
7.031723349528436984e+01,4.195702221293129419e+00
7.033723921120321165e+01,4.241856601704165897e+00
7.035724492712203926e+01,4.352927085345807967e+00
7.037725064304086686e+01,5.158804391427002756e+00
7.039725635895970868e+01,4.916345720446781087e+00
7.041726207487855049e+01,4.850407823837579180e+00
7.043726779079736389e+01,4.240939006765808372e+00
7.045727350671620570e+01,4.371668879666614771e+00
7.047727922263504752e+01,4.472141997930049406e+00
7.049728493855387512e+01,5.006072073279895562e+00
7.051729065447270273e+01,4.885848120198120981e+00
7.053729637039154454e+01,4.752623565208135226e+00
7.055730208631038636e+01,3.769273514756404708e+00
7.057730780222921396e+01,5.082864211901868323e+00
7.059731351814804157e+01,4.574626400709514762e+00
7.061731923406688338e+01,5.106673768214730735e+00
7.063732494998571099e+01,4.980252128298539915e+00
7.065733066590453859e+01,3.725575701955715857e+00
7.067733638182338041e+01,4.286011410417510881e+00
7.069734209774222222e+01,3.946634150640863758e+00
7.071734781366104983e+01,4.192055203040638389e+00
7.073735352957987743e+01,4.564724362168221639e+00
7.075735924549871925e+01,4.341893957425509321e+00
7.077736496141756106e+01,3.698549128068789660e+00
7.079737067733638867e+01,4.603336978506789023e+00
7.081737639325521627e+01,4.804067960110725899e+00
7.083738210917405809e+01,4.808055365474653620e+00
7.085738782509288569e+01,4.354767144074312313e+00
7.087739354101171330e+01,4.425754559075341987e+00
7.089739925693055511e+01,4.766394400888254168e+00
7.091740497284939693e+01,5.339481945921923156e+00
7.093741068876822453e+01,4.793611693751719471e+00
7.095741640468705214e+01,4.682591883662594157e+00
7.097742212060589395e+01,4.668137656343914976e+00
7.099742783652472156e+01,4.852833191243706601e+00
7.101743355244354916e+01,5.187330122713928127e+00
7.103743926836239098e+01,4.883394175346203347e+00
7.105744498428123279e+01,4.402140228807701838e+00
7.107745070020006040e+01,4.446231305415778046e+00
7.109745641611888800e+01,5.400970245615008380e+00
7.111746213203772982e+01,5.195243571541436012e+00
7.113746784795657163e+01,4.216390564135883423e+00
7.115747356387539924e+01,5.364220657210581500e+00
7.117747927979422684e+01,4.965411481973045937e+00
7.119748499571306866e+01,5.007058099379929850e+00
7.121749071163189626e+01,5.344342513451336707e+00
7.123749642755072387e+01,5.745040388281132060e+00
7.125750214346956568e+01,5.657389192875737827e+00
7.127750785938840750e+01,5.681007365260013486e+00
7.129751357530723510e+01,5.745914918472557531e+00
7.131751929122606271e+01,6.123309247047572512e+00
7.133752500714490452e+01,6.785121649662329446e+00
7.135753072306374634e+01,6.881000176225350984e+00
7.137753643898255973e+01,6.764491889634790311e+00
7.139754215490140155e+01,7.465899465212968877e+00
7.141754787082024336e+01,7.551721578557969217e+00
7.143755358673907097e+01,7.993686023970594690e+00
7.145755930265789857e+01,7.966308442994834316e+00
7.147756501857674039e+01,8.626719687718257035e+00
7.149757073449558220e+01,9.194732459919558565e+00
7.151757645041440981e+01,9.300877778612907321e+00
7.153758216633323741e+01,8.952660177169315503e+00
7.155758788225207923e+01,9.101463166807693739e+00
7.157759359817090683e+01,8.261972865340103667e+00
7.159759931408973443e+01,8.212598251035419850e+00
7.161760503000857625e+01,8.559392994866266591e+00
7.163761074592741807e+01,8.327763594316616391e+00
7.165761646184624567e+01,7.525881399494232404e+00
7.167762217776507327e+01,7.688095852414709164e+00
7.169762789368391509e+01,7.110483583929063656e+00
7.171763360960275691e+01,6.817388435873571240e+00
7.173763932552158451e+01,6.713590071345941546e+00
7.175764504144041211e+01,7.261321465089726424e+00
7.177765075735925393e+01,7.258107158816197391e+00
7.179765647327808153e+01,7.011934006886336945e+00
7.181766218919690914e+01,7.034925726255864653e+00
7.183766790511575095e+01,6.612852912154327356e+00
7.185767362103459277e+01,6.772085938499953883e+00
7.187767933695342037e+01,7.076132748138786788e+00
7.189768505287224798e+01,6.171873719849288342e+00
7.191769076879108979e+01,7.291254191736282309e+00
7.193769648470991740e+01,6.266628849633926635e+00
7.195770220062874500e+01,6.940330297353185074e+00
7.197770791654758682e+01,6.919048622066826582e+00
7.199771363246642863e+01,7.252785363982038547e+00
7.201771934838525624e+01,7.250952932576376853e+00
7.203772506430408384e+01,8.195764828980562910e+00
7.205773078022292566e+01,7.573765722597755712e+00
7.207773649614176747e+01,7.232221417240989325e+00
7.209774221206059508e+01,7.650308204267362910e+00
7.211774792797942268e+01,7.009132008174188577e+00
7.213775364389826450e+01,8.049725486932601370e+00
7.215775935981709210e+01,7.797630752666000475e+00
7.217776507573591971e+01,7.885985514103809990e+00
7.219777079165476152e+01,7.424632489633509635e+00
7.221777650757360334e+01,6.996531160862954124e+00
7.223778222349243094e+01,7.104918920794025539e+00
7.225778793941125855e+01,6.400027485407979277e+00
7.227779365533010036e+01,7.002442509974480700e+00
7.229779937124894218e+01,6.889354935677773462e+00
7.231780508716775557e+01,6.127261138575270216e+00
7.233781080308659739e+01,6.541961976952954672e+00
7.235781651900543920e+01,5.954615255491644277e+00
7.237782223492426681e+01,5.568904694869508454e+00
7.239782795084309441e+01,6.106144533568683030e+00
7.241783366676193623e+01,6.852842030627924963e+00
7.243783938268077804e+01,6.103132824006855195e+00
7.245784509859960565e+01,6.483103342147946258e+00
7.247785081451843325e+01,5.477990177020646279e+00
7.249785653043727507e+01,5.984898829010822041e+00
7.251786224635610267e+01,5.379082573686343238e+00
7.253786796227493028e+01,5.574613512854448949e+00
7.255787367819377209e+01,6.740716627038073838e+00
7.257787939411261391e+01,6.645235268155503583e+00
7.259788511003144151e+01,6.557373010764301569e+00
7.261789082595026912e+01,5.756890296071828672e+00
7.263789654186911093e+01,6.205512774466073189e+00
7.265790225778795275e+01,6.578243837366662738e+00
7.267790797370678035e+01,6.469199746263051054e+00
7.269791368962560796e+01,6.016561140516580863e+00
7.271791940554444977e+01,6.907451481491174050e+00
7.273792512146327738e+01,7.052215838706052509e+00
7.275793083738210498e+01,6.722930432533019030e+00
7.277793655330094680e+01,6.888248523398924128e+00
7.279794226921978861e+01,6.199159382488602432e+00
7.281794798513861622e+01,6.155725156754572325e+00
7.283795370105744382e+01,6.234792397951808063e+00
7.285795941697628564e+01,6.089598681266490843e+00
7.287796513289511324e+01,5.905858359640876465e+00
7.289797084881394085e+01,6.482208766499175212e+00
7.291797656473278266e+01,5.594869077398126223e+00
7.293798228065162448e+01,5.326424958915485952e+00
7.295798799657045208e+01,5.298203027304232648e+00
7.297799371248927969e+01,4.927262840417556689e+00
7.299799942840812150e+01,6.301140008476203924e+00
7.301800514432696332e+01,5.136971262804549632e+00
7.303801086024579092e+01,5.482745697415753128e+00
7.305801657616461853e+01,4.957983998628324507e+00
7.307802229208346034e+01,5.427813072486991075e+00
7.309802800800228795e+01,5.730006532962694799e+00
7.311803372392111555e+01,5.268055229646475546e+00
7.313803943983995737e+01,4.655358972492006586e+00
7.315804515575879918e+01,4.849957243521402894e+00
7.317805087167762679e+01,4.738702449851679432e+00
7.319805658759645439e+01,5.423399391702403705e+00
7.321806230351529621e+01,4.454616401657498059e+00
7.323806801943413802e+01,4.640429529750888626e+00
7.325807373535295142e+01,5.114814864275616380e+00
7.327807945127179323e+01,4.988708082906554431e+00
7.329808516719063505e+01,5.496406061669241616e+00
7.331809088310946265e+01,4.633607175715402704e+00
7.333809659902829026e+01,6.126024110087175956e+00
7.335810231494713207e+01,4.841302091860343104e+00
7.337810803086597389e+01,5.461451420740329077e+00
7.339811374678480149e+01,4.841043211350249287e+00
7.341811946270362910e+01,5.948819842002699865e+00
7.343812517862247091e+01,5.619854158412534773e+00
7.345813089454129852e+01,5.838631400406367078e+00
7.347813661046012612e+01,5.519588046992280894e+00
7.349814232637896794e+01,6.421934424950928921e+00
7.351814804229780975e+01,5.957042160916631524e+00
7.353815375821663736e+01,6.709535957276755447e+00
7.355815947413546496e+01,6.051773007735302912e+00
7.357816519005430678e+01,7.051125461578782172e+00
7.359817090597314859e+01,7.599091992342097868e+00
7.361817662189197620e+01,7.314206401306098115e+00
7.363818233781080380e+01,6.826561896152641751e+00
7.365818805372964562e+01,8.110630368522942391e+00
7.367819376964847322e+01,8.347573450809386841e+00
7.369819948556730083e+01,8.300744677720894416e+00
7.371820520148614264e+01,8.208615274173427068e+00
7.373821091740498446e+01,8.715643286809156010e+00
7.375821663332381206e+01,8.522375823615197632e+00
7.377822234924263967e+01,8.765515266282402962e+00
7.379822806516148148e+01,8.273539945420326447e+00
7.381823378108030909e+01,7.520368293913839430e+00
7.383823949699913669e+01,8.241354318082791508e+00
7.385824521291797851e+01,7.369652467462223910e+00
7.387825092883682032e+01,7.685785540464427967e+00
7.389825664475564793e+01,7.083399093120252843e+00
7.391826236067447553e+01,6.442228387498828646e+00
7.393826807659331735e+01,6.555985734832225020e+00
7.395827379251215916e+01,7.003230843655162019e+00
7.397827950843098677e+01,6.046789880673162365e+00
7.399828522434981437e+01,7.089402240563739355e+00
7.401829094026865619e+01,5.825825049838021741e+00
7.403829665618748379e+01,6.092170936754872201e+00
7.405830237210632561e+01,5.689061454616918034e+00
7.407830808802515321e+01,6.085312774725366580e+00
7.409831380394398082e+01,5.381945016062019249e+00
7.411831951986282263e+01,5.267393233478421699e+00
7.413832523578165024e+01,6.205174322479815707e+00
7.415833095170049205e+01,5.568946609176596674e+00
7.417833666761931966e+01,5.138610785889440535e+00
7.419834238353816147e+01,4.905563632636688709e+00
7.421834809945698908e+01,4.699487663581622066e+00
7.423835381537583089e+01,5.500634255585263865e+00
7.425835953129465850e+01,4.854756189126437249e+00
7.427836524721348610e+01,5.092352937375867583e+00
7.429837096313232792e+01,5.265513870824404030e+00
7.431837667905115552e+01,5.482028818521376579e+00
7.433838239496999734e+01,5.550572778384804451e+00
7.435838811088882494e+01,5.196894726186515712e+00
7.437839382680766676e+01,5.048075092533047759e+00
7.439839954272649436e+01,4.890479988005902889e+00
7.441840525864533618e+01,5.640577747598241487e+00
7.443841097456416378e+01,5.261971808019092478e+00
7.445841669048300560e+01,5.667278108986144147e+00
7.447842240640183320e+01,4.984838431823918725e+00
7.449842812232066080e+01,4.705614888425122544e+00
7.451843383823950262e+01,5.387801148753354141e+00
7.453843955415833022e+01,4.509924635612196475e+00
7.455844527007717204e+01,5.218370821278324634e+00
7.457845098599599964e+01,5.010645316911464420e+00
7.459845670191484146e+01,5.502940777426923447e+00
7.461846241783366906e+01,5.337634153336379583e+00
7.463846813375251088e+01,5.227990334844123232e+00
7.465847384967133848e+01,5.162830593309799099e+00
7.467847956559016609e+01,5.942455361363321309e+00
7.469848528150900790e+01,5.365777512087971601e+00
7.471849099742783551e+01,5.320134133205579374e+00
7.473849671334667732e+01,5.133352296467428744e+00
7.475850242926550493e+01,5.333912324311420150e+00
7.477850814518434674e+01,5.929350201225455308e+00
7.479851386110317435e+01,6.259508575756214555e+00
7.481851957702201616e+01,5.860853544682479210e+00
7.483852529294084377e+01,6.290350736412362309e+00
7.485853100885967137e+01,6.824570921335438634e+00
7.487853672477851319e+01,6.757899945464168390e+00
7.489854244069734079e+01,7.076226235942931098e+00
7.491854815661618261e+01,7.037769968509126173e+00
7.493855387253501021e+01,6.400038083375279463e+00
7.495855958845385203e+01,7.002016132634054202e+00
7.497856530437267963e+01,6.540826823491933339e+00
7.499857102029152145e+01,6.841704201423290499e+00
7.501857673621034905e+01,7.678497572988307596e+00
7.503858245212917666e+01,6.978965717303818650e+00
7.505858816804801847e+01,7.447492838221098310e+00
7.507859388396684608e+01,7.580206495204260264e+00
7.509859959988568789e+01,7.067125472465644265e+00
7.511860531580451550e+01,7.120728551515654203e+00
7.513861103172335731e+01,6.939084765965809254e+00
7.515861674764218492e+01,6.351585183265479273e+00
7.517862246356102673e+01,6.287817446909373942e+00
7.519862817947985434e+01,6.322735131393282693e+00
7.521863389539868194e+01,6.131752063746970016e+00
7.523863961131752376e+01,6.241910630961036155e+00
7.525864532723635136e+01,6.157751310905471342e+00
7.527865104315519318e+01,5.260138167093925787e+00
7.529865675907402078e+01,6.028467865817308535e+00
7.531866247499286260e+01,5.942864129159932673e+00
7.533866819091169020e+01,5.103132185505030449e+00
7.535867390683053202e+01,5.604104741323876482e+00
7.537867962274935962e+01,5.736780799468990111e+00
7.539868533866820144e+01,4.968200289181971208e+00
7.541869105458702904e+01,5.383353930016621547e+00
7.543869677050585665e+01,6.035401914894332087e+00
7.545870248642469846e+01,5.422163247775240613e+00
7.547870820234352607e+01,5.108442645030262241e+00
7.549871391826236788e+01,4.731174480165440066e+00
7.551871963418119549e+01,5.249071896729551767e+00
7.553872535010003730e+01,5.210162928402130689e+00
7.555873106601886491e+01,5.156195097470188671e+00
7.557873678193770672e+01,4.867391828111147234e+00
7.559874249785653433e+01,5.591475001805655154e+00
7.561874821377536193e+01,5.081700158644604670e+00
7.563875392969420375e+01,5.268745251376326877e+00
7.565875964561303135e+01,5.208997417790467210e+00
7.567876536153187317e+01,5.212535418228786632e+00
7.569877107745070077e+01,5.464401382748565794e+00
7.571877679336954259e+01,5.169682851514551203e+00
7.573878250928837019e+01,4.873261429491807739e+00
7.575878822520721201e+01,4.652883677512381411e+00
7.577879394112603961e+01,5.500066837050483493e+00
7.579879965704486722e+01,5.465001057943683627e+00
7.581880537296370903e+01,3.977014792627674211e+00
7.583881108888253664e+01,4.030946083590665197e+00
7.585881680480137845e+01,4.353185575882172031e+00
7.587882252072020606e+01,4.791818902041148576e+00
7.589882823663904787e+01,4.796110987178789919e+00
7.591883395255787548e+01,4.058713592627269051e+00
7.593883966847671729e+01,4.643956089744435189e+00
7.595884538439554490e+01,3.649043526126590109e+00
7.597885110031437250e+01,4.790014098924381791e+00
7.599885681623321432e+01,4.079667602974510920e+00
7.601886253215204192e+01,5.161236331367657471e+00
7.603886824807088374e+01,4.459325678786026259e+00
7.605887396398971134e+01,5.035976980491218669e+00
7.607887967990855316e+01,4.848287063438908362e+00
7.609888539582738076e+01,3.891416350594508522e+00
7.611889111174622258e+01,4.962861611219293145e+00
7.613889682766505018e+01,4.667570264864492557e+00
7.615890254358387779e+01,3.918676644892270300e+00
7.617890825950271960e+01,4.738816381400492439e+00
7.619891397542154721e+01,4.514845851476213312e+00
7.621891969134038902e+01,3.316571098302231402e+00
7.623892540725921663e+01,3.943677723718021166e+00
7.625893112317805844e+01,3.573010983617589176e+00
7.627893683909688605e+01,3.487962718895921466e+00
7.629894255501572786e+01,4.041111943847216281e+00
7.631894827093455547e+01,4.723131821587212009e+00
7.633895398685339728e+01,4.187031346451369984e+00
7.635895970277222489e+01,4.481603841451827996e+00
7.637896541869105249e+01,3.820867165258925002e+00
7.639897113460989431e+01,4.322901153384697714e+00
7.641897685052872191e+01,4.008205830892833887e+00
7.643898256644756373e+01,4.331562163613816629e+00
7.645898828236639133e+01,3.730076214820662095e+00
7.647899399828523315e+01,3.933931603145911726e+00
7.649899971420406075e+01,3.738577219319210165e+00
7.651900543012290257e+01,4.476593615398324566e+00
7.653901114604173017e+01,4.100162913056490943e+00
7.655901686196055778e+01,3.373130376955733922e+00
7.657902257787939959e+01,3.530515851655201764e+00
7.659902829379822720e+01,4.079917379090694851e+00
7.661903400971706901e+01,4.016286932712560542e+00
7.663903972563589662e+01,3.326881224650027224e+00
7.665904544155473843e+01,4.145015482651581706e+00
7.667905115747356604e+01,3.733992580321915611e+00
7.669905687339240785e+01,4.582535159865102514e+00
7.671906258931123546e+01,4.467258719466043360e+00
7.673906830523006306e+01,4.071131240799001461e+00
7.675907402114890488e+01,3.751406586907371832e+00
7.677907973706773248e+01,3.469772700753618100e+00
7.679908545298657430e+01,3.391043558169806182e+00
7.681909116890540190e+01,3.278805758734061992e+00
7.683909688482424372e+01,4.412823021938899082e+00
7.685910260074307132e+01,3.501945521138501327e+00
7.687910831666191314e+01,3.538079758413630760e+00
7.689911403258074074e+01,3.665603477717055192e+00
7.691911974849956835e+01,3.953041397670162382e+00
7.693912546441841016e+01,3.960451004319924806e+00
7.695913118033723777e+01,4.432311714967672067e+00
7.697913689625607958e+01,3.816860739923996881e+00
7.699914261217490719e+01,4.834298219008839048e+00
7.701914832809374900e+01,4.449115085403505532e+00
7.703915404401257661e+01,3.783080049534745637e+00
7.705915975993141842e+01,3.706975493244861752e+00
7.707916547585024603e+01,4.255205291415878222e+00
7.709917119176907363e+01,4.185168420282964874e+00
7.711917690768791545e+01,3.984066432185562334e+00
7.713918262360674305e+01,4.231008246216486413e+00
7.715918833952558487e+01,4.074548105006992493e+00
7.717919405544441247e+01,4.123836927756986626e+00
7.719919977136325429e+01,4.621835352006971931e+00
7.721920548728208189e+01,4.147206723306839926e+00
7.723921120320092371e+01,3.612981217460920380e+00
7.725921691911975131e+01,3.556824265509419991e+00
7.727922263503859313e+01,3.609700262878599464e+00
7.729922835095742073e+01,4.462580778848298735e+00
7.731923406687624833e+01,4.339396436777593458e+00
7.733923978279509015e+01,4.509574803100369067e+00
7.735924549871391775e+01,4.292615351890153086e+00
7.737925121463275957e+01,3.326568413456562290e+00
7.739925693055158717e+01,3.976254235670556358e+00
7.741926264647042899e+01,4.340680287390516590e+00
7.743926836238925659e+01,4.805549493106061831e+00
7.745927407830809841e+01,4.703838488575487808e+00
7.747927979422692601e+01,4.088482598410037028e+00
7.749928551014575362e+01,4.143842355025260105e+00
7.751929122606459543e+01,4.208162509546455432e+00
7.753929694198342304e+01,5.080448452249190616e+00
7.755930265790226485e+01,4.575539725867496799e+00
7.757930837382109246e+01,4.186816275078998117e+00
7.759931408973993427e+01,4.786944598087473857e+00
7.761931980565876188e+01,4.630768497437183662e+00
7.763932552157760369e+01,4.606650950697313007e+00
7.765933123749643130e+01,5.416203911422519113e+00
7.767933695341525890e+01,4.456979696287724835e+00
7.769934266933410072e+01,5.472356751316445056e+00
7.771934838525292832e+01,4.949248211761350547e+00
7.773935410117177014e+01,5.068441498593209360e+00
7.775935981709059774e+01,5.129102239627251869e+00
7.777936553300943956e+01,5.573632378831719691e+00
7.779937124892826716e+01,5.944132027808645802e+00
7.781937696484710898e+01,5.814362826349276148e+00
7.783938268076593658e+01,5.991220399718166334e+00
7.785938839668476419e+01,6.408954798247419760e+00
7.787939411260360600e+01,6.812164915921052888e+00
7.789939982852243361e+01,6.912985365586891362e+00
7.791940554444127542e+01,6.398651007779707633e+00
7.793941126036010303e+01,7.402851197641494352e+00
7.795941697627894484e+01,6.738573634224511721e+00
7.797942269219777245e+01,6.492518168503457865e+00
7.799942840811661426e+01,6.955666452999475169e+00
7.801943412403544187e+01,7.319944244354916307e+00
7.803943983995426947e+01,6.666614234734531408e+00
7.805944555587311129e+01,5.844850311996951930e+00
7.807945127179193889e+01,5.952699575216718664e+00
7.809945698771078071e+01,5.639604401269881606e+00
7.811946270362960831e+01,5.800110530192727154e+00
7.813946841954845013e+01,5.106866330039495416e+00
7.815947413546727773e+01,5.154102744161883187e+00
7.817947985138611955e+01,6.185635287727041742e+00
7.819948556730494715e+01,5.559636548970692260e+00
7.821949128322378897e+01,4.866918467517746372e+00
7.823949699914261657e+01,5.997753682611036474e+00
7.825950271506144418e+01,4.837851472399791852e+00
7.827950843098028599e+01,4.520494032742095492e+00
7.829951414689911360e+01,4.869997382709939870e+00
7.831951986281795541e+01,5.126164261092429619e+00
7.833952557873678302e+01,5.117022047448786637e+00
7.835953129465562483e+01,5.663699703545127306e+00
7.837953701057445244e+01,4.860465279775566749e+00
7.839954272649329425e+01,5.232185082604039472e+00
7.841954844241212186e+01,4.821491650892236080e+00
7.843955415833094946e+01,5.116207665341016231e+00
7.845955987424979128e+01,4.920571652804903273e+00
7.847956559016861888e+01,4.601076776622538667e+00
7.849957130608746070e+01,4.770075956131778483e+00
7.851957702200628830e+01,5.008931158594584154e+00
7.853958273792513012e+01,4.413520075399048004e+00
7.855958845384395772e+01,4.211673074595928767e+00
7.857959416976279954e+01,5.251697608621028301e+00
7.859959988568162714e+01,4.463353047332859092e+00
7.861960560160045475e+01,4.866824688870614146e+00
7.863961131751929656e+01,5.312641867424543030e+00
7.865961703343812417e+01,4.919944409851368938e+00
7.867962274935696598e+01,4.615014281680752894e+00
7.869962846527579359e+01,5.568305560842437885e+00
7.871963418119463540e+01,4.576768639611964673e+00
7.873963989711346301e+01,4.360018260548486957e+00
7.875964561303230482e+01,4.374299314098807123e+00
7.877965132895113243e+01,5.143722151747038396e+00
7.879965704486996003e+01,4.542029865844811276e+00
7.881966276078880185e+01,4.908808578406044454e+00
7.883966847670762945e+01,4.286233539637075651e+00
7.885967419262647127e+01,4.892535258439168366e+00
7.887967990854529887e+01,4.627736709733043519e+00
7.889968562446414069e+01,4.737036132847422643e+00
7.891969134038296829e+01,5.674154870940170348e+00
7.893969705630181011e+01,4.935611830710966430e+00
7.895970277222063771e+01,5.246601482298940411e+00
7.897970848813946532e+01,5.463700093954203751e+00
7.899971420405830713e+01,4.947889851781626547e+00
7.901971991997713474e+01,5.711665902778150894e+00
7.903972563589597655e+01,6.074298112231606872e+00
7.905973135181480416e+01,5.686469720957436635e+00
7.907973706773364597e+01,6.248847600387000156e+00
7.909974278365247358e+01,6.143206592838684088e+00
7.911974849957131539e+01,5.710022640596053911e+00
7.913975421549014300e+01,6.090531844801073902e+00
7.915975993140898481e+01,5.751947575697059278e+00
7.917976564732781242e+01,6.223188825621453368e+00
7.919977136324664002e+01,6.121647471506854288e+00
7.921977707916548184e+01,6.792080721834905077e+00
7.923978279508430944e+01,5.689392436661483643e+00
7.925978851100315126e+01,6.446175490334949743e+00
7.927979422692197886e+01,5.213925354555632552e+00
7.929979994284082068e+01,5.029680543525557823e+00
7.931980565875964828e+01,5.057531896484514178e+00
7.933981137467849010e+01,5.173583571063510078e+00
7.935981709059731770e+01,4.442094776547700796e+00
7.937982280651614531e+01,4.265353538149136092e+00
7.939982852243498712e+01,4.657698452824503121e+00
7.941983423835381473e+01,5.248406640342774487e+00
7.943983995427265654e+01,5.120772695567914923e+00
7.945984567019148415e+01,4.647931597309193918e+00
7.947985138611032596e+01,5.029273184361453097e+00
7.949985710202915357e+01,4.716837343772944280e+00
7.951986281794799538e+01,4.847673930126535247e+00
7.953986853386682299e+01,4.402879363132551127e+00
7.955987424978565059e+01,4.983975128737652582e+00
7.957987996570449241e+01,4.313664327078178928e+00
7.959988568162332001e+01,5.158425489129755626e+00
7.961989139754216183e+01,4.444843057427076083e+00
7.963989711346098943e+01,5.517054042974542050e+00
7.965990282937983125e+01,4.884387975015352268e+00
7.967990854529865885e+01,5.406315515692940998e+00
7.969991426121750067e+01,5.299970484956967098e+00
7.971991997713632827e+01,4.561414271670517273e+00
7.973992569305515588e+01,4.936668943004857368e+00
7.975993140897399769e+01,5.382116117762934415e+00
7.977993712489282530e+01,4.818703755943410272e+00
7.979994284081166711e+01,5.345174707650125256e+00
7.981994855673049472e+01,5.517195976777049538e+00
7.983995427264933653e+01,4.590265171966033897e+00
7.985995998856816414e+01,4.865095600742600723e+00
7.987996570448700595e+01,4.654716566916674125e+00
7.989997142040583356e+01,4.560396450402629753e+00
7.991997713632466116e+01,4.927989003927491396e+00
7.993998285224350298e+01,4.877258566443723353e+00
7.995998856816233058e+01,4.969741328166248806e+00
7.997999428408117240e+01,4.168285959507833205e+00
8.000000000000000000e+01,3.449072796445278755e+00
