angle,intensity
1.000000000000000000e+01,4.613367495446953015e+00
1.002000571591883471e+01,8.271384267373615984e+00
1.004001143183766764e+01,7.997189634829556582e+00
1.006001714775650235e+01,7.971197137005246347e+00
1.008002286367533529e+01,8.852569145969505726e+00
1.010002857959417000e+01,8.134441256030058298e+00
1.012003429551300293e+01,9.150556913638148160e+00
1.014004001143183764e+01,9.006151353385595471e+00
1.016004572735067235e+01,8.452620009127482348e+00
1.018005144326950528e+01,8.829572274237172280e+00
1.020005715918833999e+01,1.003698039917698104e+01
1.022006287510717293e+01,9.123553867684773167e+00
1.024006859102600764e+01,9.909032727948019925e+00
1.026007430694484057e+01,9.876899264307075654e+00
1.028008002286367528e+01,9.668257401833752596e+00
1.030008573878250999e+01,9.926467076869384343e+00
1.032009145470134293e+01,1.048792596790030274e+01
1.034009717062017764e+01,1.071344368508517064e+01
1.036010288653901057e+01,1.142221122972937053e+01
1.038010860245784528e+01,1.102977465635957444e+01
1.040011431837667999e+01,1.185226866931119538e+01
1.042012003429551292e+01,1.171777386642928676e+01
1.044012575021434763e+01,1.185501841818816793e+01
1.046013146613318057e+01,1.244129878468231887e+01
1.048013718205201528e+01,1.174606422868627931e+01
1.050014289797084821e+01,1.297057675836403945e+01
1.052014861388968292e+01,1.304617344526564260e+01
1.054015432980851585e+01,1.400983162026208717e+01
1.056016004572735056e+01,1.357539451137433595e+01
1.058016576164618527e+01,1.363021311755952958e+01
1.060017147756501821e+01,1.358804982922336535e+01
1.062017719348385292e+01,1.467783622042851377e+01
1.064018290940268585e+01,1.460022247421709451e+01
1.066018862532152056e+01,1.484281812668127820e+01
1.068019434124035527e+01,1.545154390783291731e+01
1.070020005715918820e+01,1.552818121530726003e+01
1.072020577307802292e+01,1.630690184020241418e+01
1.074021148899685585e+01,1.647011702349176332e+01
1.076021720491569056e+01,1.716984458035107508e+01
1.078022292083452349e+01,1.722982127064381075e+01
1.080022863675335820e+01,1.726999893377387707e+01
1.082023435267219291e+01,1.777470996074854881e+01
1.084024006859102585e+01,1.830544317408751454e+01
1.086024578450986056e+01,1.822685799018784536e+01
1.088025150042869349e+01,1.909724174327130797e+01
1.090025721634752820e+01,1.968622999170979071e+01
1.092026293226636113e+01,1.947550942853167300e+01
1.094026864818519584e+01,1.926586878141332093e+01
1.096027436410403055e+01,2.034742301881446735e+01
1.098028008002286349e+01,2.096027356036666234e+01
1.100028579594169820e+01,2.091229503524229472e+01
1.102029151186053113e+01,2.109502455101094753e+01
1.104029722777936584e+01,2.180195759304751135e+01
1.106030294369819877e+01,2.217840610733360762e+01
1.108030865961703348e+01,2.229694040472365657e+01
1.110031437553586819e+01,2.338143911082670456e+01
1.112032009145470113e+01,2.338295625420986568e+01
1.114032580737353584e+01,2.431198202509242989e+01
1.116033152329236877e+01,2.441591650199405095e+01
1.118033723921120348e+01,2.550521515561995400e+01
1.120034295513003642e+01,2.565593889593648669e+01
1.122034867104887113e+01,2.676766624773988212e+01
1.124035438696770584e+01,2.717372446370220018e+01
1.126036010288653877e+01,2.768083566248028404e+01
1.128036581880537348e+01,2.805802944363776064e+01
1.130037153472420641e+01,2.787935181596177259e+01
1.132037725064304112e+01,2.955652323503534618e+01
1.134038296656187583e+01,2.958992686872240085e+01
1.136038868248070877e+01,3.107386781025345002e+01
1.138039439839954348e+01,3.053173596799877743e+01
1.140040011431837641e+01,3.157382466344686023e+01
1.142040583023721112e+01,3.180426771020635002e+01
1.144041154615604405e+01,3.308557857030495342e+01
1.146041726207487876e+01,3.330715339025563537e+01
1.148042297799371170e+01,3.407378954264920168e+01
1.150042869391254641e+01,3.445993782012054396e+01
1.152043440983138112e+01,3.525409042196601916e+01
1.154044012575021405e+01,3.468308060374262425e+01
1.156044584166904876e+01,3.565832743608923039e+01
1.158045155758788169e+01,3.648586638532881210e+01
1.160045727350671640e+01,3.603918062542980039e+01
1.162046298942555111e+01,3.706152477437569814e+01
1.164046870534438405e+01,3.804570912159169893e+01
1.166047442126321876e+01,3.833373140668644652e+01
1.168048013718205169e+01,3.727642025817001326e+01
1.170048585310088640e+01,3.794030874706004397e+01
1.172049156901971934e+01,3.743877993706120577e+01
1.174049728493855405e+01,3.795993902021617572e+01
1.176050300085738698e+01,3.848962946659467832e+01
1.178050871677622169e+01,3.829296001002325767e+01
1.180051443269505640e+01,3.753467805370409138e+01
1.182052014861388933e+01,3.712835607976879260e+01
1.184052586453272404e+01,3.644188210821996421e+01
1.186053158045155698e+01,3.678685729944587735e+01
1.188053729637039169e+01,3.663881907516819325e+01
1.190054301228922640e+01,3.526326424270909143e+01
1.192054872820805933e+01,3.486568096850196241e+01
1.194055444412689404e+01,3.496372598588552449e+01
1.196056016004572697e+01,3.476574749068824843e+01
1.198056587596456168e+01,3.425676974124436924e+01
1.200057159188339639e+01,3.519894379450874311e+01
1.202057730780222933e+01,3.419628566949829462e+01
1.204058302372106226e+01,3.439516589084212939e+01
1.206058873963989697e+01,3.432731203319475810e+01
1.208059445555873168e+01,3.550992092716330717e+01
1.210060017147756461e+01,3.604038217741461381e+01
1.212060588739639932e+01,3.624657710096730767e+01
1.214061160331523226e+01,3.660712897679930933e+01
1.216061731923406697e+01,3.655613477693133007e+01
1.218062303515290168e+01,3.706838053841127589e+01
1.220062875107173461e+01,3.802771850306192647e+01
1.222063446699056932e+01,3.707400876211499963e+01
1.224064018290940226e+01,3.828962479668362562e+01
1.226064589882823697e+01,3.761998415814322527e+01
1.228065161474707168e+01,3.761966729598080406e+01
1.230065733066590461e+01,3.818454887869784642e+01
1.232066304658473754e+01,3.840621195227230800e+01
1.234066876250357225e+01,3.778723824191204983e+01
1.236067447842240696e+01,3.717418648524967750e+01
1.238068019434123990e+01,3.651686873908705167e+01
1.240068591026007461e+01,3.652218925088497770e+01
1.242069162617890754e+01,3.555287049013200118e+01
1.244069734209774225e+01,3.434696613156340561e+01
1.246070305801657696e+01,3.235951732565499839e+01
1.248070877393540989e+01,3.088335223788095263e+01
1.250071448985424460e+01,2.851652411196398873e+01
1.252072020577307754e+01,2.679087813512378347e+01
1.254072592169191225e+01,2.416924089526175834e+01
1.256073163761074696e+01,2.333163031799503528e+01
1.258073735352957989e+01,2.122812802841569990e+01
1.260074306944841460e+01,1.899538598556640068e+01
1.262074878536724754e+01,1.683139816725793736e+01
1.264075450128608225e+01,1.508501819073162054e+01
1.266076021720491518e+01,1.343653163691039865e+01
1.268076593312374989e+01,1.176450239822276700e+01
1.270077164904258282e+01,1.137085911745987943e+01
1.272077736496141753e+01,1.066555851477931682e+01
1.274078308088025224e+01,9.545756076871445117e+00
1.276078879679908518e+01,9.234331181834971147e+00
1.278079451271791989e+01,8.410177080511738623e+00
1.280080022863675282e+01,8.618709787648175080e+00
1.282080594455558753e+01,8.238252739588958207e+00
1.284081166047442224e+01,7.894291613065405500e+00
1.286081737639325517e+01,8.304521875998863933e+00
1.288082309231208988e+01,7.834144763104545106e+00
1.290082880823092282e+01,7.158287641550728608e+00
1.292083452414975753e+01,8.546707543165194210e+00
1.294084024006859224e+01,7.773114683293112392e+00
1.296084595598742517e+01,6.986631363151472485e+00
1.298085167190625810e+01,7.777789492631470125e+00
1.300085738782509281e+01,8.123008885156737691e+00
1.302086310374392752e+01,7.279159231576972644e+00
1.304086881966276046e+01,8.377789038970679059e+00
1.306087453558159517e+01,8.294369475614995935e+00
1.308088025150042810e+01,7.257169252507987167e+00
1.310088596741926281e+01,7.389034351589348404e+00
1.312089168333809752e+01,7.604800148614089039e+00
1.314089739925693046e+01,8.510442091198727965e+00
1.316090311517576517e+01,9.002496415309090949e+00
1.318090883109459810e+01,8.790610928663822321e+00
1.320091454701343281e+01,8.530145042101253239e+00
1.322092026293226752e+01,8.482624061724402864e+00
1.324092597885110045e+01,8.207219186213642104e+00
1.326093169476993339e+01,8.456412026955714367e+00
1.328093741068876810e+01,9.439267708514474720e+00
1.330094312660760281e+01,9.113937898738463161e+00
1.332094884252643574e+01,9.333981340035091279e+00
1.334095455844527045e+01,8.981725085910564843e+00
1.336096027436410338e+01,1.013322372962229778e+01
1.338096599028293809e+01,9.525131413582347051e+00
1.340097170620177280e+01,1.014369173053629858e+01
1.342097742212060574e+01,9.633036064121705877e+00
1.344098313803944045e+01,9.347499292531143311e+00
1.346098885395827338e+01,8.990273250068735678e+00
1.348099456987710809e+01,1.012076410543336635e+01
1.350100028579594280e+01,9.820474012917340900e+00
1.352100600171477573e+01,1.010919451803338376e+01
1.354101171763361044e+01,9.550134569476007584e+00
1.356101743355244338e+01,9.873442822559763243e+00
1.358102314947127809e+01,9.509143382354613649e+00
1.360102886539011102e+01,9.130061486518945557e+00
1.362103458130894573e+01,8.296459363133248388e+00
1.364104029722777867e+01,8.857120974377728828e+00
1.366104601314661338e+01,8.872676872913917379e+00
1.368105172906544809e+01,8.165941568582422150e+00
1.370105744498428102e+01,8.057449006295826166e+00
1.372106316090311573e+01,6.558345051256886826e+00
1.374106887682194866e+01,7.425450539114416770e+00
1.376107459274078337e+01,6.396895065680773484e+00
1.378108030865961808e+01,6.801757670473678630e+00
1.380108602457845102e+01,6.440607272957869611e+00
1.382109174049728573e+01,5.934808335506415844e+00
1.384109745641611866e+01,5.413129363569589181e+00
1.386110317233495337e+01,4.489050339430185943e+00
1.388110888825378808e+01,4.579092921123910642e+00
1.390111460417262101e+01,4.729237594183254956e+00
1.392112032009145395e+01,3.780835445816100648e+00
1.394112603601028866e+01,3.499718660012829829e+00
1.396113175192912337e+01,3.554588701996798328e+00
1.398113746784795630e+01,3.842666560596621927e+00
1.400114318376679101e+01,3.360183425795659762e+00
1.402114889968562395e+01,3.732006495416347214e+00
1.404115461560445866e+01,4.301635067549543834e+00
1.406116033152329337e+01,4.377316555120646768e+00
1.408116604744212630e+01,3.829325814260299055e+00
1.410117176336095923e+01,4.010576929980439687e+00
1.412117747927979394e+01,3.163455477432753682e+00
1.414118319519862865e+01,3.590839263934776149e+00
1.416118891111746336e+01,3.692593953514013094e+00
1.418119462703629630e+01,3.881212238064546405e+00
1.420120034295512923e+01,4.065279292236406938e+00
1.422120605887396394e+01,3.848550493892351820e+00
1.424121177479279865e+01,3.513453745732732614e+00
1.426121749071163336e+01,3.118411026992077950e+00
1.428122320663046629e+01,4.033548723803337843e+00
1.430122892254929923e+01,4.433930074287052214e+00
1.432123463846813394e+01,3.679205144071882927e+00
1.434124035438696865e+01,3.687688572890420513e+00
1.436124607030580158e+01,4.337203182774707955e+00
1.438125178622463629e+01,2.988149711962032384e+00
1.440125750214346922e+01,3.523874364685567251e+00
1.442126321806230393e+01,3.138289228048590118e+00
1.444126893398113864e+01,3.696604162290658024e+00
1.446127464989997158e+01,4.372957104593506727e+00
1.448128036581880451e+01,3.998023733498164312e+00
1.450128608173763922e+01,3.591062816992975470e+00
1.452129179765647393e+01,4.240233294394069929e+00
1.454129751357530864e+01,3.775197535132959636e+00
1.456130322949414158e+01,4.075326260945015378e+00
1.458130894541297451e+01,3.302014947666784384e+00
1.460131466133180922e+01,3.010512113660091860e+00
1.462132037725064393e+01,3.397888599798709386e+00
1.464132609316947686e+01,3.532228273280292985e+00
1.466133180908831157e+01,3.934377894443410462e+00
1.468133752500714451e+01,3.694846503054173503e+00
1.470134324092597922e+01,2.889425342496116045e+00
1.472134895684481393e+01,3.516868582161490231e+00
1.474135467276364686e+01,3.397761525545811345e+00
1.476136038868247979e+01,3.495605317954679325e+00
1.478136610460131450e+01,3.333052804715680217e+00
1.480137182052014921e+01,3.665373347370202595e+00
1.482137753643898392e+01,4.202254542695385453e+00
1.484138325235781686e+01,3.668130743907848323e+00
1.486138896827664979e+01,3.399289268902284888e+00
1.488139468419548450e+01,4.143499107426453776e+00
1.490140040011431921e+01,3.320530891911399607e+00
1.492140611603315392e+01,3.833091006716351501e+00
1.494141183195198685e+01,3.128953640980126405e+00
1.496141754787081979e+01,3.760294119943953017e+00
1.498142326378965450e+01,3.783390847445122773e+00
1.500142897970848921e+01,3.977759883529335294e+00
1.502143469562732214e+01,4.063139308019209750e+00
1.504144041154615508e+01,3.601422228241744072e+00
1.506144612746498979e+01,3.876906080689322742e+00
1.508145184338382450e+01,3.607296519223003539e+00
1.510145755930265921e+01,3.405392886855856283e+00
1.512146327522149214e+01,3.908716689474084127e+00
1.514146899114032507e+01,3.895415029359346359e+00
1.516147470705915978e+01,3.847129554018801301e+00
1.518148042297799449e+01,3.233326744739888792e+00
1.520148613889682920e+01,3.349815848025356146e+00
1.522149185481566214e+01,3.482287212268894816e+00
1.524149757073449507e+01,3.524608630156879308e+00
1.526150328665332978e+01,4.412516228505660720e+00
1.528150900257216449e+01,3.788804514706656246e+00
1.530151471849099742e+01,4.315867069923996269e+00
1.532152043440983036e+01,3.479174211009567141e+00
1.534152615032866507e+01,3.976057024501142401e+00
1.536153186624749978e+01,3.462149899359979521e+00
1.538153758216633449e+01,2.652513985888630632e+00
1.540154329808516742e+01,3.572034383475888752e+00
1.542154901400400036e+01,3.964871763333575050e+00
1.544155472992283507e+01,4.045850221225510523e+00
1.546156044584166978e+01,3.769651909887886454e+00
1.548156616176050449e+01,3.424203000644468808e+00
1.550157187767933742e+01,3.623474498405693467e+00
1.552157759359817035e+01,3.988279758870238556e+00
1.554158330951700506e+01,3.159206508483043407e+00
1.556158902543583977e+01,2.784004051156784509e+00
1.558159474135467271e+01,3.556135837228483254e+00
1.560160045727350742e+01,4.350957915854309910e+00
1.562160617319234035e+01,3.343818537052027917e+00
1.564161188911117506e+01,2.977807683249058535e+00
1.566161760503000977e+01,3.976838167356592901e+00
1.568162332094884270e+01,3.683717259438066272e+00
1.570162903686767564e+01,3.748056772472974529e+00
1.572163475278651035e+01,3.873022882724696636e+00
1.574164046870534506e+01,3.475619989914725316e+00
1.576164618462417977e+01,3.325769872762927459e+00
1.578165190054301270e+01,2.781182188228515262e+00
1.580165761646184563e+01,2.926573721224771774e+00
1.582166333238068034e+01,4.261514833927500412e+00
1.584166904829951505e+01,4.193851653547728375e+00
1.586167476421834799e+01,3.520345160032372522e+00
1.588168048013718270e+01,3.898392086065322282e+00
1.590168619605601563e+01,2.880248157003125531e+00
1.592169191197485034e+01,3.445815561733859944e+00
1.594169762789368505e+01,3.424980649300580104e+00
1.596170334381251799e+01,3.554460423114101264e+00
1.598170905973135092e+01,3.512547811829669797e+00
1.600171477565018563e+01,3.328556722542610480e+00
1.602172049156902034e+01,2.740653900141245991e+00
1.604172620748785505e+01,3.971351118598060559e+00
1.606173192340668976e+01,3.365940854099281232e+00
1.608173763932552092e+01,2.835190520874462994e+00
1.610174335524435563e+01,4.062893058233416177e+00
1.612174907116319034e+01,3.088118194676826356e+00
1.614175478708202505e+01,3.399104045742767255e+00
1.616176050300085620e+01,3.951131685969912155e+00
1.618176621891969091e+01,3.200399910074412269e+00
1.620177193483852562e+01,3.812466398754528640e+00
1.622177765075736033e+01,3.553004902378246399e+00
1.624178336667619504e+01,3.234454924221783045e+00
1.626178908259502620e+01,3.684843288800882632e+00
1.628179479851386091e+01,3.214911318286318043e+00
1.630180051443269562e+01,3.228129447978885125e+00
1.632180623035153033e+01,3.258374582445287881e+00
1.634181194627036149e+01,4.092187761933690382e+00
1.636181766218919620e+01,4.025149553245892520e+00
1.638182337810803091e+01,2.582914468729319069e+00
1.640182909402686562e+01,3.985922177343506512e+00
1.642183480994570033e+01,3.350275344471415284e+00
1.644184052586453504e+01,3.590128964159306157e+00
1.646184624178336620e+01,3.402948853691231790e+00
1.648185195770220091e+01,3.710141467912335678e+00
1.650185767362103562e+01,2.762510060875384532e+00
1.652186338953986677e+01,4.048236902371161072e+00
1.654186910545870148e+01,3.620633503587125546e+00
1.656187482137753619e+01,3.357734186832264101e+00
1.658188053729637090e+01,3.197218154312150062e+00
1.660188625321520561e+01,3.802750431881271709e+00
1.662189196913404032e+01,3.955408645728274664e+00
1.664189768505287148e+01,3.793491568487925569e+00
1.666190340097170619e+01,3.653321819445300989e+00
1.668190911689054090e+01,3.453426151128155652e+00
1.670191483280937561e+01,3.507964543841297633e+00
1.672192054872820677e+01,3.574466176117179650e+00
1.674192626464704148e+01,3.798130018805373265e+00
1.676193198056587619e+01,3.587834909389336246e+00
1.678193769648471090e+01,3.100339729475679817e+00
1.680194341240354561e+01,3.594078371666204141e+00
1.682194912832238032e+01,4.193603117811644410e+00
1.684195484424121148e+01,3.844591202192233048e+00
1.686196056016004619e+01,3.040519294925172034e+00
1.688196627607888090e+01,4.171603814062556204e+00
1.690197199199771205e+01,3.104869960609119239e+00
1.692197770791654676e+01,3.608625317052579717e+00
1.694198342383538147e+01,2.927907155455113930e+00
1.696198913975421618e+01,3.979140292284260472e+00
1.698199485567305089e+01,4.166033193165853632e+00
1.700200057159188560e+01,4.341317407151050745e+00
1.702200628751071676e+01,3.015679619750873286e+00
1.704201200342955147e+01,2.953176484086688980e+00
1.706201771934838618e+01,3.030862882796772517e+00
1.708202343526722089e+01,3.597485684995976651e+00
1.710202915118605205e+01,3.717495028744807861e+00
1.712203486710488676e+01,3.290452626277269310e+00
1.714204058302372147e+01,3.687079164481219529e+00
1.716204629894255618e+01,3.836090431408735846e+00
1.718205201486139089e+01,3.306131720232841076e+00
1.720205773078022204e+01,3.560926318769056298e+00
1.722206344669905675e+01,3.895488461471403596e+00
1.724206916261789146e+01,3.202780235035127099e+00
1.726207487853672617e+01,4.555313260435271516e+00
1.728208059445555733e+01,3.847322189636722456e+00
1.730208631037439204e+01,3.788627317413341800e+00
1.732209202629322675e+01,3.895605054771707820e+00
1.734209774221206146e+01,3.900440070347582555e+00
1.736210345813089617e+01,3.575973481978610202e+00
1.738210917404973088e+01,4.065751173158942855e+00
1.740211488996856204e+01,4.471005064530546136e+00
1.742212060588739675e+01,4.895470668695919514e+00
1.744212632180623146e+01,4.570883898855373495e+00
1.746213203772506262e+01,4.699056568936328837e+00
1.748213775364389733e+01,3.915181626675580340e+00
1.750214346956273204e+01,4.574533151748971349e+00
1.752214918548156675e+01,4.676722366190797509e+00
1.754215490140040146e+01,5.182278659528803288e+00
1.756216061731923617e+01,4.596761779465302844e+00
1.758216633323806732e+01,4.447968255913165692e+00
1.760217204915690203e+01,4.431087880739863039e+00
1.762217776507573674e+01,4.342714288692171465e+00
1.764218348099457145e+01,4.627911346010068705e+00
1.766218919691340261e+01,4.893099391378645358e+00
1.768219491283223732e+01,5.156719181368918825e+00
1.770220062875107203e+01,4.909936602393329075e+00
1.772220634466990674e+01,5.040504896252589795e+00
1.774221206058874145e+01,4.837037744244519821e+00
1.776221777650757616e+01,5.311289614253606572e+00
1.778222349242640732e+01,5.126459982598795762e+00
1.780222920834524203e+01,5.004756541002016057e+00
1.782223492426407674e+01,5.397822651005800054e+00
1.784224064018290790e+01,5.648964538767257793e+00
1.786224635610174261e+01,6.380471467617368830e+00
1.788225207202057732e+01,5.231503191689226284e+00
1.790225778793941203e+01,5.585854521742993128e+00
1.792226350385824674e+01,6.551131679443225053e+00
1.794226921977708145e+01,6.532995527214827902e+00
1.796227493569591260e+01,5.673806267196194852e+00
1.798228065161474731e+01,6.374050754747833558e+00
1.800228636753358202e+01,6.420108036082377012e+00
1.802229208345241318e+01,6.731490912217688027e+00
1.804229779937124789e+01,6.571836128255080567e+00
1.806230351529008260e+01,6.761162011572796615e+00
1.808230923120891731e+01,6.373293461014019279e+00
1.810231494712775202e+01,6.235775305152861492e+00
1.812232066304658673e+01,7.048746527903444914e+00
1.814232637896542144e+01,6.533140215742275103e+00
1.816233209488425260e+01,7.234246688154774674e+00
1.818233781080308731e+01,7.718006504435303228e+00
1.820234352672191847e+01,7.143460594153021148e+00
1.822234924264075318e+01,7.516664796797145165e+00
1.824235495855958789e+01,7.668909980236019663e+00
1.826236067447842260e+01,8.065560940089287811e+00
1.828236639039725731e+01,8.718241461313564145e+00
1.830237210631609202e+01,7.941682792930606638e+00
1.832237782223492673e+01,8.125648616175013217e+00
1.834238353815375788e+01,7.921348702490192295e+00
1.836238925407259259e+01,8.254730313417780962e+00
1.838239496999142730e+01,8.928294016189713744e+00
1.840240068591025846e+01,8.455550170871745763e+00
1.842240640182909317e+01,8.679030093135336799e+00
1.844241211774792788e+01,9.322793102681060873e+00
1.846241783366676259e+01,8.616461387618450374e+00
1.848242354958559730e+01,8.621454123242322964e+00
1.850242926550443201e+01,9.695003796795127471e+00
1.852243498142326672e+01,8.844145621415474778e+00
1.854244069734209788e+01,8.909662525551379275e+00
1.856244641326093259e+01,9.018405410601706862e+00
1.858245212917976374e+01,8.893848297213411414e+00
1.860245784509859845e+01,9.351950968260750230e+00
1.862246356101743316e+01,8.677649661246254809e+00
1.864246927693626787e+01,9.418378246745598759e+00
1.866247499285510258e+01,8.875410988474706997e+00
1.868248070877393729e+01,8.424767553539524556e+00
1.870248642469277200e+01,9.329486941263049005e+00
1.872249214061160316e+01,9.105070284197912756e+00
1.874249785653043787e+01,8.301323050281803617e+00
1.876250357244927258e+01,7.941272839802010708e+00
1.878250928836810374e+01,8.115992467061806437e+00
1.880251500428693845e+01,7.759252355871684159e+00
1.882252072020577316e+01,7.360248091453719610e+00
1.884252643612460787e+01,7.699722926371319609e+00
1.886253215204344258e+01,7.783850966512011915e+00
1.888253786796227729e+01,7.425337541139665376e+00
1.890254358388111200e+01,7.576841982356894434e+00
1.892254929979994316e+01,7.292224459872395315e+00
1.894255501571877787e+01,7.667997489041621151e+00
1.896256073163760902e+01,7.438728517652084093e+00
1.898256644755644373e+01,6.890556815651732947e+00
1.900257216347527844e+01,6.103252567130711626e+00
1.902257787939411315e+01,6.403197803053100934e+00
1.904258359531294786e+01,6.939421223545550355e+00
1.906258931123178257e+01,6.778048462853714540e+00
1.908259502715061728e+01,5.635054900063323657e+00
1.910260074306944844e+01,6.482865582315490371e+00
1.912260645898828315e+01,6.136142512592882348e+00
1.914261217490711431e+01,6.250675757903868757e+00
1.916261789082594902e+01,6.113203169790782709e+00
1.918262360674478373e+01,5.807251306223253806e+00
1.920262932266361844e+01,5.630466130277165249e+00
1.922263503858245315e+01,5.533529635561403204e+00
1.924264075450128786e+01,5.165637338206106044e+00
1.926264647042012257e+01,5.611987566381820614e+00
1.928265218633895373e+01,4.636043020162508022e+00
1.930265790225778844e+01,4.475927385675928960e+00
1.932266361817662315e+01,5.113058789537737070e+00
1.934266933409545430e+01,5.275096587523017355e+00
1.936267505001428901e+01,4.991205494384539421e+00
1.938268076593312372e+01,5.002375645419618877e+00
1.940268648185195843e+01,3.916770483147852921e+00
1.942269219777079314e+01,4.413313045235019771e+00
1.944269791368962785e+01,4.556279099040916769e+00
1.946270362960846256e+01,4.621670898401343486e+00
1.948270934552729372e+01,4.436262366731707374e+00
1.950271506144612843e+01,3.727970965197227038e+00
1.952272077736495959e+01,4.484703746840709826e+00
1.954272649328379430e+01,4.136964537189402158e+00
1.956273220920262901e+01,4.487040380187893973e+00
1.958273792512146372e+01,3.887999696797066917e+00
1.960274364104029843e+01,4.759891042471174671e+00
1.962274935695913314e+01,4.237537818370558540e+00
1.964275507287796785e+01,3.861538516912913721e+00
1.966276078879679901e+01,3.593012366990484097e+00
1.968276650471563372e+01,4.507463857949678854e+00
1.970277222063446487e+01,4.784659776126231279e+00
1.972277793655329958e+01,3.745435482249066972e+00
1.974278365247213429e+01,3.686860331447267658e+00
1.976278936839096900e+01,3.906396105021308962e+00
1.978279508430980371e+01,3.853765245567608577e+00
1.980280080022863842e+01,5.410709159292501624e+00
1.982280651614747313e+01,4.703490109638817529e+00
1.984281223206630784e+01,4.712947239378894260e+00
1.986281794798513900e+01,4.909636612610588813e+00
1.988282366390397371e+01,4.326254971187523779e+00
1.990282937982280487e+01,4.949090813225782703e+00
1.992283509574163958e+01,5.705092507675884050e+00
1.994284081166047429e+01,4.937300217852649276e+00
1.996284652757930900e+01,5.474834266072937439e+00
1.998285224349814371e+01,4.979216423656087187e+00
2.000285795941697842e+01,5.556033396933363733e+00
2.002286367533581313e+01,5.565129475137478465e+00
2.004286939125464428e+01,5.490154235522386905e+00
2.006287510717347899e+01,5.437711543897225219e+00
2.008288082309231015e+01,6.309014933367668831e+00
2.010288653901114486e+01,6.040992622341191165e+00
2.012289225492997957e+01,6.959739445595024776e+00
2.014289797084881428e+01,6.919805099659457781e+00
2.016290368676764899e+01,7.279413958740216906e+00
2.018290940268648370e+01,7.190102533904016546e+00
2.020291511860531841e+01,6.745264548542078131e+00
2.022292083452414957e+01,7.276016495996150191e+00
2.024292655044298428e+01,8.170640259160009577e+00
2.026293226636181899e+01,8.067494467725282448e+00
2.028293798228065015e+01,7.672549470635826374e+00
2.030294369819948486e+01,9.031791582069955027e+00
2.032294941411831957e+01,8.225225995355325281e+00
2.034295513003715428e+01,8.106044172566418737e+00
2.036296084595598899e+01,9.033767232415272019e+00
2.038296656187482370e+01,9.658341741755204879e+00
2.040297227779365841e+01,9.293653679416753022e+00
2.042297799371248956e+01,9.781063829736478255e+00
2.044298370963132427e+01,1.036944013067446413e+01
2.046298942555015543e+01,9.821939414913547495e+00
2.048299514146899014e+01,1.082940687357511678e+01
2.050300085738782485e+01,1.148668419916556260e+01
2.052300657330665956e+01,1.185540480284800324e+01
2.054301228922549427e+01,1.209228743287461150e+01
2.056301800514432898e+01,1.267296643197373385e+01
2.058302372106316369e+01,1.239981105811804341e+01
2.060302943698199485e+01,1.335745827645320283e+01
2.062303515290082956e+01,1.428173881906919718e+01
2.064304086881966072e+01,1.415454952411870693e+01
2.066304658473849543e+01,1.419734231045378436e+01
2.068305230065733014e+01,1.564360561318178533e+01
2.070305801657616485e+01,1.580992023581419659e+01
2.072306373249499956e+01,1.623926983488118481e+01
2.074306944841383427e+01,1.662162522337953519e+01
2.076307516433266898e+01,1.721975971455890786e+01
2.078308088025150369e+01,1.845508230135402883e+01
2.080308659617033484e+01,1.920731293902225190e+01
2.082309231208916955e+01,1.904581803936808981e+01
2.084309802800800071e+01,2.045851969955865712e+01
2.086310374392683542e+01,2.020447038942850071e+01
2.088310945984567013e+01,2.163422648145729354e+01
2.090311517576450484e+01,2.177810028786322860e+01
2.092312089168333955e+01,2.338456703050070118e+01
2.094312660760217426e+01,2.384084094422476952e+01
2.096313232352100897e+01,2.391569289844521862e+01
2.098313803943984013e+01,2.458894443123008244e+01
2.100314375535867484e+01,2.509904810270258224e+01
2.102314947127750600e+01,2.641240587543700968e+01
2.104315518719634071e+01,2.740275656264803672e+01
2.106316090311517542e+01,2.766816958679005012e+01
2.108316661903401013e+01,2.818622473049844857e+01
2.110317233495284484e+01,2.850750715063066920e+01
2.112317805087167955e+01,2.736311519025857564e+01
2.114318376679051426e+01,2.827436640669066747e+01
2.116318948270934541e+01,2.792362513420379244e+01
2.118319519862818012e+01,2.713204283309471165e+01
2.120320091454701483e+01,2.690227356015850546e+01
2.122320663046584599e+01,2.638106535805736641e+01
2.124321234638468070e+01,2.520100932692924900e+01
2.126321806230351541e+01,2.453264009999684347e+01
2.128322377822235012e+01,2.299185759705013510e+01
2.130322949414118483e+01,2.101323141110942316e+01
2.132323521006001954e+01,2.005112055291750650e+01
2.134324092597885425e+01,1.755922531191885128e+01
2.136324664189768541e+01,1.730657844068801410e+01
2.138325235781652012e+01,1.567875599585680746e+01
2.140325807373535127e+01,1.362680628931126137e+01
2.142326378965418598e+01,1.326502741373475658e+01
2.144326950557302069e+01,1.149146870517218488e+01
2.146327522149185540e+01,1.062755353727268393e+01
2.148328093741069011e+01,1.072262375038870630e+01
2.150328665332952482e+01,9.569256839414572724e+00
2.152329236924835953e+01,9.210110848702779407e+00
2.154329808516719069e+01,7.742739367389406269e+00
2.156330380108602540e+01,8.580190487726920168e+00
2.158330951700485656e+01,7.977862014769662835e+00
2.160331523292369127e+01,6.804688184181777899e+00
2.162332094884252598e+01,6.951357727624700722e+00
2.164332666476136069e+01,6.375486395920940907e+00
2.166333238068019540e+01,5.836433118560182542e+00
2.168333809659903011e+01,5.795167810567910749e+00
2.170334381251786482e+01,6.047484055671208836e+00
2.172334952843669598e+01,6.045677048878371096e+00
2.174335524435553069e+01,5.659838935375852920e+00
2.176336096027436540e+01,6.314327930555936774e+00
2.178336667619319655e+01,5.762574205936435767e+00
2.180337239211203126e+01,5.481629406400205795e+00
2.182337810803086597e+01,5.053489041138661264e+00
2.184338382394970068e+01,6.122881028004682591e+00
2.186338953986853539e+01,5.813638472942251667e+00
2.188339525578737010e+01,5.011876449489742313e+00
2.190340097170620481e+01,5.514023753995494381e+00
2.192340668762503597e+01,4.738269918653667645e+00
2.194341240354387068e+01,5.027843675606077589e+00
2.196341811946270184e+01,5.061355016406995588e+00
2.198342383538153655e+01,5.346342319792977804e+00
2.200342955130037126e+01,5.674918532977737406e+00
2.202343526721920597e+01,4.583509678691118694e+00
2.204344098313804068e+01,5.596984030892828699e+00
2.206344669905687539e+01,5.444127242707918590e+00
2.208345241497571010e+01,5.675202211173850486e+00
2.210345813089454126e+01,5.402781198364127846e+00
2.212346384681337597e+01,6.367224707593699407e+00
2.214346956273221068e+01,5.495364338633348389e+00
2.216347527865104183e+01,6.312974361179643168e+00
2.218348099456987654e+01,5.800413306024609916e+00
2.220348671048871125e+01,5.685497916029698118e+00
2.222349242640754596e+01,6.539526027210939674e+00
2.224349814232638067e+01,6.663264524204134176e+00
2.226350385824521538e+01,6.583228494381113016e+00
2.228350957416405009e+01,6.175394014531550901e+00
2.230351529008288125e+01,6.638576564024585736e+00
2.232352100600171596e+01,7.002719354646779415e+00
2.234352672192054712e+01,6.227245851498206086e+00
2.236353243783938183e+01,7.453824166148645070e+00
2.238353815375821654e+01,6.410301738825309847e+00
2.240354386967705125e+01,7.204193551859892963e+00
2.242354958559588596e+01,7.581749455362627899e+00
2.244355530151472067e+01,7.588208190745517001e+00
2.246356101743355538e+01,7.760939928463555404e+00
2.248356673335238654e+01,7.467224193045309377e+00
2.250357244927122125e+01,7.324616135439573128e+00
2.252357816519005240e+01,7.511441216730126769e+00
2.254358388110888711e+01,7.645012139318614786e+00
2.256358959702772182e+01,8.555641983056927913e+00
2.258359531294655653e+01,8.250987106926075398e+00
2.260360102886539124e+01,7.946111263144812753e+00
2.262360674478422595e+01,8.379860277500139176e+00
2.264361246070306066e+01,8.135378416813244584e+00
2.266361817662189182e+01,7.274809807217018864e+00
2.268362389254072653e+01,8.275593695523827620e+00
2.270362960845956124e+01,7.887288994657937202e+00
2.272363532437839240e+01,7.261371988321497106e+00
2.274364104029722711e+01,6.633192640857108024e+00
2.276364675621606182e+01,7.268056084443806242e+00
2.278365247213489653e+01,5.968567936791261630e+00
2.280365818805373124e+01,6.614499387299959565e+00
2.282366390397256595e+01,6.207117249663160585e+00
2.284366961989140066e+01,6.032332392832507217e+00
2.286367533581023181e+01,5.548003160578925730e+00
2.288368105172906652e+01,5.454421225637830162e+00
2.290368676764789768e+01,4.352852319898240729e+00
2.292369248356673239e+01,4.573804593083288239e+00
2.294369819948556710e+01,4.483931074635689740e+00
2.296370391540440181e+01,4.529048277641855691e+00
2.298370963132323652e+01,4.060814319869677114e+00
2.300371534724207123e+01,4.696453720550946898e+00
2.302372106316090594e+01,4.454440187286918373e+00
2.304372677907973710e+01,4.023409802064311869e+00
2.306373249499857181e+01,4.487981429306100445e+00
2.308373821091740652e+01,4.749152584162419366e+00
2.310374392683623768e+01,4.890196596715681743e+00
2.312374964275507239e+01,5.043640402398253286e+00
2.314375535867390710e+01,4.590522171305651433e+00
2.316376107459274181e+01,4.510973641437995951e+00
2.318376679051157652e+01,4.266776646192592892e+00
2.320377250643041123e+01,4.181975271883552558e+00
2.322377822234924594e+01,4.507612776638158181e+00
2.324378393826807709e+01,3.848605238143451235e+00
2.326378965418691180e+01,5.406032756548504459e+00
2.328379537010574296e+01,5.442693384155059988e+00
2.330380108602457767e+01,4.831509651840717900e+00
2.332380680194341238e+01,4.927941070024074222e+00
2.334381251786224709e+01,4.807806745846146868e+00
2.336381823378108180e+01,4.748784387993330469e+00
2.338382394969991651e+01,5.761705373629871119e+00
2.340382966561875122e+01,5.402210473876152719e+00
2.342383538153758238e+01,5.010708719353600848e+00
2.344384109745641709e+01,5.775658930473058561e+00
2.346384681337524825e+01,5.299938413402987436e+00
2.348385252929408296e+01,4.541418462323688843e+00
2.350385824521291767e+01,5.753069942151223692e+00
2.352386396113175238e+01,5.510349688722826045e+00
2.354386967705058709e+01,6.153314714014053166e+00
2.356387539296942180e+01,5.714548885955249347e+00
2.358388110888825651e+01,5.604820390150613285e+00
2.360388682480708766e+01,5.857369731406849134e+00
2.362389254072592237e+01,5.490616175132421617e+00
2.364389825664475708e+01,6.316866686124990693e+00
2.366390397256358824e+01,6.129483530282027637e+00
2.368390968848242295e+01,6.045922623410148411e+00
2.370391540440125766e+01,5.695662587521551856e+00
2.372392112032009237e+01,5.864114582940929132e+00
2.374392683623892708e+01,5.756397842143961441e+00
2.376393255215776179e+01,5.153406098991597517e+00
2.378393826807659650e+01,4.957088424302025231e+00
2.380394398399542766e+01,5.133444086458116118e+00
2.382394969991426237e+01,5.896258339716633046e+00
2.384395541583309353e+01,4.424689559376965065e+00
2.386396113175192824e+01,4.256964768860949100e+00
2.388396684767076295e+01,5.137867748654462829e+00
2.390397256358959766e+01,4.386865220343385552e+00
2.392397827950843237e+01,5.012815010683606687e+00
2.394398399542726708e+01,4.588197569322576719e+00
2.396398971134610179e+01,5.234995044894059646e+00
2.398399542726493294e+01,4.062301696789518246e+00
2.400400114318376765e+01,4.031183179168490227e+00
2.402400685910260236e+01,4.284949715757555566e+00
2.404401257502143352e+01,4.729230836061146803e+00
2.406401829094026823e+01,4.871907842858753668e+00
2.408402400685910294e+01,4.875364432953075422e+00
2.410402972277793765e+01,4.767614105489584198e+00
2.412403543869677236e+01,4.075133434433534596e+00
2.414404115461560707e+01,4.229213693228392579e+00
2.416404687053444178e+01,4.603590411885662093e+00
2.418405258645327294e+01,4.685255146317482300e+00
2.420405830237210765e+01,4.875751247865236948e+00
2.422406401829093880e+01,5.182080304767342049e+00
2.424406973420977351e+01,5.230523555363213006e+00
2.426407545012860822e+01,5.186572757780215426e+00
2.428408116604744293e+01,4.525248608547450146e+00
2.430408688196627764e+01,5.109783900643384058e+00
2.432409259788511235e+01,4.697863922577056428e+00
2.434409831380394706e+01,4.891547457971587853e+00
2.436410402972277822e+01,5.582050683486142972e+00
2.438410974564161293e+01,5.160793801710529927e+00
2.440411546156044409e+01,4.920522146068877944e+00
2.442412117747927880e+01,5.739409554029849758e+00
2.444412689339811351e+01,5.305716251293659980e+00
2.446413260931694822e+01,5.726681956771717985e+00
2.448413832523578293e+01,5.248507805767828494e+00
2.450414404115461764e+01,5.369122867865810278e+00
2.452414975707345235e+01,4.879639821915178644e+00
2.454415547299228351e+01,5.592573632201809808e+00
2.456416118891111822e+01,5.944775896402910931e+00
2.458416690482995293e+01,6.350672859759938227e+00
2.460417262074878408e+01,5.489801045967907633e+00
2.462417833666761879e+01,5.709239610467598425e+00
2.464418405258645350e+01,5.890438274877986657e+00
2.466418976850528821e+01,5.837593553433183757e+00
2.468419548442412292e+01,7.112183660334142843e+00
2.470420120034295763e+01,6.119798594685402549e+00
2.472420691626179234e+01,7.336678184456008722e+00
2.474421263218062350e+01,6.407272544909329071e+00
2.476421834809945821e+01,7.083410328686609247e+00
2.478422406401828937e+01,7.975011759771524211e+00
2.480422977993712408e+01,7.957150500703118468e+00
2.482423549585595879e+01,8.346191603183939378e+00
2.484424121177479350e+01,8.842424013214255751e+00
2.486424692769362821e+01,8.967979478539909621e+00
2.488425264361246292e+01,8.416285249154197956e+00
2.490425835953129763e+01,9.551844963916993336e+00
2.492426407545012879e+01,9.344809867747805754e+00
2.494426979136896350e+01,1.041023729718119739e+01
2.496427550728779821e+01,1.010236197991659424e+01
2.498428122320662936e+01,9.629750224843059314e+00
2.500428693912546407e+01,1.040379351928902807e+01
2.502429265504429878e+01,1.079015201634727106e+01
2.504429837096313349e+01,1.007666781984568694e+01
2.506430408688196820e+01,1.092678505490795970e+01
2.508430980280080291e+01,1.142764770511681682e+01
2.510431551871963762e+01,1.148952903964823946e+01
2.512432123463846878e+01,1.160747176893409716e+01
2.514432695055730349e+01,1.166110693598805348e+01
2.516433266647613465e+01,1.179650122851284522e+01
2.518433838239496936e+01,1.208347799323971472e+01
2.520434409831380407e+01,1.186282528751193333e+01
2.522434981423263878e+01,1.201998107627431978e+01
2.524435553015147349e+01,1.251885843903673212e+01
2.526436124607030820e+01,1.295369632934848703e+01
2.528436696198914291e+01,1.345579655234170602e+01
2.530437267790797407e+01,1.275768997892386913e+01
2.532437839382680878e+01,1.293035012687383656e+01
2.534438410974563993e+01,1.341311157597080594e+01
2.536438982566447464e+01,1.414417131222141144e+01
2.538439554158330935e+01,1.377290836032006816e+01
2.540440125750214406e+01,1.415468667332047303e+01
2.542440697342097877e+01,1.437331303073647426e+01
2.544441268933981348e+01,1.481287061844227715e+01
2.546441840525864819e+01,1.482319107592088336e+01
2.548442412117747935e+01,1.449275500014396556e+01
2.550442983709631406e+01,1.473725231047458450e+01
2.552443555301514877e+01,1.427754422483373808e+01
2.554444126893397993e+01,1.418009134781486758e+01
2.556444698485281464e+01,1.294918900921689797e+01
2.558445270077164935e+01,1.270487275931841964e+01
2.560445841669048406e+01,1.250495951671050321e+01
2.562446413260931877e+01,1.160743391085666154e+01
2.564446984852815348e+01,1.218267015569561451e+01
2.566447556444698819e+01,1.099824022767133869e+01
2.568448128036581934e+01,1.053529592451156205e+01
2.570448699628465405e+01,1.037232200136822868e+01
2.572449271220348521e+01,1.020633728310001587e+01
2.574449842812231992e+01,9.744186023310064115e+00
2.576450414404115463e+01,9.587895447594318554e+00
2.578450985995998934e+01,9.420937299435236056e+00
2.580451557587882405e+01,1.025701487855531902e+01
2.582452129179765876e+01,9.056598278676762703e+00
2.584452700771649347e+01,9.620853874020539820e+00
2.586453272363532463e+01,9.674849707022206147e+00
2.588453843955415934e+01,9.676926393839897500e+00
2.590454415547299405e+01,9.480722695498519315e+00
2.592454987139182521e+01,9.359452170690069295e+00
2.594455558731065992e+01,9.874290213063446231e+00
2.596456130322949463e+01,1.003118858425292714e+01
2.598456701914832934e+01,1.133318717489376937e+01
2.600457273506716405e+01,1.071580381616875322e+01
2.602457845098599520e+01,1.146517700100331894e+01
2.604458416690482991e+01,1.190428012561730675e+01
2.606458988282366462e+01,1.207916956916770346e+01
2.608459559874249933e+01,1.248347380263452955e+01
2.610460131466133404e+01,1.332339953545351818e+01
2.612460703058016520e+01,1.427621521364706503e+01
2.614461274649899991e+01,1.398569302655420721e+01
2.616461846241783462e+01,1.440661346963022460e+01
2.618462417833666933e+01,1.506136495639080763e+01
2.620462989425550404e+01,1.606114101836996610e+01
2.622463561017433520e+01,1.686696652153975151e+01
2.624464132609316991e+01,1.707056488997212540e+01
2.626464704201200462e+01,1.852851829525889826e+01
2.628465275793083933e+01,1.881817994938350935e+01
2.630465847384967049e+01,1.968898743535617868e+01
2.632466418976850520e+01,1.994724824538250019e+01
2.634466990568733991e+01,2.127993839950862665e+01
2.636467562160617462e+01,2.082027461502859111e+01
2.638468133752500933e+01,2.159658686349108692e+01
2.640468705344384048e+01,2.216658442845948684e+01
2.642469276936267519e+01,2.173585359265457484e+01
2.644469848528150990e+01,2.132537209886846341e+01
2.646470420120034461e+01,2.076532092444456978e+01
2.648470991711917932e+01,2.118697255481556496e+01
2.650471563303801048e+01,2.006671429140944340e+01
2.652472134895684519e+01,2.008423268035163289e+01
2.654472706487567990e+01,1.879104135400038800e+01
2.656473278079451461e+01,1.733919428879167413e+01
2.658473849671334932e+01,1.620427188844594824e+01
2.660474421263218048e+01,1.502638482863654446e+01
2.662474992855101519e+01,1.353505277989215116e+01
2.664475564446984990e+01,1.307618308475790236e+01
2.666476136038868461e+01,1.165826857308793763e+01
2.668476707630751577e+01,1.139863526061930799e+01
2.670477279222635048e+01,1.060926432633183758e+01
2.672477850814518519e+01,1.038778083288232956e+01
2.674478422406401990e+01,9.985356041108710556e+00
2.676478993998285461e+01,9.743969736969210871e+00
2.678479565590168576e+01,9.795560755211932147e+00
2.680480137182052047e+01,9.705124396926898100e+00
2.682480708773935518e+01,9.494435843954111220e+00
2.684481280365818989e+01,1.002963571097305540e+01
2.686481851957702460e+01,1.058360772530493499e+01
2.688482423549585576e+01,1.049752879447173015e+01
2.690482995141469047e+01,1.118507428223607647e+01
2.692483566733352518e+01,1.142939843662840005e+01
2.694484138325235989e+01,1.180407887579711179e+01
2.696484709917119105e+01,1.345377050219809512e+01
2.698485281509002576e+01,1.350628739034021208e+01
2.700485853100886047e+01,1.459382432359623039e+01
2.702486424692769518e+01,1.468040444490377716e+01
2.704486996284652989e+01,1.575009104050378284e+01
2.706487567876536104e+01,1.735476251140291737e+01
2.708488139468419575e+01,1.804822196590877681e+01
2.710488711060303046e+01,1.888989060701024414e+01
2.712489282652186517e+01,1.970601410145160770e+01
2.714489854244069988e+01,2.135212993743631316e+01
2.716490425835953104e+01,2.191037468156766366e+01
2.718490997427836575e+01,2.361137047846118620e+01
2.720491569019720046e+01,2.443532912602543661e+01
2.722492140611603517e+01,2.587698193764981625e+01
2.724492712203486633e+01,2.759913078788413188e+01
2.726493283795370104e+01,2.940491695307069620e+01
2.728493855387253575e+01,3.057891969370890450e+01
2.730494426979137046e+01,3.271089134598798864e+01
2.732494998571020517e+01,3.338573378787838664e+01
2.734495570162903633e+01,3.565736906689189567e+01
2.736496141754787104e+01,3.687093920329358809e+01
2.738496713346670575e+01,3.901648685039427988e+01
2.740497284938554046e+01,4.100208264530732549e+01
2.742497856530437517e+01,4.244446809378879948e+01
2.744498428122320632e+01,4.349239131836772287e+01
2.746498999714204103e+01,4.491314619091708238e+01
2.748499571306087574e+01,4.670362380258969637e+01
2.750500142897971045e+01,4.738060101191445739e+01
2.752500714489854516e+01,4.907149386710387517e+01
2.754501286081737632e+01,5.001172211482298735e+01
2.756501857673621103e+01,5.063118299732772698e+01
2.758502429265504574e+01,5.113128680782958924e+01
2.760503000857388045e+01,5.068949269274575897e+01
2.762503572449271161e+01,5.075118261580177403e+01
2.764504144041154632e+01,4.932076241319958854e+01
2.766504715633038103e+01,4.842768478882165795e+01
2.768505287224921574e+01,4.587016846639454570e+01
2.770505858816805045e+01,4.493601936336892066e+01
2.772506430408688161e+01,4.175447483514640368e+01
2.774507002000571632e+01,3.913314039247283205e+01
2.776507573592455103e+01,3.541417878531168384e+01
2.778508145184338574e+01,3.219794255466845811e+01
2.780508716776222045e+01,2.893542312412965245e+01
2.782509288368105160e+01,2.492117372032702605e+01
2.784509859959988631e+01,2.243918461986554291e+01
2.786510431551872102e+01,1.852091049838138304e+01
2.788511003143755573e+01,1.625324919053251449e+01
2.790511574735638689e+01,1.365052132707529253e+01
2.792512146327522160e+01,1.283420485053726878e+01
2.794512717919405631e+01,1.108256419588871822e+01
2.796513289511289102e+01,9.690866810320542868e+00
2.798513861103172573e+01,8.556474303427142658e+00
2.800514432695055689e+01,7.646002711061954393e+00
2.802515004286939160e+01,7.323479739277281908e+00
2.804515575878822631e+01,6.504283715966767687e+00
2.806516147470706102e+01,6.665171471693866145e+00
2.808516719062589573e+01,6.519984386660452103e+00
2.810517290654472689e+01,6.295077094416511088e+00
2.812517862246356160e+01,5.413617981881010621e+00
2.814518433838239631e+01,5.715778243855901941e+00
2.816519005430123102e+01,6.080152603043728732e+00
2.818519577022006217e+01,6.271803834509206865e+00
2.820520148613889688e+01,6.193805942393184161e+00
2.822520720205773159e+01,6.018424853223004689e+00
2.824521291797656630e+01,6.201564327210524752e+00
2.826521863389540101e+01,6.280636063891041232e+00
2.828522434981423217e+01,6.875478827175011354e+00
2.830523006573306688e+01,5.680000755732764972e+00
2.832523578165190159e+01,6.491471595442554587e+00
2.834524149757073630e+01,6.731538581805649457e+00
2.836524721348957101e+01,6.402730748337217115e+00
2.838525292940840217e+01,7.436213007959759480e+00
2.840525864532723688e+01,7.708421184504636869e+00
2.842526436124607159e+01,7.980531173064634665e+00
2.844527007716490630e+01,6.704892244328088502e+00
2.846527579308374101e+01,7.598836764108633623e+00
2.848528150900257216e+01,7.860755929164663591e+00
2.850528722492140687e+01,7.940685430824121482e+00
2.852529294084024158e+01,8.438104794053707280e+00
2.854529865675907629e+01,8.689417199465989228e+00
2.856530437267790745e+01,8.732903538090033280e+00
2.858531008859674216e+01,9.391758994892116519e+00
2.860531580451557687e+01,1.014362879664887984e+01
2.862532152043441158e+01,1.010910223970389765e+01
2.864532723635324629e+01,1.013554661619445518e+01
2.866533295227207745e+01,1.120034990061674485e+01
2.868533866819091216e+01,1.149836553368278658e+01
2.870534438410974687e+01,1.287159312845888515e+01
2.872535010002858158e+01,1.294490623143653529e+01
2.874535581594741629e+01,1.328159123706474887e+01
2.876536153186624745e+01,1.403653844969972475e+01
2.878536724778508216e+01,1.441426920462089534e+01
2.880537296370391687e+01,1.464628902656931864e+01
2.882537867962275158e+01,1.524858486493802445e+01
2.884538439554158273e+01,1.628121175506734275e+01
2.886539011146041744e+01,1.684201254336381837e+01
2.888539582737925215e+01,1.730119802691509534e+01
2.890540154329808686e+01,1.748518337427284308e+01
2.892540725921692157e+01,1.756067412997357735e+01
2.894541297513575273e+01,1.889989660274424210e+01
2.896541869105458744e+01,1.813393233350735656e+01
2.898542440697342215e+01,1.787544959139739120e+01
2.900543012289225686e+01,1.830398395636771625e+01
2.902543583881109157e+01,1.725609363199315283e+01
2.904544155472992273e+01,1.713440583009126428e+01
2.906544727064875744e+01,1.740164200065972722e+01
2.908545298656759215e+01,1.618604992580318580e+01
2.910545870248642686e+01,1.522713385467057634e+01
2.912546441840525802e+01,1.388049070115016548e+01
2.914547013432409273e+01,1.260463455676155498e+01
2.916547585024292744e+01,1.276253817883386610e+01
2.918548156616176215e+01,1.224203281740862082e+01
2.920548728208059686e+01,1.141254677215400193e+01
2.922549299799942801e+01,1.110912538001855054e+01
2.924549871391826272e+01,1.006981287657312407e+01
2.926550442983709743e+01,1.020721132834930245e+01
2.928551014575593214e+01,9.559269884682858986e+00
2.930551586167476685e+01,9.735317568952215339e+00
2.932552157759359801e+01,9.947584513398567196e+00
2.934552729351243272e+01,1.010349756810980892e+01
2.936553300943126743e+01,9.510523914447599481e+00
2.938553872535010214e+01,1.100077369937831762e+01
2.940554444126893330e+01,1.064155933977439084e+01
2.942555015718776801e+01,1.184920265588706556e+01
2.944555587310660272e+01,1.143704478827850579e+01
2.946556158902543743e+01,1.216184892254738692e+01
2.948556730494427214e+01,1.295347104362032375e+01
2.950557302086310330e+01,1.290944866712675143e+01
2.952557873678193801e+01,1.318791162642315840e+01
2.954558445270077272e+01,1.382537882843304899e+01
2.956559016861960743e+01,1.432264269031258763e+01
2.958559588453844214e+01,1.496302096568442508e+01
2.960560160045727329e+01,1.580404044079595138e+01
2.962560731637610800e+01,1.638442690049950556e+01
2.964561303229494271e+01,1.634486077027901985e+01
2.966561874821377742e+01,1.606017878481615924e+01
2.968562446413261213e+01,1.743091984843252717e+01
2.970563018005144329e+01,1.797494243130557123e+01
2.972563589597027800e+01,1.767602856350854168e+01
2.974564161188911271e+01,1.761968495399209900e+01
2.976564732780794742e+01,1.693692252985903224e+01
2.978565304372677858e+01,1.733473754671320677e+01
2.980565875964561329e+01,1.746626301137366966e+01
2.982566447556444800e+01,1.775828427583312674e+01
2.984567019148328271e+01,1.753382497078244739e+01
2.986567590740211742e+01,1.647870361106862802e+01
2.988568162332094857e+01,1.685935238624005450e+01
2.990568733923978328e+01,1.708606035284338276e+01
2.992569305515861799e+01,1.743352253136378494e+01
2.994569877107745270e+01,1.751475859195306128e+01
2.996570448699628741e+01,1.703212293853413328e+01
2.998571020291511857e+01,1.747667240597719029e+01
3.000571591883395328e+01,1.663947339071793152e+01
3.002572163475278799e+01,1.798658343237388735e+01
3.004572735067162270e+01,1.718979945814776400e+01
3.006573306659045386e+01,1.767152151931216508e+01
3.008573878250928857e+01,1.865922211641423800e+01
3.010574449842812328e+01,1.912690517301246729e+01
3.012575021434695799e+01,1.873116730766300009e+01
3.014575593026579270e+01,1.982257869999000732e+01
3.016576164618462386e+01,1.978658456080687245e+01
3.018576736210345857e+01,2.044509545235488801e+01
3.020577307802229328e+01,2.130030418964140182e+01
3.022577879394112799e+01,2.119586814544954123e+01
3.024578450985996270e+01,2.176179629196980159e+01
3.026579022577879385e+01,2.213054907881520705e+01
3.028579594169762856e+01,2.245727004528728088e+01
3.030580165761646327e+01,2.231569078910957771e+01
3.032580737353529798e+01,2.343891921002108347e+01
3.034581308945412914e+01,2.328561456955593556e+01
3.036581880537296385e+01,2.357607133220971818e+01
3.038582452129179856e+01,2.505203021597367652e+01
3.040583023721063327e+01,2.541569806330144488e+01
3.042583595312946798e+01,2.643099496378921032e+01
3.044584166904829914e+01,2.728363029480983215e+01
3.046584738496713385e+01,2.886464169106914923e+01
3.048585310088596856e+01,2.970997710195285180e+01
3.050585881680480327e+01,3.094867078041379571e+01
3.052586453272363798e+01,3.229958503604431286e+01
3.054587024864246914e+01,3.311572517857939602e+01
3.056587596456130385e+01,3.536211576036100013e+01
3.058588168048013856e+01,3.691118250503875231e+01
3.060588739639897327e+01,3.853456598810339528e+01
3.062589311231780798e+01,3.980642001759267146e+01
3.064589882823663913e+01,4.216891362282879641e+01
3.066590454415547384e+01,4.357450397906488604e+01
3.068591026007430855e+01,4.501995055942389001e+01
3.070591597599314326e+01,4.642143151829670700e+01
3.072592169191197442e+01,4.883690744175459031e+01
3.074592740783080913e+01,5.068932893675251705e+01
3.076593312374964384e+01,5.212252156968223460e+01
3.078593883966847855e+01,5.314609087293506917e+01
3.080594455558731326e+01,5.533129439863949273e+01
3.082595027150614442e+01,5.571924432728251020e+01
3.084595598742497913e+01,5.683424305536011190e+01
3.086596170334381384e+01,5.773193992218551784e+01
3.088596741926264855e+01,5.814180040736533783e+01
3.090597313518148326e+01,5.740634940425350408e+01
3.092597885110031442e+01,5.723962309942507432e+01
3.094598456701914913e+01,5.630855667684354415e+01
3.096599028293798384e+01,5.524025045498191844e+01
3.098599599885681855e+01,5.312174823631589504e+01
3.100600171477564970e+01,5.027257543474202350e+01
3.102600743069448441e+01,4.840806193873095253e+01
3.104601314661331912e+01,4.555199524370678432e+01
3.106601886253215383e+01,4.301130846667454222e+01
3.108602457845098854e+01,3.999187999245006608e+01
3.110603029436981970e+01,3.778477733961531015e+01
3.112603601028865441e+01,3.508531977863297158e+01
3.114604172620748912e+01,3.294162726725826218e+01
3.116604744212632383e+01,3.139286954728855505e+01
3.118605315804515854e+01,2.885782610689013339e+01
3.120605887396398970e+01,2.846349058424067380e+01
3.122606458988282441e+01,2.689809488609061106e+01
3.124607030580165912e+01,2.451706834230081355e+01
3.126607602172049383e+01,2.367683506370462609e+01
3.128608173763932498e+01,2.266766676137570258e+01
3.130608745355815969e+01,2.152053267160192362e+01
3.132609316947699440e+01,2.104597506871226997e+01
3.134609888539582911e+01,1.937950946138577990e+01
3.136610460131466382e+01,1.852386757228409664e+01
3.138611031723349498e+01,1.804837616374305398e+01
3.140611603315232969e+01,1.692092773271199135e+01
3.142612174907116440e+01,1.604942381243050065e+01
3.144612746498999911e+01,1.510407042690675539e+01
3.146613318090883382e+01,1.392342098777512760e+01
3.148613889682766498e+01,1.383296118185510437e+01
3.150614461274649969e+01,1.321162079682618007e+01
3.152615032866533440e+01,1.297827951036647676e+01
3.154615604458416911e+01,1.325335529245933586e+01
3.156616176050300382e+01,1.305267250181046990e+01
3.158616747642183498e+01,1.280382236353163350e+01
3.160617319234066969e+01,1.328411596576821019e+01
3.162617890825950440e+01,1.352965112605397913e+01
3.164618462417833911e+01,1.417935275433148057e+01
3.166619034009717026e+01,1.556742807312551591e+01
3.168619605601600497e+01,1.589263586936611894e+01
3.170620177193483968e+01,1.648542702303787877e+01
3.172620748785367439e+01,1.824116200976116886e+01
3.174621320377250910e+01,1.935730816061815318e+01
3.176621891969134026e+01,1.980634644206384465e+01
3.178622463561017497e+01,2.104430022056587291e+01
3.180623035152900968e+01,2.206680940404112334e+01
3.182623606744784439e+01,2.307746888798062912e+01
3.184624178336667910e+01,2.529018625281820576e+01
3.186624749928551026e+01,2.554033129664351165e+01
3.188625321520434497e+01,2.815795051634838586e+01
3.190625893112317968e+01,2.933747306097530227e+01
3.192626464704201439e+01,3.084471720216737722e+01
3.194627036296084555e+01,3.202885978399629607e+01
3.196627607887968026e+01,3.495624494220697187e+01
3.198628179479851497e+01,3.623160019625831296e+01
3.200628751071734968e+01,3.806467679081664102e+01
3.202629322663618439e+01,3.866085280474190000e+01
3.204629894255501199e+01,4.017453518917675837e+01
3.206630465847385381e+01,4.161465902312112064e+01
3.208631037439268141e+01,4.271042279178499967e+01
3.210631609031152323e+01,4.303385719234805151e+01
3.212632180623035083e+01,4.290078035216235008e+01
3.214632752214918554e+01,4.322954871067786087e+01
3.216633323806802025e+01,4.355544678086835120e+01
3.218633895398685496e+01,4.200176403444431372e+01
3.220634466990568967e+01,4.098656531159171124e+01
3.222635038582451728e+01,3.963616499751518774e+01
3.224635610174335909e+01,3.854791891580234875e+01
3.226636181766218670e+01,3.641395576254619471e+01
3.228636753358102851e+01,3.409594145306611779e+01
3.230637324949985612e+01,3.037221954044115790e+01
3.232637896541869083e+01,2.838077931575878310e+01
3.234638468133752554e+01,2.566325135395230816e+01
3.236639039725636025e+01,2.362320077116075012e+01
3.238639611317519496e+01,2.144867059239314244e+01
3.240640182909402967e+01,1.922417264650385604e+01
3.242640754501286438e+01,1.683079074461603852e+01
3.244641326093169198e+01,1.482239136633164023e+01
3.246641897685053380e+01,1.413032397979272758e+01
3.248642469276936140e+01,1.331558351873528245e+01
3.250643040868819611e+01,1.216903330475380862e+01
3.252643612460703082e+01,1.075008733365372393e+01
3.254644184052586553e+01,1.161090177940358714e+01
3.256644755644470024e+01,1.041242034128686988e+01
3.258645327236353495e+01,9.747636883365421667e+00
3.260645898828236966e+01,1.035116454637013028e+01
3.262646470420119726e+01,9.419566174974852046e+00
3.264647042012003908e+01,8.822028896347102744e+00
3.266647613603886668e+01,9.557659860950426634e+00
3.268648185195770850e+01,8.648276159821460141e+00
3.270648756787653610e+01,9.159202572047194124e+00
3.272649328379537081e+01,8.581189898584909770e+00
3.274649899971420552e+01,9.461535475837377973e+00
3.276650471563304023e+01,9.222604061892836214e+00
3.278651043155187494e+01,8.985683505129737014e+00
3.280651614747070255e+01,9.075220420404328081e+00
3.282652186338954436e+01,9.310167382781397549e+00
3.284652757930837197e+01,9.260221873396311310e+00
3.286653329522721378e+01,1.013120176801440664e+01
3.288653901114604139e+01,1.046130433037728480e+01
3.290654472706487610e+01,9.561021397228916641e+00
3.292655044298371081e+01,1.061980207347259686e+01
3.294655615890254552e+01,1.003656647433444249e+01
3.296656187482138023e+01,1.132891977305406783e+01
3.298656759074020783e+01,1.087249630566998881e+01
3.300657330665904965e+01,1.150896621086474170e+01
3.302657902257787725e+01,1.179864284287510934e+01
3.304658473849671907e+01,1.134040683337501854e+01
3.306659045441554667e+01,1.169391727634428158e+01
3.308659617033438138e+01,1.200396706610858821e+01
3.310660188625321609e+01,1.236814692848624730e+01
3.312660760217205080e+01,1.264790959996844322e+01
3.314661331809088551e+01,1.220202442219719785e+01
3.316661903400971312e+01,1.252626141161491446e+01
3.318662474992855493e+01,1.298535720008988292e+01
3.320663046584738254e+01,1.237363889613089540e+01
3.322663618176622435e+01,1.189185284431916934e+01
3.324664189768505196e+01,1.187615187481144652e+01
3.326664761360388667e+01,1.207711961023726133e+01
3.328665332952272138e+01,1.197706049219299018e+01
3.330665904544155609e+01,1.156184562492632928e+01
3.332666476136039080e+01,1.117337696383335199e+01
3.334667047727922551e+01,1.123163226384791358e+01
3.336667619319806022e+01,9.608286905118593069e+00
3.338668190911688782e+01,9.696789695493629679e+00
3.340668762503572964e+01,9.355498646811449603e+00
3.342669334095455724e+01,8.245922526854300827e+00
3.344669905687339195e+01,8.259476018203917747e+00
3.346670477279222666e+01,8.344471670872923852e+00
3.348671048871106137e+01,7.631702334845302360e+00
3.350671620462989608e+01,7.596285588392190036e+00
3.352672192054873079e+01,7.648634118377208857e+00
3.354672763646756550e+01,7.131839200781667998e+00
3.356673335238639311e+01,7.387203550526908913e+00
3.358673906830523492e+01,6.853510418998208564e+00
3.360674478422406253e+01,7.517801274507045051e+00
3.362675050014290434e+01,6.592853983811001406e+00
3.364675621606173195e+01,7.198719967774771078e+00
3.366676193198056666e+01,7.139818087077530073e+00
3.368676764789940137e+01,7.554351106019096207e+00
3.370677336381823608e+01,7.404377525155593887e+00
3.372677907973707079e+01,7.808043063172144471e+00
3.374678479565589839e+01,7.420748046555988076e+00
3.376679051157474021e+01,6.526221280105551692e+00
3.378679622749356781e+01,6.978808062299227899e+00
3.380680194341240963e+01,7.170943748097845294e+00
3.382680765933123723e+01,7.322437459845138719e+00
3.384681337525007194e+01,7.147337975547246813e+00
3.386681909116890665e+01,7.125510911983147011e+00
3.388682480708774136e+01,6.040641805759250360e+00
3.390683052300657607e+01,6.889750740418241648e+00
3.392683623892540368e+01,6.809574312190910028e+00
3.394684195484424549e+01,6.015332287571454550e+00
3.396684767076307310e+01,5.868172615133534720e+00
3.398685338668191491e+01,4.977285446067848618e+00
3.400685910260074252e+01,4.265714703271617836e+00
3.402686481851957723e+01,4.959526538988498601e+00
3.404687053443841194e+01,4.801358755005121992e+00
3.406687625035724665e+01,4.170199114667112461e+00
3.408688196627608136e+01,4.729493273600576586e+00
3.410688768219490896e+01,4.155215534979809888e+00
3.412689339811375078e+01,3.837151916606900137e+00
3.414689911403257838e+01,3.539252063586947106e+00
3.416690482995142020e+01,3.569836516042363073e+00
3.418691054587024780e+01,4.232573310480814754e+00
3.420691626178908251e+01,4.202543407070661985e+00
3.422692197770791722e+01,4.846559335035224514e+00
3.424692769362675193e+01,4.702733366190539499e+00
3.426693340954558664e+01,4.557395269030831919e+00
3.428693912546442135e+01,3.614090342787365184e+00
3.430694484138325606e+01,4.130733058531897761e+00
3.432695055730208367e+01,4.250669868848902411e+00
3.434695627322092548e+01,4.244766341913685181e+00
3.436696198913975309e+01,4.060796043029647251e+00
3.438696770505858780e+01,4.274393704031300700e+00
3.440697342097742251e+01,4.308928458567951481e+00
3.442697913689625722e+01,3.523075844247733013e+00
3.444698485281509193e+01,4.658924033258971420e+00
3.446699056873392664e+01,3.933981540971969171e+00
3.448699628465276135e+01,4.130246385713596702e+00
3.450700200057158895e+01,5.336516455250750468e+00
3.452700771649043077e+01,4.901394737669644286e+00
3.454701343240925837e+01,5.332356639639598939e+00
3.456701914832810019e+01,4.660064897325831623e+00
3.458702486424692779e+01,4.345755799165546662e+00
3.460703058016576250e+01,5.430946516826036685e+00
3.462703629608459721e+01,5.244622321134920995e+00
3.464704201200343192e+01,6.027752448327273527e+00
3.466704772792226663e+01,6.284668296881713800e+00
3.468705344384109424e+01,5.765521767958501798e+00
3.470705915975993605e+01,5.702294040471303838e+00
3.472706487567876366e+01,5.807020895541784355e+00
3.474707059159760547e+01,5.533966159873929591e+00
3.476707630751643308e+01,5.546446600458514453e+00
3.478708202343526779e+01,6.180232672712342890e+00
3.480708773935410250e+01,6.377635233230534162e+00
3.482709345527293721e+01,6.729673270258220263e+00
3.484709917119177192e+01,7.329960684006303850e+00
3.486710488711059952e+01,7.099232271758248558e+00
3.488711060302944134e+01,7.482638915951936198e+00
3.490711631894826894e+01,7.061149144279765366e+00
3.492712203486711076e+01,7.657658757682837880e+00
3.494712775078593836e+01,7.354558383859246540e+00
3.496713346670477307e+01,8.240129424261478874e+00
3.498713918262360778e+01,8.526407730641128779e+00
3.500714489854244249e+01,8.837305894342300405e+00
3.502715061446127720e+01,9.058404535099949584e+00
3.504715633038010481e+01,9.227130746068798572e+00
3.506716204629894662e+01,9.064902890666902024e+00
3.508716776221777423e+01,8.820051194679020767e+00
3.510717347813661604e+01,9.494162023252393112e+00
3.512717919405544365e+01,9.896927946321582681e+00
3.514718490997427836e+01,9.850897926480788769e+00
3.516719062589311307e+01,9.952569602749479216e+00
3.518719634181194778e+01,1.114375160273604592e+01
3.520720205773078249e+01,1.211475656282577873e+01
3.522720777364961720e+01,1.228594935750585293e+01
3.524721348956845191e+01,1.186413316283127273e+01
3.526721920548727951e+01,1.346024738217662176e+01
3.528722492140612133e+01,1.387946990675994741e+01
3.530723063732494893e+01,1.407138716422987912e+01
3.532723635324378364e+01,1.478144515196920850e+01
3.534724206916261835e+01,1.569939567893469246e+01
3.536724778508145306e+01,1.609847544807976405e+01
3.538725350100028777e+01,1.703300948705649631e+01
3.540725921691912248e+01,1.791788097746396602e+01
3.542726493283795719e+01,1.849051194979346491e+01
3.544727064875678479e+01,1.928125443360448443e+01
3.546727636467562661e+01,1.956816819406031982e+01
3.548728208059445421e+01,1.939957134171381625e+01
3.550728779651329603e+01,2.082530631725772707e+01
3.552729351243212363e+01,1.972415455942698514e+01
3.554729922835095834e+01,1.915704138162296033e+01
3.556730494426979305e+01,1.999800853689744429e+01
3.558731066018862776e+01,1.955863528136865170e+01
3.560731637610746247e+01,1.878925915410716030e+01
3.562732209202629008e+01,1.819191193756465807e+01
3.564732780794513189e+01,1.651440145769606005e+01
3.566733352386395950e+01,1.716269557356617526e+01
3.568733923978280131e+01,1.524825656011510944e+01
3.570734495570162892e+01,1.522898834561065584e+01
3.572735067162046363e+01,1.503430079569756117e+01
3.574735638753929834e+01,1.462839944572739981e+01
3.576736210345813305e+01,1.324424355794954877e+01
3.578736781937696776e+01,1.376171906616258411e+01
3.580737353529579536e+01,1.320117107656396271e+01
3.582737925121463718e+01,1.288136019317680336e+01
3.584738496713346478e+01,1.241348790505206523e+01
3.586739068305230660e+01,1.219680946972702174e+01
3.588739639897113420e+01,1.226976497019220602e+01
3.590740211488996891e+01,1.208544842551206955e+01
3.592740783080880362e+01,1.129359275873432189e+01
3.594741354672763833e+01,1.122188193323957428e+01
3.596741926264647304e+01,1.069722716801415885e+01
3.598742497856530065e+01,1.015685431384439319e+01
3.600743069448414246e+01,9.885363320992915703e+00
3.602743641040297007e+01,9.643331908016943288e+00
3.604744212632181188e+01,8.779524780689520469e+00
3.606744784224063949e+01,8.301024593007475971e+00
3.608745355815947420e+01,7.526477290039963464e+00
3.610745927407830891e+01,7.566547796537717474e+00
3.612746498999714362e+01,7.461067152451948736e+00
3.614747070591597833e+01,6.548487083979234846e+00
3.616747642183481304e+01,7.607545003449144971e+00
3.618748213775364775e+01,6.630681860972700292e+00
3.620748785367247535e+01,6.170145449453433351e+00
3.622749356959131717e+01,6.005372038637503351e+00
3.624749928551014477e+01,6.242855903574886511e+00
3.626750500142897948e+01,6.203089371316998779e+00
3.628751071734781419e+01,6.054713583595550119e+00
3.630751643326664890e+01,6.000981965354749370e+00
3.632752214918548361e+01,5.598088553901051867e+00
3.634752786510431832e+01,5.972133951109920957e+00
3.636753358102315303e+01,5.764681079231695371e+00
3.638753929694198064e+01,6.066923089250140677e+00
3.640754501286082245e+01,5.690419912725982243e+00
3.642755072877965006e+01,6.113975056866417290e+00
3.644755644469849187e+01,5.918812720997605581e+00
3.646756216061731948e+01,5.955076248428355257e+00
3.648756787653615419e+01,5.678243271131460546e+00
3.650757359245498890e+01,6.218722234876763899e+00
3.652757930837382361e+01,6.251331961988577213e+00
3.654758502429265832e+01,5.968889849631249689e+00
3.656759074021148592e+01,6.585890142032305050e+00
3.658759645613032774e+01,7.005821806719197298e+00
3.660760217204915534e+01,6.647211120021940367e+00
3.662760788796799716e+01,6.506237065864264757e+00
3.664761360388682476e+01,6.970344837268694249e+00
3.666761931980565947e+01,6.350972355113599477e+00
3.668762503572449418e+01,7.512679810738934982e+00
3.670763075164332889e+01,6.785271318906198168e+00
3.672763646756216360e+01,6.623616793008065606e+00
3.674764218348099121e+01,7.669106427493611378e+00
3.676764789939983302e+01,7.727490139947250647e+00
3.678765361531866063e+01,7.394150087192082665e+00
3.680765933123750244e+01,6.937513657354502428e+00
3.682766504715633005e+01,6.422830159736335531e+00
3.684767076307516476e+01,7.096451909485166354e+00
3.686767647899399947e+01,6.508381532786439827e+00
3.688768219491283418e+01,7.121165267500865426e+00
3.690768791083166889e+01,6.962511175483807158e+00
3.692769362675049649e+01,6.269988752727025272e+00
3.694769934266933831e+01,6.019037524779526471e+00
3.696770505858816591e+01,6.133701443310066281e+00
3.698771077450700773e+01,5.412298172682898034e+00
3.700771649042583533e+01,5.390463413185506703e+00
3.702772220634467004e+01,4.734061334863640447e+00
3.704772792226350475e+01,4.719257973341170143e+00
3.706773363818233946e+01,4.570935525873706773e+00
3.708773935410117417e+01,4.772228369779855761e+00
3.710774507002000888e+01,5.051932270871572150e+00
3.712775078593884359e+01,4.711629096004239514e+00
3.714775650185767120e+01,4.183374638877372931e+00
3.716776221777651301e+01,4.432137813967944595e+00
3.718776793369534062e+01,3.670031591637659574e+00
3.720777364961417533e+01,3.927827795839233360e+00
3.722777936553301004e+01,4.280921239843257453e+00
3.724778508145184475e+01,4.665083024328654737e+00
3.726779079737067946e+01,5.039726743759303851e+00
3.728779651328951417e+01,4.991650756018432666e+00
3.730780222920834888e+01,5.106997713095905667e+00
3.732780794512717648e+01,4.746355837431821101e+00
3.734781366104601830e+01,4.574164173339282158e+00
3.736781937696484590e+01,4.433130215287286902e+00
3.738782509288368772e+01,5.490293342547452049e+00
3.740783080880251532e+01,5.065514539899826474e+00
3.742783652472135003e+01,5.092430831955803150e+00
3.744784224064018474e+01,5.543451424356630852e+00
3.746784795655901945e+01,5.669554233796029408e+00
3.748785367247785416e+01,5.423538658710450377e+00
3.750785938839668177e+01,6.095272422810213087e+00
3.752786510431552358e+01,6.686663187680692566e+00
3.754787082023435119e+01,7.369209459178353683e+00
3.756787653615319300e+01,7.106271347527075122e+00
3.758788225207202061e+01,7.829874811181365857e+00
3.760788796799085532e+01,8.319967762933375255e+00
3.762789368390969003e+01,8.834035191502797701e+00
3.764789939982852474e+01,9.964262676589530798e+00
3.766790511574735945e+01,1.022606553697896814e+01
3.768791083166618705e+01,1.092499610942870980e+01
3.770791654758502887e+01,1.194011860083154097e+01
3.772792226350385647e+01,1.212541850541460953e+01
3.774792797942269829e+01,1.328234828688692559e+01
3.776793369534152589e+01,1.394114289906143256e+01
3.778793941126036060e+01,1.474977834440559654e+01
3.780794512717919531e+01,1.537109760848154849e+01
3.782795084309803002e+01,1.593164180783202966e+01
3.784795655901686473e+01,1.709281716544499474e+01
3.786796227493569234e+01,1.795611865048740441e+01
3.788796799085453415e+01,1.882033193958810813e+01
3.790797370677336176e+01,1.892636360613867907e+01
3.792797942269220357e+01,1.958345109957399899e+01
3.794798513861103118e+01,2.015340252898278450e+01
3.796799085452986589e+01,1.929032865484720816e+01
3.798799657044870060e+01,2.013264557973367275e+01
3.800800228636753531e+01,1.937182812285202971e+01
3.802800800228637002e+01,1.881754800416140583e+01
3.804801371820520473e+01,1.763496695006968196e+01
3.806801943412403944e+01,1.802777076459184968e+01
3.808802515004286704e+01,1.680922892895637943e+01
3.810803086596170886e+01,1.555431399315014929e+01
3.812803658188053646e+01,1.444821644722697940e+01
3.814804229779937117e+01,1.376472269150161409e+01
3.816804801371820588e+01,1.286080598411981946e+01
3.818805372963704059e+01,1.256708807563052765e+01
3.820805944555587530e+01,1.123870299334128298e+01
3.822806516147471001e+01,1.090524458538084573e+01
3.824807087739354472e+01,1.152771819380231122e+01
3.826807659331237232e+01,1.132914249017176012e+01
3.828808230923121414e+01,1.049207883939054398e+01
3.830808802515004174e+01,1.011811697424138679e+01
3.832809374106888356e+01,1.016141516938100153e+01
3.834809945698771116e+01,1.056811289932858777e+01
3.836810517290654587e+01,1.094595916313527972e+01
3.838811088882538058e+01,1.072003882904818006e+01
3.840811660474421529e+01,1.076870884050117638e+01
3.842812232066305000e+01,1.064666159079347452e+01
3.844812803658187761e+01,1.109033645098073073e+01
3.846813375250071942e+01,1.151425825567476480e+01
3.848813946841954703e+01,1.121586430052138184e+01
3.850814518433838884e+01,1.199087928610340015e+01
3.852815090025721645e+01,1.197127556878678689e+01
3.854815661617605116e+01,1.255890386654325930e+01
3.856816233209488587e+01,1.227176516078462853e+01
3.858816804801372058e+01,1.230098687454367301e+01
3.860817376393255529e+01,1.150707725963222927e+01
3.862817947985138289e+01,1.171945919428471328e+01
3.864818519577022471e+01,1.127281019274948548e+01
3.866819091168905231e+01,1.196588981135020191e+01
3.868819662760789413e+01,1.077560705135625518e+01
3.870820234352672173e+01,9.883471525284766912e+00
3.872820805944555644e+01,1.094158951938166702e+01
3.874821377536439115e+01,9.972586633375570386e+00
3.876821949128322586e+01,1.064807839443032300e+01
3.878822520720206057e+01,9.702107924314972820e+00
3.880823092312088818e+01,9.578705694371913992e+00
3.882823663903972999e+01,9.858411652002930126e+00
3.884824235495855760e+01,9.653414899855707887e+00
3.886824807087739941e+01,9.982117834679833379e+00
3.888825378679622702e+01,9.710764004524813586e+00
3.890825950271506173e+01,1.001778353765901386e+01
3.892826521863389644e+01,9.474482214045979234e+00
3.894827093455273115e+01,9.084667548092891565e+00
3.896827665047156586e+01,9.267630984782920578e+00
3.898828236639040057e+01,9.934736870061017910e+00
3.900828808230923528e+01,8.994708771208918208e+00
3.902829379822806288e+01,9.173031939150453340e+00
3.904829951414690470e+01,8.875183405141363835e+00
3.906830523006573230e+01,8.032753212254652553e+00
3.908831094598456701e+01,7.195404099005422438e+00
3.910831666190340172e+01,7.229448621344998216e+00
3.912832237782223643e+01,6.439883954412971789e+00
3.914832809374107114e+01,5.854985817325521147e+00
3.916833380965990585e+01,5.905685904870626501e+00
3.918833952557874056e+01,5.738870192317358843e+00
3.920834524149756817e+01,5.761548811425310390e+00
3.922835095741640998e+01,5.938118956933521986e+00
3.924835667333523759e+01,6.136376757809406612e+00
3.926836238925407940e+01,5.372944047169856852e+00
3.928836810517290701e+01,5.191975253974396409e+00
3.930837382109174172e+01,5.082268626029260439e+00
3.932837953701057643e+01,5.297364266529899446e+00
3.934838525292941114e+01,5.072301452654810028e+00
3.936839096884824585e+01,5.342097587617658405e+00
3.938839668476707345e+01,5.366886854374541826e+00
3.940840240068591527e+01,4.963836111158182796e+00
3.942840811660474287e+01,5.128708777677045916e+00
3.944841383252358469e+01,4.433299212211490037e+00
3.946841954844241229e+01,4.805340909081233569e+00
3.948842526436124700e+01,4.888573047216264733e+00
3.950843098028008171e+01,4.864944833848508843e+00
3.952843669619891642e+01,5.493969221584768192e+00
3.954844241211775113e+01,4.548243519276128133e+00
3.956844812803657874e+01,4.645173928443911748e+00
3.958845384395542055e+01,5.543277829714765126e+00
3.960845955987424816e+01,5.407001016451528308e+00
3.962846527579308997e+01,4.734210185220028677e+00
3.964847099171191758e+01,5.203199895231452210e+00
3.966847670763075229e+01,4.772826372090685609e+00
3.968848242354958700e+01,5.020219288153612069e+00
3.970848813946842171e+01,5.048916075154230576e+00
3.972849385538725642e+01,5.627092980393140209e+00
3.974849957130608402e+01,4.666420714449289520e+00
3.976850528722492584e+01,5.541441383220723438e+00
3.978851100314375344e+01,4.488016124048114897e+00
3.980851671906259526e+01,5.184893159733276136e+00
3.982852243498142286e+01,4.594298278723766060e+00
3.984852815090025757e+01,4.318904549406413551e+00
3.986853386681909228e+01,5.455264025659145588e+00
3.988853958273792699e+01,4.921684198854769043e+00
3.990854529865676170e+01,5.099604203091505639e+00
3.992855101457559641e+01,5.408259480283025944e+00
3.994855673049443112e+01,4.116395625974865524e+00
3.996856244641325873e+01,4.855461654528641091e+00
3.998856816233210054e+01,4.383315724605918007e+00
4.000857387825092815e+01,4.194465006734882095e+00
4.002857959416976286e+01,5.177458042712127728e+00
4.004858531008859757e+01,5.385322140278455905e+00
4.006859102600743228e+01,4.443531282356212309e+00
4.008859674192626699e+01,5.357238638735626779e+00
4.010860245784510170e+01,4.955233216936893115e+00
4.012860817376393641e+01,5.750990858518823856e+00
4.014861388968276401e+01,5.290237612503923437e+00
4.016861960560160583e+01,4.347373187230237690e+00
4.018862532152043343e+01,4.784716547310604362e+00
4.020863103743927525e+01,4.598706411744649003e+00
4.022863675335810285e+01,4.240958226185075119e+00
4.024864246927693756e+01,4.580611236267114528e+00
4.026864818519577227e+01,4.633241972224213967e+00
4.028865390111460698e+01,5.835998713963602924e+00
4.030865961703344169e+01,5.117738228277674217e+00
4.032866533295226930e+01,5.467828381163835516e+00
4.034867104887111111e+01,4.935948323536268667e+00
4.036867676478993872e+01,5.601783294833353466e+00
4.038868248070878053e+01,5.242947573078000190e+00
4.040868819662760814e+01,4.548714373401501199e+00
4.042869391254644285e+01,5.317832172911852950e+00
4.044869962846527756e+01,4.697856127236146762e+00
4.046870534438411227e+01,5.138989412519070932e+00
4.048871106030294698e+01,5.339368143931276123e+00
4.050871677622177458e+01,5.572173829212381690e+00
4.052872249214061640e+01,5.021692125273126805e+00
4.054872820805944400e+01,4.974089199252398785e+00
4.056873392397828582e+01,4.780309568492400629e+00
4.058873963989711342e+01,4.571824302570005827e+00
4.060874535581594813e+01,4.344706667356372343e+00
4.062875107173478284e+01,4.074559072606767529e+00
4.064875678765361755e+01,4.691647676927838795e+00
4.066876250357245226e+01,4.195436673099355751e+00
4.068876821949127986e+01,4.062106002963774998e+00
4.070877393541012168e+01,4.560521061041399093e+00
4.072877965132894929e+01,4.676950400027577892e+00
4.074878536724779110e+01,4.563315375141778318e+00
4.076879108316661871e+01,5.367849477709362382e+00
4.078879679908545342e+01,5.034776767891557370e+00
4.080880251500428813e+01,5.315590168729547926e+00
4.082880823092312284e+01,5.547653449480772103e+00
4.084881394684195755e+01,4.959609735760596827e+00
4.086881966276079226e+01,5.138079464340076896e+00
4.088882537867962697e+01,5.166547748388730099e+00
4.090883109459845457e+01,6.522043451579108364e+00
4.092883681051729639e+01,6.489268808396229105e+00
4.094884252643612399e+01,6.189295021052329204e+00
4.096884824235495870e+01,5.098398087113306332e+00
4.098885395827379341e+01,5.900721547805684253e+00
4.100885967419262812e+01,6.131025333294836344e+00
4.102886539011146283e+01,6.685063677496431822e+00
4.104887110603029754e+01,6.851739602580778410e+00
4.106887682194913225e+01,6.584787681152212357e+00
4.108888253786795985e+01,6.411974590614746283e+00
4.110888825378680167e+01,6.695967901137717782e+00
4.112889396970562927e+01,6.114391924526993094e+00
4.114889968562447109e+01,7.274115705832579160e+00
4.116890540154329869e+01,6.045437872012029423e+00
4.118891111746213340e+01,7.363707358894641786e+00
4.120891683338096811e+01,6.864346848452241190e+00
4.122892254929980282e+01,6.956604494299918784e+00
4.124892826521863753e+01,6.913533235147870215e+00
4.126893398113746514e+01,7.288865788276760682e+00
4.128893969705630695e+01,7.101892507532383547e+00
4.130894541297513456e+01,7.763854060980106553e+00
4.132895112889397637e+01,7.511944586972933102e+00
4.134895684481280398e+01,7.644834515286873966e+00
4.136896256073163869e+01,7.249394313035489645e+00
4.138896827665047340e+01,8.583298137832970909e+00
4.140897399256930811e+01,7.971169949237860486e+00
4.142897970848814282e+01,7.944349062989701338e+00
4.144898542440697042e+01,8.203719484531697859e+00
4.146899114032581224e+01,8.096112811413298971e+00
4.148899685624463984e+01,7.999629243402681666e+00
4.150900257216348166e+01,9.106938794132117820e+00
4.152900828808230926e+01,1.014102863866102133e+01
4.154901400400114397e+01,1.028313944934944857e+01
4.156901971991997868e+01,1.057537971605378679e+01
4.158902543583881339e+01,1.107124803607535313e+01
4.160903115175764810e+01,1.063801954237073311e+01
4.162903686767647571e+01,1.074036567347395810e+01
4.164904258359531752e+01,1.107583619490183935e+01
4.166904829951414513e+01,1.104995678495811973e+01
4.168905401543298694e+01,1.221413167010212852e+01
4.170905973135181455e+01,1.294919720215039938e+01
4.172906544727064926e+01,1.191526386360158085e+01
4.174907116318948397e+01,1.337708433706101196e+01
4.176907687910831868e+01,1.324871472936102634e+01
4.178908259502715339e+01,1.205881720208755503e+01
4.180908831094598810e+01,1.240203619515944666e+01
4.182909402686482281e+01,1.196323302442407588e+01
4.184909974278365041e+01,1.114068005989048515e+01
4.186910545870249223e+01,1.084659940525148869e+01
4.188911117462131983e+01,1.026421807944615949e+01
4.190911689054015454e+01,9.901284109400421585e+00
4.192912260645898925e+01,9.119609738353668504e+00
4.194912832237782396e+01,8.317492715560627303e+00
4.196913403829665867e+01,7.740553912317743368e+00
4.198913975421549338e+01,6.649122918258544068e+00
4.200914547013432809e+01,7.286642518004152080e+00
4.202915118605316280e+01,6.329443398812187205e+00
4.204915690197199041e+01,5.847851840718433003e+00
4.206916261789082512e+01,5.143356319247251562e+00
4.208916833380965983e+01,5.187650871710971501e+00
4.210917404972849454e+01,5.612870566138894901e+00
4.212917976564732925e+01,5.287435059799244108e+00
4.214918548156616396e+01,5.097282120619109236e+00
4.216919119748499867e+01,4.158941222096339096e+00
4.218919691340383338e+01,4.958061943621713930e+00
4.220920262932266809e+01,4.742831867312944816e+00
4.222920834524150280e+01,4.791450444791175656e+00
4.224921406116033040e+01,4.402367549293160209e+00
4.226921977707916511e+01,4.640092992385697279e+00
4.228922549299799982e+01,4.316832113548087158e+00
4.230923120891683453e+01,4.929864350172493026e+00
4.232923692483566924e+01,4.994565025343087328e+00
4.234924264075450395e+01,5.208280796819241054e+00
4.236924835667333866e+01,5.165083898365878667e+00
4.238925407259217337e+01,5.725225996996671007e+00
4.240925978851100808e+01,4.901314603278121851e+00
4.242926550442983569e+01,5.491535435709531399e+00
4.244927122034867040e+01,6.649576986404326817e+00
4.246927693626750511e+01,6.498358921174506975e+00
4.248928265218633982e+01,7.435954969871304776e+00
4.250928836810517453e+01,6.490477090140019278e+00
4.252929408402400924e+01,7.655847551990055067e+00
4.254929979994284395e+01,7.705094474567708573e+00
4.256930551586167866e+01,8.423361995573376504e+00
4.258931123178051337e+01,8.701565068601436082e+00
4.260931694769934097e+01,8.244508778471409727e+00
4.262932266361817568e+01,9.340143361569678504e+00
4.264932837953701039e+01,1.024913428465220377e+01
4.266933409545584510e+01,9.503499976984448594e+00
4.268933981137467981e+01,9.588367838366393059e+00
4.270934552729351452e+01,9.394110055565610296e+00
4.272935124321234923e+01,1.075097997798825133e+01
4.274935695913118394e+01,1.119818545340028315e+01
4.276936267505001865e+01,1.162399898493391959e+01
4.278936839096885336e+01,1.042777339736198883e+01
4.280937410688768097e+01,1.170898845106952102e+01
4.282937982280651568e+01,1.226609247187527885e+01
4.284938553872535039e+01,1.243085767296474309e+01
4.286939125464418510e+01,1.241246848248902879e+01
4.288939697056301981e+01,1.245136432888095612e+01
4.290940268648185452e+01,1.332825552316286633e+01
4.292940840240068923e+01,1.439608384603853963e+01
4.294941411831952394e+01,1.483280984832992644e+01
4.296941983423835865e+01,1.606971562594949177e+01
4.298942555015718625e+01,1.579938683936706312e+01
4.300943126607602096e+01,1.690343798479813131e+01
4.302943698199485567e+01,1.818554564279702390e+01
4.304944269791369038e+01,1.936032573087598507e+01
4.306944841383252509e+01,2.060768947233993842e+01
4.308945412975135980e+01,2.176652284649211566e+01
4.310945984567019451e+01,2.224083697257433911e+01
4.312946556158902922e+01,2.303335941495001293e+01
4.314947127750786393e+01,2.475255069109443440e+01
4.316947699342669864e+01,2.413462593560388925e+01
4.318948270934552625e+01,2.511794701869870750e+01
4.320948842526436096e+01,2.520747967668303602e+01
4.322949414118319567e+01,2.556311240409535657e+01
4.324949985710203038e+01,2.514576257458282882e+01
4.326950557302086509e+01,2.457170052646871738e+01
4.328951128893969980e+01,2.435859012105473198e+01
4.330951700485853451e+01,2.400584421364601440e+01
4.332952272077736922e+01,2.263502929342461556e+01
4.334952843669620393e+01,2.135880014021595130e+01
4.336953415261503153e+01,1.944517851531013264e+01
4.338953986853386624e+01,1.953544030032181311e+01
4.340954558445270095e+01,1.783770148270692957e+01
4.342955130037153566e+01,1.745779388184388381e+01
4.344955701629037037e+01,1.591287421252232903e+01
4.346956273220920508e+01,1.504825449497949563e+01
4.348956844812803979e+01,1.510528911809739583e+01
4.350957416404687450e+01,1.356098637346537750e+01
4.352957987996570921e+01,1.366506320229228777e+01
4.354958559588453681e+01,1.288415978893484493e+01
4.356959131180337153e+01,1.353998961672010282e+01
4.358959702772220624e+01,1.298766814921059343e+01
4.360960274364104095e+01,1.306974669152534041e+01
4.362960845955987566e+01,1.295783140135405453e+01
4.364961417547871037e+01,1.301514791039839025e+01
4.366961989139754508e+01,1.228304349543915031e+01
4.368962560731637979e+01,1.288378166345192355e+01
4.370963132323521450e+01,1.138415129372092949e+01
4.372963703915404921e+01,1.175932105625594914e+01
4.374964275507287681e+01,1.194500850113257151e+01
4.376964847099171152e+01,1.168525889951233765e+01
4.378965418691054623e+01,1.142895433486681256e+01
4.380965990282938094e+01,1.117412972886071465e+01
4.382966561874821565e+01,1.121861612095720062e+01
4.384967133466705036e+01,1.036063817553108102e+01
4.386967705058588507e+01,1.110147099939230841e+01
4.388968276650471978e+01,9.499010888366976602e+00
4.390968848242355449e+01,9.640503373422550482e+00
4.392969419834238209e+01,9.116615666084664227e+00
4.394969991426121680e+01,9.281812929588998173e+00
4.396970563018005151e+01,8.878781120440907060e+00
4.398971134609888622e+01,8.498605694981733905e+00
4.400971706201772093e+01,7.158826363124129344e+00
4.402972277793655564e+01,7.177390611747654248e+00
4.404972849385539035e+01,7.349857933771258622e+00
4.406973420977422506e+01,7.972703023758711538e+00
4.408973992569305977e+01,7.623823668585689717e+00
4.410974564161189448e+01,6.872581384506169400e+00
4.412975135753072209e+01,7.348849696483661376e+00
4.414975707344955680e+01,8.073957752224137252e+00
4.416976278936839151e+01,7.826393186866551055e+00
4.418976850528722622e+01,7.917268249221723231e+00
4.420977422120606093e+01,8.382530148233522382e+00
4.422977993712489564e+01,8.560918139792477177e+00
4.424978565304373035e+01,8.955606784724480463e+00
4.426979136896256506e+01,9.032544023863845695e+00
4.428979708488139977e+01,8.918870482981272829e+00
4.430980280080022737e+01,9.795306121314062864e+00
4.432980851671906208e+01,9.396137690943056953e+00
4.434981423263789679e+01,1.023969682329682129e+01
4.436981994855673150e+01,9.702074864306418078e+00
4.438982566447556621e+01,9.200440281027745471e+00
4.440983138039440092e+01,9.700505223312735126e+00
4.442983709631323563e+01,9.666294153569417347e+00
4.444984281223207034e+01,9.409796086920998448e+00
4.446984852815090505e+01,8.677956614837970761e+00
4.448985424406973266e+01,7.789416388043873596e+00
4.450985995998856737e+01,8.667830969682679410e+00
4.452986567590740208e+01,7.188693099555367283e+00
4.454987139182623679e+01,7.603466282382756347e+00
4.456987710774507150e+01,6.487474815720705834e+00
4.458988282366390621e+01,6.579206931018557469e+00
4.460988853958274092e+01,6.469455863988333277e+00
4.462989425550157563e+01,5.844874493934137050e+00
4.464989997142041034e+01,5.600699614624867095e+00
4.466990568733924505e+01,5.191191697844881325e+00
4.468991140325807265e+01,5.911943936081478057e+00
4.470991711917690736e+01,4.869159124073110689e+00
4.472992283509574207e+01,5.850874973109098320e+00
4.474992855101457678e+01,5.083076281251320161e+00
4.476993426693341149e+01,4.477379869290436964e+00
4.478993998285224620e+01,5.907216881555079624e+00
4.480994569877108091e+01,5.031521035151930832e+00
4.482995141468991562e+01,5.752214947573904169e+00
4.484995713060875033e+01,5.253013574454032941e+00
4.486996284652757794e+01,5.005345685603435513e+00
4.488996856244641265e+01,5.142002404721909059e+00
4.490997427836524736e+01,5.040925837357759676e+00
4.492997999428408207e+01,5.070291805559422826e+00
4.494998571020291678e+01,6.051604933157843647e+00
4.496999142612175149e+01,5.305274322894050876e+00
4.498999714204058620e+01,6.009577755202704097e+00
4.501000285795942091e+01,5.468711391678985123e+00
4.503000857387825562e+01,5.788644308252173687e+00
4.505001428979709033e+01,5.679365207248199710e+00
4.507002000571591793e+01,5.173005378086509509e+00
4.509002572163475264e+01,5.953922495581893237e+00
4.511003143755358735e+01,5.648575876194705359e+00
4.513003715347242206e+01,5.845009478717421381e+00
4.515004286939125677e+01,5.114738762256381577e+00
4.517004858531009148e+01,4.900364740051878165e+00
4.519005430122892619e+01,4.539120446004587528e+00
4.521006001714776090e+01,4.017124338172648912e+00
4.523006573306659561e+01,5.019504695245035286e+00
4.525007144898542322e+01,4.595252112032002678e+00
4.527007716490425793e+01,4.185110648883929585e+00
4.529008288082309264e+01,4.007046894498743406e+00
4.531008859674192735e+01,4.599908443657237278e+00
4.533009431266076206e+01,4.494259380682343874e+00
4.535010002857959677e+01,4.271127461904500322e+00
4.537010574449843148e+01,4.629610432752939708e+00
4.539011146041726619e+01,4.633268398193626680e+00
4.541011717633610090e+01,4.528564930759915619e+00
4.543012289225492850e+01,4.499482846066149122e+00
4.545012860817376321e+01,4.699289514573885995e+00
4.547013432409259792e+01,4.889749671544968201e+00
4.549014004001143263e+01,5.038536425016764575e+00
4.551014575593026734e+01,4.180903577150230532e+00
4.553015147184910205e+01,5.269486338423496008e+00
4.555015718776793676e+01,5.283783406301920671e+00
4.557016290368677147e+01,4.635856031295492841e+00
4.559016861960560618e+01,5.220957850584525772e+00
4.561017433552444089e+01,5.460080917558608249e+00
4.563018005144326850e+01,5.694835740053295403e+00
4.565018576736210321e+01,6.039026432673656686e+00
4.567019148328093792e+01,6.680996998758357286e+00
4.569019719919977263e+01,7.279222020386360015e+00
4.571020291511860734e+01,7.195784446119657396e+00
4.573020863103744205e+01,8.035848665122085066e+00
4.575021434695627676e+01,8.021274542256808360e+00
4.577022006287511147e+01,7.720649896490251685e+00
4.579022577879394618e+01,7.654820113160558215e+00
4.581023149471277378e+01,8.883017342623372059e+00
4.583023721063160849e+01,8.716637518185455846e+00
4.585024292655044320e+01,8.305739345324001377e+00
4.587024864246927791e+01,7.534894727108568446e+00
4.589025435838811262e+01,8.372501935465384904e+00
4.591026007430694733e+01,8.082053495768590778e+00
4.593026579022578204e+01,8.333474238133517176e+00
4.595027150614461675e+01,7.854569686543799278e+00
4.597027722206345146e+01,7.939294798716854729e+00
4.599028293798228617e+01,8.674152906230130355e+00
4.601028865390111378e+01,7.998228695313915892e+00
4.603029436981994849e+01,8.115130880937472924e+00
4.605030008573878320e+01,7.889134104317862217e+00
4.607030580165761791e+01,8.050648534000199419e+00
4.609031151757645262e+01,7.995339530766752745e+00
4.611031723349528733e+01,7.442651753480682864e+00
4.613032294941412204e+01,8.142716896868520848e+00
4.615032866533295675e+01,7.006002480417921063e+00
4.617033438125179146e+01,7.612726262341143801e+00
4.619034009717061906e+01,7.254084513416744429e+00
4.621034581308945377e+01,6.931285364970763752e+00
4.623035152900828848e+01,6.904785645583913833e+00
4.625035724492712319e+01,7.039693342699913536e+00
4.627036296084595790e+01,5.947115676811042029e+00
4.629036867676479261e+01,5.691416770630612021e+00
4.631037439268362732e+01,7.168194870134464658e+00
4.633038010860246203e+01,6.184900884688167011e+00
4.635038582452129674e+01,6.518125294790462654e+00
4.637039154044012434e+01,6.136552125488503151e+00
4.639039725635895905e+01,6.183263297857724439e+00
4.641040297227779376e+01,6.062047460757401751e+00
4.643040868819662847e+01,6.325242737773988821e+00
4.645041440411546319e+01,6.377298430383503636e+00
4.647042012003429790e+01,6.620174707136639469e+00
4.649042583595313261e+01,6.006058424723310196e+00
4.651043155187196732e+01,6.273711495493317081e+00
4.653043726779080203e+01,5.647935993687807965e+00
4.655044298370963674e+01,5.733326128133840349e+00
4.657044869962846434e+01,6.187333687648035152e+00
4.659045441554729905e+01,6.147855335545054700e+00
4.661046013146613376e+01,5.712649727539898414e+00
4.663046584738496847e+01,5.800601044849257093e+00
4.665047156330380318e+01,5.665829210337188115e+00
4.667047727922263789e+01,5.767377452326869047e+00
4.669048299514147260e+01,6.908413950592707131e+00
4.671048871106030731e+01,5.948466498288008886e+00
4.673049442697914202e+01,6.461538237448618105e+00
4.675050014289796962e+01,7.562009368089422701e+00
4.677050585881680433e+01,6.507215709796923875e+00
4.679051157473563904e+01,6.731809825250985924e+00
4.681051729065447375e+01,7.830812149903223052e+00
4.683052300657330846e+01,7.969674946308945351e+00
4.685052872249214317e+01,7.988313090995124099e+00
4.687053443841097788e+01,8.876745316482240966e+00
4.689054015432981259e+01,9.329621054873420860e+00
4.691054587024864730e+01,9.657143918095929536e+00
4.693055158616748201e+01,1.105073812581003878e+01
4.695055730208630962e+01,1.189650341295282843e+01
4.697056301800514433e+01,1.100919216998188332e+01
4.699056873392397904e+01,1.200954933838720606e+01
4.701057444984281375e+01,1.316246813904530732e+01
4.703058016576164846e+01,1.320823139183436723e+01
4.705058588168048317e+01,1.399478825576965590e+01
4.707059159759931788e+01,1.419759059159124881e+01
4.709059731351815259e+01,1.499389607223224452e+01
4.711060302943698730e+01,1.647101843174495883e+01
4.713060874535581490e+01,1.614202416485829517e+01
4.715061446127464961e+01,1.744780508768181448e+01
4.717062017719348432e+01,1.735403397619317190e+01
4.719062589311231903e+01,1.818733492310730426e+01
4.721063160903115374e+01,1.883714678030269951e+01
4.723063732494998845e+01,1.966712064125042048e+01
4.725064304086882316e+01,1.948618956495595711e+01
4.727064875678765787e+01,1.928502015043811468e+01
4.729065447270649258e+01,1.949995278025008005e+01
4.731066018862532019e+01,1.960743605640097087e+01
4.733066590454415490e+01,2.022512048907229598e+01
4.735067162046298961e+01,1.906566813648780112e+01
4.737067733638182432e+01,1.859871196858455278e+01
4.739068305230065903e+01,1.802907966127168393e+01
4.741068876821949374e+01,1.715368131192771983e+01
4.743069448413832845e+01,1.533993205185155162e+01
4.745070020005716316e+01,1.446330097748107768e+01
4.747070591597599787e+01,1.362002637668150129e+01
4.749071163189483258e+01,1.330847416162826491e+01
4.751071734781366018e+01,1.170078457096647639e+01
4.753072306373249489e+01,1.197655240129026311e+01
4.755072877965132960e+01,1.064036427006338670e+01
4.757073449557016431e+01,1.073358805943196792e+01
4.759074021148899902e+01,9.865702049349442504e+00
4.761074592740783373e+01,8.995924122804797918e+00
4.763075164332666844e+01,8.588320538063520360e+00
4.765075735924550315e+01,8.579414676834499431e+00
4.767076307516433786e+01,7.852189164802135579e+00
4.769076879108316547e+01,7.492646979307529875e+00
4.771077450700200018e+01,7.415531048764707478e+00
4.773078022292083489e+01,7.249033060108830639e+00
4.775078593883966960e+01,6.247232282242562107e+00
4.777079165475850431e+01,6.251760393287883133e+00
4.779079737067733902e+01,5.659091993362126871e+00
4.781080308659617373e+01,5.918421337699074414e+00
4.783080880251500844e+01,5.026503069495625198e+00
4.785081451843384315e+01,6.025920873175634185e+00
4.787082023435267075e+01,6.159239185265905192e+00
4.789082595027150546e+01,5.609723039593103699e+00
4.791083166619034017e+01,4.909869787433343902e+00
4.793083738210917488e+01,4.925726359661050324e+00
4.795084309802800959e+01,5.759395451607518979e+00
4.797084881394684430e+01,5.570216728183851274e+00
4.799085452986567901e+01,5.083970688737256438e+00
4.801086024578451372e+01,5.166105062429234174e+00
4.803086596170334843e+01,5.069058272513597529e+00
4.805087167762218314e+01,5.526787143895865562e+00
4.807087739354101075e+01,5.091310629584201664e+00
4.809088310945984546e+01,5.210900474179855912e+00
4.811088882537868017e+01,5.765049400644953970e+00
4.813089454129751488e+01,5.321324108148933973e+00
4.815090025721634959e+01,5.473419347130567658e+00
4.817090597313518430e+01,5.427825082722764094e+00
4.819091168905401901e+01,5.514721414198092475e+00
4.821091740497285372e+01,5.537060690053177581e+00
4.823092312089168843e+01,5.687650961204795408e+00
4.825092883681051603e+01,6.084632952241615378e+00
4.827093455272935074e+01,6.294985744060864974e+00
4.829094026864818545e+01,5.553869184827773253e+00
4.831094598456702016e+01,6.026149465721321263e+00
4.833095170048585487e+01,5.995303236647878009e+00
4.835095741640468958e+01,6.658174062855844788e+00
4.837096313232352429e+01,6.752445467572120386e+00
4.839096884824235900e+01,6.324468769219874886e+00
4.841097456416119371e+01,6.759845853856127462e+00
4.843098028008002842e+01,6.756989309577578595e+00
4.845098599599885603e+01,7.643218645195732464e+00
4.847099171191769074e+01,7.108138604168429353e+00
4.849099742783652545e+01,7.210829118517586345e+00
4.851100314375536016e+01,6.931954737347025386e+00
4.853100885967419487e+01,6.025966737615462421e+00
4.855101457559302958e+01,7.110832949714849249e+00
4.857102029151186429e+01,7.107572539042274151e+00
4.859102600743069900e+01,6.262347987798557725e+00
4.861103172334953371e+01,6.968773473973058685e+00
4.863103743926836131e+01,6.648493817013517493e+00
4.865104315518719602e+01,6.327091920556865645e+00
4.867104887110603073e+01,5.864167875084086212e+00
4.869105458702486544e+01,6.322425768112777789e+00
4.871106030294370015e+01,5.903138888660952155e+00
4.873106601886253486e+01,6.067590286339534345e+00
4.875107173478136957e+01,5.546035730709940381e+00
4.877107745070020428e+01,6.432016949313941190e+00
4.879108316661903899e+01,6.129606695718973874e+00
4.881108888253786660e+01,6.098090291066027291e+00
4.883109459845670131e+01,6.468198293426570267e+00
4.885110031437553602e+01,6.486410099991632094e+00
4.887110603029437073e+01,6.012261761683959094e+00
4.889111174621320544e+01,7.168511899621638150e+00
4.891111746213204015e+01,6.637565388384689236e+00
4.893112317805087486e+01,7.084078494826451688e+00
4.895112889396970957e+01,8.003602963003299209e+00
4.897113460988854428e+01,8.136258749542555790e+00
4.899114032580737899e+01,8.499085962026930119e+00
4.901114604172620659e+01,9.229016719538158497e+00
4.903115175764504130e+01,9.094956333350864952e+00
4.905115747356387601e+01,9.181423851971921124e+00
4.907116318948271072e+01,9.826415306251625736e+00
4.909116890540154543e+01,9.817774134075047954e+00
4.911117462132038014e+01,1.027513165586150024e+01
4.913118033723921485e+01,1.060094513614596679e+01
4.915118605315804956e+01,1.004678372243956908e+01
4.917119176907688427e+01,1.075245585327015796e+01
4.919119748499571187e+01,9.583071584092571982e+00
4.921120320091454658e+01,9.595706248714009234e+00
4.923120891683338129e+01,9.523056838968141591e+00
4.925121463275221600e+01,9.583376718503039626e+00
4.927122034867105071e+01,9.538689573066641003e+00
4.929122606458988542e+01,8.605676735805349864e+00
4.931123178050872014e+01,9.098147775581043817e+00
4.933123749642755485e+01,8.262950159229042413e+00
4.935124321234638956e+01,8.012318715694830118e+00
4.937124892826522427e+01,8.443066063007037769e+00
4.939125464418405187e+01,8.565814481605052322e+00
4.941126036010288658e+01,7.851384538204326802e+00
4.943126607602172129e+01,8.424122091107081545e+00
4.945127179194055600e+01,7.595924874089468481e+00
4.947127750785939071e+01,7.477891802348568540e+00
4.949128322377822542e+01,7.226248431784434878e+00
4.951128893969706013e+01,7.933239157233419547e+00
4.953129465561589484e+01,8.157754956919472278e+00
4.955130037153472955e+01,7.872610745106712216e+00
4.957130608745355715e+01,7.796029723662249111e+00
4.959131180337239186e+01,7.582829146872922976e+00
4.961131751929122657e+01,6.654717728305202584e+00
4.963132323521006128e+01,6.899524564466745780e+00
4.965132895112889599e+01,7.363550512103781642e+00
4.967133466704773070e+01,7.033322224229065611e+00
4.969134038296656541e+01,7.053166979924300861e+00
4.971134609888540012e+01,5.507031301241203991e+00
4.973135181480423483e+01,5.941574108599370518e+00
4.975135753072306244e+01,5.568334704595473639e+00
4.977136324664189715e+01,5.901732650979139905e+00
4.979136896256073186e+01,5.184106265285008064e+00
4.981137467847956657e+01,5.583192051837479575e+00
4.983138039439840128e+01,5.580132815971801108e+00
4.985138611031723599e+01,5.406504344101913162e+00
4.987139182623607070e+01,6.049056655531576787e+00
4.989139754215490541e+01,5.364810432701588638e+00
4.991140325807374012e+01,5.507057666087877834e+00
4.993140897399257483e+01,6.227144210935811053e+00
4.995141468991140243e+01,5.754613582047660714e+00
4.997142040583023714e+01,6.776417330006104578e+00
4.999142612174907185e+01,6.424311869573945621e+00
5.001143183766790656e+01,5.763933519077212075e+00
5.003143755358674127e+01,6.248057999863195988e+00
5.005144326950557598e+01,6.223714290954302619e+00
5.007144898542441069e+01,6.314439757436124623e+00
5.009145470134324540e+01,7.331398758570170315e+00
5.011146041726208011e+01,7.621750905601595960e+00
5.013146613318090772e+01,7.242331011646149896e+00
5.015147184909974243e+01,8.272792365562935402e+00
5.017147756501857714e+01,8.135694248453665622e+00
5.019148328093741185e+01,8.989551812333662184e+00
5.021148899685624656e+01,9.170970764264616548e+00
5.023149471277508127e+01,1.033007801560654038e+01
5.025150042869391598e+01,9.950087240134578792e+00
5.027150614461275069e+01,1.032187841126980743e+01
5.029151186053158540e+01,1.093682687445523705e+01
5.031151757645042011e+01,1.108669203137594295e+01
5.033152329236924771e+01,1.144921583482807748e+01
5.035152900828808242e+01,1.206203137876781817e+01
5.037153472420691713e+01,1.239542569567429275e+01
5.039154044012575184e+01,1.263239445050573195e+01
5.041154615604458655e+01,1.197517665972364931e+01
5.043155187196342126e+01,1.190550835237071681e+01
5.045155758788225597e+01,1.161394022792634217e+01
5.047156330380109068e+01,1.150079097168909570e+01
5.049156901971992539e+01,1.099213351868331934e+01
5.051157473563875300e+01,1.023382729910141009e+01
5.053158045155758771e+01,9.490471179165723470e+00
5.055158616747642242e+01,7.995084450513055607e+00
5.057159188339525713e+01,7.376460850840577343e+00
5.059159759931409184e+01,6.498230938340280538e+00
5.061160331523292655e+01,6.393949267566908290e+00
5.063160903115176126e+01,6.431522199268465023e+00
5.065161474707059597e+01,5.944424345574012669e+00
5.067162046298943068e+01,5.196074072417107281e+00
5.069162617890825828e+01,4.352556221361751021e+00
5.071163189482709299e+01,5.121097935656027111e+00
5.073163761074592770e+01,3.816524912397150082e+00
5.075164332666476241e+01,4.317559801256287244e+00
5.077164904258359712e+01,3.524114758108006562e+00
5.079165475850243183e+01,3.878377981723658774e+00
5.081166047442126654e+01,4.668658209651205482e+00
5.083166619034010125e+01,4.184449369584825718e+00
5.085167190625893596e+01,4.247133372706175081e+00
5.087167762217777067e+01,3.620951517313906187e+00
5.089168333809659828e+01,4.610945300060049767e+00
5.091168905401543299e+01,4.555558147401322699e+00
5.093169476993426770e+01,3.880830249975844914e+00
5.095170048585310241e+01,4.594815096822646439e+00
5.097170620177193712e+01,4.633373529186784801e+00
5.099171191769077183e+01,3.989520042255906063e+00
5.101171763360960654e+01,4.973357160159205925e+00
5.103172334952844125e+01,4.555367856299565865e+00
5.105172906544727596e+01,5.224505017906287740e+00
5.107173478136610356e+01,3.973579588825635778e+00
5.109174049728493827e+01,5.037959812470577781e+00
5.111174621320377298e+01,4.549364434976514993e+00
5.113175192912260769e+01,5.015463212526455550e+00
5.115175764504144240e+01,5.083619231676138384e+00
5.117176336096027711e+01,5.743566876643885877e+00
5.119176907687911182e+01,4.645815637767020334e+00
5.121177479279794653e+01,5.761372240652272048e+00
5.123178050871678124e+01,5.133520372879867288e+00
5.125178622463561595e+01,4.735931021850711353e+00
5.127179194055444356e+01,4.645567331798852173e+00
5.129179765647327827e+01,5.081277052006430317e+00
5.131180337239211298e+01,5.004882784165241461e+00
5.133180908831094769e+01,5.590623749129883358e+00
5.135181480422978240e+01,4.214396527139972370e+00
5.137182052014861711e+01,5.260301020892493185e+00
5.139182623606745182e+01,5.035336066178058623e+00
5.141183195198628653e+01,5.534290717544614324e+00
5.143183766790512124e+01,5.966269413518288545e+00
5.145184338382394884e+01,5.529257098935262071e+00
5.147184909974278355e+01,5.651741939779082458e+00
5.149185481566161826e+01,6.383988347906488947e+00
5.151186053158045297e+01,6.856971113270789786e+00
5.153186624749928768e+01,6.784501082901400970e+00
5.155187196341812239e+01,7.423495400646968001e+00
5.157187767933695710e+01,6.814131927882452366e+00
5.159188339525579181e+01,8.565075969554721169e+00
5.161188911117462652e+01,8.468729538596235784e+00
5.163189482709345413e+01,9.465834917278325378e+00
5.165190054301228884e+01,9.557971105666791090e+00
5.167190625893112355e+01,1.113825509939425906e+01
5.169191197484995826e+01,1.123237158816169057e+01
5.171191769076879297e+01,1.093441585608236366e+01
5.173192340668762768e+01,1.208492619570706239e+01
5.175192912260646239e+01,1.186610039430696695e+01
5.177193483852529710e+01,1.271720896870687589e+01
5.179194055444413181e+01,1.339002649277731116e+01
5.181194627036296652e+01,1.290735551913881274e+01
5.183195198628179412e+01,1.279589511852773320e+01
5.185195770220062883e+01,1.290217639824792428e+01
5.187196341811946354e+01,1.212472918746559003e+01
5.189196913403829825e+01,1.154652690633645484e+01
5.191197484995713296e+01,1.211082056919458338e+01
5.193198056587596767e+01,1.100005137484050977e+01
5.195198628179480238e+01,1.026886169606990684e+01
5.197199199771363709e+01,9.359996138245161745e+00
5.199199771363247180e+01,9.130065910387427763e+00
5.201200342955129940e+01,8.458157265246960321e+00
5.203200914547013411e+01,7.959440966162325104e+00
5.205201486138896882e+01,8.028221334894626082e+00
5.207202057730780353e+01,6.317503732609866418e+00
5.209202629322663824e+01,7.029360178531653069e+00
5.211203200914547295e+01,6.938733212021680252e+00
5.213203772506430766e+01,6.998449177457775505e+00
5.215204344098314237e+01,6.448079118602744408e+00
5.217204915690197708e+01,6.143381543176828607e+00
5.219205487282081180e+01,6.580659457110153987e+00
5.221206058873963940e+01,6.426937628157951998e+00
5.223206630465847411e+01,6.473406229361816422e+00
5.225207202057730882e+01,6.293899555789976397e+00
5.227207773649614353e+01,6.184246108716976664e+00
5.229208345241497824e+01,7.312313188901652161e+00
5.231208916833381295e+01,6.429031594925092463e+00
5.233209488425264766e+01,6.210448036584456766e+00
5.235210060017148237e+01,7.251825881967580933e+00
5.237210631609031708e+01,6.993935932623632112e+00
5.239211203200914468e+01,6.915194796533183919e+00
5.241211774792797939e+01,7.169855519451406423e+00
5.243212346384681410e+01,7.310190768719151855e+00
5.245212917976564881e+01,8.050828353846599228e+00
5.247213489568448352e+01,7.303886818531005964e+00
5.249214061160331823e+01,7.303897542253055875e+00
5.251214632752215294e+01,7.650291460255017384e+00
5.253215204344098765e+01,7.433067523543524402e+00
5.255215775935982236e+01,7.813455405537735210e+00
5.257216347527864997e+01,7.348373398837946269e+00
5.259216919119748468e+01,6.457080190383727825e+00
5.261217490711631939e+01,6.723350496387731745e+00
5.263218062303515410e+01,6.785387623731063300e+00
5.265218633895398881e+01,5.335911676529091707e+00
5.267219205487282352e+01,5.930567779455372168e+00
5.269219777079165823e+01,4.984649521843955711e+00
5.271220348671049294e+01,5.192476620685573252e+00
5.273220920262932765e+01,5.465330502806735602e+00
5.275221491854816236e+01,5.147433165357757190e+00
5.277222063446698996e+01,4.871952210907117831e+00
5.279222635038582467e+01,4.423869391893140879e+00
5.281223206630465938e+01,4.909809888848387871e+00
5.283223778222349409e+01,4.624866591688479467e+00
5.285224349814232880e+01,4.597966269353602087e+00
5.287224921406116351e+01,4.602533798072418136e+00
5.289225492997999822e+01,3.919933461063040081e+00
5.291226064589883293e+01,4.585474906411167062e+00
5.293226636181766764e+01,4.239651881944360490e+00
5.295227207773649525e+01,3.968074166532147284e+00
5.297227779365532996e+01,4.606038608744009721e+00
5.299228350957416467e+01,4.541753196634430445e+00
5.301228922549299938e+01,4.536473744752872683e+00
5.303229494141183409e+01,4.840216301088389628e+00
5.305230065733066880e+01,5.584193819620042021e+00
5.307230637324950351e+01,4.642517679562086386e+00
5.309231208916833822e+01,5.592782219913074115e+00
5.311231780508717293e+01,5.025600324378506123e+00
5.313232352100600764e+01,6.112281276593851231e+00
5.315232923692483524e+01,5.740712197336928391e+00
5.317233495284366995e+01,5.098854408982360198e+00
5.319234066876250466e+01,5.175839967503103267e+00
5.321234638468133937e+01,5.466426322547974337e+00
5.323235210060017408e+01,5.431755844171269665e+00
5.325235781651900879e+01,5.463922954148895172e+00
5.327236353243784350e+01,5.822900431716027114e+00
5.329236924835667821e+01,5.377768613511143769e+00
5.331237496427551292e+01,5.663988632897488884e+00
5.333238068019434053e+01,4.561494621162311525e+00
5.335238639611317524e+01,4.878747703243443645e+00
5.337239211203200995e+01,5.591284440474361794e+00
5.339239782795084466e+01,4.498464243816568953e+00
5.341240354386967937e+01,4.848567285397270332e+00
5.343240925978851408e+01,4.629854532616245244e+00
5.345241497570734879e+01,4.549819959274572057e+00
5.347242069162618350e+01,4.977749844708759142e+00
5.349242640754501821e+01,5.874713908550454278e+00
5.351243212346384581e+01,5.401617955960452910e+00
5.353243783938268052e+01,5.316306330293571136e+00
5.355244355530151523e+01,6.280775157525803287e+00
5.357244927122034994e+01,6.660160106155835535e+00
5.359245498713918465e+01,5.930410478569058341e+00
5.361246070305801936e+01,6.685596039588202366e+00
5.363246641897685407e+01,6.966945188028110358e+00
5.365247213489568878e+01,7.414796216587625111e+00
5.367247785081452349e+01,7.050243675460516002e+00
5.369248356673335820e+01,7.789203808818511376e+00
5.371248928265218581e+01,8.358275173892781851e+00
5.373249499857102052e+01,8.624179951172573411e+00
5.375250071448985523e+01,8.619593242596359062e+00
5.377250643040868994e+01,8.785166378232020179e+00
5.379251214632752465e+01,9.213357943516363946e+00
5.381251786224635936e+01,9.077801449293403380e+00
5.383252357816519407e+01,8.445279206339669997e+00
5.385252929408402878e+01,8.361632793035596478e+00
5.387253501000286349e+01,9.703508597524443502e+00
5.389254072592169109e+01,8.934020629436005834e+00
5.391254644184052580e+01,8.566923582574030860e+00
5.393255215775936051e+01,9.327179790920570923e+00
5.395255787367819522e+01,9.100825810091627943e+00
5.397256358959702993e+01,9.247625344971245553e+00
5.399256930551586464e+01,9.100693587961032449e+00
5.401257502143469935e+01,9.622331954896992556e+00
5.403258073735353406e+01,9.333997971818405404e+00
5.405258645327236877e+01,1.012716242352162155e+01
5.407259216919120348e+01,1.044354733602070517e+01
5.409259788511003109e+01,1.016181729328491379e+01
5.411260360102886580e+01,1.000653795607075480e+01
5.413260931694770051e+01,9.936746192857450310e+00
5.415261503286653522e+01,1.000360735028024628e+01
5.417262074878536993e+01,9.696193094771537346e+00
5.419262646470420464e+01,9.939998970148007373e+00
5.421263218062303935e+01,1.053965046442887399e+01
5.423263789654187406e+01,1.045679119642827004e+01
5.425264361246070877e+01,9.664658314322281285e+00
5.427264932837953637e+01,1.044809893177412263e+01
5.429265504429837108e+01,1.014748063451591875e+01
5.431266076021720579e+01,1.091729413310891061e+01
5.433266647613604050e+01,1.120896292583268483e+01
5.435267219205487521e+01,1.131655806061574765e+01
5.437267790797370992e+01,1.111703238247168812e+01
5.439268362389254463e+01,1.184922574393451278e+01
5.441268933981137934e+01,1.106780161073600155e+01
5.443269505573021405e+01,1.153522896633129058e+01
5.445270077164904166e+01,1.201767579190314628e+01
5.447270648756787637e+01,1.165492968454584322e+01
5.449271220348671108e+01,1.201234894075397186e+01
5.451271791940554579e+01,1.200859955547704239e+01
5.453272363532438050e+01,1.233430374308245447e+01
5.455272935124321521e+01,1.136804368000192333e+01
5.457273506716204992e+01,1.265027414457026822e+01
5.459274078308088463e+01,1.155810867231262762e+01
5.461274649899971934e+01,1.192042585324404413e+01
5.463275221491855405e+01,1.161160259908605319e+01
5.465275793083738165e+01,1.157542209211061746e+01
5.467276364675621636e+01,1.111341825734794497e+01
5.469276936267505107e+01,1.134459977627549065e+01
5.471277507859388578e+01,1.073520141218399715e+01
5.473278079451272049e+01,1.069445856450658283e+01
5.475278651043155520e+01,1.099174073704979548e+01
5.477279222635038991e+01,1.074402217642426294e+01
5.479279794226922462e+01,1.119809267076939463e+01
5.481280365818805933e+01,1.187868142316022713e+01
5.483280937410688693e+01,1.245144958433184001e+01
5.485281509002572164e+01,1.283035247682227364e+01
5.487282080594455635e+01,1.260273948320101489e+01
5.489282652186339106e+01,1.336270481375900232e+01
5.491283223778222577e+01,1.435915354457176818e+01
5.493283795370106048e+01,1.500437551388981028e+01
5.495284366961989519e+01,1.526929583363355292e+01
5.497284938553872990e+01,1.643438672111302878e+01
5.499285510145756461e+01,1.668576797783114785e+01
5.501286081737639222e+01,1.675438536109469467e+01
5.503286653329522693e+01,1.752605780984596962e+01
5.505287224921406164e+01,1.790553832703963977e+01
5.507287796513289635e+01,1.724167458279432807e+01
5.509288368105173106e+01,1.759696505464984995e+01
5.511288939697056577e+01,1.707335827415657548e+01
5.513289511288940048e+01,1.757085982141687452e+01
5.515290082880823519e+01,1.685041494308324062e+01
5.517290654472706990e+01,1.607179867519345606e+01
5.519291226064590461e+01,1.596630703291606679e+01
5.521291797656473221e+01,1.508158203742832804e+01
5.523292369248356692e+01,1.509692541478979066e+01
5.525292940840240163e+01,1.374591161285944096e+01
5.527293512432123634e+01,1.312306011357687119e+01
5.529294084024007105e+01,1.268359782012536918e+01
5.531294655615890576e+01,1.291126158097572230e+01
5.533295227207774047e+01,1.173077867622525972e+01
5.535295798799657518e+01,1.166161800090142364e+01
5.537296370391540989e+01,1.097850500402670804e+01
5.539296941983423750e+01,1.095550489242254599e+01
5.541297513575307221e+01,9.805688768677887523e+00
5.543298085167190692e+01,1.018964637032020804e+01
5.545298656759074163e+01,1.040569167547309704e+01
5.547299228350957634e+01,1.028930802715051840e+01
5.549299799942841105e+01,1.060496379033413206e+01
5.551300371534724576e+01,1.036038267030501103e+01
5.553300943126608047e+01,9.862945538587757355e+00
5.555301514718491518e+01,1.042871589512024144e+01
5.557302086310374989e+01,9.540157536121112614e+00
5.559302657902257749e+01,1.031905674671642359e+01
5.561303229494141220e+01,1.045402061311493114e+01
5.563303801086024691e+01,1.028449002314426863e+01
5.565304372677908162e+01,1.015756976328181516e+01
5.567304944269791633e+01,9.998670097579578808e+00
5.569305515861675104e+01,1.089145460395636711e+01
5.571306087453558575e+01,9.638523682314374952e+00
5.573306659045442046e+01,9.304364648260360582e+00
5.575307230637325517e+01,1.013535304635447609e+01
5.577307802229208278e+01,1.034348203645424391e+01
5.579308373821091749e+01,1.027594435377178428e+01
5.581308945412975220e+01,9.486656018925307521e+00
5.583309517004858691e+01,9.996605332321962578e+00
5.585310088596742162e+01,9.640119667134998238e+00
5.587310660188625633e+01,1.114149268196844389e+01
5.589311231780509104e+01,1.140904022898622117e+01
5.591311803372392575e+01,1.079031502055019054e+01
5.593312374964276046e+01,1.210079865086526674e+01
5.595312946556158806e+01,1.136330818501597584e+01
5.597313518148042277e+01,1.243091873277268355e+01
5.599314089739925748e+01,1.341630601026497338e+01
5.601314661331809219e+01,1.342512499038491214e+01
5.603315232923692690e+01,1.358362621633328970e+01
5.605315804515576161e+01,1.484602856861546272e+01
5.607316376107459632e+01,1.462199948993388077e+01
5.609316947699343103e+01,1.352998045765935586e+01
5.611317519291226574e+01,1.414982618661125180e+01
5.613318090883110045e+01,1.483153457736128544e+01
5.615318662474992806e+01,1.344523590399049695e+01
5.617319234066876277e+01,1.447746129668652770e+01
5.619319805658759748e+01,1.356506166208900233e+01
5.621320377250643219e+01,1.349629884059115348e+01
5.623320948842526690e+01,1.231801881604437376e+01
5.625321520434410161e+01,1.163400785247339009e+01
5.627322092026293632e+01,1.142453647279779894e+01
5.629322663618177103e+01,1.149711077392599101e+01
5.631323235210060574e+01,1.034941314664234824e+01
5.633323806801943334e+01,1.020055830868512814e+01
5.635324378393826805e+01,9.315822786892084650e+00
5.637324949985710276e+01,8.532890205377491100e+00
5.639325521577593747e+01,8.454010961780584310e+00
5.641326093169477218e+01,7.761836989071154491e+00
5.643326664761360689e+01,7.328873307365434187e+00
5.645327236353244160e+01,7.471141768040856057e+00
5.647327807945127631e+01,6.223317555091185227e+00
5.649328379537011102e+01,5.369119968319569836e+00
5.651328951128894573e+01,5.667129229147485958e+00
5.653329522720777334e+01,6.195785981801004816e+00
5.655330094312660805e+01,5.247320278193020826e+00
5.657330665904544276e+01,4.535252699312949609e+00
5.659331237496427747e+01,4.500128895655997496e+00
5.661331809088311218e+01,5.662808171533882273e+00
5.663332380680194689e+01,4.796272283786379376e+00
5.665332952272078160e+01,4.329279090272609487e+00
5.667333523863961631e+01,4.028602787261872820e+00
5.669334095455845102e+01,4.300367741788134524e+00
5.671334667047727862e+01,3.735849371058026946e+00
5.673335238639611333e+01,3.747708955802033781e+00
5.675335810231494804e+01,4.310584393229331290e+00
5.677336381823378275e+01,5.151362109201718553e+00
5.679336953415261746e+01,4.638281807675300072e+00
5.681337525007145217e+01,4.621853822323545913e+00
5.683338096599028688e+01,4.489827800539728742e+00
5.685338668190912159e+01,4.429794345373941233e+00
5.687339239782795630e+01,4.186606568449636967e+00
5.689339811374678391e+01,4.428127233309080424e+00
5.691340382966561862e+01,5.441739751346009513e+00
5.693340954558445333e+01,4.944388078760637129e+00
5.695341526150328804e+01,4.530472983339793203e+00
5.697342097742212275e+01,5.443142845858174539e+00
5.699342669334095746e+01,5.343778372932373344e+00
5.701343240925979217e+01,5.571094926343024056e+00
5.703343812517862688e+01,6.175300247493761496e+00
5.705344384109746159e+01,5.991242646424507434e+00
5.707344955701629630e+01,6.523822402593447478e+00
5.709345527293512390e+01,6.439335839649178439e+00
5.711346098885395861e+01,6.505400770238066066e+00
5.713346670477279332e+01,7.713318117926985629e+00
5.715347242069162803e+01,7.862631517221939426e+00
5.717347813661046274e+01,7.860639129077569009e+00
5.719348385252929745e+01,8.330296980678442154e+00
5.721348956844813216e+01,9.024222225964775745e+00
5.723349528436696687e+01,8.437364288169749926e+00
5.725350100028580158e+01,9.423638509455505741e+00
5.727350671620462919e+01,9.106355307116249520e+00
5.729351243212346390e+01,9.932606430096093675e+00
5.731351814804229861e+01,9.525709139486847832e+00
5.733352386396113332e+01,9.941143034261354927e+00
5.735352957987996803e+01,1.026817184248069381e+01
5.737353529579880274e+01,1.026252363947244106e+01
5.739354101171763745e+01,9.756556629188981589e+00
5.741354672763647216e+01,9.782356962913651088e+00
5.743355244355530687e+01,9.731440118503092762e+00
5.745355815947414158e+01,9.012388755853891098e+00
5.747356387539296918e+01,9.714698826106845431e+00
5.749356959131180389e+01,8.702625753285861521e+00
5.751357530723063860e+01,8.612848635886367177e+00
5.753358102314947331e+01,9.313638789478527968e+00
5.755358673906830802e+01,9.023180503813248876e+00
5.757359245498714273e+01,8.488616792535189859e+00
5.759359817090597744e+01,9.475465141773522504e+00
5.761360388682481215e+01,9.259087023092277491e+00
5.763360960274364686e+01,9.599242537075930670e+00
5.765361531866247446e+01,9.668167090056325463e+00
5.767362103458130917e+01,1.010804012821353126e+01
5.769362675050014388e+01,1.006296788451568602e+01
5.771363246641897859e+01,9.700338117458342069e+00
5.773363818233781330e+01,1.081514544318073945e+01
5.775364389825664801e+01,1.005750264301629748e+01
5.777364961417548272e+01,9.786385509040407271e+00
5.779365533009431743e+01,1.014186753481746273e+01
5.781366104601315214e+01,1.063583584573804153e+01
5.783366676193197975e+01,1.100107436325658838e+01
5.785367247785081446e+01,1.045496780266209136e+01
5.787367819376964917e+01,1.065849659013794692e+01
5.789368390968848388e+01,1.071729619658776222e+01
5.791368962560731859e+01,1.094602706527620839e+01
5.793369534152615330e+01,1.128645157080165440e+01
5.795370105744498801e+01,1.113242842164898327e+01
5.797370677336382272e+01,1.051568354047256193e+01
5.799371248928265743e+01,1.110801100856613743e+01
5.801371820520149214e+01,1.107188303853105538e+01
5.803372392112031974e+01,1.047647032038236503e+01
5.805372963703915445e+01,1.121870228881259557e+01
5.807373535295798916e+01,1.106428341438229346e+01
5.809374106887682387e+01,1.121781178664895151e+01
5.811374678479565858e+01,1.124714389011840332e+01
5.813375250071449329e+01,1.074043944943147544e+01
5.815375821663332800e+01,1.155983554014958692e+01
5.817376393255216271e+01,1.192608538423068154e+01
5.819376964847099742e+01,1.179844156843990000e+01
5.821377536438982503e+01,1.098568822988905325e+01
5.823378108030865974e+01,1.167950232829527302e+01
5.825378679622749445e+01,1.071954242705454341e+01
5.827379251214632916e+01,1.083675893771751575e+01
5.829379822806516387e+01,1.038992581924014758e+01
5.831380394398399858e+01,1.079602283818504027e+01
5.833380965990283329e+01,1.055586987286687872e+01
5.835381537582166800e+01,1.015427992593997431e+01
5.837382109174050271e+01,9.461506235936777642e+00
5.839382680765933742e+01,9.121124843903205104e+00
5.841383252357816502e+01,8.679002252646423443e+00
5.843383823949699973e+01,8.189434549706122723e+00
5.845384395541583444e+01,9.005735416377495639e+00
5.847384967133466915e+01,7.811170704954063737e+00
5.849385538725350386e+01,7.877446131000498397e+00
5.851386110317233857e+01,7.154833943439832922e+00
5.853386681909117328e+01,7.753187405206245053e+00
5.855387253501000799e+01,7.832471634686172024e+00
5.857387825092884270e+01,7.817459114630656458e+00
5.859388396684767031e+01,8.203218947564707264e+00
5.861388968276650502e+01,7.883802920660208713e+00
5.863389539868533973e+01,7.399364768072906884e+00
5.865390111460417444e+01,7.711445351263654047e+00
5.867390683052300915e+01,7.747467330201653901e+00
5.869391254644184386e+01,7.374611797470517871e+00
5.871391826236067857e+01,7.347684985712693795e+00
5.873392397827951328e+01,7.950134421822595776e+00
5.875392969419834799e+01,6.906259364438907866e+00
5.877393541011717559e+01,7.377705831719747920e+00
5.879394112603601030e+01,6.465064445502720858e+00
5.881394684195484501e+01,6.706952862089478273e+00
5.883395255787367972e+01,6.902675323950441921e+00
5.885395827379251443e+01,7.236365621085899313e+00
5.887396398971134914e+01,7.225357189498730293e+00
5.889396970563018385e+01,7.497731526195369867e+00
5.891397542154901856e+01,8.371054254683325979e+00
5.893398113746785327e+01,7.787916638309876127e+00
5.895398685338668798e+01,7.704488036496282000e+00
5.897399256930551559e+01,7.907247126202735288e+00
5.899399828522435030e+01,8.709078119960597775e+00
5.901400400114318501e+01,7.509297931164615747e+00
5.903400971706201972e+01,9.068835989731194758e+00
5.905401543298085443e+01,9.210990353357090044e+00
5.907402114889968914e+01,9.100521021526702725e+00
5.909402686481852385e+01,8.842228488956717314e+00
5.911403258073735856e+01,8.785598003231598341e+00
5.913403829665619327e+01,9.883504795190425796e+00
5.915404401257502087e+01,8.945607064252687479e+00
5.917404972849385558e+01,9.681283196252932655e+00
5.919405544441269029e+01,9.644879292451191688e+00
5.921406116033152500e+01,9.604373096683534783e+00
5.923406687625035971e+01,9.937512197430724115e+00
5.925407259216919442e+01,1.057303917840429719e+01
5.927407830808802913e+01,9.877184932621027258e+00
5.929408402400686384e+01,1.026412385773208769e+01
5.931408973992569855e+01,1.056897089114466937e+01
5.933409545584453326e+01,9.865968369987760056e+00
5.935410117176336087e+01,9.743880473067804360e+00
5.937410688768219558e+01,9.831249046596850505e+00
5.939411260360103029e+01,1.006456565885538268e+01
5.941411831951986500e+01,9.714357855189428292e+00
5.943412403543869971e+01,1.010486615505707420e+01
5.945412975135753442e+01,1.025006847292929457e+01
5.947413546727636913e+01,1.113539934790421881e+01
5.949414118319520384e+01,1.065172460113119257e+01
5.951414689911403855e+01,1.119482205368276695e+01
5.953415261503286615e+01,1.092049810843791136e+01
5.955415833095170086e+01,1.050868120431874253e+01
5.957416404687053557e+01,1.069180842771383411e+01
5.959416976278937028e+01,1.071983383970259851e+01
5.961417547870820499e+01,1.058761323084029193e+01
5.963418119462703970e+01,1.077569653044403175e+01
5.965418691054587441e+01,9.937636475746419507e+00
5.967419262646470912e+01,1.064289512479117761e+01
5.969419834238354383e+01,1.070554688208216021e+01
5.971420405830237144e+01,1.026689460360808681e+01
5.973420977422120615e+01,1.064563143937152390e+01
5.975421549014004086e+01,9.936560212365963096e+00
5.977422120605887557e+01,8.706031098790159461e+00
5.979422692197771028e+01,8.907244905246940903e+00
5.981423263789654499e+01,9.246517140322978889e+00
5.983423835381537970e+01,8.782195082366330396e+00
5.985424406973421441e+01,8.821372952761270980e+00
5.987424978565304912e+01,7.984898117174797250e+00
5.989425550157188383e+01,7.743215153486838531e+00
5.991426121749071143e+01,7.745123206056788945e+00
5.993426693340954614e+01,7.499207460861756047e+00
5.995427264932838085e+01,8.388739494259164431e+00
5.997427836524721556e+01,7.933183875575741340e+00
5.999428408116605027e+01,7.877725354725701123e+00
6.001428979708488498e+01,8.397702854694257368e+00
6.003429551300371969e+01,9.139246011479574605e+00
6.005430122892255440e+01,9.860006315207169081e+00
6.007430694484138911e+01,1.013754917805873390e+01
6.009431266076021672e+01,9.907517293089940225e+00
6.011431837667905143e+01,1.087398832559652639e+01
6.013432409259788614e+01,1.016028769265085607e+01
6.015432980851672085e+01,1.054708368497277426e+01
6.017433552443555556e+01,1.096248525680793939e+01
6.019434124035439027e+01,1.168419431994116309e+01
6.021434695627322498e+01,1.169792612265952414e+01
6.023435267219205969e+01,1.159027843911049338e+01
6.025435838811089440e+01,1.191832293432794643e+01
6.027436410402972911e+01,1.172741507082168333e+01
6.029436981994855671e+01,1.216445492413217089e+01
6.031437553586739142e+01,1.183687997063353592e+01
6.033438125178622613e+01,1.198502947349774495e+01
6.035438696770506084e+01,1.142876030692707445e+01
6.037439268362389555e+01,1.151502737231369800e+01
6.039439839954273026e+01,1.033149521754828903e+01
6.041440411546156497e+01,1.068340439996137015e+01
6.043440983138039968e+01,9.677045064656429219e+00
6.045441554729923439e+01,9.710953563066047067e+00
6.047442126321806199e+01,9.626866781772370985e+00
6.049442697913689670e+01,8.826029623786686429e+00
6.051443269505573141e+01,8.933902331225725746e+00
6.053443841097456612e+01,7.150326648118551454e+00
6.055444412689340083e+01,7.269791935912383707e+00
6.057444984281223554e+01,6.477391045735791941e+00
6.059445555873107025e+01,7.263590839389251208e+00
6.061446127464990496e+01,6.194241075837330968e+00
6.063446699056873967e+01,6.183325614802889447e+00
6.065447270648756728e+01,5.189495189457723257e+00
6.067447842240640199e+01,5.630600388639360077e+00
6.069448413832523670e+01,5.305605458669289121e+00
6.071448985424407141e+01,5.180042311516071862e+00
6.073449557016290612e+01,5.537631399709698421e+00
6.075450128608174083e+01,5.114346476583833123e+00
6.077450700200057554e+01,4.562302662340862014e+00
6.079451271791941025e+01,5.315807656514194512e+00
6.081451843383824496e+01,4.874554510285047826e+00
6.083452414975707967e+01,4.915782077890627377e+00
6.085452986567590727e+01,4.934146905683037154e+00
6.087453558159474198e+01,4.192344232457503317e+00
6.089454129751357669e+01,4.436966636808448605e+00
6.091454701343241140e+01,4.533600740819026420e+00
6.093455272935124611e+01,5.507547363804001783e+00
6.095455844527008082e+01,4.939478670747120326e+00
6.097456416118891553e+01,5.542902412552674463e+00
6.099456987710775024e+01,5.529578729334359011e+00
6.101457559302658495e+01,6.255275366062576836e+00
6.103458130894541256e+01,6.547122956840907726e+00
6.105458702486424727e+01,7.575055402098896273e+00
6.107459274078308198e+01,7.843197453762426719e+00
6.109459845670191669e+01,7.590289553285566093e+00
6.111460417262075140e+01,8.889204622321443594e+00
6.113460988853958611e+01,9.406488023663412079e+00
6.115461560445842082e+01,1.020264010523325915e+01
6.117462132037725553e+01,1.057869762235655564e+01
6.119462703629609024e+01,1.116734485481373440e+01
6.121463275221492495e+01,1.079431242270253044e+01
6.123463846813375255e+01,1.132071792621544049e+01
6.125464418405258726e+01,1.191698542567739416e+01
6.127464989997142197e+01,1.094847910182933326e+01
6.129465561589025668e+01,1.115912064206094456e+01
6.131466133180909139e+01,1.069537921709861195e+01
6.133466704772792610e+01,9.617061384958514481e+00
6.135467276364676081e+01,9.300532958807037787e+00
6.137467847956559552e+01,8.740508851444973359e+00
6.139468419548443023e+01,8.376180895678587035e+00
6.141468991140325784e+01,7.449398432979384310e+00
6.143469562732209255e+01,6.875405193875854692e+00
6.145470134324092726e+01,6.542066762928558710e+00
6.147470705915976197e+01,5.872420257366617768e+00
6.149471277507859668e+01,6.024408727935199437e+00
6.151471849099743139e+01,4.860457642546243129e+00
6.153472420691626610e+01,5.713557095393806406e+00
6.155472992283510081e+01,4.974182810550598077e+00
6.157473563875393552e+01,5.219790642447557083e+00
6.159474135467276312e+01,5.049593752825363602e+00
6.161474707059159783e+01,5.664157719672367364e+00
6.163475278651043254e+01,5.503149390501732796e+00
6.165475850242926725e+01,4.584799754121652526e+00
6.167476421834810196e+01,5.183337153839412181e+00
6.169476993426693667e+01,5.429397961354582414e+00
6.171477565018577138e+01,4.981201478778525704e+00
6.173478136610460609e+01,5.490800274409995296e+00
6.175478708202344080e+01,4.995730607988381422e+00
6.177479279794227551e+01,5.109470250938148439e+00
6.179479851386110312e+01,5.644192173404282364e+00
6.181480422977993783e+01,6.025136601007157644e+00
6.183480994569877254e+01,6.254430074440178622e+00
6.185481566161760725e+01,5.764559561966457579e+00
6.187482137753644196e+01,6.060484913408764385e+00
6.189482709345527667e+01,5.331825715803869770e+00
6.191483280937411138e+01,5.398186628867656545e+00
6.193483852529294609e+01,4.990142197184274764e+00
6.195484424121178080e+01,6.130231541020581432e+00
6.197484995713060840e+01,6.132588085196013949e+00
6.199485567304944311e+01,6.309721428870403770e+00
6.201486138896827782e+01,6.187608179744969128e+00
6.203486710488711253e+01,5.883414842191712957e+00
6.205487282080594724e+01,6.395529520755943054e+00
6.207487853672478195e+01,6.199498205360100656e+00
6.209488425264361666e+01,6.836553835251341305e+00
6.211488996856245137e+01,6.981386422169165051e+00
6.213489568448128608e+01,7.044339371357784430e+00
6.215490140040011369e+01,6.334130995876348535e+00
6.217490711631894840e+01,6.589818654406489173e+00
6.219491283223778311e+01,6.755137187137474797e+00
6.221491854815661782e+01,6.502253250106837967e+00
6.223492426407545253e+01,5.756689572691494838e+00
6.225492997999428724e+01,6.311797773253970512e+00
6.227493569591312195e+01,6.526919046138649705e+00
6.229494141183195666e+01,5.399749355506733295e+00
6.231494712775079137e+01,5.913096019487995569e+00
6.233495284366962608e+01,5.631186395390333388e+00
6.235495855958845368e+01,5.189119155585549592e+00
6.237496427550728839e+01,4.583881272975165011e+00
6.239496999142612310e+01,5.257465348272670980e+00
6.241497570734495781e+01,5.540581626840060281e+00
6.243498142326379252e+01,5.138884256555495966e+00
6.245498713918262723e+01,5.219677913301852712e+00
6.247499285510146194e+01,4.555086041701239097e+00
6.249499857102029665e+01,5.034929441493039448e+00
6.251500428693913136e+01,4.678842641787969825e+00
6.253501000285795897e+01,5.366607982329941962e+00
6.255501571877679368e+01,4.980749977366306425e+00
6.257502143469562839e+01,5.483747690160379662e+00
6.259502715061446310e+01,4.970430189551398925e+00
6.261503286653329781e+01,6.199695192872518135e+00
6.263503858245213252e+01,4.869478799319152174e+00
6.265504429837096723e+01,5.959124856137533399e+00
6.267505001428980194e+01,5.626821635108615993e+00
6.269505573020863665e+01,5.111706419323967410e+00
6.271506144612747136e+01,5.852661781617558567e+00
6.273506716204629896e+01,6.325234238243104379e+00
6.275507287796513367e+01,6.122404116397937024e+00
6.277507859388396838e+01,5.793049689097825805e+00
6.279508430980280309e+01,6.025642790803601656e+00
6.281509002572163780e+01,6.493052598465444802e+00
6.283509574164047251e+01,6.451246796835972575e+00
6.285510145755930722e+01,6.620437224655002950e+00
6.287510717347814193e+01,6.198687467363706460e+00
6.289511288939697664e+01,6.726153712086770042e+00
6.291511860531580425e+01,6.711944896296073715e+00
6.293512432123463896e+01,6.448212356239111820e+00
6.295513003715347367e+01,6.062560070485425001e+00
6.297513575307230838e+01,6.451092726320145410e+00
6.299514146899114309e+01,6.959179684672402111e+00
6.301514718490997780e+01,5.760716612665561343e+00
6.303515290082881251e+01,6.176267428108926261e+00
6.305515861674764722e+01,5.104975399864420282e+00
6.307516433266648193e+01,5.514654370432854336e+00
6.309517004858530953e+01,6.198923925366305987e+00
6.311517576450414424e+01,5.624648886301732098e+00
6.313518148042297895e+01,5.266209630459359303e+00
6.315518719634181366e+01,5.567485896410548918e+00
6.317519291226064837e+01,5.502708017917742112e+00
6.319519862817948308e+01,5.276678809550909399e+00
6.321520434409831779e+01,5.040295928973858253e+00
6.323521006001715250e+01,5.620033761917589743e+00
6.325521577593598721e+01,5.795582245353358530e+00
6.327522149185482192e+01,6.399412768686986830e+00
6.329522720777364952e+01,5.474747592629734427e+00
6.331523292369248423e+01,6.548280925796804652e+00
6.333523863961131894e+01,6.118319851729883574e+00
6.335524435553015365e+01,6.260678580703369356e+00
6.337525007144898836e+01,6.506242195680522755e+00
6.339525578736782307e+01,6.128939987657330057e+00
6.341526150328665778e+01,6.529111685674663157e+00
6.343526721920549249e+01,7.733234099177717980e+00
6.345527293512432720e+01,7.347482407600341325e+00
6.347527865104315481e+01,7.563992704812561030e+00
6.349528436696198952e+01,7.947291203000298232e+00
6.351529008288082423e+01,8.807096409446458551e+00
6.353529579879965894e+01,9.051931286320639813e+00
6.355530151471849365e+01,8.907858132282617802e+00
6.357530723063732836e+01,9.905300320844371953e+00
6.359531294655616307e+01,9.768504688659502833e+00
6.361531866247499778e+01,9.603869846311498648e+00
6.363532437839383249e+01,1.020214316680788791e+01
6.365533009431266720e+01,1.013495542268779204e+01
6.367533581023149480e+01,1.046731562098897861e+01
6.369534152615032951e+01,1.036763179087926900e+01
6.371534724206916422e+01,9.728225285269742173e+00
6.373535295798799893e+01,9.931308174187750026e+00
6.375535867390683364e+01,9.192740306447017673e+00
6.377536438982566835e+01,7.604779910352347017e+00
6.379537010574450306e+01,7.613593111195108065e+00
6.381537582166333777e+01,7.095324701668458189e+00
6.383538153758217248e+01,6.815493961530563638e+00
6.385538725350100009e+01,5.718640657509226344e+00
6.387539296941983480e+01,5.920186197545185713e+00
6.389539868533866951e+01,5.111574078069073046e+00
6.391540440125750422e+01,5.297533169491553728e+00
6.393541011717633893e+01,5.585901227573177863e+00
6.395541583309517364e+01,4.853916962438988847e+00
6.397542154901400835e+01,4.373496752814731714e+00
6.399542726493284306e+01,4.555912268631120199e+00
6.401543298085167066e+01,4.690223868644878280e+00
6.403543869677051248e+01,5.034875745728681906e+00
6.405544441268934008e+01,5.025584947495737254e+00
6.407545012860816769e+01,4.996810186880423110e+00
6.409545584452700950e+01,5.188781362170125533e+00
6.411546156044585132e+01,5.115582838889383588e+00
6.413546727636467892e+01,4.508234614287522035e+00
6.415547299228350653e+01,5.081893414634687467e+00
6.417547870820234834e+01,5.549069671266528836e+00
6.419548442412119016e+01,5.078596735916447003e+00
6.421549014004001776e+01,5.614806883782236469e+00
6.423549585595884537e+01,6.466613263930225841e+00
6.425550157187768718e+01,6.746844555762355533e+00
6.427550728779651479e+01,6.687538117990843745e+00
6.429551300371534239e+01,7.840899731043116105e+00
6.431551871963418421e+01,7.856742037558704261e+00
6.433552443555302602e+01,8.670916918728149625e+00
6.435553015147185363e+01,8.571124075099893602e+00
6.437553586739068123e+01,9.776721999691527998e+00
6.439554158330952305e+01,1.065522516091044380e+01
6.441554729922835065e+01,1.010073865759805223e+01
6.443555301514717826e+01,1.060657283713644716e+01
6.445555873106602007e+01,1.086505844844000990e+01
6.447556444698486189e+01,1.164853859846478201e+01
6.449557016290368949e+01,1.177543955715139568e+01
6.451557587882251710e+01,1.197236191867348154e+01
6.453558159474135891e+01,1.280832166708541564e+01
6.455558731066020073e+01,1.251166921750833794e+01
6.457559302657902833e+01,1.173729212317979886e+01
6.459559874249785594e+01,1.212634970681781432e+01
6.461560445841669775e+01,1.156474269811415923e+01
6.463561017433552536e+01,1.129598767750255739e+01
6.465561589025435296e+01,1.123699505655515907e+01
6.467562160617319478e+01,1.122142850043512396e+01
6.469562732209203659e+01,1.071401259286187013e+01
6.471563303801086420e+01,1.060996312483058901e+01
6.473563875392969180e+01,9.938614226549836062e+00
6.475564446984853362e+01,9.733614443571109831e+00
6.477565018576737543e+01,9.604541052178070970e+00
6.479565590168618883e+01,8.729622587203873962e+00
6.481566161760503064e+01,9.460441404606672933e+00
6.483566733352387246e+01,8.349387384253034838e+00
6.485567304944270006e+01,8.354133710806580737e+00
6.487567876536152767e+01,8.169833990885766895e+00
6.489568448128036948e+01,7.476018936699010631e+00
6.491569019719921130e+01,6.739712431926698777e+00
6.493569591311803890e+01,7.168234531851645386e+00
6.495570162903686651e+01,6.827971943093153584e+00
6.497570734495570832e+01,7.461499931255766604e+00
6.499571306087453593e+01,7.203052831050433369e+00
6.501571877679336353e+01,6.375059771807122466e+00
6.503572449271220535e+01,5.953623025389711110e+00
6.505573020863104716e+01,5.763600184967508255e+00
6.507573592454987477e+01,6.029831895139809106e+00
6.509574164046870237e+01,6.082108748756574812e+00
6.511574735638754419e+01,5.493355562910030798e+00
6.513575307230638600e+01,5.992037332211507916e+00
6.515575878822521361e+01,5.052111947466626951e+00
6.517576450414404121e+01,6.331296860077072708e+00
6.519577022006288303e+01,6.166275826568925034e+00
6.521577593598171063e+01,5.314318535453683268e+00
6.523578165190053824e+01,5.857549468813409987e+00
6.525578736781938005e+01,6.707393374753932491e+00
6.527579308373822187e+01,6.888369704628899193e+00
6.529579879965704947e+01,7.485710832710797291e+00
6.531580451557587708e+01,6.926664982029639539e+00
6.533581023149471889e+01,6.793367688256162218e+00
6.535581594741354650e+01,7.115883623479628994e+00
6.537582166333237410e+01,6.810849818818827117e+00
6.539582737925121592e+01,6.893328842623943409e+00
6.541583309517005773e+01,7.091709311881398747e+00
6.543583881108888534e+01,7.192053294805568875e+00
6.545584452700771294e+01,6.427809713110759660e+00
6.547585024292655476e+01,6.563753144297129083e+00
6.549585595884539657e+01,7.087913644220193099e+00
6.551586167476422418e+01,6.540515927276544517e+00
6.553586739068305178e+01,7.192785932782479463e+00
6.555587310660189360e+01,6.445932730469966288e+00
6.557587882252072120e+01,6.342148951431316739e+00
6.559588453843954881e+01,6.311262880802059883e+00
6.561589025435839062e+01,6.653893699107244153e+00
6.563589597027723244e+01,6.930283270370626525e+00
6.565590168619606004e+01,6.600983699813248506e+00
6.567590740211488765e+01,5.927021024127824944e+00
6.569591311803372946e+01,7.105280855004233231e+00
6.571591883395257128e+01,6.491678975515850603e+00
6.573592454987138467e+01,6.694284516785609540e+00
6.575593026579022649e+01,7.280685742028698115e+00
6.577593598170906830e+01,7.091936536471828312e+00
6.579594169762789591e+01,7.281065424535084318e+00
6.581594741354672351e+01,6.536369848589735909e+00
6.583595312946556533e+01,6.726669413583026724e+00
6.585595884538440714e+01,8.062644094247181314e+00
6.587596456130323475e+01,7.365981627451055225e+00
6.589597027722206235e+01,7.257073524246861140e+00
6.591597599314090417e+01,7.348320422891212012e+00
6.593598170905973177e+01,7.290462643950114341e+00
6.595598742497855937e+01,6.519826761533904502e+00
6.597599314089740119e+01,6.456486772066976521e+00
6.599599885681624301e+01,6.916609900097125951e+00
6.601600457273507061e+01,5.351227198765167614e+00
6.603601028865389821e+01,4.990127357055141211e+00
6.605601600457274003e+01,5.652733032662232482e+00
6.607602172049158185e+01,5.405444433215045308e+00
6.609602743641040945e+01,4.530696515702949512e+00
6.611603315232923705e+01,5.360897128533828493e+00
6.613603886824807887e+01,4.839961398185852914e+00
6.615604458416690647e+01,5.751601775625372781e+00
6.617605030008573408e+01,5.582833592017562907e+00
6.619605601600457589e+01,5.087614242714408874e+00
6.621606173192341771e+01,5.448040931059852099e+00
6.623606744784224531e+01,4.534614946657538503e+00
6.625607316376107292e+01,5.984302251311913956e+00
6.627607887967991473e+01,5.333712190753066018e+00
6.629608459559874234e+01,4.914866290633600698e+00
6.631609031151756994e+01,5.346876438893044536e+00
6.633609602743641176e+01,5.683814871476130293e+00
6.635610174335525357e+01,5.946795241123401077e+00
6.637610745927408118e+01,6.336574954392700576e+00
6.639611317519290878e+01,5.282866166474046388e+00
6.641611889111175060e+01,5.426698621757011232e+00
6.643612460703059241e+01,5.684033467460747779e+00
6.645613032294942002e+01,6.571473987500347391e+00
6.647613603886824762e+01,6.186290286380613956e+00
6.649614175478708944e+01,5.788238975212054882e+00
6.651614747070591704e+01,6.155871844063312892e+00
6.653615318662474465e+01,6.224248600207650028e+00
6.655615890254358646e+01,6.795744101920950797e+00
6.657616461846242828e+01,6.807247903470689643e+00
6.659617033438125588e+01,5.909556649443334919e+00
6.661617605030008349e+01,6.374224514792060425e+00
6.663618176621892530e+01,6.069300172204328270e+00
6.665618748213776712e+01,6.190951581603751031e+00
6.667619319805658051e+01,5.361561300959553300e+00
6.669619891397542233e+01,6.133527205264487137e+00
6.671620462989426414e+01,5.448020748969860882e+00
6.673621034581309175e+01,5.660946209944830443e+00
6.675621606173191935e+01,5.782405333922899793e+00
6.677622177765076117e+01,5.221534098174553939e+00
6.679622749356960298e+01,5.997103534755531484e+00
6.681623320948843059e+01,5.355025157324623919e+00
6.683623892540725819e+01,4.715389690946462764e+00
6.685624464132610001e+01,5.506824827148368406e+00
6.687625035724492761e+01,5.629361225761093657e+00
6.689625607316375522e+01,6.195507517469565073e+00
6.691626178908259703e+01,6.309038734537590010e+00
6.693626750500143885e+01,6.375461660937386199e+00
6.695627322092026645e+01,5.913179258035722086e+00
6.697627893683909406e+01,5.945136009822578060e+00
6.699628465275793587e+01,5.710175768474089253e+00
6.701629036867677769e+01,6.312879352089643348e+00
6.703629608459560529e+01,7.177447160744592658e+00
6.705630180051443290e+01,7.862687232276391214e+00
6.707630751643327471e+01,7.799564040304325374e+00
6.709631323235210232e+01,7.938552574159951192e+00
6.711631894827092992e+01,8.452391672210271878e+00
6.713632466418977174e+01,8.858363455334721692e+00
6.715633038010861355e+01,9.008166101547125493e+00
6.717633609602744116e+01,8.977520817458820801e+00
6.719634181194626876e+01,8.883655913616788524e+00
6.721634752786511058e+01,8.669119888211763936e+00
6.723635324378393818e+01,9.381611606606895748e+00
6.725635895970276579e+01,8.600439175060554220e+00
6.727636467562160760e+01,8.651294759740951079e+00
6.729637039154044942e+01,9.384014226757257049e+00
6.731637610745927702e+01,9.023579557078804214e+00
6.733638182337810463e+01,8.177290948113304481e+00
6.735638753929694644e+01,8.862778848854670599e+00
6.737639325521578826e+01,8.289283120273612582e+00
6.739639897113461586e+01,9.020977174478680638e+00
6.741640468705344347e+01,9.334897904115504019e+00
6.743641040297228528e+01,9.349410217176389537e+00
6.745641611889111289e+01,1.014864210946559275e+01
6.747642183480994049e+01,1.114541394012411502e+01
6.749642755072878231e+01,1.114917069334494748e+01
6.751643326664762412e+01,1.213104380215964184e+01
6.753643898256645173e+01,1.226114870819267466e+01
6.755644469848527933e+01,1.210972496165475576e+01
6.757645041440412115e+01,1.268424329582177279e+01
6.759645613032296296e+01,1.313424428546821687e+01
6.761646184624177636e+01,1.258469497330643705e+01
6.763646756216061817e+01,1.280642475348329867e+01
6.765647327807945999e+01,1.373052546822132491e+01
6.767647899399828759e+01,1.301128815711810738e+01
6.769648470991711520e+01,1.227487997542026577e+01
6.771649042583595701e+01,1.286189810562701474e+01
6.773649614175479883e+01,1.146059240611807084e+01
6.775650185767362643e+01,1.142882820767412078e+01
6.777650757359245404e+01,1.229688211568062783e+01
6.779651328951129585e+01,1.145252000588513397e+01
6.781651900543012346e+01,1.157122993510550479e+01
6.783652472134895106e+01,1.107150857726996662e+01
6.785653043726779288e+01,1.059004506522396305e+01
6.787653615318663469e+01,1.106233964244060708e+01
6.789654186910546230e+01,9.637895266887609225e+00
6.791654758502428990e+01,9.653186407155573079e+00
6.793655330094313172e+01,9.969641857387198769e+00
6.795655901686197353e+01,9.440035270112167254e+00
6.797656473278080114e+01,1.007670016079239339e+01
6.799657044869962874e+01,8.941899416804519163e+00
6.801657616461847056e+01,8.077819520033090228e+00
6.803658188053729816e+01,8.147181510898604984e+00
6.805658759645612577e+01,9.065041099211940789e+00
6.807659331237496758e+01,8.730741292732705716e+00
6.809659902829380940e+01,8.171394007414683358e+00
6.811660474421263700e+01,7.754990352822066058e+00
6.813661046013146461e+01,7.610789796341111746e+00
6.815661617605030642e+01,8.140167078721876948e+00
6.817662189196913403e+01,7.866905949411616028e+00
6.819662760788796163e+01,7.678412548049428743e+00
6.821663332380680345e+01,7.048162253942136246e+00
6.823663903972564526e+01,6.521203563364164069e+00
6.825664475564447287e+01,7.360692461287612787e+00
6.827665047156330047e+01,6.752108120697946525e+00
6.829665618748214229e+01,6.522810056523304922e+00
6.831666190340098410e+01,7.777037286587219711e+00
6.833666761931981171e+01,7.110796935631550575e+00
6.835667333523863931e+01,6.369209724112195659e+00
6.837667905115748113e+01,7.576928806259911831e+00
6.839668476707630873e+01,7.405255872055711563e+00
6.841669048299513634e+01,7.886023271248877364e+00
6.843669619891397815e+01,8.008380348334096510e+00
6.845670191483281997e+01,8.226137441207566070e+00
6.847670763075164757e+01,8.465990843262382270e+00
6.849671334667047518e+01,9.337569583665112916e+00
6.851671906258931699e+01,9.984855471223173851e+00
6.853672477850815881e+01,9.949571097867377034e+00
6.855673049442697220e+01,1.060277269842068115e+01
6.857673621034581402e+01,1.053637486294025294e+01
6.859674192626465583e+01,1.086804665805369652e+01
6.861674764218348344e+01,1.172329429496843645e+01
6.863675335810231104e+01,1.102778149770038318e+01
6.865675907402115286e+01,1.210092725903881394e+01
6.867676478993999467e+01,1.175135177955838373e+01
6.869677050585882228e+01,1.091364333933788799e+01
6.871677622177764988e+01,1.159405126046270595e+01
6.873678193769649170e+01,1.049051940185468013e+01
6.875678765361531930e+01,1.165474336087219243e+01
6.877679336953414690e+01,1.042499733091549707e+01
6.879679908545298872e+01,1.008023011750069209e+01
6.881680480137183054e+01,1.071851370513341450e+01
6.883681051729065814e+01,9.958359490294562022e+00
6.885681623320948574e+01,9.981433825761600431e+00
6.887682194912832756e+01,9.441340601477209660e+00
6.889682766504716938e+01,9.025017392697513685e+00
6.891683338096599698e+01,9.348211722319268446e+00
6.893683909688482458e+01,8.427965302946340387e+00
6.895684481280366640e+01,8.599280762477237161e+00
6.897685052872249400e+01,9.077952952419925836e+00
6.899685624464132161e+01,8.170354643722671284e+00
6.901686196056016342e+01,7.956614816191816431e+00
6.903686767647900524e+01,8.620456112252476544e+00
6.905687339239783284e+01,7.582689686422866338e+00
6.907687910831666045e+01,7.281674594742686857e+00
6.909688482423550226e+01,7.009966211104597278e+00
6.911689054015432987e+01,7.524006507671630928e+00
6.913689625607315747e+01,7.507161523357721578e+00
6.915690197199199929e+01,7.939031269978824135e+00
6.917690768791084110e+01,8.637571499163364308e+00
6.919691340382966871e+01,7.677334068147524171e+00
6.921691911974849631e+01,8.132704805344530996e+00
6.923692483566733813e+01,8.406577200085328272e+00
6.925693055158617994e+01,7.992634971646518594e+00
6.927693626750500755e+01,8.690817439103792452e+00
6.929694198342383515e+01,8.984056702249294091e+00
6.931694769934267697e+01,9.679220159954271097e+00
6.933695341526150457e+01,9.267835312388672975e+00
6.935695913118033218e+01,8.298173041963153196e+00
6.937696484709917399e+01,8.405447445923561745e+00
6.939697056301801581e+01,8.823071008184198760e+00
6.941697627893684341e+01,8.253159327848894833e+00
6.943698199485567102e+01,8.054726887247461775e+00
6.945698771077451283e+01,7.578196469081221132e+00
6.947699342669335465e+01,7.062983627482212867e+00
6.949699914261216804e+01,7.195707038759223018e+00
6.951700485853100986e+01,5.832441426710762933e+00
6.953701057444985167e+01,6.666068176488746388e+00
6.955701629036867928e+01,5.603313358432972180e+00
6.957702200628750688e+01,5.662478640217287307e+00
6.959702772220634870e+01,5.271071620692442394e+00
6.961703343812519051e+01,4.948213194156411809e+00
6.963703915404401812e+01,6.227742193641184087e+00
6.965704486996284572e+01,5.451912123261207554e+00
6.967705058588168754e+01,6.007189466392612864e+00
6.969705630180051514e+01,5.342036693002252257e+00
6.971706201771934275e+01,7.040319228422987408e+00
6.973706773363818456e+01,6.604494108108902140e+00
6.975707344955702638e+01,6.934914188855382022e+00
6.977707916547585398e+01,7.372862521509716771e+00
6.979708488139468159e+01,7.247070786151149413e+00
6.981709059731352340e+01,6.980661084697142194e+00
6.983709631323236522e+01,8.030448030626846645e+00
6.985710202915119282e+01,8.110693674765016681e+00
6.987710774507002043e+01,8.789643206927562957e+00
6.989711346098886224e+01,8.936992766191714566e+00
6.991711917690768985e+01,8.488461765278072946e+00
6.993712489282651745e+01,8.518950393470394289e+00
6.995713060874535927e+01,8.020573269837415253e+00
6.997713632466420108e+01,9.280256339501965712e+00
6.999714204058302869e+01,8.384997786976756018e+00
7.001714775650185629e+01,8.100483336009761004e+00
7.003715347242069811e+01,8.581961862405201202e+00
7.005715918833952571e+01,7.999240503021247228e+00
7.007716490425835332e+01,8.185883329222630067e+00
7.009717062017719513e+01,6.710889803590058378e+00
7.011717633609603695e+01,6.482644075793407623e+00
7.013718205201486455e+01,6.496191276118181257e+00
7.015718776793369216e+01,6.850671154203366697e+00
7.017719348385253397e+01,6.656313321872249666e+00
7.019719919977137579e+01,6.913701366207795296e+00
7.021720491569020339e+01,6.201402185168605641e+00
7.023721063160903100e+01,5.926893594580795011e+00
7.025721634752787281e+01,6.240848066731659927e+00
7.027722206344670042e+01,6.322235639196350121e+00
7.029722777936552802e+01,5.766636237382865460e+00
7.031723349528436984e+01,6.748028894800185640e+00
7.033723921120321165e+01,6.124714794867322176e+00
7.035724492712203926e+01,6.344981651829765035e+00
7.037725064304086686e+01,5.997675643728939576e+00
7.039725635895970868e+01,6.839971640741915770e+00
7.041726207487855049e+01,6.130827056208616455e+00
7.043726779079736389e+01,6.078271408632247130e+00
7.045727350671620570e+01,6.628034810795415233e+00
7.047727922263504752e+01,6.018860367258163535e+00
7.049728493855387512e+01,6.929651377226550224e+00
7.051729065447270273e+01,6.241652847786768987e+00
7.053729637039154454e+01,6.689170905533989853e+00
7.055730208631038636e+01,6.926092260363253317e+00
7.057730780222921396e+01,6.512872231759349262e+00
7.059731351814804157e+01,6.964381892533805463e+00
7.061731923406688338e+01,7.585460544888368517e+00
7.063732494998571099e+01,6.680677339934015357e+00
7.065733066590453859e+01,7.298265137284454696e+00
7.067733638182338041e+01,7.141356635803341568e+00
7.069734209774222222e+01,7.375506166465916280e+00
7.071734781366104983e+01,7.758699749052107464e+00
7.073735352957987743e+01,7.344859249581691785e+00
7.075735924549871925e+01,7.103068467835854882e+00
7.077736496141756106e+01,7.727964407144105152e+00
7.079737067733638867e+01,7.854488664824483379e+00
7.081737639325521627e+01,7.438780098906232041e+00
7.083738210917405809e+01,7.403551067584888123e+00
7.085738782509288569e+01,6.646139984997589956e+00
7.087739354101171330e+01,7.636364709624209546e+00
7.089739925693055511e+01,7.097772077697129589e+00
7.091740497284939693e+01,6.729843254239936456e+00
7.093741068876822453e+01,6.292931423744478003e+00
7.095741640468705214e+01,6.088290848593370441e+00
7.097742212060589395e+01,6.189821676478911350e+00
7.099742783652472156e+01,6.261204285650606494e+00
7.101743355244354916e+01,5.040835896169266306e+00
7.103743926836239098e+01,5.426988612480718288e+00
7.105744498428123279e+01,5.630539410417686241e+00
7.107745070020006040e+01,5.872849193036616455e+00
7.109745641611888800e+01,5.637037429152176315e+00
7.111746213203772982e+01,5.355609911660432765e+00
7.113746784795657163e+01,5.141339844312049934e+00
7.115747356387539924e+01,5.153339440943423000e+00
7.117747927979422684e+01,5.768951407748491356e+00
7.119748499571306866e+01,5.423240117022968931e+00
7.121749071163189626e+01,4.627356417073056782e+00
7.123749642755072387e+01,5.516272800619322680e+00
7.125750214346956568e+01,5.873725572374548953e+00
7.127750785938840750e+01,5.540228044875826541e+00
7.129751357530723510e+01,4.281571665543920879e+00
7.131751929122606271e+01,5.420081226424452225e+00
7.133752500714490452e+01,4.852501480771065800e+00
7.135753072306374634e+01,4.788435211571568928e+00
7.137753643898255973e+01,4.726155378251673866e+00
7.139754215490140155e+01,4.443045849418742144e+00
7.141754787082024336e+01,5.354603472264759745e+00
7.143755358673907097e+01,4.770120679109275841e+00
7.145755930265789857e+01,4.897655548227660027e+00
7.147756501857674039e+01,4.628464027045488649e+00
7.149757073449558220e+01,5.179624161705666197e+00
7.151757645041440981e+01,4.281924492906555635e+00
7.153758216633323741e+01,5.651575198289583213e+00
7.155758788225207923e+01,5.265688536792223040e+00
7.157759359817090683e+01,4.232551969620836019e+00
7.159759931408973443e+01,5.682734711631370672e+00
7.161760503000857625e+01,4.737863940087287062e+00
7.163761074592741807e+01,5.480849152593952667e+00
7.165761646184624567e+01,4.746686142548883325e+00
7.167762217776507327e+01,5.140183042554509640e+00
7.169762789368391509e+01,5.284554417855520825e+00
7.171763360960275691e+01,4.619345106635615927e+00
7.173763932552158451e+01,4.564859853588493444e+00
7.175764504144041211e+01,4.952231904291142683e+00
7.177765075735925393e+01,4.412620077215818171e+00
7.179765647327808153e+01,4.728002258140903358e+00
7.181766218919690914e+01,4.916103944924194558e+00
7.183766790511575095e+01,4.605015235216773029e+00
7.185767362103459277e+01,4.357491172850508576e+00
7.187767933695342037e+01,5.507794344810193365e+00
7.189768505287224798e+01,5.051852272906513619e+00
7.191769076879108979e+01,6.037996308458816408e+00
7.193769648470991740e+01,5.634615578792470991e+00
7.195770220062874500e+01,6.676544042169112458e+00
7.197770791654758682e+01,5.866175511735727710e+00
7.199771363246642863e+01,6.200437180290897743e+00
7.201771934838525624e+01,5.999546432989166789e+00
7.203772506430408384e+01,6.422300431116163111e+00
7.205773078022292566e+01,6.097816164623267809e+00
7.207773649614176747e+01,5.797771486735559421e+00
7.209774221206059508e+01,7.113097446750199282e+00
7.211774792797942268e+01,6.375883933632532141e+00
7.213775364389826450e+01,6.322892922512334479e+00
7.215775935981709210e+01,5.612241505925400276e+00
7.217776507573591971e+01,6.324210626348937936e+00
7.219777079165476152e+01,5.971192228994798512e+00
7.221777650757360334e+01,6.361128977993704581e+00
7.223778222349243094e+01,5.588832325388138678e+00
7.225778793941125855e+01,5.698116040164364904e+00
7.227779365533010036e+01,5.110622228127936317e+00
7.229779937124894218e+01,5.601940944053437121e+00
7.231780508716775557e+01,5.130836392378326671e+00
7.233781080308659739e+01,5.559963957184173466e+00
7.235781651900543920e+01,5.363295977729737984e+00
7.237782223492426681e+01,4.939245795327495081e+00
7.239782795084309441e+01,5.779312043968490187e+00
7.241783366676193623e+01,4.808141013901099825e+00
7.243783938268077804e+01,5.387360511793830575e+00
7.245784509859960565e+01,5.280137576507128117e+00
7.247785081451843325e+01,5.571068090904537584e+00
7.249785653043727507e+01,5.698841843518339445e+00
7.251786224635610267e+01,5.420833031509253885e+00
7.253786796227493028e+01,5.414564535571754433e+00
7.255787367819377209e+01,5.777270361910609608e+00
7.257787939411261391e+01,5.553941955319821489e+00
7.259788511003144151e+01,6.641913760161313185e+00
7.261789082595026912e+01,6.176471831904484233e+00
7.263789654186911093e+01,5.640325235021535377e+00
7.265790225778795275e+01,6.199548261306510710e+00
7.267790797370678035e+01,6.721210240120221613e+00
7.269791368962560796e+01,7.153668556578986149e+00
7.271791940554444977e+01,6.545155788346418646e+00
7.273792512146327738e+01,7.298545943085584575e+00
7.275793083738210498e+01,7.250556386058251590e+00
7.277793655330094680e+01,7.338044479649406426e+00
7.279794226921978861e+01,6.930274246583535636e+00
7.281794798513861622e+01,7.720155558197452805e+00
7.283795370105744382e+01,6.733615457077688049e+00
7.285795941697628564e+01,6.858397939480544103e+00
7.287796513289511324e+01,7.419059289533751489e+00
7.289797084881394085e+01,6.162339259080551912e+00
7.291797656473278266e+01,6.179952128414972101e+00
7.293798228065162448e+01,5.826557318789273410e+00
7.295798799657045208e+01,6.093815015748780262e+00
7.297799371248927969e+01,5.402925836755361644e+00
7.299799942840812150e+01,5.752326453997066658e+00
7.301800514432696332e+01,6.471641956216624081e+00
7.303801086024579092e+01,6.233284887555946341e+00
7.305801657616461853e+01,5.155525771003247826e+00
7.307802229208346034e+01,6.185673608895029929e+00
7.309802800800228795e+01,4.919215102275629192e+00
7.311803372392111555e+01,5.672434586114444954e+00
7.313803943983995737e+01,5.637736673883861904e+00
7.315804515575879918e+01,5.893412844103052883e+00
7.317805087167762679e+01,6.008673369729923941e+00
7.319805658759645439e+01,5.640364157668578571e+00
7.321806230351529621e+01,5.785668350280728234e+00
7.323806801943413802e+01,5.697986847716308034e+00
7.325807373535295142e+01,5.596685516720999232e+00
7.327807945127179323e+01,5.828265098551483447e+00
7.329808516719063505e+01,5.175950094574025329e+00
7.331809088310946265e+01,5.221191808880091045e+00
7.333809659902829026e+01,5.236875228847161168e+00
7.335810231494713207e+01,5.479844856056684144e+00
7.337810803086597389e+01,5.021757458217164682e+00
7.339811374678480149e+01,5.521243552957475487e+00
7.341811946270362910e+01,4.577898348492142055e+00
7.343812517862247091e+01,5.826953055291760109e+00
7.345813089454129852e+01,4.487306189329972383e+00
7.347813661046012612e+01,5.013095190066130691e+00
7.349814232637896794e+01,6.037628489345065574e+00
7.351814804229780975e+01,5.041414130530219140e+00
7.353815375821663736e+01,6.097599895974301631e+00
7.355815947413546496e+01,5.353218011655826558e+00
7.357816519005430678e+01,5.401258637872517809e+00
7.359817090597314859e+01,6.216327060076180189e+00
7.361817662189197620e+01,5.291412661494939940e+00
7.363818233781080380e+01,6.147998171076658913e+00
7.365818805372964562e+01,5.277141222221530370e+00
7.367819376964847322e+01,5.948178469917723810e+00
7.369819948556730083e+01,6.372112351632402749e+00
7.371820520148614264e+01,6.257549623438894315e+00
7.373821091740498446e+01,5.183984058942033180e+00
7.375821663332381206e+01,4.955718614785348919e+00
7.377822234924263967e+01,6.183989272595191267e+00
7.379822806516148148e+01,5.289347748448800068e+00
7.381823378108030909e+01,6.124347773211825441e+00
7.383823949699913669e+01,5.350275067625592129e+00
7.385824521291797851e+01,5.781146719207533202e+00
7.387825092883682032e+01,5.048675563346213480e+00
7.389825664475564793e+01,5.742631675990157447e+00
7.391826236067447553e+01,5.768718651622066318e+00
7.393826807659331735e+01,4.700226326409804756e+00
7.395827379251215916e+01,5.222950195043388533e+00
7.397827950843098677e+01,4.816036019100390142e+00
7.399828522434981437e+01,5.511338789454136133e+00
7.401829094026865619e+01,4.328855205706183540e+00
7.403829665618748379e+01,5.013696459478788725e+00
7.405830237210632561e+01,5.345294561748120898e+00
7.407830808802515321e+01,4.693241977956082778e+00
7.409831380394398082e+01,5.151450654764083481e+00
7.411831951986282263e+01,4.862431392658608686e+00
7.413832523578165024e+01,5.131752007084722678e+00
7.415833095170049205e+01,5.373612442221723740e+00
7.417833666761931966e+01,4.739134717102078120e+00
7.419834238353816147e+01,4.048205221009366639e+00
7.421834809945698908e+01,4.120858971125530346e+00
7.423835381537583089e+01,4.247121766956452937e+00
7.425835953129465850e+01,4.613003989218706913e+00
7.427836524721348610e+01,4.204081535107073719e+00
7.429837096313232792e+01,4.311503103977776696e+00
7.431837667905115552e+01,4.963987509923805774e+00
7.433838239496999734e+01,4.359724716701234293e+00
7.435838811088882494e+01,4.743930244058881307e+00
7.437839382680766676e+01,4.184220232228066827e+00
7.439839954272649436e+01,4.506077776890569098e+00
7.441840525864533618e+01,4.480853661459961224e+00
7.443841097456416378e+01,5.133155623577134286e+00
7.445841669048300560e+01,4.905739987208757036e+00
7.447842240640183320e+01,4.917162305007959588e+00
7.449842812232066080e+01,4.690104009021222708e+00
7.451843383823950262e+01,3.858101166439144247e+00
7.453843955415833022e+01,4.343801832313558542e+00
7.455844527007717204e+01,4.231794422107427955e+00
7.457845098599599964e+01,4.626108771723143498e+00
7.459845670191484146e+01,4.777621480929171938e+00
7.461846241783366906e+01,4.656074126644562661e+00
7.463846813375251088e+01,5.266186825923195869e+00
7.465847384967133848e+01,4.720307691055952048e+00
7.467847956559016609e+01,5.539845489528633316e+00
7.469848528150900790e+01,5.528769607612144199e+00
7.471849099742783551e+01,5.640604431464884883e+00
7.473849671334667732e+01,6.188755582417671874e+00
7.475850242926550493e+01,6.378230101670215646e+00
7.477850814518434674e+01,6.581242423937157859e+00
7.479851386110317435e+01,6.845262832399291675e+00
7.481851957702201616e+01,6.602904739680198531e+00
7.483852529294084377e+01,6.708145692134221960e+00
7.485853100885967137e+01,6.631504847406305636e+00
7.487853672477851319e+01,5.984774746222297104e+00
7.489854244069734079e+01,5.639048346282473645e+00
7.491854815661618261e+01,5.762359976377721793e+00
7.493855387253501021e+01,5.399633393872742104e+00
7.495855958845385203e+01,5.140570689245027580e+00
7.497856530437267963e+01,5.346517807460577032e+00
7.499857102029152145e+01,6.134523195792702666e+00
7.501857673621034905e+01,5.054079848099311434e+00
7.503858245212917666e+01,5.779255983926233853e+00
7.505858816804801847e+01,4.408614837694601718e+00
7.507859388396684608e+01,4.662937876687496264e+00
7.509859959988568789e+01,4.910773159144827815e+00
7.511860531580451550e+01,4.777510007188769947e+00
7.513861103172335731e+01,5.088754660700517185e+00
7.515861674764218492e+01,4.777523743867270412e+00
7.517862246356102673e+01,4.349028931475229953e+00
7.519862817947985434e+01,4.122765175369704771e+00
7.521863389539868194e+01,4.491950473052245485e+00
7.523863961131752376e+01,5.484626693284681664e+00
7.525864532723635136e+01,4.952488779273553021e+00
7.527865104315519318e+01,4.571434088837391663e+00
7.529865675907402078e+01,5.016366762893984976e+00
7.531866247499286260e+01,4.590865813243060423e+00
7.533866819091169020e+01,5.514096406006821383e+00
7.535867390683053202e+01,4.908358068991300449e+00
7.537867962274935962e+01,4.897692586267157644e+00
7.539868533866820144e+01,6.063637130458402247e+00
7.541869105458702904e+01,5.514901770431754002e+00
7.543869677050585665e+01,5.805851159280177143e+00
7.545870248642469846e+01,6.030615650483588830e+00
7.547870820234352607e+01,5.686695121000321151e+00
7.549871391826236788e+01,5.034214751608811156e+00
7.551871963418119549e+01,5.494346287330434286e+00
7.553872535010003730e+01,5.243304411642164986e+00
7.555873106601886491e+01,5.748917762696075684e+00
7.557873678193770672e+01,5.977888164387716863e+00
7.559874249785653433e+01,5.202883941490537900e+00
7.561874821377536193e+01,5.689317825550503471e+00
7.563875392969420375e+01,6.699351292896608356e+00
7.565875964561303135e+01,6.476151722791029464e+00
7.567876536153187317e+01,5.985553853339792951e+00
7.569877107745070077e+01,6.136749049766733854e+00
7.571877679336954259e+01,6.546614704769172732e+00
7.573878250928837019e+01,5.990612810313217906e+00
7.575878822520721201e+01,5.896905748025720762e+00
7.577879394112603961e+01,5.779978811321031529e+00
7.579879965704486722e+01,6.756046769221407011e+00
7.581880537296370903e+01,6.004337722074506445e+00
7.583881108888253664e+01,5.972658269608259296e+00
7.585881680480137845e+01,5.783891441639875453e+00
7.587882252072020606e+01,4.925322435228437712e+00
7.589882823663904787e+01,5.067253423882828400e+00
7.591883395255787548e+01,5.986464416064077199e+00
7.593883966847671729e+01,4.799281302226610535e+00
7.595884538439554490e+01,6.110221432751685278e+00
7.597885110031437250e+01,5.011811378096308722e+00
7.599885681623321432e+01,5.437728499924995518e+00
7.601886253215204192e+01,5.270157439841970159e+00
7.603886824807088374e+01,5.949505314071510398e+00
7.605887396398971134e+01,5.861042898394551059e+00
7.607887967990855316e+01,6.750680255169524635e+00
7.609888539582738076e+01,6.166807225203462473e+00
7.611889111174622258e+01,6.302897138112645514e+00
7.613889682766505018e+01,6.324075154140574639e+00
7.615890254358387779e+01,7.301497543695431247e+00
7.617890825950271960e+01,7.098677476055202717e+00
7.619891397542154721e+01,7.982701789686101002e+00
7.621891969134038902e+01,8.065443561129660210e+00
7.623892540725921663e+01,7.174426295647080565e+00
7.625893112317805844e+01,8.215096207518765681e+00
7.627893683909688605e+01,8.635370948790047407e+00
7.629894255501572786e+01,8.871570712494381894e+00
7.631894827093455547e+01,8.547511989329839466e+00
7.633895398685339728e+01,7.934510748646027345e+00
7.635895970277222489e+01,8.350885900859767119e+00
7.637896541869105249e+01,8.667193260405579025e+00
7.639897113460989431e+01,8.264904985226820600e+00
7.641897685052872191e+01,7.413710105320792110e+00
7.643898256644756373e+01,7.705592852286162753e+00
7.645898828236639133e+01,7.102849042080668696e+00
7.647899399828523315e+01,7.300922558111074601e+00
7.649899971420406075e+01,6.238820943405116282e+00
7.651900543012290257e+01,5.555861302970486193e+00
7.653901114604173017e+01,6.232903512040254945e+00
7.655901686196055778e+01,5.328058503286951186e+00
7.657902257787939959e+01,4.926198244584103492e+00
7.659902829379822720e+01,4.605170317890596721e+00
7.661903400971706901e+01,5.101370479305749051e+00
7.663903972563589662e+01,4.601769826612159164e+00
7.665904544155473843e+01,5.241606525263267535e+00
7.667905115747356604e+01,5.455802182058511640e+00
7.669905687339240785e+01,4.547047802043847398e+00
7.671906258931123546e+01,4.341122103983108715e+00
7.673906830523006306e+01,5.231675563339002188e+00
7.675907402114890488e+01,4.469415173458319401e+00
7.677907973706773248e+01,4.507074487609789237e+00
7.679908545298657430e+01,4.814597397577728088e+00
7.681909116890540190e+01,4.878828020920834341e+00
7.683909688482424372e+01,4.285318187377194832e+00
7.685910260074307132e+01,4.833740525865414028e+00
7.687910831666191314e+01,4.717940647889976802e+00
7.689911403258074074e+01,4.892864563720886295e+00
7.691911974849956835e+01,4.636303362502331993e+00
7.693912546441841016e+01,5.610663591422508034e+00
7.695913118033723777e+01,5.218122762285850591e+00
7.697913689625607958e+01,4.456180229589018715e+00
7.699914261217490719e+01,4.391431285595272627e+00
7.701914832809374900e+01,4.795359887529040854e+00
7.703915404401257661e+01,4.481200176871952046e+00
7.705915975993141842e+01,4.873525284218025888e+00
7.707916547585024603e+01,4.639830077270781672e+00
7.709917119176907363e+01,5.754239313499700970e+00
7.711917690768791545e+01,5.104445971265492155e+00
7.713918262360674305e+01,5.501708395103365845e+00
7.715918833952558487e+01,5.727570615175786806e+00
7.717919405544441247e+01,4.683335714765897606e+00
7.719919977136325429e+01,5.799413204640137209e+00
7.721920548728208189e+01,5.232679217751339706e+00
7.723921120320092371e+01,5.854853793216218349e+00
7.725921691911975131e+01,5.338786599884619122e+00
7.727922263503859313e+01,5.374580253066184810e+00
7.729922835095742073e+01,6.066814097129971550e+00
7.731923406687624833e+01,6.105870054969140703e+00
7.733923978279509015e+01,4.586830429242599649e+00
7.735924549871391775e+01,4.633430093339741873e+00
7.737925121463275957e+01,5.331675442471249582e+00
7.739925693055158717e+01,5.831013206156477224e+00
7.741926264647042899e+01,5.193478130375449808e+00
7.743926836238925659e+01,5.019782688336828613e+00
7.745927407830809841e+01,5.262713896850656603e+00
7.747927979422692601e+01,6.103785689811526360e+00
7.749928551014575362e+01,5.587683106678747791e+00
7.751929122606459543e+01,5.050814694498032331e+00
7.753929694198342304e+01,4.819272171577973829e+00
7.755930265790226485e+01,5.607898967444913119e+00
7.757930837382109246e+01,5.197456904551168932e+00
7.759931408973993427e+01,5.554709814351702413e+00
7.761931980565876188e+01,6.115621625719393606e+00
7.763932552157760369e+01,5.255863133368896101e+00
7.765933123749643130e+01,5.889853001392738818e+00
7.767933695341525890e+01,5.832948212664900822e+00
7.769934266933410072e+01,6.360261934048480725e+00
7.771934838525292832e+01,6.033235332066182899e+00
7.773935410117177014e+01,6.451195174721802594e+00
7.775935981709059774e+01,6.150025189816897608e+00
7.777936553300943956e+01,6.376211629325338137e+00
7.779937124892826716e+01,6.061838123941203804e+00
7.781937696484710898e+01,6.816592497449661892e+00
7.783938268076593658e+01,6.853358114545970103e+00
7.785938839668476419e+01,7.041452569446144949e+00
7.787939411260360600e+01,6.151702317336317449e+00
7.789939982852243361e+01,5.697559321639650065e+00
7.791940554444127542e+01,6.527825786245215589e+00
7.793941126036010303e+01,6.642769331112278408e+00
7.795941697627894484e+01,6.750888404047788782e+00
7.797942269219777245e+01,5.802673342574470539e+00
7.799942840811661426e+01,6.580872925996986034e+00
7.801943412403544187e+01,5.511345014395375941e+00
7.803943983995426947e+01,6.385053791268207490e+00
7.805944555587311129e+01,6.608078855401172902e+00
7.807945127179193889e+01,5.655871588464836286e+00
7.809945698771078071e+01,6.215412775288168490e+00
7.811946270362960831e+01,5.281650334375308731e+00
7.813946841954845013e+01,5.675105704523360828e+00
7.815947413546727773e+01,5.965743233485122587e+00
7.817947985138611955e+01,6.590860454222744025e+00
7.819948556730494715e+01,6.341935452883534552e+00
7.821949128322378897e+01,5.476493993838002616e+00
7.823949699914261657e+01,5.113631844493229828e+00
7.825950271506144418e+01,5.643253260115528747e+00
7.827950843098028599e+01,5.895926257785675695e+00
7.829951414689911360e+01,4.828789189072808519e+00
7.831951986281795541e+01,5.855992805876239160e+00
7.833952557873678302e+01,5.182886194313758743e+00
7.835953129465562483e+01,4.731444825745185767e+00
7.837953701057445244e+01,5.624098111727784399e+00
7.839954272649329425e+01,5.156151815403611671e+00
7.841954844241212186e+01,5.372195419584484988e+00
7.843955415833094946e+01,4.918196092821729870e+00
7.845955987424979128e+01,6.008564690679476072e+00
7.847956559016861888e+01,5.781041103846300544e+00
7.849957130608746070e+01,5.151436416996836520e+00
7.851957702200628830e+01,5.218624342467118815e+00
7.853958273792513012e+01,5.469477680852850909e+00
7.855958845384395772e+01,5.049432676120237495e+00
7.857959416976279954e+01,6.565510386736720605e+00
7.859959988568162714e+01,6.027459314807212643e+00
7.861960560160045475e+01,6.253324624379683172e+00
7.863961131751929656e+01,6.822324688536467008e+00
7.865961703343812417e+01,7.998246419790877582e+00
7.867962274935696598e+01,8.022197876767087621e+00
7.869962846527579359e+01,8.023827592687615251e+00
7.871963418119463540e+01,8.100307907037166189e+00
7.873963989711346301e+01,9.200802345380136416e+00
7.875964561303230482e+01,9.696615577090859972e+00
7.877965132895113243e+01,9.572668664140483230e+00
7.879965704486996003e+01,9.478650928809370768e+00
7.881966276078880185e+01,9.464423761918016709e+00
7.883966847670762945e+01,9.578747328388203641e+00
7.885967419262647127e+01,8.764472038557693523e+00
7.887967990854529887e+01,8.330421852436556307e+00
7.889968562446414069e+01,8.253539210877452348e+00
7.891969134038296829e+01,6.929149323794831616e+00
7.893969705630181011e+01,7.406071170223366806e+00
7.895970277222063771e+01,6.072896576234549038e+00
7.897970848813946532e+01,6.227195829761460466e+00
7.899971420405830713e+01,6.268460497997713432e+00
7.901971991997713474e+01,4.947929300325824897e+00
7.903972563589597655e+01,5.469589630853400664e+00
7.905973135181480416e+01,5.049048968065563692e+00
7.907973706773364597e+01,5.036991877529857220e+00
7.909974278365247358e+01,4.476818382682586694e+00
7.911974849957131539e+01,4.016653415158756957e+00
7.913975421549014300e+01,3.927402939272324200e+00
7.915975993140898481e+01,4.289435828534004180e+00
7.917976564732781242e+01,4.660180459990019841e+00
7.919977136324664002e+01,5.111414896006212238e+00
7.921977707916548184e+01,4.246415749513237969e+00
7.923978279508430944e+01,4.721264297876140326e+00
7.925978851100315126e+01,5.446658168754851204e+00
7.927979422692197886e+01,4.989092489378640138e+00
7.929979994284082068e+01,4.540036608149107700e+00
7.931980565875964828e+01,6.108266831553542886e+00
7.933981137467849010e+01,6.288766989288035347e+00
7.935981709059731770e+01,5.959704102384602464e+00
7.937982280651614531e+01,5.665676697809715279e+00
7.939982852243498712e+01,7.070164800816851169e+00
7.941983423835381473e+01,6.139695081347884553e+00
7.943983995427265654e+01,6.517055614571217959e+00
7.945984567019148415e+01,7.147666915417096867e+00
7.947985138611032596e+01,7.636481881494450619e+00
7.949985710202915357e+01,6.873102704337961555e+00
7.951986281794799538e+01,7.333243638083533078e+00
7.953986853386682299e+01,7.875748625793341340e+00
7.955987424978565059e+01,7.278259451293677351e+00
7.957987996570449241e+01,7.130698381979257761e+00
7.959988568162332001e+01,6.209686115195145462e+00
7.961989139754216183e+01,6.077226248439121292e+00
7.963989711346098943e+01,6.598370499549705670e+00
7.965990282937983125e+01,6.399000673418914431e+00
7.967990854529865885e+01,6.410968854547327567e+00
7.969991426121750067e+01,5.372429397101542214e+00
7.971991997713632827e+01,5.813112225461487981e+00
7.973992569305515588e+01,5.722605236098866399e+00
7.975993140897399769e+01,5.268563411245319017e+00
7.977993712489282530e+01,5.126651481616987027e+00
7.979994284081166711e+01,4.659837448825148165e+00
7.981994855673049472e+01,4.987428849438988898e+00
7.983995427264933653e+01,4.685013362322884234e+00
7.985995998856816414e+01,5.228612947430918645e+00
7.987996570448700595e+01,4.531101536065934354e+00
7.989997142040583356e+01,4.727594710593673533e+00
7.991997713632466116e+01,4.891958518707275161e+00
7.993998285224350298e+01,3.938306119379275660e+00
7.995998856816233058e+01,4.280255894867377009e+00
7.997999428408117240e+01,4.014321532111965851e+00
8.000000000000000000e+01,3.904570545813593974e+00
