angle,intensity
1.000000000000000000e+01,5.162435600971486682e-01
1.002000571591883471e+01,1.009343874105782080e+00
1.004001143183766764e+01,1.353202426779137824e+00
1.006001714775650235e+01,1.344635248000446426e+00
1.008002286367533529e+01,9.931715644970890988e-01
1.010002857959417000e+01,1.059403784291412798e+00
1.012003429551300293e+01,2.111702468462680837e+00
1.014004001143183764e+01,1.220893556467234742e+00
1.016004572735067235e+01,1.278071156392612151e+00
1.018005144326950528e+01,1.943173770976505121e+00
1.020005715918833999e+01,2.409701637285750486e+00
1.022006287510717293e+01,2.148234234239860818e+00
1.024006859102600764e+01,9.720618777529153043e-01
1.026007430694484057e+01,1.380164096542152663e+00
1.028008002286367528e+01,9.935723300371963607e-01
1.030008573878250999e+01,1.988619317039937773e+00
1.032009145470134293e+01,2.503501378193972116e+00
1.034009717062017764e+01,1.751637836187450947e+00
1.036010288653901057e+01,1.613252236385865235e+00
1.038010860245784528e+01,1.858759101820192328e+00
1.040011431837667999e+01,2.290415605319916281e+00
1.042012003429551292e+01,1.413795758108185918e+00
1.044012575021434763e+01,2.052881549015554530e+00
1.046013146613318057e+01,1.795504197005040492e+00
1.048013718205201528e+01,1.119339398648342421e+00
1.050014289797084821e+01,1.098973418581462358e+00
1.052014861388968292e+01,1.461005448700170239e+00
1.054015432980851585e+01,1.571739537325252956e+00
1.056016004572735056e+01,2.071971575633797080e+00
1.058016576164618527e+01,1.458690359413573390e+00
1.060017147756501821e+01,1.698850546869828504e+00
1.062017719348385292e+01,1.501240462590919034e+00
1.064018290940268585e+01,1.307824285955568433e+00
1.066018862532152056e+01,2.674974077962026797e+00
1.068019434124035527e+01,2.433436220968681063e+00
1.070020005715918820e+01,1.352881218159082133e+00
1.072020577307802292e+01,1.486228186737235779e+00
1.074021148899685585e+01,1.306192744496895264e+00
1.076021720491569056e+01,2.185262029425898866e+00
1.078022292083452349e+01,1.997326146601550168e+00
1.080022863675335820e+01,1.381887158060564502e+00
1.082023435267219291e+01,1.993694316322677018e+00
1.084024006859102585e+01,1.988254185052953593e+00
1.086024578450986056e+01,1.997502029314711214e+00
1.088025150042869349e+01,2.099740554627429034e+00
1.090025721634752820e+01,2.143731963977902666e+00
1.092026293226636113e+01,1.379872429452869476e+00
1.094026864818519584e+01,2.678325605077395366e+00
1.096027436410403055e+01,1.877108043219425149e+00
1.098028008002286349e+01,1.969011301811947279e+00
1.100028579594169820e+01,2.163060963955051541e+00
1.102029151186053113e+01,2.728838262723292107e+00
1.104029722777936584e+01,2.479007093691888208e+00
1.106030294369819877e+01,2.223537994185163846e+00
1.108030865961703348e+01,2.293674782504903753e+00
1.110031437553586819e+01,2.116126240641281075e+00
1.112032009145470113e+01,2.895981966660468032e+00
1.114032580737353584e+01,2.121408828893602383e+00
1.116033152329236877e+01,2.663224368638431816e+00
1.118033723921120348e+01,2.504009065295531578e+00
1.120034295513003642e+01,2.812129158999919998e+00
1.122034867104887113e+01,2.533477493400978275e+00
1.124035438696770584e+01,2.746369032642762331e+00
1.126036010288653877e+01,2.467946806015047123e+00
1.128036581880537348e+01,2.946770174556546884e+00
1.130037153472420641e+01,2.857514220354659962e+00
1.132037725064304112e+01,2.247296927128907829e+00
1.134038296656187583e+01,2.838061549074891055e+00
1.136038868248070877e+01,2.815610743606017152e+00
1.138039439839954348e+01,2.752141679189502366e+00
1.140040011431837641e+01,2.572579177392786409e+00
1.142040583023721112e+01,3.084469795663063785e+00
1.144041154615604405e+01,2.819591719023911480e+00
1.146041726207487876e+01,2.530843425258561652e+00
1.148042297799371170e+01,2.633185774104960686e+00
1.150042869391254641e+01,3.031845700665470211e+00
1.152043440983138112e+01,2.862708209407423432e+00
1.154044012575021405e+01,2.761096385701867995e+00
1.156044584166904876e+01,3.199704171262686359e+00
1.158045155758788169e+01,3.466906318617427374e+00
1.160045727350671640e+01,2.759059262804645751e+00
1.162046298942555111e+01,3.466905644867580794e+00
1.164046870534438405e+01,2.741458408087372511e+00
1.166047442126321876e+01,3.024524458643438773e+00
1.168048013718205169e+01,2.359830809471155533e+00
1.170048585310088640e+01,3.675957932915384863e+00
1.172049156901971934e+01,3.433649039792924906e+00
1.174049728493855405e+01,2.539420791181899340e+00
1.176050300085738698e+01,3.607872839676210752e+00
1.178050871677622169e+01,2.734237430691798920e+00
1.180051443269505640e+01,2.898375075946439505e+00
1.182052014861388933e+01,3.845282263149521818e+00
1.184052586453272404e+01,3.923270408420929556e+00
1.186053158045155698e+01,3.212346927533261454e+00
1.188053729637039169e+01,3.369657246957082464e+00
1.190054301228922640e+01,3.068248460194595850e+00
1.192054872820805933e+01,3.400802004554829505e+00
1.194055444412689404e+01,3.271288302016338356e+00
1.196056016004572697e+01,3.227623656395012475e+00
1.198056587596456168e+01,4.064372852486394905e+00
1.200057159188339639e+01,3.932325084169832508e+00
1.202057730780222933e+01,3.627333807198559690e+00
1.204058302372106226e+01,3.766732345030369800e+00
1.206058873963989697e+01,3.931649563590414509e+00
1.208059445555873168e+01,4.425247315429489348e+00
1.210060017147756461e+01,3.695102556454791021e+00
1.212060588739639932e+01,3.787355558337035522e+00
1.214061160331523226e+01,4.200885613147767650e+00
1.216061731923406697e+01,4.593994051306713899e+00
1.218062303515290168e+01,4.538112931403309958e+00
1.220062875107173461e+01,4.468097788060085840e+00
1.222063446699056932e+01,3.917287685314164492e+00
1.224064018290940226e+01,4.268839568963019637e+00
1.226064589882823697e+01,3.832208097803354363e+00
1.228065161474707168e+01,4.047045980483384042e+00
1.230065733066590461e+01,3.975282155607055223e+00
1.232066304658473754e+01,4.893331419226104373e+00
1.234066876250357225e+01,4.909906858034377208e+00
1.236067447842240696e+01,4.647774974683555271e+00
1.238068019434123990e+01,4.761822401996323784e+00
1.240068591026007461e+01,4.892932929873013315e+00
1.242069162617890754e+01,4.947755942823924613e+00
1.244069734209774225e+01,5.505695598167891447e+00
1.246070305801657696e+01,5.376505226579530117e+00
1.248070877393540989e+01,5.412016689720143603e+00
1.250071448985424460e+01,5.838848969966314861e+00
1.252072020577307754e+01,5.075275917186197638e+00
1.254072592169191225e+01,5.912926625377947332e+00
1.256073163761074696e+01,5.257698060942026075e+00
1.258073735352957989e+01,5.146197794393971847e+00
1.260074306944841460e+01,5.090953189803672174e+00
1.262074878536724754e+01,5.578481225628902251e+00
1.264075450128608225e+01,5.259763519470300075e+00
1.266076021720491518e+01,6.026641856814132225e+00
1.268076593312374989e+01,6.436493624266572233e+00
1.270077164904258282e+01,5.717224237870057735e+00
1.272077736496141753e+01,5.682989355554539657e+00
1.274078308088025224e+01,5.739761063093791194e+00
1.276078879679908518e+01,5.572061606615267948e+00
1.278079451271791989e+01,5.939865184359890193e+00
1.280080022863675282e+01,6.152237878155439432e+00
1.282080594455558753e+01,6.058386285085653356e+00
1.284081166047442224e+01,6.291460732082571283e+00
1.286081737639325517e+01,6.321451129571396876e+00
1.288082309231208988e+01,6.440673998824067326e+00
1.290082880823092282e+01,6.399842469688642232e+00
1.292083452414975753e+01,5.192030615553052897e+00
1.294084024006859224e+01,6.323354846581480615e+00
1.296084595598742517e+01,5.638062656385324445e+00
1.298085167190625810e+01,6.604255679642683674e+00
1.300085738782509281e+01,5.853338039805532134e+00
1.302086310374392752e+01,5.838926802304310826e+00
1.304086881966276046e+01,6.261123965870958763e+00
1.306087453558159517e+01,5.952431562447795699e+00
1.308088025150042810e+01,7.148939582543185622e+00
1.310088596741926281e+01,5.753375733751093790e+00
1.312089168333809752e+01,6.498844541134346287e+00
1.314089739925693046e+01,6.238660055033443008e+00
1.316090311517576517e+01,6.594884282130657027e+00
1.318090883109459810e+01,5.989180058480695124e+00
1.320091454701343281e+01,7.009263388620302848e+00
1.322092026293226752e+01,7.117126220315074470e+00
1.324092597885110045e+01,6.348800514669554751e+00
1.326093169476993339e+01,6.013437657509082435e+00
1.328093741068876810e+01,6.610452233249834109e+00
1.330094312660760281e+01,6.578722907236684847e+00
1.332094884252643574e+01,6.857334668475512096e+00
1.334095455844527045e+01,7.509663997216872389e+00
1.336096027436410338e+01,7.509916677715921196e+00
1.338096599028293809e+01,6.573468532339115988e+00
1.340097170620177280e+01,7.247512347855520787e+00
1.342097742212060574e+01,6.700398900382786849e+00
1.344098313803944045e+01,7.734178999460656456e+00
1.346098885395827338e+01,6.884939682533835814e+00
1.348099456987710809e+01,7.417060181152845821e+00
1.350100028579594280e+01,7.451985378039867491e+00
1.352100600171477573e+01,7.717908575061035670e+00
1.354101171763361044e+01,7.900261369295448866e+00
1.356101743355244338e+01,7.466306932725369272e+00
1.358102314947127809e+01,7.726456420304526951e+00
1.360102886539011102e+01,7.327795923912577614e+00
1.362103458130894573e+01,7.614697042721548570e+00
1.364104029722777867e+01,7.591916147359010658e+00
1.366104601314661338e+01,8.558643677829262941e+00
1.368105172906544809e+01,8.236855081262573819e+00
1.370105744498428102e+01,7.615812493204705547e+00
1.372106316090311573e+01,7.872900382469303793e+00
1.374106887682194866e+01,9.052314546448702259e+00
1.376107459274078337e+01,8.296842509420336853e+00
1.378108030865961808e+01,8.373182392807969165e+00
1.380108602457845102e+01,8.952715857315151737e+00
1.382109174049728573e+01,8.832742155167014886e+00
1.384109745641611866e+01,9.050779728233502297e+00
1.386110317233495337e+01,9.131760714073799079e+00
1.388110888825378808e+01,8.796023047051004795e+00
1.390111460417262101e+01,9.097362367478426748e+00
1.392112032009145395e+01,1.017936215862700067e+01
1.394112603601028866e+01,9.432538887295306651e+00
1.396113175192912337e+01,9.671177227317688363e+00
1.398113746784795630e+01,9.644643081408817764e+00
1.400114318376679101e+01,9.821705971542707303e+00
1.402114889968562395e+01,1.032117711476758259e+01
1.404115461560445866e+01,1.050781720890225479e+01
1.406116033152329337e+01,1.037396222991497652e+01
1.408116604744212630e+01,1.101177729218874290e+01
1.410117176336095923e+01,1.121782835503431386e+01
1.412117747927979394e+01,1.048780541908975295e+01
1.414118319519862865e+01,1.085740580312660697e+01
1.416118891111746336e+01,1.167044977721413268e+01
1.418119462703629630e+01,1.125020033765431116e+01
1.420120034295512923e+01,1.184331714736672936e+01
1.422120605887396394e+01,1.146704344065160441e+01
1.424121177479279865e+01,1.207820439266323831e+01
1.426121749071163336e+01,1.138079182968445480e+01
1.428122320663046629e+01,1.139998172238503571e+01
1.430122892254929923e+01,1.199525320304848996e+01
1.432123463846813394e+01,1.254207033976787145e+01
1.434124035438696865e+01,1.185606039337987916e+01
1.436124607030580158e+01,1.233140919334228158e+01
1.438125178622463629e+01,1.229404701311214865e+01
1.440125750214346922e+01,1.233219654546661559e+01
1.442126321806230393e+01,1.243859986907483872e+01
1.444126893398113864e+01,1.253923632428679014e+01
1.446127464989997158e+01,1.197168487221340705e+01
1.448128036581880451e+01,1.243827982386008024e+01
1.450128608173763922e+01,1.291512585228010757e+01
1.452129179765647393e+01,1.272127246552508595e+01
1.454129751357530864e+01,1.239916864507295813e+01
1.456130322949414158e+01,1.220067416062233256e+01
1.458130894541297451e+01,1.256440743678994210e+01
1.460131466133180922e+01,1.241406892312403798e+01
1.462132037725064393e+01,1.230784753437593260e+01
1.464132609316947686e+01,1.211542365315417236e+01
1.466133180908831157e+01,1.297993415389286653e+01
1.468133752500714451e+01,1.244659365127341744e+01
1.470134324092597922e+01,1.193933387977911131e+01
1.472134895684481393e+01,1.155785122642987517e+01
1.474135467276364686e+01,1.211243406783774823e+01
1.476136038868247979e+01,1.133585099925688233e+01
1.478136610460131450e+01,1.247054725806296815e+01
1.480137182052014921e+01,1.114748688472577420e+01
1.482137753643898392e+01,1.226892929292224999e+01
1.484138325235781686e+01,1.161321791205175025e+01
1.486138896827664979e+01,1.177756127470706282e+01
1.488139468419548450e+01,1.197095128413610610e+01
1.490140040011431921e+01,1.177231559155613994e+01
1.492140611603315392e+01,1.258583166423925626e+01
1.494141183195198685e+01,1.186334074250649984e+01
1.496141754787081979e+01,1.165129001399073871e+01
1.498142326378965450e+01,1.130625954802104616e+01
1.500142897970848921e+01,1.181770184386682665e+01
1.502143469562732214e+01,1.203222973082163527e+01
1.504144041154615508e+01,1.244201409928420787e+01
1.506144612746498979e+01,1.218291254988946193e+01
1.508145184338382450e+01,1.165282442761465376e+01
1.510145755930265921e+01,1.204355887987899010e+01
1.512146327522149214e+01,1.209761183784855554e+01
1.514146899114032507e+01,1.261751375251378349e+01
1.516147470705915978e+01,1.198204153827897045e+01
1.518148042297799449e+01,1.239578483936195852e+01
1.520148613889682920e+01,1.280875616897941427e+01
1.522149185481566214e+01,1.280213769268350887e+01
1.524149757073449507e+01,1.369429876397805756e+01
1.526150328665332978e+01,1.295087424557550904e+01
1.528150900257216449e+01,1.385032422103363103e+01
1.530151471849099742e+01,1.366111496814041182e+01
1.532152043440983036e+01,1.297379511691492304e+01
1.534152615032866507e+01,1.315520560566508479e+01
1.536153186624749978e+01,1.281894511422857974e+01
1.538153758216633449e+01,1.343419705951047760e+01
1.540154329808516742e+01,1.336338101406975021e+01
1.542154901400400036e+01,1.342514086540729323e+01
1.544155472992283507e+01,1.342610174525728794e+01
1.546156044584166978e+01,1.359883481523593751e+01
1.548156616176050449e+01,1.349201936858813511e+01
1.550157187767933742e+01,1.292330663482639430e+01
1.552157759359817035e+01,1.293266364173727290e+01
1.554158330951700506e+01,1.243798032115800289e+01
1.556158902543583977e+01,1.226663903995399529e+01
1.558159474135467271e+01,1.227090327494225974e+01
1.560160045727350742e+01,1.241524497654386039e+01
1.562160617319234035e+01,1.275815601243753505e+01
1.564161188911117506e+01,1.191285045575904000e+01
1.566161760503000977e+01,1.186551120933394898e+01
1.568162332094884270e+01,1.170267550474420304e+01
1.570162903686767564e+01,1.240123991062970710e+01
1.572163475278651035e+01,1.260392854722079470e+01
1.574164046870534506e+01,1.225614834341963721e+01
1.576164618462417977e+01,1.254843891036010817e+01
1.578165190054301270e+01,1.219051273376934930e+01
1.580165761646184563e+01,1.208936914467206414e+01
1.582166333238068034e+01,1.279333133234729658e+01
1.584166904829951505e+01,1.313671075115959574e+01
1.586167476421834799e+01,1.346288947552045023e+01
1.588168048013718270e+01,1.299553489582441657e+01
1.590168619605601563e+01,1.455268667755342626e+01
1.592169191197485034e+01,1.397960657975228038e+01
1.594169762789368505e+01,1.415418833076765992e+01
1.596170334381251799e+01,1.444159023416870902e+01
1.598170905973135092e+01,1.472148098129282623e+01
1.600171477565018563e+01,1.492848109877925644e+01
1.602172049156902034e+01,1.527563262930802424e+01
1.604172620748785505e+01,1.558522119537375161e+01
1.606173192340668976e+01,1.617289925539018469e+01
1.608173763932552092e+01,1.693043726767982093e+01
1.610174335524435563e+01,1.628418627497408977e+01
1.612174907116319034e+01,1.707562025911752102e+01
1.614175478708202505e+01,1.812922915740258034e+01
1.616176050300085620e+01,1.804588191997011748e+01
1.618176621891969091e+01,1.820071348455708105e+01
1.620177193483852562e+01,1.818057246720360354e+01
1.622177765075736033e+01,1.913233416270631793e+01
1.624178336667619504e+01,1.987588066863616731e+01
1.626178908259502620e+01,1.957561799124951563e+01
1.628179479851386091e+01,2.002783673200941195e+01
1.630180051443269562e+01,2.043654074992073433e+01
1.632180623035153033e+01,2.173694531882942726e+01
1.634181194627036149e+01,2.211370526375844037e+01
1.636181766218919620e+01,2.180142991740161662e+01
1.638182337810803091e+01,2.312489849117871188e+01
1.640182909402686562e+01,2.301455022315691323e+01
1.642183480994570033e+01,2.374210478488562970e+01
1.644184052586453504e+01,2.402516701434138113e+01
1.646184624178336620e+01,2.414393195645519796e+01
1.648185195770220091e+01,2.437676698284724353e+01
1.650185767362103562e+01,2.511888204556582593e+01
1.652186338953986677e+01,2.554242949334489055e+01
1.654186910545870148e+01,2.547407975396577484e+01
1.656187482137753619e+01,2.669046964758940632e+01
1.658188053729637090e+01,2.613238931612709237e+01
1.660188625321520561e+01,2.634445112430422142e+01
1.662189196913404032e+01,2.735275357901690185e+01
1.664189768505287148e+01,2.790223587042268250e+01
1.666190340097170619e+01,2.726688533836933459e+01
1.668190911689054090e+01,2.809342669532933456e+01
1.670191483280937561e+01,2.804754273469064785e+01
1.672192054872820677e+01,2.822828682612629692e+01
1.674192626464704148e+01,2.842996049472511899e+01
1.676193198056587619e+01,2.871012896517354562e+01
1.678193769648471090e+01,2.852699020620241654e+01
1.680194341240354561e+01,2.912100506373638353e+01
1.682194912832238032e+01,2.859017839351649570e+01
1.684195484424121148e+01,2.811992709276623259e+01
1.686196056016004619e+01,2.822196675507122876e+01
1.688196627607888090e+01,2.898657816809109278e+01
1.690197199199771205e+01,2.835043523657109077e+01
1.692197770791654676e+01,2.795278187319382823e+01
1.694198342383538147e+01,2.809255992816428105e+01
1.696198913975421618e+01,2.753689134722391429e+01
1.698199485567305089e+01,2.716641493115605499e+01
1.700200057159188560e+01,2.750484818387035801e+01
1.702200628751071676e+01,2.681900601734500711e+01
1.704201200342955147e+01,2.549348799129982623e+01
1.706201771934838618e+01,2.562901569896856557e+01
1.708202343526722089e+01,2.493271479380753775e+01
1.710202915118605205e+01,2.467584338188332538e+01
1.712203486710488676e+01,2.395860286382082194e+01
1.714204058302372147e+01,2.320777991140496965e+01
1.716204629894255618e+01,2.270532891327451708e+01
1.718205201486139089e+01,2.278553584200738413e+01
1.720205773078022204e+01,2.189679668811004731e+01
1.722206344669905675e+01,2.114352138400393244e+01
1.724206916261789146e+01,2.044973767136798415e+01
1.726207487853672617e+01,2.007053775354952663e+01
1.728208059445555733e+01,1.906338904187788330e+01
1.730208631037439204e+01,1.929950124658703459e+01
1.732209202629322675e+01,1.834481561930851257e+01
1.734209774221206146e+01,1.783781833488424695e+01
1.736210345813089617e+01,1.710721709295772897e+01
1.738210917404973088e+01,1.644029640259272895e+01
1.740211488996856204e+01,1.625012783379921188e+01
1.742212060588739675e+01,1.627019827181921130e+01
1.744212632180623146e+01,1.528215269688752542e+01
1.746213203772506262e+01,1.523564858443741699e+01
1.748213775364389733e+01,1.387020543059410116e+01
1.750214346956273204e+01,1.456295108557077000e+01
1.752214918548156675e+01,1.323212013347686700e+01
1.754215490140040146e+01,1.294554312652676664e+01
1.756216061731923617e+01,1.329529018461911427e+01
1.758216633323806732e+01,1.206896616301402858e+01
1.760217204915690203e+01,1.241384098280488324e+01
1.762217776507573674e+01,1.182955570744315743e+01
1.764218348099457145e+01,1.174927339030139883e+01
1.766218919691340261e+01,1.084730277429240886e+01
1.768219491283223732e+01,1.121856047734034867e+01
1.770220062875107203e+01,1.038440961132212514e+01
1.772220634466990674e+01,1.088821927872848327e+01
1.774221206058874145e+01,1.033964316794610561e+01
1.776221777650757616e+01,1.139289272520407614e+01
1.778222349242640732e+01,1.035973453028613633e+01
1.780222920834524203e+01,1.023824050986252487e+01
1.782223492426407674e+01,1.101713675992771968e+01
1.784224064018290790e+01,1.082956037517338466e+01
1.786224635610174261e+01,9.409248833400672751e+00
1.788225207202057732e+01,1.054087043253778155e+01
1.790225778793941203e+01,1.004245903959538033e+01
1.792226350385824674e+01,9.773726607558655743e+00
1.794226921977708145e+01,9.956678163890774869e+00
1.796227493569591260e+01,9.037097802317301642e+00
1.798228065161474731e+01,1.020177423321399068e+01
1.800228636753358202e+01,9.952339461085292882e+00
1.802229208345241318e+01,1.017313058082463861e+01
1.804229779937124789e+01,9.861419662722406443e+00
1.806230351529008260e+01,1.078950254818613352e+01
1.808230923120891731e+01,9.967886431745117903e+00
1.810231494712775202e+01,1.038321510925088198e+01
1.812232066304658673e+01,9.857348163388241602e+00
1.814232637896542144e+01,1.031494045571542095e+01
1.816233209488425260e+01,1.107314231076052380e+01
1.818233781080308731e+01,1.085175629131679642e+01
1.820234352672191847e+01,1.060770330010524276e+01
1.822234924264075318e+01,1.180684625130797549e+01
1.824235495855958789e+01,1.044687486891420924e+01
1.826236067447842260e+01,1.072085564152330406e+01
1.828236639039725731e+01,1.120516525915150652e+01
1.830237210631609202e+01,1.175256759130375706e+01
1.832237782223492673e+01,1.221134996073449308e+01
1.834238353815375788e+01,1.244130620350304284e+01
1.836238925407259259e+01,1.185692952776746267e+01
1.838239496999142730e+01,1.277342616429215560e+01
1.840240068591025846e+01,1.273965046809795432e+01
1.842240640182909317e+01,1.352517455585128126e+01
1.844241211774792788e+01,1.279482828300468178e+01
1.846241783366676259e+01,1.392403618670786258e+01
1.848242354958559730e+01,1.442205363287453324e+01
1.850242926550443201e+01,1.435765741212097524e+01
1.852243498142326672e+01,1.465650845522764101e+01
1.854244069734209788e+01,1.549785214667855193e+01
1.856244641326093259e+01,1.604411985125976514e+01
1.858245212917976374e+01,1.568332044342333909e+01
1.860245784509859845e+01,1.605667632324161076e+01
1.862246356101743316e+01,1.658599903479311877e+01
1.864246927693626787e+01,1.740030571515776714e+01
1.866247499285510258e+01,1.793638824676230925e+01
1.868248070877393729e+01,1.832317915576427225e+01
1.870248642469277200e+01,1.879704876925380930e+01
1.872249214061160316e+01,1.990896669177195832e+01
1.874249785653043787e+01,2.016124150845733709e+01
1.876250357244927258e+01,1.948596325686338915e+01
1.878250928836810374e+01,2.103904813575809385e+01
1.880251500428693845e+01,2.168167012845188424e+01
1.882252072020577316e+01,2.199644936856210364e+01
1.884252643612460787e+01,2.270336965946559360e+01
1.886253215204344258e+01,2.325289149881761119e+01
1.888253786796227729e+01,2.352449323606031939e+01
1.890254358388111200e+01,2.483376467301060231e+01
1.892254929979994316e+01,2.515477120106837816e+01
1.894255501571877787e+01,2.596293736855753664e+01
1.896256073163760902e+01,2.695153883912808723e+01
1.898256644755644373e+01,2.768427299804197617e+01
1.900257216347527844e+01,2.850214489950039720e+01
1.902257787939411315e+01,2.928351374077993086e+01
1.904258359531294786e+01,2.962304837014723802e+01
1.906258931123178257e+01,2.992918527195834955e+01
1.908259502715061728e+01,3.120559649958806503e+01
1.910260074306944844e+01,3.259395226728594963e+01
1.912260645898828315e+01,3.366964418368202416e+01
1.914261217490711431e+01,3.389582098819836631e+01
1.916261789082594902e+01,3.453285666987486024e+01
1.918262360674478373e+01,3.614207436958818676e+01
1.920262932266361844e+01,3.719003525042054292e+01
1.922263503858245315e+01,3.826551686680038245e+01
1.924264075450128786e+01,3.871862596018674196e+01
1.926264647042012257e+01,4.020610457320894682e+01
1.928265218633895373e+01,4.045094786077581972e+01
1.930265790225778844e+01,4.200350669645045087e+01
1.932266361817662315e+01,4.287349480461199391e+01
1.934266933409545430e+01,4.421176690774595386e+01
1.936267505001428901e+01,4.477474980396400639e+01
1.938268076593312372e+01,4.586397220534258423e+01
1.940268648185195843e+01,4.620506620365305395e+01
1.942269219777079314e+01,4.784267075749868070e+01
1.944269791368962785e+01,4.877240680191621891e+01
1.946270362960846256e+01,4.940770804501286761e+01
1.948270934552729372e+01,5.013397281215187462e+01
1.950271506144612843e+01,5.157341288412443703e+01
1.952272077736495959e+01,5.220075891786714806e+01
1.954272649328379430e+01,5.318524442482281245e+01
1.956273220920262901e+01,5.313417104800210922e+01
1.958273792512146372e+01,5.373673716497880548e+01
1.960274364104029843e+01,5.519411237921041646e+01
1.962274935695913314e+01,5.439470365787122574e+01
1.964275507287796785e+01,5.546278300869700217e+01
1.966276078879679901e+01,5.599563753684011402e+01
1.968276650471563372e+01,5.714271900633582391e+01
1.970277222063446487e+01,5.644861143271349135e+01
1.972277793655329958e+01,5.672966953417616764e+01
1.974278365247213429e+01,5.708859408111625555e+01
1.976278936839096900e+01,5.796001392322948220e+01
1.978279508430980371e+01,5.770231384100088690e+01
1.980280080022863842e+01,5.790652036554757132e+01
1.982280651614747313e+01,5.735981161995495370e+01
1.984281223206630784e+01,5.831470655543707693e+01
1.986281794798513900e+01,5.780773280578956275e+01
1.988282366390397371e+01,5.696137780548229301e+01
1.990282937982280487e+01,5.668069919677078872e+01
1.992283509574163958e+01,5.733154818625242655e+01
1.994284081166047429e+01,5.645566136558942105e+01
1.996284652757930900e+01,5.524088459554533870e+01
1.998285224349814371e+01,5.609460292577257690e+01
2.000285795941697842e+01,5.486940130245606895e+01
2.002286367533581313e+01,5.391378815396559787e+01
2.004286939125464428e+01,5.397615859891183732e+01
2.006287510717347899e+01,5.319494481235243910e+01
2.008288082309231015e+01,5.305019226104999319e+01
2.010288653901114486e+01,5.291105329702268989e+01
2.012289225492997957e+01,5.135339387066643013e+01
2.014289797084881428e+01,5.195595852220923661e+01
2.016290368676764899e+01,5.146412899389496687e+01
2.018290940268648370e+01,5.082822071555088428e+01
2.020291511860531841e+01,5.055507470795414093e+01
2.022292083452414957e+01,5.117898513227329005e+01
2.024292655044298428e+01,5.010814361687791774e+01
2.026293226636181899e+01,5.058307842159678813e+01
2.028293798228065015e+01,5.037753448149791780e+01
2.030294369819948486e+01,5.028263107468255555e+01
2.032294941411831957e+01,5.112675994603517182e+01
2.034295513003715428e+01,5.042842173407782269e+01
2.036296084595598899e+01,5.039364415072355285e+01
2.038296656187482370e+01,5.148307487958597051e+01
2.040297227779365841e+01,5.190645565302679643e+01
2.042297799371248956e+01,5.205250609571230314e+01
2.044298370963132427e+01,5.107220203454443208e+01
2.046298942555015543e+01,5.089652049742392848e+01
2.048299514146899014e+01,5.180486457827148428e+01
2.050300085738782485e+01,5.105658689432281250e+01
2.052300657330665956e+01,5.170063259815507450e+01
2.054301228922549427e+01,5.165316039306652129e+01
2.056301800514432898e+01,5.181263906637128258e+01
2.058302372106316369e+01,5.086324897448574234e+01
2.060302943698199485e+01,5.114527590272795265e+01
2.062303515290082956e+01,5.127700150324299244e+01
2.064304086881966072e+01,5.085647289081650513e+01
2.066304658473849543e+01,5.015174163956112352e+01
2.068305230065733014e+01,4.941692892001002235e+01
2.070305801657616485e+01,4.813447908804796782e+01
2.072306373249499956e+01,4.811639945874817670e+01
2.074306944841383427e+01,4.773598279705409198e+01
2.076307516433266898e+01,4.693387774338599883e+01
2.078308088025150369e+01,4.633312260863996102e+01
2.080308659617033484e+01,4.605484399307351850e+01
2.082309231208916955e+01,4.422978142832440795e+01
2.084309802800800071e+01,4.472562065747727900e+01
2.086310374392683542e+01,4.276121796377066175e+01
2.088310945984567013e+01,4.227685598325923166e+01
2.090311517576450484e+01,4.228212078292072107e+01
2.092312089168333955e+01,4.068261497271786453e+01
2.094312660760217426e+01,4.040055999750831006e+01
2.096313232352100897e+01,3.920302025656305034e+01
2.098313803943984013e+01,3.836182338858566254e+01
2.100314375535867484e+01,3.810290471199625983e+01
2.102314947127750600e+01,3.750814225440635141e+01
2.104315518719634071e+01,3.724988732374660572e+01
2.106316090311517542e+01,3.564394332488314632e+01
2.108316661903401013e+01,3.603175237283098653e+01
2.110317233495284484e+01,3.500566218375120542e+01
2.112317805087167955e+01,3.360601730405380749e+01
2.114318376679051426e+01,3.392253159846519139e+01
2.116318948270934541e+01,3.312552288847815873e+01
2.118319519862818012e+01,3.249691895712887657e+01
2.120320091454701483e+01,3.211992213975203470e+01
2.122320663046584599e+01,3.189344175386165503e+01
2.124321234638468070e+01,3.183165905353601488e+01
2.126321806230351541e+01,3.108299135526023349e+01
2.128322377822235012e+01,3.137252795069736067e+01
2.130322949414118483e+01,3.063485124903595747e+01
2.132323521006001954e+01,3.043534636927989823e+01
2.134324092597885425e+01,2.944640088883992135e+01
2.136324664189768541e+01,2.972143292861814245e+01
2.138325235781652012e+01,2.986175642612361969e+01
2.140325807373535127e+01,2.879668831209539093e+01
2.142326378965418598e+01,2.950099739255430364e+01
2.144326950557302069e+01,2.909198728793995414e+01
2.146327522149185540e+01,2.818919781147376113e+01
2.148328093741069011e+01,2.823903686826191972e+01
2.150328665332952482e+01,2.786835349742910495e+01
2.152329236924835953e+01,2.809752291223319531e+01
2.154329808516719069e+01,2.662159616157128283e+01
2.156330380108602540e+01,2.699869498893378150e+01
2.158330951700485656e+01,2.660014969780377925e+01
2.160331523292369127e+01,2.634375491564049554e+01
2.162332094884252598e+01,2.605388330899312166e+01
2.164332666476136069e+01,2.626070980348280770e+01
2.166333238068019540e+01,2.576288269133462094e+01
2.168333809659903011e+01,2.520195945836038121e+01
2.170334381251786482e+01,2.534375633089848279e+01
2.172334952843669598e+01,2.380604013334614422e+01
2.174335524435553069e+01,2.460151148542649224e+01
2.176336096027436540e+01,2.342851663381419058e+01
2.178336667619319655e+01,2.365808680240138528e+01
2.180337239211203126e+01,2.283350025480939394e+01
2.182337810803086597e+01,2.273628619832321007e+01
2.184338382394970068e+01,2.245035001167334343e+01
2.186338953986853539e+01,2.168375527746713871e+01
2.188339525578737010e+01,2.158559094348239071e+01
2.190340097170620481e+01,2.082632374023557986e+01
2.192340668762503597e+01,2.068419966015783729e+01
2.194341240354387068e+01,2.014219183863744789e+01
2.196341811946270184e+01,1.955264441337896741e+01
2.198342383538153655e+01,1.903351781630176376e+01
2.200342955130037126e+01,1.877872404569270159e+01
2.202343526721920597e+01,1.893042130620622032e+01
2.204344098313804068e+01,1.827354995651078085e+01
2.206344669905687539e+01,1.776971810684239017e+01
2.208345241497571010e+01,1.760327391668288044e+01
2.210345813089454126e+01,1.739259085045363662e+01
2.212346384681337597e+01,1.667743039825672113e+01
2.214346956273221068e+01,1.652597124883891055e+01
2.216347527865104183e+01,1.619825928156950923e+01
2.218348099456987654e+01,1.651303909687965543e+01
2.220348671048871125e+01,1.589720740335071625e+01
2.222349242640754596e+01,1.522546923384166284e+01
2.224349814232638067e+01,1.495230939515160351e+01
2.226350385824521538e+01,1.502900532613211126e+01
2.228350957416405009e+01,1.441905653818786526e+01
2.230351529008288125e+01,1.433364406776937372e+01
2.232352100600171596e+01,1.462541704951481236e+01
2.234352672192054712e+01,1.405121550819051457e+01
2.236353243783938183e+01,1.418330326089569837e+01
2.238353815375821654e+01,1.428507072740469575e+01
2.240354386967705125e+01,1.418652899764457231e+01
2.242354958559588596e+01,1.414995050414732347e+01
2.244355530151472067e+01,1.437990775237558339e+01
2.246356101743355538e+01,1.395877740199395767e+01
2.248356673335238654e+01,1.358589151668920003e+01
2.250357244927122125e+01,1.391812235903977601e+01
2.252357816519005240e+01,1.414704440200445035e+01
2.254358388110888711e+01,1.409873789208290873e+01
2.256358959702772182e+01,1.459239906713646562e+01
2.258359531294655653e+01,1.376303765945889346e+01
2.260360102886539124e+01,1.495266005498448791e+01
2.262360674478422595e+01,1.505629626603439952e+01
2.264361246070306066e+01,1.476507375267958722e+01
2.266361817662189182e+01,1.555453278669174466e+01
2.268362389254072653e+01,1.487856827762684020e+01
2.270362960845956124e+01,1.581729357628942800e+01
2.272363532437839240e+01,1.584634452218739931e+01
2.274364104029722711e+01,1.621642588046261224e+01
2.276364675621606182e+01,1.621468046633854954e+01
2.278365247213489653e+01,1.645461060554962884e+01
2.280365818805373124e+01,1.628230277560908945e+01
2.282366390397256595e+01,1.717679968574945448e+01
2.284366961989140066e+01,1.789325619678692547e+01
2.286367533581023181e+01,1.748881354535108201e+01
2.288368105172906652e+01,1.767046123321765094e+01
2.290368676764789768e+01,1.733062493048099739e+01
2.292369248356673239e+01,1.824895410589495626e+01
2.294369819948556710e+01,1.803553901237685864e+01
2.296370391540440181e+01,1.841862929689225581e+01
2.298370963132323652e+01,1.899795999442902072e+01
2.300371534724207123e+01,1.940473064174916118e+01
2.302372106316090594e+01,1.938002267986799865e+01
2.304372677907973710e+01,2.027141851419276364e+01
2.306373249499857181e+01,2.028790271296831804e+01
2.308373821091740652e+01,2.014191930629167260e+01
2.310374392683623768e+01,2.093663493523832386e+01
2.312374964275507239e+01,2.082159544312737864e+01
2.314375535867390710e+01,2.119136253121746805e+01
2.316376107459274181e+01,2.068123283391163625e+01
2.318376679051157652e+01,2.103291633014036677e+01
2.320377250643041123e+01,2.151776519129287379e+01
2.322377822234924594e+01,2.084648767341464293e+01
2.324378393826807709e+01,2.169322670902997885e+01
2.326378965418691180e+01,2.157549299900467332e+01
2.328379537010574296e+01,2.156828757852082745e+01
2.330380108602457767e+01,2.093579734346874943e+01
2.332380680194341238e+01,2.128036673544579571e+01
2.334381251786224709e+01,2.136924187731969482e+01
2.336381823378108180e+01,2.154572447158651016e+01
2.338382394969991651e+01,2.142173249327860418e+01
2.340382966561875122e+01,2.129655338705954648e+01
2.342383538153758238e+01,2.119503798158186214e+01
2.344384109745641709e+01,2.129418788207609836e+01
2.346384681337524825e+01,2.040289421351511123e+01
2.348385252929408296e+01,2.095393034323698345e+01
2.350385824521291767e+01,2.059903629147373749e+01
2.352386396113175238e+01,2.001121304426374792e+01
2.354386967705058709e+01,2.031215241088739631e+01
2.356387539296942180e+01,1.999773823204110101e+01
2.358388110888825651e+01,1.976596493085971673e+01
2.360388682480708766e+01,1.915394610678533738e+01
2.362389254072592237e+01,1.959668355386065386e+01
2.364389825664475708e+01,1.814512346908864870e+01
2.366390397256358824e+01,1.823880472841892697e+01
2.368390968848242295e+01,1.830722179289545792e+01
2.370391540440125766e+01,1.827736674997952093e+01
2.372392112032009237e+01,1.708125536623031593e+01
2.374392683623892708e+01,1.746609508436127101e+01
2.376393255215776179e+01,1.665842013333213956e+01
2.378393826807659650e+01,1.596397470428602006e+01
2.380394398399542766e+01,1.697968055877108995e+01
2.382394969991426237e+01,1.588294578506060617e+01
2.384395541583309353e+01,1.527897448763300403e+01
2.386396113175192824e+01,1.655366046437222849e+01
2.388396684767076295e+01,1.541964273082398407e+01
2.390397256358959766e+01,1.505158126960699505e+01
2.392397827950843237e+01,1.513148993780155038e+01
2.394398399542726708e+01,1.464814376292181564e+01
2.396398971134610179e+01,1.496398293000706303e+01
2.398399542726493294e+01,1.493615730132092878e+01
2.400400114318376765e+01,1.478681877286030932e+01
2.402400685910260236e+01,1.528382753619861845e+01
2.404401257502143352e+01,1.427833888382066796e+01
2.406401829094026823e+01,1.479463801092687092e+01
2.408402400685910294e+01,1.534089653914786311e+01
2.410402972277793765e+01,1.448253202723589084e+01
2.412403543869677236e+01,1.525672294795710116e+01
2.414404115461560707e+01,1.406162070796336394e+01
2.416404687053444178e+01,1.481687709234884665e+01
2.418405258645327294e+01,1.475012381469353961e+01
2.420405830237210765e+01,1.428547058256087610e+01
2.422406401829093880e+01,1.536093765322594251e+01
2.424406973420977351e+01,1.609414967624038439e+01
2.426407545012860822e+01,1.615961267739572449e+01
2.428408116604744293e+01,1.645757991171457846e+01
2.430408688196627764e+01,1.578424206704197985e+01
2.432409259788511235e+01,1.674027179134743193e+01
2.434409831380394706e+01,1.587294047552627774e+01
2.436410402972277822e+01,1.713905218409907505e+01
2.438410974564161293e+01,1.641725952695267665e+01
2.440411546156044409e+01,1.716813599536666146e+01
2.442412117747927880e+01,1.822899339262989571e+01
2.444412689339811351e+01,1.801852154172821585e+01
2.446413260931694822e+01,1.835904106617912745e+01
2.448413832523578293e+01,1.895653817165854704e+01
2.450414404115461764e+01,1.862061549797135385e+01
2.452414975707345235e+01,1.954615699624261538e+01
2.454415547299228351e+01,1.909141009205406903e+01
2.456416118891111822e+01,2.035015179667755447e+01
2.458416690482995293e+01,2.136832662181116760e+01
2.460417262074878408e+01,2.086880543815924227e+01
2.462417833666761879e+01,2.056939446499544033e+01
2.464418405258645350e+01,2.186354461137996807e+01
2.466418976850528821e+01,2.170313669413841851e+01
2.468419548442412292e+01,2.155028404913459283e+01
2.470420120034295763e+01,2.255852734824921413e+01
2.472420691626179234e+01,2.237743994036471662e+01
2.474421263218062350e+01,2.327446832313886205e+01
2.476421834809945821e+01,2.299151760762913099e+01
2.478422406401828937e+01,2.427242382583446911e+01
2.480422977993712408e+01,2.395269276169384653e+01
2.482423549585595879e+01,2.413755366315727358e+01
2.484424121177479350e+01,2.324916457291103455e+01
2.486424692769362821e+01,2.476714643868829313e+01
2.488425264361246292e+01,2.490314966452780610e+01
2.490425835953129763e+01,2.417328913906881027e+01
2.492426407545012879e+01,2.475098745378152643e+01
2.494426979136896350e+01,2.474665380374212731e+01
2.496427550728779821e+01,2.445741709459339930e+01
2.498428122320662936e+01,2.411679687669687056e+01
2.500428693912546407e+01,2.459314828614105153e+01
2.502429265504429878e+01,2.466551131220048987e+01
2.504429837096313349e+01,2.518140366992112433e+01
2.506430408688196820e+01,2.397630383274454147e+01
2.508430980280080291e+01,2.431139318929709603e+01
2.510431551871963762e+01,2.431496816659586813e+01
2.512432123463846878e+01,2.436642278017606600e+01
2.514432695055730349e+01,2.400629252914099254e+01
2.516433266647613465e+01,2.493667789112006972e+01
2.518433838239496936e+01,2.416434488061731400e+01
2.520434409831380407e+01,2.420567057284283408e+01
2.522434981423263878e+01,2.398508058860245029e+01
2.524435553015147349e+01,2.250092526052219100e+01
2.526436124607030820e+01,2.275122982112119274e+01
2.528436696198914291e+01,2.179189518413187798e+01
2.530437267790797407e+01,2.196904670250119906e+01
2.532437839382680878e+01,2.197384513470817069e+01
2.534438410974563993e+01,2.160320520035840985e+01
2.536438982566447464e+01,2.135459882713387714e+01
2.538439554158330935e+01,2.092340618354078075e+01
2.540440125750214406e+01,1.979221810073285681e+01
2.542440697342097877e+01,1.963855277751835970e+01
2.544441268933981348e+01,2.015216314035031786e+01
2.546441840525864819e+01,1.911468526928784684e+01
2.548442412117747935e+01,1.834704988782276303e+01
2.550442983709631406e+01,1.786771223342053716e+01
2.552443555301514877e+01,1.761412909144635819e+01
2.554444126893397993e+01,1.683195862106164498e+01
2.556444698485281464e+01,1.687982636791709723e+01
2.558445270077164935e+01,1.663823448817396411e+01
2.560445841669048406e+01,1.667382156549058791e+01
2.562446413260931877e+01,1.580452239820835203e+01
2.564446984852815348e+01,1.576724977202872680e+01
2.566447556444698819e+01,1.498563519599478866e+01
2.568448128036581934e+01,1.420134853076298675e+01
2.570448699628465405e+01,1.493847567260230491e+01
2.572449271220348521e+01,1.515966096927528994e+01
2.574449842812231992e+01,1.437021492288764435e+01
2.576450414404115463e+01,1.478347407741839348e+01
2.578450985995998934e+01,1.450915583299575928e+01
2.580451557587882405e+01,1.402369713470265467e+01
2.582452129179765876e+01,1.447457102720237110e+01
2.584452700771649347e+01,1.497353747932058710e+01
2.586453272363532463e+01,1.474702850860156644e+01
2.588453843955415934e+01,1.509793585909717173e+01
2.590454415547299405e+01,1.473211678957913584e+01
2.592454987139182521e+01,1.529585949783110266e+01
2.594455558731065992e+01,1.567922734251399675e+01
2.596456130322949463e+01,1.543724799938751602e+01
2.598456701914832934e+01,1.541379957172084758e+01
2.600457273506716405e+01,1.547356433298964440e+01
2.602457845098599520e+01,1.625834236257250609e+01
2.604458416690482991e+01,1.633815830987013129e+01
2.606458988282366462e+01,1.659923750988933833e+01
2.608459559874249933e+01,1.734238570705710458e+01
2.610460131466133404e+01,1.746305424602710943e+01
2.612460703058016520e+01,1.809725189744696294e+01
2.614461274649899991e+01,1.719005823688446100e+01
2.616461846241783462e+01,1.835924740147196843e+01
2.618462417833666933e+01,1.821200013649032812e+01
2.620462989425550404e+01,1.828532529966730280e+01
2.622463561017433520e+01,1.909986004855616670e+01
2.624464132609316991e+01,1.959430571861267367e+01
2.626464704201200462e+01,1.973100724977457077e+01
2.628465275793083933e+01,2.030917345999121437e+01
2.630465847384967049e+01,2.102638463523518908e+01
2.632466418976850520e+01,2.138237768215416423e+01
2.634466990568733991e+01,2.134027552990575316e+01
2.636467562160617462e+01,2.141199086867052159e+01
2.638468133752500933e+01,2.221311956718358260e+01
2.640468705344384048e+01,2.205441375218984490e+01
2.642469276936267519e+01,2.294587219872507688e+01
2.644469848528150990e+01,2.293681081191390092e+01
2.646470420120034461e+01,2.352236229548137203e+01
2.648470991711917932e+01,2.450644529167830399e+01
2.650471563303801048e+01,2.472864878043688464e+01
2.652472134895684519e+01,2.456756707371700088e+01
2.654472706487567990e+01,2.517655752818429704e+01
2.656473278079451461e+01,2.524199171137414766e+01
2.658473849671334932e+01,2.544325056271393848e+01
2.660474421263218048e+01,2.492523598455408518e+01
2.662474992855101519e+01,2.568990608110588880e+01
2.664475564446984990e+01,2.569400568629905734e+01
2.666476136038868461e+01,2.596311079675768951e+01
2.668476707630751577e+01,2.581393469029429610e+01
2.670477279222635048e+01,2.610626136093372551e+01
2.672477850814518519e+01,2.622746016540638436e+01
2.674478422406401990e+01,2.673063220269656171e+01
2.676478993998285461e+01,2.646015752373618568e+01
2.678479565590168576e+01,2.742000270961698405e+01
2.680480137182052047e+01,2.665496130388302731e+01
2.682480708773935518e+01,2.605482817822542430e+01
2.684481280365818989e+01,2.723734162984580820e+01
2.686481851957702460e+01,2.600528258372147405e+01
2.688482423549585576e+01,2.677685401115585506e+01
2.690482995141469047e+01,2.655712387918576667e+01
2.692483566733352518e+01,2.655661825998519987e+01
2.694484138325235989e+01,2.586232720755450032e+01
2.696484709917119105e+01,2.485702654014937707e+01
2.698485281509002576e+01,2.457462185806358690e+01
2.700485853100886047e+01,2.436976277193355855e+01
2.702486424692769518e+01,2.359195079835559383e+01
2.704486996284652989e+01,2.207176246171723832e+01
2.706487567876536104e+01,2.155118968641237842e+01
2.708488139468419575e+01,2.116468908421042983e+01
2.710488711060303046e+01,1.977777782457165046e+01
2.712489282652186517e+01,1.888371689470989523e+01
2.714489854244069988e+01,1.814397186407938278e+01
2.716490425835953104e+01,1.760612594806347886e+01
2.718490997427836575e+01,1.681367312048533336e+01
2.720491569019720046e+01,1.615557038454145200e+01
2.722492140611603517e+01,1.468704197824580682e+01
2.724492712203486633e+01,1.515308751567556911e+01
2.726493283795370104e+01,1.447580078586060282e+01
2.728493855387253575e+01,1.368376727685998162e+01
2.730494426979137046e+01,1.357406782923190924e+01
2.732494998571020517e+01,1.263629123778722274e+01
2.734495570162903633e+01,1.237844477180723146e+01
2.736496141754787104e+01,1.222146468015759879e+01
2.738496713346670575e+01,1.121233328895253933e+01
2.740497284938554046e+01,1.098468310624272348e+01
2.742497856530437517e+01,1.123608507337745976e+01
2.744498428122320632e+01,1.154819363060401116e+01
2.746498999714204103e+01,1.126647124209723216e+01
2.748499571306087574e+01,1.199272855243316371e+01
2.750500142897971045e+01,1.187610422109244368e+01
2.752500714489854516e+01,1.125018156950272008e+01
2.754501286081737632e+01,1.160273939764590168e+01
2.756501857673621103e+01,1.140340395619047342e+01
2.758502429265504574e+01,1.175250626182772251e+01
2.760503000857388045e+01,1.148383058746622254e+01
2.762503572449271161e+01,1.239588932193651871e+01
2.764504144041154632e+01,1.185888709523477047e+01
2.766504715633038103e+01,1.229930535211140707e+01
2.768505287224921574e+01,1.321635881129555301e+01
2.770505858816805045e+01,1.269747533772859072e+01
2.772506430408688161e+01,1.286940684629789011e+01
2.774507002000571632e+01,1.344760409723483718e+01
2.776507573592455103e+01,1.416928127019381023e+01
2.778508145184338574e+01,1.410100596313752952e+01
2.780508716776222045e+01,1.374901350529949440e+01
2.782509288368105160e+01,1.480743559961990385e+01
2.784509859959988631e+01,1.506934717876536212e+01
2.786510431551872102e+01,1.518921887001324933e+01
2.788511003143755573e+01,1.588408761020675186e+01
2.790511574735638689e+01,1.698916939510667845e+01
2.792512146327522160e+01,1.700445266115697507e+01
2.794512717919405631e+01,1.721438284245002848e+01
2.796513289511289102e+01,1.828762660638028947e+01
2.798513861103172573e+01,1.788219293319348324e+01
2.800514432695055689e+01,1.843172361412650417e+01
2.802515004286939160e+01,1.823312483084765745e+01
2.804515575878822631e+01,1.935914598971125855e+01
2.806516147470706102e+01,2.060591179362727132e+01
2.808516719062589573e+01,2.068274136361748106e+01
2.810517290654472689e+01,2.122353588377225009e+01
2.812517862246356160e+01,2.154052724370365723e+01
2.814518433838239631e+01,2.131141944473912275e+01
2.816519005430123102e+01,2.151193504589475225e+01
2.818519577022006217e+01,2.248723487862132586e+01
2.820520148613889688e+01,2.217644215717104217e+01
2.822520720205773159e+01,2.302860420199489866e+01
2.824521291797656630e+01,2.234008257775671069e+01
2.826521863389540101e+01,2.294584621748952813e+01
2.828522434981423217e+01,2.249848455521208024e+01
2.830523006573306688e+01,2.294758703723562832e+01
2.832523578165190159e+01,2.327865065610075845e+01
2.834524149757073630e+01,2.240137543398765985e+01
2.836524721348957101e+01,2.199018663528592299e+01
2.838525292940840217e+01,2.235708615796205834e+01
2.840525864532723688e+01,2.163597379585807090e+01
2.842526436124607159e+01,2.023397993883151003e+01
2.844527007716490630e+01,1.990017627407178225e+01
2.846527579308374101e+01,1.883933224994357403e+01
2.848528150900257216e+01,1.878754916890195403e+01
2.850528722492140687e+01,1.844938318912295472e+01
2.852529294084024158e+01,1.729309837235362579e+01
2.854529865675907629e+01,1.736332269557601293e+01
2.856530437267790745e+01,1.624512265814518841e+01
2.858531008859674216e+01,1.517917695771390640e+01
2.860531580451557687e+01,1.503724231104466469e+01
2.862532152043441158e+01,1.458834278872215862e+01
2.864532723635324629e+01,1.380619325349670490e+01
2.866533295227207745e+01,1.430705462243063764e+01
2.868533866819091216e+01,1.304378393744777931e+01
2.870534438410974687e+01,1.269583089658315700e+01
2.872535010002858158e+01,1.257825730606254311e+01
2.874535581594741629e+01,1.139172686107900390e+01
2.876536153186624745e+01,1.171130852268156985e+01
2.878536724778508216e+01,1.190279220651774850e+01
2.880537296370391687e+01,1.125153056087058445e+01
2.882537867962275158e+01,1.175673582793171867e+01
2.884538439554158273e+01,1.189697380407210758e+01
2.886539011146041744e+01,1.127791501197788548e+01
2.888539582737925215e+01,1.105807793024735730e+01
2.890540154329808686e+01,1.222686359824591662e+01
2.892540725921692157e+01,1.085483548562292988e+01
2.894541297513575273e+01,1.183735375693930791e+01
2.896541869105458744e+01,1.143810107828567624e+01
2.898542440697342215e+01,1.182748049847687000e+01
2.900543012289225686e+01,1.228197843537865808e+01
2.902543583881109157e+01,1.188972036522029896e+01
2.904544155472992273e+01,1.189911176145664840e+01
2.906544727064875744e+01,1.245272971344798307e+01
2.908545298656759215e+01,1.328540816385502765e+01
2.910545870248642686e+01,1.277451006742207973e+01
2.912546441840525802e+01,1.348968036260762204e+01
2.914547013432409273e+01,1.388892815600520692e+01
2.916547585024292744e+01,1.367226816670473966e+01
2.918548156616176215e+01,1.455717043634546037e+01
2.920548728208059686e+01,1.458609392106506597e+01
2.922549299799942801e+01,1.498496587491230159e+01
2.924549871391826272e+01,1.557155000236355846e+01
2.926550442983709743e+01,1.542467970708772995e+01
2.928551014575593214e+01,1.640656044863629859e+01
2.930551586167476685e+01,1.627950514691718809e+01
2.932552157759359801e+01,1.730748250924069964e+01
2.934552729351243272e+01,1.767770773989468225e+01
2.936553300943126743e+01,1.874340184216173455e+01
2.938553872535010214e+01,1.945220308039652224e+01
2.940554444126893330e+01,1.976493009130092560e+01
2.942555015718776801e+01,2.044413784221695352e+01
2.944555587310660272e+01,2.126313092252110692e+01
2.946556158902543743e+01,2.266615293206715265e+01
2.948556730494427214e+01,2.259117991917673862e+01
2.950557302086310330e+01,2.338770838995863599e+01
2.952557873678193801e+01,2.436449605439947774e+01
2.954558445270077272e+01,2.554934783692915801e+01
2.956559016861960743e+01,2.507919019930933047e+01
2.958559588453844214e+01,2.677593416575540886e+01
2.960560160045727329e+01,2.648794383560169763e+01
2.962560731637610800e+01,2.765524456991467872e+01
2.964561303229494271e+01,2.789460819672560632e+01
2.966561874821377742e+01,2.879345733655465978e+01
2.968562446413261213e+01,2.934483127812139358e+01
2.970563018005144329e+01,2.861617170113229491e+01
2.972563589597027800e+01,2.901185862167301721e+01
2.974564161188911271e+01,2.939869536126145277e+01
2.976564732780794742e+01,2.872529949155799756e+01
2.978565304372677858e+01,2.862371153808770075e+01
2.980565875964561329e+01,2.765221667152597718e+01
2.982566447556444800e+01,2.778254026844381031e+01
2.984567019148328271e+01,2.761034589110714421e+01
2.986567590740211742e+01,2.645440912987385218e+01
2.988568162332094857e+01,2.712619105408666798e+01
2.990568733923978328e+01,2.669055906264232192e+01
2.992569305515861799e+01,2.551509275968562207e+01
2.994569877107745270e+01,2.532970634480711780e+01
2.996570448699628741e+01,2.462119790450572054e+01
2.998571020291511857e+01,2.460351274344954930e+01
3.000571591883395328e+01,2.381436365668511002e+01
3.002572163475278799e+01,2.373166672500293117e+01
3.004572735067162270e+01,2.230946353525112258e+01
3.006573306659045386e+01,2.155294852990972387e+01
3.008573878250928857e+01,2.103629575188602274e+01
3.010574449842812328e+01,2.046335868117121848e+01
3.012575021434695799e+01,2.086802939025730552e+01
3.014575593026579270e+01,1.937204744206594498e+01
3.016576164618462386e+01,1.931106785203662213e+01
3.018576736210345857e+01,1.844716457290444112e+01
3.020577307802229328e+01,1.756187601477707361e+01
3.022577879394112799e+01,1.754350629781905013e+01
3.024578450985996270e+01,1.687668461471663051e+01
3.026579022577879385e+01,1.586611321263549357e+01
3.028579594169762856e+01,1.622816745103821390e+01
3.030580165761646327e+01,1.606434817412574745e+01
3.032580737353529798e+01,1.634258095507214747e+01
3.034581308945412914e+01,1.620580795536362473e+01
3.036581880537296385e+01,1.543574353810534561e+01
3.038582452129179856e+01,1.668617333941820391e+01
3.040583023721063327e+01,1.636671104870552185e+01
3.042583595312946798e+01,1.612169496898158627e+01
3.044584166904829914e+01,1.743994949786246806e+01
3.046584738496713385e+01,1.698952363665679499e+01
3.048585310088596856e+01,1.807369156729991744e+01
3.050585881680480327e+01,1.835939957084875829e+01
3.052586453272363798e+01,1.871522294272292442e+01
3.054587024864246914e+01,1.990287075890762836e+01
3.056587596456130385e+01,2.009631695841579457e+01
3.058588168048013856e+01,2.142847716912181966e+01
3.060588739639897327e+01,2.106209193730636997e+01
3.062589311231780798e+01,2.320071060758408521e+01
3.064589882823663913e+01,2.368677699350564225e+01
3.066590454415547384e+01,2.560270945021924760e+01
3.068591026007430855e+01,2.543279471865897534e+01
3.070591597599314326e+01,2.741934453163320384e+01
3.072592169191197442e+01,2.824705947449911747e+01
3.074592740783080913e+01,3.007542957132942618e+01
3.076593312374964384e+01,3.102719376933864126e+01
3.078593883966847855e+01,3.235293435207381663e+01
3.080594455558731326e+01,3.340976821647250716e+01
3.082595027150614442e+01,3.537708838231565522e+01
3.084595598742497913e+01,3.745085705888069327e+01
3.086596170334381384e+01,3.904799670769224207e+01
3.088596741926264855e+01,4.065122437802733657e+01
3.090597313518148326e+01,4.249671949353097489e+01
3.092597885110031442e+01,4.432186685624245115e+01
3.094598456701914913e+01,4.593940005054481190e+01
3.096599028293798384e+01,4.816105975741925249e+01
3.098599599885681855e+01,4.963004080094700754e+01
3.100600171477564970e+01,5.020910194901777146e+01
3.102600743069448441e+01,5.197013755269071567e+01
3.104601314661331912e+01,5.281674982422076425e+01
3.106601886253215383e+01,5.345073611765240429e+01
3.108602457845098854e+01,5.406518390330953139e+01
3.110603029436981970e+01,5.468818594778645803e+01
3.112603601028865441e+01,5.401236648612973568e+01
3.114604172620748912e+01,5.399463839200155491e+01
3.116604744212632383e+01,5.303749510726877503e+01
3.118605315804515854e+01,5.177945539685395460e+01
3.120605887396398970e+01,5.007448371227385309e+01
3.122606458988282441e+01,4.775388505976558662e+01
3.124607030580165912e+01,4.659479882928464889e+01
3.126607602172049383e+01,4.423953581392921564e+01
3.128608173763932498e+01,4.173218390089575536e+01
3.130608745355815969e+01,3.968447915499802292e+01
3.132609316947699440e+01,3.736790326840436194e+01
3.134609888539582911e+01,3.459356847048327666e+01
3.136610460131466382e+01,3.227273064262085711e+01
3.138611031723349498e+01,3.004062494830873220e+01
3.140611603315232969e+01,2.785774911742623061e+01
3.142612174907116440e+01,2.670178185433314866e+01
3.144612746498999911e+01,2.367714265052924105e+01
3.146613318090883382e+01,2.267660633184497954e+01
3.148613889682766498e+01,2.065236924468330670e+01
3.150614461274649969e+01,1.893506639116545998e+01
3.152615032866533440e+01,1.743373120974230517e+01
3.154615604458416911e+01,1.767113454634279535e+01
3.156616176050300382e+01,1.555620545352833872e+01
3.158616747642183498e+01,1.527481077238380891e+01
3.160617319234066969e+01,1.367643391313027124e+01
3.162617890825950440e+01,1.393452318155302727e+01
3.164618462417833911e+01,1.307725121139307944e+01
3.166619034009717026e+01,1.238060367325311262e+01
3.168619605601600497e+01,1.320654009923687155e+01
3.170620177193483968e+01,1.293337552983608063e+01
3.172620748785367439e+01,1.232839035550883011e+01
3.174621320377250910e+01,1.240616622899538868e+01
3.176621891969134026e+01,1.153246318204017840e+01
3.178622463561017497e+01,1.149941837982333936e+01
3.180623035152900968e+01,1.147686985643595214e+01
3.182623606744784439e+01,1.200720357947796657e+01
3.184624178336667910e+01,1.214661296027418480e+01
3.186624749928551026e+01,1.180780503442221274e+01
3.188625321520434497e+01,1.212983051773478849e+01
3.190625893112317968e+01,1.180243041456442832e+01
3.192626464704201439e+01,1.223441388636817351e+01
3.194627036296084555e+01,1.210337117099977888e+01
3.196627607887968026e+01,1.265514236609701548e+01
3.198628179479851497e+01,1.269899691737079550e+01
3.200628751071734968e+01,1.226111030805893343e+01
3.202629322663618439e+01,1.288824116308841461e+01
3.204629894255501199e+01,1.298762313077165587e+01
3.206630465847385381e+01,1.281356360775919079e+01
3.208631037439268141e+01,1.420855575583865971e+01
3.210631609031152323e+01,1.446678053784357942e+01
3.212632180623035083e+01,1.505259656846288863e+01
3.214632752214918554e+01,1.453920455074908347e+01
3.216633323806802025e+01,1.444660059249467565e+01
3.218633895398685496e+01,1.538313999435583312e+01
3.220634466990568967e+01,1.593641962068909024e+01
3.222635038582451728e+01,1.497631332820798278e+01
3.224635610174335909e+01,1.503159637055799003e+01
3.226636181766218670e+01,1.602894014147708290e+01
3.228636753358102851e+01,1.625668799703322520e+01
3.230637324949985612e+01,1.589130685158894352e+01
3.232637896541869083e+01,1.630864041201645165e+01
3.234638468133752554e+01,1.685642451787821727e+01
3.236639039725636025e+01,1.712631099147484548e+01
3.238639611317519496e+01,1.713931891555484555e+01
3.240640182909402967e+01,1.700851362128763355e+01
3.242640754501286438e+01,1.689950003896915831e+01
3.244641326093169198e+01,1.719769788935825261e+01
3.246641897685053380e+01,1.714983201176281113e+01
3.248642469276936140e+01,1.770305802357628622e+01
3.250643040868819611e+01,1.790715093300394756e+01
3.252643612460703082e+01,1.775800675451876032e+01
3.254644184052586553e+01,1.817987466700597565e+01
3.256644755644470024e+01,1.803573178708423796e+01
3.258645327236353495e+01,1.720412289709682341e+01
3.260645898828236966e+01,1.768036157379975393e+01
3.262646470420119726e+01,1.825344856489667578e+01
3.264647042012003908e+01,1.741526058941949628e+01
3.266647613603886668e+01,1.778326426928906301e+01
3.268648185195770850e+01,1.686701005348748339e+01
3.270648756787653610e+01,1.755156582693346579e+01
3.272649328379537081e+01,1.684943210552854964e+01
3.274649899971420552e+01,1.705989545558267650e+01
3.276650471563304023e+01,1.650863140259028228e+01
3.278651043155187494e+01,1.573388954364423675e+01
3.280651614747070255e+01,1.614488360322866711e+01
3.282652186338954436e+01,1.557775273153047557e+01
3.284652757930837197e+01,1.555118239490531451e+01
3.286653329522721378e+01,1.515892161805734872e+01
3.288653901114604139e+01,1.530354075821353099e+01
3.290654472706487610e+01,1.421974556477320917e+01
3.292655044298371081e+01,1.389113272939282595e+01
3.294655615890254552e+01,1.375452499084582492e+01
3.296656187482138023e+01,1.355298826789336353e+01
3.298656759074020783e+01,1.370480835652109874e+01
3.300657330665904965e+01,1.403413998720146161e+01
3.302657902257787725e+01,1.320159893748513191e+01
3.304658473849671907e+01,1.448375902655302028e+01
3.306659045441554667e+01,1.304447834631297454e+01
3.308659617033438138e+01,1.339406747691631416e+01
3.310660188625321609e+01,1.391078826142348035e+01
3.312660760217205080e+01,1.423264033350384317e+01
3.314661331809088551e+01,1.455478179010856721e+01
3.316661903400971312e+01,1.382031295791169256e+01
3.318662474992855493e+01,1.463447217756958452e+01
3.320663046584738254e+01,1.478583963051935157e+01
3.322663618176622435e+01,1.536542300952122631e+01
3.324664189768505196e+01,1.529490767017895791e+01
3.326664761360388667e+01,1.518897693119551384e+01
3.328665332952272138e+01,1.567074300646963003e+01
3.330665904544155609e+01,1.553961844917560597e+01
3.332666476136039080e+01,1.624602446600174233e+01
3.334667047727922551e+01,1.651938977940578468e+01
3.336667619319806022e+01,1.623355852901056906e+01
3.338668190911688782e+01,1.707122551558756030e+01
3.340668762503572964e+01,1.800418518329720996e+01
3.342669334095455724e+01,1.780912514131237856e+01
3.344669905687339195e+01,1.855603862254093883e+01
3.346670477279222666e+01,1.927922120720045740e+01
3.348671048871106137e+01,1.963840433519752438e+01
3.350671620462989608e+01,1.944334708205786200e+01
3.352672192054873079e+01,2.063027576802048202e+01
3.354672763646756550e+01,2.073827067725904527e+01
3.356673335238639311e+01,2.108346013907826233e+01
3.358673906830523492e+01,2.222440542419698062e+01
3.360674478422406253e+01,2.232180742793981665e+01
3.362675050014290434e+01,2.256253647194984779e+01
3.364675621606173195e+01,2.266352791362087515e+01
3.366676193198056666e+01,2.355953162047499205e+01
3.368676764789940137e+01,2.397835005466926361e+01
3.370677336381823608e+01,2.287727135192835703e+01
3.372677907973707079e+01,2.391110818835706198e+01
3.374678479565589839e+01,2.295749702512908641e+01
3.376679051157474021e+01,2.291161076466772784e+01
3.378679622749356781e+01,2.231089629744160874e+01
3.380680194341240963e+01,2.189849230732063745e+01
3.382680765933123723e+01,2.233189348038408895e+01
3.384681337525007194e+01,2.194605807243709705e+01
3.386681909116890665e+01,2.065126104955493958e+01
3.388682480708774136e+01,2.115646580067321736e+01
3.390683052300657607e+01,2.044011930080632311e+01
3.392683623892540368e+01,2.011879312497977068e+01
3.394684195484424549e+01,1.951803576022193454e+01
3.396684767076307310e+01,1.879093342731533056e+01
3.398685338668191491e+01,1.848045950286069328e+01
3.400685910260074252e+01,1.780555315651396953e+01
3.402686481851957723e+01,1.732978269422008921e+01
3.404687053443841194e+01,1.737951810412767273e+01
3.406687625035724665e+01,1.817103299913832970e+01
3.408688196627608136e+01,1.703042473317321281e+01
3.410688768219490896e+01,1.725802406077932361e+01
3.412689339811375078e+01,1.745301147352160953e+01
3.414689911403257838e+01,1.724553537884356658e+01
3.416690482995142020e+01,1.664558366101098841e+01
3.418691054587024780e+01,1.686134811173094405e+01
3.420691626178908251e+01,1.643991071228196788e+01
3.422692197770791722e+01,1.775413174422628870e+01
3.424692769362675193e+01,1.676107809618649114e+01
3.426693340954558664e+01,1.779795960072168270e+01
3.428693912546442135e+01,1.729309146273464393e+01
3.430694484138325606e+01,1.770452883629389262e+01
3.432695055730208367e+01,1.720428351098973607e+01
3.434695627322092548e+01,1.743088550156145544e+01
3.436696198913975309e+01,1.827743997162035328e+01
3.438696770505858780e+01,1.822024201130263776e+01
3.440697342097742251e+01,1.801867121025619767e+01
3.442697913689625722e+01,1.797852258293888283e+01
3.444698485281509193e+01,1.772094120213656154e+01
3.446699056873392664e+01,1.780183984283542387e+01
3.448699628465276135e+01,1.815087729524098492e+01
3.450700200057158895e+01,1.817957756025471028e+01
3.452700771649043077e+01,1.788269545938359073e+01
3.454701343240925837e+01,1.806414138816004211e+01
3.456701914832810019e+01,1.779189813860236669e+01
3.458702486424692779e+01,1.822122983797630269e+01
3.460703058016576250e+01,1.866250655597499630e+01
3.462703629608459721e+01,1.815372840031366053e+01
3.464704201200343192e+01,1.766130660111686623e+01
3.466704772792226663e+01,1.790180192796961833e+01
3.468705344384109424e+01,1.800004404494587007e+01
3.470705915975993605e+01,1.862690098442076803e+01
3.472706487567876366e+01,1.747973871443456417e+01
3.474707059159760547e+01,1.773900172822121490e+01
3.476707630751643308e+01,1.803066351321699301e+01
3.478708202343526779e+01,1.800169659230877173e+01
3.480708773935410250e+01,1.741183879508016474e+01
3.482709345527293721e+01,1.776462069885986850e+01
3.484709917119177192e+01,1.839476739645905212e+01
3.486710488711059952e+01,1.780016131427813875e+01
3.488711060302944134e+01,1.698546526911572840e+01
3.490711631894826894e+01,1.717083220553002221e+01
3.492712203486711076e+01,1.677944370653007766e+01
3.494712775078593836e+01,1.783513440329961242e+01
3.496713346670477307e+01,1.617303394562776830e+01
3.498713918262360778e+01,1.655361172842893325e+01
3.500714489854244249e+01,1.701573816181423737e+01
3.502715061446127720e+01,1.622297462055474782e+01
3.504715633038010481e+01,1.592850237133532332e+01
3.506716204629894662e+01,1.615073225485375730e+01
3.508716776221777423e+01,1.609962956082016561e+01
3.510717347813661604e+01,1.653378885786149510e+01
3.512717919405544365e+01,1.660795820957770630e+01
3.514718490997427836e+01,1.596717436709971771e+01
3.516719062589311307e+01,1.508967268635733205e+01
3.518719634181194778e+01,1.548339326578926212e+01
3.520720205773078249e+01,1.543644143880185027e+01
3.522720777364961720e+01,1.633758486122259157e+01
3.524721348956845191e+01,1.543500628896154581e+01
3.526721920548727951e+01,1.476820116518044301e+01
3.528722492140612133e+01,1.516913535363635290e+01
3.530723063732494893e+01,1.475564717960957495e+01
3.532723635324378364e+01,1.522203803832658586e+01
3.534724206916261835e+01,1.503143669435689311e+01
3.536724778508145306e+01,1.480407636845303365e+01
3.538725350100028777e+01,1.472423696071028232e+01
3.540725921691912248e+01,1.490071068338709992e+01
3.542726493283795719e+01,1.472002438503011845e+01
3.544727064875678479e+01,1.485402186680004100e+01
3.546727636467562661e+01,1.483757035846350192e+01
3.548728208059445421e+01,1.459344650662395004e+01
3.550728779651329603e+01,1.508684046091671149e+01
3.552729351243212363e+01,1.533327061782634360e+01
3.554729922835095834e+01,1.519111372810421301e+01
3.556730494426979305e+01,1.489124162425646425e+01
3.558731066018862776e+01,1.551209027475105096e+01
3.560731637610746247e+01,1.539299071978051359e+01
3.562732209202629008e+01,1.455222931996833857e+01
3.564732780794513189e+01,1.494706342513925534e+01
3.566733352386395950e+01,1.564218625478432934e+01
3.568733923978280131e+01,1.461828937353241642e+01
3.570734495570162892e+01,1.517626515432544743e+01
3.572735067162046363e+01,1.554179392569632867e+01
3.574735638753929834e+01,1.537306411420980723e+01
3.576736210345813305e+01,1.515798872190524982e+01
3.578736781937696776e+01,1.542132489035546072e+01
3.580737353529579536e+01,1.520104885566458286e+01
3.582737925121463718e+01,1.568076972082579523e+01
3.584738496713346478e+01,1.584749975143169110e+01
3.586739068305230660e+01,1.611171245456299772e+01
3.588739639897113420e+01,1.569825798030951169e+01
3.590740211488996891e+01,1.521192213764230772e+01
3.592740783080880362e+01,1.613052727905844819e+01
3.594741354672763833e+01,1.499327558270644545e+01
3.596741926264647304e+01,1.528293282179875590e+01
3.598742497856530065e+01,1.542065694723526370e+01
3.600743069448414246e+01,1.509291645706772478e+01
3.602743641040297007e+01,1.512461089289627481e+01
3.604744212632181188e+01,1.494570400658313147e+01
3.606744784224063949e+01,1.509768726991834065e+01
3.608745355815947420e+01,1.492164497097300213e+01
3.610745927407830891e+01,1.530140701794815783e+01
3.612746498999714362e+01,1.523140297598293991e+01
3.614747070591597833e+01,1.513996189240343071e+01
3.616747642183481304e+01,1.423387873394013070e+01
3.618748213775364775e+01,1.488632466950829603e+01
3.620748785367247535e+01,1.496305055303631981e+01
3.622749356959131717e+01,1.370243287550822942e+01
3.624749928551014477e+01,1.447251759686318628e+01
3.626750500142897948e+01,1.386656215369502654e+01
3.628751071734781419e+01,1.409637211796478518e+01
3.630751643326664890e+01,1.361773350507524327e+01
3.632752214918548361e+01,1.432320955849938748e+01
3.634752786510431832e+01,1.392118797109174544e+01
3.636753358102315303e+01,1.410189932594007090e+01
3.638753929694198064e+01,1.425081346083508471e+01
3.640754501286082245e+01,1.462849914937051210e+01
3.642755072877965006e+01,1.543697087467119644e+01
3.644755644469849187e+01,1.554328484818899092e+01
3.646756216061731948e+01,1.527554226133632831e+01
3.648756787653615419e+01,1.527749667914195086e+01
3.650757359245498890e+01,1.557896115018524696e+01
3.652757930837382361e+01,1.636560590042950381e+01
3.654758502429265832e+01,1.588259037652232664e+01
3.656759074021148592e+01,1.566779495382947296e+01
3.658759645613032774e+01,1.580529589824294234e+01
3.660760217204915534e+01,1.623743049259874738e+01
3.662760788796799716e+01,1.657909724306515642e+01
3.664761360388682476e+01,1.656848806196095225e+01
3.666761931980565947e+01,1.627159562420015604e+01
3.668762503572449418e+01,1.724237680302721643e+01
3.670763075164332889e+01,1.690668264603183957e+01
3.672763646756216360e+01,1.724208778990785973e+01
3.674764218348099121e+01,1.728291802418483059e+01
3.676764789939983302e+01,1.720390844504736805e+01
3.678765361531866063e+01,1.816096849327267648e+01
3.680765933123750244e+01,1.855502426579835529e+01
3.682766504715633005e+01,1.814787672251254236e+01
3.684767076307516476e+01,1.896884627131302992e+01
3.686767647899399947e+01,1.859174802559108031e+01
3.688768219491283418e+01,1.891681545178785484e+01
3.690768791083166889e+01,1.844870467774625311e+01
3.692769362675049649e+01,1.878064322023707788e+01
3.694769934266933831e+01,1.886581582430108384e+01
3.696770505858816591e+01,1.901817001569749976e+01
3.698771077450700773e+01,1.945527639468364356e+01
3.700771649042583533e+01,1.893583005315775836e+01
3.702772220634467004e+01,1.958897530010177235e+01
3.704772792226350475e+01,1.915104090330217801e+01
3.706773363818233946e+01,1.905788124133898265e+01
3.708773935410117417e+01,2.014853838215652004e+01
3.710774507002000888e+01,2.078635590341836092e+01
3.712775078593884359e+01,2.046182483804658503e+01
3.714775650185767120e+01,2.011665877604120922e+01
3.716776221777651301e+01,2.082927084251772953e+01
3.718776793369534062e+01,2.009457767905073666e+01
3.720777364961417533e+01,2.063987677161083667e+01
3.722777936553301004e+01,2.124412928261278921e+01
3.724778508145184475e+01,2.074483161500139516e+01
3.726779079737067946e+01,2.044565812086459999e+01
3.728779651328951417e+01,2.073370841756755922e+01
3.730780222920834888e+01,2.041342922352326639e+01
3.732780794512717648e+01,1.974840357358920784e+01
3.734781366104601830e+01,2.073210974065998613e+01
3.736781937696484590e+01,1.946805845429234694e+01
3.738782509288368772e+01,1.976358307666273362e+01
3.740783080880251532e+01,1.946384663198070797e+01
3.742783652472135003e+01,1.941833109709733307e+01
3.744784224064018474e+01,1.916839781806834253e+01
3.746784795655901945e+01,1.802327439114271712e+01
3.748785367247785416e+01,1.765442262124813766e+01
3.750785938839668177e+01,1.735537913121053677e+01
3.752786510431552358e+01,1.631843416079448872e+01
3.754787082023435119e+01,1.642668117900414870e+01
3.756787653615319300e+01,1.680093460869307620e+01
3.758788225207202061e+01,1.620066688379954556e+01
3.760788796799085532e+01,1.464665585368865841e+01
3.762789368390969003e+01,1.523523782910879554e+01
3.764789939982852474e+01,1.492987843389628821e+01
3.766790511574735945e+01,1.421544286037084426e+01
3.768791083166618705e+01,1.313598413788628783e+01
3.770791654758502887e+01,1.339197932886410314e+01
3.772792226350385647e+01,1.321845228571455522e+01
3.774792797942269829e+01,1.258155281323154284e+01
3.776793369534152589e+01,1.250847665573233058e+01
3.778793941126036060e+01,1.106154947277964951e+01
3.780794512717919531e+01,1.182104708988442354e+01
3.782795084309803002e+01,1.136256471254804623e+01
3.784795655901686473e+01,1.101319030192607862e+01
3.786796227493569234e+01,1.162695862638485522e+01
3.788796799085453415e+01,1.039425305226951224e+01
3.790797370677336176e+01,1.053171214458664551e+01
3.792797942269220357e+01,1.072504424604498041e+01
3.794798513861103118e+01,1.113073500610224897e+01
3.796799085452986589e+01,1.107463711559297792e+01
3.798799657044870060e+01,1.144428951705187103e+01
3.800800228636753531e+01,1.132017220973107108e+01
3.802800800228637002e+01,1.076595742017232560e+01
3.804801371820520473e+01,1.141769239230541544e+01
3.806801943412403944e+01,1.144515041369537833e+01
3.808802515004286704e+01,1.146804794790489623e+01
3.810803086596170886e+01,1.215601925613197309e+01
3.812803658188053646e+01,1.208460338447488880e+01
3.814804229779937117e+01,1.282893593043220726e+01
3.816804801371820588e+01,1.316046007922160754e+01
3.818805372963704059e+01,1.302360825436334935e+01
3.820805944555587530e+01,1.350628548465261503e+01
3.822806516147471001e+01,1.394160111737196317e+01
3.824807087739354472e+01,1.481597015249750271e+01
3.826807659331237232e+01,1.565091977767478504e+01
3.828808230923121414e+01,1.493382969157116769e+01
3.830808802515004174e+01,1.647022430689195716e+01
3.832809374106888356e+01,1.647409705773234023e+01
3.834809945698771116e+01,1.754592393502294456e+01
3.836810517290654587e+01,1.813837312891239151e+01
3.838811088882538058e+01,1.885062925158686653e+01
3.840811660474421529e+01,2.041237722965545487e+01
3.842812232066305000e+01,2.047865377641803164e+01
3.844812803658187761e+01,2.222134731984398570e+01
3.846813375250071942e+01,2.226008022474042036e+01
3.848813946841954703e+01,2.387816573836228784e+01
3.850814518433838884e+01,2.350621565360972554e+01
3.852815090025721645e+01,2.423358697232149694e+01
3.854815661617605116e+01,2.610756210311053138e+01
3.856816233209488587e+01,2.639882688262363430e+01
3.858816804801372058e+01,2.699807737799271479e+01
3.860817376393255529e+01,2.728363722295036453e+01
3.862817947985138289e+01,2.928719165391779455e+01
3.864818519577022471e+01,2.863664131434647331e+01
3.866819091168905231e+01,2.840253430397276446e+01
3.868819662760789413e+01,2.926866916649632344e+01
3.870820234352672173e+01,2.960434807671711965e+01
3.872820805944555644e+01,2.960006432116612629e+01
3.874821377536439115e+01,2.978053288121647313e+01
3.876821949128322586e+01,2.885088591989023854e+01
3.878822520720206057e+01,2.905027564512486293e+01
3.880823092312088818e+01,2.807729781288506388e+01
3.882823663903972999e+01,2.709206682359489093e+01
3.884824235495855760e+01,2.620774977676261841e+01
3.886824807087739941e+01,2.492718537474659968e+01
3.888825378679622702e+01,2.357769584220937631e+01
3.890825950271506173e+01,2.272807295042601439e+01
3.892826521863389644e+01,2.253291859985126067e+01
3.894827093455273115e+01,2.122247594037283136e+01
3.896827665047156586e+01,2.089898747022086667e+01
3.898828236639040057e+01,1.999192151346779411e+01
3.900828808230923528e+01,1.838967721121308330e+01
3.902829379822806288e+01,1.859832728738273389e+01
3.904829951414690470e+01,1.835848918039948074e+01
3.906830523006573230e+01,1.803478728027585376e+01
3.908831094598456701e+01,1.730892794357561826e+01
3.910831666190340172e+01,1.720508714320750698e+01
3.912832237782223643e+01,1.773522772622954236e+01
3.914832809374107114e+01,1.722058775511872852e+01
3.916833380965990585e+01,1.797692604832186447e+01
3.918833952557874056e+01,1.784383033856501655e+01
3.920834524149756817e+01,1.830444603988646435e+01
3.922835095741640998e+01,1.964790442044005303e+01
3.924835667333523759e+01,1.885152586168200273e+01
3.926836238925407940e+01,2.002708939235426300e+01
3.928836810517290701e+01,2.132987702597662860e+01
3.930837382109174172e+01,2.160464888740824563e+01
3.932837953701057643e+01,2.147700363343849261e+01
3.934838525292941114e+01,2.297993920199134266e+01
3.936839096884824585e+01,2.259522455188655243e+01
3.938839668476707345e+01,2.405382330746840580e+01
3.940840240068591527e+01,2.501180036812449714e+01
3.942840811660474287e+01,2.517611486637795437e+01
3.944841383252358469e+01,2.688511106385842808e+01
3.946841954844241229e+01,2.704196960463946198e+01
3.948842526436124700e+01,2.776815089007711634e+01
3.950843098028008171e+01,2.871608061784544930e+01
3.952843669619891642e+01,2.862039884500339326e+01
3.954844241211775113e+01,2.983970603086346784e+01
3.956844812803657874e+01,3.123760885388311337e+01
3.958845384395542055e+01,3.049498544610292683e+01
3.960845955987424816e+01,3.104453636983478404e+01
3.962846527579308997e+01,3.113582040727226641e+01
3.964847099171191758e+01,3.132831383025672167e+01
3.966847670763075229e+01,3.113270838396174511e+01
3.968848242354958700e+01,3.008502900317782647e+01
3.970848813946842171e+01,3.034414929014442919e+01
3.972849385538725642e+01,3.017399849726209382e+01
3.974849957130608402e+01,2.919363352533489575e+01
3.976850528722492584e+01,2.851803692918903010e+01
3.978851100314375344e+01,2.688577945791897150e+01
3.980851671906259526e+01,2.462451598590717694e+01
3.982852243498142286e+01,2.393776933937976992e+01
3.984852815090025757e+01,2.279795219826347363e+01
3.986853386681909228e+01,2.246327582192161998e+01
3.988853958273792699e+01,2.062422338828273283e+01
3.990854529865676170e+01,1.918916472706285958e+01
3.992855101457559641e+01,1.954740169068580968e+01
3.994855673049443112e+01,1.839051807963430463e+01
3.996856244641325873e+01,1.809022534933919246e+01
3.998856816233210054e+01,1.755119837189810994e+01
4.000857387825092815e+01,1.680254977939868510e+01
4.002857959416976286e+01,1.615994473992794056e+01
4.004858531008859757e+01,1.651377720174438579e+01
4.006859102600743228e+01,1.553467708966096694e+01
4.008859674192626699e+01,1.557195108581082366e+01
4.010860245784510170e+01,1.585277176474776795e+01
4.012860817376393641e+01,1.544818942122649119e+01
4.014861388968276401e+01,1.583602783815996773e+01
4.016861960560160583e+01,1.649681860200965389e+01
4.018862532152043343e+01,1.671631420046134764e+01
4.020863103743927525e+01,1.591837889305651821e+01
4.022863675335810285e+01,1.642768508635124647e+01
4.024864246927693756e+01,1.630638056394028013e+01
4.026864818519577227e+01,1.653507143162928372e+01
4.028865390111460698e+01,1.756241107727969109e+01
4.030865961703344169e+01,1.690265163855681507e+01
4.032866533295226930e+01,1.710392868720877857e+01
4.034867104887111111e+01,1.701279313151976424e+01
4.036867676478993872e+01,1.731936909577728301e+01
4.038868248070878053e+01,1.787334123724893686e+01
4.040868819662760814e+01,1.738205266989844233e+01
4.042869391254644285e+01,1.737435884124950292e+01
4.044869962846527756e+01,1.733768567131121330e+01
4.046870534438411227e+01,1.827350551276424540e+01
4.048871106030294698e+01,1.880062398662546741e+01
4.050871677622177458e+01,1.860758353910334506e+01
4.052872249214061640e+01,1.821441354537457258e+01
4.054872820805944400e+01,1.779348396103644703e+01
4.056873392397828582e+01,1.814382457022457729e+01
4.058873963989711342e+01,1.718779346643281869e+01
4.060874535581594813e+01,1.797589250892601243e+01
4.062875107173478284e+01,1.763184234577281018e+01
4.064875678765361755e+01,1.780498096205684533e+01
4.066876250357245226e+01,1.824391513134473897e+01
4.068876821949127986e+01,1.696982129955512875e+01
4.070877393541012168e+01,1.757192569758181122e+01
4.072877965132894929e+01,1.638856976035214785e+01
4.074878536724779110e+01,1.634970684649504236e+01
4.076879108316661871e+01,1.602749151231471814e+01
4.078879679908545342e+01,1.625170105707967494e+01
4.080880251500428813e+01,1.589724286019263744e+01
4.082880823092312284e+01,1.549526930149355763e+01
4.084881394684195755e+01,1.503050251155424988e+01
4.086881966276079226e+01,1.554974369456210148e+01
4.088882537867962697e+01,1.484414515126477063e+01
4.090883109459845457e+01,1.523392352309661035e+01
4.092883681051729639e+01,1.436741549761936731e+01
4.094884252643612399e+01,1.486539408495607617e+01
4.096884824235495870e+01,1.440927887415099562e+01
4.098885395827379341e+01,1.468672118866106402e+01
4.100885967419262812e+01,1.429928776921976663e+01
4.102886539011146283e+01,1.414591640112091753e+01
4.104887110603029754e+01,1.464585702067926221e+01
4.106887682194913225e+01,1.484539577189995185e+01
4.108888253786795985e+01,1.397427996198019784e+01
4.110888825378680167e+01,1.421857120785691464e+01
4.112889396970562927e+01,1.475837899890084870e+01
4.114889968562447109e+01,1.429311960569322437e+01
4.116890540154329869e+01,1.446135132238067911e+01
4.118891111746213340e+01,1.474316590096093726e+01
4.120891683338096811e+01,1.545876302868091123e+01
4.122892254929980282e+01,1.517568185030306083e+01
4.124892826521863753e+01,1.580750078971931316e+01
4.126893398113746514e+01,1.524448740131493096e+01
4.128893969705630695e+01,1.537160757239381326e+01
4.130894541297513456e+01,1.537820310966446513e+01
4.132895112889397637e+01,1.593833264214438117e+01
4.134895684481280398e+01,1.620773437526485239e+01
4.136896256073163869e+01,1.590546621211387190e+01
4.138896827665047340e+01,1.722817907188048636e+01
4.140897399256930811e+01,1.619182738608497729e+01
4.142897970848814282e+01,1.674330943946855754e+01
4.144898542440697042e+01,1.600977422878245449e+01
4.146899114032581224e+01,1.634120278434140872e+01
4.148899685624463984e+01,1.645358980198979282e+01
4.150900257216348166e+01,1.640894445289201187e+01
4.152900828808230926e+01,1.653711265992609469e+01
4.154901400400114397e+01,1.529367201821933619e+01
4.156901971991997868e+01,1.530681499210054852e+01
4.158902543583881339e+01,1.513715184708771488e+01
4.160903115175764810e+01,1.553954724608738580e+01
4.162903686767647571e+01,1.440487212445097498e+01
4.164904258359531752e+01,1.532855627382176600e+01
4.166904829951414513e+01,1.438028694056094459e+01
4.168905401543298694e+01,1.462590034139902073e+01
4.170905973135181455e+01,1.444539928096690673e+01
4.172906544727064926e+01,1.350854154752948943e+01
4.174907116318948397e+01,1.381302709206824275e+01
4.176907687910831868e+01,1.413474489846083060e+01
4.178908259502715339e+01,1.445525789226752700e+01
4.180908831094598810e+01,1.476494971149384128e+01
4.182909402686482281e+01,1.415097997971580668e+01
4.184909974278365041e+01,1.375146931347143919e+01
4.186910545870249223e+01,1.409121417891277517e+01
4.188911117462131983e+01,1.483800285388995555e+01
4.190911689054015454e+01,1.445340459565570512e+01
4.192912260645898925e+01,1.340205903466187110e+01
4.194912832237782396e+01,1.432612093392492625e+01
4.196913403829665867e+01,1.414189148532999596e+01
4.198913975421549338e+01,1.381182541256022667e+01
4.200914547013432809e+01,1.409255308381837679e+01
4.202915118605316280e+01,1.402594330288298607e+01
4.204915690197199041e+01,1.419434297568988512e+01
4.206916261789082512e+01,1.423344488381476580e+01
4.208916833380965983e+01,1.419382257544372905e+01
4.210917404972849454e+01,1.458301158129539132e+01
4.212917976564732925e+01,1.421103470325658513e+01
4.214918548156616396e+01,1.430199903288144192e+01
4.216919119748499867e+01,1.456794892743717185e+01
4.218919691340383338e+01,1.421396982425516242e+01
4.220920262932266809e+01,1.486429301493517841e+01
4.222920834524150280e+01,1.482261976928436908e+01
4.224921406116033040e+01,1.469124612753699921e+01
4.226921977707916511e+01,1.455218432909064319e+01
4.228922549299799982e+01,1.466489147627697420e+01
4.230923120891683453e+01,1.380728760058714322e+01
4.232923692483566924e+01,1.540580675299294811e+01
4.234924264075450395e+01,1.438692662368110042e+01
4.236924835667333866e+01,1.507784670277986550e+01
4.238925407259217337e+01,1.450238863481494533e+01
4.240925978851100808e+01,1.508502735950048113e+01
4.242926550442983569e+01,1.600004588838122643e+01
4.244927122034867040e+01,1.602733905047148255e+01
4.246927693626750511e+01,1.535130167741261076e+01
4.248928265218633982e+01,1.564101479294154018e+01
4.250928836810517453e+01,1.657500620387515156e+01
4.252929408402400924e+01,1.702893280809429655e+01
4.254929979994284395e+01,1.710123778958660168e+01
4.256930551586167866e+01,1.828855289835405529e+01
4.258931123178051337e+01,1.765713925536115525e+01
4.260931694769934097e+01,1.841585495798869587e+01
4.262932266361817568e+01,1.858456399478262000e+01
4.264932837953701039e+01,1.960180152724229075e+01
4.266933409545584510e+01,2.039968626744612834e+01
4.268933981137467981e+01,2.043879349592468486e+01
4.270934552729351452e+01,2.137366970041396996e+01
4.272935124321234923e+01,2.135180774996938524e+01
4.274935695913118394e+01,2.199983065296334672e+01
4.276936267505001865e+01,2.386793655201722686e+01
4.278936839096885336e+01,2.309759981917842708e+01
4.280937410688768097e+01,2.493496622505221438e+01
4.282937982280651568e+01,2.442245317326415943e+01
4.284938553872535039e+01,2.444735722535736144e+01
4.286939125464418510e+01,2.512392744676900946e+01
4.288939697056301981e+01,2.564029839326212112e+01
4.290940268648185452e+01,2.576674593426653104e+01
4.292940840240068923e+01,2.621407200084741618e+01
4.294941411831952394e+01,2.688540833677053499e+01
4.296941983423835865e+01,2.578239314580935471e+01
4.298942555015718625e+01,2.601766182626295176e+01
4.300943126607602096e+01,2.634696874987201554e+01
4.302943698199485567e+01,2.654231189423691006e+01
4.304944269791369038e+01,2.596849431070953074e+01
4.306944841383252509e+01,2.547845228628507641e+01
4.308945412975135980e+01,2.549987435590350771e+01
4.310945984567019451e+01,2.469365599377204390e+01
4.312946556158902922e+01,2.488507948537228032e+01
4.314947127750786393e+01,2.544002488526233563e+01
4.316947699342669864e+01,2.584453753827866507e+01
4.318948270934552625e+01,2.510708357677302516e+01
4.320948842526436096e+01,2.556280024002392182e+01
4.322949414118319567e+01,2.566082779503902245e+01
4.324949985710203038e+01,2.545397483478474498e+01
4.326950557302086509e+01,2.540965797049140917e+01
4.328951128893969980e+01,2.624244883854384724e+01
4.330951700485853451e+01,2.668702352551058965e+01
4.332952272077736922e+01,2.556165849158285397e+01
4.334952843669620393e+01,2.581730695702554002e+01
4.336953415261503153e+01,2.622003869428951006e+01
4.338953986853386624e+01,2.652000881209759697e+01
4.340954558445270095e+01,2.660112021303355334e+01
4.342955130037153566e+01,2.674510049048208771e+01
4.344955701629037037e+01,2.627245397922378345e+01
4.346956273220920508e+01,2.664615504321938033e+01
4.348956844812803979e+01,2.607379906684657911e+01
4.350957416404687450e+01,2.538898236554528864e+01
4.352957987996570921e+01,2.661112446679121035e+01
4.354958559588453681e+01,2.551246131630441383e+01
4.356959131180337153e+01,2.523979249481272547e+01
4.358959702772220624e+01,2.575604857455168428e+01
4.360960274364104095e+01,2.454523886985238335e+01
4.362960845955987566e+01,2.494643884928495581e+01
4.364961417547871037e+01,2.457492131632723797e+01
4.366961989139754508e+01,2.386754981253682928e+01
4.368962560731637979e+01,2.394483331973627216e+01
4.370963132323521450e+01,2.421696230654007209e+01
4.372963703915404921e+01,2.277515817395254061e+01
4.374964275507287681e+01,2.305928658616500471e+01
4.376964847099171152e+01,2.230904538212549681e+01
4.378965418691054623e+01,2.236161439357311309e+01
4.380965990282938094e+01,2.168253581982630962e+01
4.382966561874821565e+01,2.146365594679839006e+01
4.384967133466705036e+01,2.133613152108494759e+01
4.386967705058588507e+01,2.022512614184719126e+01
4.388968276650471978e+01,2.138118205955356288e+01
4.390968848242355449e+01,2.095353626161653438e+01
4.392969419834238209e+01,2.065642785721971109e+01
4.394969991426121680e+01,1.960411443831679179e+01
4.396970563018005151e+01,1.935581300673845817e+01
4.398971134609888622e+01,1.903175535681853248e+01
4.400971706201772093e+01,1.823999086365553524e+01
4.402972277793655564e+01,1.892446184649277896e+01
4.404972849385539035e+01,1.861425986358251095e+01
4.406973420977422506e+01,1.810964214483542278e+01
4.408973992569305977e+01,1.838775832155057088e+01
4.410974564161189448e+01,1.769076805141033049e+01
4.412975135753072209e+01,1.689345941109883142e+01
4.414975707344955680e+01,1.693564796018019436e+01
4.416976278936839151e+01,1.645353336938837430e+01
4.418976850528722622e+01,1.767508237907303226e+01
4.420977422120606093e+01,1.677025104860243232e+01
4.422977993712489564e+01,1.703119883272232826e+01
4.424978565304373035e+01,1.723241407903316258e+01
4.426979136896256506e+01,1.707805372427845114e+01
4.428979708488139977e+01,1.713111357332893903e+01
4.430980280080022737e+01,1.748439944243156674e+01
4.432980851671906208e+01,1.737568229109640683e+01
4.434981423263789679e+01,1.678437939489992559e+01
4.436981994855673150e+01,1.777764514793142325e+01
4.438982566447556621e+01,1.860243754110134873e+01
4.440983138039440092e+01,1.809958154312619882e+01
4.442983709631323563e+01,1.830719120217071350e+01
4.444984281223207034e+01,1.967064860264567017e+01
4.446984852815090505e+01,2.036273165924281159e+01
4.448985424406973266e+01,2.043796399831619581e+01
4.450985995998856737e+01,2.123662774174325207e+01
4.452986567590740208e+01,2.206868700515439485e+01
4.454987139182623679e+01,2.233625326712263615e+01
4.456987710774507150e+01,2.323972910540809522e+01
4.458988282366390621e+01,2.420625304054332361e+01
4.460988853958274092e+01,2.546949642206455877e+01
4.462989425550157563e+01,2.604666239932522842e+01
4.464989997142041034e+01,2.721516606929049686e+01
4.466990568733924505e+01,2.773204028290091117e+01
4.468991140325807265e+01,2.869989335761497529e+01
4.470991711917690736e+01,2.982300447349064854e+01
4.472992283509574207e+01,2.963672999415830134e+01
4.474992855101457678e+01,3.036797345055096997e+01
4.476993426693341149e+01,3.218652863308295764e+01
4.478993998285224620e+01,3.223239090797285655e+01
4.480994569877108091e+01,3.254877903240862480e+01
4.482995141468991562e+01,3.162347582750373576e+01
4.484995713060875033e+01,3.297760424543482571e+01
4.486996284652757794e+01,3.252529235288343301e+01
4.488996856244641265e+01,3.192963936035508254e+01
4.490997427836524736e+01,3.185178158131336446e+01
4.492997999428408207e+01,3.076255676283550144e+01
4.494998571020291678e+01,2.936941395233899854e+01
4.496999142612175149e+01,2.884078563473884316e+01
4.498999714204058620e+01,2.808467981652296430e+01
4.501000285795942091e+01,2.729978051883080070e+01
4.503000857387825562e+01,2.599500209639533921e+01
4.505001428979709033e+01,2.557340930504462762e+01
4.507002000571591793e+01,2.491444811220206645e+01
4.509002572163475264e+01,2.387626565875624607e+01
4.511003143755358735e+01,2.275563019422623157e+01
4.513003715347242206e+01,2.252811631140355786e+01
4.515004286939125677e+01,2.177791122730621609e+01
4.517004858531009148e+01,2.086125892428358242e+01
4.519005430122892619e+01,2.084041524643841825e+01
4.521006001714776090e+01,1.945075734974247439e+01
4.523006573306659561e+01,1.908045607855272152e+01
4.525007144898542322e+01,1.938208745076538975e+01
4.527007716490425793e+01,1.792933063020225148e+01
4.529008288082309264e+01,1.770268824828371734e+01
4.531008859674192735e+01,1.789937066024225487e+01
4.533009431266076206e+01,1.820712953050415805e+01
4.535010002857959677e+01,1.775623015490527123e+01
4.537010574449843148e+01,1.734761011676301834e+01
4.539011146041726619e+01,1.719581675725400771e+01
4.541011717633610090e+01,1.776045431336284253e+01
4.543012289225492850e+01,1.749949786565500887e+01
4.545012860817376321e+01,1.802554482456698537e+01
4.547013432409259792e+01,1.854343634591094414e+01
4.549014004001143263e+01,1.847425732407767640e+01
4.551014575593026734e+01,1.797312660551645536e+01
4.553015147184910205e+01,1.815921457562873798e+01
4.555015718776793676e+01,1.952403942059265063e+01
4.557016290368677147e+01,1.914607685410185667e+01
4.559016861960560618e+01,1.953532120101706937e+01
4.561017433552444089e+01,2.042003630566044947e+01
4.563018005144326850e+01,2.049076075963596821e+01
4.565018576736210321e+01,2.059620636817420802e+01
4.567019148328093792e+01,2.088009021286634592e+01
4.569019719919977263e+01,2.234483573570122417e+01
4.571020291511860734e+01,2.196808559060352195e+01
4.573020863103744205e+01,2.223461722167246535e+01
4.575021434695627676e+01,2.227247216842194177e+01
4.577022006287511147e+01,2.272065589628093818e+01
4.579022577879394618e+01,2.197871416557602586e+01
4.581023149471277378e+01,2.188444761875716082e+01
4.583023721063160849e+01,2.060226935157228212e+01
4.585024292655044320e+01,2.075557040495930039e+01
4.587024864246927791e+01,2.000582587432234405e+01
4.589025435838811262e+01,2.018522955104506877e+01
4.591026007430694733e+01,1.887507011029575210e+01
4.593026579022578204e+01,1.788820658912269934e+01
4.595027150614461675e+01,1.762150839643979339e+01
4.597027722206345146e+01,1.780137594327752026e+01
4.599028293798228617e+01,1.732902689045165801e+01
4.601028865390111378e+01,1.562178085322484833e+01
4.603029436981994849e+01,1.535953811900795785e+01
4.605030008573878320e+01,1.560417367553181833e+01
4.607030580165761791e+01,1.458955394865374799e+01
4.609031151757645262e+01,1.436196224517012610e+01
4.611031723349528733e+01,1.428795796499410642e+01
4.613032294941412204e+01,1.441069831403316570e+01
4.615032866533295675e+01,1.394003162542882279e+01
4.617033438125179146e+01,1.423743180427699073e+01
4.619034009717061906e+01,1.486187236224878916e+01
4.621034581308945377e+01,1.544626498379922630e+01
4.623035152900828848e+01,1.560598713515820180e+01
4.625035724492712319e+01,1.599170808157914436e+01
4.627036296084595790e+01,1.724683867230076473e+01
4.629036867676479261e+01,1.714747112916839100e+01
4.631037439268362732e+01,1.801032313109877592e+01
4.633038010860246203e+01,1.838852877678569797e+01
4.635038582452129674e+01,1.837669473061157177e+01
4.637039154044012434e+01,1.963463426448893756e+01
4.639039725635895905e+01,1.990260057038597097e+01
4.641040297227779376e+01,2.118980642753983190e+01
4.643040868819662847e+01,2.264505918567353149e+01
4.645041440411546319e+01,2.305654884703248442e+01
4.647042012003429790e+01,2.466085617666703556e+01
4.649042583595313261e+01,2.509265202763361913e+01
4.651043155187196732e+01,2.598039648649456979e+01
4.653043726779080203e+01,2.657708821695682033e+01
4.655044298370963674e+01,2.745181267935019775e+01
4.657044869962846434e+01,2.807832755501673105e+01
4.659045441554729905e+01,2.824843849892835834e+01
4.661046013146613376e+01,2.875479696197891499e+01
4.663046584738496847e+01,2.909238943353950191e+01
4.665047156330380318e+01,2.846440748147799127e+01
4.667047727922263789e+01,2.903321287350367186e+01
4.669048299514147260e+01,2.897283141591258371e+01
4.671048871106030731e+01,2.898191639146272536e+01
4.673049442697914202e+01,2.856050556550236763e+01
4.675050014289796962e+01,2.722395941211768289e+01
4.677050585881680433e+01,2.756076011760892897e+01
4.679051157473563904e+01,2.625659649858828715e+01
4.681051729065447375e+01,2.590595711327395279e+01
4.683052300657330846e+01,2.498007066218482564e+01
4.685052872249214317e+01,2.480401710647698010e+01
4.687053443841097788e+01,2.282580455606574077e+01
4.689054015432981259e+01,2.285108576857087925e+01
4.691054587024864730e+01,2.128078178421903743e+01
4.693055158616748201e+01,2.045801652387731195e+01
4.695055730208630962e+01,2.039603023442960250e+01
4.697056301800514433e+01,1.953483010671967079e+01
4.699056873392397904e+01,1.875477334986818789e+01
4.701057444984281375e+01,1.845801761880700198e+01
4.703058016576164846e+01,1.785851993507972324e+01
4.705058588168048317e+01,1.720940915626960077e+01
4.707059159759931788e+01,1.705619631648302459e+01
4.709059731351815259e+01,1.614176707945423317e+01
4.711060302943698730e+01,1.679432204649496185e+01
4.713060874535581490e+01,1.712792973619056269e+01
4.715061446127464961e+01,1.720838459761555228e+01
4.717062017719348432e+01,1.708428935157981243e+01
4.719062589311231903e+01,1.759606550023270799e+01
4.721063160903115374e+01,1.797004223017106739e+01
4.723063732494998845e+01,1.828076553735673215e+01
4.725064304086882316e+01,1.832581934172312899e+01
4.727064875678765787e+01,1.899341919674551704e+01
4.729065447270649258e+01,1.909426028852185198e+01
4.731066018862532019e+01,2.009613491859641954e+01
4.733066590454415490e+01,2.097863076440075503e+01
4.735067162046298961e+01,2.171231092819322939e+01
4.737067733638182432e+01,2.153383347419767802e+01
4.739068305230065903e+01,2.227405671416428845e+01
4.741068876821949374e+01,2.329793938673562792e+01
4.743069448413832845e+01,2.290259200450335442e+01
4.745070020005716316e+01,2.313779044603964152e+01
4.747070591597599787e+01,2.402376329581446868e+01
4.749071163189483258e+01,2.339694035861641197e+01
4.751071734781366018e+01,2.424655924110664529e+01
4.753072306373249489e+01,2.384003697928663712e+01
4.755072877965132960e+01,2.256269200938160324e+01
4.757073449557016431e+01,2.323405272386076703e+01
4.759074021148899902e+01,2.272228102823967788e+01
4.761074592740783373e+01,2.214782205961235206e+01
4.763075164332666844e+01,2.220332333865567875e+01
4.765075735924550315e+01,2.138376397934324302e+01
4.767076307516433786e+01,2.125304703465151590e+01
4.769076879108316547e+01,2.098664653155206494e+01
4.771077450700200018e+01,2.109919077819294131e+01
4.773078022292083489e+01,1.999262905469591800e+01
4.775078593883966960e+01,2.037441849798900861e+01
4.777079165475850431e+01,2.008244022285553854e+01
4.779079737067733902e+01,1.909333792199767288e+01
4.781080308659617373e+01,1.941783404999084439e+01
4.783080880251500844e+01,1.912026334275147121e+01
4.785081451843384315e+01,1.909610909022396186e+01
4.787082023435267075e+01,1.810635182571580515e+01
4.789082595027150546e+01,1.891290454470171056e+01
4.791083166619034017e+01,1.893869174045409665e+01
4.793083738210917488e+01,1.881601448157025658e+01
4.795084309802800959e+01,1.905796651857234991e+01
4.797084881394684430e+01,1.878594780495717842e+01
4.799085452986567901e+01,1.771048097135710719e+01
4.801086024578451372e+01,1.827423944514505294e+01
4.803086596170334843e+01,1.789717092076831051e+01
4.805087167762218314e+01,1.688285208878832577e+01
4.807087739354101075e+01,1.677213668281294190e+01
4.809088310945984546e+01,1.560955594879560593e+01
4.811088882537868017e+01,1.600825302374334314e+01
4.813089454129751488e+01,1.579237763188600852e+01
4.815090025721634959e+01,1.544381058385203964e+01
4.817090597313518430e+01,1.436034227050821421e+01
4.819091168905401901e+01,1.387428658805096759e+01
4.821091740497285372e+01,1.291211409663214837e+01
4.823092312089168843e+01,1.326727075738541828e+01
4.825092883681051603e+01,1.248149129492685994e+01
4.827093455272935074e+01,1.152933290585606763e+01
4.829094026864818545e+01,1.129280233388482202e+01
4.831094598456702016e+01,1.172574178051621807e+01
4.833095170048585487e+01,1.110519799501654958e+01
4.835095741640468958e+01,1.087577939974862495e+01
4.837096313232352429e+01,1.094889514494155769e+01
4.839096884824235900e+01,1.081981010622017969e+01
4.841097456416119371e+01,1.013598742046000112e+01
4.843098028008002842e+01,1.007790891287939772e+01
4.845098599599885603e+01,1.061330284865209350e+01
4.847099171191769074e+01,1.007648306569370966e+01
4.849099742783652545e+01,1.015558726822451341e+01
4.851100314375536016e+01,1.027264331190924551e+01
4.853100885967419487e+01,1.114966763500958535e+01
4.855101457559302958e+01,9.649025194375550285e+00
4.857102029151186429e+01,1.087311860903441385e+01
4.859102600743069900e+01,1.024052391331789025e+01
4.861103172334953371e+01,1.036456378163340553e+01
4.863103743926836131e+01,1.014603122130570867e+01
4.865104315518719602e+01,1.047469802220951962e+01
4.867104887110603073e+01,1.117581462409251181e+01
4.869105458702486544e+01,1.098017077213927273e+01
4.871106030294370015e+01,1.041457759589520649e+01
4.873106601886253486e+01,1.160789410929327481e+01
4.875107173478136957e+01,1.120877596098569917e+01
4.877107745070020428e+01,1.100252712363539764e+01
4.879108316661903899e+01,1.104604036016120361e+01
4.881108888253786660e+01,1.146527088812153750e+01
4.883109459845670131e+01,1.155979910587122816e+01
4.885110031437553602e+01,1.112214914568444435e+01
4.887110603029437073e+01,1.166219180616111295e+01
4.889111174621320544e+01,1.119839004784560466e+01
4.891111746213204015e+01,1.137161464658009180e+01
4.893112317805087486e+01,1.209260953030273100e+01
4.895112889396970957e+01,1.195585044116274531e+01
4.897113460988854428e+01,1.240737518541996565e+01
4.899114032580737899e+01,1.219533790847970067e+01
4.901114604172620659e+01,1.177847697117735848e+01
4.903115175764504130e+01,1.219657259286183049e+01
4.905115747356387601e+01,1.327348916416599778e+01
4.907116318948271072e+01,1.260619752745111377e+01
4.909116890540154543e+01,1.193931090751817337e+01
4.911117462132038014e+01,1.277304460964857391e+01
4.913118033723921485e+01,1.304581624009510499e+01
4.915118605315804956e+01,1.320881310763715888e+01
4.917119176907688427e+01,1.399637029373380059e+01
4.919119748499571187e+01,1.387637565481961488e+01
4.921120320091454658e+01,1.353987606217358319e+01
4.923120891683338129e+01,1.390178577856917741e+01
4.925121463275221600e+01,1.349736043917877915e+01
4.927122034867105071e+01,1.426110395675279463e+01
4.929122606458988542e+01,1.453856264917046559e+01
4.931123178050872014e+01,1.434669634478844813e+01
4.933123749642755485e+01,1.446394512004240518e+01
4.935124321234638956e+01,1.434176097612391132e+01
4.937124892826522427e+01,1.481230731169453563e+01
4.939125464418405187e+01,1.515118479343808389e+01
4.941126036010288658e+01,1.535357464731801969e+01
4.943126607602172129e+01,1.518912917849706545e+01
4.945127179194055600e+01,1.468796945993504366e+01
4.947127750785939071e+01,1.532433046521680176e+01
4.949128322377822542e+01,1.556029440802666031e+01
4.951128893969706013e+01,1.546899672425554861e+01
4.953129465561589484e+01,1.592472393095562566e+01
4.955130037153472955e+01,1.487454303666110178e+01
4.957130608745355715e+01,1.611276871951552536e+01
4.959131180337239186e+01,1.517941187350375642e+01
4.961131751929122657e+01,1.578267684285021666e+01
4.963132323521006128e+01,1.589616131374616970e+01
4.965132895112889599e+01,1.578725758952321634e+01
4.967133466704773070e+01,1.666247278099596230e+01
4.969134038296656541e+01,1.561423024708869356e+01
4.971134609888540012e+01,1.646123619841439734e+01
4.973135181480423483e+01,1.603662249126175254e+01
4.975135753072306244e+01,1.624058876288652442e+01
4.977136324664189715e+01,1.590282283218611070e+01
4.979136896256073186e+01,1.563848448875859454e+01
4.981137467847956657e+01,1.599211677416267463e+01
4.983138039439840128e+01,1.641067684590607456e+01
4.985138611031723599e+01,1.654643959549713372e+01
4.987139182623607070e+01,1.566138310835430580e+01
4.989139754215490541e+01,1.610205611440716922e+01
4.991140325807374012e+01,1.591280656546703653e+01
4.993140897399257483e+01,1.626111097960821539e+01
4.995141468991140243e+01,1.609241769187283566e+01
4.997142040583023714e+01,1.617600397541746204e+01
4.999142612174907185e+01,1.568772309365001405e+01
5.001143183766790656e+01,1.657190475565523613e+01
5.003143755358674127e+01,1.646995933295602299e+01
5.005144326950557598e+01,1.555568090389468061e+01
5.007144898542441069e+01,1.618683424913134061e+01
5.009145470134324540e+01,1.690935007655209787e+01
5.011146041726208011e+01,1.614232753078150040e+01
5.013146613318090772e+01,1.634345349935389180e+01
5.015147184909974243e+01,1.706603398564727314e+01
5.017147756501857714e+01,1.722966168439189971e+01
5.019148328093741185e+01,1.710007538745292521e+01
5.021148899685624656e+01,1.738295550558851588e+01
5.023149471277508127e+01,1.702166633301219534e+01
5.025150042869391598e+01,1.711326265740882135e+01
5.027150614461275069e+01,1.638005449000751312e+01
5.029151186053158540e+01,1.610385638692150678e+01
5.031151757645042011e+01,1.604661900687128551e+01
5.033152329236924771e+01,1.620316984006689864e+01
5.035152900828808242e+01,1.531770755802396522e+01
5.037153472420691713e+01,1.487413700281203788e+01
5.039154044012575184e+01,1.540115113866592189e+01
5.041154615604458655e+01,1.469742821303357161e+01
5.043155187196342126e+01,1.461333875353270528e+01
5.045155758788225597e+01,1.410949598874202238e+01
5.047156330380109068e+01,1.416571459054531346e+01
5.049156901971992539e+01,1.336391025703067292e+01
5.051157473563875300e+01,1.340571533055196696e+01
5.053158045155758771e+01,1.338635898996189155e+01
5.055158616747642242e+01,1.352099853437468013e+01
5.057159188339525713e+01,1.305519671325989428e+01
5.059159759931409184e+01,1.326382774925314401e+01
5.061160331523292655e+01,1.303362695585251174e+01
5.063160903115176126e+01,1.277888371818144186e+01
5.065161474707059597e+01,1.265674648959210913e+01
5.067162046298943068e+01,1.190666288445424570e+01
5.069162617890825828e+01,1.261769892574089269e+01
5.071163189482709299e+01,1.198355354673876683e+01
5.073163761074592770e+01,1.203419615713337443e+01
5.075164332666476241e+01,1.196542141031155282e+01
5.077164904258359712e+01,1.258814082993332306e+01
5.079165475850243183e+01,1.164561592226142750e+01
5.081166047442126654e+01,1.182084421187258272e+01
5.083166619034010125e+01,1.173032209905675316e+01
5.085167190625893596e+01,1.143342429759548118e+01
5.087167762217777067e+01,1.086369830441450723e+01
5.089168333809659828e+01,1.126873575083373602e+01
5.091168905401543299e+01,1.187737602526139646e+01
5.093169476993426770e+01,1.114828933765336849e+01
5.095170048585310241e+01,1.065096675651328795e+01
5.097170620177193712e+01,1.184730951602311322e+01
5.099171191769077183e+01,1.077087647819290339e+01
5.101171763360960654e+01,1.040778943503518406e+01
5.103172334952844125e+01,1.040596075491207273e+01
5.105172906544727596e+01,1.125142877727649271e+01
5.107173478136610356e+01,1.076868200576021728e+01
5.109174049728493827e+01,1.080490284398467438e+01
5.111174621320377298e+01,1.093530695652187035e+01
5.113175192912260769e+01,1.039601261965755619e+01
5.115175764504144240e+01,1.005055872139941364e+01
5.117176336096027711e+01,1.089781802031720304e+01
5.119176907687911182e+01,1.090944065515429351e+01
5.121177479279794653e+01,1.072184816468033475e+01
5.123178050871678124e+01,9.911598671072678002e+00
5.125178622463561595e+01,1.076511444605835521e+01
5.127179194055444356e+01,1.127912103331643578e+01
5.129179765647327827e+01,1.174537884130953813e+01
5.131180337239211298e+01,1.131540522204937815e+01
5.133180908831094769e+01,1.137733651501143584e+01
5.135181480422978240e+01,1.220862925848440028e+01
5.137182052014861711e+01,1.210696877264406623e+01
5.139182623606745182e+01,1.180100530152146199e+01
5.141183195198628653e+01,1.258086883087634256e+01
5.143183766790512124e+01,1.332099594433393008e+01
5.145184338382394884e+01,1.343976206625886149e+01
5.147184909974278355e+01,1.366557430307195631e+01
5.149185481566161826e+01,1.512753531197367174e+01
5.151186053158045297e+01,1.462003086754492287e+01
5.153186624749928768e+01,1.583568704951174055e+01
5.155187196341812239e+01,1.662213053202734869e+01
5.157187767933695710e+01,1.691920664788927553e+01
5.159188339525579181e+01,1.761526369732132480e+01
5.161188911117462652e+01,1.952896676322145453e+01
5.163189482709345413e+01,1.999187996015999502e+01
5.165190054301228884e+01,2.046368799387103721e+01
5.167190625893112355e+01,2.118827624431381196e+01
5.169191197484995826e+01,2.210262066152420246e+01
5.171191769076879297e+01,2.156879544484353417e+01
5.173192340668762768e+01,2.309383654051205426e+01
5.175192912260646239e+01,2.294394701475866327e+01
5.177193483852529710e+01,2.271963423000362781e+01
5.179194055444413181e+01,2.345089695929701890e+01
5.181194627036296652e+01,2.262890228429473893e+01
5.183195198628179412e+01,2.217436643065638791e+01
5.185195770220062883e+01,2.242245025328232444e+01
5.187196341811946354e+01,2.206635630385061120e+01
5.189196913403829825e+01,2.208830986384207407e+01
5.191197484995713296e+01,2.139440377858575815e+01
5.193198056587596767e+01,2.103703824823073631e+01
5.195198628179480238e+01,2.100525742300945353e+01
5.197199199771363709e+01,2.199831094271843313e+01
5.199199771363247180e+01,2.184756907844319329e+01
5.201200342955129940e+01,2.200364015188487699e+01
5.203200914547013411e+01,2.289125786107589988e+01
5.205201486138896882e+01,2.341020366593368962e+01
5.207202057730780353e+01,2.352221622955776326e+01
5.209202629322663824e+01,2.522718452473038298e+01
5.211203200914547295e+01,2.512653303298868934e+01
5.213203772506430766e+01,2.642438648101515142e+01
5.215204344098314237e+01,2.860921515996525599e+01
5.217204915690197708e+01,2.917300011545776783e+01
5.219205487282081180e+01,3.067715016710634757e+01
5.221206058873963940e+01,3.160332386495248613e+01
5.223206630465847411e+01,3.178877435187604661e+01
5.225207202057730882e+01,3.313487970585654807e+01
5.227207773649614353e+01,3.408250660201703397e+01
5.229208345241497824e+01,3.328710288492678160e+01
5.231208916833381295e+01,3.379882519468419133e+01
5.233209488425264766e+01,3.406935085298855626e+01
5.235210060017148237e+01,3.399003187786807700e+01
5.237210631609031708e+01,3.268498966751209878e+01
5.239211203200914468e+01,3.220432164716545742e+01
5.241211774792797939e+01,3.123244965121199357e+01
5.243212346384681410e+01,2.969565488558046695e+01
5.245212917976564881e+01,2.932021100220257637e+01
5.247213489568448352e+01,2.772791117790981730e+01
5.249214061160331823e+01,2.609392862137381286e+01
5.251214632752215294e+01,2.499703388996568520e+01
5.253215204344098765e+01,2.366286996521834141e+01
5.255215775935982236e+01,2.302663095516052749e+01
5.257216347527864997e+01,2.224851841876238723e+01
5.259216919119748468e+01,2.112409937327446841e+01
5.261217490711631939e+01,2.087288008442161313e+01
5.263218062303515410e+01,2.045258020370859953e+01
5.265218633895398881e+01,2.005208498881154711e+01
5.267219205487282352e+01,1.941600470228725328e+01
5.269219777079165823e+01,1.904227217473881240e+01
5.271220348671049294e+01,1.943760985822068932e+01
5.273220920262932765e+01,1.865266592562662851e+01
5.275221491854816236e+01,1.905200999396134875e+01
5.277222063446698996e+01,1.868862935435279482e+01
5.279222635038582467e+01,1.828527321753454160e+01
5.281223206630465938e+01,1.853190019376333453e+01
5.283223778222349409e+01,1.855284358573696224e+01
5.285224349814232880e+01,1.885466566017389667e+01
5.287224921406116351e+01,1.932088123987290373e+01
5.289225492997999822e+01,1.944645116046550015e+01
5.291226064589883293e+01,1.923631852287650190e+01
5.293226636181766764e+01,1.917670498466431894e+01
5.295227207773649525e+01,1.877728956782816994e+01
5.297227779365532996e+01,1.984181279343081172e+01
5.299228350957416467e+01,1.905093411835415651e+01
5.301228922549299938e+01,1.921234177696155854e+01
5.303229494141183409e+01,1.865588120221227797e+01
5.305230065733066880e+01,1.893825850137698552e+01
5.307230637324950351e+01,1.999097539122290357e+01
5.309231208916833822e+01,1.867612196981409767e+01
5.311231780508717293e+01,1.908718839364270536e+01
5.313232352100600764e+01,1.987119089193812371e+01
5.315232923692483524e+01,1.922747215061538029e+01
5.317233495284366995e+01,1.940228021044108786e+01
5.319234066876250466e+01,1.970279657316347155e+01
5.321234638468133937e+01,1.978728469052792605e+01
5.323235210060017408e+01,1.902802141147747506e+01
5.325235781651900879e+01,1.951018980075819087e+01
5.327236353243784350e+01,1.953334747222271517e+01
5.329236924835667821e+01,1.822388084380839857e+01
5.331237496427551292e+01,1.897899098448880650e+01
5.333238068019434053e+01,1.890196469135372936e+01
5.335238639611317524e+01,1.881327294753099011e+01
5.337239211203200995e+01,1.839989834771505173e+01
5.339239782795084466e+01,1.791469081316200374e+01
5.341240354386967937e+01,1.793412309920335446e+01
5.343240925978851408e+01,1.774915158159577899e+01
5.345241497570734879e+01,1.751527472299535759e+01
5.347242069162618350e+01,1.778199690870751937e+01
5.349242640754501821e+01,1.759949596325500920e+01
5.351243212346384581e+01,1.679126139800312956e+01
5.353243783938268052e+01,1.677450930603867008e+01
5.355244355530151523e+01,1.635338607815079115e+01
5.357244927122034994e+01,1.660052049849247879e+01
5.359245498713918465e+01,1.575982961071454014e+01
5.361246070305801936e+01,1.559368391548819233e+01
5.363246641897685407e+01,1.577083728522262618e+01
5.365247213489568878e+01,1.525665640841660675e+01
5.367247785081452349e+01,1.471462228559515495e+01
5.369248356673335820e+01,1.557133246315503960e+01
5.371248928265218581e+01,1.462451705406870417e+01
5.373249499857102052e+01,1.446909902883851196e+01
5.375250071448985523e+01,1.447165502566291906e+01
5.377250643040868994e+01,1.439062850680878469e+01
5.379251214632752465e+01,1.417227405641057558e+01
5.381251786224635936e+01,1.360203710446523395e+01
5.383252357816519407e+01,1.420532708047689141e+01
5.385252929408402878e+01,1.386162355454773021e+01
5.387253501000286349e+01,1.420158174075170265e+01
5.389254072592169109e+01,1.436309989011329868e+01
5.391254644184052580e+01,1.435536769125171475e+01
5.393255215775936051e+01,1.425022580605687139e+01
5.395255787367819522e+01,1.396578233860366325e+01
5.397256358959702993e+01,1.395217758988496115e+01
5.399256930551586464e+01,1.407848147679288253e+01
5.401257502143469935e+01,1.497997153927496328e+01
5.403258073735353406e+01,1.439285222097672978e+01
5.405258645327236877e+01,1.467549215473713176e+01
5.407259216919120348e+01,1.407082943840125644e+01
5.409259788511003109e+01,1.448341589548592090e+01
5.411260360102886580e+01,1.450929469214264600e+01
5.413260931694770051e+01,1.469768358157906896e+01
5.415261503286653522e+01,1.416266738202462605e+01
5.417262074878536993e+01,1.423588856623765331e+01
5.419262646470420464e+01,1.418082186819913382e+01
5.421263218062303935e+01,1.408575428563332821e+01
5.423263789654187406e+01,1.428078844521316171e+01
5.425264361246070877e+01,1.428876752803279082e+01
5.427264932837953637e+01,1.416953734649470675e+01
5.429265504429837108e+01,1.496625057335967846e+01
5.431266076021720579e+01,1.400908601094757699e+01
5.433266647613604050e+01,1.463578154236261497e+01
5.435267219205487521e+01,1.446002270253516286e+01
5.437267790797370992e+01,1.506952180760091053e+01
5.439268362389254463e+01,1.440232664971176391e+01
5.441268933981137934e+01,1.445095251377738066e+01
5.443269505573021405e+01,1.524234029324635742e+01
5.445270077164904166e+01,1.566177926967343836e+01
5.447270648756787637e+01,1.572778340039415212e+01
5.449271220348671108e+01,1.639687679341017201e+01
5.451271791940554579e+01,1.630038717692436379e+01
5.453272363532438050e+01,1.723266601842298584e+01
5.455272935124321521e+01,1.703567824051409474e+01
5.457273506716204992e+01,1.721491715203575978e+01
5.459274078308088463e+01,1.738919664263101694e+01
5.461274649899971934e+01,1.800042466808836394e+01
5.463275221491855405e+01,1.868027717845584590e+01
5.465275793083738165e+01,1.922368076934652592e+01
5.467276364675621636e+01,1.914501031160081368e+01
5.469276936267505107e+01,1.897371337620815268e+01
5.471277507859388578e+01,1.970701159252863732e+01
5.473278079451272049e+01,2.061217272775913756e+01
5.475278651043155520e+01,1.963744208842516414e+01
5.477279222635038991e+01,1.946505418771597107e+01
5.479279794226922462e+01,1.988721125014644642e+01
5.481280365818805933e+01,2.047196962744335025e+01
5.483280937410688693e+01,2.041582371090407833e+01
5.485281509002572164e+01,2.000473645420753144e+01
5.487282080594455635e+01,2.045801356097198109e+01
5.489282652186339106e+01,1.960827423317216756e+01
5.491283223778222577e+01,1.940381516572869458e+01
5.493283795370106048e+01,1.888437195016811998e+01
5.495284366961989519e+01,1.889701625612249813e+01
5.497284938553872990e+01,1.917135421779721938e+01
5.499285510145756461e+01,1.794962075791444533e+01
5.501286081737639222e+01,1.831501467637963643e+01
5.503286653329522693e+01,1.670455017173233614e+01
5.505287224921406164e+01,1.667388823443445744e+01
5.507287796513289635e+01,1.692406654150907030e+01
5.509288368105173106e+01,1.729876852788749275e+01
5.511288939697056577e+01,1.551266873936761037e+01
5.513289511288940048e+01,1.650792026812665014e+01
5.515290082880823519e+01,1.534577651423682099e+01
5.517290654472706990e+01,1.533820202782226971e+01
5.519291226064590461e+01,1.500125055327319501e+01
5.521291797656473221e+01,1.550538526509741644e+01
5.523292369248356692e+01,1.497992282367782657e+01
5.525292940840240163e+01,1.504463962871342808e+01
5.527293512432123634e+01,1.413392377326120908e+01
5.529294084024007105e+01,1.402086877938389264e+01
5.531294655615890576e+01,1.351956562982518051e+01
5.533295227207774047e+01,1.430993756435291608e+01
5.535295798799657518e+01,1.419848092712519261e+01
5.537296370391540989e+01,1.377439866021116899e+01
5.539296941983423750e+01,1.359133104764617883e+01
5.541297513575307221e+01,1.328895225361653942e+01
5.543298085167190692e+01,1.314802179709964314e+01
5.545298656759074163e+01,1.317700551197323122e+01
5.547299228350957634e+01,1.284474771552253891e+01
5.549299799942841105e+01,1.385669312484569460e+01
5.551300371534724576e+01,1.282574635065770252e+01
5.553300943126608047e+01,1.277156208084776168e+01
5.555301514718491518e+01,1.353779632123589316e+01
5.557302086310374989e+01,1.316976049910731739e+01
5.559302657902257749e+01,1.218830179100200617e+01
5.561303229494141220e+01,1.234441457186018098e+01
5.563303801086024691e+01,1.241706535056549754e+01
5.565304372677908162e+01,1.366518655321059583e+01
5.567304944269791633e+01,1.231958136566245088e+01
5.569305515861675104e+01,1.257558851784241050e+01
5.571306087453558575e+01,1.379874236619290073e+01
5.573306659045442046e+01,1.268586388012874266e+01
5.575307230637325517e+01,1.278680813069344779e+01
5.577307802229208278e+01,1.351850927567726046e+01
5.579308373821091749e+01,1.317394414371139888e+01
5.581308945412975220e+01,1.305068712365983430e+01
5.583309517004858691e+01,1.280526745881986272e+01
5.585310088596742162e+01,1.279889550655350838e+01
5.587310660188625633e+01,1.306477947863523070e+01
5.589311231780509104e+01,1.275384724967734407e+01
5.591311803372392575e+01,1.271800484004274345e+01
5.593312374964276046e+01,1.226669071559465962e+01
5.595312946556158806e+01,1.312809285250866687e+01
5.597313518148042277e+01,1.280283801993269854e+01
5.599314089739925748e+01,1.180789304031062059e+01
5.601314661331809219e+01,1.229123801910881753e+01
5.603315232923692690e+01,1.157450127679600271e+01
5.605315804515576161e+01,1.204976370930997120e+01
5.607316376107459632e+01,1.188958384044644845e+01
5.609316947699343103e+01,1.168590894741850406e+01
5.611317519291226574e+01,1.104087405420227697e+01
5.613318090883110045e+01,1.104777515601631066e+01
5.615318662474992806e+01,1.260179627492267151e+01
5.617319234066876277e+01,1.235620679495965746e+01
5.619319805658759748e+01,1.208159236787989066e+01
5.621320377250643219e+01,1.194114473569805313e+01
5.623320948842526690e+01,1.153689180333427444e+01
5.625321520434410161e+01,1.192179081692775711e+01
5.627322092026293632e+01,1.202676872127437946e+01
5.629322663618177103e+01,1.121568635798362124e+01
5.631323235210060574e+01,1.180959919868089614e+01
5.633323806801943334e+01,1.238395010428993714e+01
5.635324378393826805e+01,1.233906430345421512e+01
5.637324949985710276e+01,1.274215470144276452e+01
5.639325521577593747e+01,1.145124821278171012e+01
5.641326093169477218e+01,1.119424465343606911e+01
5.643326664761360689e+01,1.163837322090811277e+01
5.645327236353244160e+01,1.199256491051919227e+01
5.647327807945127631e+01,1.189142452305668485e+01
5.649328379537011102e+01,1.196314523324581458e+01
5.651328951128894573e+01,1.206965551450079488e+01
5.653329522720777334e+01,1.257235470053646686e+01
5.655330094312660805e+01,1.151894562662373644e+01
5.657330665904544276e+01,1.273552714996109536e+01
5.659331237496427747e+01,1.277200215920410287e+01
5.661331809088311218e+01,1.269958631671433835e+01
5.663332380680194689e+01,1.172971578137314452e+01
5.665332952272078160e+01,1.208483414342728679e+01
5.667333523863961631e+01,1.246726769445668204e+01
5.669334095455845102e+01,1.199766195430159854e+01
5.671334667047727862e+01,1.223964507543558256e+01
5.673335238639611333e+01,1.133422894158766425e+01
5.675335810231494804e+01,1.226722256184203808e+01
5.677336381823378275e+01,1.296924615801622593e+01
5.679336953415261746e+01,1.268272845877077160e+01
5.681337525007145217e+01,1.227033634573201581e+01
5.683338096599028688e+01,1.152156699717440702e+01
5.685338668190912159e+01,1.179305862308109454e+01
5.687339239782795630e+01,1.255376676737996000e+01
5.689339811374678391e+01,1.215919252913107229e+01
5.691340382966561862e+01,1.130639738506028102e+01
5.693340954558445333e+01,1.217549924428954355e+01
5.695341526150328804e+01,1.193530083014234400e+01
5.697342097742212275e+01,1.151471183690302880e+01
5.699342669334095746e+01,1.185879734489312121e+01
5.701343240925979217e+01,1.158791052085388884e+01
5.703343812517862688e+01,1.161643147836857182e+01
5.705344384109746159e+01,1.154195009787097703e+01
5.707344955701629630e+01,1.167713681713784446e+01
5.709345527293512390e+01,1.160111295597259229e+01
5.711346098885395861e+01,1.221536074619552181e+01
5.713346670477279332e+01,1.144400792156325330e+01
5.715347242069162803e+01,1.133938012454923694e+01
5.717347813661046274e+01,1.134765816635865221e+01
5.719348385252929745e+01,1.120929521365038717e+01
5.721348956844813216e+01,1.134000905234928780e+01
5.723349528436696687e+01,1.215233282805068882e+01
5.725350100028580158e+01,1.217207691268191638e+01
5.727350671620462919e+01,1.212355842811636464e+01
5.729351243212346390e+01,1.140523327127561792e+01
5.731351814804229861e+01,1.209359672137230390e+01
5.733352386396113332e+01,1.139163494129872234e+01
5.735352957987996803e+01,1.186068869838036477e+01
5.737353529579880274e+01,1.127211557141426823e+01
5.739354101171763745e+01,1.121264807976750433e+01
5.741354672763647216e+01,1.148246576814150011e+01
5.743355244355530687e+01,1.078934735127969091e+01
5.745355815947414158e+01,1.078291936897749714e+01
5.747356387539296918e+01,1.155726062631557483e+01
5.749356959131180389e+01,1.189781944680699510e+01
5.751357530723063860e+01,1.219302334715385072e+01
5.753358102314947331e+01,1.177560052506377275e+01
5.755358673906830802e+01,1.226239049072888676e+01
5.757359245498714273e+01,1.072467554970307546e+01
5.759359817090597744e+01,1.147595759046600428e+01
5.761360388682481215e+01,1.184483061532189829e+01
5.763360960274364686e+01,1.185447740842997888e+01
5.765361531866247446e+01,1.162438823441037883e+01
5.767362103458130917e+01,1.194880947696918483e+01
5.769362675050014388e+01,1.154372278302671084e+01
5.771363246641897859e+01,1.238174242126586577e+01
5.773363818233781330e+01,1.181097293867832576e+01
5.775364389825664801e+01,1.146919284119645255e+01
5.777364961417548272e+01,1.129094911257721101e+01
5.779365533009431743e+01,1.128118084509414842e+01
5.781366104601315214e+01,1.115518632791084030e+01
5.783366676193197975e+01,1.164379971496181909e+01
5.785367247785081446e+01,1.156732142393006235e+01
5.787367819376964917e+01,1.131380014446545346e+01
5.789368390968848388e+01,1.134856880948109747e+01
5.791368962560731859e+01,1.127654272581219885e+01
5.793369534152615330e+01,1.048074996128370273e+01
5.795370105744498801e+01,1.077717713006641809e+01
5.797370677336382272e+01,1.030868653592925277e+01
5.799371248928265743e+01,1.022866623581541745e+01
5.801371820520149214e+01,1.054246952035526164e+01
5.803372392112031974e+01,1.090594507799887225e+01
5.805372963703915445e+01,1.088843345207821933e+01
5.807373535295798916e+01,1.070798520813694488e+01
5.809374106887682387e+01,1.092817373729814889e+01
5.811374678479565858e+01,1.066352069197292529e+01
5.813375250071449329e+01,1.092308442173524163e+01
5.815375821663332800e+01,1.076266440463947660e+01
5.817376393255216271e+01,1.129018315658184335e+01
5.819376964847099742e+01,1.091723908626137174e+01
5.821377536438982503e+01,1.143225182581016952e+01
5.823378108030865974e+01,1.163471229554840036e+01
5.825378679622749445e+01,1.190751492695900282e+01
5.827379251214632916e+01,1.148701753114372437e+01
5.829379822806516387e+01,1.198823500534900077e+01
5.831380394398399858e+01,1.197715245159256980e+01
5.833380965990283329e+01,1.316878122917892568e+01
5.835381537582166800e+01,1.287405475222994866e+01
5.837382109174050271e+01,1.289978892190825910e+01
5.839382680765933742e+01,1.318627711139968284e+01
5.841383252357816502e+01,1.358387488035322832e+01
5.843383823949699973e+01,1.343080203224349134e+01
5.845384395541583444e+01,1.394347957948516381e+01
5.847384967133466915e+01,1.420185234485206394e+01
5.849385538725350386e+01,1.429700519738416098e+01
5.851386110317233857e+01,1.473489642836172209e+01
5.853386681909117328e+01,1.435306858489748727e+01
5.855387253501000799e+01,1.376824386499427888e+01
5.857387825092884270e+01,1.507167140519522164e+01
5.859388396684767031e+01,1.512601809327234648e+01
5.861388968276650502e+01,1.470493159402518479e+01
5.863389539868533973e+01,1.469524946812517996e+01
5.865390111460417444e+01,1.547658927250236260e+01
5.867390683052300915e+01,1.550610249057707790e+01
5.869391254644184386e+01,1.611385331510949470e+01
5.871391826236067857e+01,1.598664182059669336e+01
5.873392397827951328e+01,1.605962132872175374e+01
5.875392969419834799e+01,1.610841660948924314e+01
5.877393541011717559e+01,1.630806307865999116e+01
5.879394112603601030e+01,1.696672931194083844e+01
5.881394684195484501e+01,1.625765599634224046e+01
5.883395255787367972e+01,1.559704455981525584e+01
5.885395827379251443e+01,1.620765176919059058e+01
5.887396398971134914e+01,1.609955028240787556e+01
5.889396970563018385e+01,1.629408938722561473e+01
5.891397542154901856e+01,1.639855513876452164e+01
5.893398113746785327e+01,1.660371968147856236e+01
5.895398685338668798e+01,1.590074768153900209e+01
5.897399256930551559e+01,1.537914890838071003e+01
5.899399828522435030e+01,1.516350256727992374e+01
5.901400400114318501e+01,1.517103919660313593e+01
5.903400971706201972e+01,1.451916320614535749e+01
5.905401543298085443e+01,1.548459662196507836e+01
5.907402114889968914e+01,1.493644549614072758e+01
5.909402686481852385e+01,1.581290091625055361e+01
5.911403258073735856e+01,1.503681026483775618e+01
5.913403829665619327e+01,1.523416652971436136e+01
5.915404401257502087e+01,1.546226182859957277e+01
5.917404972849385558e+01,1.554919093305954547e+01
5.919405544441269029e+01,1.617746216605570098e+01
5.921406116033152500e+01,1.559813178993478999e+01
5.923406687625035971e+01,1.570384826123363453e+01
5.925407259216919442e+01,1.617903021884611547e+01
5.927407830808802913e+01,1.552386487917738833e+01
5.929408402400686384e+01,1.662544481382500550e+01
5.931408973992569855e+01,1.667916629645229420e+01
5.933409545584453326e+01,1.586702328809644058e+01
5.935410117176336087e+01,1.711339782838741641e+01
5.937410688768219558e+01,1.673347162983171543e+01
5.939411260360103029e+01,1.696421964101354263e+01
5.941411831951986500e+01,1.645500033837465637e+01
5.943412403543869971e+01,1.647224662703902354e+01
5.945412975135753442e+01,1.586869546427815436e+01
5.947413546727636913e+01,1.644945900640632530e+01
5.949414118319520384e+01,1.681863756630497519e+01
5.951414689911403855e+01,1.651131150897202104e+01
5.953415261503286615e+01,1.699459452632717316e+01
5.955415833095170086e+01,1.622845821724355631e+01
5.957416404687053557e+01,1.643242332193085176e+01
5.959416976278937028e+01,1.678078588161879381e+01
5.961417547870820499e+01,1.609763432194213806e+01
5.963418119462703970e+01,1.574407627075304106e+01
5.965418691054587441e+01,1.591567417177644828e+01
5.967419262646470912e+01,1.559675252590488093e+01
5.969419834238354383e+01,1.611658647200114203e+01
5.971420405830237144e+01,1.652491749359523610e+01
5.973420977422120615e+01,1.666522246555898334e+01
5.975421549014004086e+01,1.539389026499822677e+01
5.977422120605887557e+01,1.559279997044192179e+01
5.979422692197771028e+01,1.506170336118091058e+01
5.981423263789654499e+01,1.458129799221190481e+01
5.983423835381537970e+01,1.497701180512973806e+01
5.985424406973421441e+01,1.549800804526107001e+01
5.987424978565304912e+01,1.473300301376745480e+01
5.989425550157188383e+01,1.463481164044661753e+01
5.991426121749071143e+01,1.491541865879779927e+01
5.993426693340954614e+01,1.414065129699280376e+01
5.995427264932838085e+01,1.353128516595725195e+01
5.997427836524721556e+01,1.369998797191984430e+01
5.999428408116605027e+01,1.369174136066211389e+01
6.001428979708488498e+01,1.239226009921994276e+01
6.003429551300371969e+01,1.270797625567639244e+01
6.005430122892255440e+01,1.252072531030724001e+01
6.007430694484138911e+01,1.235073040088460417e+01
6.009431266076021672e+01,1.238962253062486596e+01
6.011431837667905143e+01,1.267997269571301544e+01
6.013432409259788614e+01,1.171164320099945044e+01
6.015432980851672085e+01,1.172901940348057437e+01
6.017433552443555556e+01,1.221633377283915678e+01
6.019434124035439027e+01,1.212815255374611922e+01
6.021434695627322498e+01,1.189749937604220520e+01
6.023435267219205969e+01,1.176917249383417641e+01
6.025435838811089440e+01,1.180275760872267909e+01
6.027436410402972911e+01,1.246920960906209075e+01
6.029436981994855671e+01,1.171005874854204798e+01
6.031437553586739142e+01,1.247804368746198556e+01
6.033438125178622613e+01,1.134420355600876462e+01
6.035438696770506084e+01,1.247762728699972001e+01
6.037439268362389555e+01,1.139263660537680600e+01
6.039439839954273026e+01,1.215056070193552173e+01
6.041440411546156497e+01,1.163499646449259473e+01
6.043440983138039968e+01,1.225014962664397444e+01
6.045441554729923439e+01,1.303609926945374653e+01
6.047442126321806199e+01,1.239768099120281164e+01
6.049442697913689670e+01,1.212989211083106333e+01
6.051443269505573141e+01,1.218404316590972414e+01
6.053443841097456612e+01,1.213301883523486246e+01
6.055444412689340083e+01,1.261013774857668679e+01
6.057444984281223554e+01,1.245092254429105516e+01
6.059445555873107025e+01,1.207963001832069594e+01
6.061446127464990496e+01,1.221758252544530166e+01
6.063446699056873967e+01,1.181181894569096613e+01
6.065447270648756728e+01,1.168474702176075297e+01
6.067447842240640199e+01,1.266908515392145596e+01
6.069448413832523670e+01,1.251673300289808921e+01
6.071448985424407141e+01,1.208153783832334582e+01
6.073449557016290612e+01,1.207527804483892098e+01
6.075450128608174083e+01,1.232078575186656266e+01
6.077450700200057554e+01,1.212978562748637401e+01
6.079451271791941025e+01,1.248212282144170970e+01
6.081451843383824496e+01,1.196937696881875013e+01
6.083452414975707967e+01,1.287904708630457407e+01
6.085452986567590727e+01,1.275468539668276868e+01
6.087453558159474198e+01,1.185730735220368715e+01
6.089454129751357669e+01,1.261284809419609054e+01
6.091454701343241140e+01,1.202207667897322985e+01
6.093455272935124611e+01,1.191386296493295482e+01
6.095455844527008082e+01,1.239375334508904025e+01
6.097456416118891553e+01,1.299253476858779166e+01
6.099456987710775024e+01,1.197303178406102120e+01
6.101457559302658495e+01,1.263548438235352478e+01
6.103458130894541256e+01,1.297246045684167903e+01
6.105458702486424727e+01,1.222002714032689141e+01
6.107459274078308198e+01,1.317734582649905839e+01
6.109459845670191669e+01,1.285844356589390713e+01
6.111460417262075140e+01,1.292486237465822008e+01
6.113460988853958611e+01,1.265248736008899044e+01
6.115461560445842082e+01,1.273294158520854324e+01
6.117462132037725553e+01,1.271148781396976801e+01
6.119462703629609024e+01,1.334729907388728520e+01
6.121463275221492495e+01,1.246692386306798817e+01
6.123463846813375255e+01,1.328853266587503157e+01
6.125464418405258726e+01,1.225838077374215729e+01
6.127464989997142197e+01,1.285440592437110396e+01
6.129465561589025668e+01,1.255792363427002201e+01
6.131466133180909139e+01,1.295721774313886954e+01
6.133466704772792610e+01,1.211022279548594405e+01
6.135467276364676081e+01,1.301563333650238796e+01
6.137467847956559552e+01,1.312660068462728447e+01
6.139468419548443023e+01,1.264681040625375097e+01
6.141468991140325784e+01,1.307917116522751044e+01
6.143469562732209255e+01,1.243123096661261862e+01
6.145470134324092726e+01,1.342517807844007471e+01
6.147470705915976197e+01,1.282781319220631389e+01
6.149471277507859668e+01,1.250422923889994919e+01
6.151471849099743139e+01,1.238752176444217312e+01
6.153472420691626610e+01,1.322999708925106788e+01
6.155472992283510081e+01,1.282189107241858217e+01
6.157473563875393552e+01,1.214052889558720416e+01
6.159474135467276312e+01,1.290120250718962858e+01
6.161474707059159783e+01,1.379191706200451506e+01
6.163475278651043254e+01,1.260476753826603158e+01
6.165475850242926725e+01,1.327808360288366885e+01
6.167476421834810196e+01,1.341630335155650044e+01
6.169476993426693667e+01,1.347258941520158615e+01
6.171477565018577138e+01,1.293567190328070637e+01
6.173478136610460609e+01,1.324402804954028490e+01
6.175478708202344080e+01,1.254456925450656435e+01
6.177479279794227551e+01,1.280640192512689168e+01
6.179479851386110312e+01,1.186354311318101118e+01
6.181480422977993783e+01,1.176035945321586240e+01
6.183480994569877254e+01,1.135397701205499033e+01
6.185481566161760725e+01,1.199466054398100745e+01
6.187482137753644196e+01,1.202100537109507528e+01
6.189482709345527667e+01,1.148940116791033716e+01
6.191483280937411138e+01,1.085182204128720329e+01
6.193483852529294609e+01,1.017098801160880583e+01
6.195484424121178080e+01,1.016709234244439486e+01
6.197484995713060840e+01,1.072193166736403569e+01
6.199485567304944311e+01,1.053861314316967857e+01
6.201486138896827782e+01,1.048173550843082324e+01
6.203486710488711253e+01,9.382201685162344873e+00
6.205487282080594724e+01,9.318930429792299464e+00
6.207487853672478195e+01,9.690440174718176536e+00
6.209488425264361666e+01,9.736021619085306611e+00
6.211488996856245137e+01,9.270873691144384310e+00
6.213489568448128608e+01,9.904449043438585676e+00
6.215490140040011369e+01,9.823242399547986281e+00
6.217490711631894840e+01,1.047732084375066464e+01
6.219491283223778311e+01,9.622013785223209936e+00
6.221491854815661782e+01,1.000179110444315533e+01
6.223492426407545253e+01,9.805902180042778582e+00
6.225492997999428724e+01,9.912581604739806096e+00
6.227493569591312195e+01,1.015407086933240777e+01
6.229494141183195666e+01,9.750160437019083304e+00
6.231494712775079137e+01,1.002319813583141439e+01
6.233495284366962608e+01,9.480992942820872571e+00
6.235495855958845368e+01,1.059913543999994445e+01
6.237496427550728839e+01,9.821456361537192592e+00
6.239496999142612310e+01,1.068901177676317893e+01
6.241497570734495781e+01,9.143132960106534313e+00
6.243498142326379252e+01,1.016492555966114608e+01
6.245498713918262723e+01,9.608473450518092207e+00
6.247499285510146194e+01,9.778539287589959272e+00
6.249499857102029665e+01,1.047790446494029482e+01
6.251500428693913136e+01,9.465848833442292332e+00
6.253501000285795897e+01,9.764644307419363400e+00
6.255501571877679368e+01,9.929597628546952492e+00
6.257502143469562839e+01,9.735511162468160506e+00
6.259502715061446310e+01,9.558980593586454688e+00
6.261503286653329781e+01,1.000418786057491616e+01
6.263503858245213252e+01,1.004439917227239398e+01
6.265504429837096723e+01,1.009247990533079076e+01
6.267505001428980194e+01,9.090772913059227633e+00
6.269505573020863665e+01,9.426675439301531512e+00
6.271506144612747136e+01,9.414248887284609069e+00
6.273506716204629896e+01,1.024733645419071593e+01
6.275507287796513367e+01,1.029792991488304210e+01
6.277507859388396838e+01,1.034072454572836541e+01
6.279508430980280309e+01,1.001760746148599068e+01
6.281509002572163780e+01,9.315822163682904389e+00
6.283509574164047251e+01,9.742598022765115218e+00
6.285510145755930722e+01,9.884956228966123248e+00
6.287510717347814193e+01,1.073464333430424844e+01
6.289511288939697664e+01,1.058490588281006950e+01
6.291511860531580425e+01,9.732220844669674520e+00
6.293512432123463896e+01,1.014113061351768508e+01
6.295513003715347367e+01,1.063221355931936252e+01
6.297513575307230838e+01,1.039185880994648414e+01
6.299514146899114309e+01,1.120635373570121551e+01
6.301514718490997780e+01,1.028417201268469228e+01
6.303515290082881251e+01,1.081622336335828649e+01
6.305515861674764722e+01,9.755440123627792559e+00
6.307516433266648193e+01,1.048944066200193959e+01
6.309517004858530953e+01,1.078327901211166129e+01
6.311517576450414424e+01,1.047434048359241032e+01
6.313518148042297895e+01,1.067090933704795930e+01
6.315518719634181366e+01,1.009228746121561393e+01
6.317519291226064837e+01,1.126098847973664263e+01
6.319519862817948308e+01,1.135251518389697623e+01
6.321520434409831779e+01,1.002603594498297035e+01
6.323521006001715250e+01,1.112194814210512739e+01
6.325521577593598721e+01,1.028273220064111015e+01
6.327522149185482192e+01,1.052413742517105177e+01
6.329522720777364952e+01,1.051041165590095083e+01
6.331523292369248423e+01,1.100656460674055026e+01
6.333523863961131894e+01,1.099166797304018850e+01
6.335524435553015365e+01,1.034518181351786481e+01
6.337525007144898836e+01,1.082866387937720987e+01
6.339525578736782307e+01,1.121250306118816376e+01
6.341526150328665778e+01,1.107493814512104358e+01
6.343526721920549249e+01,1.150909475018776718e+01
6.345527293512432720e+01,1.145902981986771785e+01
6.347527865104315481e+01,1.090823253906547663e+01
6.349528436696198952e+01,1.132204697630923107e+01
6.351529008288082423e+01,1.021667083549180965e+01
6.353529579879965894e+01,1.079424757030136561e+01
6.355530151471849365e+01,1.085628995826752607e+01
6.357530723063732836e+01,1.131040036546279559e+01
6.359531294655616307e+01,1.071895380684279431e+01
6.361531866247499778e+01,1.115622571268018959e+01
6.363532437839383249e+01,1.076265364419971604e+01
6.365533009431266720e+01,1.125362070727782005e+01
6.367533581023149480e+01,1.108829792643829570e+01
6.369534152615032951e+01,1.142193538305431311e+01
6.371534724206916422e+01,1.147241700132443043e+01
6.373535295798799893e+01,1.189034744120441189e+01
6.375535867390683364e+01,1.180095971250164055e+01
6.377536438982566835e+01,1.169423336388924461e+01
6.379537010574450306e+01,1.197430855521345272e+01
6.381537582166333777e+01,1.258593246227266427e+01
6.383538153758217248e+01,1.274219563068185934e+01
6.385538725350100009e+01,1.265183543325710502e+01
6.387539296941983480e+01,1.314321808332011443e+01
6.389539868533866951e+01,1.303353810398370882e+01
6.391540440125750422e+01,1.344372795147360478e+01
6.393541011717633893e+01,1.405113304445256617e+01
6.395541583309517364e+01,1.273188475177335377e+01
6.397542154901400835e+01,1.344020970555935257e+01
6.399542726493284306e+01,1.342965073370485030e+01
6.401543298085167066e+01,1.370008339809673359e+01
6.403543869677051248e+01,1.450408446083809721e+01
6.405544441268934008e+01,1.368780096732166029e+01
6.407545012860816769e+01,1.406612802341487267e+01
6.409545584452700950e+01,1.369927921206151922e+01
6.411546156044585132e+01,1.360302723571842876e+01
6.413546727636467892e+01,1.367950898034491658e+01
6.415547299228350653e+01,1.381600196316768958e+01
6.417547870820234834e+01,1.381325266872158863e+01
6.419548442412119016e+01,1.347009834445054111e+01
6.421549014004001776e+01,1.315743148697773535e+01
6.423549585595884537e+01,1.288031355156520874e+01
6.425550157187768718e+01,1.306325986842978359e+01
6.427550728779651479e+01,1.348645770802134081e+01
6.429551300371534239e+01,1.356479355444603740e+01
6.431551871963418421e+01,1.327650354628231710e+01
6.433552443555302602e+01,1.251976276366724328e+01
6.435553015147185363e+01,1.311296631323429729e+01
6.437553586739068123e+01,1.219834806437353691e+01
6.439554158330952305e+01,1.299391531602417160e+01
6.441554729922835065e+01,1.189728525942837578e+01
6.443555301514717826e+01,1.196555091144797700e+01
6.445555873106602007e+01,1.220507311971865150e+01
6.447556444698486189e+01,1.224933396265540075e+01
6.449557016290368949e+01,1.220401751236186172e+01
6.451557587882251710e+01,1.252566484092356625e+01
6.453558159474135891e+01,1.249654839504764858e+01
6.455558731066020073e+01,1.229030373239678298e+01
6.457559302657902833e+01,1.149464295410190218e+01
6.459559874249785594e+01,1.138600113919324031e+01
6.461560445841669775e+01,1.140599992903022120e+01
6.463561017433552536e+01,1.220066403433470015e+01
6.465561589025435296e+01,1.189933937547801435e+01
6.467562160617319478e+01,1.127613933877668018e+01
6.469562732209203659e+01,1.228530427322117724e+01
6.471563303801086420e+01,1.199461112755989589e+01
6.473563875392969180e+01,1.256598155205707279e+01
6.475564446984853362e+01,1.169347773001225121e+01
6.477565018576737543e+01,1.179853875029343513e+01
6.479565590168618883e+01,1.179856709506226409e+01
6.481566161760503064e+01,1.155258996114620018e+01
6.483566733352387246e+01,1.180186177136728176e+01
6.485567304944270006e+01,1.207722492096112887e+01
6.487567876536152767e+01,1.203199148983500422e+01
6.489568448128036948e+01,1.179387439281432748e+01
6.491569019719921130e+01,1.116164903251485541e+01
6.493569591311803890e+01,1.095593381246161968e+01
6.495570162903686651e+01,1.117176689671051193e+01
6.497570734495570832e+01,1.173935855361783354e+01
6.499571306087453593e+01,1.165975358134321205e+01
6.501571877679336353e+01,1.136831788519983277e+01
6.503572449271220535e+01,1.224350019967452319e+01
6.505573020863104716e+01,1.163184758353715331e+01
6.507573592454987477e+01,1.143487494899156331e+01
6.509574164046870237e+01,1.213309370106552088e+01
6.511574735638754419e+01,1.101350694916746242e+01
6.513575307230638600e+01,1.163330968328892467e+01
6.515575878822521361e+01,1.212740469450109160e+01
6.517576450414404121e+01,1.181970978599832200e+01
6.519577022006288303e+01,1.163864160158674821e+01
6.521577593598171063e+01,1.217664594219646546e+01
6.523578165190053824e+01,1.164679473554233979e+01
6.525578736781938005e+01,1.210496058944414877e+01
6.527579308373822187e+01,1.194315569946362388e+01
6.529579879965704947e+01,1.266445685183094660e+01
6.531580451557587708e+01,1.210856456367682732e+01
6.533581023149471889e+01,1.271963451373894571e+01
6.535581594741354650e+01,1.241867456395190850e+01
6.537582166333237410e+01,1.188297488600350960e+01
6.539582737925121592e+01,1.295159799027040748e+01
6.541583309517005773e+01,1.265593245891873053e+01
6.543583881108888534e+01,1.225515622767202828e+01
6.545584452700771294e+01,1.304284948814901668e+01
6.547585024292655476e+01,1.262394260590122030e+01
6.549585595884539657e+01,1.282722067534160715e+01
6.551586167476422418e+01,1.312120656085194170e+01
6.553586739068305178e+01,1.299186091345356431e+01
6.555587310660189360e+01,1.223277228535348016e+01
6.557587882252072120e+01,1.226917730432360720e+01
6.559588453843954881e+01,1.239813059640474791e+01
6.561589025435839062e+01,1.214071177380018263e+01
6.563589597027723244e+01,1.192026654049576706e+01
6.565590168619606004e+01,1.155986397639600227e+01
6.567590740211488765e+01,1.184305142720253201e+01
6.569591311803372946e+01,1.085571618010004080e+01
6.571591883395257128e+01,1.134475108338892291e+01
6.573592454987138467e+01,1.083428050196632952e+01
6.575593026579022649e+01,1.075533714781181516e+01
6.577593598170906830e+01,1.100358198518796016e+01
6.579594169762789591e+01,1.153345660026134389e+01
6.581594741354672351e+01,1.092130186245145218e+01
6.583595312946556533e+01,1.045142713757123332e+01
6.585595884538440714e+01,1.034989328205635672e+01
6.587596456130323475e+01,1.122295151011532965e+01
6.589597027722206235e+01,9.871612173370598597e+00
6.591597599314090417e+01,1.027396440626132801e+01
6.593598170905973177e+01,1.033946164819210267e+01
6.595598742497855937e+01,9.642302929418775648e+00
6.597599314089740119e+01,1.017555540273053616e+01
6.599599885681624301e+01,1.069155171249311920e+01
6.601600457273507061e+01,1.077916573953681478e+01
6.603601028865389821e+01,9.496442340611398691e+00
6.605601600457274003e+01,1.032306068367834051e+01
6.607602172049158185e+01,9.652265654738668488e+00
6.609602743641040945e+01,1.030234086138482752e+01
6.611603315232923705e+01,1.046777941855971505e+01
6.613603886824807887e+01,1.011173190878743711e+01
6.615604458416690647e+01,9.561436586446152575e+00
6.617605030008573408e+01,1.013193375365050386e+01
6.619605601600457589e+01,9.508900707175545364e+00
6.621606173192341771e+01,1.042011634843397871e+01
6.623606744784224531e+01,9.440990290309215993e+00
6.625607316376107292e+01,9.713449731034955903e+00
6.627607887967991473e+01,9.996857919828959993e+00
6.629608459559874234e+01,1.067243819484623479e+01
6.631609031151756994e+01,9.156684636291664958e+00
6.633609602743641176e+01,1.014283924059535025e+01
6.635610174335525357e+01,1.030740045377761049e+01
6.637610745927408118e+01,9.211944300275991537e+00
6.639611317519290878e+01,9.802246790392796782e+00
6.641611889111175060e+01,1.047434858259471469e+01
6.643612460703059241e+01,9.962213132302521146e+00
6.645613032294942002e+01,1.060883231699292928e+01
6.647613603886824762e+01,1.018532340425594995e+01
6.649614175478708944e+01,1.086578591486917666e+01
6.651614747070591704e+01,1.071125219021901742e+01
6.653615318662474465e+01,1.046377957964808303e+01
6.655615890254358646e+01,9.752536952278902049e+00
6.657616461846242828e+01,9.718577268971875682e+00
6.659617033438125588e+01,1.014167152299577701e+01
6.661617605030008349e+01,1.005597788201359322e+01
6.663618176621892530e+01,9.419630827117217109e+00
6.665618748213776712e+01,1.079661682633554420e+01
6.667619319805658051e+01,9.996783341086395325e+00
6.669619891397542233e+01,9.728377467110593813e+00
6.671620462989426414e+01,9.643210225010513170e+00
6.673621034581309175e+01,1.015239176114920383e+01
6.675621606173191935e+01,9.642154077093064046e+00
6.677622177765076117e+01,9.368983835924751702e+00
6.679622749356960298e+01,9.338628922828547729e+00
6.681623320948843059e+01,9.881583559044454290e+00
6.683623892540725819e+01,9.814825329525216802e+00
6.685624464132610001e+01,8.732790411650736218e+00
6.687625035724492761e+01,9.330527390641117691e+00
6.689625607316375522e+01,9.356523526931985302e+00
6.691626178908259703e+01,9.000854062384123111e+00
6.693626750500143885e+01,9.382409702819057173e+00
6.695627322092026645e+01,9.418616308028578743e+00
6.697627893683909406e+01,9.373419865696874353e+00
6.699628465275793587e+01,9.244295513130953879e+00
6.701629036867677769e+01,9.280993873350151802e+00
6.703629608459560529e+01,1.024890425925377713e+01
6.705630180051443290e+01,9.126850101390559189e+00
6.707630751643327471e+01,8.845290275941909641e+00
6.709631323235210232e+01,9.641102461701606785e+00
6.711631894827092992e+01,9.865928050871923816e+00
6.713632466418977174e+01,8.853787016570841217e+00
6.715633038010861355e+01,1.025074217365466822e+01
6.717633609602744116e+01,9.758455598218358062e+00
6.719634181194626876e+01,1.014509623118917681e+01
6.721634752786511058e+01,9.924564320232290626e+00
6.723635324378393818e+01,1.047640664425279766e+01
6.725635895970276579e+01,1.093568277269853795e+01
6.727636467562160760e+01,1.079807865807607214e+01
6.729637039154044942e+01,1.053662076165998940e+01
6.731637610745927702e+01,1.053295969056558157e+01
6.733638182337810463e+01,1.096479846395045499e+01
6.735638753929694644e+01,1.033798604835819646e+01
6.737639325521578826e+01,1.029223345018907132e+01
6.739639897113461586e+01,1.072740061551432333e+01
6.741640468705344347e+01,1.083733142563556662e+01
6.743641040297228528e+01,1.070418297329036506e+01
6.745641611889111289e+01,1.148754879398399353e+01
6.747642183480994049e+01,1.140652086528194786e+01
6.749642755072878231e+01,1.068897828648873372e+01
6.751643326664762412e+01,1.124467466925068138e+01
6.753643898256645173e+01,1.146710659314818059e+01
6.755644469848527933e+01,1.103766377928991282e+01
6.757645041440412115e+01,1.040130670336967000e+01
6.759645613032296296e+01,1.056818404500605979e+01
6.761646184624177636e+01,1.092600047080921399e+01
6.763646756216061817e+01,1.069766962951272760e+01
6.765647327807945999e+01,1.088531256634057343e+01
6.767647899399828759e+01,1.039725931297950368e+01
6.769648470991711520e+01,1.064579698724153900e+01
6.771649042583595701e+01,1.017379045588907260e+01
6.773649614175479883e+01,1.029651039956060288e+01
6.775650185767362643e+01,9.943183252308585907e+00
6.777650757359245404e+01,1.021630480858530632e+01
6.779651328951129585e+01,9.698417480905465737e+00
6.781651900543012346e+01,9.947791399561179304e+00
6.783652472134895106e+01,9.686241010344115665e+00
6.785653043726779288e+01,9.845324786325608812e+00
6.787653615318663469e+01,1.002048008997144990e+01
6.789654186910546230e+01,9.539852159788813069e+00
6.791654758502428990e+01,9.605144968559152119e+00
6.793655330094313172e+01,9.827918547246252245e+00
6.795655901686197353e+01,1.043028676521673503e+01
6.797656473278080114e+01,1.083739548831906774e+01
6.799657044869962874e+01,1.005350102549805769e+01
6.801657616461847056e+01,9.473001704633249531e+00
6.803658188053729816e+01,1.012524727876010466e+01
6.805658759645612577e+01,1.012205483395750605e+01
6.807659331237496758e+01,1.093725669108925302e+01
6.809659902829380940e+01,1.012652496389577905e+01
6.811660474421263700e+01,1.015678272518068681e+01
6.813661046013146461e+01,1.029282056352652219e+01
6.815661617605030642e+01,1.079451031285942975e+01
6.817662189196913403e+01,1.115483195850820231e+01
6.819662760788796163e+01,1.109368379555431439e+01
6.821663332380680345e+01,1.114732329925967136e+01
6.823663903972564526e+01,1.058960367740404251e+01
6.825664475564447287e+01,1.151544910592553705e+01
6.827665047156330047e+01,1.131819499247661298e+01
6.829665618748214229e+01,1.117878632079397327e+01
6.831666190340098410e+01,1.092923674983815019e+01
6.833666761931981171e+01,1.165219119423595728e+01
6.835667333523863931e+01,1.093494043215320488e+01
6.837667905115748113e+01,1.125527202258551185e+01
6.839668476707630873e+01,1.139746958124270115e+01
6.841669048299513634e+01,1.141177098564832093e+01
6.843669619891397815e+01,1.169266526165406717e+01
6.845670191483281997e+01,1.160692031785095679e+01
6.847670763075164757e+01,1.153165048302415663e+01
6.849671334667047518e+01,1.148951034550889894e+01
6.851671906258931699e+01,1.154389765411553626e+01
6.853672477850815881e+01,1.180604505564376261e+01
6.855673049442697220e+01,1.163352659444710824e+01
6.857673621034581402e+01,1.093082707562367517e+01
6.859674192626465583e+01,1.092589149229317158e+01
6.861674764218348344e+01,1.008454651207629738e+01
6.863675335810231104e+01,1.105854897608900345e+01
6.865675907402115286e+01,1.055674544147072602e+01
6.867676478993999467e+01,1.022178823410049020e+01
6.869677050585882228e+01,1.095871829041431766e+01
6.871677622177764988e+01,1.105536777711208174e+01
6.873678193769649170e+01,1.053271747443784179e+01
6.875678765361531930e+01,1.012634057944927690e+01
6.877679336953414690e+01,1.123503826418218843e+01
6.879679908545298872e+01,1.044437456292289923e+01
6.881680480137183054e+01,1.030359736902219581e+01
6.883681051729065814e+01,1.073194580821719235e+01
6.885681623320948574e+01,1.075714506748394328e+01
6.887682194912832756e+01,1.027143408521371271e+01
6.889682766504716938e+01,9.833928792059705160e+00
6.891683338096599698e+01,1.112688456411746074e+01
6.893683909688482458e+01,1.128723580401908677e+01
6.895684481280366640e+01,9.712902227745479067e+00
6.897685052872249400e+01,1.089868740243255729e+01
6.899685624464132161e+01,1.048297559802745127e+01
6.901686196056016342e+01,1.047341602161718477e+01
6.903686767647900524e+01,1.089242853136022227e+01
6.905687339239783284e+01,1.132672302790559726e+01
6.907687910831666045e+01,1.063524402526168622e+01
6.909688482423550226e+01,1.072763377536977814e+01
6.911689054015432987e+01,1.131339133277637998e+01
6.913689625607315747e+01,1.033396102441021824e+01
6.915690197199199929e+01,1.094658454069572961e+01
6.917690768791084110e+01,1.115005233529467432e+01
6.919691340382966871e+01,1.070924556093004654e+01
6.921691911974849631e+01,1.146295217651476506e+01
6.923692483566733813e+01,1.092774367779831657e+01
6.925693055158617994e+01,1.094566526928060490e+01
6.927693626750500755e+01,1.146678554061473676e+01
6.929694198342383515e+01,1.047030341578788182e+01
6.931694769934267697e+01,1.167596016768676925e+01
6.933695341526150457e+01,1.125765845067778592e+01
6.935695913118033218e+01,1.176640172536538920e+01
6.937696484709917399e+01,1.187669392139285662e+01
6.939697056301801581e+01,1.178609289749941169e+01
6.941697627893684341e+01,1.156333360453013981e+01
6.943698199485567102e+01,1.168222863214283613e+01
6.945698771077451283e+01,1.107015148439151986e+01
6.947699342669335465e+01,1.094420531115427764e+01
6.949699914261216804e+01,1.195144854207159923e+01
6.951700485853100986e+01,1.119444283878381619e+01
6.953701057444985167e+01,1.160918385638489170e+01
6.955701629036867928e+01,1.083902155275814927e+01
6.957702200628750688e+01,1.180016245227083793e+01
6.959702772220634870e+01,1.209273592915587514e+01
6.961703343812519051e+01,1.112201104060753565e+01
6.963703915404401812e+01,1.154470980366404831e+01
6.965704486996284572e+01,1.158696901582193917e+01
6.967705058588168754e+01,1.095219433912641271e+01
6.969705630180051514e+01,1.121241566284950508e+01
6.971706201771934275e+01,1.159455999751608068e+01
6.973706773363818456e+01,1.113637869031951055e+01
6.975707344955702638e+01,1.106040683100910371e+01
6.977707916547585398e+01,1.092166030659903875e+01
6.979708488139468159e+01,1.075741599734925558e+01
6.981709059731352340e+01,1.036202519435950542e+01
6.983709631323236522e+01,1.021023609852622194e+01
6.985710202915119282e+01,1.074587997448462851e+01
6.987710774507002043e+01,1.004488304305694513e+01
6.989711346098886224e+01,1.071476587946852987e+01
6.991711917690768985e+01,1.048721103127198617e+01
6.993712489282651745e+01,1.062247885550532267e+01
6.995713060874535927e+01,1.059403237662428232e+01
6.997713632466420108e+01,1.090921832839359951e+01
6.999714204058302869e+01,9.687676691486752034e+00
7.001714775650185629e+01,1.020936994137221276e+01
7.003715347242069811e+01,1.037540553523102105e+01
7.005715918833952571e+01,9.921077635086950508e+00
7.007716490425835332e+01,9.625797590077089794e+00
7.009717062017719513e+01,9.916935329704589464e+00
7.011717633609603695e+01,9.473936284988141665e+00
7.013718205201486455e+01,1.011522986060668217e+01
7.015718776793369216e+01,1.045807262020315065e+01
7.017719348385253397e+01,9.277595093165691864e+00
7.019719919977137579e+01,9.838010177610190254e+00
7.021720491569020339e+01,9.099609934667251210e+00
7.023721063160903100e+01,1.015674208389818034e+01
7.025721634752787281e+01,1.015887657275266065e+01
7.027722206344670042e+01,9.458680874786818293e+00
7.029722777936552802e+01,9.985276285230693105e+00
7.031723349528436984e+01,9.983651059369945457e+00
7.033723921120321165e+01,1.011398768682553673e+01
7.035724492712203926e+01,9.942323331266793573e+00
7.037725064304086686e+01,1.013256905776711037e+01
7.039725635895970868e+01,9.727235231316811337e+00
7.041726207487855049e+01,1.036860358298074125e+01
7.043726779079736389e+01,1.018702508158570375e+01
7.045727350671620570e+01,1.075867913476430537e+01
7.047727922263504752e+01,1.079925678354448593e+01
7.049728493855387512e+01,9.470890080244053877e+00
7.051729065447270273e+01,1.074275127436997224e+01
7.053729637039154454e+01,1.107264660371350651e+01
7.055730208631038636e+01,1.053813856954725026e+01
7.057730780222921396e+01,1.058195216389984061e+01
7.059731351814804157e+01,1.065809081543059023e+01
7.061731923406688338e+01,1.094746438049412696e+01
7.063732494998571099e+01,1.044163639585206127e+01
7.065733066590453859e+01,1.061522031327885784e+01
7.067733638182338041e+01,1.087495465551175222e+01
7.069734209774222222e+01,1.126355212094774494e+01
7.071734781366104983e+01,1.125271402623611650e+01
7.073735352957987743e+01,1.074579835879601575e+01
7.075735924549871925e+01,1.046600648095962072e+01
7.077736496141756106e+01,1.063026611273761191e+01
7.079737067733638867e+01,1.203190991231446105e+01
7.081737639325521627e+01,1.110495570809132104e+01
7.083738210917405809e+01,1.169450260457488966e+01
7.085738782509288569e+01,1.188340901656575177e+01
7.087739354101171330e+01,1.106406971107717396e+01
7.089739925693055511e+01,1.096253120505809342e+01
7.091740497284939693e+01,1.220506234010902524e+01
7.093741068876822453e+01,1.126338276653519621e+01
7.095741640468705214e+01,1.247907433742682670e+01
7.097742212060589395e+01,1.169352276582149486e+01
7.099742783652472156e+01,1.186804985620009134e+01
7.101743355244354916e+01,1.228850604325926810e+01
7.103743926836239098e+01,1.150529624527753114e+01
7.105744498428123279e+01,1.160276496072359720e+01
7.107745070020006040e+01,1.180196468161643253e+01
7.109745641611888800e+01,1.175217207785473761e+01
7.111746213203772982e+01,1.315762317336397125e+01
7.113746784795657163e+01,1.232717457383031245e+01
7.115747356387539924e+01,1.300253363759075853e+01
7.117747927979422684e+01,1.173759627014806028e+01
7.119748499571306866e+01,1.179830430786198647e+01
7.121749071163189626e+01,1.200291499981853249e+01
7.123749642755072387e+01,1.257436308513548084e+01
7.125750214346956568e+01,1.266656609191177552e+01
7.127750785938840750e+01,1.304630289837884405e+01
7.129751357530723510e+01,1.362394211112833275e+01
7.131751929122606271e+01,1.273978806465317426e+01
7.133752500714490452e+01,1.205496579594378126e+01
7.135753072306374634e+01,1.213184425545021128e+01
7.137753643898255973e+01,1.268767250764416410e+01
7.139754215490140155e+01,1.262038643606021182e+01
7.141754787082024336e+01,1.265756210977285257e+01
7.143755358673907097e+01,1.246519199337169681e+01
7.145755930265789857e+01,1.158112882440460112e+01
7.147756501857674039e+01,1.207069389952676630e+01
7.149757073449558220e+01,1.260168535737949824e+01
7.151757645041440981e+01,1.215997297755380302e+01
7.153758216633323741e+01,1.175812272604659725e+01
7.155758788225207923e+01,1.234461592555152976e+01
7.157759359817090683e+01,1.097486743423730537e+01
7.159759931408973443e+01,1.168938079618686743e+01
7.161760503000857625e+01,1.111682687153132321e+01
7.163761074592741807e+01,1.099022827872722985e+01
7.165761646184624567e+01,1.082355597579628892e+01
7.167762217776507327e+01,1.066895380142703864e+01
7.169762789368391509e+01,1.121150805648281867e+01
7.171763360960275691e+01,1.100907156973574885e+01
7.173763932552158451e+01,1.029592260968943584e+01
7.175764504144041211e+01,1.097845285241612956e+01
7.177765075735925393e+01,1.070554448480488219e+01
7.179765647327808153e+01,1.112431447052811961e+01
7.181766218919690914e+01,1.034390485668086868e+01
7.183766790511575095e+01,1.119209322832522346e+01
7.185767362103459277e+01,1.044093603332389009e+01
7.187767933695342037e+01,1.093842232990563801e+01
7.189768505287224798e+01,1.114529793165633365e+01
7.191769076879108979e+01,1.101020069268324519e+01
7.193769648470991740e+01,1.142723850404632913e+01
7.195770220062874500e+01,1.068337444465520036e+01
7.197770791654758682e+01,1.133939303993208725e+01
7.199771363246642863e+01,1.166369028699653398e+01
7.201771934838525624e+01,1.247247374178018120e+01
7.203772506430408384e+01,1.271454313096587185e+01
7.205773078022292566e+01,1.245290246877516438e+01
7.207773649614176747e+01,1.254792669531954985e+01
7.209774221206059508e+01,1.236851973556820283e+01
7.211774792797942268e+01,1.207960890265489340e+01
7.213775364389826450e+01,1.240597615895394412e+01
7.215775935981709210e+01,1.215434153263736761e+01
7.217776507573591971e+01,1.178664869826294392e+01
7.219777079165476152e+01,1.242710095205691800e+01
7.221777650757360334e+01,1.204394274160792300e+01
7.223778222349243094e+01,1.227411263936115482e+01
7.225778793941125855e+01,1.289968784641680344e+01
7.227779365533010036e+01,1.189809011371969305e+01
7.229779937124894218e+01,1.208141284482016076e+01
7.231780508716775557e+01,1.259344765782691766e+01
7.233781080308659739e+01,1.176749446867122728e+01
7.235781651900543920e+01,1.220148602767334367e+01
7.237782223492426681e+01,1.191627590531499514e+01
7.239782795084309441e+01,1.206511436703988771e+01
7.241783366676193623e+01,1.181101937524551460e+01
7.243783938268077804e+01,1.170091858354158987e+01
7.245784509859960565e+01,1.155703210744266940e+01
7.247785081451843325e+01,1.217121605376468096e+01
7.249785653043727507e+01,1.160582688101428772e+01
7.251786224635610267e+01,1.161736102752917077e+01
7.253786796227493028e+01,1.067373590856156795e+01
7.255787367819377209e+01,1.161596304307351524e+01
7.257787939411261391e+01,1.139956496563495847e+01
7.259788511003144151e+01,1.138499810460783479e+01
7.261789082595026912e+01,1.112229580066111367e+01
7.263789654186911093e+01,1.097357137082390288e+01
7.265790225778795275e+01,1.105507208815942910e+01
7.267790797370678035e+01,1.125063146470033004e+01
7.269791368962560796e+01,1.048468432530771111e+01
7.271791940554444977e+01,1.094929453908998696e+01
7.273792512146327738e+01,1.125529851552868976e+01
7.275793083738210498e+01,1.077664170073552796e+01
7.277793655330094680e+01,1.101241028982968295e+01
7.279794226921978861e+01,1.073003782855969312e+01
7.281794798513861622e+01,1.111768295812678886e+01
7.283795370105744382e+01,1.185495708181387542e+01
7.285795941697628564e+01,1.137285547915236350e+01
7.287796513289511324e+01,1.139263963297090498e+01
7.289797084881394085e+01,1.161626160730753199e+01
7.291797656473278266e+01,1.140212960560712041e+01
7.293798228065162448e+01,1.129407751082191069e+01
7.295798799657045208e+01,1.112484673981077421e+01
7.297799371248927969e+01,1.135536067511335823e+01
7.299799942840812150e+01,1.177256607532909349e+01
7.301800514432696332e+01,1.092002072556785919e+01
7.303801086024579092e+01,1.192388468039992766e+01
7.305801657616461853e+01,1.129122999618586398e+01
7.307802229208346034e+01,1.217731477239672344e+01
7.309802800800228795e+01,1.186145950680724503e+01
7.311803372392111555e+01,1.260314923690570410e+01
7.313803943983995737e+01,1.243028979927509425e+01
7.315804515575879918e+01,1.289472277211709894e+01
7.317805087167762679e+01,1.332701098586922228e+01
7.319805658759645439e+01,1.288081088838303856e+01
7.321806230351529621e+01,1.341692918817368785e+01
7.323806801943413802e+01,1.356877750922606118e+01
7.325807373535295142e+01,1.353626064856664613e+01
7.327807945127179323e+01,1.355570741566528170e+01
7.329808516719063505e+01,1.382142487609146642e+01
7.331809088310946265e+01,1.406670264559708272e+01
7.333809659902829026e+01,1.415131255257055720e+01
7.335810231494713207e+01,1.421566647150275386e+01
7.337810803086597389e+01,1.401704813024261931e+01
7.339811374678480149e+01,1.472291945312493411e+01
7.341811946270362910e+01,1.462263054856571287e+01
7.343812517862247091e+01,1.456339291061889440e+01
7.345813089454129852e+01,1.472505838936136335e+01
7.347813661046012612e+01,1.412643592347938259e+01
7.349814232637896794e+01,1.328887896146893866e+01
7.351814804229780975e+01,1.335369479690832861e+01
7.353815375821663736e+01,1.350404223948534721e+01
7.355815947413546496e+01,1.350581962862159813e+01
7.357816519005430678e+01,1.344941561917018547e+01
7.359817090597314859e+01,1.348290123277797292e+01
7.361817662189197620e+01,1.306259561928100155e+01
7.363818233781080380e+01,1.341396488416739885e+01
7.365818805372964562e+01,1.287699555054923373e+01
7.367819376964847322e+01,1.277859316329233330e+01
7.369819948556730083e+01,1.342025432494913062e+01
7.371820520148614264e+01,1.271642829403499775e+01
7.373821091740498446e+01,1.237050325268749162e+01
7.375821663332381206e+01,1.297529544089736930e+01
7.377822234924263967e+01,1.266321728341165276e+01
7.379822806516148148e+01,1.375758332768505454e+01
7.381823378108030909e+01,1.354258387017142162e+01
7.383823949699913669e+01,1.359815423710048599e+01
7.385824521291797851e+01,1.329596457274987031e+01
7.387825092883682032e+01,1.339355006909878476e+01
7.389825664475564793e+01,1.215309064718738341e+01
7.391826236067447553e+01,1.291222293467502347e+01
7.393826807659331735e+01,1.236533064621641742e+01
7.395827379251215916e+01,1.249361937018985103e+01
7.397827950843098677e+01,1.159042574918932900e+01
7.399828522434981437e+01,1.257763780210116877e+01
7.401829094026865619e+01,1.158906255058567325e+01
7.403829665618748379e+01,1.167565813944840691e+01
7.405830237210632561e+01,1.201037028219506908e+01
7.407830808802515321e+01,1.180334132193562979e+01
7.409831380394398082e+01,1.189846165558275715e+01
7.411831951986282263e+01,1.172783491767011199e+01
7.413832523578165024e+01,1.127114078037818956e+01
7.415833095170049205e+01,1.155531756611137695e+01
7.417833666761931966e+01,1.070372284568774113e+01
7.419834238353816147e+01,1.092514684173990602e+01
7.421834809945698908e+01,1.123002417823345311e+01
7.423835381537583089e+01,1.079127027228045321e+01
7.425835953129465850e+01,1.104812715955443103e+01
7.427836524721348610e+01,1.139195361728243761e+01
7.429837096313232792e+01,1.048699148509997237e+01
7.431837667905115552e+01,1.077688946200738229e+01
7.433838239496999734e+01,1.085560590854103680e+01
7.435838811088882494e+01,1.142512983429585560e+01
7.437839382680766676e+01,1.212457449635422257e+01
7.439839954272649436e+01,1.133647139007659277e+01
7.441840525864533618e+01,1.098075020288938219e+01
7.443841097456416378e+01,1.174116018732158473e+01
7.445841669048300560e+01,1.200903831832099300e+01
7.447842240640183320e+01,1.117910606715040878e+01
7.449842812232066080e+01,1.130879724239640005e+01
7.451843383823950262e+01,1.162860402977079843e+01
7.453843955415833022e+01,1.106151852093790744e+01
7.455844527007717204e+01,1.075407454846299515e+01
7.457845098599599964e+01,1.154220449303661766e+01
7.459845670191484146e+01,1.044091432991215029e+01
7.461846241783366906e+01,1.112054551281036652e+01
7.463846813375251088e+01,1.146291217813276120e+01
7.465847384967133848e+01,1.152695290216055568e+01
7.467847956559016609e+01,1.168356546585390809e+01
7.469848528150900790e+01,1.091299488402027507e+01
7.471849099742783551e+01,1.097666192250530059e+01
7.473849671334667732e+01,1.172515279667778465e+01
7.475850242926550493e+01,1.095527565377517121e+01
7.477850814518434674e+01,1.133442815569688733e+01
7.479851386110317435e+01,1.126786303618547969e+01
7.481851957702201616e+01,1.138798385436089511e+01
7.483852529294084377e+01,1.087197702576586344e+01
7.485853100885967137e+01,1.022522956014609719e+01
7.487853672477851319e+01,1.179011566344241224e+01
7.489854244069734079e+01,1.100337034318518192e+01
7.491854815661618261e+01,1.151141161244393452e+01
7.493855387253501021e+01,1.057126324854239385e+01
7.495855958845385203e+01,1.160920715263707947e+01
7.497856530437267963e+01,1.081670070705819420e+01
7.499857102029152145e+01,1.040436130370408208e+01
7.501857673621034905e+01,1.119596432344161485e+01
7.503858245212917666e+01,1.065552987023895781e+01
7.505858816804801847e+01,1.089222987919396957e+01
7.507859388396684608e+01,1.126348286991361469e+01
7.509859959988568789e+01,1.043690029803940966e+01
7.511860531580451550e+01,9.841236862005004582e+00
7.513861103172335731e+01,1.027941794674898546e+01
7.515861674764218492e+01,9.936401867466045701e+00
7.517862246356102673e+01,1.105141775888731104e+01
7.519862817947985434e+01,1.046201265873158981e+01
7.521863389539868194e+01,1.000100234695162982e+01
7.523863961131752376e+01,1.011960316611139454e+01
7.525864532723635136e+01,1.058398972835480834e+01
7.527865104315519318e+01,9.316871532794481325e+00
7.529865675907402078e+01,1.091110243480369668e+01
7.531866247499286260e+01,9.455210172048390760e+00
7.533866819091169020e+01,1.063327115259270528e+01
7.535867390683053202e+01,1.081039319123011033e+01
7.537867962274935962e+01,1.009540997411380303e+01
7.539868533866820144e+01,1.024724080597234099e+01
7.541869105458702904e+01,1.006819095373383810e+01
7.543869677050585665e+01,1.072243307722824035e+01
7.545870248642469846e+01,1.092179737724001676e+01
7.547870820234352607e+01,1.073287537427390603e+01
7.549871391826236788e+01,1.046566690696325885e+01
7.551871963418119549e+01,1.023256688244278223e+01
7.553872535010003730e+01,1.086784926686096142e+01
7.555873106601886491e+01,1.111131959093859045e+01
7.557873678193770672e+01,1.102353853308711251e+01
7.559874249785653433e+01,1.052483226218220658e+01
7.561874821377536193e+01,1.094319453434600753e+01
7.563875392969420375e+01,1.037175304534782505e+01
7.565875964561303135e+01,1.055820298756100506e+01
7.567876536153187317e+01,1.093217008928585976e+01
7.569877107745070077e+01,1.012782009886562662e+01
7.571877679336954259e+01,1.117146034763656459e+01
7.573878250928837019e+01,1.070699731025698753e+01
7.575878822520721201e+01,1.092652093584380779e+01
7.577879394112603961e+01,1.083194945141906196e+01
7.579879965704486722e+01,1.095593975792077934e+01
7.581880537296370903e+01,1.079406731717373802e+01
7.583881108888253664e+01,1.101975219422589092e+01
7.585881680480137845e+01,1.077793936213472392e+01
7.587882252072020606e+01,1.034137771866633848e+01
7.589882823663904787e+01,1.081924339639202159e+01
7.591883395255787548e+01,1.062924195348529999e+01
7.593883966847671729e+01,1.085463218762728488e+01
7.595884538439554490e+01,1.108194558573289612e+01
7.597885110031437250e+01,1.039806080680103051e+01
7.599885681623321432e+01,1.128215060163009653e+01
7.601886253215204192e+01,1.106690969632083110e+01
7.603886824807088374e+01,1.049134192267738896e+01
7.605887396398971134e+01,1.076850580250005152e+01
7.607887967990855316e+01,1.114541899428918548e+01
7.609888539582738076e+01,1.109342164368815808e+01
7.611889111174622258e+01,1.090998797468914994e+01
7.613889682766505018e+01,1.117842898300076371e+01
7.615890254358387779e+01,1.075269921929942640e+01
7.617890825950271960e+01,1.080538348777221813e+01
7.619891397542154721e+01,1.102333327219426629e+01
7.621891969134038902e+01,1.041839657242625172e+01
7.623892540725921663e+01,1.097241787512051836e+01
7.625893112317805844e+01,1.071557226551551700e+01
7.627893683909688605e+01,1.047199425856883259e+01
7.629894255501572786e+01,1.054321389114931762e+01
7.631894827093455547e+01,1.087476773023474408e+01
7.633895398685339728e+01,1.045976019589039119e+01
7.635895970277222489e+01,1.095267656831205372e+01
7.637896541869105249e+01,1.015016427883381844e+01
7.639897113460989431e+01,1.013447665217766769e+01
7.641897685052872191e+01,1.049781661566454183e+01
7.643898256644756373e+01,1.004275179967094722e+01
7.645898828236639133e+01,9.899502016749147870e+00
7.647899399828523315e+01,1.059264792746941453e+01
7.649899971420406075e+01,1.043884113336078556e+01
7.651900543012290257e+01,1.086147800440163280e+01
7.653901114604173017e+01,1.074755389625387991e+01
7.655901686196055778e+01,9.762070067690267194e+00
7.657902257787939959e+01,9.978646349785080361e+00
7.659902829379822720e+01,1.039956261332427445e+01
7.661903400971706901e+01,1.016535715017806396e+01
7.663903972563589662e+01,1.073537186464933058e+01
7.665904544155473843e+01,1.006152074625470760e+01
7.667905115747356604e+01,9.986804175818734919e+00
7.669905687339240785e+01,1.024075700317137994e+01
7.671906258931123546e+01,1.061550281215117941e+01
7.673906830523006306e+01,1.022896522254502472e+01
7.675907402114890488e+01,1.035230535319839262e+01
7.677907973706773248e+01,9.999284127753998774e+00
7.679908545298657430e+01,1.025648501608820595e+01
7.681909116890540190e+01,9.704993009422208772e+00
7.683909688482424372e+01,1.015119693953218771e+01
7.685910260074307132e+01,9.895699890807422960e+00
7.687910831666191314e+01,9.732074173685887786e+00
7.689911403258074074e+01,9.610339776157360347e+00
7.691911974849956835e+01,8.772815891161457102e+00
7.693912546441841016e+01,9.307541262196323828e+00
7.695913118033723777e+01,9.340109383059507664e+00
7.697913689625607958e+01,9.898571314379321251e+00
7.699914261217490719e+01,9.088660974823635996e+00
7.701914832809374900e+01,9.261304326317574720e+00
7.703915404401257661e+01,9.578170429539502706e+00
7.705915975993141842e+01,8.133447807069787316e+00
7.707916547585024603e+01,8.563037372072727749e+00
7.709917119176907363e+01,9.458896757912029329e+00
7.711917690768791545e+01,9.238680882438007558e+00
7.713918262360674305e+01,8.505314067787949739e+00
7.715918833952558487e+01,8.449890420383368905e+00
7.717919405544441247e+01,8.328798599330827557e+00
7.719919977136325429e+01,8.385604612239957234e+00
7.721920548728208189e+01,8.834376417447147745e+00
7.723921120320092371e+01,8.784007546732702565e+00
7.725921691911975131e+01,9.107876742158911298e+00
7.727922263503859313e+01,9.038280747551002747e+00
7.729922835095742073e+01,8.760516372617669134e+00
7.731923406687624833e+01,8.367116792791797764e+00
7.733923978279509015e+01,9.487757121410224315e+00
7.735924549871391775e+01,8.720730177861943488e+00
7.737925121463275957e+01,9.580484240031399423e+00
7.739925693055158717e+01,8.983389468945972567e+00
7.741926264647042899e+01,9.100894261541732533e+00
7.743926836238925659e+01,8.879408031599492546e+00
7.745927407830809841e+01,8.942080176879370512e+00
7.747927979422692601e+01,9.754779679731173658e+00
7.749928551014575362e+01,9.771142038896419635e+00
7.751929122606459543e+01,1.018842668104911908e+01
7.753929694198342304e+01,9.662686272455456304e+00
7.755930265790226485e+01,1.002969624581449537e+01
7.757930837382109246e+01,9.916934490808946734e+00
7.759931408973993427e+01,1.003803927029985665e+01
7.761931980565876188e+01,1.057859218674473034e+01
7.763932552157760369e+01,1.006329108124586824e+01
7.765933123749643130e+01,1.007245203139552103e+01
7.767933695341525890e+01,1.095422564242190155e+01
7.769934266933410072e+01,1.062740394777443953e+01
7.771934838525292832e+01,1.139918693031147257e+01
7.773935410117177014e+01,1.074685716655635837e+01
7.775935981709059774e+01,1.068868319234866249e+01
7.777936553300943956e+01,1.080490573063301341e+01
7.779937124892826716e+01,1.113884421816246117e+01
7.781937696484710898e+01,1.116936395926517633e+01
7.783938268076593658e+01,1.118690977635699468e+01
7.785938839668476419e+01,1.120831160576869934e+01
7.787939411260360600e+01,1.092564772617001623e+01
7.789939982852243361e+01,1.129253345130537056e+01
7.791940554444127542e+01,1.136660509837403232e+01
7.793941126036010303e+01,1.047255052662951869e+01
7.795941697627894484e+01,1.111455495096373269e+01
7.797942269219777245e+01,1.059742521641703306e+01
7.799942840811661426e+01,1.099987743365577231e+01
7.801943412403544187e+01,1.006419530313516297e+01
7.803943983995426947e+01,1.089925531140531589e+01
7.805944555587311129e+01,1.068184824384909959e+01
7.807945127179193889e+01,1.030841973536563394e+01
7.809945698771078071e+01,1.102408186247571464e+01
7.811946270362960831e+01,1.084837877911276038e+01
7.813946841954845013e+01,1.146913871609670821e+01
7.815947413546727773e+01,1.076340431509408191e+01
7.817947985138611955e+01,1.072207611261419657e+01
7.819948556730494715e+01,1.077365585477788557e+01
7.821949128322378897e+01,1.009941545840898947e+01
7.823949699914261657e+01,9.911863820521526591e+00
7.825950271506144418e+01,1.025498745843659698e+01
7.827950843098028599e+01,9.633619813293194056e+00
7.829951414689911360e+01,9.745502662467341537e+00
7.831951986281795541e+01,8.981817750940233935e+00
7.833952557873678302e+01,9.655975040226737249e+00
7.835953129465562483e+01,9.208043612556778612e+00
7.837953701057445244e+01,9.118011480709707683e+00
7.839954272649329425e+01,8.975484165829909600e+00
7.841954844241212186e+01,9.112459735800499061e+00
7.843955415833094946e+01,9.074875996111885001e+00
7.845955987424979128e+01,9.086817374822850013e+00
7.847956559016861888e+01,8.046199250954895632e+00
7.849957130608746070e+01,7.669630334508104497e+00
7.851957702200628830e+01,8.819066632210104117e+00
7.853958273792513012e+01,7.567860885910651092e+00
7.855958845384395772e+01,8.060117375324757916e+00
7.857959416976279954e+01,8.340911849275716605e+00
7.859959988568162714e+01,8.134803942615343786e+00
7.861960560160045475e+01,8.088167319069208716e+00
7.863961131751929656e+01,7.938474421664031055e+00
7.865961703343812417e+01,8.772755894092867379e+00
7.867962274935696598e+01,8.180451162594884806e+00
7.869962846527579359e+01,8.678941334615780434e+00
7.871963418119463540e+01,8.099370277895262760e+00
7.873963989711346301e+01,8.509495313077252376e+00
7.875964561303230482e+01,8.122807154517115436e+00
7.877965132895113243e+01,7.990726487783381238e+00
7.879965704486996003e+01,8.830224463950514746e+00
7.881966276078880185e+01,8.253084370567377093e+00
7.883966847670762945e+01,8.031868561685985952e+00
7.885967419262647127e+01,7.932314733427832110e+00
7.887967990854529887e+01,7.289487424634332413e+00
7.889968562446414069e+01,7.439347398948234158e+00
7.891969134038296829e+01,7.935771140411231883e+00
7.893969705630181011e+01,7.474313891533546972e+00
7.895970277222063771e+01,7.994243686889974221e+00
7.897970848813946532e+01,7.208119198701644414e+00
7.899971420405830713e+01,6.763368112946064770e+00
7.901971991997713474e+01,8.128388781534495067e+00
7.903972563589597655e+01,6.973190519418549727e+00
7.905973135181480416e+01,7.598128402883963517e+00
7.907973706773364597e+01,7.364916943462430865e+00
7.909974278365247358e+01,7.974647085130355251e+00
7.911974849957131539e+01,7.744785113670495491e+00
7.913975421549014300e+01,7.542414110795802706e+00
7.915975993140898481e+01,7.486040962440130286e+00
7.917976564732781242e+01,7.813901160063622342e+00
7.919977136324664002e+01,7.846777604191265354e+00
7.921977707916548184e+01,8.312888823122285942e+00
7.923978279508430944e+01,8.434984642195175297e+00
7.925978851100315126e+01,8.590716206140143640e+00
7.927979422692197886e+01,8.598980072294638788e+00
7.929979994284082068e+01,8.295536806642008543e+00
7.931980565875964828e+01,7.689801600931735592e+00
7.933981137467849010e+01,8.199296431175177702e+00
7.935981709059731770e+01,8.240960334254904041e+00
7.937982280651614531e+01,8.479073327174123875e+00
7.939982852243498712e+01,8.731733247225623273e+00
7.941983423835381473e+01,8.851378501822296130e+00
7.943983995427265654e+01,8.372935512125359026e+00
7.945984567019148415e+01,9.155403170244419186e+00
7.947985138611032596e+01,8.519384934972743295e+00
7.949985710202915357e+01,8.824645861647532286e+00
7.951986281794799538e+01,8.669707913171540881e+00
7.953986853386682299e+01,8.812381691720981181e+00
7.955987424978565059e+01,8.559395546744164918e+00
7.957987996570449241e+01,8.794842138383948793e+00
7.959988568162332001e+01,8.741435787389413292e+00
7.961989139754216183e+01,8.900294291008128411e+00
7.963989711346098943e+01,8.232698012721861858e+00
7.965990282937983125e+01,8.645315398590240008e+00
7.967990854529865885e+01,8.918323265340189820e+00
7.969991426121750067e+01,8.810679924941609897e+00
7.971991997713632827e+01,8.510950766191861305e+00
7.973992569305515588e+01,8.882765273294616293e+00
7.975993140897399769e+01,8.350420476979046214e+00
7.977993712489282530e+01,8.235141129172562913e+00
7.979994284081166711e+01,8.512945682524390989e+00
7.981994855673049472e+01,8.194671852890454744e+00
7.983995427264933653e+01,7.850573645021938773e+00
7.985995998856816414e+01,7.892392847607274220e+00
7.987996570448700595e+01,7.540253382486012512e+00
7.989997142040583356e+01,8.214247680549316755e+00
7.991997713632466116e+01,8.041805082325751641e+00
7.993998285224350298e+01,8.017369618696232436e+00
7.995998856816233058e+01,7.561897494326139224e+00
7.997999428408117240e+01,7.192551567108619537e+00
8.000000000000000000e+01,7.288321369510187608e+00
