angle,intensity
1.000000000000000000e+01,3.954818011150686985e+00
1.002000571591883471e+01,4.498734615688746885e+00
1.004001143183766764e+01,3.919395858418877499e+00
1.006001714775650235e+01,3.166485415522201752e+00
1.008002286367533529e+01,3.473972386413662683e+00
1.010002857959417000e+01,3.886161067006751235e+00
1.012003429551300293e+01,3.897470080828735473e+00
1.014004001143183764e+01,3.865761400554817762e+00
1.016004572735067235e+01,4.347691867417021072e+00
1.018005144326950528e+01,4.239698476824825590e+00
1.020005715918833999e+01,3.687086994794772199e+00
1.022006287510717293e+01,3.303115629119633745e+00
1.024006859102600764e+01,3.570830777292164804e+00
1.026007430694484057e+01,3.815703922249534585e+00
1.028008002286367528e+01,3.982602571425009064e+00
1.030008573878250999e+01,4.272058073026444802e+00
1.032009145470134293e+01,4.538070246496892501e+00
1.034009717062017764e+01,4.296068350831330207e+00
1.036010288653901057e+01,4.215361997325221211e+00
1.038010860245784528e+01,4.093171328999553715e+00
1.040011431837667999e+01,3.925800728553998642e+00
1.042012003429551292e+01,4.020156899075026047e+00
1.044012575021434763e+01,4.513977117404999184e+00
1.046013146613318057e+01,4.267494649740349644e+00
1.048013718205201528e+01,4.117407918622832952e+00
1.050014289797084821e+01,4.407653110025046672e+00
1.052014861388968292e+01,3.504373520888990790e+00
1.054015432980851585e+01,4.246216733900915585e+00
1.056016004572735056e+01,4.322700323869018035e+00
1.058016576164618527e+01,4.807147231934459697e+00
1.060017147756501821e+01,3.945664286760830919e+00
1.062017719348385292e+01,3.431742265510016932e+00
1.064018290940268585e+01,4.842536871165769696e+00
1.066018862532152056e+01,4.958263570560919042e+00
1.068019434124035527e+01,4.250144800335926121e+00
1.070020005715918820e+01,4.558926057989869385e+00
1.072020577307802292e+01,4.406847943631386322e+00
1.074021148899685585e+01,4.516149143698139135e+00
1.076021720491569056e+01,3.753300537472462395e+00
1.078022292083452349e+01,4.464869775718348421e+00
1.080022863675335820e+01,4.511883372823839444e+00
1.082023435267219291e+01,4.840026122051042101e+00
1.084024006859102585e+01,4.305530822029105309e+00
1.086024578450986056e+01,4.645510033969285857e+00
1.088025150042869349e+01,4.383416760589287087e+00
1.090025721634752820e+01,4.238333469561297306e+00
1.092026293226636113e+01,4.024534870546124132e+00
1.094026864818519584e+01,4.266241046879518883e+00
1.096027436410403055e+01,4.748673007491261977e+00
1.098028008002286349e+01,4.255341549563075532e+00
1.100028579594169820e+01,4.930175277922550947e+00
1.102029151186053113e+01,3.306737267148012638e+00
1.104029722777936584e+01,4.389358461290837177e+00
1.106030294369819877e+01,4.086786699040349191e+00
1.108030865961703348e+01,4.376753788603124917e+00
1.110031437553586819e+01,3.948680121822459643e+00
1.112032009145470113e+01,4.134913724992131279e+00
1.114032580737353584e+01,4.294131625426508947e+00
1.116033152329236877e+01,3.714810616514469199e+00
1.118033723921120348e+01,3.753645635627610666e+00
1.120034295513003642e+01,4.350086100341436612e+00
1.122034867104887113e+01,3.940135123153518215e+00
1.124035438696770584e+01,3.702952308375912605e+00
1.126036010288653877e+01,3.503638429717645941e+00
1.128036581880537348e+01,3.265008773269713060e+00
1.130037153472420641e+01,3.302675794324388292e+00
1.132037725064304112e+01,3.579635126658934574e+00
1.134038296656187583e+01,3.909763008055921141e+00
1.136038868248070877e+01,4.049607201839977577e+00
1.138039439839954348e+01,4.080657649357225303e+00
1.140040011431837641e+01,4.537116254496077694e+00
1.142040583023721112e+01,4.836591624553307156e+00
1.144041154615604405e+01,4.679994178408215078e+00
1.146041726207487876e+01,4.478819828982979701e+00
1.148042297799371170e+01,3.762679569611563579e+00
1.150042869391254641e+01,4.161513000221525260e+00
1.152043440983138112e+01,4.621010921370221070e+00
1.154044012575021405e+01,3.609517356809755384e+00
1.156044584166904876e+01,3.997309816149215322e+00
1.158045155758788169e+01,4.393833210653776966e+00
1.160045727350671640e+01,4.258339929577263483e+00
1.162046298942555111e+01,4.085284233305303658e+00
1.164046870534438405e+01,4.067706884975383019e+00
1.166047442126321876e+01,4.340515680137018606e+00
1.168048013718205169e+01,3.507978588719040225e+00
1.170048585310088640e+01,4.254288306051411617e+00
1.172049156901971934e+01,4.208733211943938457e+00
1.174049728493855405e+01,4.342143963616148739e+00
1.176050300085738698e+01,4.581708445314461642e+00
1.178050871677622169e+01,4.739581809385560618e+00
1.180051443269505640e+01,3.939883420537457326e+00
1.182052014861388933e+01,3.747549895205702697e+00
1.184052586453272404e+01,4.299080096034161969e+00
1.186053158045155698e+01,5.195568658602336853e+00
1.188053729637039169e+01,4.762284035990763442e+00
1.190054301228922640e+01,4.051388859321820135e+00
1.192054872820805933e+01,4.418508316953106529e+00
1.194055444412689404e+01,4.176673929976391975e+00
1.196056016004572697e+01,5.081986374649249960e+00
1.198056587596456168e+01,4.477790870977109705e+00
1.200057159188339639e+01,4.418314569294508942e+00
1.202057730780222933e+01,4.094780536067855081e+00
1.204058302372106226e+01,3.755178879689430538e+00
1.206058873963989697e+01,4.251475817796280587e+00
1.208059445555873168e+01,4.399212590647026744e+00
1.210060017147756461e+01,4.485510662228756829e+00
1.212060588739639932e+01,4.645970281585991124e+00
1.214061160331523226e+01,4.617462856667396309e+00
1.216061731923406697e+01,5.246061188924366014e+00
1.218062303515290168e+01,4.698091472941705149e+00
1.220062875107173461e+01,5.177466609482559434e+00
1.222063446699056932e+01,5.445125897337264931e+00
1.224064018290940226e+01,4.862929194672199529e+00
1.226064589882823697e+01,5.118602967850135244e+00
1.228065161474707168e+01,5.474501942351535533e+00
1.230065733066590461e+01,4.256403142177930476e+00
1.232066304658473754e+01,5.377011832883217934e+00
1.234066876250357225e+01,4.520531078228938959e+00
1.236067447842240696e+01,5.157525918117435992e+00
1.238068019434123990e+01,5.173340044478800692e+00
1.240068591026007461e+01,4.743787972932491215e+00
1.242069162617890754e+01,5.683187935819905334e+00
1.244069734209774225e+01,5.291963682456492180e+00
1.246070305801657696e+01,5.884209519786603337e+00
1.248070877393540989e+01,5.522295004654216299e+00
1.250071448985424460e+01,5.559691385439487377e+00
1.252072020577307754e+01,5.377814757233343457e+00
1.254072592169191225e+01,5.609556847653413669e+00
1.256073163761074696e+01,6.111085062646713695e+00
1.258073735352957989e+01,5.434756742228993076e+00
1.260074306944841460e+01,5.594073059572913564e+00
1.262074878536724754e+01,5.792128458017169912e+00
1.264075450128608225e+01,6.068201811020772496e+00
1.266076021720491518e+01,5.200298544810797452e+00
1.268076593312374989e+01,6.259273903593010502e+00
1.270077164904258282e+01,5.849304063787844399e+00
1.272077736496141753e+01,5.775503289733562085e+00
1.274078308088025224e+01,6.144800888701850816e+00
1.276078879679908518e+01,6.498035579181790311e+00
1.278079451271791989e+01,6.592743656519303386e+00
1.280080022863675282e+01,6.943990395031008234e+00
1.282080594455558753e+01,6.657699967170561450e+00
1.284081166047442224e+01,5.953397415117694713e+00
1.286081737639325517e+01,7.253404023707958004e+00
1.288082309231208988e+01,6.622324110860700941e+00
1.290082880823092282e+01,5.942097008076030917e+00
1.292083452414975753e+01,6.231053805577561278e+00
1.294084024006859224e+01,7.250582848443361428e+00
1.296084595598742517e+01,5.853189372438315274e+00
1.298085167190625810e+01,6.987912546548988857e+00
1.300085738782509281e+01,6.569198743917697314e+00
1.302086310374392752e+01,6.962143801778415408e+00
1.304086881966276046e+01,6.931638558906119130e+00
1.306087453558159517e+01,6.733501909795502449e+00
1.308088025150042810e+01,7.290861055417305892e+00
1.310088596741926281e+01,6.338739838571484597e+00
1.312089168333809752e+01,6.820880605663985463e+00
1.314089739925693046e+01,6.740454087098813218e+00
1.316090311517576517e+01,6.621007447148876679e+00
1.318090883109459810e+01,7.581698938896085593e+00
1.320091454701343281e+01,7.533586343949063568e+00
1.322092026293226752e+01,6.040393018991860430e+00
1.324092597885110045e+01,6.202192900231541017e+00
1.326093169476993339e+01,6.526710217824153837e+00
1.328093741068876810e+01,6.100289108014549377e+00
1.330094312660760281e+01,6.194303324298022773e+00
1.332094884252643574e+01,6.293033715220115454e+00
1.334095455844527045e+01,6.170327537593078837e+00
1.336096027436410338e+01,6.493906618458975544e+00
1.338096599028293809e+01,6.003898808290646372e+00
1.340097170620177280e+01,6.291200023482142356e+00
1.342097742212060574e+01,5.860494251997074855e+00
1.344098313803944045e+01,5.384557921499868449e+00
1.346098885395827338e+01,5.464617263779190992e+00
1.348099456987710809e+01,5.101971581314662885e+00
1.350100028579594280e+01,5.421455339903285875e+00
1.352100600171477573e+01,5.350925386004798945e+00
1.354101171763361044e+01,5.563257458116883214e+00
1.356101743355244338e+01,5.092123657769182188e+00
1.358102314947127809e+01,5.738582376572569643e+00
1.360102886539011102e+01,4.864951635804198204e+00
1.362103458130894573e+01,4.451078057115228859e+00
1.364104029722777867e+01,5.454706306365634916e+00
1.366104601314661338e+01,3.969856954817176042e+00
1.368105172906544809e+01,4.941461012149771292e+00
1.370105744498428102e+01,4.628067173233679554e+00
1.372106316090311573e+01,3.955154619265944582e+00
1.374106887682194866e+01,4.652898303006254288e+00
1.376107459274078337e+01,4.496012600582958818e+00
1.378108030865961808e+01,4.613576766623886272e+00
1.380108602457845102e+01,4.811898556533455107e+00
1.382109174049728573e+01,4.864253216576813088e+00
1.384109745641611866e+01,4.793329745919618468e+00
1.386110317233495337e+01,3.788465391666944182e+00
1.388110888825378808e+01,4.124371834480696997e+00
1.390111460417262101e+01,3.919609670388752409e+00
1.392112032009145395e+01,4.261650100147090114e+00
1.394112603601028866e+01,3.407070500619541864e+00
1.396113175192912337e+01,3.432564339446831703e+00
1.398113746784795630e+01,4.422012048643885862e+00
1.400114318376679101e+01,4.077921379772609711e+00
1.402114889968562395e+01,3.462703628313165360e+00
1.404115461560445866e+01,3.433021011393792676e+00
1.406116033152329337e+01,3.858878259815187839e+00
1.408116604744212630e+01,3.882674067094965320e+00
1.410117176336095923e+01,3.988216166899516857e+00
1.412117747927979394e+01,4.217508421397145213e+00
1.414118319519862865e+01,4.678262910723454127e+00
1.416118891111746336e+01,3.944702476952620884e+00
1.418119462703629630e+01,3.252266587502870898e+00
1.420120034295512923e+01,4.025033521661928404e+00
1.422120605887396394e+01,3.956873735176599460e+00
1.424121177479279865e+01,4.046374821217622042e+00
1.426121749071163336e+01,3.418545823404474326e+00
1.428122320663046629e+01,3.365716230191893921e+00
1.430122892254929923e+01,3.647484612336803877e+00
1.432123463846813394e+01,3.939712617288820162e+00
1.434124035438696865e+01,3.777961166823557093e+00
1.436124607030580158e+01,3.659954786857854359e+00
1.438125178622463629e+01,4.378437016345507082e+00
1.440125750214346922e+01,4.328726604640015907e+00
1.442126321806230393e+01,4.362881953436259508e+00
1.444126893398113864e+01,4.640346968262936578e+00
1.446127464989997158e+01,3.499354484858094416e+00
1.448128036581880451e+01,4.249360924329265821e+00
1.450128608173763922e+01,4.576882536227635967e+00
1.452129179765647393e+01,4.257829463016324922e+00
1.454129751357530864e+01,4.738572215151742206e+00
1.456130322949414158e+01,3.575113781550143255e+00
1.458130894541297451e+01,4.970378228643448359e+00
1.460131466133180922e+01,4.774654822410717259e+00
1.462132037725064393e+01,3.758947892461054874e+00
1.464132609316947686e+01,5.091101716711590619e+00
1.466133180908831157e+01,3.910595784562150623e+00
1.468133752500714451e+01,3.975525612394500197e+00
1.470134324092597922e+01,5.037777789025825292e+00
1.472134895684481393e+01,3.978422297054749812e+00
1.474135467276364686e+01,4.512212929032403785e+00
1.476136038868247979e+01,4.671607100117850742e+00
1.478136610460131450e+01,4.424245166502725368e+00
1.480137182052014921e+01,4.645882180703053699e+00
1.482137753643898392e+01,4.575087889113754969e+00
1.484138325235781686e+01,4.476358317582834090e+00
1.486138896827664979e+01,4.694829811866881641e+00
1.488139468419548450e+01,4.972491151555262334e+00
1.490140040011431921e+01,5.042450156267054950e+00
1.492140611603315392e+01,5.034231851376387290e+00
1.494141183195198685e+01,4.098550786738988982e+00
1.496141754787081979e+01,5.334942878012845391e+00
1.498142326378965450e+01,5.230004254449750256e+00
1.500142897970848921e+01,4.851027447614191246e+00
1.502143469562732214e+01,4.530019935764972416e+00
1.504144041154615508e+01,5.118253758557139932e+00
1.506144612746498979e+01,5.056789812311139443e+00
1.508145184338382450e+01,4.708191356672799976e+00
1.510145755930265921e+01,5.590367881960712992e+00
1.512146327522149214e+01,5.796100891783904530e+00
1.514146899114032507e+01,4.687159358318963243e+00
1.516147470705915978e+01,5.896139053080836412e+00
1.518148042297799449e+01,5.553586604965543572e+00
1.520148613889682920e+01,6.101473756841500062e+00
1.522149185481566214e+01,5.434934997471077445e+00
1.524149757073449507e+01,6.018842913211368995e+00
1.526150328665332978e+01,5.402374944931244372e+00
1.528150900257216449e+01,5.628681262161890686e+00
1.530151471849099742e+01,4.833844973620300856e+00
1.532152043440983036e+01,5.691293400083972998e+00
1.534152615032866507e+01,5.696828211353434313e+00
1.536153186624749978e+01,5.596882841883354942e+00
1.538153758216633449e+01,5.677540639919226528e+00
1.540154329808516742e+01,5.411930007038598944e+00
1.542154901400400036e+01,6.281874702368792640e+00
1.544155472992283507e+01,5.641772399120555725e+00
1.546156044584166978e+01,6.572222125775361690e+00
1.548156616176050449e+01,6.024486880380629295e+00
1.550157187767933742e+01,6.098216607717255933e+00
1.552157759359817035e+01,6.471034198100542589e+00
1.554158330951700506e+01,5.974799971232457096e+00
1.556158902543583977e+01,6.270214197031662273e+00
1.558159474135467271e+01,6.473173153630733978e+00
1.560160045727350742e+01,5.909337047991907177e+00
1.562160617319234035e+01,6.488202408972727042e+00
1.564161188911117506e+01,5.939768141431985171e+00
1.566161760503000977e+01,5.864008267172539313e+00
1.568162332094884270e+01,6.279143738857445811e+00
1.570162903686767564e+01,5.967408818014400040e+00
1.572163475278651035e+01,6.515506779032158136e+00
1.574164046870534506e+01,6.212309847182490685e+00
1.576164618462417977e+01,5.802805251361138339e+00
1.578165190054301270e+01,6.353035769168629443e+00
1.580165761646184563e+01,6.420223560353766956e+00
1.582166333238068034e+01,5.491735599854831840e+00
1.584166904829951505e+01,6.895425291360524511e+00
1.586167476421834799e+01,6.102354984143766536e+00
1.588168048013718270e+01,6.806384185595021563e+00
1.590168619605601563e+01,5.327102578779189912e+00
1.592169191197485034e+01,6.229987695618817156e+00
1.594169762789368505e+01,5.705887278956907060e+00
1.596170334381251799e+01,5.255862970001130563e+00
1.598170905973135092e+01,6.340152692393472122e+00
1.600171477565018563e+01,5.715325420694915337e+00
1.602172049156902034e+01,6.222529192106749818e+00
1.604172620748785505e+01,5.556507346638698053e+00
1.606173192340668976e+01,5.390379226073082286e+00
1.608173763932552092e+01,6.211812022541838729e+00
1.610174335524435563e+01,5.149246328817578267e+00
1.612174907116319034e+01,4.810857727342463974e+00
1.614175478708202505e+01,5.618846084341856617e+00
1.616176050300085620e+01,5.538264937629358897e+00
1.618176621891969091e+01,5.598462852562448688e+00
1.620177193483852562e+01,5.947744908194023239e+00
1.622177765075736033e+01,5.851064165185245969e+00
1.624178336667619504e+01,6.302768873803966443e+00
1.626178908259502620e+01,5.768869763894596048e+00
1.628179479851386091e+01,5.919732805703299405e+00
1.630180051443269562e+01,5.393548837537107232e+00
1.632180623035153033e+01,5.109442926250830297e+00
1.634181194627036149e+01,4.971359107391241317e+00
1.636181766218919620e+01,5.951802986157963105e+00
1.638182337810803091e+01,5.947861363517207955e+00
1.640182909402686562e+01,6.132931006138363728e+00
1.642183480994570033e+01,4.926904448273596415e+00
1.644184052586453504e+01,6.681354811599836907e+00
1.646184624178336620e+01,5.569938910706720314e+00
1.648185195770220091e+01,6.819781805404886654e+00
1.650185767362103562e+01,6.511141065119348426e+00
1.652186338953986677e+01,5.835115086867192602e+00
1.654186910545870148e+01,6.059346742145557130e+00
1.656187482137753619e+01,5.923947137841246935e+00
1.658188053729637090e+01,6.555209016478632300e+00
1.660188625321520561e+01,5.896932379591545370e+00
1.662189196913404032e+01,6.820925424931228775e+00
1.664189768505287148e+01,5.897425122295494759e+00
1.666190340097170619e+01,7.041846232219685753e+00
1.668190911689054090e+01,6.900957102869202942e+00
1.670191483280937561e+01,7.165388294720862916e+00
1.672192054872820677e+01,6.743417763407919097e+00
1.674192626464704148e+01,7.726498664552876150e+00
1.676193198056587619e+01,7.106448683679981393e+00
1.678193769648471090e+01,6.978181373071361548e+00
1.680194341240354561e+01,7.591772237587570693e+00
1.682194912832238032e+01,7.838600297744207523e+00
1.684195484424121148e+01,7.780159326855033086e+00
1.686196056016004619e+01,7.462746562440463194e+00
1.688196627607888090e+01,7.263698016981380512e+00
1.690197199199771205e+01,8.390263295394138510e+00
1.692197770791654676e+01,8.294043400909652419e+00
1.694198342383538147e+01,7.695711758870387165e+00
1.696198913975421618e+01,8.184128982353822579e+00
1.698199485567305089e+01,8.135675733237091478e+00
1.700200057159188560e+01,9.061996834697465530e+00
1.702200628751071676e+01,8.648812164424013460e+00
1.704201200342955147e+01,8.930627251469868355e+00
1.706201771934838618e+01,8.643383651875668150e+00
1.708202343526722089e+01,9.232952258512398203e+00
1.710202915118605205e+01,9.055570587149819772e+00
1.712203486710488676e+01,9.244666012220758233e+00
1.714204058302372147e+01,8.615368223564786376e+00
1.716204629894255618e+01,9.553394419590148345e+00
1.718205201486139089e+01,9.298801454814197953e+00
1.720205773078022204e+01,8.858023454228781901e+00
1.722206344669905675e+01,8.990219918550549139e+00
1.724206916261789146e+01,9.632444633845553383e+00
1.726207487853672617e+01,9.623822286255691694e+00
1.728208059445555733e+01,9.121825900858397063e+00
1.730208631037439204e+01,9.893824708200257945e+00
1.732209202629322675e+01,9.012568444359658315e+00
1.734209774221206146e+01,8.382376290965369847e+00
1.736210345813089617e+01,8.839517544414380978e+00
1.738210917404973088e+01,8.149148758889648292e+00
1.740211488996856204e+01,8.279648348686952986e+00
1.742212060588739675e+01,8.606308113343652977e+00
1.744212632180623146e+01,8.325678685948568969e+00
1.746213203772506262e+01,8.608369153289254783e+00
1.748213775364389733e+01,8.438169401295080974e+00
1.750214346956273204e+01,7.757887417917093131e+00
1.752214918548156675e+01,7.307539651203278197e+00
1.754215490140040146e+01,7.419271696143541206e+00
1.756216061731923617e+01,7.229275615628743878e+00
1.758216633323806732e+01,7.116688409919101233e+00
1.760217204915690203e+01,6.479003180722672894e+00
1.762217776507573674e+01,6.343499388988254495e+00
1.764218348099457145e+01,6.142041058576990231e+00
1.766218919691340261e+01,5.535643314176112106e+00
1.768219491283223732e+01,5.022128356433279706e+00
1.770220062875107203e+01,5.506419305534050679e+00
1.772220634466990674e+01,5.427220183906404039e+00
1.774221206058874145e+01,5.744802985682852636e+00
1.776221777650757616e+01,4.750456367804595459e+00
1.778222349242640732e+01,5.617771962143928377e+00
1.780222920834524203e+01,5.101427364836926159e+00
1.782223492426407674e+01,5.076536515385623893e+00
1.784224064018290790e+01,5.542144320543570757e+00
1.786224635610174261e+01,5.187748846341738940e+00
1.788225207202057732e+01,4.366572079505864679e+00
1.790225778793941203e+01,4.925311528884153134e+00
1.792226350385824674e+01,5.130721762786983220e+00
1.794226921977708145e+01,4.178611170218952786e+00
1.796227493569591260e+01,3.782141164400841138e+00
1.798228065161474731e+01,4.052615239957830795e+00
1.800228636753358202e+01,4.009455003467501832e+00
1.802229208345241318e+01,4.254471573469528423e+00
1.804229779937124789e+01,4.300716816965157285e+00
1.806230351529008260e+01,3.515391615543933312e+00
1.808230923120891731e+01,4.200415915732927274e+00
1.810231494712775202e+01,4.337688628236847421e+00
1.812232066304658673e+01,4.435272931929912232e+00
1.814232637896542144e+01,3.502977149121308642e+00
1.816233209488425260e+01,3.339211452481466669e+00
1.818233781080308731e+01,4.268811015363116468e+00
1.820234352672191847e+01,4.354586830094929084e+00
1.822234924264075318e+01,4.602318484241259000e+00
1.824235495855958789e+01,3.752230312931351897e+00
1.826236067447842260e+01,3.490584213105929035e+00
1.828236639039725731e+01,4.492447065667036554e+00
1.830237210631609202e+01,4.642283600891026651e+00
1.832237782223492673e+01,4.331273247689757966e+00
1.834238353815375788e+01,3.458434839260537075e+00
1.836238925407259259e+01,3.402700584394179550e+00
1.838239496999142730e+01,4.732820507584567515e+00
1.840240068591025846e+01,3.350042790854505181e+00
1.842240640182909317e+01,3.564368960623169436e+00
1.844241211774792788e+01,3.671588039818195703e+00
1.846241783366676259e+01,3.746566382581890675e+00
1.848242354958559730e+01,4.153966694027166895e+00
1.850242926550443201e+01,4.798843440727631915e+00
1.852243498142326672e+01,3.360012762195299540e+00
1.854244069734209788e+01,4.237709406819213598e+00
1.856244641326093259e+01,4.568803759366598882e+00
1.858245212917976374e+01,3.678703579204785967e+00
1.860245784509859845e+01,4.401719892199521311e+00
1.862246356101743316e+01,4.621404551432194197e+00
1.864246927693626787e+01,3.451429466620397513e+00
1.866247499285510258e+01,4.153883416426081610e+00
1.868248070877393729e+01,3.617901907130506522e+00
1.870248642469277200e+01,4.342591113286517590e+00
1.872249214061160316e+01,3.928113834263100124e+00
1.874249785653043787e+01,4.576612170813121772e+00
1.876250357244927258e+01,3.744311732338639676e+00
1.878250928836810374e+01,4.285719346236334992e+00
1.880251500428693845e+01,4.386187322629883312e+00
1.882252072020577316e+01,3.763749330183639330e+00
1.884252643612460787e+01,4.486605165924858696e+00
1.886253215204344258e+01,4.483074634599296893e+00
1.888253786796227729e+01,4.000804374560392063e+00
1.890254358388111200e+01,4.750409545114120391e+00
1.892254929979994316e+01,3.849470800245193836e+00
1.894255501571877787e+01,4.472996403017195810e+00
1.896256073163760902e+01,5.005229109584008462e+00
1.898256644755644373e+01,4.723162192466102915e+00
1.900257216347527844e+01,4.247295394052465589e+00
1.902257787939411315e+01,3.598039709490792326e+00
1.904258359531294786e+01,4.662267848926835434e+00
1.906258931123178257e+01,4.271180369918061714e+00
1.908259502715061728e+01,3.675521619700871767e+00
1.910260074306944844e+01,4.796734070886997436e+00
1.912260645898828315e+01,3.926264864758019613e+00
1.914261217490711431e+01,4.366822447961249409e+00
1.916261789082594902e+01,4.834909403385561077e+00
1.918262360674478373e+01,3.794472541376530117e+00
1.920262932266361844e+01,4.490799526100129668e+00
1.922263503858245315e+01,4.751179742596086442e+00
1.924264075450128786e+01,3.858755037523918574e+00
1.926264647042012257e+01,4.595326338381042319e+00
1.928265218633895373e+01,5.047872665285614957e+00
1.930265790225778844e+01,4.069453542394397161e+00
1.932266361817662315e+01,5.036509561257510370e+00
1.934266933409545430e+01,4.681886767785384151e+00
1.936267505001428901e+01,5.582458362541629526e+00
1.938268076593312372e+01,4.807444528873403122e+00
1.940268648185195843e+01,4.582204352653127089e+00
1.942269219777079314e+01,4.864346555775375336e+00
1.944269791368962785e+01,5.369020998374694820e+00
1.946270362960846256e+01,4.904289868266917374e+00
1.948270934552729372e+01,4.859060026940675847e+00
1.950271506144612843e+01,5.071153110246870099e+00
1.952272077736495959e+01,5.201149560038337505e+00
1.954272649328379430e+01,5.292611621641446717e+00
1.956273220920262901e+01,4.731982800872737371e+00
1.958273792512146372e+01,5.623312875445760639e+00
1.960274364104029843e+01,5.592051973574551305e+00
1.962274935695913314e+01,5.485204082745279486e+00
1.964275507287796785e+01,5.126009092667951350e+00
1.966276078879679901e+01,6.004836463945567360e+00
1.968276650471563372e+01,5.753344350072234548e+00
1.970277222063446487e+01,5.887695539803365463e+00
1.972277793655329958e+01,5.431548587611202628e+00
1.974278365247213429e+01,7.051836248127016482e+00
1.976278936839096900e+01,6.067887789526258402e+00
1.978279508430980371e+01,7.220843157544782898e+00
1.980280080022863842e+01,6.148337865423515680e+00
1.982280651614747313e+01,7.232136371832174504e+00
1.984281223206630784e+01,6.514966901026032708e+00
1.986281794798513900e+01,7.922500127348373944e+00
1.988282366390397371e+01,7.917132998799195853e+00
1.990282937982280487e+01,7.454795707231602897e+00
1.992283509574163958e+01,7.597116443257898588e+00
1.994284081166047429e+01,8.775453891399541462e+00
1.996284652757930900e+01,9.024805113789717836e+00
1.998285224349814371e+01,9.102539016713683040e+00
2.000285795941697842e+01,9.561912374126317005e+00
2.002286367533581313e+01,8.953907056439186718e+00
2.004286939125464428e+01,9.436320412945784497e+00
2.006287510717347899e+01,1.026142695235241398e+01
2.008288082309231015e+01,1.123835394549528743e+01
2.010288653901114486e+01,9.913509955094420789e+00
2.012289225492997957e+01,1.144204257126769519e+01
2.014289797084881428e+01,1.100672767938590368e+01
2.016290368676764899e+01,1.176671410325840483e+01
2.018290940268648370e+01,1.228352055340475957e+01
2.020291511860531841e+01,1.187086744173694797e+01
2.022292083452414957e+01,1.300067623854636700e+01
2.024292655044298428e+01,1.307318000612173670e+01
2.026293226636181899e+01,1.345697605308545164e+01
2.028293798228065015e+01,1.466543646170017468e+01
2.030294369819948486e+01,1.488358858932342876e+01
2.032294941411831957e+01,1.552290520925331130e+01
2.034295513003715428e+01,1.534660391614472985e+01
2.036296084595598899e+01,1.636668715553386377e+01
2.038296656187482370e+01,1.708566343120784836e+01
2.040297227779365841e+01,1.757036517541698117e+01
2.042297799371248956e+01,1.829074381116109649e+01
2.044298370963132427e+01,1.863333805596364101e+01
2.046298942555015543e+01,1.974250741466271464e+01
2.048299514146899014e+01,2.022491748968163705e+01
2.050300085738782485e+01,2.074175331316482485e+01
2.052300657330665956e+01,2.162564818755412333e+01
2.054301228922549427e+01,2.229145563074593284e+01
2.056301800514432898e+01,2.245955406919996733e+01
2.058302372106316369e+01,2.421323126344908871e+01
2.060302943698199485e+01,2.473164358390465267e+01
2.062303515290082956e+01,2.540927067457820954e+01
2.064304086881966072e+01,2.630436825218115615e+01
2.066304658473849543e+01,2.702062051268347176e+01
2.068305230065733014e+01,2.714455193040918957e+01
2.070305801657616485e+01,2.775981015901341920e+01
2.072306373249499956e+01,2.905272975820206582e+01
2.074306944841383427e+01,2.966726118893778263e+01
2.076307516433266898e+01,2.981678218121222201e+01
2.078308088025150369e+01,3.174375840362201373e+01
2.080308659617033484e+01,3.258237560987645054e+01
2.082309231208916955e+01,3.319406646913663650e+01
2.084309802800800071e+01,3.293041458042957004e+01
2.086310374392683542e+01,3.440800586526137295e+01
2.088310945984567013e+01,3.483625691958663140e+01
2.090311517576450484e+01,3.569211010032648801e+01
2.092312089168333955e+01,3.554849238884877138e+01
2.094312660760217426e+01,3.563517431468697083e+01
2.096313232352100897e+01,3.680469644513717498e+01
2.098313803943984013e+01,3.692912590133713024e+01
2.100314375535867484e+01,3.619328341064628063e+01
2.102314947127750600e+01,3.598126464269368796e+01
2.104315518719634071e+01,3.613735535614840444e+01
2.106316090311517542e+01,3.531798258559493320e+01
2.108316661903401013e+01,3.448605853929356613e+01
2.110317233495284484e+01,3.448515070468801014e+01
2.112317805087167955e+01,3.385116678863800388e+01
2.114318376679051426e+01,3.327364591885609002e+01
2.116318948270934541e+01,3.134809466938945022e+01
2.118319519862818012e+01,3.112811210658977501e+01
2.120320091454701483e+01,2.888185393774207199e+01
2.122320663046584599e+01,2.915540730905273392e+01
2.124321234638468070e+01,2.753955782732002078e+01
2.126321806230351541e+01,2.675331962337727632e+01
2.128322377822235012e+01,2.561174349981213894e+01
2.130322949414118483e+01,2.440184194953930685e+01
2.132323521006001954e+01,2.313313698581849209e+01
2.134324092597885425e+01,2.160066907080793186e+01
2.136324664189768541e+01,2.192909329574435873e+01
2.138325235781652012e+01,2.013559270273340474e+01
2.140325807373535127e+01,1.982777788923422690e+01
2.142326378965418598e+01,1.892124801783717203e+01
2.144326950557302069e+01,1.890574590639801045e+01
2.146327522149185540e+01,1.800281536353128686e+01
2.148328093741069011e+01,1.805504709398364227e+01
2.150328665332952482e+01,1.772357353117834222e+01
2.152329236924835953e+01,1.709705263751355631e+01
2.154329808516719069e+01,1.685172155146252493e+01
2.156330380108602540e+01,1.694374404561351000e+01
2.158330951700485656e+01,1.700445674221667502e+01
2.160331523292369127e+01,1.694035661386891078e+01
2.162332094884252598e+01,1.722149430056808228e+01
2.164332666476136069e+01,1.684578346047478092e+01
2.166333238068019540e+01,1.735670281610418542e+01
2.168333809659903011e+01,1.718841152881939394e+01
2.170334381251786482e+01,1.716612671625935249e+01
2.172334952843669598e+01,1.719713391365649713e+01
2.174335524435553069e+01,1.774060528912823642e+01
2.176336096027436540e+01,1.727548816379118080e+01
2.178336667619319655e+01,1.811573336207694851e+01
2.180337239211203126e+01,1.853539467315074063e+01
2.182337810803086597e+01,1.905356180898012397e+01
2.184338382394970068e+01,1.847631558426135001e+01
2.186338953986853539e+01,1.873882373062852480e+01
2.188339525578737010e+01,1.938691037146793050e+01
2.190340097170620481e+01,1.904688643689392080e+01
2.192340668762503597e+01,1.951907761605512093e+01
2.194341240354387068e+01,1.926938107924620169e+01
2.196341811946270184e+01,1.975405747544365553e+01
2.198342383538153655e+01,1.927044576645787544e+01
2.200342955130037126e+01,1.899858683171252949e+01
2.202343526721920597e+01,1.906898469504168148e+01
2.204344098313804068e+01,1.867666111824445352e+01
2.206344669905687539e+01,1.927882527736673524e+01
2.208345241497571010e+01,1.816484952142063847e+01
2.210345813089454126e+01,1.834590240775578351e+01
2.212346384681337597e+01,1.803750812838635653e+01
2.214346956273221068e+01,1.801404523923409684e+01
2.216347527865104183e+01,1.733169244487564598e+01
2.218348099456987654e+01,1.668421838086224795e+01
2.220348671048871125e+01,1.583916255091010861e+01
2.222349242640754596e+01,1.560574975231640948e+01
2.224349814232638067e+01,1.488584622146644953e+01
2.226350385824521538e+01,1.453571020318885587e+01
2.228350957416405009e+01,1.340382700286960826e+01
2.230351529008288125e+01,1.305864692811656980e+01
2.232352100600171596e+01,1.184781555463842828e+01
2.234352672192054712e+01,1.167959561538285307e+01
2.236353243783938183e+01,1.149539685775870446e+01
2.238353815375821654e+01,1.074197581393529966e+01
2.240354386967705125e+01,1.030485547869657736e+01
2.242354958559588596e+01,9.651347507205507270e+00
2.244355530151472067e+01,9.426438006235128952e+00
2.246356101743355538e+01,9.289899379573970606e+00
2.248356673335238654e+01,8.754315815706826598e+00
2.250357244927122125e+01,7.966111388767740387e+00
2.252357816519005240e+01,7.788059258765493986e+00
2.254358388110888711e+01,7.447807367677155455e+00
2.256358959702772182e+01,6.565079630143405787e+00
2.258359531294655653e+01,7.420092466291392519e+00
2.260360102886539124e+01,7.581771054904011820e+00
2.262360674478422595e+01,7.069409273802572891e+00
2.264361246070306066e+01,6.482257358120754986e+00
2.266361817662189182e+01,5.489940518425211025e+00
2.268362389254072653e+01,6.195417918051011164e+00
2.270362960845956124e+01,5.916044520013148400e+00
2.272363532437839240e+01,5.762570648825413144e+00
2.274364104029722711e+01,6.338260791008574202e+00
2.276364675621606182e+01,5.494904927636145686e+00
2.278365247213489653e+01,6.572108714749212766e+00
2.280365818805373124e+01,5.713551738296358096e+00
2.282366390397256595e+01,5.671348208666231017e+00
2.284366961989140066e+01,5.664660807153282462e+00
2.286367533581023181e+01,5.202236407480817171e+00
2.288368105172906652e+01,5.992176486642708078e+00
2.290368676764789768e+01,6.495062342533040933e+00
2.292369248356673239e+01,5.897629221041739811e+00
2.294369819948556710e+01,5.787559773660355233e+00
2.296370391540440181e+01,4.914274077614321001e+00
2.298370963132323652e+01,5.042818045632407653e+00
2.300371534724207123e+01,5.498372000339765364e+00
2.302372106316090594e+01,5.264509406113942802e+00
2.304372677907973710e+01,6.078666911274913431e+00
2.306373249499857181e+01,5.130086871347941724e+00
2.308373821091740652e+01,5.485605050155510476e+00
2.310374392683623768e+01,5.515819826893018529e+00
2.312374964275507239e+01,5.519881480496414028e+00
2.314375535867390710e+01,5.431371920972386746e+00
2.316376107459274181e+01,6.272994847547067820e+00
2.318376679051157652e+01,6.517805101229676268e+00
2.320377250643041123e+01,5.745280085557515903e+00
2.322377822234924594e+01,6.411003769261744090e+00
2.324378393826807709e+01,7.176946628495514346e+00
2.326378965418691180e+01,5.550102412798169738e+00
2.328379537010574296e+01,7.091732400724398921e+00
2.330380108602457767e+01,5.787344230038053539e+00
2.332380680194341238e+01,6.400042392067192054e+00
2.334381251786224709e+01,6.319273235408925160e+00
2.336381823378108180e+01,6.521986969586022198e+00
2.338382394969991651e+01,6.693680887015933223e+00
2.340382966561875122e+01,6.504727858249225392e+00
2.342383538153758238e+01,7.057851012501787480e+00
2.344384109745641709e+01,7.447968855825283896e+00
2.346384681337524825e+01,6.834290944468119910e+00
2.348385252929408296e+01,8.053410961044098926e+00
2.350385824521291767e+01,6.989832311729836434e+00
2.352386396113175238e+01,8.191589073497365092e+00
2.354386967705058709e+01,7.571440621672391735e+00
2.356387539296942180e+01,7.988928701129692556e+00
2.358388110888825651e+01,7.461369701728250092e+00
2.360388682480708766e+01,8.070554812119764776e+00
2.362389254072592237e+01,7.655027562874378688e+00
2.364389825664475708e+01,8.098051068081892012e+00
2.366390397256358824e+01,7.774205770828270801e+00
2.368390968848242295e+01,7.981465432186829467e+00
2.370391540440125766e+01,8.159933143450023962e+00
2.372392112032009237e+01,7.344084527712851695e+00
2.374392683623892708e+01,7.552887165871492670e+00
2.376393255215776179e+01,8.583361000761282611e+00
2.378393826807659650e+01,8.672671066449311184e+00
2.380394398399542766e+01,7.609130006073949737e+00
2.382394969991426237e+01,7.777505963312536963e+00
2.384395541583309353e+01,7.463005043802974470e+00
2.386396113175192824e+01,7.978160674767831750e+00
2.388396684767076295e+01,8.139005791268136392e+00
2.390397256358959766e+01,7.903425422820474111e+00
2.392397827950843237e+01,7.686303796650767239e+00
2.394398399542726708e+01,6.827963141943373060e+00
2.396398971134610179e+01,6.558099096192297139e+00
2.398399542726493294e+01,7.024926376760669555e+00
2.400400114318376765e+01,7.206002590328782986e+00
2.402400685910260236e+01,6.949191367795386043e+00
2.404401257502143352e+01,6.272047308748181393e+00
2.406401829094026823e+01,6.044570121621533509e+00
2.408402400685910294e+01,6.105620520572680121e+00
2.410402972277793765e+01,5.635742245501301539e+00
2.412403543869677236e+01,5.532815987288000059e+00
2.414404115461560707e+01,5.493862569772674398e+00
2.416404687053444178e+01,5.387339489040543938e+00
2.418405258645327294e+01,5.684757450562893055e+00
2.420405830237210765e+01,5.232475004838180510e+00
2.422406401829093880e+01,5.699448359058029823e+00
2.424406973420977351e+01,5.679816757269927407e+00
2.426407545012860822e+01,5.924525595302982950e+00
2.428408116604744293e+01,4.996326625942746347e+00
2.430408688196627764e+01,5.287979779070790975e+00
2.432409259788511235e+01,4.827291632887923178e+00
2.434409831380394706e+01,4.707360475547183398e+00
2.436410402972277822e+01,5.006331132743763845e+00
2.438410974564161293e+01,4.917817532399914704e+00
2.440411546156044409e+01,4.447548603395018674e+00
2.442412117747927880e+01,5.131098124561946250e+00
2.444412689339811351e+01,5.231589961241368769e+00
2.446413260931694822e+01,4.188201428315016628e+00
2.448413832523578293e+01,4.463560858051605074e+00
2.450414404115461764e+01,4.536032013528991769e+00
2.452414975707345235e+01,5.033137292651653993e+00
2.454415547299228351e+01,4.993197613602172069e+00
2.456416118891111822e+01,4.504154708220108105e+00
2.458416690482995293e+01,5.997481606556034350e+00
2.460417262074878408e+01,5.634968836627174404e+00
2.462417833666761879e+01,5.776359494269048156e+00
2.464418405258645350e+01,5.413143956285764169e+00
2.466418976850528821e+01,5.659984755653048261e+00
2.468419548442412292e+01,5.315438295496575094e+00
2.470420120034295763e+01,4.815184111867375272e+00
2.472420691626179234e+01,5.707914162219092091e+00
2.474421263218062350e+01,5.978438403557792213e+00
2.476421834809945821e+01,5.299807295043349242e+00
2.478422406401828937e+01,6.354263053035545283e+00
2.480422977993712408e+01,6.054930301903093337e+00
2.482423549585595879e+01,6.690892524210112491e+00
2.484424121177479350e+01,6.262878588744021258e+00
2.486424692769362821e+01,6.945821949772096993e+00
2.488425264361246292e+01,6.824997245038062488e+00
2.490425835953129763e+01,6.830004309711859456e+00
2.492426407545012879e+01,6.422036276382651288e+00
2.494426979136896350e+01,6.734998901583781006e+00
2.496427550728779821e+01,7.675203776192920380e+00
2.498428122320662936e+01,7.257097409850054248e+00
2.500428693912546407e+01,7.639751735994951609e+00
2.502429265504429878e+01,7.341905197434247299e+00
2.504429837096313349e+01,8.182774363375825644e+00
2.506430408688196820e+01,7.922648161062612715e+00
2.508430980280080291e+01,8.701927034215888312e+00
2.510431551871963762e+01,8.421580931621850397e+00
2.512432123463846878e+01,9.503238230015650601e+00
2.514432695055730349e+01,9.116401873322191207e+00
2.516433266647613465e+01,9.598207451258804923e+00
2.518433838239496936e+01,9.333091175875612322e+00
2.520434409831380407e+01,9.947478905845848374e+00
2.522434981423263878e+01,1.030754152954209779e+01
2.524435553015147349e+01,1.090772409407490784e+01
2.526436124607030820e+01,1.112461973274528049e+01
2.528436696198914291e+01,1.150419584431979025e+01
2.530437267790797407e+01,1.201741597196703282e+01
2.532437839382680878e+01,1.291162869051421502e+01
2.534438410974563993e+01,1.294648918453889586e+01
2.536438982566447464e+01,1.359318593072749337e+01
2.538439554158330935e+01,1.308042690495960159e+01
2.540440125750214406e+01,1.423722988244002785e+01
2.542440697342097877e+01,1.444925628852899813e+01
2.544441268933981348e+01,1.443773615467800298e+01
2.546441840525864819e+01,1.502120097117460062e+01
2.548442412117747935e+01,1.619962868028170888e+01
2.550442983709631406e+01,1.628602561210497157e+01
2.552443555301514877e+01,1.703930770995626887e+01
2.554444126893397993e+01,1.754493525457282743e+01
2.556444698485281464e+01,1.782993791413306894e+01
2.558445270077164935e+01,1.824287296386919621e+01
2.560445841669048406e+01,1.867283121432200943e+01
2.562446413260931877e+01,1.947234213077090459e+01
2.564446984852815348e+01,1.977284182386823375e+01
2.566447556444698819e+01,2.046522160154178493e+01
2.568448128036581934e+01,1.988951838507984249e+01
2.570448699628465405e+01,2.070191815832871285e+01
2.572449271220348521e+01,2.098245923544161329e+01
2.574449842812231992e+01,2.128542639027574168e+01
2.576450414404115463e+01,2.071909264506750148e+01
2.578450985995998934e+01,2.114015223946807254e+01
2.580451557587882405e+01,2.092319060999361113e+01
2.582452129179765876e+01,2.161556049539553470e+01
2.584452700771649347e+01,2.046135255723534740e+01
2.586453272363532463e+01,1.999153733003058164e+01
2.588453843955415934e+01,1.999015508505006977e+01
2.590454415547299405e+01,1.994629424672140416e+01
2.592454987139182521e+01,1.938542989047818921e+01
2.594455558731065992e+01,1.926053065608149950e+01
2.596456130322949463e+01,1.819165368440483022e+01
2.598456701914832934e+01,1.714249062693335901e+01
2.600457273506716405e+01,1.708854643976014032e+01
2.602457845098599520e+01,1.643863474433009486e+01
2.604458416690482991e+01,1.535846415106078311e+01
2.606458988282366462e+01,1.494966492544432235e+01
2.608459559874249933e+01,1.449016813308759666e+01
2.610460131466133404e+01,1.390435878782908752e+01
2.612460703058016520e+01,1.278651796970503618e+01
2.614461274649899991e+01,1.218112377886330044e+01
2.616461846241783462e+01,1.254185350479051309e+01
2.618462417833666933e+01,1.208861655928695455e+01
2.620462989425550404e+01,1.138495576974273327e+01
2.622463561017433520e+01,1.084130814787766539e+01
2.624464132609316991e+01,1.032507871797970722e+01
2.626464704201200462e+01,9.527543138890619545e+00
2.628465275793083933e+01,1.076877427233572604e+01
2.630465847384967049e+01,9.977591705938218425e+00
2.632466418976850520e+01,9.708464839804472390e+00
2.634466990568733991e+01,9.839187391325582510e+00
2.636467562160617462e+01,9.495177120997022158e+00
2.638468133752500933e+01,9.402034805144786844e+00
2.640468705344384048e+01,9.370770013929774933e+00
2.642469276936267519e+01,9.180100141383601198e+00
2.644469848528150990e+01,9.548733161125289470e+00
2.646470420120034461e+01,8.746413889889360860e+00
2.648470991711917932e+01,9.464495256279434443e+00
2.650471563303801048e+01,8.916818503072679647e+00
2.652472134895684519e+01,9.833683816780583342e+00
2.654472706487567990e+01,9.305326580715279405e+00
2.656473278079451461e+01,9.754779342218036220e+00
2.658473849671334932e+01,9.946152382662576841e+00
2.660474421263218048e+01,8.894942680366193954e+00
2.662474992855101519e+01,8.956737352233377081e+00
2.664475564446984990e+01,9.682391355314836190e+00
2.666476136038868461e+01,9.433633669488814988e+00
2.668476707630751577e+01,1.024488321873103658e+01
2.670477279222635048e+01,9.464781346835987819e+00
2.672477850814518519e+01,1.008534069940122180e+01
2.674478422406401990e+01,1.018694290891684240e+01
2.676478993998285461e+01,9.317562322963333088e+00
2.678479565590168576e+01,9.564168623409573300e+00
2.680480137182052047e+01,1.058405951410965784e+01
2.682480708773935518e+01,1.103485358342475564e+01
2.684481280365818989e+01,1.108866602675432489e+01
2.686481851957702460e+01,1.002852916028338193e+01
2.688482423549585576e+01,1.006457393838600289e+01
2.690482995141469047e+01,1.069487369987366776e+01
2.692483566733352518e+01,1.100911665033198261e+01
2.694484138325235989e+01,1.112761083345646362e+01
2.696484709917119105e+01,1.075691789280316968e+01
2.698485281509002576e+01,1.079065464289134724e+01
2.700485853100886047e+01,9.646404214112125786e+00
2.702486424692769518e+01,9.830048752980008686e+00
2.704486996284652989e+01,1.010782864148118065e+01
2.706487567876536104e+01,1.044973281459561676e+01
2.708488139468419575e+01,1.086386037443711849e+01
2.710488711060303046e+01,1.074220719668327106e+01
2.712489282652186517e+01,1.068910273020221346e+01
2.714489854244069988e+01,1.147800873208705497e+01
2.716490425835953104e+01,1.055690703234789574e+01
2.718490997427836575e+01,1.090434827403357332e+01
2.720491569019720046e+01,1.109141674966691227e+01
2.722492140611603517e+01,1.174369075708252730e+01
2.724492712203486633e+01,1.160772327472160015e+01
2.726493283795370104e+01,1.277826306950801971e+01
2.728493855387253575e+01,1.215222343271240568e+01
2.730494426979137046e+01,1.317052896160760866e+01
2.732494998571020517e+01,1.325422222776208692e+01
2.734495570162903633e+01,1.435778875476216321e+01
2.736496141754787104e+01,1.481323254626461683e+01
2.738496713346670575e+01,1.500230886696105870e+01
2.740497284938554046e+01,1.516530436299754925e+01
2.742497856530437517e+01,1.605840555713265871e+01
2.744498428122320632e+01,1.725655939756302715e+01
2.746498999714204103e+01,1.839253387976783571e+01
2.748499571306087574e+01,1.841010131080033929e+01
2.750500142897971045e+01,1.885777552686631608e+01
2.752500714489854516e+01,2.082244496015678337e+01
2.754501286081737632e+01,2.100519756983718622e+01
2.756501857673621103e+01,2.198577054684288257e+01
2.758502429265504574e+01,2.262516657866640202e+01
2.760503000857388045e+01,2.423282319594300915e+01
2.762503572449271161e+01,2.542266561678651371e+01
2.764504144041154632e+01,2.670965672705460747e+01
2.766504715633038103e+01,2.793135487215376500e+01
2.768505287224921574e+01,2.882180109793900158e+01
2.770505858816805045e+01,3.035879943364805200e+01
2.772506430408688161e+01,3.217538498828912452e+01
2.774507002000571632e+01,3.317365327775988249e+01
2.776507573592455103e+01,3.377959361283202355e+01
2.778508145184338574e+01,3.501694480380834307e+01
2.780508716776222045e+01,3.693434156688011427e+01
2.782509288368105160e+01,3.868365758678350375e+01
2.784509859959988631e+01,4.013764819789651739e+01
2.786510431551872102e+01,4.174787547155018785e+01
2.788511003143755573e+01,4.232600886058921930e+01
2.790511574735638689e+01,4.365812043489742678e+01
2.792512146327522160e+01,4.555993107549233656e+01
2.794512717919405631e+01,4.641035690609432862e+01
2.796513289511289102e+01,4.757322399835813087e+01
2.798513861103172573e+01,4.934316994912185095e+01
2.800514432695055689e+01,4.983063319806822022e+01
2.802515004286939160e+01,5.067239140853271806e+01
2.804515575878822631e+01,5.040547740843908997e+01
2.806516147470706102e+01,5.207208223077890352e+01
2.808516719062589573e+01,5.110146616953510801e+01
2.810517290654472689e+01,5.184979888191588770e+01
2.812517862246356160e+01,5.108081613023635015e+01
2.814518433838239631e+01,5.126308945160101871e+01
2.816519005430123102e+01,5.065482851928657482e+01
2.818519577022006217e+01,4.924003819806705451e+01
2.820520148613889688e+01,4.838936037231854215e+01
2.822520720205773159e+01,4.751757587676727468e+01
2.824521291797656630e+01,4.617038618161672048e+01
2.826521863389540101e+01,4.454969319918941295e+01
2.828522434981423217e+01,4.257035192906715793e+01
2.830523006573306688e+01,4.057319554703390452e+01
2.832523578165190159e+01,3.910087438916894342e+01
2.834524149757073630e+01,3.740809473706804766e+01
2.836524721348957101e+01,3.475013630736587800e+01
2.838525292940840217e+01,3.318928156218289161e+01
2.840525864532723688e+01,3.090867563733619150e+01
2.842526436124607159e+01,2.857276801267956401e+01
2.844527007716490630e+01,2.667795035629606559e+01
2.846527579308374101e+01,2.488659790804126359e+01
2.848528150900257216e+01,2.360521595712567589e+01
2.850528722492140687e+01,2.226517335169993927e+01
2.852529294084024158e+01,2.076968328158260135e+01
2.854529865675907629e+01,1.908841046923654616e+01
2.856530437267790745e+01,1.831298705646903358e+01
2.858531008859674216e+01,1.658590494903029722e+01
2.860531580451557687e+01,1.530701268500762957e+01
2.862532152043441158e+01,1.501439640019909660e+01
2.864532723635324629e+01,1.372669728652695831e+01
2.866533295227207745e+01,1.403628089483296648e+01
2.868533866819091216e+01,1.281783350228612761e+01
2.870534438410974687e+01,1.202738554198534970e+01
2.872535010002858158e+01,1.164045751483980773e+01
2.874535581594741629e+01,1.171853251057314793e+01
2.876536153186624745e+01,1.142678275824273371e+01
2.878536724778508216e+01,1.112738909609456428e+01
2.880537296370391687e+01,1.042101397962670362e+01
2.882537867962275158e+01,1.010721022336628216e+01
2.884538439554158273e+01,9.376882318828048568e+00
2.886539011146041744e+01,1.020774430251970166e+01
2.888539582737925215e+01,1.044675941365753857e+01
2.890540154329808686e+01,9.813821360380325487e+00
2.892540725921692157e+01,1.019671761747371797e+01
2.894541297513575273e+01,1.021879564682482311e+01
2.896541869105458744e+01,9.397411377075410854e+00
2.898542440697342215e+01,1.014202560410996057e+01
2.900543012289225686e+01,1.054229472835483961e+01
2.902543583881109157e+01,9.120800399581424855e+00
2.904544155472992273e+01,9.276126248637419636e+00
2.906544727064875744e+01,1.001465266904718021e+01
2.908545298656759215e+01,1.012695823450975219e+01
2.910545870248642686e+01,1.042014418336927051e+01
2.912546441840525802e+01,1.118113800646848688e+01
2.914547013432409273e+01,1.035657315364980846e+01
2.916547585024292744e+01,1.032463241558821032e+01
2.918548156616176215e+01,1.105685204435561175e+01
2.920548728208059686e+01,1.155822230300764630e+01
2.922549299799942801e+01,1.173441295739842793e+01
2.924549871391826272e+01,1.274660114184660031e+01
2.926550442983709743e+01,1.195136487855482699e+01
2.928551014575593214e+01,1.163453566684272289e+01
2.930551586167476685e+01,1.232823952991140359e+01
2.932552157759359801e+01,1.324747157924124075e+01
2.934552729351243272e+01,1.367929780018723918e+01
2.936553300943126743e+01,1.473012526398463251e+01
2.938553872535010214e+01,1.482021851570063475e+01
2.940554444126893330e+01,1.584843558598963398e+01
2.942555015718776801e+01,1.669779295101103145e+01
2.944555587310660272e+01,1.618943604977703643e+01
2.946556158902543743e+01,1.694306500859313047e+01
2.948556730494427214e+01,1.883441969961813101e+01
2.950557302086310330e+01,1.867527901587929051e+01
2.952557873678193801e+01,1.948828015944525305e+01
2.954558445270077272e+01,1.969813131924823324e+01
2.956559016861960743e+01,2.083031420441090731e+01
2.958559588453844214e+01,2.180532441309956937e+01
2.960560160045727329e+01,2.344782859260205399e+01
2.962560731637610800e+01,2.331234015895790890e+01
2.964561303229494271e+01,2.425142946823146417e+01
2.966561874821377742e+01,2.592834927582686078e+01
2.968562446413261213e+01,2.653425653648395155e+01
2.970563018005144329e+01,2.767899281126750566e+01
2.972563589597027800e+01,2.879426512951840778e+01
2.974564161188911271e+01,2.922323123626335928e+01
2.976564732780794742e+01,3.067866550791384128e+01
2.978565304372677858e+01,3.130744425982712897e+01
2.980565875964561329e+01,3.281026915137966427e+01
2.982566447556444800e+01,3.380128610767650343e+01
2.984567019148328271e+01,3.379543527268627656e+01
2.986567590740211742e+01,3.468524886955019326e+01
2.988568162332094857e+01,3.632824815507463967e+01
2.990568733923978328e+01,3.666028743631110842e+01
2.992569305515861799e+01,3.660500323891751862e+01
2.994569877107745270e+01,3.797898977183081826e+01
2.996570448699628741e+01,3.818914007565064850e+01
2.998571020291511857e+01,3.914685689448518247e+01
3.000571591883395328e+01,3.948120786287724115e+01
3.002572163475278799e+01,4.001499506472091383e+01
3.004572735067162270e+01,4.023981194229304492e+01
3.006573306659045386e+01,4.018955420711379389e+01
3.008573878250928857e+01,4.159128124377011204e+01
3.010574449842812328e+01,4.087939704759918413e+01
3.012575021434695799e+01,4.238178010241291815e+01
3.014575593026579270e+01,4.110712239453810923e+01
3.016576164618462386e+01,4.171563244916550417e+01
3.018576736210345857e+01,4.262421990842308617e+01
3.020577307802229328e+01,4.265037852237148996e+01
3.022577879394112799e+01,4.273842816828899061e+01
3.024578450985996270e+01,4.293686870359755403e+01
3.026579022577879385e+01,4.365904153647524311e+01
3.028579594169762856e+01,4.449915216683704244e+01
3.030580165761646327e+01,4.425865973853402835e+01
3.032580737353529798e+01,4.484962763824233889e+01
3.034581308945412914e+01,4.514533417037844742e+01
3.036581880537296385e+01,4.636621927166825685e+01
3.038582452129179856e+01,4.697093919516122185e+01
3.040583023721063327e+01,4.836778610948957180e+01
3.042583595312946798e+01,4.859799387061046616e+01
3.044584166904829914e+01,4.959785149494641132e+01
3.046584738496713385e+01,5.085086119815471761e+01
3.048585310088596856e+01,5.126904649315531515e+01
3.050585881680480327e+01,5.311039064115625763e+01
3.052586453272363798e+01,5.394447584237558857e+01
3.054587024864246914e+01,5.452204279371170514e+01
3.056587596456130385e+01,5.600212674828728154e+01
3.058588168048013856e+01,5.664198766584398470e+01
3.060588739639897327e+01,5.723480557570351834e+01
3.062589311231780798e+01,5.768479944224352352e+01
3.064589882823663913e+01,5.799809874699198531e+01
3.066590454415547384e+01,5.844888963540532956e+01
3.068591026007430855e+01,5.815223421581434593e+01
3.070591597599314326e+01,5.808328994981798843e+01
3.072592169191197442e+01,5.767562382001642618e+01
3.074592740783080913e+01,5.584127814855957439e+01
3.076593312374964384e+01,5.572727018492578566e+01
3.078593883966847855e+01,5.421582200338168889e+01
3.080594455558731326e+01,5.168182624574978945e+01
3.082595027150614442e+01,5.078351369473519128e+01
3.084595598742497913e+01,4.901637066605152171e+01
3.086596170334381384e+01,4.609148771968943237e+01
3.088596741926264855e+01,4.488364959517179642e+01
3.090597313518148326e+01,4.257442793296880268e+01
3.092597885110031442e+01,4.062674891270017952e+01
3.094598456701914913e+01,3.825650123288424709e+01
3.096599028293798384e+01,3.542778029580733801e+01
3.098599599885681855e+01,3.291680180073120709e+01
3.100600171477564970e+01,3.106017919524040138e+01
3.102600743069448441e+01,2.902563531894412563e+01
3.104601314661331912e+01,2.662160881512111388e+01
3.106601886253215383e+01,2.474568975675732929e+01
3.108602457845098854e+01,2.349039391221700512e+01
3.110603029436981970e+01,2.176630693071461664e+01
3.112603601028865441e+01,2.054516798362907082e+01
3.114604172620748912e+01,1.899395501208707415e+01
3.116604744212632383e+01,1.766413891596661756e+01
3.118605315804515854e+01,1.728598400795991452e+01
3.120605887396398970e+01,1.663663414286643061e+01
3.122606458988282441e+01,1.509106470180121207e+01
3.124607030580165912e+01,1.464879149104178957e+01
3.126607602172049383e+01,1.370905793419938412e+01
3.128608173763932498e+01,1.302379198284930695e+01
3.130608745355815969e+01,1.332170119714402468e+01
3.132609316947699440e+01,1.295741104898223384e+01
3.134609888539582911e+01,1.245777983372750164e+01
3.136610460131466382e+01,1.156893520295206024e+01
3.138611031723349498e+01,1.238585461105145491e+01
3.140611603315232969e+01,1.197385978119556782e+01
3.142612174907116440e+01,1.154591465933388506e+01
3.144612746498999911e+01,1.135543270784322445e+01
3.146613318090883382e+01,1.149074933633912643e+01
3.148613889682766498e+01,1.136043072334254589e+01
3.150614461274649969e+01,1.126970850688002912e+01
3.152615032866533440e+01,1.024653062281219107e+01
3.154615604458416911e+01,1.119153677026162441e+01
3.156616176050300382e+01,1.083594431710644557e+01
3.158616747642183498e+01,1.115421179950787689e+01
3.160617319234066969e+01,1.041852856541747485e+01
3.162617890825950440e+01,1.164088837030994661e+01
3.164618462417833911e+01,1.075134386970963973e+01
3.166619034009717026e+01,1.136978077863757974e+01
3.168619605601600497e+01,1.034718150367110567e+01
3.170620177193483968e+01,1.072344788812382532e+01
3.172620748785367439e+01,1.157770226212238285e+01
3.174621320377250910e+01,1.087214941031179904e+01
3.176621891969134026e+01,1.071475053830955382e+01
3.178622463561017497e+01,1.072937532490107593e+01
3.180623035152900968e+01,1.126850469323760073e+01
3.182623606744784439e+01,1.084118418090279512e+01
3.184624178336667910e+01,1.048596723677632880e+01
3.186624749928551026e+01,1.108485575833436698e+01
3.188625321520434497e+01,1.068579869345879985e+01
3.190625893112317968e+01,1.103955313981856179e+01
3.192626464704201439e+01,1.142825686206198910e+01
3.194627036296084555e+01,1.094171499057931030e+01
3.196627607887968026e+01,1.131673940121457278e+01
3.198628179479851497e+01,1.133464561378848146e+01
3.200628751071734968e+01,1.073268740769122331e+01
3.202629322663618439e+01,1.048430915537778851e+01
3.204629894255501199e+01,1.090715602252172189e+01
3.206630465847385381e+01,1.113505843537381779e+01
3.208631037439268141e+01,1.093563615127035149e+01
3.210631609031152323e+01,9.703358292646656835e+00
3.212632180623035083e+01,1.015982413716906052e+01
3.214632752214918554e+01,1.003740164918517763e+01
3.216633323806802025e+01,9.067780781112031008e+00
3.218633895398685496e+01,9.152132235127568904e+00
3.220634466990568967e+01,9.618481554257002131e+00
3.222635038582451728e+01,8.826946150167540139e+00
3.224635610174335909e+01,8.878114418679857067e+00
3.226636181766218670e+01,8.059865654766360521e+00
3.228636753358102851e+01,7.671054056828942258e+00
3.230637324949985612e+01,7.920544163051590481e+00
3.232637896541869083e+01,8.271679130824562520e+00
3.234638468133752554e+01,8.348174160560638768e+00
3.236639039725636025e+01,7.407516624918299541e+00
3.238639611317519496e+01,6.669946074263395808e+00
3.240640182909402967e+01,7.107212901056405130e+00
3.242640754501286438e+01,7.511952274387881268e+00
3.244641326093169198e+01,6.552148148992928078e+00
3.246641897685053380e+01,6.138965687781620773e+00
3.248642469276936140e+01,6.152242070342442304e+00
3.250643040868819611e+01,6.591154788411209609e+00
3.252643612460703082e+01,6.330102034526027488e+00
3.254644184052586553e+01,6.316941751692493057e+00
3.256644755644470024e+01,5.328915932784605403e+00
3.258645327236353495e+01,5.943037082287654371e+00
3.260645898828236966e+01,4.584600487082503228e+00
3.262646470420119726e+01,4.718392777920684011e+00
3.264647042012003908e+01,5.549897269024670621e+00
3.266647613603886668e+01,5.203062357350002110e+00
3.268648185195770850e+01,5.401743731756863731e+00
3.270648756787653610e+01,5.042994802138231591e+00
3.272649328379537081e+01,4.887925307853775436e+00
3.274649899971420552e+01,5.172038859462620763e+00
3.276650471563304023e+01,5.396491318815275662e+00
3.278651043155187494e+01,5.174338240869073680e+00
3.280651614747070255e+01,4.496907979843904002e+00
3.282652186338954436e+01,4.367058496458031236e+00
3.284652757930837197e+01,4.290410795201729854e+00
3.286653329522721378e+01,4.386403615983962112e+00
3.288653901114604139e+01,3.955842055223166120e+00
3.290654472706487610e+01,5.050866742866963577e+00
3.292655044298371081e+01,5.055490025302090018e+00
3.294655615890254552e+01,4.880249927906737284e+00
3.296656187482138023e+01,5.149947991116054169e+00
3.298656759074020783e+01,4.201229215873567568e+00
3.300657330665904965e+01,4.910447483482032638e+00
3.302657902257787725e+01,4.396909919767385766e+00
3.304658473849671907e+01,4.987476801755960309e+00
3.306659045441554667e+01,4.875270692841112918e+00
3.308659617033438138e+01,4.401903194764954286e+00
3.310660188625321609e+01,4.193588262744998296e+00
3.312660760217205080e+01,4.046695474925702918e+00
3.314661331809088551e+01,4.861286305620200920e+00
3.316661903400971312e+01,5.165414759082169738e+00
3.318662474992855493e+01,5.175737312390404909e+00
3.320663046584738254e+01,4.829629200104488262e+00
3.322663618176622435e+01,4.587186214166321996e+00
3.324664189768505196e+01,4.445627008531726432e+00
3.326664761360388667e+01,4.632232705892483260e+00
3.328665332952272138e+01,5.403718429745174134e+00
3.330665904544155609e+01,5.052208896600156152e+00
3.332666476136039080e+01,5.012243636284352100e+00
3.334667047727922551e+01,4.618040766860759483e+00
3.336667619319806022e+01,5.411356059369839322e+00
3.338668190911688782e+01,4.852379789684929889e+00
3.340668762503572964e+01,4.957492314303260983e+00
3.342669334095455724e+01,4.739734107506151872e+00
3.344669905687339195e+01,4.970066851867041891e+00
3.346670477279222666e+01,5.467930658207922789e+00
3.348671048871106137e+01,5.257735521599222750e+00
3.350671620462989608e+01,5.443441766431556417e+00
3.352672192054873079e+01,5.955848011104960094e+00
3.354672763646756550e+01,5.781658775334910239e+00
3.356673335238639311e+01,6.553094227096430302e+00
3.358673906830523492e+01,5.622273432414615080e+00
3.360674478422406253e+01,6.027700390897886784e+00
3.362675050014290434e+01,6.701349707468664540e+00
3.364675621606173195e+01,6.867820378639870604e+00
3.366676193198056666e+01,7.403024834925169273e+00
3.368676764789940137e+01,6.014997846046986396e+00
3.370677336381823608e+01,6.536228245953148885e+00
3.372677907973707079e+01,6.501834050956942335e+00
3.374678479565589839e+01,7.270796253213377192e+00
3.376679051157474021e+01,7.230988766457553396e+00
3.378679622749356781e+01,7.356907635868372708e+00
3.380680194341240963e+01,7.370462220810759746e+00
3.382680765933123723e+01,8.232222275975079384e+00
3.384681337525007194e+01,7.868571853932829541e+00
3.386681909116890665e+01,8.132662569203379377e+00
3.388682480708774136e+01,7.460167016340813362e+00
3.390683052300657607e+01,8.289945512592401755e+00
3.392683623892540368e+01,8.093026554791993732e+00
3.394684195484424549e+01,8.921358354273472457e+00
3.396684767076307310e+01,7.909878998465806887e+00
3.398685338668191491e+01,8.768818564137216498e+00
3.400685910260074252e+01,8.203924386547633674e+00
3.402686481851957723e+01,8.033206402775050492e+00
3.404687053443841194e+01,9.045809143502751226e+00
3.406687625035724665e+01,8.276373312250036918e+00
3.408688196627608136e+01,8.201306690040770064e+00
3.410688768219490896e+01,8.416425702738022707e+00
3.412689339811375078e+01,7.752060203836924401e+00
3.414689911403257838e+01,7.852513231020507689e+00
3.416690482995142020e+01,7.628950628260193767e+00
3.418691054587024780e+01,6.652553561712315044e+00
3.420691626178908251e+01,7.372654177514400331e+00
3.422692197770791722e+01,6.260834193640590684e+00
3.424692769362675193e+01,6.766461465894214378e+00
3.426693340954558664e+01,6.408201930052472406e+00
3.428693912546442135e+01,6.442671381832447253e+00
3.430694484138325606e+01,6.236698220567204132e+00
3.432695055730208367e+01,6.050206226051579428e+00
3.434695627322092548e+01,6.037443847957238319e+00
3.436696198913975309e+01,5.537685008930736785e+00
3.438696770505858780e+01,5.558978143471691169e+00
3.440697342097742251e+01,5.671612970463192127e+00
3.442697913689625722e+01,5.118062535903484367e+00
3.444698485281509193e+01,4.984544070983485398e+00
3.446699056873392664e+01,5.186249263676192101e+00
3.448699628465276135e+01,4.917077028159225982e+00
3.450700200057158895e+01,5.310852370119420129e+00
3.452700771649043077e+01,4.456150863808232110e+00
3.454701343240925837e+01,5.273198292460234526e+00
3.456701914832810019e+01,4.900747758835571233e+00
3.458702486424692779e+01,4.768281577146053607e+00
3.460703058016576250e+01,4.668232530748062103e+00
3.462703629608459721e+01,4.934448666956203766e+00
3.464704201200343192e+01,4.644804982585752029e+00
3.466704772792226663e+01,4.161630373647399850e+00
3.468705344384109424e+01,5.175028504660192930e+00
3.470705915975993605e+01,4.136903744472761879e+00
3.472706487567876366e+01,5.281074695908618111e+00
3.474707059159760547e+01,4.458482047007037430e+00
3.476707630751643308e+01,4.317780554161577911e+00
3.478708202343526779e+01,3.927732642148724196e+00
3.480708773935410250e+01,4.676963928961511918e+00
3.482709345527293721e+01,4.768705735520017086e+00
3.484709917119177192e+01,4.926065656746025923e+00
3.486710488711059952e+01,4.332033592475889705e+00
3.488711060302944134e+01,4.372146256218295335e+00
3.490711631894826894e+01,5.060858063945695484e+00
3.492712203486711076e+01,5.132477780355113595e+00
3.494712775078593836e+01,4.890588658275605738e+00
3.496713346670477307e+01,4.514225794247659351e+00
3.498713918262360778e+01,4.404683466271398729e+00
3.500714489854244249e+01,5.324312130384745601e+00
3.502715061446127720e+01,5.164470009200143430e+00
3.504715633038010481e+01,4.849003720897553826e+00
3.506716204629894662e+01,4.694976914808517421e+00
3.508716776221777423e+01,4.851814848125106217e+00
3.510717347813661604e+01,4.650570375382574895e+00
3.512717919405544365e+01,4.697354678487232427e+00
3.514718490997427836e+01,4.355797604344918916e+00
3.516719062589311307e+01,4.602037465840274066e+00
3.518719634181194778e+01,4.788342422048601499e+00
3.520720205773078249e+01,4.977722669321753557e+00
3.522720777364961720e+01,4.565472772431363069e+00
3.524721348956845191e+01,4.880032035714345184e+00
3.526721920548727951e+01,4.426366515189929629e+00
3.528722492140612133e+01,4.771145648819470786e+00
3.530723063732494893e+01,4.829326003214189811e+00
3.532723635324378364e+01,5.084533738717183837e+00
3.534724206916261835e+01,5.461101761264161247e+00
3.536724778508145306e+01,4.907352269871570805e+00
3.538725350100028777e+01,4.231908700176637339e+00
3.540725921691912248e+01,5.021741084716163428e+00
3.542726493283795719e+01,4.413640539083356629e+00
3.544727064875678479e+01,4.740067877419582132e+00
3.546727636467562661e+01,4.860050489399136531e+00
3.548728208059445421e+01,4.677339023546813301e+00
3.550728779651329603e+01,4.105599828102159066e+00
3.552729351243212363e+01,4.459439155164816704e+00
3.554729922835095834e+01,4.341179720038515377e+00
3.556730494426979305e+01,5.673431696769095645e+00
3.558731066018862776e+01,5.347424005841125982e+00
3.560731637610746247e+01,4.900947437389095107e+00
3.562732209202629008e+01,5.722252949065862460e+00
3.564732780794513189e+01,4.339455753883817657e+00
3.566733352386395950e+01,5.695609802263439825e+00
3.568733923978280131e+01,5.599613275184097461e+00
3.570734495570162892e+01,5.732197944879303897e+00
3.572735067162046363e+01,4.948533090617517338e+00
3.574735638753929834e+01,5.209759378640178795e+00
3.576736210345813305e+01,5.605749528363799250e+00
3.578736781937696776e+01,5.469104396059553785e+00
3.580737353529579536e+01,5.993199712226923381e+00
3.582737925121463718e+01,6.448617371450097835e+00
3.584738496713346478e+01,5.822914369296348980e+00
3.586739068305230660e+01,6.443014784660737959e+00
3.588739639897113420e+01,6.175149554393869700e+00
3.590740211488996891e+01,7.198747015568789820e+00
3.592740783080880362e+01,7.371913904476936175e+00
3.594741354672763833e+01,6.998179642896896979e+00
3.596741926264647304e+01,7.708983109990876770e+00
3.598742497856530065e+01,7.313722953908730950e+00
3.600743069448414246e+01,7.661855866607364618e+00
3.602743641040297007e+01,7.573484165039594096e+00
3.604744212632181188e+01,7.611604134536745114e+00
3.606744784224063949e+01,8.090122581305600136e+00
3.608745355815947420e+01,8.748135187735718077e+00
3.610745927407830891e+01,8.382225050115675202e+00
3.612746498999714362e+01,8.534923460570226439e+00
3.614747070591597833e+01,9.312170553004099460e+00
3.616747642183481304e+01,9.804076360326444473e+00
3.618748213775364775e+01,9.165873701089333636e+00
3.620748785367247535e+01,9.236455564715388533e+00
3.622749356959131717e+01,9.031154449960281383e+00
3.624749928551014477e+01,9.814107651075627103e+00
3.626750500142897948e+01,9.549494699265451914e+00
3.628751071734781419e+01,9.289168919762873955e+00
3.630751643326664890e+01,9.417519049912892015e+00
3.632752214918548361e+01,9.702318801388029712e+00
3.634752786510431832e+01,9.488385178448741186e+00
3.636753358102315303e+01,9.130809317301368466e+00
3.638753929694198064e+01,9.131078671578650940e+00
3.640754501286082245e+01,9.124002835231792119e+00
3.642755072877965006e+01,8.942619520832250757e+00
3.644755644469849187e+01,9.373010886144241383e+00
3.646756216061731948e+01,8.062927476671431393e+00
3.648756787653615419e+01,9.290629239166236175e+00
3.650757359245498890e+01,8.668862270428995487e+00
3.652757930837382361e+01,8.852996321749346365e+00
3.654758502429265832e+01,8.238594543196901654e+00
3.656759074021148592e+01,8.075682696896027579e+00
3.658759645613032774e+01,7.142621545766757230e+00
3.660760217204915534e+01,7.524878400644468002e+00
3.662760788796799716e+01,7.528695545756233898e+00
3.664761360388682476e+01,7.802974618863574463e+00
3.666761931980565947e+01,7.770277203690391765e+00
3.668762503572449418e+01,8.054431025201262528e+00
3.670763075164332889e+01,7.358840270647085013e+00
3.672763646756216360e+01,7.502817726370793139e+00
3.674764218348099121e+01,6.919749452967502101e+00
3.676764789939983302e+01,7.494382106173657299e+00
3.678765361531866063e+01,7.022383736985592151e+00
3.680765933123750244e+01,7.855246922641057949e+00
3.682766504715633005e+01,7.598628232034214669e+00
3.684767076307516476e+01,8.197193964928272791e+00
3.686767647899399947e+01,7.257482506919036069e+00
3.688768219491283418e+01,7.495293861146782533e+00
3.690768791083166889e+01,8.431719727639602979e+00
3.692769362675049649e+01,8.827550948689504295e+00
3.694769934266933831e+01,8.344408920190261369e+00
3.696770505858816591e+01,8.164947392166830298e+00
3.698771077450700773e+01,9.058696425910568450e+00
3.700771649042583533e+01,8.880135909265350236e+00
3.702772220634467004e+01,9.131476866114322632e+00
3.704772792226350475e+01,9.411511673433787806e+00
3.706773363818233946e+01,9.637778701577634166e+00
3.708773935410117417e+01,9.732820885005498468e+00
3.710774507002000888e+01,9.751177783449035630e+00
3.712775078593884359e+01,1.094301160870915268e+01
3.714775650185767120e+01,1.029079389306475179e+01
3.716776221777651301e+01,1.117415673628035933e+01
3.718776793369534062e+01,1.020946364583605614e+01
3.720777364961417533e+01,1.107159956013041935e+01
3.722777936553301004e+01,1.220529972892455461e+01
3.724778508145184475e+01,1.112707489422237828e+01
3.726779079737067946e+01,1.282861082024358268e+01
3.728779651328951417e+01,1.177093902190930308e+01
3.730780222920834888e+01,1.283515948325490896e+01
3.732780794512717648e+01,1.320218100502443903e+01
3.734781366104601830e+01,1.396287363827610228e+01
3.736781937696484590e+01,1.314121847768314666e+01
3.738782509288368772e+01,1.377366699392838001e+01
3.740783080880251532e+01,1.460445431094646729e+01
3.742783652472135003e+01,1.526447366898104363e+01
3.744784224064018474e+01,1.512151759519540661e+01
3.746784795655901945e+01,1.598647594862454469e+01
3.748785367247785416e+01,1.598728592598852316e+01
3.750785938839668177e+01,1.615751277874019465e+01
3.752786510431552358e+01,1.668947789984734698e+01
3.754787082023435119e+01,1.660908587187710594e+01
3.756787653615319300e+01,1.689130650641534714e+01
3.758788225207202061e+01,1.680258815379305304e+01
3.760788796799085532e+01,1.704231983679152052e+01
3.762789368390969003e+01,1.670057720003256208e+01
3.764789939982852474e+01,1.695121023646586522e+01
3.766790511574735945e+01,1.665520469820373251e+01
3.768791083166618705e+01,1.637106675134976186e+01
3.770791654758502887e+01,1.726487116767843943e+01
3.772792226350385647e+01,1.670082361543520477e+01
3.774792797942269829e+01,1.598446606795582170e+01
3.776793369534152589e+01,1.599092600564198818e+01
3.778793941126036060e+01,1.581596462077812149e+01
3.780794512717919531e+01,1.494981072130591571e+01
3.782795084309803002e+01,1.524144581267139742e+01
3.784795655901686473e+01,1.445640830144215627e+01
3.786796227493569234e+01,1.487648381102003370e+01
3.788796799085453415e+01,1.424718458652082020e+01
3.790797370677336176e+01,1.397464988057875246e+01
3.792797942269220357e+01,1.427448087584505387e+01
3.794798513861103118e+01,1.272305263101888428e+01
3.796799085452986589e+01,1.349722241486213115e+01
3.798799657044870060e+01,1.233269989482582041e+01
3.800800228636753531e+01,1.303437702381084407e+01
3.802800800228637002e+01,1.208384114763763506e+01
3.804801371820520473e+01,1.236758898344262647e+01
3.806801943412403944e+01,1.148960428080752827e+01
3.808802515004286704e+01,1.149221060726133814e+01
3.810803086596170886e+01,1.174573311162780698e+01
3.812803658188053646e+01,1.096798031355815617e+01
3.814804229779937117e+01,1.044989183440821634e+01
3.816804801371820588e+01,1.017241149656208776e+01
3.818805372963704059e+01,9.825790436902490654e+00
3.820805944555587530e+01,9.722096287318771957e+00
3.822806516147471001e+01,9.031577054574299268e+00
3.824807087739354472e+01,9.478525754725268371e+00
3.826807659331237232e+01,8.718496476006812657e+00
3.828808230923121414e+01,9.992016451752936845e+00
3.830808802515004174e+01,8.565072747433429612e+00
3.832809374106888356e+01,8.862168672181811147e+00
3.834809945698771116e+01,8.718745204546635819e+00
3.836810517290654587e+01,7.866678421894546247e+00
3.838811088882538058e+01,7.718507515266176178e+00
3.840811660474421529e+01,8.354964503090565486e+00
3.842812232066305000e+01,7.710475122961924832e+00
3.844812803658187761e+01,6.894255831366733922e+00
3.846813375250071942e+01,7.153574456040262319e+00
3.848813946841954703e+01,7.240482146260228902e+00
3.850814518433838884e+01,7.566600293687209877e+00
3.852815090025721645e+01,8.018802550838085352e+00
3.854815661617605116e+01,7.017682815647897421e+00
3.856816233209488587e+01,7.154752236760147710e+00
3.858816804801372058e+01,7.960287905654769069e+00
3.860817376393255529e+01,7.048669496785764821e+00
3.862817947985138289e+01,7.141652422533476319e+00
3.864818519577022471e+01,8.027861102489412204e+00
3.866819091168905231e+01,7.682258126729850645e+00
3.868819662760789413e+01,7.731849461210611452e+00
3.870820234352672173e+01,8.843063256357712731e+00
3.872820805944555644e+01,7.973786817201228061e+00
3.874821377536439115e+01,8.733211404956554347e+00
3.876821949128322586e+01,8.365773509671331709e+00
3.878822520720206057e+01,8.887552067830307934e+00
3.880823092312088818e+01,9.001146106934257318e+00
3.882823663903972999e+01,8.719017443266018574e+00
3.884824235495855760e+01,9.341596763656005109e+00
3.886824807087739941e+01,1.054299567034768614e+01
3.888825378679622702e+01,1.027147648322654838e+01
3.890825950271506173e+01,1.080994036549517823e+01
3.892826521863389644e+01,1.139542228415562342e+01
3.894827093455273115e+01,1.170357233966459987e+01
3.896827665047156586e+01,1.153432918680445951e+01
3.898828236639040057e+01,1.248482328983182654e+01
3.900828808230923528e+01,1.343273766721662810e+01
3.902829379822806288e+01,1.301204688441681867e+01
3.904829951414690470e+01,1.299391491893414141e+01
3.906830523006573230e+01,1.246221825848389386e+01
3.908831094598456701e+01,1.339280507105768336e+01
3.910831666190340172e+01,1.393810042824075524e+01
3.912832237782223643e+01,1.428842130290365553e+01
3.914832809374107114e+01,1.409350580537838304e+01
3.916833380965990585e+01,1.347950342822444192e+01
3.918833952557874056e+01,1.367464572845054072e+01
3.920834524149756817e+01,1.476747854513003233e+01
3.922835095741640998e+01,1.434614430235600935e+01
3.924835667333523759e+01,1.447616825667602392e+01
3.926836238925407940e+01,1.402564709989384184e+01
3.928836810517290701e+01,1.358842352424239586e+01
3.930837382109174172e+01,1.259388438862630188e+01
3.932837953701057643e+01,1.233243992409270362e+01
3.934838525292941114e+01,1.266288248195590249e+01
3.936839096884824585e+01,1.232937214841575901e+01
3.938839668476707345e+01,1.124835951875856566e+01
3.940840240068591527e+01,1.174643807556455322e+01
3.942840811660474287e+01,1.123208428992628072e+01
3.944841383252358469e+01,1.110465969653873941e+01
3.946841954844241229e+01,9.480574077066464156e+00
3.948842526436124700e+01,9.827607012802275221e+00
3.950843098028008171e+01,1.064339455192789252e+01
3.952843669619891642e+01,1.042252688222022172e+01
3.954844241211775113e+01,8.941254538976350474e+00
3.956844812803657874e+01,1.029953922663025523e+01
3.958845384395542055e+01,9.917166655329573643e+00
3.960845955987424816e+01,1.024017740305789914e+01
3.962846527579308997e+01,7.673230570857813682e+00
3.964847099171191758e+01,9.879715336355765487e+00
3.966847670763075229e+01,9.405295965440489070e+00
3.968848242354958700e+01,1.009622905667345805e+01
3.970848813946842171e+01,7.434551446375080808e+00
3.972849385538725642e+01,9.985172586826287500e+00
3.974849957130608402e+01,1.029705870419005542e+01
3.976850528722492584e+01,9.325231733162464565e+00
3.978851100314375344e+01,8.188104189838099956e+00
3.980851671906259526e+01,9.248176176316256658e+00
3.982852243498142286e+01,1.023824432371855409e+01
3.984852815090025757e+01,9.616805124183155584e+00
3.986853386681909228e+01,7.286534558945813700e+00
3.988853958273792699e+01,1.009100393030822396e+01
3.990854529865676170e+01,9.651182571831490975e+00
3.992855101457559641e+01,1.045040627607344774e+01
3.994855673049443112e+01,6.459891146162380693e+00
3.996856244641325873e+01,9.001636639447543331e+00
3.998856816233210054e+01,9.558959025491155614e+00
4.000857387825092815e+01,9.100560750520003239e+00
4.002857959416976286e+01,6.959331422441129789e+00
4.004858531008859757e+01,8.725119918057892221e+00
4.006859102600743228e+01,7.970730890855636019e+00
4.008859674192626699e+01,7.929559722778079411e+00
4.010860245784510170e+01,6.799981913814916901e+00
4.012860817376393641e+01,7.914323721522069199e+00
4.014861388968276401e+01,7.799767826762842304e+00
4.016861960560160583e+01,7.397252968227737924e+00
4.018862532152043343e+01,6.105356050563682579e+00
4.020863103743927525e+01,6.880775265863800172e+00
4.022863675335810285e+01,7.169472523890860316e+00
4.024864246927693756e+01,7.277509333660106883e+00
4.026864818519577227e+01,6.351736619827311969e+00
4.028865390111460698e+01,7.245717817930009907e+00
4.030865961703344169e+01,6.576407667842389948e+00
4.032866533295226930e+01,7.109278964758265928e+00
4.034867104887111111e+01,6.100704370641772734e+00
4.036867676478993872e+01,6.885953884220430865e+00
4.038868248070878053e+01,6.752898882540889325e+00
4.040868819662760814e+01,7.198690332611215936e+00
4.042869391254644285e+01,7.250560682511633104e+00
4.044869962846527756e+01,7.085640391999940668e+00
4.046870534438411227e+01,7.257813075020480120e+00
4.048871106030294698e+01,7.081352760831345350e+00
4.050871677622177458e+01,6.930015219222574352e+00
4.052872249214061640e+01,7.665485255677117138e+00
4.054872820805944400e+01,8.835319474006366747e+00
4.056873392397828582e+01,8.714285815087784215e+00
4.058873963989711342e+01,8.250498948690660583e+00
4.060874535581594813e+01,8.370116248809488013e+00
4.062875107173478284e+01,8.660649961170674871e+00
4.064875678765361755e+01,1.031447787787275416e+01
4.066876250357245226e+01,9.627165791806095996e+00
4.068876821949127986e+01,1.053201577279902601e+01
4.070877393541012168e+01,1.094831230484611240e+01
4.072877965132894929e+01,1.045419849477051955e+01
4.074878536724779110e+01,1.082566784806683202e+01
4.076879108316661871e+01,1.195435842660072545e+01
4.078879679908545342e+01,1.156539201640575598e+01
4.080880251500428813e+01,1.242767419785312022e+01
4.082880823092312284e+01,1.295164737935628629e+01
4.084881394684195755e+01,1.257773560740641550e+01
4.086881966276079226e+01,1.308405918347716046e+01
4.088882537867962697e+01,1.362793671565346898e+01
4.090883109459845457e+01,1.335847160913766984e+01
4.092883681051729639e+01,1.456970438355460296e+01
4.094884252643612399e+01,1.401508230823080758e+01
4.096884824235495870e+01,1.446273347471008641e+01
4.098885395827379341e+01,1.463847378689690615e+01
4.100885967419262812e+01,1.439337152822554522e+01
4.102886539011146283e+01,1.602634238876258266e+01
4.104887110603029754e+01,1.505410907069656723e+01
4.106887682194913225e+01,1.571543393773390918e+01
4.108888253786795985e+01,1.623593209640115020e+01
4.110888825378680167e+01,1.589017024763653296e+01
4.112889396970562927e+01,1.702343553713458846e+01
4.114889968562447109e+01,1.620312338521301143e+01
4.116890540154329869e+01,1.754868762857205056e+01
4.118891111746213340e+01,1.685354952890847358e+01
4.120891683338096811e+01,1.782455606695656414e+01
4.122892254929980282e+01,1.719949228600324531e+01
4.124892826521863753e+01,1.829810275529102626e+01
4.126893398113746514e+01,1.784850114221725192e+01
4.128893969705630695e+01,1.827367691583843623e+01
4.130894541297513456e+01,1.833929254158885414e+01
4.132895112889397637e+01,1.815343007394147534e+01
4.134895684481280398e+01,1.833052435569891969e+01
4.136896256073163869e+01,1.705807759304789428e+01
4.138896827665047340e+01,1.748139029484900675e+01
4.140897399256930811e+01,1.746183682824851147e+01
4.142897970848814282e+01,1.660735729626176749e+01
4.144898542440697042e+01,1.665177214785776272e+01
4.146899114032581224e+01,1.674975266750545089e+01
4.148899685624463984e+01,1.681275891232552055e+01
4.150900257216348166e+01,1.531024982493311448e+01
4.152900828808230926e+01,1.498802140646115078e+01
4.154901400400114397e+01,1.488713654897265748e+01
4.156901971991997868e+01,1.357214255761552835e+01
4.158902543583881339e+01,1.355036322224106193e+01
4.160903115175764810e+01,1.273115268999939431e+01
4.162903686767647571e+01,1.169525185860976535e+01
4.164904258359531752e+01,1.138289137830326858e+01
4.166904829951414513e+01,1.180177134321583132e+01
4.168905401543298694e+01,1.082458631212247546e+01
4.170905973135181455e+01,1.037217133745957476e+01
4.172906544727064926e+01,9.369570194403715746e+00
4.174907116318948397e+01,9.074502434452956123e+00
4.176907687910831868e+01,8.337363030812314335e+00
4.178908259502715339e+01,7.780886410594600733e+00
4.180908831094598810e+01,8.570846574190943201e+00
4.182909402686482281e+01,8.533446563481275504e+00
4.184909974278365041e+01,8.106650913842965878e+00
4.186910545870249223e+01,7.991766021368763795e+00
4.188911117462131983e+01,6.817516800918993702e+00
4.190911689054015454e+01,6.891126663400344299e+00
4.192912260645898925e+01,6.750623496053469452e+00
4.194912832237782396e+01,6.764403220088414770e+00
4.196913403829665867e+01,6.705833797867832402e+00
4.198913975421549338e+01,6.182544984400649923e+00
4.200914547013432809e+01,6.903825022194491012e+00
4.202915118605316280e+01,6.533909895459411032e+00
4.204915690197199041e+01,6.724992862050947373e+00
4.206916261789082512e+01,6.743647913113651526e+00
4.208916833380965983e+01,5.485688270030592228e+00
4.210917404972849454e+01,6.603609849483126126e+00
4.212917976564732925e+01,6.018734750758818919e+00
4.214918548156616396e+01,5.860180956423715948e+00
4.216919119748499867e+01,5.546075466531262599e+00
4.218919691340383338e+01,5.866740917715999259e+00
4.220920262932266809e+01,5.594818393261866696e+00
4.222920834524150280e+01,6.239223519040454136e+00
4.224921406116033040e+01,5.376854536976882315e+00
4.226921977707916511e+01,5.688637913921583689e+00
4.228922549299799982e+01,6.672586678086418033e+00
4.230923120891683453e+01,6.230153638060366816e+00
4.232923692483566924e+01,6.315869964423738381e+00
4.234924264075450395e+01,5.732908612492551015e+00
4.236924835667333866e+01,6.704941598665984159e+00
4.238925407259217337e+01,7.457937841109229637e+00
4.240925978851100808e+01,6.257134130350992862e+00
4.242926550442983569e+01,6.325334961432064418e+00
4.244927122034867040e+01,7.667390963391651937e+00
4.246927693626750511e+01,6.608724775094190207e+00
4.248928265218633982e+01,7.665571004145508738e+00
4.250928836810517453e+01,7.726727661633777444e+00
4.252929408402400924e+01,8.101028109670822985e+00
4.254929979994284395e+01,8.827909773516015690e+00
4.256930551586167866e+01,8.487939423836442288e+00
4.258931123178051337e+01,8.642424789614683078e+00
4.260931694769934097e+01,9.413259145959557372e+00
4.262932266361817568e+01,1.020815220124130462e+01
4.264932837953701039e+01,1.056779157049423645e+01
4.266933409545584510e+01,1.063267298171329500e+01
4.268933981137467981e+01,1.159075824483621275e+01
4.270934552729351452e+01,1.159953863029488375e+01
4.272935124321234923e+01,1.269835311281286927e+01
4.274935695913118394e+01,1.328827877850703132e+01
4.276936267505001865e+01,1.415830471635035082e+01
4.278936839096885336e+01,1.525724603120474754e+01
4.280937410688768097e+01,1.518879680049719028e+01
4.282937982280651568e+01,1.544633125113412220e+01
4.284938553872535039e+01,1.642345155050700001e+01
4.286939125464418510e+01,1.739812806712597038e+01
4.288939697056301981e+01,1.719365415885836512e+01
4.290940268648185452e+01,1.744770018424937774e+01
4.292940840240068923e+01,1.797172440071065935e+01
4.294941411831952394e+01,1.850662504218000137e+01
4.296941983423835865e+01,1.955000154239542454e+01
4.298942555015718625e+01,1.888771935584870931e+01
4.300943126607602096e+01,1.956785579141914866e+01
4.302943698199485567e+01,1.977377980447124628e+01
4.304944269791369038e+01,1.948469908843154741e+01
4.306944841383252509e+01,1.962336051314254348e+01
4.308945412975135980e+01,1.981119746377106239e+01
4.310945984567019451e+01,1.981502613721236017e+01
4.312946556158902922e+01,1.834255046701656156e+01
4.314947127750786393e+01,1.873591534516232926e+01
4.316947699342669864e+01,1.829517213339301662e+01
4.318948270934552625e+01,1.712061330665384773e+01
4.320948842526436096e+01,1.681571084107586245e+01
4.322949414118319567e+01,1.573047953525264120e+01
4.324949985710203038e+01,1.529965475370879702e+01
4.326950557302086509e+01,1.482713676359298205e+01
4.328951128893969980e+01,1.430570420243470409e+01
4.330951700485853451e+01,1.394433238755282822e+01
4.332952272077736922e+01,1.298276654336749303e+01
4.334952843669620393e+01,1.231326268935622892e+01
4.336953415261503153e+01,1.176199759783101939e+01
4.338953986853386624e+01,1.107493629078157937e+01
4.340954558445270095e+01,1.085807903767933524e+01
4.342955130037153566e+01,1.048553258548073153e+01
4.344955701629037037e+01,1.013066584848768770e+01
4.346956273220920508e+01,9.806469989987030900e+00
4.348956844812803979e+01,9.705299364036116927e+00
4.350957416404687450e+01,8.489029669189289251e+00
4.352957987996570921e+01,8.710764671038511153e+00
4.354958559588453681e+01,7.578372332736459605e+00
4.356959131180337153e+01,7.694618055797960210e+00
4.358959702772220624e+01,8.438106741550834400e+00
4.360960274364104095e+01,7.474411454136244970e+00
4.362960845955987566e+01,6.940958554966204730e+00
4.364961417547871037e+01,7.034384600007455468e+00
4.366961989139754508e+01,7.315158487737722481e+00
4.368962560731637979e+01,7.517988907009932831e+00
4.370963132323521450e+01,6.841068615400391906e+00
4.372963703915404921e+01,7.099590026532182740e+00
4.374964275507287681e+01,7.173128819148823609e+00
4.376964847099171152e+01,6.613072318512883463e+00
4.378965418691054623e+01,7.111161071067142458e+00
4.380965990282938094e+01,7.168515842533533799e+00
4.382966561874821565e+01,7.715191456455382735e+00
4.384967133466705036e+01,7.228440018552075408e+00
4.386967705058588507e+01,7.177328917893690985e+00
4.388968276650471978e+01,6.549744344381240424e+00
4.390968848242355449e+01,7.116522723172200138e+00
4.392969419834238209e+01,6.572646791051701243e+00
4.394969991426121680e+01,7.437543721654703788e+00
4.396970563018005151e+01,7.469305888337808952e+00
4.398971134609888622e+01,7.717969883023226174e+00
4.400971706201772093e+01,8.213497248281280250e+00
4.402972277793655564e+01,7.565532752965898666e+00
4.404972849385539035e+01,7.888464134087660895e+00
4.406973420977422506e+01,8.137868921876084016e+00
4.408973992569305977e+01,8.316140424436353484e+00
4.410974564161189448e+01,7.930532672756042345e+00
4.412975135753072209e+01,8.948659996036642639e+00
4.414975707344955680e+01,8.597466692297741631e+00
4.416976278936839151e+01,8.503513188464886241e+00
4.418976850528722622e+01,8.776436235615562964e+00
4.420977422120606093e+01,9.212266166333296979e+00
4.422977993712489564e+01,8.999875015167333459e+00
4.424978565304373035e+01,8.712133334845168164e+00
4.426979136896256506e+01,9.396087996443364787e+00
4.428979708488139977e+01,9.639949902674709747e+00
4.430980280080022737e+01,9.511400709160444222e+00
4.432980851671906208e+01,9.773226123958931311e+00
4.434981423263789679e+01,9.097706157617217571e+00
4.436981994855673150e+01,1.040388382744384010e+01
4.438982566447556621e+01,9.954553182269542333e+00
4.440983138039440092e+01,9.295396919104184974e+00
4.442983709631323563e+01,9.578107132122342549e+00
4.444984281223207034e+01,1.033024003537389035e+01
4.446984852815090505e+01,9.545259715870313855e+00
4.448985424406973266e+01,1.032623674092847033e+01
4.450985995998856737e+01,1.065310390114392192e+01
4.452986567590740208e+01,9.681773797252064995e+00
4.454987139182623679e+01,1.024317977710479433e+01
4.456987710774507150e+01,1.033404761674254146e+01
4.458988282366390621e+01,1.092225604169163589e+01
4.460988853958274092e+01,1.045625590331250976e+01
4.462989425550157563e+01,9.957496204654583849e+00
4.464989997142041034e+01,1.054763169206443507e+01
4.466990568733924505e+01,1.098558866120201216e+01
4.468991140325807265e+01,1.088158935631390989e+01
4.470991711917690736e+01,1.126036576886781582e+01
4.472992283509574207e+01,1.075939132140959842e+01
4.474992855101457678e+01,1.204538073205528548e+01
4.476993426693341149e+01,1.169613066241615584e+01
4.478993998285224620e+01,1.192323515942150891e+01
4.480994569877108091e+01,1.210142955002875098e+01
4.482995141468991562e+01,1.191843537423031840e+01
4.484995713060875033e+01,1.153401549145528193e+01
4.486996284652757794e+01,1.228700517856113805e+01
4.488996856244641265e+01,1.251097575096940062e+01
4.490997427836524736e+01,1.213298099074476610e+01
4.492997999428408207e+01,1.313516224027539536e+01
4.494998571020291678e+01,1.307344003771415863e+01
4.496999142612175149e+01,1.330222472156608582e+01
4.498999714204058620e+01,1.388834618288267642e+01
4.501000285795942091e+01,1.322204142796342197e+01
4.503000857387825562e+01,1.363376379540793693e+01
4.505001428979709033e+01,1.328682842869149283e+01
4.507002000571591793e+01,1.321581965415508186e+01
4.509002572163475264e+01,1.291776375829997114e+01
4.511003143755358735e+01,1.414132526167197845e+01
4.513003715347242206e+01,1.257107808779280589e+01
4.515004286939125677e+01,1.249130311084448053e+01
4.517004858531009148e+01,1.267689518581698849e+01
4.519005430122892619e+01,1.314517444609328223e+01
4.521006001714776090e+01,1.253174254968508805e+01
4.523006573306659561e+01,1.156709348570072038e+01
4.525007144898542322e+01,1.143658051533387088e+01
4.527007716490425793e+01,1.102660648619990091e+01
4.529008288082309264e+01,1.072631135729625917e+01
4.531008859674192735e+01,1.128142682446829426e+01
4.533009431266076206e+01,9.843348702120295002e+00
4.535010002857959677e+01,9.639836280826912684e+00
4.537010574449843148e+01,9.737873286002360018e+00
4.539011146041726619e+01,9.598134707230940421e+00
4.541011717633610090e+01,9.179455791855101410e+00
4.543012289225492850e+01,9.835477454751449855e+00
4.545012860817376321e+01,8.708156073838926758e+00
4.547013432409259792e+01,7.853707214713022466e+00
4.549014004001143263e+01,7.895717583660411876e+00
4.551014575593026734e+01,8.152142850093756721e+00
4.553015147184910205e+01,8.344126959781739572e+00
4.555015718776793676e+01,7.834243649596823289e+00
4.557016290368677147e+01,7.737596186118569364e+00
4.559016861960560618e+01,7.471218906931521353e+00
4.561017433552444089e+01,7.177758054736925075e+00
4.563018005144326850e+01,7.790099078916540520e+00
4.565018576736210321e+01,6.826907405377674820e+00
4.567019148328093792e+01,7.056292579730692793e+00
4.569019719919977263e+01,7.744571900971815914e+00
4.571020291511860734e+01,7.923387811329263286e+00
4.573020863103744205e+01,7.171386902855223511e+00
4.575021434695627676e+01,6.960270821474132674e+00
4.577022006287511147e+01,7.557685068820596541e+00
4.579022577879394618e+01,7.300097789658434699e+00
4.581023149471277378e+01,6.843538611121280368e+00
4.583023721063160849e+01,6.893331993422975756e+00
4.585024292655044320e+01,6.456446814030616821e+00
4.587024864246927791e+01,7.402473877595562968e+00
4.589025435838811262e+01,6.536570938703547995e+00
4.591026007430694733e+01,6.343103715312116364e+00
4.593026579022578204e+01,6.660860957025067641e+00
4.595027150614461675e+01,7.177991071146130331e+00
4.597027722206345146e+01,6.212263851439179696e+00
4.599028293798228617e+01,6.104339252476231437e+00
4.601028865390111378e+01,6.522812649499655890e+00
4.603029436981994849e+01,5.366532435712027649e+00
4.605030008573878320e+01,5.484007763922809531e+00
4.607030580165761791e+01,5.954864476938093176e+00
4.609031151757645262e+01,5.348021748048869206e+00
4.611031723349528733e+01,5.751591148051460323e+00
4.613032294941412204e+01,6.118341173631515417e+00
4.615032866533295675e+01,4.999537170274108711e+00
4.617033438125179146e+01,5.601249482352272935e+00
4.619034009717061906e+01,5.914593840846949391e+00
4.621034581308945377e+01,6.078612422134064275e+00
4.623035152900828848e+01,4.736956911114500457e+00
4.625035724492712319e+01,5.654104967413831062e+00
4.627036296084595790e+01,4.977456884019920480e+00
4.629036867676479261e+01,5.431731860018284230e+00
4.631037439268362732e+01,4.977187697141342682e+00
4.633038010860246203e+01,5.547990267758140526e+00
4.635038582452129674e+01,5.906335422850926165e+00
4.637039154044012434e+01,5.594320986614666147e+00
4.639039725635895905e+01,5.152452495599328941e+00
4.641040297227779376e+01,5.193707806472265709e+00
4.643040868819662847e+01,5.458698724030145222e+00
4.645041440411546319e+01,6.188421462156137309e+00
4.647042012003429790e+01,5.353343453861384660e+00
4.649042583595313261e+01,5.870357915053417308e+00
4.651043155187196732e+01,5.463157592588698819e+00
4.653043726779080203e+01,5.838704656159988460e+00
4.655044298370963674e+01,6.061644268782176326e+00
4.657044869962846434e+01,6.245843424913282149e+00
4.659045441554729905e+01,6.273281322473795107e+00
4.661046013146613376e+01,6.474720175293681379e+00
4.663046584738496847e+01,6.367095166155300134e+00
4.665047156330380318e+01,6.027830403068137777e+00
4.667047727922263789e+01,6.210045981320411634e+00
4.669048299514147260e+01,7.218535884541568137e+00
4.671048871106030731e+01,7.311985564665038240e+00
4.673049442697914202e+01,8.115700203759404374e+00
4.675050014289796962e+01,7.997961729837378186e+00
4.677050585881680433e+01,8.870316705169344118e+00
4.679051157473563904e+01,8.189374510762945647e+00
4.681051729065447375e+01,8.551951668262073980e+00
4.683052300657330846e+01,9.740834859294293935e+00
4.685052872249214317e+01,1.007303729338534382e+01
4.687053443841097788e+01,9.967940005979455620e+00
4.689054015432981259e+01,1.062227119799733543e+01
4.691054587024864730e+01,1.076109898665726128e+01
4.693055158616748201e+01,1.010644771851206691e+01
4.695055730208630962e+01,1.112250743732824887e+01
4.697056301800514433e+01,1.134470283885556263e+01
4.699056873392397904e+01,1.188880801292086709e+01
4.701057444984281375e+01,1.123310481962994700e+01
4.703058016576164846e+01,1.289178971516417782e+01
4.705058588168048317e+01,1.198009663269500535e+01
4.707059159759931788e+01,1.256829727317752088e+01
4.709059731351815259e+01,1.231451644703957271e+01
4.711060302943698730e+01,1.216811005401817525e+01
4.713060874535581490e+01,1.206537637426171550e+01
4.715061446127464961e+01,1.171149375665460290e+01
4.717062017719348432e+01,1.193638242261984139e+01
4.719062589311231903e+01,1.165377148675419328e+01
4.721063160903115374e+01,1.094360229992465960e+01
4.723063732494998845e+01,1.132405651840923078e+01
4.725064304086882316e+01,1.096490303039569625e+01
4.727064875678765787e+01,1.035944207069024436e+01
4.729065447270649258e+01,1.089453880074638903e+01
4.731066018862532019e+01,1.032345073165808103e+01
4.733066590454415490e+01,8.949672521656051316e+00
4.735067162046298961e+01,8.904601595461105745e+00
4.737067733638182432e+01,8.496646485434206753e+00
4.739068305230065903e+01,8.945263375830474928e+00
4.741068876821949374e+01,8.645087203266301756e+00
4.743069448413832845e+01,7.604104670509440389e+00
4.745070020005716316e+01,7.564354970790035715e+00
4.747070591597599787e+01,8.036878406537200092e+00
4.749071163189483258e+01,6.744375281010622558e+00
4.751071734781366018e+01,7.260277594539163104e+00
4.753072306373249489e+01,7.046480676266817511e+00
4.755072877965132960e+01,7.150288608843235139e+00
4.757073449557016431e+01,6.767579965138706299e+00
4.759074021148899902e+01,6.322261012856520423e+00
4.761074592740783373e+01,6.595644225813007466e+00
4.763075164332666844e+01,5.705246094294307291e+00
4.765075735924550315e+01,6.137745663343194380e+00
4.767076307516433786e+01,5.799878747987615490e+00
4.769076879108316547e+01,6.456828122749550758e+00
4.771077450700200018e+01,5.503314518053084470e+00
4.773078022292083489e+01,5.597807638825918808e+00
4.775078593883966960e+01,5.126448904204374379e+00
4.777079165475850431e+01,6.299301700916986491e+00
4.779079737067733902e+01,5.732156353162624285e+00
4.781080308659617373e+01,5.608322572209099022e+00
4.783080880251500844e+01,5.832327945781392131e+00
4.785081451843384315e+01,6.010411941189488516e+00
4.787082023435267075e+01,6.259820091804158437e+00
4.789082595027150546e+01,5.388756250530846614e+00
4.791083166619034017e+01,6.132036570950376131e+00
4.793083738210917488e+01,6.457294683255610401e+00
4.795084309802800959e+01,6.419323505851640910e+00
4.797084881394684430e+01,6.628822802556465277e+00
4.799085452986567901e+01,6.151717138642986527e+00
4.801086024578451372e+01,6.671628506894540678e+00
4.803086596170334843e+01,6.626528765752025762e+00
4.805087167762218314e+01,6.724515355168321662e+00
4.807087739354101075e+01,7.352868636096802746e+00
4.809088310945984546e+01,7.419125842863314446e+00
4.811088882537868017e+01,7.702888468526598587e+00
4.813089454129751488e+01,7.701360257974852352e+00
4.815090025721634959e+01,7.719013970976537742e+00
4.817090597313518430e+01,7.436263306075329815e+00
4.819091168905401901e+01,7.870068989175486251e+00
4.821091740497285372e+01,7.908791914298624270e+00
4.823092312089168843e+01,8.421061845187590933e+00
4.825092883681051603e+01,9.014827667018705526e+00
4.827093455272935074e+01,8.022441185490905013e+00
4.829094026864818545e+01,9.095278023022670411e+00
4.831094598456702016e+01,8.653627164775409497e+00
4.833095170048585487e+01,8.982920253444380165e+00
4.835095741640468958e+01,8.645116684383850725e+00
4.837096313232352429e+01,9.559066221697090526e+00
4.839096884824235900e+01,9.682375205428384035e+00
4.841097456416119371e+01,9.700386661025831359e+00
4.843098028008002842e+01,1.046564920559498191e+01
4.845098599599885603e+01,1.068234488208018540e+01
4.847099171191769074e+01,1.029149784447708704e+01
4.849099742783652545e+01,1.021999186364377010e+01
4.851100314375536016e+01,1.067260962062115937e+01
4.853100885967419487e+01,1.075919679586812450e+01
4.855101457559302958e+01,1.130881409385904668e+01
4.857102029151186429e+01,1.113750981117019911e+01
4.859102600743069900e+01,1.215494850360431123e+01
4.861103172334953371e+01,1.229676825588134825e+01
4.863103743926836131e+01,1.239150557385940488e+01
4.865104315518719602e+01,1.214704554752346333e+01
4.867104887110603073e+01,1.299312467798036330e+01
4.869105458702486544e+01,1.263955193123376652e+01
4.871106030294370015e+01,1.247209291908665563e+01
4.873106601886253486e+01,1.349474453916750072e+01
4.875107173478136957e+01,1.241317127741018567e+01
4.877107745070020428e+01,1.288109550511870616e+01
4.879108316661903899e+01,1.335861627783481431e+01
4.881108888253786660e+01,1.321526156245393402e+01
4.883109459845670131e+01,1.307125581066776832e+01
4.885110031437553602e+01,1.221219749471268834e+01
4.887110603029437073e+01,1.291036558204091023e+01
4.889111174621320544e+01,1.275570273234967367e+01
4.891111746213204015e+01,1.285012710359950461e+01
4.893112317805087486e+01,1.186264887302189308e+01
4.895112889396970957e+01,1.223075376679055637e+01
4.897113460988854428e+01,1.122672404321500750e+01
4.899114032580737899e+01,1.142315520389524686e+01
4.901114604172620659e+01,1.080570874889408373e+01
4.903115175764504130e+01,1.037926479600644569e+01
4.905115747356387601e+01,1.007532275314298609e+01
4.907116318948271072e+01,9.647964585405160776e+00
4.909116890540154543e+01,9.502693493378234990e+00
4.911117462132038014e+01,9.447019247811882181e+00
4.913118033723921485e+01,8.348489828351203457e+00
4.915118605315804956e+01,8.395872415241463216e+00
4.917119176907688427e+01,8.066074149738703625e+00
4.919119748499571187e+01,7.948567488451434571e+00
4.921120320091454658e+01,7.824326818376401427e+00
4.923120891683338129e+01,7.534620003064580018e+00
4.925121463275221600e+01,6.466392982824515911e+00
4.927122034867105071e+01,7.379528828140566432e+00
4.929122606458988542e+01,6.154284391016785705e+00
4.931123178050872014e+01,6.767411830910560866e+00
4.933123749642755485e+01,6.588678856008314710e+00
4.935124321234638956e+01,6.735566557644713903e+00
4.937124892826522427e+01,7.037396680829052009e+00
4.939125464418405187e+01,6.824778289183532465e+00
4.941126036010288658e+01,7.162535875014953035e+00
4.943126607602172129e+01,7.029292396199041448e+00
4.945127179194055600e+01,6.920505292942472408e+00
4.947127750785939071e+01,7.110020640940424741e+00
4.949128322377822542e+01,7.457507301301394165e+00
4.951128893969706013e+01,6.835069494405487944e+00
4.953129465561589484e+01,6.427535736014763579e+00
4.955130037153472955e+01,6.623390873378554922e+00
4.957130608745355715e+01,7.648713494224891107e+00
4.959131180337239186e+01,8.094137317971179968e+00
4.961131751929122657e+01,7.785369764184197905e+00
4.963132323521006128e+01,7.776476338429477053e+00
4.965132895112889599e+01,7.583911435872995099e+00
4.967133466704773070e+01,8.670581006569936022e+00
4.969134038296656541e+01,8.278768414123796049e+00
4.971134609888540012e+01,8.154002571349014516e+00
4.973135181480423483e+01,8.494808155787342940e+00
4.975135753072306244e+01,9.549441007361890499e+00
4.977136324664189715e+01,8.667335885398987472e+00
4.979136896256073186e+01,9.412903404311435906e+00
4.981137467847956657e+01,1.011483210191565796e+01
4.983138039439840128e+01,1.083684127288344534e+01
4.985138611031723599e+01,1.032598832533994937e+01
4.987139182623607070e+01,1.038810700793673547e+01
4.989139754215490541e+01,1.029634443737459470e+01
4.991140325807374012e+01,1.090223585889681601e+01
4.993140897399257483e+01,1.198190686896710311e+01
4.995141468991140243e+01,1.189578040369771017e+01
4.997142040583023714e+01,1.122302347538557754e+01
4.999142612174907185e+01,1.225044528078673522e+01
5.001143183766790656e+01,1.232782805217835964e+01
5.003143755358674127e+01,1.231459447769739413e+01
5.005144326950557598e+01,1.217904849421727320e+01
5.007144898542441069e+01,1.380336379355206411e+01
5.009145470134324540e+01,1.375324379284546517e+01
5.011146041726208011e+01,1.416304767525949515e+01
5.013146613318090772e+01,1.366050531758947351e+01
5.015147184909974243e+01,1.396094633212828207e+01
5.017147756501857714e+01,1.410072803784565387e+01
5.019148328093741185e+01,1.395901014002049401e+01
5.021148899685624656e+01,1.459171093919716533e+01
5.023149471277508127e+01,1.418595729695740282e+01
5.025150042869391598e+01,1.383477797457138081e+01
5.027150614461275069e+01,1.467608327225058673e+01
5.029151186053158540e+01,1.350784610772781846e+01
5.031151757645042011e+01,1.365704447842384717e+01
5.033152329236924771e+01,1.417032795718004934e+01
5.035152900828808242e+01,1.411737304810376514e+01
5.037153472420691713e+01,1.346435481180145999e+01
5.039154044012575184e+01,1.374534562593370168e+01
5.041154615604458655e+01,1.331478207437557337e+01
5.043155187196342126e+01,1.240710631947561637e+01
5.045155758788225597e+01,1.241884427856657780e+01
5.047156330380109068e+01,1.215410217429132267e+01
5.049156901971992539e+01,1.067651286010758938e+01
5.051157473563875300e+01,1.125583572082759076e+01
5.053158045155758771e+01,1.118837131186417899e+01
5.055158616747642242e+01,1.020195105277012182e+01
5.057159188339525713e+01,1.014643446471112576e+01
5.059159759931409184e+01,8.906339232632401348e+00
5.061160331523292655e+01,9.355379660971053113e+00
5.063160903115176126e+01,8.426544002878619821e+00
5.065161474707059597e+01,8.691586997569412887e+00
5.067162046298943068e+01,8.815837661551640281e+00
5.069162617890825828e+01,7.764670717865815419e+00
5.071163189482709299e+01,7.174977587958493608e+00
5.073163761074592770e+01,7.230329295292907688e+00
5.075164332666476241e+01,7.189245865065965191e+00
5.077164904258359712e+01,7.332449476926079512e+00
5.079165475850243183e+01,6.698372862710158415e+00
5.081166047442126654e+01,6.414635881205587253e+00
5.083166619034010125e+01,7.117069554536310960e+00
5.085167190625893596e+01,6.848831094847461110e+00
5.087167762217777067e+01,6.337603387343050620e+00
5.089168333809659828e+01,6.979325415920768272e+00
5.091168905401543299e+01,7.036156536592685029e+00
5.093169476993426770e+01,7.170911355636031992e+00
5.095170048585310241e+01,7.082930844364163647e+00
5.097170620177193712e+01,6.654901612875995909e+00
5.099171191769077183e+01,6.123195837185315682e+00
5.101171763360960654e+01,6.981504692294873138e+00
5.103172334952844125e+01,6.248884538764549745e+00
5.105172906544727596e+01,7.025670416830731568e+00
5.107173478136610356e+01,6.433456439929168269e+00
5.109174049728493827e+01,6.761046782066817862e+00
5.111174621320377298e+01,7.233825862999898604e+00
5.113175192912260769e+01,7.030399138514690449e+00
5.115175764504144240e+01,7.712420433724296309e+00
5.117176336096027711e+01,6.555238609389578031e+00
5.119176907687911182e+01,7.339109890068725051e+00
5.121177479279794653e+01,7.253077532357361967e+00
5.123178050871678124e+01,7.501955170778032311e+00
5.125178622463561595e+01,6.953232368370878547e+00
5.127179194055444356e+01,7.338541848835916426e+00
5.129179765647327827e+01,7.472674437403675540e+00
5.131180337239211298e+01,7.933291386525798572e+00
5.133180908831094769e+01,7.476675390952590483e+00
5.135181480422978240e+01,7.916439888584676510e+00
5.137182052014861711e+01,7.097672905428293433e+00
5.139182623606745182e+01,7.710389273109659491e+00
5.141183195198628653e+01,7.148566902587285554e+00
5.143183766790512124e+01,7.346149516088533282e+00
5.145184338382394884e+01,6.526900221118133949e+00
5.147184909974278355e+01,7.002615850769321248e+00
5.149185481566161826e+01,6.682551667267434325e+00
5.151186053158045297e+01,7.098382430417958133e+00
5.153186624749928768e+01,6.227815688111572712e+00
5.155187196341812239e+01,6.344325891039058973e+00
5.157187767933695710e+01,6.889839149821912478e+00
5.159188339525579181e+01,7.170895893259451981e+00
5.161188911117462652e+01,6.758391686345683880e+00
5.163189482709345413e+01,6.335919994658055998e+00
5.165190054301228884e+01,6.069958212731646263e+00
5.167190625893112355e+01,5.782834743743473283e+00
5.169191197484995826e+01,5.826281181436238299e+00
5.171191769076879297e+01,5.209175781614605150e+00
5.173192340668762768e+01,6.187492897237214962e+00
5.175192912260646239e+01,5.278623628538023915e+00
5.177193483852529710e+01,5.742285727069615930e+00
5.179194055444413181e+01,5.324109662150252831e+00
5.181194627036296652e+01,5.456101411202826768e+00
5.183195198628179412e+01,4.835815832788844304e+00
5.185195770220062883e+01,4.921220520145102029e+00
5.187196341811946354e+01,4.796801935900588454e+00
5.189196913403829825e+01,5.703815424316668548e+00
5.191197484995713296e+01,5.089047767557211444e+00
5.193198056587596767e+01,5.645750323649854963e+00
5.195198628179480238e+01,5.820555418880475784e+00
5.197199199771363709e+01,5.723461027588148120e+00
5.199199771363247180e+01,5.237803043466513486e+00
5.201200342955129940e+01,6.567096541692592382e+00
5.203200914547013411e+01,5.974884361861714233e+00
5.205201486138896882e+01,5.548910458208934138e+00
5.207202057730780353e+01,5.733202906540090460e+00
5.209202629322663824e+01,6.202575037156678128e+00
5.211203200914547295e+01,5.969058952439043608e+00
5.213203772506430766e+01,5.976322241517907585e+00
5.215204344098314237e+01,6.495555382157375490e+00
5.217204915690197708e+01,7.093173961711294773e+00
5.219205487282081180e+01,6.404609135393201313e+00
5.221206058873963940e+01,7.125273772581506293e+00
5.223206630465847411e+01,6.357015966357957737e+00
5.225207202057730882e+01,7.023406193670215458e+00
5.227207773649614353e+01,7.805660857561589339e+00
5.229208345241497824e+01,8.032933089940826221e+00
5.231208916833381295e+01,8.014425254202606652e+00
5.233209488425264766e+01,8.812072662714495408e+00
5.235210060017148237e+01,8.375355369024887864e+00
5.237210631609031708e+01,8.145578489803419586e+00
5.239211203200914468e+01,8.756408220936608089e+00
5.241211774792797939e+01,8.872149099628654056e+00
5.243212346384681410e+01,9.363839737505818661e+00
5.245212917976564881e+01,9.147061640873044297e+00
5.247213489568448352e+01,9.513144332018708127e+00
5.249214061160331823e+01,9.697030985471283060e+00
5.251214632752215294e+01,9.998774137597765232e+00
5.253215204344098765e+01,9.538617813433484471e+00
5.255215775935982236e+01,1.014335857823718889e+01
5.257216347527864997e+01,1.042687113041761116e+01
5.259216919119748468e+01,9.337612688092349345e+00
5.261217490711631939e+01,9.096025334082558089e+00
5.263218062303515410e+01,9.381873376458162994e+00
5.265218633895398881e+01,9.206789503659310370e+00
5.267219205487282352e+01,9.849190977771879574e+00
5.269219777079165823e+01,9.553577169073063757e+00
5.271220348671049294e+01,9.630262736353714104e+00
5.273220920262932765e+01,9.366798928763932608e+00
5.275221491854816236e+01,9.951650191579041405e+00
5.277222063446698996e+01,9.473976933664149058e+00
5.279222635038582467e+01,9.068398349371989298e+00
5.281223206630465938e+01,9.094635462976214058e+00
5.283223778222349409e+01,9.196693057954961503e+00
5.285224349814232880e+01,1.000497662736210458e+01
5.287224921406116351e+01,9.512592846068667285e+00
5.289225492997999822e+01,9.345771005039569701e+00
5.291226064589883293e+01,9.748375647491233309e+00
5.293226636181766764e+01,9.251836995771864025e+00
5.295227207773649525e+01,1.003955751500109272e+01
5.297227779365532996e+01,1.024362370266252142e+01
5.299228350957416467e+01,1.042856551544255694e+01
5.301228922549299938e+01,1.132633985843685132e+01
5.303229494141183409e+01,1.095245705388077795e+01
5.305230065733066880e+01,1.211619680170928959e+01
5.307230637324950351e+01,1.269832619237895344e+01
5.309231208916833822e+01,1.245656591690758930e+01
5.311231780508717293e+01,1.242806280125816443e+01
5.313232352100600764e+01,1.317001461602216139e+01
5.315232923692483524e+01,1.348568687598179139e+01
5.317233495284366995e+01,1.373099848950695545e+01
5.319234066876250466e+01,1.393982050844897991e+01
5.321234638468133937e+01,1.461986255953799585e+01
5.323235210060017408e+01,1.501692003946560661e+01
5.325235781651900879e+01,1.479809686931723789e+01
5.327236353243784350e+01,1.548903416907600672e+01
5.329236924835667821e+01,1.488375357453916159e+01
5.331237496427551292e+01,1.552322995175227938e+01
5.333238068019434053e+01,1.630070026662227889e+01
5.335238639611317524e+01,1.576076577422289837e+01
5.337239211203200995e+01,1.645400350764499819e+01
5.339239782795084466e+01,1.507259575644459204e+01
5.341240354386967937e+01,1.550341186346681965e+01
5.343240925978851408e+01,1.578547371534450683e+01
5.345241497570734879e+01,1.565926670708934942e+01
5.347242069162618350e+01,1.618735062786247170e+01
5.349242640754501821e+01,1.578592701363749029e+01
5.351243212346384581e+01,1.542791174285468259e+01
5.353243783938268052e+01,1.555820595115754124e+01
5.355244355530151523e+01,1.628294641847959312e+01
5.357244927122034994e+01,1.581770233398730419e+01
5.359245498713918465e+01,1.601777176586951867e+01
5.361246070305801936e+01,1.715504969621473919e+01
5.363246641897685407e+01,1.680948970957268429e+01
5.365247213489568878e+01,1.691311279660556011e+01
5.367247785081452349e+01,1.661074425278805222e+01
5.369248356673335820e+01,1.665702929905951990e+01
5.371248928265218581e+01,1.672107209066214040e+01
5.373249499857102052e+01,1.720188888228452129e+01
5.375250071448985523e+01,1.729614955724122538e+01
5.377250643040868994e+01,1.770444286301616899e+01
5.379251214632752465e+01,1.717856012534399923e+01
5.381251786224635936e+01,1.725421523470019736e+01
5.383252357816519407e+01,1.755266798123411220e+01
5.385252929408402878e+01,1.704197534396586633e+01
5.387253501000286349e+01,1.713983193382058090e+01
5.389254072592169109e+01,1.787669232870332792e+01
5.391254644184052580e+01,1.671611767073814292e+01
5.393255215775936051e+01,1.687253948797978609e+01
5.395255787367819522e+01,1.636243743520063276e+01
5.397256358959702993e+01,1.585839288958493221e+01
5.399256930551586464e+01,1.575272367894505265e+01
5.401257502143469935e+01,1.647583785664524925e+01
5.403258073735353406e+01,1.505780798916162588e+01
5.405258645327236877e+01,1.463647909966796234e+01
5.407259216919120348e+01,1.495634467084256691e+01
5.409259788511003109e+01,1.430021149730880126e+01
5.411260360102886580e+01,1.339507684198322224e+01
5.413260931694770051e+01,1.325674324425338746e+01
5.415261503286653522e+01,1.243179597777280065e+01
5.417262074878536993e+01,1.154942215645725412e+01
5.419262646470420464e+01,1.106209409203807148e+01
5.421263218062303935e+01,1.125003389209581961e+01
5.423263789654187406e+01,1.020350089747416433e+01
5.425264361246070877e+01,9.856855601093780450e+00
5.427264932837953637e+01,1.006880525627779477e+01
5.429265504429837108e+01,9.370637008106132981e+00
5.431266076021720579e+01,9.301336463742668315e+00
5.433266647613604050e+01,9.461193015753901037e+00
5.435267219205487521e+01,8.030090708083200468e+00
5.437267790797370992e+01,8.708524962619884846e+00
5.439268362389254463e+01,7.997371099280550233e+00
5.441268933981137934e+01,7.775583582927122706e+00
5.443269505573021405e+01,7.066543574980066467e+00
5.445270077164904166e+01,7.466663091637318672e+00
5.447270648756787637e+01,7.755359215042437526e+00
5.449271220348671108e+01,6.443487259828442504e+00
5.451271791940554579e+01,6.536158497435519799e+00
5.453272363532438050e+01,7.356674516033303135e+00
5.455272935124321521e+01,6.228371482802209869e+00
5.457273506716204992e+01,7.446810594086935353e+00
5.459274078308088463e+01,7.113925096638991974e+00
5.461274649899971934e+01,6.597299435023312952e+00
5.463275221491855405e+01,7.005688710235189909e+00
5.465275793083738165e+01,6.528082100714033942e+00
5.467276364675621636e+01,6.211221064047830254e+00
5.469276936267505107e+01,7.226465661892746084e+00
5.471277507859388578e+01,6.538462239220732997e+00
5.473278079451272049e+01,6.820691983956335136e+00
5.475278651043155520e+01,7.005342314707587725e+00
5.477279222635038991e+01,7.492780966293023148e+00
5.479279794226922462e+01,6.912615925407221695e+00
5.481280365818805933e+01,7.677390875007910509e+00
5.483280937410688693e+01,8.308041874217606093e+00
5.485281509002572164e+01,8.573963918974214948e+00
5.487282080594455635e+01,8.321647400306995124e+00
5.489282652186339106e+01,8.855783837051262708e+00
5.491283223778222577e+01,8.935969621058491796e+00
5.493283795370106048e+01,8.835557895475885104e+00
5.495284366961989519e+01,9.873952445571854142e+00
5.497284938553872990e+01,9.800619623427376581e+00
5.499285510145756461e+01,1.002430944585765005e+01
5.501286081737639222e+01,1.015267208939524402e+01
5.503286653329522693e+01,1.027360505101387922e+01
5.505287224921406164e+01,1.131610749855276410e+01
5.507287796513289635e+01,1.146535159828335182e+01
5.509288368105173106e+01,1.111902398890195443e+01
5.511288939697056577e+01,1.196480643433351787e+01
5.513289511288940048e+01,1.292408219513585976e+01
5.515290082880823519e+01,1.240080254062189447e+01
5.517290654472706990e+01,1.232413755195468497e+01
5.519291226064590461e+01,1.211559505731344011e+01
5.521291797656473221e+01,1.277856822513404111e+01
5.523292369248356692e+01,1.332837487440802349e+01
5.525292940840240163e+01,1.285077634336164820e+01
5.527293512432123634e+01,1.243054764837911819e+01
5.529294084024007105e+01,1.335350170710313833e+01
5.531294655615890576e+01,1.332608676138714010e+01
5.533295227207774047e+01,1.300974375391556315e+01
5.535295798799657518e+01,1.271194434630058723e+01
5.537296370391540989e+01,1.282549637458334146e+01
5.539296941983423750e+01,1.280526233027484651e+01
5.541297513575307221e+01,1.263549060958657755e+01
5.543298085167190692e+01,1.182304415416680854e+01
5.545298656759074163e+01,1.195793982606154415e+01
5.547299228350957634e+01,1.166214761753111517e+01
5.549299799942841105e+01,1.068947294636875789e+01
5.551300371534724576e+01,1.090076372504143265e+01
5.553300943126608047e+01,1.041305502004863648e+01
5.555301514718491518e+01,1.032257743385406812e+01
5.557302086310374989e+01,9.881773257510229058e+00
5.559302657902257749e+01,1.033463099502938753e+01
5.561303229494141220e+01,1.066344234219537057e+01
5.563303801086024691e+01,9.193995965660162639e+00
5.565304372677908162e+01,9.615345823155934113e+00
5.567304944269791633e+01,9.071863940717944885e+00
5.569305515861675104e+01,9.736832434754473908e+00
5.571306087453558575e+01,9.637501642020863457e+00
5.573306659045442046e+01,8.838805612758696029e+00
5.575307230637325517e+01,8.278830715884936353e+00
5.577307802229208278e+01,8.512403504748709437e+00
5.579308373821091749e+01,7.789692526838535969e+00
5.581308945412975220e+01,8.792264700484231810e+00
5.583309517004858691e+01,8.374330736364168359e+00
5.585310088596742162e+01,7.538216957334069157e+00
5.587310660188625633e+01,7.558022876785039479e+00
5.589311231780509104e+01,7.486262565134499170e+00
5.591311803372392575e+01,7.755765696037705936e+00
5.593312374964276046e+01,7.682312035891806445e+00
5.595312946556158806e+01,7.870064965293696702e+00
5.597313518148042277e+01,6.792428911061309194e+00
5.599314089739925748e+01,7.249574260858052455e+00
5.601314661331809219e+01,7.439382768581585204e+00
5.603315232923692690e+01,7.034214079316306822e+00
5.605315804515576161e+01,7.478565474568245719e+00
5.607316376107459632e+01,6.802800254008110059e+00
5.609316947699343103e+01,6.812160479171804894e+00
5.611317519291226574e+01,6.573991570969131004e+00
5.613318090883110045e+01,6.940279476596095343e+00
5.615318662474992806e+01,6.843722031406784367e+00
5.617319234066876277e+01,6.594745420991836582e+00
5.619319805658759748e+01,6.558376810786953115e+00
5.621320377250643219e+01,6.548257936721300965e+00
5.623320948842526690e+01,6.995181954226437071e+00
5.625321520434410161e+01,5.757162241469723440e+00
5.627322092026293632e+01,6.634158990050293525e+00
5.629322663618177103e+01,6.443543764205028168e+00
5.631323235210060574e+01,6.421758671791737427e+00
5.633323806801943334e+01,5.666184555581200044e+00
5.635324378393826805e+01,6.142248718228120907e+00
5.637324949985710276e+01,5.833019352563995952e+00
5.639325521577593747e+01,5.723733142293117027e+00
5.641326093169477218e+01,5.608980430256428562e+00
5.643326664761360689e+01,6.059422031144178433e+00
5.645327236353244160e+01,5.293956775945130033e+00
5.647327807945127631e+01,5.341605579811309568e+00
5.649328379537011102e+01,5.021985813677147803e+00
5.651328951128894573e+01,6.137965487801442244e+00
5.653329522720777334e+01,5.632327716113524119e+00
5.655330094312660805e+01,5.772775977505318679e+00
5.657330665904544276e+01,5.709422359879822828e+00
5.659331237496427747e+01,5.478838260844823616e+00
5.661331809088311218e+01,4.736938609584262494e+00
5.663332380680194689e+01,6.005913397675305632e+00
5.665332952272078160e+01,5.126446999061915477e+00
5.667333523863961631e+01,5.823503693172339624e+00
5.669334095455845102e+01,5.589507961531841929e+00
5.671334667047727862e+01,5.428129049402977913e+00
5.673335238639611333e+01,5.244210382214347987e+00
5.675335810231494804e+01,5.517178047568792820e+00
5.677336381823378275e+01,6.178449607604667548e+00
5.679336953415261746e+01,6.313514455827470506e+00
5.681337525007145217e+01,5.773867126402779881e+00
5.683338096599028688e+01,6.086351415297039935e+00
5.685338668190912159e+01,5.913739007042098095e+00
5.687339239782795630e+01,5.906930868492871411e+00
5.689339811374678391e+01,6.225294910690578831e+00
5.691340382966561862e+01,5.625474561109356841e+00
5.693340954558445333e+01,5.460032146594214097e+00
5.695341526150328804e+01,5.314974653191956833e+00
5.697342097742212275e+01,5.673890622596299949e+00
5.699342669334095746e+01,5.764932989362238303e+00
5.701343240925979217e+01,5.972953730368747216e+00
5.703343812517862688e+01,6.597510685864898861e+00
5.705344384109746159e+01,5.383096717169236101e+00
5.707344955701629630e+01,5.440691185372894090e+00
5.709345527293512390e+01,5.897778789194213722e+00
5.711346098885395861e+01,6.224241830078310223e+00
5.713346670477279332e+01,6.035188903053801290e+00
5.715347242069162803e+01,6.088438896849173609e+00
5.717347813661046274e+01,6.576865812627716856e+00
5.719348385252929745e+01,6.029875026590637788e+00
5.721348956844813216e+01,6.228411137610552650e+00
5.723349528436696687e+01,6.086752628596016734e+00
5.725350100028580158e+01,6.558037249637953536e+00
5.727350671620462919e+01,5.619090700051359910e+00
5.729351243212346390e+01,5.793167493934466172e+00
5.731351814804229861e+01,6.047222465294173510e+00
5.733352386396113332e+01,6.117861485575206260e+00
5.735352957987996803e+01,5.825415122289118841e+00
5.737353529579880274e+01,6.310309616725572113e+00
5.739354101171763745e+01,5.375607397938775733e+00
5.741354672763647216e+01,5.795894187077004212e+00
5.743355244355530687e+01,5.295328240973129041e+00
5.745355815947414158e+01,6.190129377977376279e+00
5.747356387539296918e+01,5.952167480002021449e+00
5.749356959131180389e+01,6.467828761310652652e+00
5.751357530723063860e+01,5.171124534964592456e+00
5.753358102314947331e+01,4.987323180080726281e+00
5.755358673906830802e+01,6.099047623762553272e+00
5.757359245498714273e+01,5.863932778071968777e+00
5.759359817090597744e+01,6.479345876051073816e+00
5.761360388682481215e+01,5.537661364219438553e+00
5.763360960274364686e+01,6.077834109367113768e+00
5.765361531866247446e+01,5.888017857201333527e+00
5.767362103458130917e+01,6.184378311082998181e+00
5.769362675050014388e+01,6.224245858408952614e+00
5.771363246641897859e+01,5.805533881837732224e+00
5.773363818233781330e+01,5.627154709449866843e+00
5.775364389825664801e+01,6.577242876076238254e+00
5.777364961417548272e+01,6.181487418674431744e+00
5.779365533009431743e+01,6.723570280072214800e+00
5.781366104601315214e+01,6.132270962008610660e+00
5.783366676193197975e+01,6.863171842174849324e+00
5.785367247785081446e+01,6.641383607358048558e+00
5.787367819376964917e+01,6.985391534305048111e+00
5.789368390968848388e+01,6.373058974953152322e+00
5.791368962560731859e+01,7.123120145956848503e+00
5.793369534152615330e+01,7.465886122336675257e+00
5.795370105744498801e+01,7.163338232459959265e+00
5.797370677336382272e+01,7.852361863092999883e+00
5.799371248928265743e+01,8.241429517764871093e+00
5.801371820520149214e+01,8.477557356392113164e+00
5.803372392112031974e+01,9.400600869344158284e+00
5.805372963703915445e+01,9.037193771648045271e+00
5.807373535295798916e+01,9.169606399016567266e+00
5.809374106887682387e+01,1.049052785708305890e+01
5.811374678479565858e+01,1.002849671737365256e+01
5.813375250071449329e+01,1.089951953780372129e+01
5.815375821663332800e+01,9.766504877359864167e+00
5.817376393255216271e+01,1.087705327871470296e+01
5.819376964847099742e+01,1.099568986864547782e+01
5.821377536438982503e+01,1.115097871876039548e+01
5.823378108030865974e+01,1.233112466778989003e+01
5.825378679622749445e+01,1.296124422892833650e+01
5.827379251214632916e+01,1.298805020809743027e+01
5.829379822806516387e+01,1.333781892500580391e+01
5.831380394398399858e+01,1.289995289758324759e+01
5.833380965990283329e+01,1.341328417840433218e+01
5.835381537582166800e+01,1.430172556849209364e+01
5.837382109174050271e+01,1.445598997034542954e+01
5.839382680765933742e+01,1.388071123878974866e+01
5.841383252357816502e+01,1.450186830263324467e+01
5.843383823949699973e+01,1.407017650886062299e+01
5.845384395541583444e+01,1.431596304960022970e+01
5.847384967133466915e+01,1.418050184103356237e+01
5.849385538725350386e+01,1.395009156506431047e+01
5.851386110317233857e+01,1.321813091328467316e+01
5.853386681909117328e+01,1.275881968827882140e+01
5.855387253501000799e+01,1.334021242396574181e+01
5.857387825092884270e+01,1.284828001872810255e+01
5.859388396684767031e+01,1.286145639485783576e+01
5.861388968276650502e+01,1.176499601674241013e+01
5.863389539868533973e+01,1.133850822735996466e+01
5.865390111460417444e+01,1.091982014485756380e+01
5.867390683052300915e+01,1.120967240112706520e+01
5.869391254644184386e+01,1.040359586558859561e+01
5.871391826236067857e+01,9.305531686523682566e+00
5.873392397827951328e+01,1.010218585207089959e+01
5.875392969419834799e+01,8.708948183755531147e+00
5.877393541011717559e+01,8.584836187037799604e+00
5.879394112603601030e+01,8.357617228112214747e+00
5.881394684195484501e+01,8.275745006778173263e+00
5.883395255787367972e+01,7.696842479200917353e+00
5.885395827379251443e+01,7.245385776731294136e+00
5.887396398971134914e+01,7.193076003011375619e+00
5.889396970563018385e+01,6.907162678775757847e+00
5.891397542154901856e+01,6.489262329531435114e+00
5.893398113746785327e+01,6.235888272060797100e+00
5.895398685338668798e+01,6.583408045728039504e+00
5.897399256930551559e+01,6.478422085409097697e+00
5.899399828522435030e+01,6.881112060389763307e+00
5.901400400114318501e+01,6.089689349002722629e+00
5.903400971706201972e+01,5.750682272205510870e+00
5.905401543298085443e+01,6.464085911962268227e+00
5.907402114889968914e+01,5.940904232743091207e+00
5.909402686481852385e+01,5.562794418928000972e+00
5.911403258073735856e+01,5.643733719940445148e+00
5.913403829665619327e+01,5.453445392130714886e+00
5.915404401257502087e+01,5.383990808928183824e+00
5.917404972849385558e+01,5.727511554088683177e+00
5.919405544441269029e+01,6.107304606758887644e+00
5.921406116033152500e+01,5.452269349375018948e+00
5.923406687625035971e+01,5.382835764854839056e+00
5.925407259216919442e+01,5.617634845414642086e+00
5.927407830808802913e+01,5.405059444314548323e+00
5.929408402400686384e+01,5.738424396214751866e+00
5.931408973992569855e+01,5.742883222781407504e+00
5.933409545584453326e+01,5.380251837388414060e+00
5.935410117176336087e+01,6.474507038496454037e+00
5.937410688768219558e+01,6.257335170073792696e+00
5.939411260360103029e+01,6.040694352748003482e+00
5.941411831951986500e+01,5.749265119210152264e+00
5.943412403543869971e+01,5.840832904144861892e+00
5.945412975135753442e+01,5.624712638044468527e+00
5.947413546727636913e+01,5.944128344407078934e+00
5.949414118319520384e+01,6.087404178154627310e+00
5.951414689911403855e+01,5.615532541259913302e+00
5.953415261503286615e+01,6.903053252644827609e+00
5.955415833095170086e+01,6.262651988166899386e+00
5.957416404687053557e+01,6.373733663535970706e+00
5.959416976278937028e+01,6.480776294164307672e+00
5.961417547870820499e+01,5.923998362477945534e+00
5.963418119462703970e+01,6.035290407570984783e+00
5.965418691054587441e+01,6.579537685673926717e+00
5.967419262646470912e+01,7.096031681504430644e+00
5.969419834238354383e+01,6.677854444681599944e+00
5.971420405830237144e+01,6.555328960835836050e+00
5.973420977422120615e+01,6.578748825882041018e+00
5.975421549014004086e+01,6.322064699158459256e+00
5.977422120605887557e+01,7.363309230929889537e+00
5.979422692197771028e+01,6.735740273545098411e+00
5.981423263789654499e+01,5.963530837036554288e+00
5.983423835381537970e+01,7.299002540565494357e+00
5.985424406973421441e+01,6.118139763697683087e+00
5.987424978565304912e+01,6.501556590041895234e+00
5.989425550157188383e+01,6.453865020550555442e+00
5.991426121749071143e+01,6.430101508597358517e+00
5.993426693340954614e+01,7.305601109082113354e+00
5.995427264932838085e+01,7.018069563020755908e+00
5.997427836524721556e+01,7.154025366628589566e+00
5.999428408116605027e+01,6.467230297434926278e+00
6.001428979708488498e+01,6.831993923187770434e+00
6.003429551300371969e+01,7.500719277781744410e+00
6.005430122892255440e+01,7.577491797788431072e+00
6.007430694484138911e+01,7.283454640819909010e+00
6.009431266076021672e+01,6.929905988984991438e+00
6.011431837667905143e+01,6.584990080775384058e+00
6.013432409259788614e+01,7.234331816515227942e+00
6.015432980851672085e+01,7.508493240478024688e+00
6.017433552443555556e+01,6.780678720814226068e+00
6.019434124035439027e+01,7.424354994919442063e+00
6.021434695627322498e+01,7.487097215875515133e+00
6.023435267219205969e+01,7.331841946371907781e+00
6.025435838811089440e+01,7.726640331104434267e+00
6.027436410402972911e+01,7.277091712789148126e+00
6.029436981994855671e+01,7.320303700970310246e+00
6.031437553586739142e+01,6.758242014102381567e+00
6.033438125178622613e+01,7.519885009800205466e+00
6.035438696770506084e+01,6.708427354995127878e+00
6.037439268362389555e+01,7.006299401897917001e+00
6.039439839954273026e+01,6.797619810154291287e+00
6.041440411546156497e+01,6.238981278522745200e+00
6.043440983138039968e+01,6.664993260991447954e+00
6.045441554729923439e+01,6.331919938918971091e+00
6.047442126321806199e+01,6.366068150354461608e+00
6.049442697913689670e+01,5.843061855284847006e+00
6.051443269505573141e+01,6.774093919946803766e+00
6.053443841097456612e+01,5.606851478156974267e+00
6.055444412689340083e+01,5.438187095707347041e+00
6.057444984281223554e+01,5.356051771788324700e+00
6.059445555873107025e+01,5.211549414872512997e+00
6.061446127464990496e+01,4.664373297722251621e+00
6.063446699056873967e+01,4.963675649235349319e+00
6.065447270648756728e+01,4.649339621132146050e+00
6.067447842240640199e+01,4.405688835257244307e+00
6.069448413832523670e+01,4.207953757809621109e+00
6.071448985424407141e+01,5.522203072734337859e+00
6.073449557016290612e+01,5.075619048139101253e+00
6.075450128608174083e+01,4.463753419840943870e+00
6.077450700200057554e+01,4.685575555927027125e+00
6.079451271791941025e+01,4.571467735892817075e+00
6.081451843383824496e+01,4.092960217558501590e+00
6.083452414975707967e+01,5.014504080931714292e+00
6.085452986567590727e+01,5.017949250834110586e+00
6.087453558159474198e+01,4.960407698268033627e+00
6.089454129751357669e+01,4.583336115396038579e+00
6.091454701343241140e+01,4.129814634809738649e+00
6.093455272935124611e+01,4.207098969419749146e+00
6.095455844527008082e+01,4.429439489214565207e+00
6.097456416118891553e+01,3.966248915551884302e+00
6.099456987710775024e+01,3.639933961336529578e+00
6.101457559302658495e+01,3.742203255412999141e+00
6.103458130894541256e+01,4.167606560342339783e+00
6.105458702486424727e+01,4.200445988827164356e+00
6.107459274078308198e+01,3.710598181980807819e+00
6.109459845670191669e+01,3.673335241848330490e+00
6.111460417262075140e+01,4.111747885937704794e+00
6.113460988853958611e+01,3.856431862274826372e+00
6.115461560445842082e+01,4.102765943026255968e+00
6.117462132037725553e+01,4.402210091957032390e+00
6.119462703629609024e+01,3.909711638488105212e+00
6.121463275221492495e+01,4.336531976110728159e+00
6.123463846813375255e+01,3.674416473660639060e+00
6.125464418405258726e+01,4.471988494170407336e+00
6.127464989997142197e+01,4.486338297928146979e+00
6.129465561589025668e+01,3.652608187224692937e+00
6.131466133180909139e+01,5.026397820606851141e+00
6.133466704772792610e+01,4.543131584060056127e+00
6.135467276364676081e+01,4.324093081831854590e+00
6.137467847956559552e+01,4.220323844553348636e+00
6.139468419548443023e+01,4.755686118498161363e+00
6.141468991140325784e+01,4.313977303152736198e+00
6.143469562732209255e+01,4.522364505409024460e+00
6.145470134324092726e+01,4.451593383294048856e+00
6.147470705915976197e+01,4.789336534649379473e+00
6.149471277507859668e+01,3.735311209208637351e+00
6.151471849099743139e+01,4.337189840540190744e+00
6.153472420691626610e+01,4.763741009468380305e+00
6.155472992283510081e+01,4.476931552934346747e+00
6.157473563875393552e+01,4.805654815307651262e+00
6.159474135467276312e+01,4.569094944230330135e+00
6.161474707059159783e+01,5.569201142192848231e+00
6.163475278651043254e+01,5.120668649942103912e+00
6.165475850242926725e+01,4.772291267677178261e+00
6.167476421834810196e+01,4.964236924383474303e+00
6.169476993426693667e+01,4.899231253461834079e+00
6.171477565018577138e+01,4.838394260961877968e+00
6.173478136610460609e+01,5.369560180669470384e+00
6.175478708202344080e+01,6.043679158071852520e+00
6.177479279794227551e+01,5.316161906842205909e+00
6.179479851386110312e+01,5.184680841397218742e+00
6.181480422977993783e+01,6.086291964352944284e+00
6.183480994569877254e+01,4.514182698531060467e+00
6.185481566161760725e+01,5.101079117264926133e+00
6.187482137753644196e+01,5.497668111668127189e+00
6.189482709345527667e+01,5.570481220948489742e+00
6.191483280937411138e+01,5.552370310977642553e+00
6.193483852529294609e+01,5.134330403827165767e+00
6.195484424121178080e+01,5.464740066812462160e+00
6.197484995713060840e+01,5.579422710406905850e+00
6.199485567304944311e+01,5.425799286051084636e+00
6.201486138896827782e+01,5.638214576086252094e+00
6.203486710488711253e+01,5.984701484265483096e+00
6.205487282080594724e+01,4.973131725546421578e+00
6.207487853672478195e+01,5.496884994381591838e+00
6.209488425264361666e+01,5.743312851242497352e+00
6.211488996856245137e+01,5.756353286462234209e+00
6.213489568448128608e+01,5.431203536414865418e+00
6.215490140040011369e+01,5.455162068311606660e+00
6.217490711631894840e+01,5.093276153733225620e+00
6.219491283223778311e+01,4.859785277456306396e+00
6.221491854815661782e+01,5.811834397704036093e+00
6.223492426407545253e+01,6.302540744130583406e+00
6.225492997999428724e+01,5.289413698749065418e+00
6.227493569591312195e+01,5.709403987868009622e+00
6.229494141183195666e+01,4.786481499184894517e+00
6.231494712775079137e+01,5.519749772180537306e+00
6.233495284366962608e+01,5.751942525444182053e+00
6.235495855958845368e+01,5.313532555096406540e+00
6.237496427550728839e+01,5.180759782848562978e+00
6.239496999142612310e+01,5.221839759449169449e+00
6.241497570734495781e+01,5.371671863963068283e+00
6.243498142326379252e+01,5.792217645518098479e+00
6.245498713918262723e+01,5.036144459302217768e+00
6.247499285510146194e+01,5.430040990279900726e+00
6.249499857102029665e+01,5.812673691861389713e+00
6.251500428693913136e+01,5.957142492609703410e+00
6.253501000285795897e+01,5.899314900257259353e+00
6.255501571877679368e+01,6.140376040046071182e+00
6.257502143469562839e+01,5.894339074276295776e+00
6.259502715061446310e+01,5.188934656325391970e+00
6.261503286653329781e+01,6.089379497587904311e+00
6.263503858245213252e+01,6.128513623107784802e+00
6.265504429837096723e+01,5.472866006608830602e+00
6.267505001428980194e+01,5.339296704299512086e+00
6.269505573020863665e+01,6.066898054519077377e+00
6.271506144612747136e+01,6.333298318545230288e+00
6.273506716204629896e+01,5.828600614174886729e+00
6.275507287796513367e+01,5.821026870320395119e+00
6.277507859388396838e+01,5.700888130955803490e+00
6.279508430980280309e+01,5.345536667450756063e+00
6.281509002572163780e+01,5.014132452445808852e+00
6.283509574164047251e+01,6.279856104478923839e+00
6.285510145755930722e+01,5.569782387289755832e+00
6.287510717347814193e+01,6.469901668367423753e+00
6.289511288939697664e+01,5.969572926260617862e+00
6.291511860531580425e+01,5.129058905066514740e+00
6.293512432123463896e+01,5.570510684367755871e+00
6.295513003715347367e+01,4.755735174185948821e+00
6.297513575307230838e+01,5.396705066620794966e+00
6.299514146899114309e+01,5.093995369705286436e+00
6.301514718490997780e+01,6.284991655093540075e+00
6.303515290082881251e+01,4.828383059264377053e+00
6.305515861674764722e+01,5.475632380284670475e+00
6.307516433266648193e+01,6.287596578201950059e+00
6.309517004858530953e+01,5.723913983556103702e+00
6.311517576450414424e+01,5.033671553356994011e+00
6.313518148042297895e+01,5.238763099043415750e+00
6.315518719634181366e+01,5.599948773782418954e+00
6.317519291226064837e+01,6.057820925821630453e+00
6.319519862817948308e+01,5.436710328591860097e+00
6.321520434409831779e+01,6.638673168678861813e+00
6.323521006001715250e+01,6.572268843539823990e+00
6.325521577593598721e+01,6.350218949223055631e+00
6.327522149185482192e+01,6.135034637719753547e+00
6.329522720777364952e+01,5.995160295461946731e+00
6.331523292369248423e+01,7.303632374708010744e+00
6.333523863961131894e+01,7.276787005010980636e+00
6.335524435553015365e+01,7.565646323986148225e+00
6.337525007144898836e+01,6.646224513036250059e+00
6.339525578736782307e+01,7.951578875004572389e+00
6.341526150328665778e+01,6.971189392495109161e+00
6.343526721920549249e+01,7.734632571690552183e+00
6.345527293512432720e+01,7.685547845050068716e+00
6.347527865104315481e+01,7.690430373402680431e+00
6.349528436696198952e+01,7.699563717264684470e+00
6.351529008288082423e+01,7.257554274822638263e+00
6.353529579879965894e+01,8.336783793052012115e+00
6.355530151471849365e+01,7.604331539827311914e+00
6.357530723063732836e+01,7.831767489785759651e+00
6.359531294655616307e+01,8.151073847626774338e+00
6.361531866247499778e+01,7.554671798102791769e+00
6.363532437839383249e+01,7.749369472032631379e+00
6.365533009431266720e+01,8.096058907434587226e+00
6.367533581023149480e+01,8.062703165413566353e+00
6.369534152615032951e+01,7.500725930993855428e+00
6.371534724206916422e+01,7.036704951461725699e+00
6.373535295798799893e+01,8.670389435490502450e+00
6.375535867390683364e+01,7.689539521960462309e+00
6.377536438982566835e+01,7.589824008295918745e+00
6.379537010574450306e+01,8.363402660880874251e+00
6.381537582166333777e+01,9.111708252362872074e+00
6.383538153758217248e+01,9.531703885282972522e+00
6.385538725350100009e+01,9.224471307549180210e+00
6.387539296941983480e+01,9.484958836806313798e+00
6.389539868533866951e+01,9.154317092783143650e+00
6.391540440125750422e+01,9.171847013414183181e+00
6.393541011717633893e+01,1.026962591661354196e+01
6.395541583309517364e+01,9.611367680804276503e+00
6.397542154901400835e+01,1.065571460025533135e+01
6.399542726493284306e+01,1.081404172000051389e+01
6.401543298085167066e+01,1.128174542195379892e+01
6.403543869677051248e+01,1.036030437611398547e+01
6.405544441268934008e+01,1.041185255843029012e+01
6.407545012860816769e+01,1.117069101009433219e+01
6.409545584452700950e+01,1.071951851909575204e+01
6.411546156044585132e+01,1.080081421341777670e+01
6.413546727636467892e+01,1.061303592307645260e+01
6.415547299228350653e+01,1.107860489355768507e+01
6.417547870820234834e+01,1.111521497707080464e+01
6.419548442412119016e+01,1.141802882131380414e+01
6.421549014004001776e+01,1.185538421532848830e+01
6.423549585595884537e+01,1.134950506752671728e+01
6.425550157187768718e+01,1.171405753712055997e+01
6.427550728779651479e+01,1.112645805633008322e+01
6.429551300371534239e+01,1.106703700721193684e+01
6.431551871963418421e+01,1.137451806573946556e+01
6.433552443555302602e+01,1.036526343812494133e+01
6.435553015147185363e+01,1.040758426294015848e+01
6.437553586739068123e+01,1.041694150838613453e+01
6.439554158330952305e+01,1.125305613313438613e+01
6.441554729922835065e+01,1.020865581521180587e+01
6.443555301514717826e+01,1.013690460531986659e+01
6.445555873106602007e+01,1.037321795050984541e+01
6.447556444698486189e+01,1.064429343364798797e+01
6.449557016290368949e+01,9.804970911027950820e+00
6.451557587882251710e+01,9.408931714766605836e+00
6.453558159474135891e+01,1.003701074622381562e+01
6.455558731066020073e+01,9.504833796313221228e+00
6.457559302657902833e+01,1.014605119480812512e+01
6.459559874249785594e+01,9.634699381698970555e+00
6.461560445841669775e+01,9.976742387744966578e+00
6.463561017433552536e+01,9.087108519527793860e+00
6.465561589025435296e+01,1.037479238226489642e+01
6.467562160617319478e+01,9.177152606377935840e+00
6.469562732209203659e+01,9.614269739918235302e+00
6.471563303801086420e+01,8.859065229052097479e+00
6.473563875392969180e+01,9.507877168492706588e+00
6.475564446984853362e+01,9.216310071754612920e+00
6.477565018576737543e+01,8.006562266923335613e+00
6.479565590168618883e+01,8.224755057317439721e+00
6.481566161760503064e+01,8.246833197509513269e+00
6.483566733352387246e+01,7.838848951235158680e+00
6.485567304944270006e+01,7.521608022429282059e+00
6.487567876536152767e+01,7.305932293203954764e+00
6.489568448128036948e+01,7.116456138557945010e+00
6.491569019719921130e+01,6.856497941733275425e+00
6.493569591311803890e+01,6.516436394708389201e+00
6.495570162903686651e+01,6.519814071490380059e+00
6.497570734495570832e+01,6.755832457727469986e+00
6.499571306087453593e+01,6.568157668401909177e+00
6.501571877679336353e+01,5.900217426857719438e+00
6.503572449271220535e+01,5.569388792883393613e+00
6.505573020863104716e+01,5.371817217765007868e+00
6.507573592454987477e+01,4.900124061714368651e+00
6.509574164046870237e+01,5.172819884530059475e+00
6.511574735638754419e+01,5.182288041237510967e+00
6.513575307230638600e+01,5.540864621454386629e+00
6.515575878822521361e+01,4.501912191100271521e+00
6.517576450414404121e+01,5.438563960794413177e+00
6.519577022006288303e+01,4.607455688146878003e+00
6.521577593598171063e+01,5.402054531984880725e+00
6.523578165190053824e+01,5.253298939674028389e+00
6.525578736781938005e+01,4.611368074851315058e+00
6.527579308373822187e+01,4.940649630317238916e+00
6.529579879965704947e+01,5.635172614235160360e+00
6.531580451557587708e+01,4.200773999380320589e+00
6.533581023149471889e+01,4.464693774860670317e+00
6.535581594741354650e+01,4.947018297147187660e+00
6.537582166333237410e+01,4.216225160888289913e+00
6.539582737925121592e+01,4.085617548317552306e+00
6.541583309517005773e+01,4.968762446904282370e+00
6.543583881108888534e+01,4.665003703506030774e+00
6.545584452700771294e+01,3.887451071562263216e+00
6.547585024292655476e+01,3.807424356977016533e+00
6.549585595884539657e+01,3.831852866415570880e+00
6.551586167476422418e+01,4.265734045543440267e+00
6.553586739068305178e+01,3.776952366760957247e+00
6.555587310660189360e+01,4.854790567421347625e+00
6.557587882252072120e+01,3.784189492626585771e+00
6.559588453843954881e+01,4.918706570246715870e+00
6.561589025435839062e+01,4.200781042760907802e+00
6.563589597027723244e+01,4.651068717096869420e+00
6.565590168619606004e+01,4.958465374179058749e+00
6.567590740211488765e+01,4.654375407068802595e+00
6.569591311803372946e+01,4.166762543533884866e+00
6.571591883395257128e+01,3.872410273652556079e+00
6.573592454987138467e+01,3.871939890582614119e+00
6.575593026579022649e+01,4.865782406882225075e+00
6.577593598170906830e+01,5.009851666552320282e+00
6.579594169762789591e+01,4.480315387759315371e+00
6.581594741354672351e+01,4.267709944485232221e+00
6.583595312946556533e+01,4.455896936528964680e+00
6.585595884538440714e+01,3.942441011050589861e+00
6.587596456130323475e+01,4.406506839878474580e+00
6.589597027722206235e+01,4.174204930017920034e+00
6.591597599314090417e+01,4.693665809070679984e+00
6.593598170905973177e+01,4.213656978801479269e+00
6.595598742497855937e+01,5.131042417364619190e+00
6.597599314089740119e+01,4.175456200872735835e+00
6.599599885681624301e+01,4.770092808174764443e+00
6.601600457273507061e+01,5.139071030950989716e+00
6.603601028865389821e+01,4.369601648676601613e+00
6.605601600457274003e+01,4.643520139887343134e+00
6.607602172049158185e+01,5.281491099415928758e+00
6.609602743641040945e+01,3.944124287927338379e+00
6.611603315232923705e+01,5.221916923105468733e+00
6.613603886824807887e+01,3.963146745187582809e+00
6.615604458416690647e+01,4.323795203668889364e+00
6.617605030008573408e+01,4.079763408663742652e+00
6.619605601600457589e+01,4.929770729157970877e+00
6.621606173192341771e+01,4.664749824605892492e+00
6.623606744784224531e+01,4.857186318616227183e+00
6.625607316376107292e+01,4.534054211638394172e+00
6.627607887967991473e+01,4.486912506607847462e+00
6.629608459559874234e+01,4.587014588185914121e+00
6.631609031151756994e+01,4.935059198611948084e+00
6.633609602743641176e+01,4.277489494048751340e+00
6.635610174335525357e+01,3.962940442551284193e+00
6.637610745927408118e+01,4.903743539879464208e+00
6.639611317519290878e+01,4.704114286145769874e+00
6.641611889111175060e+01,4.327091396070327001e+00
6.643612460703059241e+01,4.420006710347613499e+00
6.645613032294942002e+01,4.787221330595578195e+00
6.647613603886824762e+01,4.239101260501636936e+00
6.649614175478708944e+01,4.156314941169735100e+00
6.651614747070591704e+01,5.088765166375334381e+00
6.653615318662474465e+01,5.164820369409669709e+00
6.655615890254358646e+01,5.234240235214929982e+00
6.657616461846242828e+01,4.956997796861443817e+00
6.659617033438125588e+01,4.492122260295849046e+00
6.661617605030008349e+01,5.157912715607626986e+00
6.663618176621892530e+01,5.110482386358235374e+00
6.665618748213776712e+01,5.000639461903450211e+00
6.667619319805658051e+01,5.582898384938035363e+00
6.669619891397542233e+01,4.753786995550449923e+00
6.671620462989426414e+01,5.742370166330872827e+00
6.673621034581309175e+01,5.968653359999029462e+00
6.675621606173191935e+01,4.805385443901096565e+00
6.677622177765076117e+01,5.851284622252413747e+00
6.679622749356960298e+01,5.176541179823136218e+00
6.681623320948843059e+01,5.917627770984137392e+00
6.683623892540725819e+01,5.481340250327878749e+00
6.685624464132610001e+01,4.942275257554475054e+00
6.687625035724492761e+01,6.114434742138341150e+00
6.689625607316375522e+01,5.417526190943100062e+00
6.691626178908259703e+01,5.356239810891675113e+00
6.693626750500143885e+01,5.785363865762787938e+00
6.695627322092026645e+01,6.276134776609922028e+00
6.697627893683909406e+01,5.877224607110875354e+00
6.699628465275793587e+01,5.822514625153361933e+00
6.701629036867677769e+01,6.170844874049335793e+00
6.703629608459560529e+01,5.885535851275570884e+00
6.705630180051443290e+01,6.585463502605318098e+00
6.707630751643327471e+01,6.543466865248079856e+00
6.709631323235210232e+01,5.480614939629408155e+00
6.711631894827092992e+01,5.495115344352324627e+00
6.713632466418977174e+01,7.118319091220215000e+00
6.715633038010861355e+01,6.070129278764927250e+00
6.717633609602744116e+01,6.549554966816856449e+00
6.719634181194626876e+01,6.887794043114543463e+00
6.721634752786511058e+01,6.449605881392763251e+00
6.723635324378393818e+01,6.443663990563960553e+00
6.725635895970276579e+01,7.084140594167176452e+00
6.727636467562160760e+01,7.182862091802029170e+00
6.729637039154044942e+01,6.689017008498868933e+00
6.731637610745927702e+01,7.038886431835122082e+00
6.733638182337810463e+01,6.134126732097127999e+00
6.735638753929694644e+01,7.061462203791255554e+00
6.737639325521578826e+01,7.007885836695457726e+00
6.739639897113461586e+01,7.553999924175233360e+00
6.741640468705344347e+01,6.696325297017676093e+00
6.743641040297228528e+01,6.864258824180613061e+00
6.745641611889111289e+01,7.113257400272444464e+00
6.747642183480994049e+01,7.863248945785429989e+00
6.749642755072878231e+01,7.389851208169197605e+00
6.751643326664762412e+01,7.909921524282762739e+00
6.753643898256645173e+01,8.887577684182176085e+00
6.755644469848527933e+01,8.333360547294642373e+00
6.757645041440412115e+01,8.303302146239065706e+00
6.759645613032296296e+01,8.374315919104384776e+00
6.761646184624177636e+01,8.545354628535523744e+00
6.763646756216061817e+01,8.786462118680336886e+00
6.765647327807945999e+01,9.479823473959307023e+00
6.767647899399828759e+01,8.674959739625368371e+00
6.769648470991711520e+01,9.420997569536510241e+00
6.771649042583595701e+01,8.867724295748176999e+00
6.773649614175479883e+01,9.122982683053821873e+00
6.775650185767362643e+01,9.339960419196689401e+00
6.777650757359245404e+01,8.729882781404244341e+00
6.779651328951129585e+01,9.362983767974425220e+00
6.781651900543012346e+01,8.204680381451522564e+00
6.783652472134895106e+01,9.011712884682767211e+00
6.785653043726779288e+01,8.964592912021865700e+00
6.787653615318663469e+01,8.932583062813364450e+00
6.789654186910546230e+01,8.774088705118579412e+00
6.791654758502428990e+01,8.756067108807894073e+00
6.793655330094313172e+01,8.619417323781686235e+00
6.795655901686197353e+01,8.057915351568166074e+00
6.797656473278080114e+01,8.806781506176495355e+00
6.799657044869962874e+01,8.418635386996976777e+00
6.801657616461847056e+01,8.374056518535581972e+00
6.803658188053729816e+01,8.036883343350130104e+00
6.805658759645612577e+01,8.096490877069006942e+00
6.807659331237496758e+01,8.102194955407755472e+00
6.809659902829380940e+01,7.045628390881363501e+00
6.811660474421263700e+01,7.513811119412008743e+00
6.813661046013146461e+01,8.033755538253640083e+00
6.815661617605030642e+01,8.339699000154485731e+00
6.817662189196913403e+01,8.094770231097447422e+00
6.819662760788796163e+01,7.839651294599938147e+00
6.821663332380680345e+01,8.170450331633777097e+00
6.823663903972564526e+01,7.427922643697289828e+00
6.825664475564447287e+01,7.952700326747395465e+00
6.827665047156330047e+01,6.958645840010310835e+00
6.829665618748214229e+01,7.520667557523397662e+00
6.831666190340098410e+01,8.092330947545598008e+00
6.833666761931981171e+01,7.812607055858469707e+00
6.835667333523863931e+01,7.711430693878400966e+00
6.837667905115748113e+01,7.129571656205048846e+00
6.839668476707630873e+01,7.801921999028394339e+00
6.841669048299513634e+01,7.291015284927166107e+00
6.843669619891397815e+01,7.034244051466092884e+00
6.845670191483281997e+01,6.502450458105405673e+00
6.847670763075164757e+01,7.560483720634007199e+00
6.849671334667047518e+01,6.529709317371272803e+00
6.851671906258931699e+01,6.847709248834819462e+00
6.853672477850815881e+01,6.978541089423255350e+00
6.855673049442697220e+01,6.501960947654728429e+00
6.857673621034581402e+01,6.402884430251983616e+00
6.859674192626465583e+01,6.289978932825713187e+00
6.861674764218348344e+01,5.909769521827707095e+00
6.863675335810231104e+01,6.901395065150254027e+00
6.865675907402115286e+01,6.354415967416752409e+00
6.867676478993999467e+01,6.208082213681187511e+00
6.869677050585882228e+01,6.350619015818681490e+00
6.871677622177764988e+01,5.572331697454808719e+00
6.873678193769649170e+01,5.624548629446932679e+00
6.875678765361531930e+01,5.677661030003775977e+00
6.877679336953414690e+01,5.975655038933672891e+00
6.879679908545298872e+01,5.678126063197487028e+00
6.881680480137183054e+01,5.158673934682814988e+00
6.883681051729065814e+01,5.256024369566653753e+00
6.885681623320948574e+01,5.398630532628176049e+00
6.887682194912832756e+01,5.151544283363102217e+00
6.889682766504716938e+01,4.766357513883804131e+00
6.891683338096599698e+01,5.322344234942473662e+00
6.893683909688482458e+01,5.732795153165056945e+00
6.895684481280366640e+01,5.107886070205660545e+00
6.897685052872249400e+01,4.790403882357640697e+00
6.899685624464132161e+01,5.561039623427403100e+00
6.901686196056016342e+01,4.888100275989706311e+00
6.903686767647900524e+01,5.500592740870696495e+00
6.905687339239783284e+01,4.607546506850220602e+00
6.907687910831666045e+01,5.243792334566802715e+00
6.909688482423550226e+01,4.760977465695773958e+00
6.911689054015432987e+01,4.203295525364733720e+00
6.913689625607315747e+01,4.774333227526485146e+00
6.915690197199199929e+01,4.410128863603094196e+00
6.917690768791084110e+01,4.834373190025321954e+00
6.919691340382966871e+01,5.028151997002538565e+00
6.921691911974849631e+01,4.900810743898874833e+00
6.923692483566733813e+01,4.102441403176735335e+00
6.925693055158617994e+01,5.120476736001403850e+00
6.927693626750500755e+01,4.964154488171116597e+00
6.929694198342383515e+01,4.860215834439170379e+00
6.931694769934267697e+01,4.694721544376733391e+00
6.933695341526150457e+01,4.579505762290216886e+00
6.935695913118033218e+01,4.331720080552841523e+00
6.937696484709917399e+01,4.161986604947522927e+00
6.939697056301801581e+01,4.670959224248169228e+00
6.941697627893684341e+01,5.179892198733165642e+00
6.943698199485567102e+01,4.147053345234326116e+00
6.945698771077451283e+01,4.127964467295019091e+00
6.947699342669335465e+01,4.526607120391451744e+00
6.949699914261216804e+01,4.196618217800534900e+00
6.951700485853100986e+01,5.200548776965231212e+00
6.953701057444985167e+01,4.442663149958812063e+00
6.955701629036867928e+01,4.655623114773123739e+00
6.957702200628750688e+01,4.684034376974405056e+00
6.959702772220634870e+01,4.741288050449327329e+00
6.961703343812519051e+01,4.214583886541901414e+00
6.963703915404401812e+01,4.948580599629162968e+00
6.965704486996284572e+01,4.685666570935952180e+00
6.967705058588168754e+01,4.176807940408926889e+00
6.969705630180051514e+01,4.897082756236507350e+00
6.971706201771934275e+01,5.248827147749458355e+00
6.973706773363818456e+01,4.406769103735841853e+00
6.975707344955702638e+01,4.818036454980675565e+00
6.977707916547585398e+01,4.139273604518822758e+00
6.979708488139468159e+01,4.747091832505077491e+00
6.981709059731352340e+01,4.441453736146945275e+00
6.983709631323236522e+01,4.300716877153276663e+00
6.985710202915119282e+01,3.947220666108276266e+00
6.987710774507002043e+01,4.557318099805089950e+00
6.989711346098886224e+01,4.532989944645672509e+00
6.991711917690768985e+01,5.457980847794722479e+00
6.993712489282651745e+01,5.070909695295947373e+00
6.995713060874535927e+01,4.888864964162475957e+00
6.997713632466420108e+01,5.326777843622107156e+00
6.999714204058302869e+01,4.786814129469428636e+00
7.001714775650185629e+01,3.996019349382502028e+00
7.003715347242069811e+01,4.340049600967224031e+00
7.005715918833952571e+01,5.110986165723278241e+00
7.007716490425835332e+01,4.930511881422346754e+00
7.009717062017719513e+01,4.693403749133689296e+00
7.011717633609603695e+01,5.259576102567508293e+00
7.013718205201486455e+01,5.432263718144383802e+00
7.015718776793369216e+01,5.229543278437961185e+00
7.017719348385253397e+01,4.817935505956315367e+00
7.019719919977137579e+01,4.955783289178775419e+00
7.021720491569020339e+01,5.704661286220471084e+00
7.023721063160903100e+01,5.342606105159548591e+00
7.025721634752787281e+01,5.623049676476432168e+00
7.027722206344670042e+01,6.243680858492407282e+00
7.029722777936552802e+01,5.731173725671052210e+00
7.031723349528436984e+01,5.805710167390935261e+00
7.033723921120321165e+01,6.345653949998743215e+00
7.035724492712203926e+01,6.362417266016938910e+00
7.037725064304086686e+01,6.336355414390253848e+00
7.039725635895970868e+01,5.651209893234350190e+00
7.041726207487855049e+01,6.188108418481254702e+00
7.043726779079736389e+01,6.616125679931251113e+00
7.045727350671620570e+01,5.631997378232215468e+00
7.047727922263504752e+01,6.284975363854885977e+00
7.049728493855387512e+01,5.584011328010456410e+00
7.051729065447270273e+01,6.479585414263125287e+00
7.053729637039154454e+01,6.692385273660294231e+00
7.055730208631038636e+01,6.131207528032724952e+00
7.057730780222921396e+01,6.493574793290253666e+00
7.059731351814804157e+01,6.220911747994639640e+00
7.061731923406688338e+01,6.253041881212643816e+00
7.063732494998571099e+01,5.821547533696339372e+00
7.065733066590453859e+01,6.540600204688414188e+00
7.067733638182338041e+01,5.860694502487103108e+00
7.069734209774222222e+01,5.586055843031117796e+00
7.071734781366104983e+01,6.071011184973590602e+00
7.073735352957987743e+01,6.036645212999327548e+00
7.075735924549871925e+01,6.167512816567217726e+00
7.077736496141756106e+01,6.119227060232057980e+00
7.079737067733638867e+01,6.634388682135559989e+00
7.081737639325521627e+01,6.775397788749495831e+00
7.083738210917405809e+01,6.349237206475880413e+00
7.085738782509288569e+01,5.407586421063141913e+00
7.087739354101171330e+01,5.800970504205721134e+00
7.089739925693055511e+01,5.756168517088275038e+00
7.091740497284939693e+01,6.492678831175309639e+00
7.093741068876822453e+01,6.158745907622798832e+00
7.095741640468705214e+01,6.433633246486957447e+00
7.097742212060589395e+01,6.655262937640296528e+00
7.099742783652472156e+01,7.012887132612799945e+00
7.101743355244354916e+01,6.038747116152145544e+00
7.103743926836239098e+01,6.486535671748399956e+00
7.105744498428123279e+01,6.663301377694471839e+00
7.107745070020006040e+01,6.319931546008241696e+00
7.109745641611888800e+01,6.095225743498172477e+00
7.111746213203772982e+01,7.179690933502199002e+00
7.113746784795657163e+01,6.698385002947873090e+00
7.115747356387539924e+01,7.044342547159045509e+00
7.117747927979422684e+01,7.133561371727086708e+00
7.119748499571306866e+01,6.583645658968674041e+00
7.121749071163189626e+01,6.805261940572221668e+00
7.123749642755072387e+01,7.610969892273474535e+00
7.125750214346956568e+01,7.014958335729947869e+00
7.127750785938840750e+01,7.208058717971431051e+00
7.129751357530723510e+01,6.537681589790858894e+00
7.131751929122606271e+01,7.460743448635032138e+00
7.133752500714490452e+01,7.588443392706524904e+00
7.135753072306374634e+01,7.896107432288104633e+00
7.137753643898255973e+01,7.262885960730352863e+00
7.139754215490140155e+01,7.497817734191139394e+00
7.141754787082024336e+01,7.260289380486891986e+00
7.143755358673907097e+01,6.781007029442722711e+00
7.145755930265789857e+01,7.044225864502054790e+00
7.147756501857674039e+01,6.490150813256121864e+00
7.149757073449558220e+01,6.604763924575054901e+00
7.151757645041440981e+01,6.285761543561918074e+00
7.153758216633323741e+01,6.557404349188733050e+00
7.155758788225207923e+01,6.782536185643927240e+00
7.157759359817090683e+01,6.964187162784408969e+00
7.159759931408973443e+01,6.723050903663402522e+00
7.161760503000857625e+01,6.553278374171698673e+00
7.163761074592741807e+01,6.428945218350164303e+00
7.165761646184624567e+01,6.410796301318674395e+00
7.167762217776507327e+01,5.843861272640133109e+00
7.169762789368391509e+01,6.245208867798720753e+00
7.171763360960275691e+01,6.240470228445222922e+00
7.173763932552158451e+01,6.009554735928071878e+00
7.175764504144041211e+01,6.572816086514695400e+00
7.177765075735925393e+01,6.463995477172515436e+00
7.179765647327808153e+01,6.521109082458234951e+00
7.181766218919690914e+01,5.098023876290386447e+00
7.183766790511575095e+01,6.008173034540106983e+00
7.185767362103459277e+01,6.548058005394609360e+00
7.187767933695342037e+01,5.914200594512919906e+00
7.189768505287224798e+01,5.332837089138564579e+00
7.191769076879108979e+01,6.038054522063653451e+00
7.193769648470991740e+01,5.704631245337307810e+00
7.195770220062874500e+01,5.563256936419933574e+00
7.197770791654758682e+01,6.329023975800599722e+00
7.199771363246642863e+01,6.771074815679895664e+00
7.201771934838525624e+01,6.251788173671084081e+00
7.203772506430408384e+01,5.775462557125754515e+00
7.205773078022292566e+01,5.847151448522396322e+00
7.207773649614176747e+01,6.285111939736157893e+00
7.209774221206059508e+01,6.149120789670886822e+00
7.211774792797942268e+01,6.302206623350904202e+00
7.213775364389826450e+01,5.203779348775100289e+00
7.215775935981709210e+01,4.954921758557011557e+00
7.217776507573591971e+01,5.367789317237230406e+00
7.219777079165476152e+01,5.421867229975873670e+00
7.221777650757360334e+01,5.435921278203370122e+00
7.223778222349243094e+01,5.860809950734617857e+00
7.225778793941125855e+01,5.522460897377639455e+00
7.227779365533010036e+01,6.378282924477304050e+00
7.229779937124894218e+01,4.901889666844524207e+00
7.231780508716775557e+01,4.764097525346945083e+00
7.233781080308659739e+01,5.199807443982902733e+00
7.235781651900543920e+01,5.168677311993336687e+00
7.237782223492426681e+01,5.766146839104166588e+00
7.239782795084309441e+01,5.478579011621109274e+00
7.241783366676193623e+01,5.198189314952515794e+00
7.243783938268077804e+01,5.566785573853906932e+00
7.245784509859960565e+01,5.133276708339296945e+00
7.247785081451843325e+01,5.848408141121099746e+00
7.249785653043727507e+01,5.821909048640435458e+00
7.251786224635610267e+01,5.654367558581065545e+00
7.253786796227493028e+01,5.352854661676486714e+00
7.255787367819377209e+01,4.446111807809290717e+00
7.257787939411261391e+01,6.143808791324195440e+00
7.259788511003144151e+01,4.962346868918004361e+00
7.261789082595026912e+01,5.410847480745546001e+00
7.263789654186911093e+01,5.712540057086366474e+00
7.265790225778795275e+01,5.854431868883949619e+00
7.267790797370678035e+01,5.621375146954106228e+00
7.269791368962560796e+01,5.097655712720468912e+00
7.271791940554444977e+01,4.552471573286635653e+00
7.273792512146327738e+01,5.125951956975058899e+00
7.275793083738210498e+01,5.578416780547533094e+00
7.277793655330094680e+01,4.591859598924543207e+00
7.279794226921978861e+01,4.944364503539688371e+00
7.281794798513861622e+01,4.944967649372626894e+00
7.283795370105744382e+01,6.333586154062989415e+00
7.285795941697628564e+01,5.813877332133706055e+00
7.287796513289511324e+01,6.059483789099205708e+00
7.289797084881394085e+01,5.479491197105047284e+00
7.291797656473278266e+01,5.629715771327466811e+00
7.293798228065162448e+01,5.875285264700351284e+00
7.295798799657045208e+01,6.438102861583219649e+00
7.297799371248927969e+01,5.552786854171841036e+00
7.299799942840812150e+01,5.565885690225500504e+00
7.301800514432696332e+01,5.566529596954867820e+00
7.303801086024579092e+01,5.661969282416054128e+00
7.305801657616461853e+01,5.576259281054374739e+00
7.307802229208346034e+01,5.963518616118182791e+00
7.309802800800228795e+01,5.643550740896569273e+00
7.311803372392111555e+01,5.804038330771636112e+00
7.313803943983995737e+01,5.113982977546684516e+00
7.315804515575879918e+01,5.810446869223603983e+00
7.317805087167762679e+01,5.992961103147010249e+00
7.319805658759645439e+01,5.038172513530344787e+00
7.321806230351529621e+01,5.713239011985561611e+00
7.323806801943413802e+01,5.398519787450338114e+00
7.325807373535295142e+01,5.758329379192985265e+00
7.327807945127179323e+01,5.125358270313220110e+00
7.329808516719063505e+01,5.944295953997661641e+00
7.331809088310946265e+01,5.693030524798497360e+00
7.333809659902829026e+01,5.188013823351570686e+00
7.335810231494713207e+01,4.830863535527454289e+00
7.337810803086597389e+01,5.264591487605693843e+00
7.339811374678480149e+01,5.166230202504753954e+00
7.341811946270362910e+01,5.068064095379577694e+00
7.343812517862247091e+01,4.944061451670211937e+00
7.345813089454129852e+01,5.576979066693355414e+00
7.347813661046012612e+01,4.690286400778701292e+00
7.349814232637896794e+01,6.126415681191776486e+00
7.351814804229780975e+01,5.408631228292872350e+00
7.353815375821663736e+01,5.811958378423250693e+00
7.355815947413546496e+01,5.761411904939254924e+00
7.357816519005430678e+01,4.857685039325565057e+00
7.359817090597314859e+01,5.510441032922507532e+00
7.361817662189197620e+01,6.168334802455096799e+00
7.363818233781080380e+01,6.075327727195446670e+00
7.365818805372964562e+01,6.314501309913044480e+00
7.367819376964847322e+01,5.458380145434079900e+00
7.369819948556730083e+01,5.935677573211421532e+00
7.371820520148614264e+01,6.545556992869190793e+00
7.373821091740498446e+01,6.501696446484454661e+00
7.375821663332381206e+01,5.668758914380779501e+00
7.377822234924263967e+01,6.570327900752076289e+00
7.379822806516148148e+01,5.481897200762993805e+00
7.381823378108030909e+01,6.033749515979185851e+00
7.383823949699913669e+01,5.762916987458296170e+00
7.385824521291797851e+01,6.697781597444047108e+00
7.387825092883682032e+01,6.441010850198690463e+00
7.389825664475564793e+01,6.359298572943965056e+00
7.391826236067447553e+01,7.306351315013496439e+00
7.393826807659331735e+01,6.259805502155498580e+00
7.395827379251215916e+01,7.419201908091001663e+00
7.397827950843098677e+01,6.441274011434429347e+00
7.399828522434981437e+01,6.402350005438302460e+00
7.401829094026865619e+01,6.979215040086648614e+00
7.403829665618748379e+01,6.089836180642513419e+00
7.405830237210632561e+01,6.300010776017924030e+00
7.407830808802515321e+01,7.386469807826554046e+00
7.409831380394398082e+01,7.163101147108619671e+00
7.411831951986282263e+01,6.640069858659009228e+00
7.413832523578165024e+01,6.372358815363014628e+00
7.415833095170049205e+01,7.314685714646987691e+00
7.417833666761931966e+01,7.295685037253012872e+00
7.419834238353816147e+01,6.693997436339733653e+00
7.421834809945698908e+01,7.729228443458481479e+00
7.423835381537583089e+01,7.485157643390145665e+00
7.425835953129465850e+01,6.543076185064758299e+00
7.427836524721348610e+01,7.758621101960784472e+00
7.429837096313232792e+01,7.530655278034017464e+00
7.431837667905115552e+01,7.964245496853010309e+00
7.433838239496999734e+01,8.503419289252942548e+00
7.435838811088882494e+01,7.264950594820794194e+00
7.437839382680766676e+01,8.148163765563161576e+00
7.439839954272649436e+01,7.820785593968641258e+00
7.441840525864533618e+01,8.100005559434787727e+00
7.443841097456416378e+01,7.023614308094551895e+00
7.445841669048300560e+01,8.471537300841024631e+00
7.447842240640183320e+01,7.690006055320822043e+00
7.449842812232066080e+01,7.715604818610658278e+00
7.451843383823950262e+01,6.982543798225981035e+00
7.453843955415833022e+01,6.884226387197097452e+00
7.455844527007717204e+01,7.160641179050820426e+00
7.457845098599599964e+01,6.783984180809061293e+00
7.459845670191484146e+01,7.226617294386067591e+00
7.461846241783366906e+01,6.253819751633388435e+00
7.463846813375251088e+01,6.281173976079001520e+00
7.465847384967133848e+01,6.412232108198413272e+00
7.467847956559016609e+01,6.345355833172414250e+00
7.469848528150900790e+01,5.669420616267415447e+00
7.471849099742783551e+01,5.321854763874624084e+00
7.473849671334667732e+01,5.007619209749631040e+00
7.475850242926550493e+01,5.645868283261565423e+00
7.477850814518434674e+01,5.569666274807214101e+00
7.479851386110317435e+01,5.409243338239894783e+00
7.481851957702201616e+01,5.330095682713784200e+00
7.483852529294084377e+01,5.073357719689060019e+00
7.485853100885967137e+01,4.617604790998967701e+00
7.487853672477851319e+01,4.330516852280672957e+00
7.489854244069734079e+01,5.161979549307770476e+00
7.491854815661618261e+01,4.818238225936505970e+00
7.493855387253501021e+01,5.228917508017344673e+00
7.495855958845385203e+01,5.191027613115977601e+00
7.497856530437267963e+01,4.396583608598184867e+00
7.499857102029152145e+01,4.811575091466900211e+00
7.501857673621034905e+01,4.421168175053759697e+00
7.503858245212917666e+01,4.468425664222288596e+00
7.505858816804801847e+01,4.589420531170181228e+00
7.507859388396684608e+01,5.270916967454658320e+00
7.509859959988568789e+01,4.622431014439324137e+00
7.511860531580451550e+01,4.926893152239749440e+00
7.513861103172335731e+01,5.106271039432416003e+00
7.515861674764218492e+01,4.580103438778200697e+00
7.517862246356102673e+01,5.058754679069487281e+00
7.519862817947985434e+01,4.133413794329939606e+00
7.521863389539868194e+01,4.655807761027396019e+00
7.523863961131752376e+01,4.240828269487757929e+00
7.525864532723635136e+01,5.291975633639549592e+00
7.527865104315519318e+01,5.144386600092577311e+00
7.529865675907402078e+01,5.219190922256898624e+00
7.531866247499286260e+01,4.908303690068012592e+00
7.533866819091169020e+01,4.480019631525832935e+00
7.535867390683053202e+01,4.784419245691264422e+00
7.537867962274935962e+01,5.070825488722683794e+00
7.539868533866820144e+01,4.828114547031377768e+00
7.541869105458702904e+01,4.026892326064051453e+00
7.543869677050585665e+01,4.262975511431448261e+00
7.545870248642469846e+01,4.959842436159433987e+00
7.547870820234352607e+01,3.997325094231970688e+00
7.549871391826236788e+01,4.746023689043648019e+00
7.551871963418119549e+01,4.621391059395898893e+00
7.553872535010003730e+01,5.001897858683713949e+00
7.555873106601886491e+01,4.638996109385547406e+00
7.557873678193770672e+01,4.621929494984210685e+00
7.559874249785653433e+01,4.662237987937627004e+00
7.561874821377536193e+01,4.893374301930019321e+00
7.563875392969420375e+01,4.381669176676701305e+00
7.565875964561303135e+01,4.677706922769955256e+00
7.567876536153187317e+01,4.115867667413325215e+00
7.569877107745070077e+01,5.282503779825130863e+00
7.571877679336954259e+01,3.888961476303818721e+00
7.573878250928837019e+01,4.065052771296864265e+00
7.575878822520721201e+01,4.294653178186378817e+00
7.577879394112603961e+01,3.765230623681045774e+00
7.579879965704486722e+01,4.549703013714702315e+00
7.581880537296370903e+01,4.429051657504106565e+00
7.583881108888253664e+01,4.991861653636839868e+00
7.585881680480137845e+01,4.318511392133142834e+00
7.587882252072020606e+01,4.318070857152831010e+00
7.589882823663904787e+01,4.381342496702986367e+00
7.591883395255787548e+01,4.117804644468473718e+00
7.593883966847671729e+01,4.735064233097031838e+00
7.595884538439554490e+01,4.841879057815432930e+00
7.597885110031437250e+01,4.218956160763190688e+00
7.599885681623321432e+01,4.556343150384575935e+00
7.601886253215204192e+01,3.779278072538416300e+00
7.603886824807088374e+01,4.586664710305468518e+00
7.605887396398971134e+01,3.411371367329746995e+00
7.607887967990855316e+01,4.180896200167316223e+00
7.609888539582738076e+01,4.417092875601823287e+00
7.611889111174622258e+01,4.255487645940594810e+00
7.613889682766505018e+01,3.981157793320149629e+00
7.615890254358387779e+01,4.726152687873174330e+00
7.617890825950271960e+01,4.230124267128759996e+00
7.619891397542154721e+01,4.464242452378649695e+00
7.621891969134038902e+01,4.604235205176328449e+00
7.623892540725921663e+01,3.960573357090497737e+00
7.625893112317805844e+01,4.052992078804939169e+00
7.627893683909688605e+01,4.735059681677004306e+00
7.629894255501572786e+01,4.698926569443681700e+00
7.631894827093455547e+01,5.097514748120147487e+00
7.633895398685339728e+01,3.852074542649695843e+00
7.635895970277222489e+01,4.480871729105700751e+00
7.637896541869105249e+01,4.562594361254823205e+00
7.639897113460989431e+01,4.405694508200573623e+00
7.641897685052872191e+01,3.981491850694443890e+00
7.643898256644756373e+01,5.226157344318018261e+00
7.645898828236639133e+01,4.809159618145332438e+00
7.647899399828523315e+01,4.374429769178889593e+00
7.649899971420406075e+01,4.219774925761213602e+00
7.651900543012290257e+01,4.746446330868106855e+00
7.653901114604173017e+01,5.848944634534069209e+00
7.655901686196055778e+01,5.874523401347699902e+00
7.657902257787939959e+01,5.736662765280629905e+00
7.659902829379822720e+01,4.763202530250178590e+00
7.661903400971706901e+01,6.048323554298354665e+00
7.663903972563589662e+01,5.364632947662337337e+00
7.665904544155473843e+01,4.889506873240391016e+00
7.667905115747356604e+01,5.188990952189047157e+00
7.669905687339240785e+01,5.402455352422466994e+00
7.671906258931123546e+01,5.226931000839780239e+00
7.673906830523006306e+01,5.518304920105826739e+00
7.675907402114890488e+01,6.160976519879197255e+00
7.677907973706773248e+01,5.847855691665687417e+00
7.679908545298657430e+01,5.522623168606880739e+00
7.681909116890540190e+01,6.383884496090532323e+00
7.683909688482424372e+01,6.474900694502220944e+00
7.685910260074307132e+01,6.428646615698392353e+00
7.687910831666191314e+01,5.613058454515774898e+00
7.689911403258074074e+01,6.455030726972375454e+00
7.691911974849956835e+01,6.259847964546947807e+00
7.693912546441841016e+01,6.393472012261671722e+00
7.695913118033723777e+01,5.965748104065768054e+00
7.697913689625607958e+01,6.505784697466767241e+00
7.699914261217490719e+01,6.650337380058189751e+00
7.701914832809374900e+01,6.522702742244020691e+00
7.703915404401257661e+01,5.609823808164749792e+00
7.705915975993141842e+01,5.584337439997460351e+00
7.707916547585024603e+01,5.992334124346494484e+00
7.709917119176907363e+01,6.676319900555644615e+00
7.711917690768791545e+01,5.927163370546186805e+00
7.713918262360674305e+01,6.082237400065325872e+00
7.715918833952558487e+01,5.933638553007908101e+00
7.717919405544441247e+01,5.780129459638063238e+00
7.719919977136325429e+01,6.547572562816135644e+00
7.721920548728208189e+01,5.888643013488854550e+00
7.723921120320092371e+01,6.666616061874008459e+00
7.725921691911975131e+01,5.865318748189701559e+00
7.727922263503859313e+01,6.536884058207574455e+00
7.729922835095742073e+01,6.258555899329601324e+00
7.731923406687624833e+01,5.404691885221158287e+00
7.733923978279509015e+01,5.162738859760829691e+00
7.735924549871391775e+01,5.866514345307784595e+00
7.737925121463275957e+01,5.923292641683777227e+00
7.739925693055158717e+01,5.981533594097187212e+00
7.741926264647042899e+01,5.561700353139843678e+00
7.743926836238925659e+01,5.772379310248618722e+00
7.745927407830809841e+01,5.525053113635165936e+00
7.747927979422692601e+01,5.735628945453333571e+00
7.749928551014575362e+01,4.888546101058733662e+00
7.751929122606459543e+01,4.421149441492837617e+00
7.753929694198342304e+01,5.360441586112480117e+00
7.755930265790226485e+01,4.910551435348336824e+00
7.757930837382109246e+01,4.373605446443108669e+00
7.759931408973993427e+01,5.002557038009482149e+00
7.761931980565876188e+01,5.125385118023188191e+00
7.763932552157760369e+01,4.495072526345677666e+00
7.765933123749643130e+01,5.147811615422114961e+00
7.767933695341525890e+01,4.066006130150761066e+00
7.769934266933410072e+01,4.728041607250972334e+00
7.771934838525292832e+01,4.250154929678173765e+00
7.773935410117177014e+01,4.528186323701180349e+00
7.775935981709059774e+01,4.601010728342371792e+00
7.777936553300943956e+01,4.178601262757148938e+00
7.779937124892826716e+01,4.679187508865068068e+00
7.781937696484710898e+01,3.863474546979087876e+00
7.783938268076593658e+01,3.925651504761796140e+00
7.785938839668476419e+01,4.212502980427387911e+00
7.787939411260360600e+01,5.071842151385641984e+00
7.789939982852243361e+01,4.242958880331568317e+00
7.791940554444127542e+01,4.799219989559645683e+00
7.793941126036010303e+01,4.802436349337207311e+00
7.795941697627894484e+01,5.459000330215744157e+00
7.797942269219777245e+01,5.406805568557766506e+00
7.799942840811661426e+01,5.205689228954659242e+00
7.801943412403544187e+01,5.371381975441736678e+00
7.803943983995426947e+01,5.515800456176911837e+00
7.805944555587311129e+01,5.527111235069627426e+00
7.807945127179193889e+01,5.721851952533859809e+00
7.809945698771078071e+01,6.068175503619018585e+00
7.811946270362960831e+01,5.369949922069686465e+00
7.813946841954845013e+01,5.875483505266541506e+00
7.815947413546727773e+01,5.556693961876760568e+00
7.817947985138611955e+01,5.799212494806979201e+00
7.819948556730494715e+01,6.428139950731187824e+00
7.821949128322378897e+01,6.144379381264127638e+00
7.823949699914261657e+01,6.487632416653479339e+00
7.825950271506144418e+01,5.816903250224514821e+00
7.827950843098028599e+01,6.359899223510367960e+00
7.829951414689911360e+01,6.348520488329508993e+00
7.831951986281795541e+01,5.858010563222576295e+00
7.833952557873678302e+01,6.337083063494526769e+00
7.835953129465562483e+01,6.183616584555653439e+00
7.837953701057445244e+01,6.658882352913286340e+00
7.839954272649329425e+01,6.734415551736308458e+00
7.841954844241212186e+01,6.339155956039082440e+00
7.843955415833094946e+01,6.341570609572441342e+00
7.845955987424979128e+01,7.005741470515557623e+00
7.847956559016861888e+01,6.609823333678313872e+00
7.849957130608746070e+01,6.728331429364922123e+00
7.851957702200628830e+01,6.067712016699999822e+00
7.853958273792513012e+01,6.196034106897020166e+00
7.855958845384395772e+01,6.221759917187963396e+00
7.857959416976279954e+01,6.157827668404053156e+00
7.859959988568162714e+01,5.943882955288840364e+00
7.861960560160045475e+01,5.602951816014494213e+00
7.863961131751929656e+01,6.373271944097168351e+00
7.865961703343812417e+01,6.271019360601313153e+00
7.867962274935696598e+01,5.667280801119559008e+00
7.869962846527579359e+01,5.916842124489194887e+00
7.871963418119463540e+01,5.909736230515795441e+00
7.873963989711346301e+01,6.114084895128368835e+00
7.875964561303230482e+01,5.677625050607272073e+00
7.877965132895113243e+01,6.044848733996221135e+00
7.879965704486996003e+01,5.850050703639237959e+00
7.881966276078880185e+01,4.823952025120396669e+00
7.883966847670762945e+01,5.561326862020908202e+00
7.885967419262647127e+01,5.821713247164884919e+00
7.887967990854529887e+01,5.027784898494203958e+00
7.889968562446414069e+01,5.599364678702275278e+00
7.891969134038296829e+01,6.166271141846184634e+00
7.893969705630181011e+01,5.812177134952015933e+00
7.895970277222063771e+01,5.762380106393548473e+00
7.897970848813946532e+01,4.926598423715012665e+00
7.899971420405830713e+01,5.230503253112033235e+00
7.901971991997713474e+01,5.850496935687433009e+00
7.903972563589597655e+01,5.841688740416214110e+00
7.905973135181480416e+01,5.528442758343312669e+00
7.907973706773364597e+01,5.233852615581569445e+00
7.909974278365247358e+01,4.679373309921126989e+00
7.911974849957131539e+01,5.744394873159559545e+00
7.913975421549014300e+01,5.386307994612272054e+00
7.915975993140898481e+01,5.755144643358311995e+00
7.917976564732781242e+01,5.067978867405328103e+00
7.919977136324664002e+01,5.164032264372954373e+00
7.921977707916548184e+01,5.284960421354626625e+00
7.923978279508430944e+01,4.781820197152171659e+00
7.925978851100315126e+01,4.802368634764254018e+00
7.927979422692197886e+01,5.255815273535122678e+00
7.929979994284082068e+01,5.221770698578062309e+00
7.931980565875964828e+01,4.709153231639939818e+00
7.933981137467849010e+01,4.517150450304972864e+00
7.935981709059731770e+01,5.026185021263001929e+00
7.937982280651614531e+01,4.577973701177105781e+00
7.939982852243498712e+01,4.550040871164692469e+00
7.941983423835381473e+01,4.516691324385861073e+00
7.943983995427265654e+01,3.516487211050510986e+00
7.945984567019148415e+01,3.930497713704759200e+00
7.947985138611032596e+01,5.030195950902704993e+00
7.949985710202915357e+01,3.781618560207773427e+00
7.951986281794799538e+01,4.710786137769981785e+00
7.953986853386682299e+01,4.199743152942861713e+00
7.955987424978565059e+01,3.933053838907002220e+00
7.957987996570449241e+01,4.370430631216116524e+00
7.959988568162332001e+01,3.438919924850659449e+00
7.961989139754216183e+01,3.604505886205092047e+00
7.963989711346098943e+01,3.373473054563720819e+00
7.965990282937983125e+01,4.025745238075592702e+00
7.967990854529865885e+01,3.909559323307266077e+00
7.969991426121750067e+01,4.146286779962958136e+00
7.971991997713632827e+01,4.320466908022746466e+00
7.973992569305515588e+01,4.563685516308347623e+00
7.975993140897399769e+01,3.682272085698830022e+00
7.977993712489282530e+01,3.287804120394349106e+00
7.979994284081166711e+01,3.540686084976634174e+00
7.981994855673049472e+01,4.070495643140223940e+00
7.983995427264933653e+01,3.277216627696298623e+00
7.985995998856816414e+01,3.581784122375370139e+00
7.987996570448700595e+01,3.763548893192391276e+00
7.989997142040583356e+01,3.848114799234569894e+00
7.991997713632466116e+01,2.801339036288925666e+00
7.993998285224350298e+01,3.239442849538855196e+00
7.995998856816233058e+01,4.078803475280452950e+00
7.997999428408117240e+01,3.638594849878644233e+00
8.000000000000000000e+01,4.071554816598169424e+00
